  3.10316
   8.2071
  2.12566
  7.22134
  11.9028
  8.32199
  1.19065
  11.8234
  2.92405
  12.8545
  1.72317
  19.8045
   6.6723
  2.37552
  1.38295
  4.65272
  10.2389
  3.59047
  21.7601
  14.2442
  17.6411
  18.1856
  15.6371
  13.9058
0.0807923
  13.4787
  19.0812
   4.7889
 0.147719
  13.3242
  4.90416
   10.997
  5.58252
  9.80145
  16.4705
  11.7996
  3.75274
   14.288
  7.19881
  2.98654
  7.38204
  2.65849
  2.70612
  18.4172
  5.48216
  8.03971
   4.7606
  14.8901
 0.249587
  3.76174
  21.4773
  18.9936
  3.64439
  6.60761
  8.03257
   19.738
  21.0323
  4.21337
   13.787
  18.2307
  5.05367
  4.91366
  1.32092
  7.33966
  3.97315
  21.4387
  6.37177
  7.55597
   6.4429
  9.21374
  5.81184
  12.4039
  14.2412
  13.8394
 0.146532
   21.509
  5.79787
  23.6518
 0.814244
  3.86864
  23.3103
  7.77727
0.0132244
  1.52134
  5.54086
  3.70187
  17.2079
  22.5753
  20.0696
  3.00942
  2.77434
  16.6869
  4.90423
  2.95105
 0.741751
  2.59921
  22.5944
 0.302844
  12.1304
  27.8762
  18.1552
  3.36174
  1.10028
  21.9116
   31.932
  20.4962
  7.96964
  17.2544
  5.88213
  7.62586
  6.68919
  1.81749
  16.3397
  33.0178
  9.40897
  7.53665
  22.3148
  12.8546
   9.6094
  13.6032
  8.55293
  15.7002
 0.631197
  15.8896
 0.494502
  3.02056
  20.3794
  21.4878
  3.91748