  10.3923
  4.10606
 0.991355
 0.266811
  3.28438
  23.9517
  16.8452
   15.716
 0.984995
  50.5199
   52.513
   35.524
  36.8995
  1.72675
  26.5701
  27.6853
  11.0864
  1.40549
  1.07413
  1.88523
  33.6745
  34.1395
   13.636
  35.4271
  35.1776
  20.1396
   15.599
  9.69116
  30.3886
  50.7569
  2.80967
  11.0565
  17.5924
  21.3337
  2.50449
    4.522
  2.63111
  14.4432
  2.45352
  6.18398
  7.60133
  4.29948
  37.2122
  17.4619
  13.7323
  4.46534
  1.40185
  4.86556
  12.3426
  1.47145
  8.71154
  1.96035
  12.8329
  8.42802
  12.5867
  27.6853
   21.245
  31.9407
  33.9011
  35.0186
  39.8906
  20.6555
  18.1575
  44.8917
  32.2812
  1.19343
0.0840645
  26.8621
  11.1932
  15.6302
  4.67181
  6.48941
  6.53734
  10.4172
  13.1895
  4.42186
  14.6385
   4.0136
  4.62497
  37.2122
  27.5487
  17.0693
  35.4252
  37.5668
  37.4846
  17.3377
  25.7889
  47.1798
  44.6928
  7.38607
  8.68691
  0.54935
  8.86809
  20.0973
  1.89792
  2.98088
  10.5662
  0.75356
  1.13054
  18.3088
 0.278784
 0.745699
  4.25049
  7.17686
   3.0945
 0.318251
  31.8374
  35.5827
  29.1744
  2.88659
  3.41848
  7.51253
  9.57838
  9.96239
  10.5665
  46.3243
  1.64186
  42.6365
  44.7505
 0.457506
  6.46696
  4.76585
  32.6163
  17.2115
  10.0826
   3.9042
   8.5229
  10.6217
  32.6646
  15.8291
  9.17519
  2.79697
  9.49604
  24.3084
  33.6197
  13.6507
    24.64
  17.4416
  6.22869
 0.946971
  14.3625
   10.234
  9.46817
  4.83919
  3.47534
  23.8612
  14.1011
  2.00049
 0.553022
  4.61644
   28.037
  1.17405
  1.08459
  30.7067
  17.3436
  10.8364
  1.57498
  5.37286
  2.37205
  1.30805
  13.9079
  2.79264
  10.2862