  5.55182
  4.06224
  2.03471
  2.86093
  15.7263
  10.7009
  1.56144
  8.26962
  3.73879
  15.9771
 0.340324
  17.0983
  12.2191
  3.47573
  7.11933
   1.1243
  8.42539
  2.03471
  13.2751
  22.9671
  11.3694
  25.5552
  2.61174
  8.30148
  10.4893
  9.73316
  6.59262
  28.7453
  24.3043
  8.02512
  22.7549
  27.8586
  2.20398
  2.20732
  14.7764
 0.880193
   13.242
  22.6598
  4.34675
  27.8505
  9.90851
 0.344451
  5.62623
  4.02888
  4.63201
  22.4491
  6.65887
  5.79119
  7.35709
  7.64436
 0.914491
  8.40754
  19.6003
  24.6378
  17.7604
  1.68333
  9.99848
  7.55254
   0.9218
  12.3841
  8.96957
  15.4525
  11.6439
  5.49168
  2.91645
 0.376084
0.0217095
  3.42678
  4.99987
  10.5645
  1.28587
 0.490829
  18.3345
  9.51672
  5.94923
  11.4428
    5.102
  15.8439
  1.10845
  7.32488
  10.2002
  41.1371
  2.52778
   2.8587
  6.71651
   11.505
  6.61871
  7.68705
  8.16875
  3.68431
  20.1511
  18.3852
  12.9907
  8.32977
  3.52755
  14.3995
 0.611652
  3.40911
  18.0594
 0.559956
  5.19699
  5.23053
  13.2149
  18.4705
 0.647634
  4.42455
  23.3694
  23.3121
  17.7599
  19.5391
  3.61001
  1.82654
  7.77956
  2.56573
  25.1713
  11.3433
  6.37247
   14.291
  7.90821
  1.33361
  15.4985
  17.0989
  7.19014
  5.41011
  12.2228
  17.9377
 0.745336
  18.1255
   12.103
 0.600137
  6.17963
  7.96717
  11.5794
0.0227281
  2.12778
  11.7509
0.0846278
  3.14575
  13.9771
  21.1865
  8.43147
  34.2519
  4.75617
  18.2427
  10.9348
  14.2575
  2.44378
  31.2338
  20.5396
   15.456
  1.45662
  13.3505
  7.57301
 0.806749
   3.2835
  2.85509
   3.4778
  14.9659
  21.6665
  5.23084
  16.5528
  12.8752
   21.739
    21.56
 0.380686
  22.3651
  11.1736
  3.30034
  1.59295
 0.649161
  7.39408
  22.3381
  26.1033
  20.4743
  35.2924
  14.9385
  21.4197
  7.36727
  1.60868
  1.95994
  1.27785
   32.147
  36.1237
  2.02048
   10.953
  19.4083
  4.42814
  10.5298
  15.1716
  12.4021
  4.05806
  2.02287
  3.72549
   22.206
   16.717
  14.8392
  22.5653
  8.69362
  37.0697