  6.63704
  4.57543
  1.41153
   1.1712
  1.32191
  5.47711
  2.73668
 0.448112
   11.627
  13.8094
  17.9826
  14.0771
  6.36702
  7.50002
  10.8869
  7.30547
   34.097
  12.5926
  0.67598
  4.21353
  37.8518
  23.4525
  37.6891
  1.36528
  0.94424
 0.274816
  7.96529
  2.24212
 0.445541
  5.11867
  7.30498
  30.9323
  28.0204
  1.58709
  3.27804
  4.30164
  4.01676
  1.03968
   13.389
  10.2022
  13.1998
  35.9805
  12.3059
  15.2797
  2.45989
  11.5533
  10.1168
  1.84915
  10.4856
  23.1948
  3.38395
  13.0353
  15.9407
 0.446482
   23.544
  20.0491
  18.9838
 0.976249
  2.00078
  4.60561
  5.32182
   24.198
  15.2283
  21.4379
 0.904015
  1.21659
  7.80901
   2.8591
  8.89716
 0.747247
 0.833927
  18.8102
  20.4754
   2.4778
  10.2235
  9.14746
  14.1611
  5.91026
0.0484103
 0.446344
  27.6488
  26.6631
  2.29019
  12.7651
   19.701
  2.07201
   12.069
  3.07871
  12.1671
  11.9827
  4.95613
  13.7717
  2.70364
  17.4947
  20.3904
  14.2956
  7.54247
 0.394474
  10.3775
  3.00539
  3.53103
  3.04648
    22.87
  5.67303
  12.5944
  3.47263
  33.1308
  16.5852
  11.0746
  7.35641
  10.3879
  9.48717
  1.85175
 0.418694
  8.11683
  10.5148
  14.4661
  3.50532
  11.4041
  24.7919
  8.14849
 0.895926
  4.77056
  14.6685
  14.3293
  0.45839
  1.11688
  6.47076
  2.72644
  2.26176
  8.78425
  8.02728
  8.62981
   9.7217
  11.3357
  13.5813
  26.2253
  5.06477
   3.6529
 0.574628
 0.956836
  5.16651
   2.4626
  2.54785
  6.17938
  1.36144
   4.0922
  6.93066
  5.47302
  8.57918
 0.104246
  40.4011
  9.22435
  2.70904
  4.26064
  10.8959
  1.33973
     3.21
  8.07491
  36.6554
  7.95898
  1.26041
  6.49231
  3.58226
  1.71934
  13.7853
 0.834718
    14.63
  9.05117
  11.0132
 0.350553
  12.8273
  6.14094
  9.00927
   6.4104
  10.1836
  2.47918
  20.9552
  8.39796
  5.13349
  9.35191
  11.8156
  5.13934
  25.8558
   4.4957
  3.25557
  1.74571
 0.247534
  4.29587
  5.59178
  11.9126
   2.2256
   12.888
  4.78875
  4.37555
  8.73944
  25.6927
  18.7215
  8.46397
  7.98809
  26.2515
  11.6603