 65.9801
 77.5291
 85.4923
 75.0336
 73.7557
 74.0805
 67.9644
 63.5484
 72.5974
 75.4022
 74.9246
 70.2855
 75.0321
 77.7509
 75.7735
 76.5103
 61.5788
 53.3385
 66.8724
 70.7624
 49.1687
 47.2123
 70.1173
 80.1763
 88.3232
 76.0501
 73.8823
 81.6271
 51.5673
 61.0898
 77.3223
 44.4523
 72.2321
 58.4595
 73.2596
 73.7396
 66.8126
 75.9737
 58.6961
 63.1431
 61.8472
 53.3578
 48.0336
 61.3632
 65.5761
 71.1356
 72.7582
 78.1498
 45.7511
  58.067
  64.527
  46.354
 67.7291
   78.92
  75.239
 58.2566
 71.7181
 79.3424
 47.6596
 50.2362
 63.7039
 64.6639
 66.7443
 62.4829
 10.4156
  2.8757
 0.93403
 9.18168
 18.5744
 79.3231
 62.9672
0.266628
 20.3725
 1.36602
 1.77508
 11.8415
 9.78554
 8.85108
 2.75076
0.207187
 4.45615
 1.61401
0.470923
 14.1688
 3.24836
 1.54265
 1.45175
 7.13856
 1.73895
 4.20204
0.334097
0.277534
 5.53629
 8.99001
 9.21476
0.725916
0.450443
 5.05691
 1.50751
 6.06412
 1.97176
0.819457
 5.50501
 1.16483
 48.6774
0.532806
 6.29067
  45.157
 1.63438
 5.70828
 6.38962
 2.61077
 1.03599
 8.62977
  6.8805
 0.44399
 2.15049
 18.0735
 5.94778
 2.13047
 48.8006
0.380167
 7.23899
0.878011
 7.07028
 3.70075
 13.1881
  12.128
 8.93097
 8.77508
 61.2961
 1.52885