 55.207
64.1434
86.7595
84.0576
54.5521
37.1799
68.2821
72.4091
26.8786
40.5078
69.6007
72.0477
67.9557
79.1657
78.4785
57.4427
 60.746
54.8681
20.7281
83.2368
59.7253
58.5517
58.8273
60.8063
60.3341
68.3237
64.7221
88.7943
 47.014
46.8285
42.5955
55.6491
65.1735
59.6418
55.3646
 58.802
59.2563
 65.703
45.2058
70.6896
65.7586
49.5905
40.5352
83.1572
 18.922
 46.409
36.8492
70.3558
6.39442
11.9403
72.8412
39.8322
66.3641
54.6463
54.4753
53.2363
52.5133
56.7051
53.2659
58.5517
60.3341
63.7479
68.3237
87.0309
34.9319
66.2678
42.2551
48.2752
63.9434
57.1998
52.3634
 57.586
67.6891
68.2821
83.8565
73.6583
77.7427
 18.922
78.0741
 37.194
20.5556
 78.372
59.0576
 46.271
34.7339
68.5298
59.3082
87.0317
22.7002
44.2727
58.9395
34.1777
45.0028
49.2017
48.1022
58.3718
62.9531
73.8115
68.2821
 58.891
 48.169
89.6472
73.6583
43.7718
81.1882
47.3593
32.8362
39.1182
66.8249
57.8834
61.8706
58.3297
52.7666
38.0408
24.8786
42.7643
37.1939
65.7021
 58.891
16.1336
78.6183
47.8032
 85.068
 52.669
59.3082
72.5582
63.3723
 56.064
72.6283