  52.0198
  64.3972
  8.56482
  12.4627
  3.32758
   7.3451
  37.1284
   55.979
  12.2475
  19.5477
  14.9119
  16.6775
  3.91838
  38.5793
  37.1396
  45.0377
  5.24238
  20.8047
  27.4138
  4.22313
   22.829
  7.41329
  22.0885
  5.49489
  31.2299
  52.3037
  57.5734
   30.446
    22.77
  13.8594
  48.4652
  8.67413
    23.38
  28.5898
  3.31804
  48.8486
  22.0432
  15.1348
  40.2727
  1.52559
  25.8949
  8.27401
  58.2029
  25.7577
  16.2495
  5.20373
  10.7956
  6.07917
  27.6644
  24.6575
  30.8504
  1.95545
   22.593
  21.7713
  23.3729
 0.795462
  19.8447
  23.3762
  23.7102
   19.738
  24.3634
    55.69
   23.696
  17.4978
  4.81381
   25.296
  29.4778
  20.0246
  16.1208
   12.959
  16.1034
  50.5116
  22.0994
  23.6524
  23.7412
  26.2635
  9.14202
  1.50718
  24.1299
  4.40974
  13.6699
  19.8404
  6.66061
  31.3235
  2.07536
   2.1555
  19.9555
  42.9879
  8.28088
  13.0814
   12.171
  13.6188
  8.88852
  2.70132
  24.4132
  42.8088
  7.69325
  28.8579
  3.57278
  5.03063
  1.25933
  13.5419
  10.2173
  3.85361
  1.61371
 0.733233
   17.646
 0.493552
  2.94464
  20.5099
  57.8107
  15.9068
  16.9948
 0.676348
  16.9972
  19.5813
  10.9051
   18.455
   15.323
   11.529
  1.81391
  7.29954
  20.5674
  6.70458
  19.5097
  5.09184
 0.408291
0.0693573
  27.0941
   4.6261
  15.7646
  15.2705
  25.4185
  17.8258
  7.02138
  13.8739
  23.8918
  1.27013
  16.9241
   10.497
  17.4798
  12.2734
  34.1849
  30.8345
   8.6936
  10.4103
  14.7861
   11.729
  41.0463
  18.3488
  9.61626
  15.4869
  2.18149
  46.5752
  16.4967
  17.7672
  6.58005
  9.64509
   6.8629
   11.553
  22.6023
  44.8386
  9.12369
   27.117
  25.9489
   13.842
  19.4952
  17.4671
  16.9399
 0.939155
 0.281334
  39.4635
  42.7436
  15.0611
  3.45696
  6.11272
    37.21
  27.0982
  43.0359
  27.1945
  14.4631
  22.1022
  1.16194
  19.3995
  19.6368
   21.407
  36.1585
  17.9312
  27.6237
  38.6991
  10.0582
  13.1506
  46.8257
  41.5934
  15.3059
  23.7752
  21.1743
  34.4161
  42.0875
  40.8413
  27.9666
  12.4065
  13.7087
   3.5437
  18.2696
  30.0793
  26.6239
  20.4433
  34.6477
   41.929
  54.2385
  34.6886
  31.0556
  40.2495
  27.5393
   35.608
  30.1306
  13.4716
  44.3591
  15.1377
  8.16157
  11.7733
  16.2743
  12.0435
  44.7238
  8.74913
   36.324
  47.3669
  26.7656
  53.9997
  8.84552
  35.2145
 0.538514
   13.479
  8.83129
  20.3958
  40.5131
  49.8508
  24.1589
  7.76842
  10.5434
  2.03188
  27.1537
  11.9157
  19.9284
  3.57855
  48.2902
  32.0642
  42.7063
  33.3299
  46.8751
  60.0671
  48.1752
  12.6703
   12.198
  9.88681