  7.57603
  2.13714
  12.3751
  3.31174
  8.02415
  9.72238
  11.1308
  1.48294
  3.24275
  9.49562
  8.68355
  13.1436
  11.1653
  11.3845
  8.22306
  11.5224
  28.7115
  2.85867
  6.09765
  1.12927
  10.1476
   6.4452
  1.16187
  6.50437
    7.737
  21.3139
  1.21924
  10.9742
  9.24698
  1.61893
 0.732696
  8.87097
  3.82324
  11.0081
0.0288214
  6.92817
  19.7269
  7.27768
  9.71012
 0.813151
  11.2347
  2.73742
  11.0653
  7.35672
  2.02767
  1.10773
  4.85752
  12.0628
  2.31039
   30.442
  2.17492
  11.6613
   2.1533
  1.32882
  7.07641
  1.47942
  1.19068
  3.10127
   6.9233
  2.89506
  1.13242
 0.945877
  5.36555
  15.5789
   3.5047
   23.066
   6.8082
  2.84507
  11.1913
  15.1164
  11.8944
  1.62628
  9.22493
  25.0464
  2.74917
  8.93417
  7.06461
  2.04015
  5.43562
  21.6768
  11.0334
  16.7422
  14.1138
  1.98925
  5.36922
  2.43099
  14.8753
   12.969
  16.8189
 0.955953
  10.1096
  11.8113
  7.56239
  3.67494
  2.47926
  7.12683
  11.0958
 0.140992
  11.8782
  7.65974
   2.0937
  4.20354
  3.46185
  2.75559
   3.2663
    12.42
  1.86154
  17.0147
0.0188568
  9.37263
  7.26168
  1.69991
  47.9068
  23.9696
  59.5677
  52.3589
  52.4975
   29.963
  44.7334
   7.8558
  0.56566
  6.76893
 0.211722
  62.5181
   54.403
  56.1518
  31.7796
  38.4795
  62.4839
  60.0166
  49.7106
  54.0003
  48.5277
  51.3185
  59.4947
  51.6246
  49.6493
  64.9386
  64.5358
   65.745
  51.5607
  50.9791
  40.0047
  17.9962
  60.6433
  53.8171
  63.6666
  69.9585
  65.2199
  53.1408
  61.5107
  46.7683
  57.2524
  50.0566
  51.2653
  43.0841
  26.2871
 0.151913
  7.71833
  54.9764
  42.0146
  47.8546
  54.8076
  67.0536
  69.8823
  62.6289
   59.783
  32.1112
  25.3499
  63.5913
  65.8316
  47.2691
  46.8186
   55.549
  5.60151
   58.593
  31.5575
  39.8971
   5.6345
  46.1591
  32.8643
  16.4126
  4.65973
  4.36432
  26.9161
  51.1239
  2.97188
  10.8585
  16.5638
  0.72759
  66.7918
  66.4583
  72.5763
  4.79924
  50.5319
  42.0257
  63.2601
  20.2856
  51.1336
  60.2523
  18.3178
  15.2902
  11.6719
  52.3645
  62.1381
   15.688
   56.752
  63.4565
  41.7006
   66.932
  67.4494
  58.1206
  52.6296
  46.6016
  9.57827
  20.4576
 0.654808
   63.389
  62.6158
  54.5009
 0.574405
   60.595
  26.6597
  7.57088
  11.6234
  45.8693
  45.5581
  43.5236
  6.08596
  29.2622
  34.6823
  52.6289
  29.6597
  53.9331
    51.27
  9.06787
  1.71128
   51.255
  50.9381
  23.0109
  45.6415