7.34249
14.9878
20.9415
 21.566
23.5952
23.7683
24.5888
25.1326
27.1766
28.8706
30.8604
31.0361
31.8064
37.5444
38.9469
40.2023
40.3511
41.0403
43.1749
43.4046
44.0666
44.4691
44.4746
44.9091
45.5343
45.6122
46.9103
 47.497
47.6509
47.9207
48.1172
48.1403
48.8058
49.0971
49.3276
49.7882
 49.842
50.2712
 50.722
50.8496
51.2276
52.1893
52.6148
52.6603
54.3222
54.3758
54.5362
54.7099
  55.16
55.6354
55.8433
55.9294
 56.146
56.2681
57.4419
57.4436
57.8453
58.0839
58.3198
58.8819
 59.076
59.3383
59.3904
59.4657
59.4943
59.9459
60.3209
61.0725
61.9375
62.0631
62.5037
62.6226
62.9577
 64.232
 64.607
64.8822
64.9723
65.0284
65.3768
65.9991
66.2199
66.3433
 66.735
67.4886
68.1057
70.1479
70.3488
71.0967
72.3678
74.1219
74.4705
74.5425
75.3618
75.8684
77.1374
77.2078
77.2374
78.1825
78.3427
78.8404
80.4297
80.4332
81.0617
81.2356
82.4695
82.4763
83.4321
 83.726
 83.742
 85.012
85.3346
85.6968
85.7895
 85.924
86.1051
86.7617
86.7834
86.8436
87.2033
87.6662
87.7387
 88.006
89.4809