   2.6423
  5.62404
  1.45098
 0.583031
  13.5609
  13.5539
  11.1999
  5.51783
 0.331656
  5.90896
  4.71187
  11.5898
  11.6748
  4.04129
  3.98623
  6.30392
  3.82596
  4.88736
  5.03425
  9.97969
  21.5061
   32.128
   17.466
  15.8945
  7.35011
  23.9872
  6.59576
  7.04017
  13.9023
  15.8213
  21.1196
0.0891284
  3.87545
  13.3112
   6.4318
 0.204779
 0.066956
  13.2106
  2.41409
  1.36175
  6.76908
  7.79282
   1.6328
  2.89798
  3.35198
  20.7413
  15.8945
  21.4809
  8.05095
  23.1015
  13.9406
   1.6689
  9.94811
  6.26084
    3.941
  9.67544
   19.396
  2.76672
  6.16394
  2.63859
  3.05535
  26.3363
 0.600237
  24.1056
  5.05888
  3.34309
  25.1987
  3.39209
  17.5983
   6.9498
  4.38682
  20.0623
  17.2894
 0.962406
  6.05921
0.0209328
  3.08955
 0.462547
  9.58928
  18.1931
   1.5612
  12.2437
  14.5798
    20.91
  1.48296
  3.78551
  9.53401
  7.62122
  10.6434
  8.15679
  20.2087
  6.10139
  1.15962
  1.85472
  24.3465
  0.82002
  10.3951
  6.72439
  2.83027
   3.8097
  1.86992
 0.295929
  8.70748
 0.901899
  6.97638
    14.12
  18.3258
  13.9392
  10.5583
  17.0867
  6.37806
 0.940079
  5.71168
  10.0151
  18.7595
  19.9122
  9.37178
  26.8782
  6.35546
  5.56377
  2.99975
   2.9333
  16.8546
  11.8183
 0.252273
   9.1733
  21.6305
  3.06197
  8.72477
  3.85498
  6.37847
  4.58567
  18.6095
  4.47697
  21.9775
  13.9394
  5.96239
  18.6377
  19.1904
  17.4413
  1.50137
   14.167
  16.5762
  4.17729
  10.3093
   9.8901
  4.03143
  7.75525
   2.8382
   19.866
  19.1239
  8.00556
   15.401
  10.2017
  8.75834
  15.2512
  19.1435
  4.74736
  22.5972
  6.17365
  2.97955
  18.8468
  9.96241
  21.5665
  17.5126
  7.57994
  4.39523
  10.1036
  11.3255
  25.0431
  14.6624
  10.3267
   21.051
  17.4995
  15.8988
  9.88331
  11.8821
  2.61484
  4.87982
  5.12269
  2.61598
  5.61102
  16.7711
    10.43
   10.345
  8.77833
   1.6582
  21.2525
  4.67816
  6.45697
  6.29335
  6.19856
  10.1568
  11.7232
  22.5739
  22.0325
  23.1501
  13.7029
  23.5588
  1.26381
  8.99406
  9.16736
  8.12885
  5.07329
  4.05767
    18.21
  13.6073
  4.40547
  24.4896
  10.7013
  17.4468
  14.6568
 0.287483
  23.1918
  16.4641
  9.11679
  12.0489
  13.3746
  12.0211
  7.73978
   22.243
  9.76296
  5.99808
  11.8436
  1.23623
  19.8233
   21.889
   8.1436
  11.8624
  18.4752
  5.33647
  10.0587
0.0928824
  6.36402
  9.21847
  18.5932
  18.8041
  6.03905
  4.44831
  15.5732
  7.00097
  1.14496
   1.4563
  9.40828
  12.9595
  13.0026
 0.962498
 0.425042
  9.49783
   7.2857
  18.7687
  16.2258
  1.20567
  28.6302
  3.69186
  17.5843
  9.98989
  1.36582
  5.91276
  10.3613
   13.564
 0.492534
  7.79536
  14.0391
  15.8081
  12.0061
   1.7786
  3.42937
  16.9021
  7.04905
   14.655
  14.9318
  4.58946
  3.54593
  10.4076
  18.2066
  16.8703
  5.08529
  9.49701
  7.96596
   6.1721
  7.48295
  9.21518
 0.195646
  7.61999
   8.0114
  1.31413
  19.5802