  22.912
 13.4746
 11.1661
 26.5421
 28.2633
 39.7484
 40.0041
 31.6915
 30.2653
 41.6449
 21.8074
 27.6791
  28.795
 15.6813
  15.833
 29.9331
 9.49039
 4.80989
 21.4769
 2.71522
 47.4759
 15.7312
 17.9727
 32.7169
 41.0096
  13.714
 6.25994
  12.589
 11.4446
 14.8547
 1.97526
 22.4232
 12.3184
 1.05939
 44.1436
  3.0683
 7.75552
 28.5738
 21.6039
 19.9918
0.166283
 15.0272
 26.6554
 18.7843
 10.7833
 14.9635
  39.469
 32.9763
 33.7179
 15.0631
 17.9782
  32.515
 38.7073
 32.7164
 19.5148
  13.714
 13.4712
 14.9138
 18.2123
 23.3466
 4.64117
 20.7328
 39.8234
 36.7497
 18.3396
 16.6897
 41.0019
 26.3581
 27.6296
 26.1717
 50.0697
  32.827
 20.7261
 11.1833
 15.2871
 17.5856
 8.21175
  8.4967
 33.9706
 5.52774
 28.6283
 17.0234
  9.9082
 7.92312
  5.5542
 8.80077
 12.8197
 14.7935
0.321073
0.391275
 33.1554
 13.7365
  31.311
 32.6321
 25.8468
 36.9072
 9.00927
  5.3736
 11.9468
 12.0707
0.643328
 40.9331
 22.7166
 26.3726
 13.1204
0.705228
 4.91563
 29.3983
 8.26091
 10.9338
 37.4349
 11.1397
 11.3555
 9.21385
 34.6997
 33.6449
 12.1252
 3.48364
  19.454
 39.8767
 26.9974
 22.2903
 33.0289
 7.01371
 13.9592
 8.64192
 21.6342
 1.12793
 7.66305
 1.19419
 18.3625
 6.31931
  3.7555
 20.4252
 2.79042
 9.93455
 14.3373
 38.4844
  17.353
 14.1269
 24.6754
 40.1369
   41.13
  37.905
  10.789
 16.7168
 6.61975
 16.3285
 14.0227
 9.80093
 30.5968
 15.7585
 8.07543
  2.7004
 27.5547
 27.0578
 11.4226
 19.0381
 26.0717
 32.9182
 38.6755
 17.1098
 4.34527
 21.9341
 1.51609
 6.49319
 7.59011
 21.2411
 4.24059
  28.265
 16.1003
 33.3328
 11.0359
 16.6432
  0.9422
 4.06702
 1.55522
 11.6822
 12.2775
  23.289
 30.9236
 12.5855
  4.6284
 1.63017
 32.3504
 33.5677
 26.1542
 11.7886
 27.2026
 7.11785
 34.6322
 32.4157
 20.5717
 12.0801
  8.6498
 5.51093
  37.157
 13.4803
 34.9534
  20.726
 2.37591
 36.2074
 15.2479
 8.47678
 6.47836
 6.25802
 31.4105
 29.2457
 27.7475
 9.53697
 33.4236
 16.4312
 3.20338
 22.8963
 15.3842
 2.06716
 34.2554
 13.6965
 34.2039
 32.3874
 29.4201
 18.4991
0.328139
 28.5962
 17.9039
  17.785
 26.8625
 12.9661
 11.4148
 12.0933
 3.00613
 5.43977
 33.3481
 16.7535
0.465828
 27.8467
 16.5529
0.160468
 17.1634
  20.501
 7.69335
 11.1287
 30.1841
 29.5382
 21.6655
  27.433
 14.1949
  35.611
 1.54586
 9.60648
 60.2937
 4.77458
 13.6568
 17.5242
  5.4217
 5.34912
 14.4168
 15.8873
 9.81749
 9.89603
 36.3055
 36.1385
 23.6905
   30.81
 32.9029
   4.747
 4.01637
    6.02
 6.13469
 3.86845
 3.52635
0.880359
 21.9204
 6.26219
 7.95828
  4.4841
 22.4218
 16.5484
 30.0939
 9.43187
 8.92612
 14.7591
 40.7126
 19.3638
0.320086
 11.1387
 21.9482
 7.72693
 20.7071
  6.9655
 10.1276
 2.27812
 8.28495
 16.7889
 11.0166
 24.4124
 3.48283
 5.14688
  7.0005
   43.67
 5.96497
 10.8386
 18.6947
 11.6595
 9.19998
 21.0926
 4.39798
  6.5372
 18.3974
 2.13065
 1.74673
 4.25309
 17.7388
0.712285
 12.9882
 9.68498
 23.8646
 12.9205
 9.03039
 7.35761
0.885733
 23.0412
 12.6374
 12.2735
 13.1064
 11.8535
 19.4104
 61.9495
 8.80974
  19.379
  6.3814
  33.368
  6.2416
 21.3517
 4.21713
 7.30632
 11.8812
 6.95464
 3.27522
 7.45041
 13.7403
 1.83532
  21.977
 7.08013
 7.27163
  1.9617
  1.6629
 13.9667
  22.797
  8.5744