   6.06799
   22.2061
   16.3442
   4.45798
   11.4883
   19.7481
   5.89859
   11.5038
   25.4423
   14.4692
   19.4064
   7.82907
   8.48613
   19.8119
   9.66733
   5.08915
   6.17489
  0.974532
   3.35814
   10.1357
   7.02736
   17.9451
   12.3464
   5.09783
   2.51777
0.00521691
   1.04286
  0.184767
   4.98623
   2.31795
   23.5065
   22.8488
   5.05675
   7.85583
  0.358859
   19.0473
   9.42144
   19.9953
   14.1722
   6.05621
   2.33514
   19.5417
   25.1552
   20.0171
   15.0989
  0.747167
   6.17201
   2.34974
    6.2646
   20.4792
   16.1194
   1.57163
   4.27122
   10.5932
   7.60511
   8.06573
   13.0809
   15.3216
   3.09433
   23.8673
   21.8156
   6.74163
   12.2767
   22.9142
   5.89614
  0.532322
   22.4261
   3.87964
    12.836
    12.473
  0.596213
   8.87257
   1.17205
   4.85033
   5.89363
   3.17652
   11.3499
   2.61213
   7.86054
   24.6305
   22.8368
    23.525
   8.39734
   5.75746
   25.5242
   4.44443
    29.462
   7.90605
   12.9319
   4.01903
   5.25727
   10.0697
   16.2928
   10.5804
   1.04926
   9.01296
   6.60774
   17.3384
   26.5251
   32.8031
   33.5608
   10.3276
   13.8027
   2.92921
   13.3294
   23.1045
   13.5227
   15.3045
   1.82826
     12.22
    33.159
    15.582
   30.8943
   23.2479
   11.6389
    27.892
   16.4607
   27.2594
   21.6104
   11.9594
   4.52346
   19.4845
   6.87716
   16.0682
   31.9214
   12.7559
    19.452
   1.95274
   20.5549
   0.77117
   21.2942
   12.0339
   14.9993
    8.7643
   12.3391
  0.439144
   8.12063
   24.6237
   25.2478
   2.67921
   2.35415