 44.2472
 2.16675
 4.85845
 2.92901
 10.3449
 7.09042
 9.03967
 4.31189
 4.97858
 5.33135
 3.85604
 9.38957
 10.0288
 5.63278
 8.32759
 12.5055
 11.2454
 1.39094
 0.79258
0.485454
 3.76675
 4.21079
 4.54679
 1.53378
  1.1762
 4.72254
  2.2626
 2.06468
 2.66375
0.532851
 1.09401
 2.43965
 9.99647
 3.51062
 6.15432
 10.3044
 3.78221
 2.84762
 3.70885
 3.01678
 1.28048
 2.76065
 7.69132
  3.0006
 4.15968
 2.14905
 3.47656
 3.03742
   5.684
 2.22744
  9.5314
 9.53376
0.122747
 2.92788
 2.48222
 6.53527
 0.72773
 7.48318
 3.69406
 0.42677
 4.41515
 7.45574
 4.29326
 1.67334
 5.14747
 1.34505
0.294295
 1.90315
 2.09979
 3.65115
 2.27834
0.968966
 3.97452
 5.65212
 8.65268
 8.62758
 13.5902
 12.6407
 12.4919
 2.47904
 6.57859
 1.04983
  2.8341
 1.28321
 2.96085
 9.96547
 1.41259
 10.4489
 11.8434
 5.54991
 7.62172
 3.31709
 2.37499
0.567564
 1.04983
  5.1419
  6.1251
 5.97388
0.404189
 2.25024
0.219375
 1.74449
0.533935
  5.0804
 3.57841
0.816552
 1.14771