 24.8064
 20.4379
 18.1283
 4.50035
 5.14626
 20.2965
0.558093
 10.6598
 7.98453
 11.6098
 9.38423
 2.99008
 11.4262
 2.97443
 12.0368
  4.2974
 5.81172
 3.13822
 21.6715
 34.8391
0.964293
 14.1866
 15.2757
 1.25136
 16.4474
 18.4297
 2.78804
  4.2959
 3.39407
 3.29558
   14.07
 10.2827
 3.63929
 2.81391
   18.09
 14.1872
0.611204
 2.27709
 14.9511
 2.24924
 6.98492
 17.4407
 13.8273
 14.1454
 12.8092
 3.56157
 11.7759
 24.6906
 21.0554
 15.9364
 5.90451
  1.3576
 20.5325
 36.1363
 2.11871
 36.3015
  32.424
 6.95494
 2.74246
 3.65538
 6.35494
 4.16136
 13.6294
0.631135
0.231409
 11.4666
 12.6334
 2.49235
0.988075
 17.6472
 12.0335
0.182326
 31.6932
 2.32744
 2.71047
 6.78307
 21.1074
 19.4839
 25.0902
 30.5109
 8.07377
   3.652
 7.97383
  3.5961
 30.9222
 17.4242
  2.9287
 4.61764
  7.4366
 3.31243
 2.62679
 34.1965
  18.619
 14.5297
 18.4624
 15.5025
 9.91914
 11.4165
 14.8901
 1.07099
 29.0853
 32.1142
  25.056
 15.5857
 16.9504
 29.2954
 20.1389
 23.6116
 9.32609
 19.7216
  10.947
 37.4254
 8.25454
 20.2115
 8.47178
 6.93148
 1.07575
 1.45578
 34.5694
 5.49089
 23.5474
 25.4779
 12.3287
  12.296
 14.2208
0.292419
 14.6036
    36.3
0.712724
 15.1354
 23.1923
 24.1579
 32.9999
 3.64322
 21.6744
0.942629
 4.76512
 37.2501
 4.94354
 1.48063
  3.2676
 23.5582
 41.8175
 10.6252
 8.38116
 33.3507
  22.946
 34.0965
 3.99924
 18.1099
 12.8482
 5.57511
 23.4115
 25.2976
 12.6611
 24.2879
 12.4974
 10.0748
 7.44357
 12.8341
 5.01322
 7.59999
 2.20828
 3.87561
 11.8024
 17.3958
 22.8693
 2.72855
 24.4338
 26.7692
 59.2937
 38.2168
 58.5285
 60.8523
 9.77196
 53.6228
  46.587
 13.6844
 2.34616
 20.0536
 43.2467
 60.8335
 27.6063
 56.8282
 62.4646
 45.9116
 45.0088
 52.9133
 58.8268
 68.1015
 80.1523
  42.252
 55.4786
 37.8297
 77.7621
 60.1506
 65.6402
 65.7849
 6.20593
 72.8856
 52.9049
 54.1772
 53.0038
 38.9818
 32.2965
 28.8764
 54.0779
 55.5616
 36.6016
  58.581
 36.5854
 60.2332
 39.3718
 57.0029
 61.8855
  25.563
  20.034
  26.305
 77.0345
 56.7362
 57.8654
 48.5682
 46.8792
 27.1802
 1.83233
 78.4464
  49.308
 63.9585
 38.7554
 80.6172
 71.1862
 31.9685
 61.6914
    4.88
 52.4168
 64.3211
 28.3472
 76.0817
 76.1186
 52.8864
 78.9213
 51.8712
 49.3471
 32.3747
 47.3914
0.432567
 53.6477
 7.06385
 56.8406
0.194097
 55.4409
 56.2704
 39.3181
  32.812
 64.9188
 34.5839
  66.954
  1.7106
 56.2685
 67.4171
 6.76875
 5.09691
 8.42938
 16.5335
 12.9606
 19.9425
 20.9101
 14.0344
 36.5179
 36.2077
 59.2258
 53.8893
 3.65107