  7.39831
  6.71563
  15.2481
  1.23611
  32.3702
  6.99071
  1.09579
  4.20303
  16.7607
  23.8429
  6.52544
  9.14398
  16.2202
  13.9357
  2.94276
  3.68754
  5.41263
  15.2481
  29.1968
  5.37475
  15.8132
  24.1523
  8.82893
  9.46564
  15.1514
  9.40384
  3.34938
  22.6216
  1.16127
  21.7799
  25.6106
  1.85456
  1.10882
  19.2446
  1.53986
  28.4026
  24.1235
  10.9435
  25.5353
  1.08385
  4.74728
  7.14897
  9.64702
  10.0898
  30.6853
  2.09204
  11.0003
  1.25717
  30.2997
  22.2011
  12.2693
  2.43002
  17.9784
  16.1342
  35.4401
  14.9706
  5.38229
  5.44239
   10.162
  6.18293
  2.74246
  9.08703
  15.3338
  8.41076
  1.55632
  5.07777
  7.36602
  3.40607
  22.7719
  8.70505
  16.4803
   5.0792
   5.3562
  7.00813
  2.16426
   8.2409
  35.9714
  5.59699
  20.2782
   6.9514
  8.56098
  1.24696
  8.04707
  6.46522
  4.90967
   10.387
  16.0913
  4.84308
  12.8748
  25.3298
  2.02019
  7.70501
  21.9901
  7.55795
  15.2507
  7.29285
  2.15004
   23.997
  22.7356
   13.593
  12.1443
  5.89774
  24.2822
  16.4263
  3.32454
  8.12326
  3.30988
  15.2795
  4.35065
  38.1007
  6.96563
  7.40716
   15.117
  1.29187
  4.43191
  16.4343
  11.5016
  5.54432
  25.4297
  8.23681
  0.50035
  26.0357
   35.545
  13.0489
 0.198051
  11.9649
  2.38459
  9.58322
  9.82863
   28.915
 0.428881
   6.6107
   15.237
  27.8974
 0.538115
   11.391
  36.7065
  6.40803
  2.86051
  29.9431
  2.82295
  14.1523
  1.24282
  2.89802
  4.80152
  1.83931
  10.6569
  13.4711
     28.6
  3.30763
  2.82674
  12.5562
  28.1369
  9.96393
  10.9206
   12.064
  3.75446
  10.9908
  23.8659
0.0641369
  9.25633
  14.5996
  18.4897
 0.953721
  17.8893
  9.85249
  12.3196
   35.268
  5.09694
  5.42611
  26.0216
  2.61022
  22.2354
  4.01977
  1.57525
  10.2353
  18.9712
  19.6734
  26.5388
  31.2974
  2.45355
   33.465
 0.125744
  23.5151
  10.3705
  5.41441