  21.295
 15.6359
  3.6648
 1.28298
 11.6941
 2.23777
  6.9528
 11.6536
 7.01674
 25.5443
 16.7741
0.674309
 8.84303
 22.6879
 63.4273
 43.8082
 1.94504
 3.65374
  8.7428
 28.7379
 3.01487
 13.0883
 63.4273
 63.3197
  11.673
 1.25081
 16.6431
 72.2674
 63.5667
 64.8531
 59.8112
 1.14912
 10.9504
 17.7897
  17.045
 19.1267
 6.32041
 9.95436
 1.00474
 2.08478
0.272081
 34.3344
 6.37377
 7.94889
 21.1344
 1.73262
 15.2787
 9.01603
 15.3479
 16.3232
 13.5996
 1.09521
  6.5054
0.855101
 9.37875
 3.26149
 13.4388
 2.29312
 19.2914
 7.60564
  15.079
 13.5392
    28.7
  5.2954
 1.12822
  1.7064
 3.02617
0.808165
  80.046
 16.4408
 20.5298
 7.84699
  9.7766
 7.08275
0.941452
 13.1123
 56.0657
 6.49614
 11.8566
 44.1515
 28.9437
 9.37382
 14.0453
0.145934
0.198602
 1.77669
 8.31746
 63.1406
 13.7146