0.0187358
  22.9482
  28.0545
  1.10345
   5.8385
  18.5492
  5.32491
  7.34942
  20.4204
  15.6031
  5.57105
  20.9021
  3.92733
  4.43002
  3.65201
  5.37154
  12.8126
 0.894234
   1.4317
  2.13831
 0.320524
  7.45862
  6.79741
  7.44166
   4.0501
  5.33977
  2.04658
  13.0659
  20.4773
  22.0424
  18.6602
  8.09674
  12.3671
  9.34422
  14.3745
  21.6545
  15.9438
 0.911713
 0.876117
  10.0403
  1.47859
  4.30517
 0.676318
   3.0472
  6.44001
 0.914565
  7.04125
  12.1887
  8.48159
  14.4367
  12.9392
   7.3585
  6.31243
  11.9189
  6.35944
 0.626974
  2.54524
  7.45754
  10.4341
 0.165401
  4.34764
  10.0184
  2.56692
  2.84381
  6.32594
  22.9729
  24.4237
  4.80646
 0.661433
  21.8678
  6.02915
  5.52743
  12.7669
  9.28113
  6.86012
   24.593
  1.18461
  12.0066
  5.14985
  2.45445
  3.11457
  4.06212
  7.30708
  9.45446
  13.8755
  9.67779
  10.1138
  13.5661
  6.55793
  7.95134
  2.41225
  21.5002
  21.6886
  22.6221
  6.67376
  5.81911
  8.50176
  1.94471
  2.91912
  22.5717
  7.51175
  19.6936
  1.85164
   3.7115
  6.06344
  6.73812
  12.4484
   12.041
  1.87363
  12.8523
  7.57136
  5.49186
  9.76495
    6.488
  23.4097
   6.7635
   14.176
  14.0481
  3.99535
  9.06548
  26.6047
   23.128
  22.1343
  12.3903
  4.44817
  18.3121
  12.0165
   14.225
 0.538803
  5.51291
  8.03101
  14.3564
  10.0762
  7.66619
    9.785
  1.84321
  26.6239
  5.56719
  5.70348
   21.136
  9.65575
  8.01553
  2.34811
  10.0281
  14.3181
 0.967493
   1.6078
 0.861307
  9.29558
  20.6976
    14.28
    9.785
  5.19202
  27.3209
  15.6655
  13.6259
  10.1717
  18.0262
  6.99537
  11.6319
  7.46793
  9.93871
  14.4885
  1.48298
  8.67941
  5.38488
  9.36546
  37.3531
  10.4984
  9.91652
  9.78827
  12.3739
  2.10134
  10.7013
0.0486039
 0.953779
  1.13165
  13.2019
   1.3957
  28.7876
  9.44922
  3.46067
  16.1542
  6.32874
  2.92887
  5.88025
  3.95476
  11.7462
  5.35714
  11.5547
  21.6096
  21.0558
 0.128891
  24.9214
  5.46467
  38.5364
  2.81354
  1.74749
  4.79525
  14.9354
  2.91609
  12.7303