   0.23981
   2.14152
  0.152625
 0.0883507
 0.0278961
 0.0100095
   1.35438
   3.45847
   3.44825
   2.81017
   0.53693
  0.238242
  0.127488
  0.468112
   0.37252
  0.438262
  0.541553
   3.33869
   3.30118
   3.90612
   2.75929
   3.33103
   3.08839
   2.12755
   2.26581
   2.16628
   2.73941
   3.64979
   3.07195
    2.9325
  0.351865
    2.6933
   2.65712
    4.6524
   4.82837
   3.75064
   3.76044
   2.86404
   2.99146
   2.88378
   3.57006
   3.58617
   3.44904
   3.30722
   1.03176
  0.584153
   4.95718
   3.17999
   3.22731
   3.35334
  0.428249
   1.54153
  0.404091
  0.403749
  0.909468
  0.250513
  0.535625
   0.14869
  0.734606
   1.24355
  0.449497
   3.23706
    2.5478
  0.677989
   1.78485
   1.88989
   2.27121
   1.19601
   2.84159
   4.62457
    1.1469
   5.98625
    5.5681
   2.17394
   2.41794
   2.59188
  0.990594
   1.03653
   2.97841
   2.75664
   4.02498
   2.52916
   5.37115
   4.11104
   6.59768
      1.22
  0.506801
   4.13419
   5.18169
   3.77848
   5.10857
   4.49936
   4.71127
   1.57458
   3.29002
   3.44294
   2.98291
   3.40285
  0.162328
  0.690504
   2.44233
   1.73606
  0.804795
  0.102188
  0.808833
  0.577414
   1.47772
  0.806685
   3.60212
   4.45771
   4.78042
   3.17281
   4.51352
   1.83721
  0.952573
  0.630973
   2.71968
   2.85747
   2.83777
   3.22413
   6.99533
   2.40283
   1.08558
   3.25142
   2.97209
    3.9498
   1.41489
   7.05579
  0.431871
   1.40038
   3.27053
   1.47457
  0.410804
    2.1248
    1.4612
   1.64329
  0.246321
    1.9783
  0.179941
 0.0395896
  0.284459
   3.17088
   5.07127
   2.12403
  0.414627
  0.301105
   1.00672
  0.797064
   6.01216
   3.25596
   1.05942
   2.71642
  0.311371
  0.107812
  0.195533
   1.78294
   2.04071
  0.132527
  0.575401
   2.73167
  0.775244
   2.38302
   4.29171
   1.02223
   2.26881
   1.69432
  0.591271
  0.228769
   2.95891
   2.80257
  0.653859
  0.455319
  0.999472
  0.397302
   2.60809
   3.28265
   4.34086
   2.88011
  0.452379
   4.58581
   2.49053
   3.12904
   4.93149
  0.965233
   0.68471
   1.20559
0.00870745
   3.14254
  0.370786
   3.30307
   2.09077
   1.40319
   3.78169
  0.164928
    0.4364
   3.53151
  0.486366
   2.22465
   2.91867
  0.925409
   4.78099
  0.133476
   1.97178
  0.434451
    2.4123
   2.11499
   2.30611
   1.08077
   1.14964
   3.84437
   5.09644
  0.510654
   4.74433
   2.09819
   2.06342
   2.74758
   5.99102
   5.28654
   4.33782
   2.41111
   1.81659
   4.05449
  0.803204
   2.02764
   1.87199
  0.863957
   3.72051
   3.87275
   2.27407
   1.70628
   3.72539
  0.331974
  0.209401
  0.214864
   1.98863
  0.249898
   3.69768
     3.731
     5.726
   2.34826
  0.484781
   2.15699
   3.04563
   4.01122
   6.14635
    4.1886
  0.210229
  0.962758
  0.918184
  0.553909
  0.502248
    2.4652
   2.84397
   2.31374
  0.463702
   4.09283
   0.25081
  0.592163
   3.95669
  0.467378
  0.419104
   2.68362
   3.24567
   1.96991
   2.96778
    1.4358
   1.50646
  0.319037
  0.660236
   1.30803
 0.0899282
   4.43732
  0.698627
  0.166745
   2.92949
   3.15179
   2.76116
    4.3152
   2.71843
   5.46487
   4.89752
   3.18917
  0.359861
   1.52316
   2.34839
    1.5173
  0.315824
 0.0851179
    2.6767
   2.94345
   1.35258
  0.265403
  0.137035
   1.38794
   1.53624
    4.8788
   2.32536
   3.41442
   2.87276
0.00465241
   4.91435
  0.312942
  0.554514
   2.05558
  0.363102
   1.52552
  0.455722
   1.84626
   4.76965
   4.45032
    2.8908
   2.55408
   2.10783
   3.84914
   1.31939
   3.81135
   1.95235
   1.43876
   2.97094
    2.2503
  0.580239
  0.351513
   3.58502
  0.175011
   1.59581
   5.99436
  0.668882
  0.976106
   3.54725
   1.38952
 0.0464038
  0.879613
    4.4248
   3.73557
   4.24485
   3.13476
   3.50632
   2.97636
   0.98465
   3.13877
   3.05696
  0.223729
  0.188511
   0.44114
   2.33045
  0.238332
  0.502416
   3.56749
   3.59041
   2.12318
  0.917075
   1.21219
   1.28295
  0.167132
   3.41722
   3.21559
  0.715437
  0.674093
   3.31992
   1.63852
   2.00473
   3.74775
   4.80047
   3.59303
  0.723708
   1.28218
   3.83547
   2.90353
   2.86261
   10.0026
  0.240724
   1.70583
   3.69575
  0.549944
  0.457715
    3.3789
   3.37118
   5.47607
   9.47842
  0.435964
   1.91651
  0.593404
0.00976466
  0.687348
  0.704315
  0.221228
   2.81741
  0.771673
  0.780026
    5.4959
   4.23843
  0.537777
 0.0088997
  0.044555
  0.147862
   1.90438
  0.838816
   1.28039
   2.74041
   1.82124
  0.159594
   1.37297
   2.90997
   1.37932
   3.25185
   10.1795
   1.19975
  0.355618
   1.97518
   1.53778
 0.0304329
   0.44329
  0.711996
   3.73809
  0.408675
   3.55956
   2.68024
   1.29705
   2.95707
   3.98778
   2.20112
   3.24953
   1.14823
   1.01579
   1.88268
   1.66605
   1.65917
  0.893638
  0.604385
    1.2276
  0.122696
  0.560189
   1.99614
    1.6032
   1.66214
   1.99024
   4.14577
  0.831863
   10.0365
   9.68588
  0.740148
  0.213494
 0.0970999
   2.79113
    1.0514
  0.883901
   3.14396
   4.21744
   3.70465
   3.65652
    3.5421
    2.2956
   2.80345
   1.84887
  0.581037
  0.713631