    4.60493
    1.92705
   0.299875
   0.546041
   0.641466
   0.629123
    0.67151
   0.418086
    3.26474
     3.5526
    2.40336
     3.3555
    5.36835
     1.1334
   0.141651
   0.467325
    2.16901
    2.45824
    2.57051
     4.3896
    3.82118
    4.14448
    4.42528
    4.69875
    4.19967
    4.39885
     4.7017
    4.50313
    4.29728
     4.6819
    4.09686
    4.84656
    4.95619
    1.82809
    1.80724
    1.89078
    1.90547
    1.83579
    1.72035
    1.81658
    1.86351
    2.55712
   0.308594
 0.00273692
    5.68165
    2.12384
    2.32912
    2.60287
    2.19089
    2.76852
    3.38081
    3.40192
   0.496668
    2.22093
    1.46972
    3.68832
    3.34579
    2.58921
   0.569653
    3.72578
    4.04883
    1.36329
    1.07264
    1.65182
  0.0980897
   0.749466
    2.22885
   0.307478
    2.85463
    5.01207
    4.52523
    3.16379
    4.79635
    0.85211
    4.64267
    3.77741
    3.06669
    2.83752
    2.96062
     3.7856
    4.58927
   0.642217
    3.28461
     2.5054
    1.04664
  0.0501779
   0.287553
    1.60675
    4.08642
    6.73684
    2.90161
    2.12697
    1.03325
   0.195177
    1.32479
   0.288964
    4.32645
    3.92284
    4.10001
   0.954889
   0.914437
   0.941109
    6.00141
    4.58021
    4.05084
    3.39488
    3.01718
    4.69987
    2.18768
    2.56376
    2.12995
   0.641914
    6.43053
    10.0047
    3.30365
     2.8317
    1.00585
    1.04238
    3.69515
     5.7886
    5.15082
    4.56201
   0.115311
    1.77799
    2.51311
    1.41216
    2.01122
    0.73236
    1.32728
  0.0326499
   0.587435
  0.0704249
   0.604658
   0.995563
   0.589875
     4.7279
    4.16334
    3.37138
    3.17645
    1.28872
    4.80571
    4.43717
    4.14879
   0.902352
    0.71067
   0.904603
    1.14637
    2.16984
    1.25794
    2.93537
   0.850694
   0.253319
    3.22537
   0.112955
    3.25606
    0.31047
    0.11703
    4.29976
    7.68273
    1.91775
   0.256236
   0.352593
    1.63992
    4.88084
    3.45352
    4.80123
    2.99781
    2.83583
    5.14211
 0.00744516
    4.41014
    3.19772
     4.6169
    4.94793
    3.49774
    2.26011
   0.397227
    1.01059
   0.168436
    2.99734
    2.61879
     1.0216
    2.35478
   0.941842
    3.70153
    1.16512
     5.0723
    1.95205
     1.2778
    4.45864
   0.809117
   0.218558
    2.47826
    0.03738
    1.84153
   0.160403
    1.70646
    2.97179
    3.90647
     5.4653
    3.27529
    3.40583
    3.12096
    3.36698
    2.86481
   0.194669
    3.28862
     4.7624
    4.23583
    5.22063
   0.428492
   0.942832
   0.432264
   0.141595
   0.521149
   0.104362
      1.524
    1.08124
      1.076
   0.103117
    2.24253
    4.33901
  0.0864586
    1.55716
    4.61639
    4.22747
    3.82439
    5.39197
    6.20286
     4.2145
   0.505326
    1.09986
    1.05139
    1.04259
    3.37818
    3.68627
    2.04838
    1.74008
    3.94567
    1.89103
    4.56716
    4.96941
     5.3659
    4.69055
    1.33197
      1.545
    4.20844
    3.54217
    4.80954
   0.980833
    3.73599
    4.90629
   0.606015
   0.637315
   0.365809
   0.955455
    2.00753
    3.12206
     5.4196
    2.78173
    4.56032
    4.38901
    1.98681
    4.07883
    3.12217
   0.472631
    1.16162
    1.94439
    0.32424
    2.28885
     1.1338
    4.83395
    2.69298
   0.931625
    3.62288
    1.96706
    4.00658
    4.07444
    1.07618
   0.856535
    4.26407
    1.59047
    2.69231
   0.922006
    2.69361
    3.13215
   0.733054
    1.05696
    3.75547
    1.47729
    1.12966
     1.0581
    2.69345
    6.11757
    4.60997
    4.07718
    2.92811
    4.10756
    5.36626
    4.97523
    1.14328
   0.028524
    2.74002
    2.75256
   0.148592
    0.14618
    1.02959
   0.274513
    3.97499
    2.81384
    0.41629
   0.255767
  0.0325942
0.000678316
   0.048198
    1.66875
    2.77498
    2.89037
    1.32038
    2.63658
    4.66337
   0.754132
    2.26298
    2.80611
    2.80238
     2.4326
    2.55023
    2.07323
   0.397482
   0.480312
   0.743427
    0.86862
    1.13348
     4.5941
    0.21909
    2.51979
     5.0691
    5.15856
    2.79235
     2.8077
   0.364828
    4.65894
    3.26254
    4.00267
    5.09057
    4.71642
   0.153725
    1.43107
   0.743813
   0.183312
    4.81075
    2.37015
    2.51587
    4.42704
    2.87596
    3.23651
    2.66281
    6.44638
    7.78998
    5.11823
     4.0278
    8.03834
    6.90273
    9.02707
     8.6619
    8.84563
    4.37986
    1.57488
    2.72528
    2.68052
    2.17399
    5.38058
     2.1246