 0.211277
  1.73193
  0.41081
  2.72427
 0.395065
 0.497812
  1.80602
 0.298952
  3.15906
  2.95157
  1.84975
  3.02705
0.0540226
0.0731695
  1.76853
  1.51961
  1.95227
  2.36828
  3.18986
  2.59275
  3.82718
  3.76306
  3.67958
  3.18005
  3.18446
  3.80929
0.0562101
  3.82425
  2.46809
  2.33917
  1.44253
     1.51
  1.97677
  1.65375
  1.49683
  1.65339
 0.270511
 0.060305
  2.16396
  3.29923
  2.09226
  2.06869
  1.83037
 0.707884
  1.82483
  2.52969
    1.388
  0.19212
  0.46503
 0.391637
  1.34015
  2.37294
  2.98474
  1.92747
     1.88
  2.79321
  3.07945
 0.242633
0.0553381
  1.57878
  1.64193
  1.70606
  2.01716
  1.64399
  2.32129
   0.2174
  1.29155
  2.90093
  2.64658
 0.763882
  1.17864
  1.09696
0.0811764
  0.18198
  1.72473
 0.498342
  1.57994
  3.84779
   2.1616
  1.57833
  1.61551
  3.43824
  1.79081
  2.35677
  2.51399
  1.96304
  2.65153
  1.32336
  2.45245
  2.92944
  2.02723
  2.30137
  2.79488
  3.09047
 0.779185
 0.364198
 0.260793
  2.12511
  0.92688
 0.790918
 0.433647
 0.162173
  0.95501
  0.94592
 0.386225
  1.60209
  2.39991
 0.399627
 0.306457
 0.795037
  1.45097
  1.63915
  3.47763
  2.63093
  2.02198
  1.23347
  1.42977
 0.957689
  3.88519
   2.4081
 0.128971
  1.59916
   2.1682
   2.1565
 0.910109
 0.455602
  1.71498
  1.61841
0.0150086
  1.42684
 0.628573
  0.32552
  2.93959
  0.51224
 0.290196
 0.848515
 0.702415
  1.83456
  2.45921
   3.0866
  2.97039
  2.34307
  1.55107
 0.617309
 0.437443
0.0494768
  1.70364
  1.82159
  2.39424
   0.4785
 0.499556
 0.526132
  2.40667
 0.377021
 0.603998
  1.16867
 0.242242
  3.60989
  2.01553
  1.89937
  2.95448
  0.68673
0.0834434
  1.25047
  1.63178
  3.63389
 0.496378
0.0368941
  2.03428
  3.03972
  1.50048
 0.456423
  2.71455
   6.7401
  2.99982
  1.19392
   3.4218
  1.84815
 0.343736
 0.857693
 0.223142
  2.38908
  2.12196
 0.248068
  1.87787
   1.7264
  2.42464
  2.21681
 0.516046
  1.06829
 0.302934
  3.15263
 0.435922
  1.28335
 0.441185
  1.47625
 0.842326
  1.16715
 0.280691
  1.88021
 0.196606
  1.67313
  1.94853
  2.57899
  3.98477
  3.68371
  1.90164
  2.09437
 0.291685
 0.340029
  2.85376
  2.45095
  5.12763
  1.43354
  0.15204
 0.959618
 0.610138
 0.431901
  3.05347
  1.27046
 0.625399
  0.89732
 0.368975
  3.23338
  2.89626
0.0601789
 0.297262
  1.05728
  2.88993
  3.56565
  2.19708
  3.88758
 0.444616
 0.634411
  0.59888
 0.505458
  1.53013
 0.190329
   1.6962
 0.981232
  1.69014
  3.43547
   3.5271
0.0283295
  3.34217
0.0804687
 0.318064
  1.05116
  2.96451
  3.25419
  3.35399
  3.49239
  1.15943
  1.13401
 0.587112
 0.528743
  1.74163
  1.26275
   3.3716
  3.78535
  3.18387
  3.50721
  2.23734
  1.95943
  3.18791
  2.91692
  2.00615
 0.704066
    1.922
    1.974
  3.55605
  0.22829
  3.68936
  3.32993
  2.96735
  0.27297
  2.00045
  1.44829
  2.96883
  3.40835
   1.5211
  1.39944
  2.40788
  2.41832
  1.53567
  3.42637
  2.93744
  1.22053
  2.62169
   2.8714
 0.950603
  5.28255
  2.30967
  3.43959
  4.08796
  3.78917
 0.758645
  3.20412
   3.3124
  2.79861
  6.67094
 0.493655
 0.595403
  3.32937
  4.11854
  3.60583
 0.461631
 0.294148
 0.335417
 0.220936
  2.44433
 0.963056
 0.399056
 0.481603
  3.83224
  3.55532
  3.51195
  2.92722
 0.721393
 0.323462
  2.76906
  3.01081
 0.287973
  1.88531
  2.91212
   3.2768
  3.80261
  4.17723
  3.40866
 0.628888
  3.67652
   3.5877
  3.32905