    0.50688
     2.6855
   0.814508
    0.83651
   0.450303
    2.10414
    2.35298
    1.22131
  0.0923721
    0.16983
   0.336606
    1.83553
    1.18889
    1.34319
    1.38802
    1.27452
    1.44077
    1.70089
    1.29433
    2.31339
    2.25868
    1.44626
     2.1503
    1.62899
    1.78351
    1.95147
    1.17355
     2.7515
    1.88802
   0.778525
    1.08371
    1.34975
    1.19555
    1.50345
    1.74357
    1.45421
    1.58452
   0.855314
    1.57181
     1.1973
    1.58686
    1.44381
    0.10241
   0.533717
    2.02345
    3.87484
    1.64983
    2.05569
     1.3391
    1.40227
   0.472607
   0.483952
   0.242843
   0.516298
    1.22684
   0.845166
    1.18143
    2.07104
   0.346503
   0.776762
   0.205253
   0.107632
   0.703993
   0.533347
   0.785864
   0.646969
    1.43262
   0.239141
  0.0133336
   0.131521
    2.58588
     3.1962
   0.601283
   0.707494
   0.762641
   0.740167
  0.0574411
   0.913846
    1.48969
   0.456407
   0.902368
    1.97693
    1.43038
    4.33375
   0.316286
   0.573674
    2.55933
    2.17113
    3.65874
    1.75968
   0.968858
    2.20259
    3.23213
    0.74767
    2.38011
   0.671836
   0.165505
   0.588201
   0.637525
    1.38335
    1.44723
    1.59618
   0.110887
  0.0527643
   0.542373
    1.17355
   0.105236
    2.72764
    1.65791
    2.16838
   0.660211
   0.189812
    1.97795
    1.02433
    1.40936
    3.41948
    1.08865
    1.28655
    1.30614
   0.769464
     3.3433
    2.76606
   0.417055
   0.475301
    1.15685
    1.21789
   0.836347
    2.99521
   0.509273
   0.110194
   0.720975
    0.42466
   0.632356
    2.43889
    1.40921
   0.440839
   0.477425
   0.379466
   0.596268
    3.26827
    2.20792
    1.17446
   0.334189
    2.23475
   0.546533
   0.781966
   0.954976
    0.69091
    1.02305
  0.0410689
    2.50018
    0.88319
    1.14008
    1.14557
   0.626459
    3.08446
   0.687786
  0.0218277
  0.0229381
    1.09564
   0.210235
   0.112553
    1.91852
   0.521818
    0.61817
    2.02517
    1.45116
    1.25888
   0.507324
   0.206043
    2.33468
    1.16819
   0.804136
    0.34502
    1.11668
     1.2449
   0.631045
   0.364477
   0.328748
   0.642146
   0.732151
   0.150921
    2.20543
    1.89261
   0.527043
    2.33915
   0.142224
   0.241884
    0.27146
    1.48626
    3.73362
  0.0052505
    1.25623
   0.653499
    5.69275
   0.481354
    1.47672
   0.233097
     1.0586
    1.16587
    1.32494
    1.33408
    0.73497
   0.322407
    0.67985
    2.68397
   0.575533
    1.97141
    3.63117
    3.02789
    2.78474
   0.558067
    1.05515
   0.280108
    0.52288
     2.8396
    2.21004
    1.06506
    1.61375
     2.4344
    1.25595
   0.875579
    1.72352
  0.0793264
   0.721545
   0.520629
   0.773126
    3.08722
    2.30444
   0.747315
   0.955359
     2.4343
    2.05093
    3.66908
    2.12181
    1.03491
   0.482012
   0.638435
    1.69158
    1.87577
    1.73771
   0.490083
   0.493092
   0.732451
    1.24952
    3.46423
    1.18209
    1.20064
   0.387845
    1.03418
    1.56759
    6.47004
   0.128097
    0.63065
    0.20027
   0.290182
   0.283307
    5.29491
   0.892365
    3.63893
     1.0357
    1.10372
    1.80021
    1.56809
    2.41297
    0.30449
    2.13442
    2.31675
     2.2915
   0.816724
    1.24621
     0.7337
   0.622859
   0.388623
    1.65744
   0.848226
   0.304655
    1.07867
    1.60156
    1.19295
    0.67725
   0.313249
   0.878236
   0.381311
    4.88796
   0.415912
    2.48408
    4.83445
     1.2973
   0.502276
    3.04326
    0.25779
   0.275742
    1.63641
   0.427283
   0.289211
   0.837376
    1.79501
   0.373579
    2.78348
     2.5156
    1.78788
    1.07171
    1.93948
    2.74068
   0.154722
    1.75538
    1.09395
   0.238872
   0.525026
    1.18856
   0.226342
   0.536322
    1.81976
    3.17743
    2.10921
    1.44757
   0.435135
   0.104686
   0.821806
    1.02199
    3.36352
     1.4356
    1.06573
     1.4301
   0.392615
    1.29851
    2.40419
   0.537558
  0.0748356
    0.27222
    1.20302
   0.596046
    2.16212
     6.2924
    2.01102
    2.28576
    3.75704
0.000937505
    1.67702
   0.424187
    0.14903
    4.94882
    2.07921
   0.233508
    1.21194
    1.50058
    1.26579
   0.497776
     2.4473
    2.97901
  0.0500651
    2.59678
   0.130149
   0.425483
    6.57939
   0.781471
    1.24357
   0.636481
    1.34369
    2.32937
   0.802934
    1.69665
     2.8415
   0.811195
    2.76382
   0.278902
   0.227084
    1.78865
    1.02062
    2.10655
    2.73523
    3.49167
    1.51797
    2.87996
      2.978
   0.554417
   0.531233
   0.164698
   0.570061
    1.11044
    2.39189
    1.53638
    1.41518
    2.88239
    2.09649
     3.1069
    2.28563
   0.789697
   0.767146
    2.58596
    1.26371
    2.56732
    2.22179
   0.247242
     1.1734
    1.43748
    1.66578
     1.0791
    1.02643
   0.465267
  0.0763971
      1.103
    1.97642
    2.58387
    1.76681
    1.30372
    2.75336
    2.49519
    2.13276
    2.53846
    2.27355
    3.26483
   0.649366
    1.19428
   0.972435
   0.922298
    2.18745
    1.30519
    1.20053
   0.495693
    1.11656
    1.94116
   0.994915
    3.13557
    3.14451
    1.43133
    1.51799
    3.05617
    2.07113
    6.10154
    2.55607
    1.48832
    4.61065
    1.29571
    1.99817
   0.363268
    1.45283
   0.962587
    3.19552
    2.02101
    1.62825
    1.23249
   0.754542
   0.581422
    1.77781
    1.31435
    1.31976
    1.51218
    1.28339
    1.36128
    1.47579
    1.21699
    1.49856
    1.36038
    5.99437
    1.12071
    3.18639
   0.706948
    4.55199
    2.78573
    1.59284
    3.18794
    3.18273
   0.807559