  1.86048
 0.285713
 0.296919
 0.148297
  3.43794
  2.79337
   3.1257
  1.27926
  3.77302
  3.30205
 0.836371
 0.470528
 0.358661
  1.17338
 0.305746
  6.43418
  4.15434
  3.30268
  3.59921
  4.12875
  3.81046
  3.59004
  5.10154
  4.44892
  4.27307
  3.83477
  3.58405
  2.13479
  1.06191
   3.2931
  4.17445
  3.87316
   1.7306
  1.12228
 0.146036
  1.27213
  2.83071
 0.609067
 0.604875
  4.26039
  3.97474
  4.54305
  2.33866
  3.44779
 0.989432
  1.88248
  2.08644
  1.56863
  1.07762
  3.59465
 0.247839
 0.470261
  5.61477
   5.4421
  2.58397
   2.4438
  2.94773
  1.51066
  1.17039
  3.88631
  3.16859
  4.79707
0.0753973
  5.44697
  5.19316
  4.34442
  6.50722
  1.86757
  5.14476
  5.29499
  4.38438
  9.97086
  5.67104
  4.41815
  5.57121
  1.75838
  3.72351
  4.48174
  4.02168
  4.36469
0.0185553
  1.74389
   2.5624
  3.86087
  3.17847
 0.400291
  2.44921
    3.059
  1.30715
  1.72207
  4.36314
  4.96249
  3.29723
  3.15566
 0.401475
  4.33313
  3.53946
  6.09531
  7.63152
  3.70741
  3.62346
  4.71937
  1.86963
  7.93196
   1.2063
  5.11397
  1.16314
  1.76397
  2.77027
  1.85215
 0.202519
  3.41465
  4.72219
  1.13865
  1.82875
 0.466333
  1.85088
0.0632919
  1.43299
  3.40356
  3.54001
 0.809744
  2.99432
  1.16615
  1.31054
  5.93573
  9.83421
  4.01175
 0.121045
  2.85634
0.0020209
  3.88417
  4.24956
  1.31019
  7.29452
 0.390438
  2.61205
   2.6172
  2.27312
  1.98463
  2.04335
  2.91455
  1.12742
  1.13896
  1.53125
  5.06732
  1.34363
 0.350821
  5.39042
  2.44316
   3.2307
 0.200687
 0.818234
  2.40977
   2.4935
  7.57238
  7.71541
   1.0929
 0.243345
  7.04277
 0.787121
 0.106483
 0.457777
  2.49466
  3.07334
  3.96311
   3.6623
  4.20974
  7.46497
 0.902835
  4.28545
  1.02113
 0.393281
 0.544775
  4.70928
   1.4936
   3.4139
  3.35591
  7.73175
  7.68829
0.0628905
  0.17857
 0.736669
  6.04754
  6.23982
  6.44357
  5.76453
  5.14701
  3.73324
  1.28884
  2.45614
  5.06813
  5.74825
  0.13428
 0.523488
 0.103356
  1.00429
  2.49418
  2.49322
  1.82169
0.0149947
  4.18644
  5.18612
  6.66052
  4.37069
  5.85703
  5.69815
  1.52649
  1.08945
 0.667116
  0.41077
  3.04103
  2.94194
  1.55559
 0.436983
  1.80835
  1.12853
   1.2981
  2.24109
  2.14674
  2.11773
  3.23684
  5.65828
   5.7471
  1.47924
 0.826053
  1.84234
  0.84562
 0.180058
 0.980263
 0.151633
 0.485378
    1.547
  4.00735
  1.86005
  1.72642
  3.08557
  3.30306
    6.214
  1.49382
  1.32085
  1.26997
  5.40781
  5.30076
  5.11909
  5.69963
  2.74329
  2.31327
 0.341045
 0.447849
  6.34107
  6.21095
    3.701