   0.176351
    1.59113
   0.204392
    4.57816
    5.66796
    1.98059
    1.87755
    1.00814
   0.185974
    3.13545
    2.14911
    2.49285
    0.49458
   0.229394
    1.43506
    1.66305
    3.33643
    4.11437
    4.07262
     4.4707
  0.0908767
    1.39702
    1.85543
   0.670244
 0.00269053
    1.23862
   0.979829
  0.0890069
    2.26934
    3.30363
   0.150677
    0.52582
   0.497404
    4.55771
    4.32831
    1.38816
    1.87136
    1.66158
    2.72525
    3.96532
    3.01672
     4.2625
    3.96506
      4.582
    4.09646
    3.97958
   0.289609
    2.92473
    0.95473
    3.28604
     4.6245
    3.38824
    4.25922
    3.74378
    1.30922
     1.3493
    1.63161
    1.21857
    1.55207
      1.279
    1.15286
    1.49857
   0.943807
   0.646343
    0.78816
   0.296189
  0.0932947
    1.56138
    1.52956
    3.28206
    1.67569
    3.45459
    4.27546
  0.0292126
   0.021955
   0.178837
     4.5573
    5.08553
    4.34355
     4.3345
    1.33684
    1.95492
    3.37193
   0.158932
   0.234987
    2.36355
    2.04309
    1.76395
    3.80957
    2.95003
    3.93225
     4.8267
     4.9703
  0.0918084
   0.930584
    3.64122
    2.01901
   0.208557
   0.216958
    1.25365
    1.18834
   0.763332
    1.65484
   0.759933
  0.0888664
   0.957286
    1.67706
    4.37619
    9.16558
    5.33817
    4.28379
   0.139496
    1.76018
   0.699574
   0.594648
   0.403753
   0.084313
    1.50035
   0.800207
   0.657214
  0.0645607
   0.452447
  0.0835873
    1.73901
    3.97562
    2.44812
   0.199487
    1.13416
    4.63429
    1.59719
    2.48422
    2.19508
    1.19916
    2.09758
    1.80604
   0.364454
   0.309872
    2.84443
    3.98165
    2.94518
    2.68424
    2.31767
    1.94205
    1.65261
   0.126009
     2.0962
   0.255307
    1.88742
    2.44681
    1.01559
    4.48262
  0.0852355
    1.36901
    2.35741
   0.577788
   0.462283
    1.65987
    1.29793
   0.372088
   0.990847
   0.110411
    1.11966
    4.61038
    2.13527
    2.73361
      2.975
   0.496417
    2.19165
    1.68256
    1.80659
     3.7737
    1.25236
     2.2285
    2.80945
    1.53451
    1.93529
    7.43782
    1.35188
    1.88539
     2.5366
    2.37079
   0.948776
    4.27015
    2.00577
     1.0457
    4.32655
    4.36124
    2.99496
    1.85386
    1.99084
    3.12712
    2.92569
    1.43618
    1.83501
    2.11982
    1.40848
    1.54007
   0.772011
   0.242425
    4.11038
  0.0660924
    1.12027
    1.56897
   0.892016
    4.27734
    3.71892
    1.54544
    1.20892
    4.07732
   0.275105
  0.0403214
    1.23952
    3.59259
    2.73018
    4.46758
   0.309031
    3.64329
    4.24052
    3.74418
    1.35285
    3.23663
     3.3385
    2.96902
  0.0388936
    1.11061
    4.42694
    3.09955
   0.378712
    3.15372
    1.97293
    2.55799
    3.09216
    1.84509
    2.10967
    2.15132
     2.0971
    2.81876
    5.80662
    4.60547
    3.39485
   0.113604
    2.08602
    2.51794
    3.47137
    2.10841
    2.29795
   0.990779
  0.0175812
    1.47043
    1.99421
    2.34457
    2.29374
    2.94496
    4.15666
  0.0144282
    4.79011
    4.28085
    4.44175
    2.48334
    1.13234
   0.259849
   0.169103
    4.78116
    4.26237
    1.06406
     1.8102
    1.56843
     2.1586
    3.24012
    2.16635
    4.56506
    1.14536
     1.3027
    1.69726
    3.20971
    3.26497
    2.99497
   0.715727
     2.8749
    2.86444
    3.18885
    1.06353
    1.06645
   0.767364
  0.0336952
     1.7304
    2.92678
    2.34031
     3.2591
    2.97858
    3.13702
    3.37236
    2.86078
    2.55448
    2.64337
     3.2814
    3.80482
    1.52427
    3.14846
    4.36657
    4.52032
    4.16195
    2.02522
    1.76805
    2.95394
    2.87947
    2.48252
    3.02735
   0.105387
    4.39476
   0.174792
    1.54841
     1.2082
    3.49262
    3.18194
    3.07217
    4.18233
    3.15122
    4.61914
    4.06169
   0.841651
    7.54943
   0.633762
    3.63416
    4.09954
   0.464265
    1.00666
    3.17936
    1.42353
    3.01043
   0.836271
    3.52387
    1.78284
   0.363326
    11.0117
    1.53607
    4.04713
       2.81
    2.94283
   0.201045
    4.66904
   0.987691
      1.948
    2.05163
    3.09439
    1.90056
    3.92017
   0.860979
    1.09348
    3.00875
     2.6874
    3.66029
     2.4094
     1.0873
    2.95402
     3.4465
  0.0995283
    2.69248
    3.26898
     1.1219
    1.24723
   0.113584
    2.94985
   0.650124
    3.18296
    2.32245
     2.7574
    2.28292
    1.64287
    1.65934
    3.16159
    2.17663
    4.66168
    2.31578
    5.02971
    2.75895
    1.75852
    3.23109
    1.67886
    2.72515
    2.38744
      3.034
    3.01394
    2.01907
    2.70843
    3.05596
    2.23136
    2.35528
    2.48741
    1.19783
    1.73273
    4.42536
   0.281913
    1.60432
    3.54645
    3.54244
    3.14517
    3.69118
     3.3412
   0.783486
    1.73109
   0.717438
    1.39865
    1.08316
    4.46166
   0.953537
    3.57486
    3.86597
   0.395234
    1.78905
   0.873622
    1.25236
     3.8703
    2.96008
    4.39831
     4.5771
    2.86803
       3.21
    2.51719
    0.22229
    3.28325
    3.11289
    2.42058
    2.03564
    3.17378
    3.20323
   0.491797
    4.42669
    3.49702
    2.03942
    2.62329
    3.27537
    3.03984
    2.16365
     2.0133
    2.04975
   0.968557
    3.20433
    3.42621
    2.92746
    1.72149
   0.259562
   0.867547
  0.0143158
  0.0605704
    3.04825
   0.303618
    3.10704
    2.96394
    3.89111
    3.36019
     3.2263
     1.6137
    1.84909
    4.49515
     1.5593
    1.84517
     1.7431
    1.72286
    3.12194
   0.167735
    2.37423
    2.48064
    3.53758
    2.71553
    2.30243
  0.0538872
    5.35232
    4.45808
     2.8766
   0.398548
   0.352216
    2.75016
    3.48427
  0.0507841
    1.04987
    3.51434
    1.72994
   0.322939
    2.36778
    2.57925
    3.49279
    3.91255
    6.40855
    1.54015
   0.158198
   0.808302
    5.24925
    1.67335
   0.300832
    3.38187
    1.75581
   0.683885
     2.4038
    3.91981
   0.687181
    1.72727
     2.0084
    3.57012
  0.0149062
    4.57784
    3.00477
    0.71272
    4.57114
    1.28523
    3.49553
    4.78305
    4.19836
    3.72727
    3.38927
    3.38131
    1.54764
    2.96325
    1.89236
    7.63405
    5.75146
    1.52596
  0.0891689
    5.09247
    3.44372
    3.27912
    0.69695
    1.95243
    2.46129
    4.94977
    5.03069
    2.41474
    4.45432
    5.11197
    3.45828
    4.16923
   0.551235
  0.0109317
    3.26479
    2.35989
     3.6802
    3.62457
    4.17392
    3.33149
    3.60413
    2.12499
    2.13387
    2.71658
    5.11959
    3.14502
    1.84235
    32.0826
    4.06562
    1.62933
   0.473292
    5.99897
     4.9912
    4.56549
    9.33133
   0.638479
    1.49719
    3.92877
    4.12064
    1.24022
   0.216678
   0.127706
   0.510345
    2.96156
    6.51916
   0.711725
    1.63626
    3.92764
    3.36384
    3.09256
  0.0906393
    2.53574
    8.19529
     2.3022
    1.37331
    1.23408
    4.03744
    2.88819
    4.21425
    2.84779
    1.86892
    2.13092
    2.04337
    5.93961
    5.01539
    1.69537
    4.39806
    1.39071
    2.92646
    0.16196
    4.08904
    1.66336
      2.988
    4.08602
  0.0987456
    4.06186
    1.48935
    1.39014
    1.38166
     3.9119
    11.8589
    8.91721
    5.12895
   0.828111
    3.84815
    4.34394
    4.18056
    3.97911
    3.80387
     4.6447
    1.14397
    5.29181
    3.95073
    2.32762
    5.16266
    2.06979
    3.31869
    6.12861
    11.8715
    3.99677
     4.1588
    4.15167
    4.23565
    1.86703
    1.33356
    4.06308
    1.45553
    32.0293
    1.54292
    1.02729
    4.71723
    3.63449
    3.20382
    4.13384
    3.10998
    8.54322
   0.518365
    9.63337
    1.84849
    3.84051
    3.52622
    2.76364
     2.5995
     4.6177
    4.07906
    4.81308
    32.1343
    4.01171
    4.00222
    4.12938
    5.21912
    4.84417
    1.14521
    9.43391
    1.64467
    11.0626
    9.32455
    3.63557
    1.52561
    7.70995
    3.94816
     4.7262
    5.67843
     9.2137
   0.199725
   0.299937
    2.88644
   0.931464
    8.61274
    8.71049
    8.78526
    9.22283
    8.86699
    8.96364
    3.37913
   0.852124
    2.51783
     1.6313
   0.470411
    4.23401
    4.67056
    1.21584
    8.59016
      8.558
    9.48687
   0.649532
    1.62286
    2.69993
   0.248628
     1.3367
    2.95444
    2.59455
    4.15639
    1.73284
    2.81946
    9.29128
    1.59595
    2.43762
    1.52493
    4.26819
   0.801664
    1.06111
     3.5689
    2.42447
    9.40589
    3.06914
    2.55928
    3.22001
    1.29862
    3.21031
    3.21125
    4.64094
    1.89672
    1.42754
   0.509712
     9.0983
    8.68882
     4.4225
    3.74578
    8.72468
    1.17076
    1.30069
   0.456253
   0.175111
    3.60612
    3.71359
   0.106771
    2.60858
    3.46624
    1.06208
    1.69807
    3.40219
   0.808656
   0.344792
   0.850672
    2.11474
    1.91536
    3.49054
    9.16735
    9.20586
   0.370891
    5.26393
    5.37346
   0.361337
    2.81196
    5.18818
    1.37774
    2.18567
    5.96165
    3.23983
  0.0838484
    3.97236
    2.55048
    2.91121
    2.54549
   0.292221
0.000435525
   0.162357
   0.488741
     1.1006
   0.115011
  0.0227376
  0.0510723
    3.22885
    3.04197
   0.633551
    2.20988
    1.64092
     2.3426
    1.61127
    2.61912
    3.51859
    2.58053
   0.210285
   0.550195
    2.84016
    4.57523
   0.336618
   0.570749
   0.989444
   0.669221
    3.54841
    3.47458
    3.41015
    4.25603
    3.66478
    2.94972
    0.76773
    1.55698
   0.147338
   0.523348
   0.442984
    3.61002
    2.95378
    3.73826
     3.4956
    1.84993
    1.20053
    3.10665
    2.14056
  0.0397633
    2.69082
    2.69334
     3.6596
   0.153651
    2.82108
    4.31784
    3.82664
    10.4308
    4.03128
    4.01921
    1.80815
     1.8217
    1.74846
    1.81894
   0.525919
      1.048
    2.64824
    2.19512
    2.39285