 0.123726
  2.02168
 0.161709
   1.2688
  1.33331
 0.208417
0.0813612
  2.09242
  0.12185
  0.13273
  3.11391
  2.77569
   2.4519
 0.646836
 0.615357
   0.8761
 0.873411
 0.370942
   3.1796
  0.66389
  2.46913
  2.54885
  3.21446
  3.83943
  5.23644
  4.63772
  4.91587
  4.62993
  4.77348
  5.12448
  4.63049
  4.35436
  4.67068
  5.08598
  3.97077
  1.86799
  1.86044
  1.25283
  1.88802
  1.84809
   2.5112
  1.94317
 0.608212
0.0372216
  3.20449
  4.97991
  3.08838
  3.02441
   3.2776
  2.89235
  4.02644
  4.02618
  0.59014
 0.785376
0.0844069
0.0564953
  3.10385
  3.89308
  2.68393
     2.67
  2.53288
  3.27493
  3.46883
 0.537342
  0.24103
  2.26233
 0.589631
  2.21675
  1.16534
  1.52543
  2.03858
   9.2032
 0.119062
  1.47983
  3.23518
 0.986652
  3.41846
  3.72428
  1.18134
  1.19607
0.0763862
  1.20645
  1.98221
 0.775962
  1.90493
 0.611097
  5.10576
  3.24199
  2.03047
  3.52661
  1.40063
 0.433557
  4.05847
  4.30976
  3.40162
  2.56199
  2.91056
  2.58874
  3.64811
  3.86322
  1.43473
  2.94594
   4.3957
  2.77704
  2.60691
  1.76074
 0.845223
 0.434132
 0.761328
  2.19522
  3.90343
   3.3842
  3.10973
  1.74456
 0.559236
  0.41811
 0.827076
 0.233652
  1.04698
 0.139264
  4.84698
  3.06309
  3.94768
 0.797371
 0.383274
0.0975864
  2.66191
  2.97885
  7.15905
  3.88458
  2.18645
  4.78138
  2.05641
  2.49473
  1.14728
  4.80874
  3.90889
 0.382507
  4.24478
  1.76946
  1.96132
   2.4201
  1.69271
 0.790582
   2.5586
   1.3971
  1.18272
  1.86181
  0.57692
 0.472594
  3.06535
 0.235809
  0.76182
 0.506406
  2.22079
  4.15712
  3.90865
  4.37611
     2.61
  3.39399
   4.2161
  1.32682
 0.341875
 0.113061
  2.26666
  1.37479
  2.42479
 0.687441
   1.1985
  0.60007
 0.455415
  1.01833
   3.1773
 0.193764
  4.30746
  1.25497
  1.58499
0.0597089
  4.37236
  2.36038
 0.709435
   1.4084
  2.12082
  2.09282
  4.95603
  1.03251
 0.937961
  3.31904
    4.883
   3.1639
  5.27897
 0.482216
   3.3055
  3.70824
  2.97153
   1.4502
  2.96832
 0.226643
 0.902861
  1.04542
 0.516253
  2.18414
  2.52324
 0.472503
  3.00413
  4.30252
  2.58782
  3.22452
   1.2079
  1.20333
   1.4784
 0.913409
  3.82708
 0.664528
 0.107011
  2.95189
 0.741857
 0.786823
 0.266021
  2.20111
 0.125648
   1.5578
  3.20724
  3.24358
  8.17063
  4.52828
  3.84343
  4.55855
  4.05056
  1.09703
  3.88564
   3.8413
 0.663966
 0.656559
 0.763109
 0.642324
 0.444728
  1.21816
  3.72078
  4.40383
 0.642325
  3.95836
  1.19407
  1.28398
  1.13858
 0.146221
 0.212223
  1.42606
  3.45136
  4.34917
 0.441967
  1.28883
  3.05499
  2.77399
   2.7239
 0.380219
  2.14079
   3.4785
  3.96588
  3.40773
  1.41971
  3.66589
  4.40472
  2.01802
  2.06789
  4.42524
  5.06506
  8.13281
 0.335633
  3.90491
  4.45599
 0.700251
  1.01287
 0.116392
 0.985062
   2.5983
  4.81467
   3.2628
  5.13563
  4.65248
  1.95876
  4.92412
   4.7289
  3.56678
  3.03454
  2.47346
  4.64656
  0.67793
  2.34132
  1.52616
  5.00491
  2.84833
  1.01904
  2.43727
  3.25657
 0.873631
 0.670414
  0.39269
  7.10782
  7.46304
  2.15689
  2.78392
  2.41247
  2.99887
  5.03784
  4.69321
  4.67124
   1.7274
0.0772822
  2.44203
  3.58464
  2.62359
  3.77157
 0.560934
 0.415141
  2.03035
 0.195651
  1.70413
  2.07214
  1.59823
   0.7857
  1.95296
0.0727285
  1.10465
  1.35919
  1.56166
  2.55966
  2.26712
  3.28474
  3.24224
  1.31449
  1.11824
 0.733448
 0.865878
 0.849823
  4.83801
  4.93577
  4.19339
  6.91205
  3.75787
  5.13165
 0.598285
  1.29057
  3.81565
  3.79895
  4.69828
  4.75419
  4.28496
 0.681734
  3.20952
  2.84495
0.0813495
  3.03812
  2.67307
 0.788902
  4.93021
  5.06507