  4.40758
  2.38186
  2.26099
  2.88259
  2.41866
  2.35191
0.0842189
  5.29263
  5.24983
 0.622868
0.0593595
 0.932913
   1.6718
  1.88106
  2.99052
  3.02491
  2.42344
  1.15972
  3.54445
 0.550785
 0.672002
   1.3258
   1.4422
  1.35621
 0.441929
 0.693381
  1.45433
 0.930731
  1.26206
 0.887338
  1.12952
  1.40937
  1.64233
  1.14028
 0.181282
  1.14349
  1.28666
  1.53841
  1.89421
  1.24109
  1.54637
  1.51595
   1.2638
  1.21568
  1.60699
  1.55061
 0.422336
 0.582644
 0.563833
  1.85752
  1.72992
  3.51388
 0.916761
  2.36985
  1.06094
 0.829538
 0.815036
  3.12785
 0.910001
 0.734958
 0.305572
  1.15471
  5.73443
  2.01936
  3.43851
   4.8564
  4.44764
  4.59873
  4.93047
 0.394925
   2.9826
  1.07535
  2.22078
  3.15483
  2.64864
 0.219898
 0.567593
0.0578161
  1.88484
  2.11322
    0.412
0.0363505
  1.76527
  1.51657
 0.455377
  1.53343
  3.68003
  4.40209
   2.3981
  2.31477
  2.96385
  2.13007
  3.03207
  1.37139
  1.29954
  3.32866
  4.09127
  5.26423
   5.5399
  5.15456
  3.19895
 0.522028
   4.3544
  1.11793
 0.944167
  1.00878
 0.179707
  2.35547
  2.27242
 0.694592
  0.58595
   3.9699
  1.15807
  2.53116
   1.9703
  2.87087
 0.129816
  1.95454
  2.46426
  1.21417
 0.769606
  4.17147
  2.10761
 0.341643
 0.763254
  2.07948
 0.116125
  3.13143
 0.149905
  1.10134
  2.04807
  2.34801
  1.25965
  4.04893
  2.41264
  0.92919
  2.84199
  1.66781
  7.60838
    3.076
  2.11447
 0.921494
  4.86187
  3.88313
  3.00613
  1.60735
  3.64014
  2.89297
 0.932839
  1.27668
  2.10456
  1.87302
  1.61162
  1.46963
  2.14389
  3.72052
   4.4916
 0.499951
  2.53453
 0.793738
  1.75107
  2.25613
  0.71395
  2.89279
  0.88599
  4.20226
  2.20247
  5.22235
  3.06991
  2.66979
  1.48417
  2.10873
  1.74238
  1.47016
  5.40147
   3.8635
  2.73032
  5.30419
  5.24939
  5.13113
  2.98556
 0.720762
   2.0047
  3.39048
    1.869
   0.3245
0.0255713
  2.89869
  2.49427
 0.932096
  1.74301
  1.52874
  5.54498
  1.36244
  1.05915
  1.57072
  2.72601
  4.33096
  3.13754
  4.40216
 0.330441
 0.391413
 0.635304
  2.86107
0.0122897
  1.81417
  2.40074
 0.180651
 0.748506
  1.72414
  0.37298
 0.327858
  0.76212
  3.64573
  2.59885
  1.36236
   1.0033
 0.774099
  0.44016
  1.02657
 0.492315
  1.13515
  4.54703
  2.29516
  2.02348
  2.93627
  3.17866
  2.08109
  2.56686
 0.973067
   5.5635
  5.55363
  1.94807
  3.07056
 0.840358
  1.28536
  4.99342
  1.82292
  3.90319
  5.64156
  2.15158
   2.3679
  2.07392
   2.1429
  2.20449
  2.43081
 0.742313
  5.10351
 0.147095
  1.29721
  2.71207
  2.24212
   2.0307
  1.93344
  1.54601
   2.1652
  1.45343
 0.629823
   4.8909
  3.35708
  4.62595
  3.95893
  3.94848
  1.66719
  1.00473
  3.83849
 0.908525
  3.32114
  4.19836
  1.63136
 0.838434
  4.89815
  1.36959
  1.03877
  4.18171
  3.76512
  1.88529
   3.8069
  4.16542
  2.09508
  2.38147
  2.37075
  1.09603
   4.2418
  5.41122
  6.96495
  2.04204
  3.25903
  2.34413
 0.828946
  2.66544
  4.58445
  1.09132
  5.52789
   5.9436
 0.135064
  2.68795
 0.254867
  2.77748
  3.38384
  4.66411
  1.63078
   2.2923
 0.351106
   2.2995
  1.95349
  4.01341
 0.997382
  5.89861
  5.24119
  4.64784
  2.09105
  1.92559
  0.26948
   1.9936
  1.49078
  1.30872
 0.109809
   1.2168
   2.2163
  1.35321
  2.29544
  1.87274
  2.65025
  2.94944
  2.25013
 0.202652
  5.95749
  2.65822
  1.74673
 0.938276
  2.11056
   1.9742
 0.898144
  2.43019
  1.12215
  1.53409
  5.23626
  1.35345
  3.06853
  1.00017
  1.89961
  1.84227
  2.09557
  4.80646
  2.24526
  2.34054
  5.66267
  1.11925
 0.797562
  5.60373
  5.24151
  2.36165
  1.83968
  3.27809
  9.77409
  4.10603
  4.38873
  5.82168
  2.27986
  2.64384
  5.46564
  3.57554
 0.483238
  1.36229
  5.98012
  5.34673
  1.82571
  2.29704
  2.93102
  4.22461
  2.68558
  3.60565
  1.62692
  1.01068
 0.893291
  4.07421
  5.04898
   4.3938
  5.41747
    5.382
  0.35909
  3.46685
  3.62935
  2.22669
  2.57109
   6.1341
  4.21578
  4.12571
  3.58521
  5.99703
  1.48819