  7.40512
 0.289423
  2.86747
  2.95241
  3.06531
  3.32334
  3.08678
  1.41844
  2.46933
  2.53357
  2.20049
  5.10053
  2.09526
  2.58936
  2.20946
   2.3554
  1.72654
  3.10829
  4.10139
  4.10258
  4.20839
  6.78188
  6.61099
  7.44752
  7.23686
   7.3249
  7.10831
  7.70485
  7.36416
   7.6971
  6.97462
  7.31794
  8.14357
  6.64323
  8.04525
   4.5089
   3.0038
  2.99836
  2.54711
  2.94393
  2.98668
  4.06879
  3.98958
  1.72204
  1.34931
  4.56574
  6.02913
  6.27406
  5.72005
  1.56001
   4.2114
  5.32797
  5.27325
    2.311
  1.75243
  1.60447
    4.832
    5.249
  3.24666
   2.7265
  3.06535
 0.146761
  2.22391
 0.912409
 0.666063
 0.664784
  2.17159
  3.17068
  4.28476
  2.38098
  5.63869
   5.2738
  2.94965
  2.52907
  2.75651
  2.10409
  3.07827
  3.84919
  1.96993
  2.94763
  7.82556
  7.13603
  4.16615
  6.37737
 0.145091
  1.79789
  6.36325
   5.4426
   4.6702
  5.33048
  4.69459
  3.94008
  4.97206
  6.53431
 0.166434
  6.19582
  2.61702
  2.03343
 0.347544
   2.0549
  1.03205
  1.29561
  7.33239
  5.85458
  5.08847
  3.38588
  1.73646
 0.767957
0.0287023
 0.339749
  1.04174
  1.14928
  6.11808
  5.44281
  5.01416
 0.967178
 0.970214
 0.465699
  8.02052
  7.51517
  7.12815
   5.8445
  4.53577
  9.60698
  3.47495
  1.16216
  7.34519
  7.10954
  2.10054
  4.76354
  3.45591
  2.70673
  5.43516
  4.05921
  7.22265
  8.24757
  1.23691
 0.869456
  0.86888
   1.1244
 0.568591
  3.32884
0.0811433
  1.58916
 0.789696
  1.59381
 0.317668
  1.09184
   2.0926
 0.423772
 0.384605
  6.03972
  1.12259
 0.742498
  8.55091
  6.76803
    7.383
  1.59672
 0.357935
 0.222291
  2.22462
 0.237056
  1.27383
 0.580642
  9.78121
  2.05195
   1.4605
  4.57812
  1.02801
  5.86362
  1.97229
  1.56017
  7.41245
  1.35311
  1.66906
  2.75424
  2.86047
  2.33333
  7.65611
  5.90364
  6.89561
  1.65498
  7.64355
  1.30224
   4.1314
  4.26236
  7.88496
    5.974
   6.1465
  1.68875
 0.282999
  0.43171
 0.577065
  1.00666
  1.39781
  1.07979
 0.580052
  6.12372
  3.63272
  3.35492
  8.20287
  2.68643
  5.80638
 0.510444
  2.03621
  1.01503
 0.364342
  1.63906
  1.51384
  5.69944
  5.52189
  5.58456
  5.56863
  5.71757
  6.55226
  2.44815
  2.45483
  6.86473
   5.7319
  8.26567
  1.57866
  0.99311
  1.04507
  1.12698
 0.394443
  2.86501
   7.9761
  1.09079
  6.77064
 0.712673
 0.751677
 0.727038
   1.1152
  3.21581
  4.60099
  3.97756
  1.23737
  1.91548
  2.59704
  4.04849
  5.14273
  6.15899
   4.2974
 0.182961
  5.65706
  5.78748
  5.84681
  6.27217
0.0815448
  4.16795
  2.76406
  5.92845
  4.33192
  6.77681
  6.13972
  3.26429
  3.12226
  8.24244
  6.42273
  1.73576
  2.61499
  7.03715
 0.510489
  3.42169
  6.67722
  1.15661
 0.241797
   1.8056
  3.15487
   5.7472
  7.86112
  7.98431
  7.67162
  1.49232
  5.81258
  4.71959
  4.58077
  1.59746
 0.587956
 0.123928
  7.70021
 0.166404
 0.783597
  6.95012
  3.42442
   3.2285
  6.68138
  1.06969
  1.38293
  2.51398
  3.17621
  1.84798
  5.23689
 0.869776
0.0466327
  4.13203
  2.55535
  1.86178
 0.659246
  3.42167
  1.81046
  1.77742
  2.80777
  2.50975
   5.9505
  1.26494
  8.53719
  6.89325
  4.79932
  3.74944
  4.95453
  1.97327
   7.2639
  1.89405
  1.46403
  3.30173
  3.32315
  3.16829
 0.853006
  4.83956
  6.76507
  1.19385
 0.880035
 0.923201
 0.385393
 0.346697
  6.17818
 0.359022
  1.47689
  1.66505
  1.52862
  1.73838
  1.66335
  1.85129
  1.72101
  9.06928
   1.7289
  0.73931
  3.27239
  1.98919
  3.32699
  8.33991
 0.427807
  5.52631
 0.294475
  1.46679
  5.84708
  2.11439
   1.7053
   3.6955
  9.37425
   3.2887
  3.16509
   1.6848
  1.71293
 0.995936
 0.210603
  2.34339
     7.34
   5.6585
  2.09135
   2.3277
  3.36822
  3.24488
  3.26697
  4.51943
  4.19109
  4.34861
   4.0105
  3.60701
  7.06707
  7.35628
  4.33653
  4.54188
  4.20408
  2.31813
  1.24858
  2.30774
  1.84389
  3.26606
  6.42224
   7.4831
  4.26396
  3.89457
  4.30416
   3.6567
  4.10878
  4.24596
  6.30376
  5.68658
  3.25253
  3.92751
  1.03126
   5.8413
  2.53337
  3.15996
  3.37694
  3.35289
  3.51701
  2.94791
  3.23643
  3.71092
  2.28357
  1.84525
   2.6021
   2.9694
  4.63208
  4.33424
  0.49069
  2.69691
  5.75339