   3.03643
   2.77434
 0.0203074
  0.638413
   7.54372
   2.94141
   2.93924
   3.70551
   4.77176
   4.80123
   4.59826
  0.755798
   1.19819
   1.94251
  0.201977
  0.102378
  0.348977
  0.556184
   0.26189
   1.06285
   1.01217
  0.873826
  0.732189
  0.308295
   1.65091
   1.34734
   2.28735
   1.72882
   3.23987
   2.50374
   3.11338
   3.18674
   3.20855
   3.19052
   2.37368
   3.29027
  0.318108
   2.90208
   2.27265
   1.35085
   1.25169
   2.03526
   3.26748
   2.80259
  0.623658
  0.195603
  0.423681
  0.594694
  0.488927
   0.12613
  0.113744
    0.4817
  0.691179
  0.946208
  0.240353
   0.55328
  0.949798
   1.02078
    1.9544
   1.57309
   1.50524
   1.32318
  0.700907
   1.47532
    1.5359
   1.47397
   1.73048
   1.17459
   1.09155
   1.55563
   4.64411
   5.29515
   4.97273
   4.86922
   3.21532
   2.90308
   4.24604
   3.77282
   2.80134
   2.93425
   4.06006
   5.76995
   2.14449
  0.736228
   1.68436
   1.25694
   0.64484
     1.435
   1.44651
   1.06458
  0.996917
  0.453109
  0.967199
  0.614869
  0.921396
  0.958814
   0.35164
   4.10932
    3.2401
   3.19147
   13.5688
   2.73798
   1.61664
  0.902328
  0.150758
   1.65196
   2.23771
   1.95631
  0.543788
   0.95843
   1.16783
   1.77764
   2.11611
   3.15326
   2.45682
   1.78516
   1.53258
   5.00736
   4.20192
   4.46117
   1.75824
   2.89379
   3.26692
   1.52915
   2.39615
   1.28727
  0.856135
    1.2673
   7.44077
   2.44392
   2.27704
   1.86355
   1.15316
   2.28257
   1.37295
   1.51971
   1.17583
   1.18954
   2.35432
   2.72034
   1.38307
   1.28479
   2.13412
   2.14598
   5.12047
   2.71036
  0.547578
  0.476807
  0.211246
   2.10688
 0.0856341
   2.92261
   2.44952
   2.88115
    2.7152
   3.52149
   1.35756
  0.655917
   2.87484
  0.977909
   3.82168
   19.3435
   1.63141
  0.990957
   2.77993
   1.83099
   2.71037
   5.20668
   1.14391
   2.36777
   3.31644
   4.62491
   2.44797
  0.894596
   2.48892
   3.92644
   18.8763
   3.26572
   2.56806
   1.69988
   1.73017
   2.19195
   1.90122
    1.1021
   4.51149
   2.99182
   5.63296
   17.5391
    2.2225
   3.97922
   2.63834
    1.6034
   1.13768
  0.801603
   4.98798
   1.11086
  0.661816
   0.95184
   2.60388
  0.170377
   2.06395
   1.34312
  0.905364
  0.453011
   12.9118
   2.89985
   2.88774
   0.90336
  0.702841
    4.7392
   4.28817
   1.91827
   5.27676
  0.499345
   4.58911
    6.7523
   4.28871
   18.6401
   1.79544
   1.79426
   3.77925
   2.24221
   17.7241
   2.68587
   2.34936
   2.89597
   3.90476
   3.92137
  0.867025
   2.89711
   4.36134
   1.66895
   5.82456
   1.29864
   3.50394
 0.0496706
   2.52348
   5.26612
   1.33212
   4.35082
   1.32474
   1.29723
   2.28016
   4.08297
  0.616311
   3.50297
   2.62153
   1.36131
   1.43423
   3.18325
   2.70969
   1.08694
   2.80293
   2.83186
   1.80662
   6.61415
   1.78006
   2.36307
     3.327
  0.675009
   1.20909
   1.55463
   3.05936
   2.71131
   6.19122
   6.81794
   6.78046
   3.43502
   1.77701
   3.48358
   3.42346
   3.45401
   1.53127
   0.85824
   6.15284
   6.54942
   6.50562
   1.26178
   1.02127
  0.245588
   6.97991
   1.39129
    1.9953
   4.21055
   5.50288
   2.57567
   1.18127
   1.41846
   1.47081
   2.30959
   0.50187
   4.49705
   2.76327
   1.43297
   7.35607
   5.56962
 0.0164188
   19.3469
   3.38052
   1.94464
   1.14363
  0.284518
  0.758047
   1.07952
   1.16152
   13.4027
   2.71872
   2.44251
    4.4216
   2.16992
   2.57883
  0.484841
 0.0713311
    4.1438
   2.58775
   5.88076
   4.76169
   2.66817
   3.30887
   15.3834
   1.29551
   1.78092
   1.19241
   1.03006
   4.12353
   4.77773
   2.45991
   4.52765
   2.46941
   4.35957
   2.58341
   5.72206
   2.62543
   5.33374
   4.44462
   5.01927
  0.260127
    18.075
   5.46061
   2.28208
   17.7922
   2.41175
   2.44422
   3.51289
   4.88076
   18.2587
   4.58372
   4.00456
   19.0722
   1.07118
   2.06878
   2.16263
  0.174039
   3.40467
   19.2366
    17.591
  0.809963
   1.61545
    4.2167
   2.59061
    1.7142
   1.78357
   1.38729
   6.72525
   5.77565
   5.36067
   1.24333
   19.2523
   17.9056
   2.33349
   6.36264
   2.25471
   2.87952
   2.09403
   2.76724
   1.95309
   2.75593
   3.52171
   4.29093
   3.01437
  0.879454
   5.02862
   1.11389
    19.047
   6.43107
   2.50151
   1.43069
   1.31292
   5.17563
      1.65
   1.77292
   3.88541
   1.32795
   1.74958
   2.77484
   2.53569
   5.79173
   12.9335
   1.96491
   2.53394
   2.42731
    2.4397
    2.5938
   1.21087
    1.4301
   18.2693
   2.27721
   6.09181
   5.80138
   1.61678
   1.31304
   1.50161
    5.4413
   1.84604
    1.1732
   2.40396
   2.71077
0.00164282
   5.64191
   17.8194
   5.38205
   4.08381
   2.96409
   2.09517
   2.89467
   2.22567
   1.90088
   2.46997
   3.69073
   19.0408
   3.29697
   2.50915
   2.17964
   5.45036
    4.8074
   4.39744
   1.76503
   3.38776
   6.06245
   6.72175
   4.07536
   2.34847
   5.30829
   2.52813
   4.80605
   6.43945
    4.9437
   2.12339
  0.992635
   1.07218
   6.70602
   5.08551
   3.40981
   3.66282
   3.09034
  0.482623
   1.30933
   6.66172
    1.8888
   1.58865
   6.72388
   1.84664
   2.47202
   5.25215
   2.15013
   2.13382
   1.46668
   2.87957
   6.65226
   1.34317
   2.60401
   3.92355
   2.18864
   3.31437
   5.74905
   7.28439
   6.60481
   2.75381
   18.5977
   2.85026
   2.83883
    1.7088
   5.07915
   2.37093
   3.26938
   4.08273
   5.54771
   2.78074
   6.78931
  0.987431
   2.28622
    2.6451
   1.50297
    1.5125
   1.97884
   1.19605
   6.57744
  0.262532
   2.01299
  0.472939
   18.1091
   1.05519
   5.74369
   6.02805
   1.44547
  0.927571
   5.36824
   1.51512
   2.32983
    19.402
   18.1808
    0.9908
  0.381363
  0.265967
   1.38559
   0.58191
  0.733633
    4.6174
   4.44926
   1.66921
   1.56632
   3.72229
  0.164577
   2.57658
   1.42878
   2.78549
   2.52371
   1.76801
   2.48842
     5.311
    2.4515
   2.13391
   1.58713
   5.50599
   3.20846
   1.28601
   6.87349
  0.346236
   2.44586
   3.80778
   7.37224
   18.4545
   3.20068
   2.15921
   6.90704
    4.2419
   7.31512
   2.27584
   7.31339
    3.4252
   4.13576
   8.18859
   1.94675
   8.71141
   9.13282
   7.02218
   7.72759
   2.74589
    3.8363
   7.69695
   6.70652
   7.05835
   7.39765
   6.97317
   6.84314
   7.50154
    6.8192
   6.37402
   6.90498
   7.98528
   7.32258
   7.59778
   7.50431
   7.06129
   4.99219
   3.30452
   7.71361
   10.8971
   9.62797
   8.28535
   8.60198
   14.8913
   4.82186
   10.2498
   6.13491
   8.03316
   7.22706
   9.96996
    4.4868
   3.85162
   2.29746
   9.79988
   5.03267
   5.53759
   5.60088
   3.97482
   6.89465
   9.00137
   8.95122
   2.34161
    6.5514
   9.34352
   8.80916
   8.64525
  0.154399
  0.605549
  0.652654
    4.9295