 0.468531
  1.69189
 0.261551
  1.88508
  5.59191
  4.84274
 0.236114
  2.68882
  2.80731
 0.427683
 0.783683
  5.17449
  4.71419
  5.22247
 0.662716
  4.57576
  4.31969
  3.43666
  3.19009
 0.906919
 0.554788
  0.22956
 0.439047
   0.4462
 0.537393
  1.07808
 0.450665
  1.17425
  1.11559
  6.92732
  2.70367
  2.33394
  2.37863
  2.58391
   2.6021
  2.47104
   2.7291
 0.562815
  2.73332
  3.09762
   3.2045
  3.22031
  1.64633
  1.19259
  1.12644
  1.11318
  1.17499
  1.76577
  1.19437
  1.20902
  1.47606
  1.40219
  1.08215
 0.381093
 0.314176
  1.47782
  1.31759
   1.5197
  1.45888
  1.84082
  1.01497
 0.308795
 0.741883
 0.654292
  2.53988
   2.0337
 0.934292
  4.41399
  3.43911
  4.89621
  4.78849
  4.75478
  4.95845
 0.628961
 0.937621
  1.47523
   2.7299
  2.11816
  2.30876
  1.74641
   1.7955
  2.94845
  4.58386
 0.324831
  1.02597
  2.84864
  2.19384
 0.273113
 0.293405
 0.221861
 0.108303
 0.178937
   1.0787
 0.749908
  1.59906
  3.86561
 0.650792
   2.7416
  1.07736
  1.80652
  2.86938
  1.54496
  1.03013
  1.16134
 0.491104
  2.77948
  1.96128
 0.597141
  2.15082
  1.18139
  2.09337
  1.20601
  2.03831
  7.34734
 0.487718
  3.06981
  1.91567
  3.09934
  1.39828
  1.22863
 0.935552
  1.17942
  1.06476
 0.327123
  1.08219
 0.999802
  2.48905
  2.47654
  1.91277
  2.03625
 0.497014
  1.06399
0.0954553
0.0260059
 0.376719
 0.352497
   1.0384
  0.27138
0.0240354
  1.54455
  1.90669
  2.00112
   2.5711
  2.86272
  1.11382
 0.545796
 0.841238
 0.820034
  2.30135
  0.69296
  1.93518
  5.93659
  6.02952
 0.448297
 0.727436
 0.514259
 0.896468
  5.10328
  5.29162
  3.65353
  2.72028
 0.112556
  4.55445
 0.950003
  1.57249
 0.609137
 0.295787
 0.161221
  3.93534
  3.18136
   5.6427
 0.897294
  2.25644
   2.7595
   2.6703
  1.56805
  1.55986
  1.40963
 0.643156
  5.53778
  5.25478
  1.84318
  1.49948
 0.341309
  1.33786
  2.24308
 0.513604
 0.675271
 0.689639
  3.03199
  0.49224
  2.82513
   1.2999
 0.716504
  2.51723
   2.3179
 0.459711
 0.680588
 0.219811
 0.617581
 0.441189
  2.22962
  1.88617
  1.27841
  2.71024
 0.257584
0.0240367
  4.61824
  1.28232
  2.50178
  4.66064
  8.69086
  3.78014
  3.13523
  6.12015
  5.60182
  6.18797
  1.25729
  3.17281
 0.174952
   3.4552
  2.66571
   5.7428
  5.69132
 0.490572
0.0372741
 0.233856
 0.954118
0.0315441
 0.755949
 0.701237
  3.41097
  3.34762
  5.53191
  5.84399
  1.15026
 0.716208
 0.811106
  1.20112
  1.35082
 0.923699
   4.8362
  4.70386
  3.97267
  2.97701
   4.6634
  4.56403
 0.526997
  4.68386
0.0452198
  2.09394
 0.809376
 0.664182
  0.42552
  1.93547
 0.849295
 0.824304