   1.74875
   0.89692
   1.69098
   1.93725
  0.825657
   1.32908
  0.764019
   3.63237
   1.31799
   4.84178
  0.452659
   1.40799
   1.91829
  0.744639
   0.23346
  0.637665
   1.47557
 0.0924937
 0.0260369
  0.113722
  0.413933
  0.499018
   1.29105
   1.62864
   1.54802
   3.55339
   4.06824
   4.73445
    4.5775
    5.4548
    5.2973
   3.72209
   4.00784
  0.431623
   1.07791
   5.37484
    2.2876
   2.04884
  0.601997
  0.479621
  0.180139
  0.561524
   0.10506
  0.340658
 0.0450926
  0.268388
  0.314988
  0.191072
  0.823262
  0.703777
  0.751781
    1.3191
  0.901565
  0.855763
   3.85024
   3.82435
   3.61443
   4.66289
  0.291038
  0.500813
  0.196903
   4.01606
   4.79034
   3.31938
   4.17813
   1.46043
 0.0462032
   3.12081
    2.3738
   1.62354
   4.15503
   4.77599
  0.278552
   1.44007
    4.1093
   3.16421
  0.232051
 0.0762841
  0.173851
  0.215166
   0.28644
 0.0628807
  0.229479
  0.366649
   1.08722
  0.725113
   6.28913
  0.238034
   5.19227
  0.448281
 0.0387839
 0.0217545
   1.12675
   0.86218
   2.16575
   2.26668
  0.230299
  0.278167
  0.468066
  0.850895
   1.63308
  0.299381
  0.931863
  0.418488
  0.791014
  0.232904
   3.44623
   3.15069
   1.16055
   0.71037
    1.9479
   1.98061
   2.02193
  0.795027
  0.001082
    2.3224
   1.59783
   1.59872
   1.04398
  0.971896
  0.323642
  0.531817
 0.0329605
   1.15473
  0.668407
   1.90551
  0.998218
   1.00108
  0.619181
  0.267437
   2.15026
   3.01768
  0.872515
   1.04821
   1.68455
   2.16051
     2.499
 0.0602196
   1.27004
  0.876772
 0.0527844
  0.567518
  0.547892
  0.151464
  0.726957
  0.718658
   3.82815
   1.03873
   1.43593
   2.57389
   2.58855
    3.1508
   1.82348
   2.28339
    3.3028
   1.20308
   1.36363
  0.731533
  0.478191
   1.47518
   1.37694
  0.549132
   1.05804
   3.54923
   4.92746
   3.07135
   4.49052
   1.32206
    1.4912
   2.91597
   1.14389
   1.30207
    2.1172
   3.28023
  0.967644
   3.20938
  0.192662
  0.510455
    1.2713
   5.04226
   4.46377
   1.09112
   2.57591
   2.16117
  0.145125
  0.691457
  0.797836
 0.0528179
   3.77927
   1.64677
  0.395886
    0.2943
   2.65288
   1.02853
   5.33383
   5.23614
 0.0117466
   1.84095
  0.649432
  0.553177
   3.14866
  0.037323
   1.24041
   1.08657
    2.0574
   3.23231
   1.65429
   0.73371
   4.45894
  0.139876
   3.46489
   4.58664
   3.69357
   2.01387
 0.0580824
  0.122986
   1.74623
   1.05713
   1.26653
  0.977341
  0.146291
   4.34764
  0.752158
  0.029952
   2.98915
   4.05156
  0.669939
  0.107589
    5.3718
  0.674308
  0.334853
   2.53758
   1.02538
   0.70227
   1.27649
   1.56515
   1.05548
   3.88578
   4.99879
   4.86714
     1.292
   1.56085
   2.67919
   1.66835
   1.32891
  0.857079
   2.40971
   2.26001
  0.733161
   0.16197
  0.427449
   4.85651
  0.399119
  0.061673
  0.870381
   1.31988
   2.64353
    3.9125
   0.68336
   1.69419
   1.39822
   1.86058
   0.28875
   5.00659
   1.96551
   2.90794
   1.39631
 0.0219558
   1.49354
   0.52615
   1.17356
  0.165976
   3.62681
   4.48433
   4.09872
   4.54267
  0.919187
0.00639584
  0.346722
   4.06958
 0.0747841
   2.61508
  0.737846
   1.40295
   1.60634
   2.10522
   3.85404
    1.0581
   5.09524
   1.20338
   3.00918
   3.74478
    1.0303
   1.05457
   4.65182
   1.69044
0.00984924
   3.41401
    1.3935
   0.68628
 0.0972165
   3.73103
   3.94512
  0.396817
    4.8348
   4.67711
  0.709399
  0.540256
   1.93548
   4.38509
   1.40203
  0.236061
   1.43796
   2.26743
   1.67159
   1.91532
   1.25493
    2.1453
   6.05266
   4.45215
   2.60827
   2.82665
  0.574669
   1.37156
   4.01321
   1.32415
   1.17665
   1.41109
   1.40312
  0.137716
   1.31899
   4.43688
  0.929221
  0.574891
  0.117952
   1.19275
  0.180769
   0.72539
   1.22432
   4.86983
  0.143499
   2.53842
   2.37394
  0.490277
  0.678539
 0.0291089
   1.24984
     5.453
   1.98743
   4.84315
  0.551689
   5.47922
   3.05606
   1.27402
   3.93358
    0.1511
  0.557563
    5.0175
   4.53919
   2.43333
   1.25814
   1.72011
   1.66672
    1.9953
   2.59035
  0.779375
   4.91978
  0.259521
   4.80577
  0.561908
   1.60335
  0.128521
   0.31573
    5.0699
   4.04993
   1.27229
   2.14479
    4.8219
  0.758842
   4.34433
   1.02036
   1.88969
   1.98727
  0.843363
   1.43318
   1.90892
   1.60115
   3.82868
   5.50347
  0.130767
   8.07173
    1.4748
  0.675507
 0.0934353
  0.853774
  0.275493
  0.745864
  0.162971
   4.73933
   0.12294
 0.0215564
   4.48162
   1.96026
   2.05847
  0.143051
   4.35083
   3.99236
   3.99013
    1.5989
  0.326541
  0.530744
  0.513708
  0.255618
  0.110254
  0.137484
  0.161752
   2.44604
   2.94753
   2.67271
   3.62729
 0.0209186
   3.67025
    3.8334
   3.58043
  0.687189
   2.53231
   2.30366
   1.27085
   2.02818
   4.93479
   8.45641
  0.736586
   1.06538
  0.354611
   3.04282
  0.706846
  0.355814
   0.39252
  0.266947
   1.39846
   1.40585
   2.20001
   1.25312
   5.36693
   3.41845
   3.65118
   4.45434
   2.33711
   1.12401
   2.18333
   1.67085
   0.54269
  0.912169
 0.0573557
   1.46528
   2.56013
  0.528934
   1.12624
 0.0522563
   1.09235
   2.04608
  0.875808
   1.19086
   2.56871
   2.50341
   6.05373
   6.17858
   1.20884
  0.654254
   1.15631
  0.454664
  0.575543
   3.18687
   3.45288
   3.00237
   2.10148
   1.05007
   3.32003
   4.12548
  0.895328
   4.27832
   2.29399
   2.00368
   1.47071
   2.73983
   2.73295
   1.09162
   2.20626