 0.0387065
   1.50343
  0.606814
  0.365999
   0.74564
 0.0430308
   1.79702
  0.225497
  0.244974
   1.01459
  0.343969
 0.0246109
  0.258411
   1.24769
   1.77499
   1.35852
   1.57083
  0.891573
   1.90078
 0.0558918
   0.78896
  0.531853
   1.16061
   2.14867
   22.3465
 0.0286276
   1.27106
  0.858646
  0.611995
  0.914862
  0.137501
    1.4379
   1.12452
   1.13351
   1.16537
 0.0571648
  0.943922
    1.8783
   1.27857
  0.659186
  0.821136
   1.14368
  0.745048
  0.690285
   1.17738
  0.714519
  0.780596
 0.0222964
  0.251206
  0.167243
  0.253085
  0.575486
  0.147019
  0.392744
   22.2767
  0.919919
   0.29318
   1.22424
   1.31445
  0.591205
 0.0861869
    1.2618
     1.527
   1.61903
  0.776621
   0.87152
   2.02036
  0.808489
  0.355439
  0.693704
  0.416338
  0.971869
   1.24432
  0.845935
  0.898643
   1.52912
   1.99463
  0.491821
  0.452706
   0.42218
  0.134875
  0.551518
   0.32285
  0.170163
  0.203537
  0.560026
  0.855764
  0.834441
  0.564953
  0.528848
    1.7973
   0.39452
   1.15934
   1.17796
  0.325622
  0.890669
  0.133507
   22.1713
  0.696131
  0.580102
   0.49639
  0.658513
  0.819366
   1.24896
   1.32972
  0.569878
  0.591219
   1.16905
   1.27001
    2.0385
   22.1755
 0.0569672
 0.0309075
  0.507671
   1.27066
    1.4467
  0.834454
  0.627447
  0.527462
  0.787233
  0.298319
  0.447414
  0.481177
  0.837739
  0.127813
   1.02083
 0.0174361
  0.446955
  0.523341
  0.399886
  0.948777
   1.01661
   1.06744
   1.00969
  0.683749
   1.77394
   2.27042
    1.0902
  0.739136
   0.73978
  0.673562
  0.693648
  0.579971
  0.636267
  0.140253
  0.334406
 0.0129391
  0.865215
  0.570576
  0.954856
   0.87445
   1.23278
  0.510536
  0.599518
  0.168578
  0.407338
   1.84583
   22.8876
  0.633129
 0.0713693
   1.23103
    0.6539
  0.801983
  0.482941
  0.641734
   1.00434
  0.159824
  0.679983
   0.76547
   1.46626
   1.11475
     1.597
   23.2232
    3.5232
   2.33553
  0.998628
  0.108838
   1.06203
  0.810776
   1.37504
  0.147563
  0.341155
  0.688449
   1.49989
  0.785086
   1.19584
   23.3081
  0.412354
 0.0853606
  0.403613
   0.91949
   1.50119
  0.725132
  0.537119
  0.976349
   1.51586
  0.691096
  0.535047
   1.11191
  0.657183
  0.893321
  0.436325
  0.307775
  0.800668
  0.449368
   0.47384
   1.33336
 0.0329144
   0.47265
  0.741332
   1.44376
  0.170588
  0.857595
   1.24883
   23.2235
    23.018
  0.937238
   1.09873
   22.6574
   23.0461
  0.786311
   1.74307
   1.98507
   22.3102
 0.0648174
  0.796126
  0.633164
   1.28156
   1.15911
  0.213521
   1.00433
   1.16935
   1.29516
   1.45212
   22.7306
  0.413294
  0.267549
  0.586013
   1.11474
  0.242176
  0.647098
  0.278906
   1.20957
  0.773241
   1.59419
  0.546453
  0.799967
  0.154512
  0.786816
 0.0867638
   1.24086
  0.344251
   1.02679
   1.50428
   1.37001
 0.0860582
   1.01575
  0.897222
   0.83646
  0.963032
  0.962388
   1.63702
  0.518345
  0.491836
   2.08764
   1.00764
  0.776159
  0.280448
  0.538356
  0.510453
   1.47583
   1.18401
  0.928414
  0.556407
  0.569785
   1.01526
  0.982672
   1.00204
  0.211183
 0.0420803
   1.65158
   1.21136
   1.14475
   2.93044
  0.418712
  0.664534
  0.717083
    1.7973
  0.586456
  0.511679
  0.858162
   1.10819
  0.218963
  0.652845
   0.84647
  0.162662
  0.713096
   1.30887
  0.830683
  0.400773
  0.820942
  0.818211
   1.55782
   1.10703
   0.25881
   23.9258
    0.6489
  0.227256
  0.766167
  0.216749
   1.06238
  0.915451
  0.741348
  0.187467
   3.22508
   0.97044
    1.1941
   23.0756
   1.11465
   1.45291
  0.435431
   5.44967
   0.32366
  0.979068
     1.219
  0.674266
   0.29184
  0.845701
  0.643658
   1.62991
 0.0245151
   1.00923
   1.02411
  0.712102
  0.890861
   0.75717
  0.315343
  0.937814
    0.9733
   1.04957
  0.999115
  0.488462
   1.46477
   23.1863
   1.26522
  0.923681
   23.1059
  0.741561
  0.735513
  0.346167
  0.762956
   1.18223
   22.2667
   23.2968
   1.11498
  0.386678
  0.853781
   0.18767
  0.985402
   1.52629
   1.82391
   1.22112
   0.66925
    22.815
   6.05178
  0.611147
   1.95433
   1.71761
  0.957762
  0.986965
  0.389582
  0.805192
   23.1663
  0.665184
   1.42941
   1.18028
  0.389665
   1.76135
   23.1228
    1.0407
  0.239755
   1.20221
   1.43765
   1.69534
   1.17587
   0.69695
  0.905028
    1.2396
   22.7383
 0.0660555
  0.312655
  0.125482
   1.95495
  0.868591
   22.2564
  0.479003
   22.5659
   22.1995
    1.2036
   22.7307
   6.28315
  0.962794
  0.999938
   1.38841
  0.392288
  0.814747
   1.30209
  0.295423
  0.275823
   1.26451
  0.269837
   1.55368
   22.1576
  0.805571
  0.951304
  0.579981
  0.394532
  0.514553
  0.800845
    1.2968
   23.0921
   1.37656
  0.358198
  0.981302
   1.11918
   1.22895
   1.06791
   1.12993
 0.0777088
   1.27917
   1.09343
   1.20591
  0.481636
    1.3568
   1.46182
  0.730175
   1.27893
   1.10895
  0.759333
  0.996806
   1.66314
   0.10127
   1.39782
  0.566519
  0.602243
    1.0794
  0.448543
  0.790837
   1.22358
   0.44835
   1.18543
   1.60749
  0.193073
   2.07799
   22.2673
  0.462294
  0.693441
   1.17981
  0.977087
   22.3816
  0.968281
   22.2664
   22.3615
   1.50215
  0.327264
   22.7589
   1.24939
  0.537393
   4.31958
   23.1838
   1.51807
  0.892346
  0.546041
   1.21323
   1.29472
  0.954148
  0.814684
  0.482146
  0.900458
  0.700123
   1.27831
  0.644027
  0.373226
   1.29987
   1.07013
  0.697566
   0.36997
  0.846994
   22.9881
  0.262192
   1.29605
   1.80049
   1.51634
   23.2741
   1.92026
  0.898609
  0.171531
  0.880579
    23.296
   23.3581
  0.148548
   1.01195
   2.87214
  0.333897
  0.557178
   1.12866
  0.313176
  0.827258
  0.286747
   0.30769
   2.50263
  0.912169
   0.70915
  0.556401
   1.38463
  0.990118
   4.48525
  0.225314
   1.88862
  0.188299
   0.67799
  0.771435
  0.394622
  0.532383
  0.640241
  0.475316
  0.335317
   1.14048
   1.46338
   2.30191
  0.771001
  0.235418
   1.02795
   1.83014
   1.63893
   1.32314
   1.38774
  0.203053
  0.507794
  0.708305
  0.444011
  0.252906
   1.45104
   1.23642
   1.22193
   1.35693
   1.15833
   1.60236
  0.986968
   1.05946
   1.34498
  0.827467
  0.836729
  0.396033
 0.0582559
  0.875315
 0.0213136
  0.239132
   1.96469
  0.970376
  0.826222
   1.67381
   1.55707
   1.55541
   1.37798
  0.225793
  0.110573
   1.07117
  0.884836
   1.54846
  0.613726
  0.456169
  0.615555
  0.845086
  0.763389
  0.219222
   1.52564
  0.966901
   1.67948
  0.554469
   2.54617
    1.1622
  0.141767
   1.44963
   1.29629
   1.08928
   1.24648
  0.246571
   0.36243
 0.0800819
   1.14661
  0.843837
  0.257618
  0.946415
  0.031906
  0.691222
  0.245993
   1.01388
  0.899741
  0.205678
   1.04492
  0.574804
   1.18049
  0.420441
  0.233018
0.00741089
  0.208381
   1.33134
   1.13088
 0.0667985
  0.836659
   1.08692
  0.337204
  0.381287
  0.097696
  0.230369
   1.48855
  0.781254
  0.651263
  0.384442
  0.393815
  0.173101
  0.299793
  0.937024
  0.910479
  0.527254
  0.871773
   1.60698
   1.04077
 0.0202354
  0.138209
  0.989758
    1.8152
   1.67901
  0.261475
    1.2783
  0.480205
   0.11555
   1.15819
   0.60215
  0.179677
   1.04294
   1.56139
   1.49223
   2.21544
  0.925678
  0.879583
  0.448638
  0.865025
  0.868515
   0.29798
  0.612515
  0.337635
  0.276859
   1.30748
  0.697286
   1.80581
   1.58715
  0.611339
  0.254372
  0.734706
   0.68663
   0.65314
  0.350749
  0.100692
 0.0950739
  0.106644
 0.0769227
  0.331642
  0.581146
0.00692354
   1.13238