   1.76849
  0.298951
  0.178378
  0.605119
 0.0595603
    4.2518
   4.16813
   3.78173
   3.78364
   1.01088
  0.704804
  0.111492
   7.97051
   4.74943
   4.70049
   3.92086
   4.05566
   3.29799
   2.80909
    3.0212
   3.43141
   4.57252
   4.62553
   5.35482
   4.87585
   4.70186
   1.73009
   2.03438
   5.80836
   4.29093
   4.41067
   4.60405
  0.270275
  0.737417
  0.565527
  0.129166
   0.22329
   3.38458
    2.7746
   1.05094
   1.82528
   1.07695
   1.01637
  0.216102
  0.931035
   7.20414
   6.16792
   3.24425
   3.62223
   3.77794
   1.65259
   1.32684
   4.32434
   4.10087
    5.3553
   8.72293
   9.38179
   2.25347
    5.0935
   5.23704
   4.53945
   10.1839
   5.69326
   3.81011
    3.8072
   5.56107
   2.05779
   3.89858
   8.34353
   3.28564
    3.2648
   2.99201
   3.96551
   2.24519
   3.45771
   4.90747
   3.98686
   1.67934
   1.28544
   3.68284
   3.94891
   1.92262
   2.56298
   5.27209
   5.36394
   4.15128
   4.20611
   1.23773
   2.54498
   6.20939
   8.98742
   8.07045
   2.81431
   9.54088
   9.86269
   4.21804
   5.09738
    2.4211
   8.24886
   5.27236
   3.64539
   2.45246
  0.486994
   2.35644
     1.675
   2.32463
   4.22581
  0.822989
   1.99304
   1.63106
   1.21051
  0.303788
   3.01085
   4.20799
   3.08021
   4.65688
   1.33771
   5.43334
   5.22844
   9.21972
   2.27513
   2.13227
    3.2371
   3.06741
   1.10698
   3.97698
   0.77237
   2.34678
   2.34183
  0.882457
   3.83037
   1.50684
   1.55344
   5.50455
   3.63319
   4.07371
   2.08167
  0.479154
   2.41743
   8.46936
   1.20069
  0.578139
   1.08208
   3.96916
   4.77877
   2.91043
   1.32171
   2.92814
  0.628719
   7.99773
   8.97029
   4.91634
   4.82598
   2.23635
   1.02004
  0.181676
    1.9468
   1.80506
   3.49099
   4.11331
  0.449215
   4.94622
  0.681082
  0.832615
   10.1106
  0.890915
   4.25157
   5.47405
   2.57072
   4.71231
  0.458984
   5.89146
    4.3021
    5.0371
   7.59449
   1.04387
   2.77116
   1.65567
   2.50784
  0.465635
   0.79892
   6.47464
   5.43713
   3.47614
   4.85541
   3.88119
   4.54494
   3.66532
   3.61918
   4.73907
   5.48731
   1.12121
   1.26273
   1.60911
   3.57138
   4.02061
   1.75525
   1.04168
   1.04658
   3.92928
  0.778164
   3.26869
   5.14888
    7.4403
   2.51939
    1.6678
   4.26671
   3.91267
   3.43299
   4.62129
   1.59302
   6.94652
   4.01516
   1.93945
   1.21922
   0.84207
    4.6664
   9.87186
  0.899456
   11.7789
  0.749922
    7.5517
  0.715733
 0.0282681
 0.0321779
   1.91931
   4.84803
   0.78555
   4.31996
    2.5128
  0.971279
    3.0034
   2.97254
   9.79809
   4.06113
   2.25128
   10.0047
   10.1068
   6.61137
   10.5195
   1.44748
   1.43938
  0.633186
   8.43063
   1.74723
   3.20286
   1.44332
  0.293893
  0.662875
   1.36063
  0.215628
   0.57486
 0.0904078
  0.467698
  0.719903
  0.141796
   3.77778
  0.309154
   3.35218
   3.65848
  0.357337
   3.52546
  0.831902
  0.214342
   3.59416
   2.38505
 0.0733635
   2.37232
    4.3393
   4.11225
   2.62868
   2.29499
   2.93712
  0.243095
  0.562481
  0.213479
   4.26993
   4.04955
    10.633
   10.6478
   11.2378
   10.4746
   12.1124
   1.43155
    4.0201
   4.16794
0.00686967
   2.47744
   7.07861
 0.0847755
  0.235122
  0.438813
  0.960141
   1.57673
   1.96298
  0.106019
  0.121547
  0.587233
  0.133893
  0.257119
  0.698807
   0.67084
   4.50556
   4.18501
  0.253368
  0.615823
   1.24973
   2.19658
   2.75999
   2.15667
  0.978244
  0.230046
  0.474999
  0.223196
  0.353217
   1.42775
   1.79436
   1.57819
  0.914966
  0.390621
  0.610553
   1.86346
   2.77471
   2.15542
   1.43162
 0.0863884
    0.3067
  0.561435
   1.14353
   3.43472
   3.00757
   3.98524
   3.98171
   3.45916
   3.86722
   3.75631
   2.27883
   9.99249
  0.921376
   2.46301
   1.45287
  0.891222
   1.18212
  0.961397
  0.177155
   2.79722
    1.5353
  0.624074
  0.941648