   1.69419
   2.25421
   2.31881
   2.01072
   1.99688
   1.73207
   1.43811
   2.38624
   2.16913
   4.81227
   18.5142
   2.07328
   2.30648
   2.39669
   8.96355
   2.37922
   2.65145
   2.21297
    2.1849
   2.25025
   4.72245
   3.68837
    2.2742
   2.41372
   14.7388
   16.2237
   17.4437
   1.99831
   5.29826
   6.87843
  0.754703
  0.591119
   1.11344
    1.7421
   35.4609
  0.196702
   6.90937
   0.67631
   1.64292
   1.53165
   41.5219
  0.525426
  0.899882
   1.62514
   1.36023
   2.02508
   10.2011
  0.816991
   1.07636
  0.136655
  0.681967
   1.38324
  0.188412
   2.03492
   3.44255
   18.6781
   3.32995
   3.85794
   3.74247
   2.15991
   4.23865
   2.76476
   2.05583
   8.64453
   9.82092
   1.69717
   1.96769
   1.62985
  0.814864
   2.72918
   2.19445
    2.7326
   3.43017
   3.73479
   3.53101
   3.59423
   1.93196
  0.145973
   2.01795
   39.6806
   2.69785
   3.88876
  0.242923
   2.42198
   40.4562
   1.79101
   1.90388
   5.96449
  0.779749
   1.65545
   2.69991
 0.0643417
   2.24046
   2.50008
    0.5622
   1.73465
   1.75414
   2.69533
   2.02168
   1.32053
   2.75601
   2.76793
   1.15756
  0.296166
0.00783333
  0.364208
   2.53605
  0.585916
   40.8104
   39.1068
   39.7352
   3.90794
  0.100562
  0.370987
0.00815172
   2.19459
  0.970746
  0.150902
    4.3902
  0.239944
   40.0222
    40.772
   0.86405
   1.46448
   1.17141
  0.719187
  0.922153
   1.57305
   1.82747
  0.718634
   2.93222
   2.26541
   1.17215
   1.89126
  0.343136
  0.229855
   2.24789
  0.113819
   10.9479
   1.87946
   2.18136
   2.90483
   1.75446
  0.808271
  0.188011
  0.693206
   3.91642
  0.341047
   1.97932
   3.01573
   2.53891
   2.99482
   4.00463
   2.25438
   2.54731
  0.103828
   2.52071
  0.867311
  0.893044
   6.99414
   10.1117
  0.309072
     1.829
   1.58996
   3.17805
   2.72141
   2.45821
   1.84377
  0.340564
   2.67948
  0.136462
   11.9494
  0.780667
  0.717943
   2.16673
   1.43853
   1.58523
  0.487656
   5.41677
   2.30531
   2.30093
   3.36706
    0.8368
  0.431024
  0.401578
   28.3722
   9.00242
   1.04078
   1.53563
  0.477848
  0.722826
   1.65017
   3.31036
  0.726554
    0.2491
   1.65012
   1.66628
   1.13562
   2.87131
   1.08349
   3.34078
   1.15833
   1.81819
   1.80143
  0.569759
   2.50661
   2.42391
    8.4944
  0.434006
   23.8664
  0.816792
   1.25735
    25.319
  0.134144
  0.725337
   1.47786
  0.700122
   1.44213
  0.590169
   1.74312
   1.12196
   1.23711
  0.176126
  0.213733
   1.95003
  0.412341
   9.71026
   5.57275
   31.1582
   2.36442
   2.53773
   2.59967
   11.5893
   37.4373
   41.7941
    3.2877
   2.10601
  0.166973
  0.528041
   1.67186
   1.42102
   2.98477
  0.245625
   2.80789
   3.38791
   38.9962
   1.85965
   21.2397
  0.972805
   4.31875
   1.34319
   2.34977
  0.436169
  0.894986
  0.584529
    2.0532
   2.90657
   0.65701
   1.09347
   36.5329
   3.59068
   1.78786
  0.286871
   1.50835
 0.0949015
  0.168849
   1.77556
  0.200522
  0.360313
  0.238731
  0.494836
   3.55957
   2.73904
   40.6914
   1.58868
   2.50486
  0.681965
   4.11636
   2.83159
   3.05886
   2.03654
   1.65491
  0.328824
  0.590774
   2.69171
  0.545325
   1.01042
   6.16316
   10.5597
    5.0626
   16.5493
    5.9695
   2.34385
  0.225523
   2.59669
   2.74852
   0.83193
   2.86564
   28.2683
   2.14023
   0.52479
  0.360064
   2.41705
   1.71482
   9.23852
 0.0255096
  0.830701
  0.147096
   1.01475
   2.28186
  0.727167
  0.899049
   1.07269
   1.72227
  0.668205
   1.52936
  0.964016
  0.404432
   0.74535
 0.0743864
   2.23678
   1.14998
   2.63852
  0.268605
   3.58885
     1.905
  0.548555
    0.1888
   1.48111
   1.28151
  0.814511
   0.81731
   2.49867
   2.21766
   2.43703
   2.63872
   0.49987
   1.11053
  0.819288
  0.685298
   1.07085
  0.235301
   1.59315
   1.10241
    1.4196
   1.10727
   1.08452
   1.62438
   1.88557
   1.92861
   3.05082
   30.2131
  0.775458
   1.85958
  0.720697
   26.3212
 0.0737632
   1.30577
  0.413278
   1.48134
   11.1498
   0.47643
   2.78682
   30.7229
   6.78707
   3.54758
   1.95201
  0.457117
  0.548861
   4.45464
    6.0233
  0.545801
   9.73006
   2.13395
  0.109477
   4.49985
  0.460987
  0.294372
  0.160803
   2.64836
   3.67475
 0.0495417
   1.64905
   1.68504
  0.452145
   1.03121
   3.45326
   1.03343
  0.684172
  0.466938
  0.433991
   1.48971
   1.07173
    4.0904
   15.7021
   2.33873
   2.21385
   2.81696
   1.49901
  0.402117
   5.54275
   1.54963
   26.2277
   6.64927
   1.44337
   41.3214
    10.119
   1.46825
  0.894469
   2.27645
   1.51399
   34.9725
   1.68232
   2.05648
   1.08873
  0.240921
   1.97781
   3.79929
   2.01914
  0.141091
   2.50838
   1.83824
   2.45804
   6.10484
   41.5317
  0.118795
   40.1183
   2.17531
   1.13839
   1.28218
   2.05622
  0.604014
   2.35159
   2.30301
   3.01655
   1.33881
   40.5703
   2.33085
 0.0632454
  0.751012
   1.12601
   1.60369
   2.59025
   1.71152
   3.46427
   6.81197
  0.551843
  0.725394
  0.155601
  0.472262
  0.498321
     1.276
  0.893716
   1.98248
  0.774158
  0.947871
  0.288313
   1.31093
   7.55859
    2.6882
  0.559724
  0.251132
   1.76703
  0.253562
   0.73287
   2.26875
   40.2031
  0.261289
   1.38795
   3.06306
  0.303006
   1.96286
  0.134839
   2.40699
   1.55855
   5.12425
   1.61711
   1.33508
   3.29905
   6.68682
  0.582516
    1.3001
   8.72117
  0.461541
  0.242487
   1.46935
  0.307948
   40.5671
 0.0359168
  0.872474
  0.916909
   1.67227
   1.80771
     1.945
  0.571506
   1.63622
   4.69776
  0.717899
   3.76876
   1.93241
   1.00457
 0.0573586
   1.14819
  0.817099
  0.174031
  0.720736
   2.23885
   1.18773
   8.49734
   40.5784
  0.707478
  0.605303
   2.03058
  0.354159
    1.3223
  0.977496
   4.22975
   15.0242
   1.34724
   1.75456
   40.6599
   1.06153
   3.26333
   1.44237
  0.115872
   1.07418
   3.82922
   1.56875
   1.38428
   2.87062
   1.02688
   1.36175
  0.286632
  0.198885
   9.68035
   3.20772
   1.83375
   2.00309
   1.60392
0.00904158
   8.42465
   2.65432
  0.311051
   1.78258
   2.03579
   1.48822
  0.453149
  0.132009
  0.599241
   2.69674
   6.22367
   41.3335
   2.61591
   4.92025
   4.28614
   35.2293
  0.835802
     23.23
  0.548597
  0.212271
   41.6032
   1.03517
   42.9724
   4.63194
   41.4204
  0.109266
  0.323114
   39.0998
   2.10414
   39.4249
   1.00121
  0.812756
   7.92477
   0.91216
   1.60588
   1.42733
   40.8374
   40.4969
  0.573595
   1.15834
   3.96316
   0.80907
   1.38497
  0.433356
  0.748235
  0.793632
   40.9303
   2.41304
    1.3128
   1.62262
  0.677876
   41.3548
   10.1539
  0.292206
  0.980996
  0.200917
   1.62341
  0.871585
  0.267456
  0.444898
   40.5425
   38.9466
  0.641375
   40.4363
   41.4117
   39.9856
   40.8986
   39.0066
   1.38153
  0.406764
  0.837889
   1.91144
  0.090119
  0.489597
  0.663151
  0.392511
  0.627581
   40.8041
  0.436114
    1.2318
   3.61973
  0.191721
   5.96584
   9.15727
 0.0697651
   40.6337
   2.36506
   5.85017
   10.6147
  0.134473
  0.635029
  0.879361
   9.23357
   1.29999
   40.8391
   40.7286
   13.3552
   1.16481
   0.42475
  0.468223
  0.475579
   1.82411
   1.66057
  0.793037
   3.46165
   1.55918
   1.65049
  0.349224
   1.43141
   32.5226
   0.67023
  0.817631
  0.103623
   40.2853
   40.1867
   18.3378
  0.797161
   1.29404
   3.01143
   6.24562
   4.28088
   3.22349
  0.685815
  0.377501
  0.615625
  0.958754
   1.95798
   8.42659
  0.113797
   1.12178
   4.22439
   32.2866
  0.712685
  0.240401
   31.3151
   0.40725
   3.66332
   1.38464
  0.473394
  0.093938
   1.01636
   2.20459
   0.23061
  0.222637
  0.405834
  0.972723
  0.350892
  0.131782
   1.83093
   2.75907
   5.39631
   3.68836
  0.425445
  0.685219
   0.58287
   5.61043
   2.19305
   41.2827
   4.94812
   35.6021
  0.543348
  0.712805
   6.74823
  0.330609
  0.379865
  0.583649
  0.891005
   1.51136
  0.211443
   1.17887
  0.558152
  0.697867
  0.720568
   0.43385
  0.264936
  0.201951
  0.804966
   0.48182
   1.75143
  0.350014
   9.76487
  0.518805
  0.142627
   7.57814
   1.09507
     1.515
   2.23628
  0.616181
    2.3528
  0.474301
   37.0811
   1.36532
  0.124212
   31.2641
   34.8598
   35.4431
   3.10084
   1.64422
   2.35595
   29.8137
   0.45659
   5.33477
   1.36239
  0.851538
  0.229302
   3.82329
   1.24797
   1.49858
  0.167465
   2.11348
   6.19074
    4.3209
   1.35184
  0.942223
   0.55917
   6.18168
   6.55598
   2.46819
    2.7183
   1.63941
   1.05396
   4.40911
   0.20121
   6.59387
   1.04791
   7.40321
    3.8928
   40.8294
   4.00981
   1.50726
  0.982197
   2.58494
 0.0418891
   1.99595
   0.31893
  0.335147
   1.75166
   3.81535
  0.021659
 0.0145356
 0.0860569
   7.13536
   0.29007
   0.25005
  0.149476
   1.48778
  0.139296
   1.02927
  0.714172
   2.58459
  0.344479
   1.10002
  0.347127
  0.235017
  0.592745
 0.0941053
  0.792987
   15.3774
  0.559833
   3.05711
   4.17968
  0.772487
  0.138836
  0.839367
   6.95193
   40.6695
   5.77878
   5.66925
   3.56101
  0.488642
   1.12548
    4.5378
   1.26094
   2.42257
   3.73079
   5.44072
  0.952762
  0.170137
  0.456507
   5.56145
   3.33308
   2.87159
   2.68645
  0.193536
   1.10329
  0.102946
   2.57025
   1.36791
   2.76085
   2.49064
  0.965208
  0.684653
   2.05751
   1.14266
  0.588967
    10.214
   1.30072
   1.04032
   2.89797
   10.2363
   6.60356
   0.89629
   2.94024
  0.890203
    0.7254
  0.830938
   0.36901
  0.851487
   1.52621
   1.26753
   1.93719
     0.807
  0.826682
  0.633245
  0.816652
  0.144748
   2.94315
   1.68923
   3.08096
   1.06347
  0.350934
  0.798278
   1.38888
   0.54913
  0.594921
    1.4572
   6.91964
   7.28318
   13.0144
   13.1342
   8.77359
    2.5581
  0.484181
   6.14731
   5.59263
   28.3811
  0.635409
    13.278
   12.8734
   12.0789
   12.6431
   42.1796
   15.7167
   13.0433
   13.6404
   5.93675
   1.09772
   1.19707
   11.1451
   1.27902
   1.14944
   21.4878
   5.64441
   6.73862
   12.2065
   13.4389
   2.69934
   6.18261
   9.10395
   12.5795
   12.0144
   2.73808
   2.27691
  0.115815
  0.588682
   28.4308
   2.94602
   3.24631
   12.6578
   12.6233