   1.41313
   1.99557
   2.01297
   1.38529
   2.20899
  0.464358
  0.505901
   1.91245
 0.0556433
  0.183826
   1.83522
   1.24832
   1.22581
   1.89712
   2.14652
  0.911957
   1.56755
   2.32649
   1.64542
0.00295654
  0.104861
0.00704567
  0.398895
  0.772363
   1.97095
  0.591234
  0.440943
  0.403798
    1.4843
   1.43865
   2.49212
  0.977539
   1.99926
   1.44864
   1.34088
  0.523239
   1.95896
   1.88292
   1.37333
  0.484412
   1.27449
  0.838059
  0.474542
    1.6798
   1.12176
   1.37694
   1.52903
    1.4379
   1.40123
   1.38217
   1.22773
  0.874543
  0.884132
   1.16771
  0.934984
   0.30487
     1.249
   1.14308
   1.34022
   1.10268
   1.24106
   1.46214
   1.03242
  0.281898
    1.0777
  0.708363
  0.710995
  0.374761
   2.10594
   1.87417
   1.38416
  0.798033
   2.55262
   2.57333
   2.61641
  0.803303
   1.08936
     1.528
   1.80003
   0.98752
  0.241852
   1.15154
  0.556825
   2.43333
   2.32687
   1.87526
   1.52557
   1.19682
   2.86565
   3.29018
   2.81479
   1.48519
  0.552213
    1.6265
  0.113085
   0.37775
  0.541974
   1.29898
  0.773068
  0.617938
  0.642971
  0.383997
  0.540601
  0.486312
  0.520413
   1.29221
   2.83518
   13.1659
   1.40416
   7.87585
   2.36132
 0.0394858
  0.451392
  0.540135
   0.57974
  0.898697
   0.26837
   0.38044
   2.95465
   0.40589
  0.143587
   1.81559
     1.058
   0.43009
   1.19747
  0.696807
   3.80935
  0.927308
   1.50204
   1.48646
   2.14677
    1.5289
   1.75951
  0.637789
   2.10344
  0.103972
  0.803766
   1.07421
   1.55314
   0.65345
  0.860557
  0.612429
   1.13817
  0.488825
  0.548117
  0.738598
   2.08671
   1.74089
   1.69267
  0.333724
   14.4982
   1.04755
   0.92128
  0.102127
  0.950058
    1.6124
   1.35959
   2.36368
   1.31531
   2.24195
   2.09215
  0.904938
   1.94692
  0.985219
   1.27566
   1.73821
   1.40024
   1.11414
   1.80739
  0.629225
  0.642822
   1.89204
  0.967814
   1.40756
   2.23468
   4.78279
   2.05005
   2.54257
   1.55631
    1.3097
   1.19674
  0.800844
   1.41178
  0.725265
    0.3289
   2.25995
    1.9046
    1.1539
     1.662
   1.19286
   2.49797
  0.571879
  0.048546
 0.0474649
  0.666482
   2.34473
  0.174749
   1.53802
   1.07264
   2.02321
   1.09468
  0.211962
 0.0838509
  0.557321
   1.16256
  0.249169
  0.960275
   1.67897
  0.489354
  0.234666
    1.2477
   1.64003
   1.64896
   1.21522
   1.37458
   1.89881
   1.64145
   2.27706
   1.11302
   1.98548
  0.335297
   1.47505
   1.07556
  0.872653
  0.170368
   1.70619
  0.921237
   1.83628
   1.57049
   1.76066
    1.7641
   2.37938
   0.41948
  0.754074
   2.18698
   1.96079
   1.89665
  0.703898
    1.3429
   1.15015
   1.17066
  0.574634
   1.30358
  0.530558
  0.344424
   1.06377
   1.02887
  0.962732
   1.27792
  0.346563
  0.952003
  0.118121
   2.07975
   1.18357
    1.8966
   1.29538
  0.232655
   1.64579
   1.49845
   2.14704
   1.23942
  0.509014
   1.70773
  0.568253
 0.0914363
   1.91667
   1.34268
   1.59698
   1.15291
  0.326523
   0.65906
   1.75156
   2.23154
   1.89754
  0.842854
   1.65636
    3.3941
  0.440889
   1.94472
   1.85437
   1.57199
   2.38489
   1.46536
   2.04871
  0.203633
  0.538343
  0.436583
   1.35112
  0.205986
   1.81895
    1.4829
   1.18506
   1.64849
   1.61937
  0.718305
  0.219037
   1.94285
    1.4911
  0.661286
  0.877529
  0.416315
   1.64542
    1.4524
   1.28816
   0.75244
  0.790849
   1.64344
   1.78037
   3.65505
   1.71265
   1.23538
    1.9447
   1.10317
   2.19621
    1.9891
   2.19291
  0.683428
   1.86665
   1.58346
  0.927736
   1.32583
   1.65561
   2.18255
   1.59706
   1.09769
   1.35354
   2.15515
   1.76408
   1.64156
   1.17959
   1.51911
    1.9652
  0.391036
  0.549568
   7.59433
    14.108
   1.24704
   1.05404
   1.68107
 0.0953362
   1.36979
    1.5359
  0.430793
   1.83869
   2.33098
   1.61918
    1.3268
   1.65457
  0.682266
   2.18001
  0.975247
   1.94055
  0.752434
  0.526949
  0.900936
   2.52343
   3.53513
   0.27589
    2.1648
   1.88099
   1.20954
    4.7844
    2.2664
   2.12246
   1.28619
   2.14005
   2.29271
  0.908013
   1.52782
   1.22089
   1.29412
   1.48249
   2.10362
  0.838489
   2.32779
   1.42053
   1.80306
  0.945042
  0.918205
   1.40229
   2.43119
   1.43661
   1.42804
    1.9972
   1.30542
   1.51234
   1.70302
   1.93614
  0.615675
    1.5579
  0.113684
   2.41832
   1.15831
  0.825666
    1.3691
  0.867773
  0.055199
   1.42654
    1.0666
   1.86216
   2.68051
  0.113701
   0.12982
   2.00256
   1.59731
   1.67935
   1.55126
   1.87414
   1.50766
  0.201996
   2.21624
  0.369262
   1.30784
   1.33954
   1.62412
   1.19551
   6.62643
   1.78172
   1.53831
    1.4894
    2.4371
   1.99593
   2.25025
   1.56816
   1.05834
  0.832687
   2.44362
  0.764138
  0.113135
   2.19421
   5.13653
   1.32544
    1.0489
   1.51012
   2.02115
   1.46223
  0.906364
   1.47146
   1.06656
   1.52065
  0.222296
   1.89226
  0.205105
  0.329508
   1.98014
    2.1343
   1.90942
 0.0513903
   1.56581
   4.36692
   2.25226
   1.97763
  0.797933
   1.67617
   2.05992
   1.63983
   1.59111
  0.963417
   1.08018
    2.1736
  0.223943
   1.13772
  0.328846
   3.02219
   1.33543
   1.59552
    0.7381
  0.519546
  0.356827
   1.61077
   2.03037
  0.513944
  0.830234
   1.19547
    2.1666
  0.763844
   1.92561
  0.417153
   2.36782
  0.877052
   2.01905
  0.459856
  0.408035
   1.70252
  0.523806
 0.0685082
   2.07916
  0.905603
  0.877558
  0.117016
   1.63987
   1.00431
  0.230387
  0.593518
  0.658239
  0.604702
 0.0143324
  0.931412
   2.04858
  0.651764
  0.758094
   0.71549
  0.646014
   1.17974
   1.72792
   14.4754
  0.657621
   2.87297
   2.22523
  0.435941
  0.427003
   5.19807
    1.7457
   1.69612
   1.41201
  0.838903
   9.60622
   2.14857
  0.682954
   0.44555
  0.720099
  0.851152
   13.3535
   0.81697
  0.407044
   1.01361
  0.949276
  0.320551
   1.08885
   1.57308
   1.77561
  0.978907
   1.80082
  0.660361
  0.501347
   1.14044
  0.750125
   1.40783
   1.29007
   1.15666
  0.478401
   1.14518
   1.85181
   1.22997
   13.0941
  0.912035
  0.681773
   2.15171
  0.822418
  0.499797
   2.53476
   1.27848
   9.69098
   1.05172
   1.41859
   15.5596
   1.06844
    1.6588
  0.916432
   2.65986
  0.480393
  0.563024
  0.507672
    1.0044
   1.16503
 0.0129081
  0.110962
   8.69027
 0.0391427
   1.86423
   1.82991
   2.17445
   1.33527
   1.57882
  0.824171
  0.936635
  0.932144
   1.28241
   6.94438
  0.525373
   1.42604
   1.48538
 0.0175525
 0.0431803
  0.905208
  0.307273
   1.41632
   2.35593
    13.007
 0.0767662
    2.0328
   2.34572
   1.53326
   1.57932
  0.973827
 0.0245001
  0.796994
   3.18727
   18.9094
   3.06599
   2.24829
   2.69908
   1.17106
  0.852489
   1.01992
  0.843349
  0.700751
  0.625693
  0.631782
   13.2257
 0.0338622
   12.2519
   1.40294
   2.81574
   18.3855
   5.27924
    1.7306
   11.6774
   15.8236
   16.4152
   1.21685
   1.33477
   1.35041
  0.806088
  0.831903
    0.8848
   2.65648
  0.734754
  0.236407
   12.9906
  0.815475
  0.456946
   6.99819
  0.582092
   8.75089
   8.59159
   1.14604
   1.59844
   5.17779
   1.33747
   2.01505
  0.307298
  0.265989
  0.473985
   12.4797
   1.41292
   1.58531
   5.61923
   1.87469
 0.0737988
   15.6047
   13.3311
   1.27645
  0.832155
   1.61318
  0.648581
  0.844807
   1.22665
  0.347182
   1.64152
   1.31382
   1.40218
   14.4209
   12.4005
   19.6134
   1.40957
   1.35411
   7.61621
   1.57549
  0.304216
  0.374648
  0.914249
   1.49518
   1.53003
   2.36005
   3.04148
   2.78032
    9.8113
  0.612526
   1.28196
   1.97712
   6.35528
   1.09691
  0.311007
 0.0121745
 0.0649483
   2.36924
   2.08972
  0.563031
    1.3196
  0.325741
   1.37003
  0.584238
  0.777831
  0.186983
   1.46113
   1.76392
   1.02159
  0.545492
  0.285596
  0.188016
   2.43514
    1.1935
  0.779279
  0.274531
  0.713167
   1.73969
   5.61138
   1.03088
   1.21058
   1.54338
   3.54372
 0.0798739
  0.572115
    1.4042
   1.26389
   11.1053
   1.12241
  0.734562
  0.953859
  0.145494
   3.03446
 0.0443387
  0.980385
   1.82383
   1.65074
   1.39369
  0.832145
   1.76785
   1.06167
  0.425363
 0.0647172
   2.32058
  0.546544
  0.469592
   1.39256
  0.636303
  0.863039
   1.74636
   5.24058
   2.67405
  0.907648
    0.4679
  0.123731
  0.610436
    0.4067
  0.796128
  0.305252
  0.512513
  0.260925
   3.65477
  0.959455
   3.55528
   3.16029
  0.974885
   1.12772
  0.644359
   1.01105
   1.15633
   15.1874
   1.13222
   1.29415
  0.526397
  0.122777
   0.96981
  0.935533
  0.938175
  0.326702
  0.838039
   1.16057
   3.55444
   1.74867
 0.0503572
   1.02101
   1.83365
   1.25342
   1.54247
  0.829872
 0.0430677
   3.24376
   1.16856
  0.446748
  0.540204
  0.867532
  0.578232
 0.0524551
  0.981549
 0.0924551
  0.759822
  0.770968
  0.549134
 0.0974036
 0.0480974
  0.118729
  0.376717
   2.57996
   1.88607
    2.5466
  0.965107
  0.660113
  0.408174
  0.288176
  0.433409
   1.37289
  0.401894
   14.0751
  0.674849
   2.27612
 0.0513121
   1.62557