  1.73106
  2.80509
  2.00227
 0.890487
 0.807905
  1.97362
  1.69039
  7.52571
   2.1017
  3.44218
  2.08208
  2.98833
  3.03408
  5.33824
 0.900247
  1.38483
  1.38411
  1.53569
  4.34792
  6.79703
  6.68683
  6.68395
   6.1653
  5.88189
  5.88353
  6.27285
   6.7894
   4.9095
  5.39764
   6.8221
  1.38772
 0.404405
 0.494249
 0.490514
 0.185798
 0.251796
  0.41127
 0.174177
   1.5418
  1.14549
  1.29024
 0.358436
 0.934198
  1.73738
  4.27806
  3.00695
  3.10747
  3.29745
  3.96639
  6.24664
  6.79336
  5.27036
     1.33
 0.763711
  5.65624
  7.00429
  7.28797
  1.92595
  2.33021
    1.655
 0.991535
 0.838312
  1.90567
   1.3191
 0.754793
  9.94454
 0.847895
  3.53248
  5.04043
  3.55834
  2.50959
  2.54294
 0.101476
0.0772502
 0.194183
 0.339221
  0.33328
 0.756247
 0.615228
  7.52555
  6.31097
  1.13027
  1.22546
  2.71128
 0.479312
  4.60493
  3.44353
  2.29419
  1.58902
  7.00341
  1.69156
   1.6111
  3.63483
   3.4107
  0.74837
  3.02494
  1.27759
 0.370916
0.0776161
 0.924511
 0.921019
  1.29101
   1.9969
 0.116254
  4.00684
  1.25576
  1.10996
 0.926442
  2.29272
 0.721247
   2.1901
  2.77726
 0.595168
  1.68576
  2.07497
  1.93309
  3.76475
  2.45984
  3.87348
  1.63449
 0.333312
  2.52944
 0.363687
  1.46636
 0.228409
 0.342106
  3.16928
  3.33954
  1.22669
  2.08177
   1.2529
  1.88339
  1.47578
 0.903486
  5.86861
  2.04948
 0.489941
  1.65567
  2.18877
  1.20989
  1.92468
  2.97196
  3.49964
  3.92102
   4.3425
  6.43913
   1.5121
  1.94162
 0.847736
  9.58209
   6.6553
  1.49822
  1.15513
  2.66479
 0.700618
 0.995452
  1.36891
 0.215561
  2.39314
 0.969433
  1.03198
  6.65159
  2.58506
   1.2863
  2.58523
  2.09509
   6.5457
  2.10674
  1.84611
   2.6156
  1.15669
  2.80903
  3.42957
  4.47294
  1.79447
  1.17112
  1.72144
  1.26895
  1.29872
  1.94523
  1.88885
   2.4546
  3.23437
  6.38247
  3.60334
   4.8397
  4.66614
  2.77842
  2.76894
  1.46108
 0.191249
  4.95048
  3.02483
  1.70679
 0.810386
 0.819259
 0.773631
  2.49645
 0.487246
   1.9661
    2.918
  2.42697
  2.78001
  6.22321
  7.46336
  5.65021
  6.11768
  4.96624
  4.61022
 0.438529
 0.149501
  3.57287
   2.8204
0.0859567
  0.68581
 0.533957
 0.584927
  1.61855
  0.64623
  1.29867
  4.57122
  4.48668
  10.7422
  3.71874
  5.03935
  1.70386
  1.48832
   1.5721
 0.787584
 0.626357
  1.50257
  2.20689
  3.43234
  2.00432
  6.06707
  3.21292
  3.94577
   1.8504
 0.718804
 0.904649
  1.19762
  2.30433
  8.32685
  6.32999
  5.20509
  6.47337
  1.80401
 0.506396
  3.38452
  4.62255
  2.88528
  3.19218
  1.60761
  5.01844
  4.80286
  0.31449
  3.85828
  4.15783
   6.2647
  5.69781
  2.60773
  3.75477
  3.12366
  5.15741
  5.31227
  5.03123
  2.96951
  3.22511
  3.12629
   2.0663
    2.395
0.0569542
 0.660493
  1.47983
  1.41099
  5.26326
  6.49991
  4.42466
  4.35099
  6.12589
  2.82398
  4.20659
   8.0226
  7.17276
  7.19403
  7.50638
  2.51937
   1.9831
  2.00535
  2.01326
  2.03769
  2.04127
  2.03538
   2.0613
  1.92702
  2.22001
  6.61016
  5.63925
  1.91128
   7.0144
  5.27264
  4.23718
  4.77132
  1.96748
  6.63608
   5.6341
  5.02961
  3.66014
  3.64702
  2.02133
  2.00245
  2.09079
  2.08207
  2.56554
  2.10123
  2.52383
 0.824657
  2.06027
  7.05261
  1.94249
  2.54028
  2.10475
  2.10339
 0.692633
  0.89115
  2.41365
 0.649538
  5.65477
  6.52703
  2.02143
  2.05742
 0.553817
 0.500813
  5.97596
  2.08033
   2.0999
 0.549567
 0.555589
  2.96335
  2.49494
  8.84521
  4.42374
  4.93153
 0.845659
  1.08505
 0.484507
  1.19721
  1.62125
0.0302094
  1.67225
  2.52886
  5.23428
  4.86562
  5.66419
  5.20503
  5.06216
  5.83245
  2.27503
   2.2974