 25.3421
 25.6584
 25.6585
 26.3882
 29.1288
 26.9999
 24.7321
 23.1728
 25.3678
  29.753
 29.6067
 38.7686
  35.003
 35.0021
 25.9383
0.695769
 13.0732
 25.5142
 25.5408
 34.2369
 26.8669
 26.8928
 26.0562
 26.2624
 25.2886
 56.0694
  27.364
 26.2355
  36.396
 29.6632
 27.9599
 36.5962
 27.4094
 30.7825
  30.049
 29.0846
 26.9444
 35.4276
 32.5889
 36.9341
 27.4232
 27.4623
 23.9487
 30.5683
 27.1083
 27.2279
 25.1931
 82.1968
 29.2674
 29.9929
 29.6171
 37.5207
 43.0829
 28.1194
 33.1999
 27.3328
  30.917
 58.6895
 8.00504
0.322034
 10.4445
 29.0787
 26.2611
 26.3492
  26.317
 27.3361
 29.4643
 29.0856
 23.9348
 24.4937
 24.6261
 24.5697
 23.4717
 27.7744
  26.055
 32.9217
 33.1384
 26.8776
 26.8087
  26.836
 26.9638
 26.6061
 27.3061
  33.971
 37.2037
 41.5673
 34.2512
 36.1821
 32.7672
 37.7366
 37.2192
 27.3354
 41.9612
 40.6523
 42.6617
 24.5337
 28.6697
 31.9539
 33.3716
 32.8759
 32.9311
 30.8733
 28.9593
 29.6372
 25.2379
 24.9351
 24.4018
 28.3765
 28.1405
 29.2379
 25.6319
 26.0371
 25.6797
 29.4123
 25.6931
 29.5705
 24.1654
 25.5195
 32.2049
 21.9945
 22.6694
 36.8864
 29.1699
 29.2065
 32.1169
 29.1264
 33.6798
 39.7036
 28.4348
 28.6662
 32.4936
 26.9197
 33.0246
 26.9908
 25.5694
 24.8365
 28.1817
 32.5655
 27.9196
 27.0379
 27.8627
 30.1098
  26.994
  27.676
 8.15815
 28.7942
 28.0822
 40.4482
 36.9598
 22.8962
 18.6415