 0.172701
  1.64293
 0.114052
0.0907801
 0.124486
 0.328842
  1.84092
0.0539411
  2.62319
  2.73097
  1.56382
   2.4474
 0.200466
 0.365911
 0.571276
 0.410981
 0.532711
  1.71586
 0.234154
  1.81148
  1.47709
  2.09224
  2.16684
  3.42056
   2.7325
  3.32633
   3.2732
  3.08677
  2.51062
  3.01464
  3.31877
  2.61362
  2.83727
  3.53581
  2.60819
   2.2649
  3.55374
  2.10754
 0.728262
 0.732297
 0.714848
   0.7302
  0.67411
 0.774346
 0.764253
 0.725923
  1.50423
  1.45405
 0.186296
 0.348936
   2.5793
   2.2435
  2.00163
   2.0298
  1.24835
  1.29768
   1.7087
  1.72915
 0.440786
  0.49957
 0.420108
  2.34895
  2.32507
  1.39186
  2.60649
 0.517174
  1.39419
0.0854396
  1.74023
  1.82228
  1.67366
  2.21097
 0.370558
  1.70332
   0.4154
  2.98859
  2.85943
 0.185631
 0.168741
  0.42015
 0.138864
  1.34069
  0.15166
 0.843963
  3.75982
  2.21705
  1.18203
  3.06858
  1.49267
  2.33487
  1.85823
  6.83084
  2.29299
   1.5468
  2.35633
  2.89246
  1.17576
  1.75593
  2.81629
  2.39209
  1.99549
 0.775055
 0.984463
 0.309041
  1.60561
  2.32876
  2.27083
  1.41331
  0.46726
 0.394967
 0.328168
 0.054469
 0.521684
 0.961023
 0.501509
  2.73605
  2.00862
  2.71766
0.0248623
0.0446351
   1.0341
  3.33131
  1.48023
  2.03165
  1.36733
  3.11806
  1.31475
   1.9524
  2.10768
  1.53083
  1.37728
0.0775319
  2.05844
 0.850401
  1.50166
  1.21167
  1.98144
   1.0329
0.0326662
 0.930737
  1.51217
  1.55591
  1.51425
 0.186061
 0.604424
  2.22778
0.0315418
 0.420321
 0.860185
  2.08726
  2.90769
  1.61963
  2.31108
  1.85258
 0.208304
  3.00043
  2.79304
  0.99535
 0.496487
0.0153779
  1.73932
  1.45229
    1.796
 0.634655
 0.157535
 0.119542
  1.57852
0.0461636
  2.17794
 0.231304
  0.65846
  1.84673
0.0497937
  1.22124
  3.37781
 0.262883
  2.22725
  1.78796
  3.66688
  2.39971
  3.74325
  1.69195
  2.93918
 0.743207
  1.90784
  1.72505
  2.25054
  3.96621
 0.342017
  2.13506
  1.36328
  2.23546
 0.104839
  1.06536
   1.3959
  1.03516
  1.58151
  1.69039
 0.951706
  1.79164
  3.43862
  1.00464
  2.57541
 0.890937
  2.57849
 0.682423
0.0126524
 0.422614
  2.58061
  1.37043
  1.09361
0.0148473
0.0459726
  0.18754
  1.61068
 0.508512
  1.57192
  1.37649
  2.29739
  2.59138
  2.23057
  2.57163
 0.152274
0.0513554
  2.80932
  2.67899
  3.16132
 0.719458
 0.240464
 0.547027
0.0943624
 0.315092
  2.17329
  3.22147
 0.998927
 0.687518
   2.8417
  4.63839
 0.699722
 0.520603
  1.19914
 0.424237
  3.28034
  3.01136
 0.508009
 0.815498
  3.10857
  2.13444
  3.65319
  3.85578
  1.40772
 0.793629
  1.01803
  1.06161
 0.977775
  1.77903
  1.97721
  1.83326
 0.887579
  1.81128
 0.527483
  1.95184
  2.71669
  1.65221
  1.05122
  4.30122
 0.399951
  2.27251
  6.67078
  2.19014
  1.14412
 0.904855
 0.171566
  1.74838
  2.46765
   3.4441
  3.17834
  2.00509
  3.52659
  2.62572
  2.59052
  2.44867
  2.01267
  1.75107
 0.807631
  4.40369
  1.03069
  3.20078
 0.902995
  1.78166
  2.05026
  1.54038
 0.645928
  2.60926
   1.0296
 0.281944
  2.98839
  2.35964
  2.32677
  1.69154
  2.42878
  1.74386
  1.28067
 0.943391
  2.83552
   1.4513
 0.314942
  1.68598
  1.55974
   3.0318
  2.62245
  3.14397
  2.09426
   2.3759
  2.17158
  2.05665
  2.83919
   1.0788
  2.85551
  4.74491
  4.16904
  2.95564
 0.624157
  2.48724
 0.654187
  1.55674
  0.82014
 0.434086
  2.32031
  3.15548
  1.77009
 0.779427
  1.56154
  2.14424
  1.83518
  1.19777
  2.14221
  2.30258
   0.6572
 0.846159
  1.08256
  1.54885
0.0264261
  1.99166
  2.87514
  3.41681
  3.02763
   2.5925
 0.494344
  2.22374
  1.31571
  1.93606
  1.23073
  3.63019
  3.00453
  1.61985
  2.62284
  1.11044
  2.61299
  1.31068
  2.63922
  1.16555
  3.17383
   4.2181
  1.04365
  2.91601
  1.02384
  1.70632
  3.74843
  2.34771
   2.9407
  2.57653
   1.9551
  3.18173
  3.51164
  1.57998
 0.889679
 0.947097
  2.50054
  1.55468
  1.61742
  1.58466
   3.4816
  3.26883
 0.277086
  2.21129
  1.16545
  1.48283
  1.93061
 0.903092
  1.05727
  0.50248
  6.65887
  1.38368
  3.10876
 0.773237
  3.33142
  2.78147
  2.92884
  7.00457
  2.65877
 0.518157
  2.02812
  3.81168
  3.27148
  2.30506
  2.71603
  1.16134
  1.56199
  1.61825
  1.60421
  3.99404
  0.18003
 0.928618
  2.83538
  2.63543
  1.10379
  1.15814
  1.83909
  2.75619
  2.73295
  2.62813
  3.16481