  0.124438
   2.21505
   2.79088
   31.1343
   31.2114
   1.89593
   1.42563
   2.11181
   2.21842
    1.8629
  0.943246
  0.159464
     2.452
   9.09626
   9.37973
   3.25105
   3.98129
   4.30875
   7.94319
   2.16858
  0.267987
0.00405614
   1.16661
  0.618383
   20.6102
   8.20433
   3.82475
   4.03199
    7.0674
   7.13118
   7.77225
   7.34747
   7.03125
   6.77657
   7.19413
   2.53515
   7.94843
   13.9652
   20.6247
   8.11878
    7.5171
  0.694137
  0.372003
  0.391013
   0.48775
   32.0709
  0.681691
   1.08977
   0.53872
  0.724213
   1.79466
   1.30811
   1.70663
  0.370604
  0.762027
   0.80767
    7.2804
   7.50192
   8.04331
   2.63469
   3.01426
   2.39164
   7.74752
   9.93345
   9.14349
   13.8417
   1.93706
   1.89083
  0.507306
   1.14022
  0.396306
    1.3363
   1.99032
    2.2338
   1.23498
 0.0435904
    1.3624
   1.89829
   5.42261
   7.14883
   4.50014
  0.408415
  0.773329
  0.365018
   1.37009
   2.24684
  0.651488
  0.623617
  0.270866
   31.0655
   31.1595
   30.0884
   31.2177
   31.1215
    31.025
   1.88119
   9.13532
   1.05185
  0.871819
  0.191081
  0.320356
  0.407877
  0.262357
  0.800166
   0.48265
   0.65074
  0.697996
   31.2783
   8.09705
  0.536232
   1.59705
  0.497195
   7.73537
  0.347143
    2.0531
  0.730924
   1.24568
   6.74907
  0.678048
  0.533759
  0.461892
  0.557342
   4.64376
   6.96344
  0.471616
  0.882558
   6.42316
   1.33265
   1.10398
   3.25282
  0.739947
  0.717427
  0.413458
  0.827351
   1.02215
  0.411545
   4.25922
   30.9767
   5.67412
   3.75351
   3.03814
  0.769044
   4.31151
   5.18823
  0.873226
  0.839422
   1.53494
    1.7602
  0.455697
  0.344399
   6.75444
   1.31101
   1.49706
   1.25084
  0.901804
   8.16583
    7.8781
   1.11083
   1.27543
 0.0999789
  0.376576
   26.2428
   2.47456
   3.69748
   1.05091
   1.02341
   2.51627
  0.913436
  0.491206
   8.59612
   1.05623
   6.76039
   1.19848
   6.40602
   2.04481
   1.13215
  0.754036
  0.734568
   1.24657
   7.24188
   1.62509
   3.37288
   1.14517
   1.02883
   2.19711
    1.2864
  0.203679
   8.18998
   3.66228
   1.13167
   3.90736
   2.82729
   4.45459
   1.27828
   7.34356
   1.44396
   1.11822
   1.88097
   7.78201
   7.67458
   1.21251
   2.38289
   2.20852
   2.33447
    2.7641
   7.52756
  0.209944
  0.440511
  0.822652
  0.363742
   0.62764
  0.751678
   1.25772
   1.06233
   1.04435
   2.54983
   6.46158
  0.609939
   6.78836
    6.6635
   1.88521
   7.12691
   1.19158
  0.174633
  0.324823
   2.48483
  0.607715
   1.94078
   1.93093
   1.13435
   1.40774
   8.82808
  0.708648
  0.577744
    5.4079
   8.19129
      1.28
  0.150268
   2.37601
  0.595072
  0.426424
    8.4117
   7.76095
  0.817169
   1.58897
  0.199834
  0.431509
  0.470369
   1.06255
   2.23929
    2.2529
   3.00108
   30.3434
   1.57056
   1.56428
   1.62051
  0.787779
   2.09022
   2.63309
    2.4916
   29.6244
    14.037
   3.91443
  0.658693
    3.6935
  0.184764
   2.66331
   2.31979
   0.43098
   7.67315
   6.58575
  0.979635
  0.970502
   1.67701
   7.90301
   7.77683
    2.4233
   1.36426
   1.94258
   2.67361
   12.0872
     7.411
   6.26844
   6.31073
  0.840744
   5.96088
   8.16253
   2.29539
   1.69035
  0.215153
0.00753762
   7.36181
    7.5924
   2.35212
   8.67206
  0.301376
    2.4949
   2.38828
   1.04016
   30.1178
   8.17084
   7.45618
    7.1547
   0.77283
  0.112165
   2.23888
  0.631307
  0.442271
   2.25084
  0.183731
   5.83104
   2.04677
   1.24137
   2.32422
   2.71178
   31.0955
   31.0441
   2.57056
   1.18046
   7.50091
   2.84303
   1.04721
   33.6193
   1.04594
   2.40544
  0.760719
   9.13451
  0.194405
  0.426118
   2.60992
   1.17617
  0.171313
   1.31039
    4.3097
  0.714125
   1.99993
   6.96532
   1.99991
   2.60849
   2.53296
   0.28144
   8.19664
   2.28172
   8.27261
   1.03833
    1.0249
   1.29905
  0.906216
   1.85247
   1.20792
   1.66352
   4.11403
   7.17015
    5.4784
  0.485808
   2.23752
   6.79541
   1.01494
   6.47022
   1.21212
   7.16715
   1.28786
   1.27196
  0.962454
  0.927618
   4.71876
   1.20694
  0.762953
   8.02974
   9.05384
   2.85767
   6.99531
   8.22298
   1.70029
   7.81167
   2.03517
 0.0587616
    1.8166
  0.483487
  0.522075
   0.58317
   8.85474
  0.195099
   2.44585
   2.31925
   2.33029
   7.07449
   6.37622
  0.372988
  0.192095
   2.55837
   2.03561
   9.09355
   2.43575
   2.41215
   1.93963
   2.13487
   2.52688
   1.32705
   1.97682
   2.96534
   1.07912
  0.464736
   2.44827
   2.56791
   26.6117
   4.49085
   1.73084
   6.75221
   8.19235
    1.1196
   2.54173
   4.34498
  0.531675
  0.931988
   2.52491
   7.18839
   7.95686
    8.0768
   2.58576
   2.93543
  0.709764
  0.707314
   2.58713
   0.58189
  0.881604
   5.60074
   1.93646
   3.32023
  0.846813
    6.9536
   1.55404
   2.12433
   2.15153
  0.688939
   6.24434
    2.1437
   1.46729
  0.598484
   1.11122
   1.87685
   4.21195
   1.92254
  0.571352
   28.3767
   1.27413
  0.745915
  0.718056
   2.45437
   5.49191
  0.409064
  0.831232
   7.86149
   1.68685
  0.577997
   31.2038
   1.97086
   2.13862
   1.29535
   8.36766
   31.2157
   0.97031
  0.132454
   21.2822
   13.3957
   8.14004
  0.700282
  0.645172
   7.25406
  0.379029
   1.27951
  0.682825
  0.136882
   4.94359
   31.0907
   8.42244
   1.35911
   10.1364
    11.439
   3.82646
   8.47533
  0.685463
   9.19849
   3.03743
   4.88296
   7.24504
   2.35073
   7.29824
   10.1486
   7.91899
   8.69685
   11.4594
   31.2216
    4.5329
   4.17619
   1.35599
   5.04297
   21.3067
   4.63759
    31.336
   4.25392
   4.56003
  0.919996
    3.0626
   1.95366
   4.73297
   4.91692
    3.7205
  0.416648
   31.2697
   2.57041
   5.32419
   2.39911
   28.4496
   12.5879
   2.76225
    2.9219
   30.3213
   3.78374
   28.2891
    7.9828
   1.43684
   1.01755
   2.74511
   33.5141
   1.53954
   1.90066
   8.62686
   7.72704
   7.87826
   8.09375
   7.27687
   7.74943
   7.95594
  0.333694
   1.37874
   2.96681
   31.3582
   30.2579
   8.10718
   8.13984
  0.343922
   9.00073
   8.12649
   7.20445
   2.64957
    2.8579
   3.93398
   4.54372
   28.5787
   28.3146
   30.8095
    7.4645
   29.5978
   1.15423
   1.83779
   8.55061
   15.2931
   1.81712
   1.12052
    1.3059
  0.488223
  0.652157
   7.04013
 0.0228519
   2.58849
   4.74455
   4.50884
  0.958283
   28.5684
   27.7514
   2.81639
   2.56358
   3.92199
   4.03467
   1.70295
  0.655496
   24.0616
   1.06467
   1.00106
    1.6141
   10.7136
   3.65844
   3.81158
   1.92772
    1.1407
    2.6364
   2.97745
   1.93836
   1.59196
   10.5884
   5.77873
   6.80143
   31.4324
   30.2907
   9.09944
   7.89794
   6.36868
  0.712655
  0.915812
   4.74852
    3.4692
   3.26946
   27.9763
   10.5996
   8.00364
    2.4085
 0.0894325
   8.05575
   8.43451
    7.8977
   8.64778
   9.10887
   8.01004
   30.3007
   31.2304
   31.5149
   31.2602
   31.1554
   31.4546
    31.698
   31.6565
   7.76124
   8.24578
   8.02554
   28.1227
   7.87113
   8.64482
  0.821302
   8.11593
   4.35829
    7.9825
   7.23177
   27.7065
   6.19626
   27.7093
   4.14843
   30.2522
   2.24772
   6.44627
   5.51886
  0.898279
   30.6236
   7.63556
  0.771537
   27.7342
   13.7612
   7.23649
   6.05359
   27.7854
   8.38153
   20.7977
   7.78554
   7.45353
   7.42663
   7.93418
   6.90139
    21.484
   28.2802
   8.10439
   5.91931
   5.74507
   28.0445
   31.0975
   6.95305
   5.59037
   27.7239
   27.6881
   28.3706
   30.6759
   8.92782
   5.99817
   20.8077
   31.1369
   10.7532
   28.5437
   1.15907
  0.808098
   1.36913
  0.139482
   28.2041
   3.27483
    28.445
   2.77306
   1.07016
  0.294299
   1.85089
    6.6842
    5.4933
   7.44761
   5.60134
   3.20193
   1.46464
   5.41522
   1.38949
  0.222298
   7.40845
   8.15491
  0.458548
   4.63587
   23.8401
   5.10755
   5.52684
   2.34751
   5.57771
   2.94195
   3.92985
   10.1253
   1.52249
   8.11544
   7.66556
    2.8461
  0.678869
   24.9156
   4.41996
   4.51843
   3.47575
   5.02341
    3.8614
   12.3906
   5.57761
   4.87395
   3.59239
   3.51221
   3.58753
   2.70846
   4.42036
   3.24134
    5.4911
   7.69153
   13.6711
   4.15018
   2.16168
   8.53212
   31.0337
   2.25438
   7.44749
   2.43091
   30.8459
   2.34388
  0.456983
   6.97458
   1.11131
    8.5866
   7.39673
   0.91309
   1.50774
   1.19862
   1.09882
   1.99913
  0.752328
    2.8151
   28.4363
  0.705414
   6.96803
   8.37256
   33.2826
  0.141014
   3.64077
   32.8439
   32.7109
   2.37415
   7.77743
   2.34389
   1.57654
   2.77226
   1.09291
   3.52554
   2.14088
   2.96067
   3.83709
  0.807509
   4.86588
   1.44322
  0.458336
   2.13866
   4.35723
    1.3377
   1.22239
   1.00694
   4.09962
   3.61083
   4.84218
   8.02807
  0.809185
   7.32063
    1.9583
  0.684583
  0.346628
  0.359938
   1.21465
   2.39433
   2.51307
     4.424
   1.48706
   30.6744
     4.442
   4.10601
  0.860531
   5.29683
   7.09682
   3.83849
     7.263
0.00589893
   2.84621
   2.58764
   4.86401
   0.75622
   5.09999
   3.49024
   7.94286
  0.792749
   7.04726
   3.12095
   2.93868
   2.24155
   7.51541
   2.58642
  0.350134
   5.32702
   8.31709