    2.66042
    4.02918
    4.24703
    2.70135
    2.91591
    2.59745
    2.98202
    2.32885
    2.77097
    9.17205
    4.70182
    3.48959
    3.10546
    3.02288
    9.22855
    13.7203
    11.3386
    11.8517
    4.07005
    3.32582
    2.71364
    3.50998
    3.35872
    4.46388
    4.73836
    3.63567
    3.24758
    3.31203
    3.38794
    1.35829
    1.28519
    2.14678
    2.04857
    4.12912
    2.36097
   0.271868
    1.68733
    1.90411
    2.18075
    1.96083
    3.25312
    3.34274
    1.62493
    7.05183
    4.85691
    5.91816
    4.60895
     4.5238
    5.13029
    5.11414
    5.13142
    4.61275
    3.23729
    3.29626
    1.60244
    1.79456
    1.18344
   0.157634
   0.485234
    11.6314
    4.43157
    3.06716
    3.93105
    3.47439
    4.06871
     6.6736
    12.1145
    10.5088
    10.3435
     10.888
    9.63461
    3.01374
    3.79621
    4.96272
    4.07355
    4.75344
     6.4247
     3.1396
    4.20191
    5.52781
    5.20744
    1.27129
   0.160856
    1.04849
    3.04262
    7.03272
    12.9164
    7.98973
    2.20422
    5.14861
    6.97866
    1.13386
    1.10167
    1.00396
    14.7849
    1.53872
    1.81237
    4.17153
     9.9658
    2.28278
    1.96096
    2.84995
    3.59186
    6.21675
    1.32067
   0.175845
    3.27135
    1.26636
    2.18653
   0.582592
     2.0791
0.000251572
   0.412026
    1.91284
    1.19684
    1.31326
   0.465756
   0.453155
    1.27862
   0.828238
    1.71108
     17.455
    12.6193
    5.31194
    2.50303
    1.71242
    2.50868
    2.24419
   0.532793
    1.07727
    1.06527
   0.549149
    2.50269
   0.795666
    1.54094
    1.62873
    2.73365
     2.4453
    2.88639
     2.5719
     3.7078
    2.08217
   0.343102
    2.77149
    2.32314
      2.884
    3.12331
    6.89662
    5.63866
    1.26042
  0.0967814
    3.07059
    2.61015
   0.641311
   0.130581
    1.18999
    2.57483
    2.63421
    1.14555
    3.12188
     6.7485
    5.16841
    1.48531
    1.82162
   0.380388
    2.76862
   0.347164
   0.274168
    3.44554
    6.03891
      2.981
    3.10223
     3.9728
    6.99916
    1.44834
    1.59661
    2.43068
    1.86808
    0.93607
    2.87632
    6.32515
    2.90804
    0.68954
   0.894488
   0.129132
    1.57181
  0.0234972
   0.603714
    4.06218
    2.58201
    1.00661
    1.51019
    1.77287
    1.11709
    3.81664
    2.49149
    3.13682
    3.11034
     4.9932
     2.1423
     1.7391
    1.71992
    1.74847
    1.75164
    5.03641
    2.06769
    2.28935
    2.36309
    2.19597
    6.12406
    6.12421
    6.48004
    3.20446
    4.35817
    3.20441
    8.85425
    6.79043
    2.23284
    2.19904
    1.49957
   0.757943
    3.79123
   0.561929
    6.94023
    1.59151
    1.42131
    1.10457
    3.91473
    3.80889
   0.520985
    8.00487
    1.20997
      3.072
     6.8011
     3.3654
    1.61229
  0.0655491
    6.22008
    6.13059
    1.79587
    1.62449
    3.84138
    3.22882
    2.51944
   0.193127
    2.07581
   0.249772
    1.47112
   0.562745
    1.89595
    1.72728
   0.942212
    1.65653
    1.16483
    4.77778
    1.86023
    1.00387
   0.132537
    4.70059
     5.2122
    1.31745
    17.6276
    6.13151
    3.24061
   0.322002
    2.06504
    3.95556
    1.11936
     6.2824
     5.8355
    3.38425
   0.484223
   0.554728
    2.25888
    1.91151
     1.3978
    4.17119
   0.399151
    3.26781
    4.67233
    3.64445
   0.928619
    1.46481
    1.81381
   0.665209
    1.57189
    2.51971
     3.5867
    1.66268
     4.4658
    3.28461
    3.22109
    2.61003
    2.20432
    2.10824
    2.65258
     2.7601
   0.427928
    1.61513
    4.62547
    1.30971
    14.7587
   0.197973
     2.6117
    1.75646
    1.40295
    3.70002
    3.12555
    1.59415
    1.27377
    5.53885
    2.94274
    1.99895
    8.96579
    10.2314
    6.40574
    7.65505
    3.11374
    8.16675
   0.207124
    4.03188
   0.590279
    4.55797
    6.68891
     3.3593
     4.1372
    1.85048
   0.577925
    1.91446
    1.96124
    6.17256
    6.76819
    3.68166
    6.78627
    2.08367
    6.18094
    3.78198
    1.36426
    3.06287
    2.09816
    4.84398
    4.96487
    3.63612
    2.88283
    6.62081
    19.6261
     2.1011
    6.25788
    4.57273
    2.17832
    1.69305
 0.00827068
    1.62844
   0.376494
     1.3232
   0.216388
    2.39422
    1.63035
   0.673787
    1.10249
    9.09417
   0.367955
    2.07075
    3.82769
    5.64954
     6.7852
    5.89571
    2.10107
    1.10806
    3.57942
     2.4815
    1.11185
    3.46236
    3.20711
    2.90543
    1.88786
    3.11986
    1.84963
    2.48538
    1.86343
     3.5937
    6.43783
    6.78265
   0.874982
   0.409162
   0.282349
    2.10676
   0.742398
    1.72021
   0.997468
    6.85093
    1.59222
    2.65269
    4.33657
    3.72863
    1.03767
     3.2577
    1.50242
    3.28729
   0.706291
    6.21351
    3.07692
   0.658666
    6.99032
    4.32215
    2.69782
    1.70343
   0.555205
    1.32137
    1.63369
    2.67801
    3.80891
     6.1741
    6.71232
    6.81338
    1.95044
    3.88138
    3.33841
     3.7373
    2.86271
    3.98343
    10.5563
    3.24769
    3.72252
    5.39131
    2.92149
    2.24723
   0.461753
    2.95244
    3.79344
    4.46696
    3.93244
    2.25706
    6.02845
    3.61643
    6.26646
    1.71528
    3.82584
    6.28247
    2.16719
    4.62233
    5.86822
    1.94764
   0.709248
    6.81141
      2.352
        2.2
    4.78789
     2.4855
    4.01483
    1.69653
    1.90232
     1.7729
    4.01341
    6.33969
    6.74804
    7.76099
    5.73947
    2.63968
    3.67118
    7.86645
    6.77719
    1.20758
    16.4417
    8.88055
    1.80753
    3.99105
    2.69102
    2.25711
   0.408248
     4.9343
     4.9307
    3.43056
   0.911249
    3.59058
    0.95739
    1.03283
    3.98125
     1.0113
    3.47247
    1.43341
   0.797683
    2.12014
    3.21014
    5.94304
    1.83514
   0.631597
    3.55445
    1.82782
     3.5068
    6.42288
    6.33453
    3.89624
    2.16744
     11.561
    2.21373
    6.17152
    8.17893
    4.36073
     6.4836
    3.21346
    1.22485
     1.6876
    3.52214
    2.76733
    6.42166
    1.50643
    3.19054
    2.64509
   0.232611
    2.36272
     2.0879
   0.851991
    3.18796
    2.42085
   0.437244
    3.26416
    2.60096
    2.75065
    1.59294
    3.32212
    3.48165
    3.40237
   0.601628
   0.538629
    2.20151
    2.89506
    2.17719
    3.31969
    3.13438
    3.64433
    1.76873
    1.85165
    1.75709
    1.99354
    1.37931
    9.26213
    8.72772
    2.20956
   0.242352
    1.45478
    13.9244
    9.29573
   0.962167
    3.34151
    5.36094
    5.73164
    1.48079
    2.79773
    5.22995
    2.62011
    5.39696
    6.05467
    14.6051
    1.76381
    1.38381
    1.31282
    5.89175
     2.8117
    3.40363
    3.93506
    3.08178
    5.45925
    1.56725
     3.5688
    3.43024
    1.76035
    2.51674
    2.10518
    1.42778
    1.15282
    2.21993
     2.1967
    1.87149
    1.20713
   0.770346
    2.90107
    15.0458
    1.55275
    1.74095
    3.50268
    2.78351
    3.12963
    2.31175
    4.73391
    1.13871
    2.99537
    2.58701
    4.43751
    17.7287
    2.45304
    5.19017
    3.13506
    2.04222
    2.18769
    5.61366
    5.11649
    1.55426
    1.54334
    4.09604
    4.54421
   0.868681
   0.563439
    1.58346
    2.67723
    5.49814
    2.14168
    1.21668
    1.67932
    1.30387
    1.22832
    1.03879
    3.81229
    3.84987
    1.02686
     5.4718
    8.15391
    18.2408
    18.5031
   0.568205
    1.10235
    5.07309
    5.39324
    4.02269
   0.539956
    1.02378
    2.16724
    4.29225
    4.71416
    2.95463
    1.87201
     0.9258
    16.8875
    7.76587
    1.79683
    1.73122
    3.10925
    2.36454
    2.57243
    14.5318
    3.78226
    4.85893
    4.49211
    6.49395
   0.510273
    1.75774
  0.0209694
    1.79174
    1.91539
    2.37969
    1.38376
    5.57345
    7.68123
    10.6632
    1.94302
    16.7053
    3.73741
     1.0729
    1.72601
    3.00735
    3.07248
    3.40574
    1.79605
    3.20327
    14.7384
    1.98246
    1.78604
    11.5428
    14.4918
      12.27
    27.9876
     10.802
    2.51554
     2.0682
    2.21401
    2.84529
    2.43023
    3.25773
     2.8046
    2.33256
    1.60247
    2.55587
    1.76333
    3.07821
    3.37375
    3.48842
    1.68712
     2.2401
    1.75784
    6.18256
    3.49261
    3.63888
    3.02707
    0.89366
    2.06863
    3.23419
    27.5891
    7.94431
    3.38084
    3.20303
    2.76859
    1.84936
     3.7676
    3.76513
    2.41483
    2.44065
    3.58516
    4.75538
    3.24892
    2.03664
    27.7121
    1.53057
     1.4765
    16.9141
    10.3578
    3.12362
    2.13284
    1.51873
    1.23801
    5.77981
    16.3546
    1.76664
    3.41163
    3.45244
    1.90982
    2.65713
     4.6657
    10.9105
    1.68242
    6.02837
     8.2333
    4.68454
     1.7873
    4.01396
    3.84482
    3.88585
   0.110154
    1.85719
   0.546146
    2.47787
   0.939957
    1.07132
    3.83504
    1.62886
    1.12445
    1.10073
    5.30021
    14.1602
    1.75009
     3.2151
    6.40392
    4.28787
    3.03866
    2.63642
    1.19229
    6.38879
    10.9017
    10.3173
    4.35945
     1.5769
    1.73162
    2.14135
    1.55731
   0.910897
    3.10925
    7.48261
    6.70754
    1.72837
    2.83665
    1.41552
    3.00428
    4.76766
    4.00971
    5.20054
    1.75515
    2.59883
   0.217049
    18.8723
     3.4987
     4.1353
    6.09957
    1.25045
    1.59627
    4.29329
    3.29576
     1.6153
    7.18205
   0.877609
    2.33034
     1.2778
   0.954711
    5.30916
    4.32273
    5.92641
   0.440233
    3.40672
    2.02459
    1.86851
    5.32544
    4.18686
    2.95603
    4.77621
     1.7382
    2.18749
    2.16682
   0.691258
    4.09417
    2.12047
    0.81125
    2.63477
   0.483703
   0.137746
     1.4582
    4.86288
    2.65231
    5.47388
       3.41
    2.21541
    1.49431
    1.11343
    1.17593
    1.89466
    3.19997
    2.29461
    2.23384
    1.91376
   0.235409
     1.9759
     3.2222
   0.943667
   0.672354
    1.14134
    1.89035
     1.2783
    3.80358
   0.693437
    1.69429
    1.98327
    12.8287
     1.8686
   0.841422
    1.09862
    1.64539
    1.33027
    1.09886
    17.2984
    3.37086
    5.69734
    2.18887
    3.77514
    3.04562
    2.89077
    3.70134
   0.516007
   0.883891
    5.25167
    1.32534
    3.35766
    3.06483
    3.09995
    3.97333
    1.04391
   0.780875
    2.97131
    3.65031
    4.19875
    3.92647
    0.56001
    0.36612
    1.65395
     5.5475
     4.5782
    1.40464
    1.73183
    2.09418
    5.29129
    1.78183
   0.677364
    3.22188
    5.63897
    4.81454
   0.317463
    2.78792
    2.97956
     3.4427
    3.70749
    1.10975
    3.69265
    3.41257
    4.80714
    3.05994
    5.07237
    3.85332
    3.65754
   0.289739
    4.97465
    2.71716
   0.517471
    1.41498
    1.11061
    6.04235
    8.38148
     7.7279
    12.7243
    13.6461
    14.6777
    10.8246
    12.6514
    5.47178
    1.55019
    6.28291
    7.99468
    10.4121
    3.08704
    7.92091
     7.2573
    1.79273
    3.07569
    14.8796
    13.1968
    3.80907
    13.2108
    13.8406
    14.5404
    2.81104
    1.11213
   0.143089
    2.80808
     2.9316
    2.90791
    3.39603
    7.78642
     8.3338
    10.8861
    9.52635
     9.5304
    8.58947
    0.53101
     2.6363
    3.20416
     10.522
    11.2355
    13.8831
    13.0468
    13.2982
     11.884
    2.92658
   0.676026
    1.70654
   0.244333
  0.0392917
    5.98836
    3.26084
   0.408555
   0.203391
   0.979424
    4.95537
    11.0318