   3.4836
  1.44363
  1.30182
  1.05283
  1.32605
  1.92269
   4.9571
  5.08311
 0.626014
  2.62341
  5.57009
  2.64982
  1.45974
  1.97533
  2.03214
  2.45869
  1.93052
 0.249858
  2.29386
  2.16001
  2.24684
  2.35819
  1.81725
  1.83304
  2.98311
  2.84281
  2.84985
   3.1051
  3.09288
  2.83242
  1.50047
   2.5693
  3.05638
  3.44309
  3.78292
  2.81427
  3.36804
   2.6304
  3.96352
  3.45195
  2.32796
  2.86153
  2.27278
 0.418908
 0.587458
  5.15447
  2.80912
  2.72806
  3.07573
0.0548139
  5.97342
 0.298412
 0.659068
 0.820455
  0.95258
 0.881397
  4.94543
  0.32891
  3.07656
  3.51021
  1.44696
  3.60567
   1.2952
  0.61006
  1.93767
  4.84082
  4.64943
  1.96813
  2.22618
  1.48372
 0.295698
 0.430314
  1.81843
  3.75812
  3.02043
  1.98806
  3.44771
   6.3594
  6.75878
  3.32647
  4.39892
  4.45813
  3.80757
  9.66316
  4.99372
  2.01848
  3.79204
  5.12602
  3.57427
  3.16703
  5.89257
  4.42896
  4.84899
  1.83611
0.0875496
  3.69167
  2.97018
  2.84192
  4.11624
  3.52305
  1.45599
  1.47488
  1.47623
  4.57014
  3.36053
  1.44364
 0.723838
  1.97306
    1.725
   2.4979
 0.969827
  2.94493
  4.51106
   1.6993
  1.20976
  3.53703
  5.72819
  4.66771
  2.90253
  3.66563
 0.507895
  7.40845
 0.759195
0.0262638
  4.25502
  6.48123
 0.357879
  2.36552
   4.2209
0.0117798
  1.89488
0.0989341
  3.62493
  1.00188
  1.00755
 0.313319
  3.28741
  2.38577
  1.37212
  1.42555
 0.328743
 0.624008
 0.187049
 0.146998
  2.43144
  2.38473
  1.28673
  4.58574
  4.60966
  5.22193
  3.25588
  1.19518
  1.49199
  1.60674
  3.44942
 0.761954
  2.64435
 0.195179
  2.39408
  5.04804
  2.00868
  1.99882
  2.71494
 0.874815
   2.2495
  3.86469
  6.61368
  1.80734
  6.60881
  3.13468
  3.20567
    7.023
  2.01977
 0.569901
  3.87495
  2.70443
0.0692929
  7.37912
  7.07977
  4.56969
  1.97508
 0.581874
  1.20506
  0.30055
 0.344909
  2.75741
  3.16124
  3.66666
 0.420702
  1.23144
  4.45321
 0.876595
  3.67642
  2.54017
  4.42047
   2.9619
   3.0611
   1.5902
   1.7376
  1.63518
 0.923543
  3.48311
  4.42985
  8.39775
  4.86231
  6.88432
 0.405806
  1.73229
  3.07602
  1.59591
 0.937761
  2.41934
  5.10977
  4.27376
  2.72412
  1.49809
 0.322683
  1.31258
  2.00955
  1.75492
  0.39117
 0.962792
  2.83832
  5.59209
   5.5095
  2.67127
  3.69889
  4.98812
  3.03935
  2.24357
  3.55316
  3.03646
  1.48882
 0.176749
 0.133965
  1.71373
  2.06437
  2.95103
  5.62491
  4.74563
  3.46425
  2.39249
   1.9955
  10.6929
  3.19444
  4.38427
  6.37482
  3.18191
  5.87493
  1.53019
  1.77383
 0.326693
  1.09308
  3.00055
  3.59812
  1.09858
  3.45083
  3.03949
  2.89496
  1.08489
  2.70374
  2.62119
  2.50289
  1.80542
  9.94938
   6.3876
  4.97587
  5.42945
0.0583088
  3.23843
  4.28578
  1.05708
  0.70267
  2.40218
  6.99797
  3.17174
  5.93248
  5.75841
   5.3758
  1.50034
  1.14442
  2.70139
  1.81065
  4.62431
  2.62593
  3.08164
  4.28457
  9.61072
  2.05626
  2.51312
  5.15088
  1.47901
  3.19179
   3.6186
  3.61874
    2.011
  2.13077
 0.242081
  5.60663
  5.49798
 0.481806
 0.135762
  1.35101
   1.1293
 0.938205
   8.2072
  3.37352
  5.29396
  1.35372
  1.47436
  1.36416
  1.38981
  1.45381
  2.01065
   2.7067
  1.35392
  4.37263
   1.7842
  4.78009
  5.61853