     2.2604
     1.5265
   0.839547
   0.307153
    1.47377
    1.85651
    1.01196
   0.435289
    0.14663
   0.678681
    1.83226
    1.02486
   0.174368
   0.789996
    1.24099
    1.24482
    2.08058
    1.71074
    1.94406
   0.958056
   0.578202
  0.0227785
    0.77692
   0.942775
   0.290854
    4.13829
    4.36345
    25.9334
    4.74335
    1.08492
    26.1409
   0.403888
  0.0758967
   0.608594
   0.318193
   0.026127
     7.9778
    1.14958
   0.909666
    1.47143
   0.889292
    1.59438
    1.71277
    1.90784
    1.55225
    1.44463
     1.7672
     1.4143
   0.915648
    1.97859
    7.54379
    7.24229
   0.643912
   0.879363
   0.584883
   0.294078
   0.657773
   0.305303
   0.319358
   0.199747
    0.39144
    0.36211
   0.438789
   0.545146
   0.178354
  0.0118202
    1.65636
    1.46793
   0.487186
   0.445204
   0.633207
    16.5144
    2.23361
    1.30547
     1.7109
   0.654516
   0.655459
    1.61308
    2.29073
   0.838468
   0.573247
   0.979523
    1.02679
   0.513487
  0.0178808
   0.638888
    1.26359
  0.0596709
    1.13195
   0.907484
    1.35018
     1.6185
    1.96634
    1.41599
   0.986232
    1.35487
    2.06565
   0.418659
    1.47714
   0.929191
   0.841009
   0.179451
   0.197425
   0.958449
    1.55555
   0.749389
   0.936178
   0.601043
   0.289578
    7.83631
 0.00629646
    12.4445
    1.01449
    1.24127
   0.229977
  0.0246631
    1.32896
   0.772552
     16.436
    1.03953
    2.52585
   0.833733
   0.724294
   0.257122
   0.563916
   0.839417
    1.47409
     1.5703
   0.140644
   0.551113
   0.486369
      1.805
   0.273589
    15.5684
   0.476604
    1.17188
    1.15138
   0.708466
  0.0842774
   0.455322
   0.407913
    1.19192
    2.06747
    0.68065
   0.639625
     0.1076
    1.53776
   0.509331
   0.926477
    1.33432
    1.31098
    2.23697
    1.25031
    1.06165
  0.0321197
   0.419237
    2.80438
5.51559e-06
     15.877
    2.32286
   0.251056
    1.26275
    0.53204
   0.299131
    0.22707
   0.854797
   0.805315
   0.863709
   0.556161
     1.5018
     1.7876
    1.16439
    1.01517
    1.38029
   0.658547
     2.0893
   0.178357
     1.6851
     1.5919
     1.3959
   0.660087
    1.04893
   0.923289
  0.0361083
  0.0332987
    1.61462
   0.957014
    1.01473
    1.77434
    1.91826
   0.723096
    1.00046
    14.7552
    27.7528
   0.602703
    24.0903
    0.41698
   0.902103
    4.69559
   0.206837
   0.601221
    1.18667
    0.98521
    1.64678
    0.56893
     3.0993
    1.59702
      0.811
    1.52849
    29.8707
   0.127633
    0.32895
    1.77424
    1.48727
   0.608006
    1.00836
    1.63064
    1.25483
    1.04591
    24.0844
   0.529181
   0.161419
    16.5233
   0.383552
    4.25957
   0.682096
  0.0537467
    1.39603
    1.55609
  0.0441241
    9.71663
   0.799933
    0.35713
    0.87428
    2.08258
   0.520292
   0.884565
   0.746978
    1.33629
    1.25793
    2.35367
     1.4826
    1.48212
    1.16201
  0.0208249
    1.53741
    1.56157
    26.0714
    1.18703
    1.04444
    1.54402
    0.23653
    1.66819
    15.7774
    2.22294
   0.490969
    1.79162
    1.06613
   0.608201
   0.755263
   0.710771
    1.59096
   0.507497
    1.06964
    1.54242
   0.621842
     0.9125
    1.21143
    1.46264
     1.1116
   0.170405
    1.37198
    1.10316
    1.52092
    0.62326
   0.599379
    1.74549
     1.1596
   0.378678
   0.608467
   0.870235
   0.513407
    1.72459
   0.899345
  0.0216921
  0.0403109
    1.65817
    1.16389
   0.856835
    1.96158
    1.97075
    2.02632
    1.90647
    2.00358
    16.0958
    1.18837
   0.899657
    1.05488
    8.26456
    1.78712
   0.150623
   0.380316
     1.3247
   0.347545
     0.1653
    1.67176
    1.31561
   0.935483
     1.3357
    1.19366
    1.17064
   0.923412
   0.556937
    1.70566
   0.528088
   0.919703
   0.334098
    2.06263
   0.961753
   0.451291
    1.01346
    15.5456
    1.54379
   0.453132
   0.822827
     1.1683
    0.87811
    16.6663
    1.71854
   0.889872
    2.13316
   0.571525
    0.74882
    23.9347
    1.65944
    1.29946
    1.69819
    27.9931
   0.186078
    1.23991
   0.688268
    1.22144
    1.43788
    2.68383
     1.4554
   0.833036
   0.450719
   0.773942
   0.488613
   0.103214
   0.629836
    2.08919
    1.59091
    0.80779
    1.74512
    1.39252
   0.729203
   0.373862
    10.0641
    1.31646
    1.36323
    1.15097
   0.416091
    1.42327
     1.2843
   0.738366
  0.0313739
   0.854167
   0.514458
    1.15262
   0.615694
    14.8333
   0.294271
    1.91169
    1.13754
    0.69096
    26.5287
    1.34375
   0.779057
    1.28909
   0.558438
    2.05959
   0.701658
   0.795106
   0.829154
   0.624388
   0.299245
     1.1298
    15.3873
    1.51734
    1.02952
    2.55752
    15.4072
   0.818022
    2.09803
    1.31534
    1.48814
    9.45798
      1.628
    1.56215
    1.34708
    1.49046
    1.16315
   0.648004
   0.948517
    14.6035
   0.475659
    1.65512
   0.832789
    1.15972
    1.46416
   0.655191
    1.02702
    1.20034
    2.11819
   0.922718
   0.834033
    16.5596
    1.17538
    1.52721
    2.12935
   0.261569
     1.2311
    26.0657
    0.24316
    26.0272
    2.02473
    1.43641
    2.09316
   0.288028
   0.741456
    1.35287
    1.40332
    1.20858
   0.215159
    15.9967
    1.77163
    1.58502
   0.116169
  0.0694993
   0.722366
    1.72235
    1.24649
     2.3879
    1.81885
   0.585114
    1.91888
    1.77662
    14.8237
    16.2565
    1.26835
     1.4528
   0.429651
    1.02379
   0.635266
   0.563968
   0.760412
   0.125259
    2.74066
    1.31366
   0.721601
   0.131587
     1.6311
    1.64521
    1.37823
    1.89559
    2.54647
     1.9664
   0.558365
   0.492335
   0.928382
    1.06784
    8.58762
   0.650366
   0.752296
   0.826931
    1.69588
    2.47683
    1.38988
    1.32062
    1.65458
    1.04585
    1.69502
    26.0006
    1.05727
   0.969335
   0.794246
    26.3811
   0.110109
   0.866681
    1.38671
    1.06939
    1.05275
   0.856973
   0.727822
    25.9896
   0.808455
    16.5007
     24.345
    0.74718
   0.449042
   0.486635
    2.06057
    14.8954
    1.96741
    1.54771
    5.18932
   0.676069
   0.653536
    1.65193
    1.26691
    1.03371
   0.137693
   0.862094
    2.30004
   0.758476
   0.174986
   0.670364
   0.862806
   0.165911
   0.864658
   0.139243
   0.118672
   0.945895
      1.173
    10.9226
    1.38317
    1.40484
    14.1779
    26.4811
    1.17051
    7.61556
   0.694819
   0.522302
    1.89181
    1.93508
    1.38312
    13.1464
    1.09263
   0.865062
    1.83712
  0.0480359
    7.14805
    1.72629
    1.05445
   0.571395
   0.749387
    2.97053
  0.0928773
    1.02784
    1.77221
   0.641878
    7.32674
    1.92614
    5.28891
   0.117859
   0.649959
   0.796552
    1.27112
    7.60508
    1.14149
   0.947303
     1.6627
    1.31974
    11.8607
    10.0833
    10.6227
   0.121718
   0.909064
   0.969592
   0.988428
   0.750877
    7.44792
   0.326989
    1.10458
   0.532704
   0.698967
    9.07068
     12.177
    1.74159
    4.12028
   0.950462
     5.7216
   0.430549
    22.7376
   0.669312
    1.00924
   0.974665
   0.278212
    1.53179
   0.365162
   0.965368
   0.272069
    1.41253
    1.10551
  0.0134196
    1.52152
    9.56566
    14.2817
     2.1047
     11.529
   0.188927
    0.31179
    15.8837
    11.2522
    5.12479
    1.25901
    17.0623
    26.3644
      12.91
  0.0646103
    14.6807
    11.3976
    11.6916
    1.55149
   0.980603
    30.5757
    10.5147
    1.42279
    8.29053
   0.746468
    1.02424
   0.194896
   0.441268
    1.12288
    1.41317
   0.661895
    1.08237
    2.59057
    1.08454
   0.709966
   0.327315
    2.54659
    1.13538
    7.77402
   0.919736
    1.58475
    1.38654
    22.8284
    24.6729
    1.23028
    1.19168
    0.24267
    1.18475
    1.91652
    1.89001
    25.9948
   0.663974
    9.40282
    13.7372
    0.90765
    1.21626
   0.378003
    0.83862
    14.9729
    1.57102
    8.57347
    4.80285
    5.06989
     2.6893
    2.03577
    14.0839
     13.637
    13.6316
    12.4006
    1.13228
    8.05029
    8.56716