 0.212835
  2.41415
  2.05246
 0.317624
    0.225
  2.71001
  4.72431
  4.14236
   1.1828
  2.08145
  3.91452
0.0317412
 0.307676
 0.294677
0.0466898
 0.764444
 0.145339
  2.74955
  2.93407
  2.83664
  2.21088
  2.66886
  2.65315
  2.18814
  1.86213
  2.43476
  2.32425
  2.81933
  1.72666
  1.65167
 0.648237
  1.71292
  2.98378
  1.85747
  2.68762
  2.58775
  2.25846
  1.90492
  2.28001
  2.35553
  2.06236
  2.11946
  3.32929
  3.10222
 0.696247
 0.476023
  3.59733
  3.24705
  3.55814
  2.67129
 0.736462
 0.869236
 0.858947
0.0697478
 0.224734
 0.206758
 0.413435
 0.321441
  1.17699
  30.9462
0.0221755
  4.14557
  5.30653
  1.45058
  2.94535
  2.28663
  2.01745
  3.84838
  0.99094
 0.946516
  6.40354
  5.40814
  1.57635
  1.65355
  1.41735
 0.413191
 0.767564
  2.89368
  3.07067
  2.22066
  4.27675
  2.79339
   3.3969
  7.16877
  1.61145
  1.64679
  4.66398
  2.67622
  3.50136
  4.10898
  3.27697
  3.17466
  3.72087
  1.55287
  5.58306
  1.89059
  3.41041
  4.60885
  3.84777
  4.90908
 0.299137
  1.13253
  2.39043
   3.3787
  3.41742
   1.4654
 0.045009
  1.37865
  0.60084
 0.619382
 0.952186
  4.11504
  3.40618
  4.92224
0.0465946
 0.380936
 0.972046
  1.38318
  2.06496
  6.08995
  3.61897
  2.62933
   1.8872
 0.493896
 0.177917
  1.49492
  5.43217
  1.12392
  1.87812
    1.037
  2.49801
   2.7859
  2.54585
  2.66865
 0.337625
0.0908669
0.0625701
  1.73324
 0.372069
  1.89183
 0.172289
  2.00274
  4.98928
0.0913034
   1.3437
    1.427
   6.0661
  2.80851
   1.9428
  1.82644
  2.58527
 0.485062
  1.30012
  1.36786
  1.27306
  2.50219
  2.25289
  2.97366
  1.01052
  2.04749
 0.252892
 0.391678
 0.121062
   2.5599
0.0417976
 0.724192
 0.906328
  2.46423
  3.97449
 0.409002
   0.3082
  2.27294
0.0714545
  4.08701
  3.71256
  1.86287
  4.29436
 0.872018
  3.82705
  4.50999
  4.83281
 0.673788
  2.88002
  1.38577
  1.02327
  1.03975
 0.491369
  3.31362
  2.42342
 0.877098
   3.3244
  5.10485
 0.480635
 0.565449
 0.580157
  4.01716
  1.20641
  2.88711
  4.73994
  2.89349
  2.45293
  0.35997
 0.377582
 0.555633
  2.93601
 0.691887
  1.20299
  3.73466
  3.97275
  1.45833
    1.414
  1.59282
  1.63345
 0.656923
 0.962252
 0.460691
  6.48566
  5.48009
  1.88734
  1.31689
 0.518998
 0.225801
  1.04359
  5.26278
  1.89389
  3.39461
 0.150096
  4.85079
  4.81155
 0.845182
 0.231783
  1.56687
  4.58028
  4.38023
  9.06798
  3.57266
  4.02154
  1.06132
  24.7722
  1.14485
  1.53511
  3.44553
  1.86476
  2.77903
  1.42985
  4.11486
   2.3108
  3.36263
  1.74276
  4.39688
  1.16319
0.0119799
  2.31211
  1.95109
  6.78125
  1.64106
   1.8193
  1.62204
0.0422563
 0.731126
  3.10749
  2.23336
  2.64555
  1.40113
  2.31567
  2.07058
  5.23557
  2.93293
  2.38248
  1.92335
  4.46359
  4.58326
  4.09299
  1.21966
  1.51174
  2.44067
  1.35579
  3.35508
  4.24969
 0.182439
  28.7676
 0.781806
 0.930356
  4.22448
  2.44073
  2.03208
  4.48864
  4.65268
  2.91167
  4.03684
  1.30761
 0.818972
   1.0405
   1.7385
 0.873482
  2.53082
  4.31732
  4.47279
  4.02086
  4.02228
  4.12055
  2.97203
  4.02228
  30.4334
  1.98883
  1.85865
  1.68243
  2.43088
  3.85571
   1.9955
  2.68952
 0.859181
 0.983217
  5.19808
  1.68291
  1.79391
  0.36855
 0.368336
  2.35438
   3.7194
  3.36273
  2.68156
  2.69803
  2.19507
  4.29626
  25.9558
 0.368782
 0.966282
  2.61195
  1.02281
  4.16243
  28.4848
  4.37764
  31.0714
  4.50303
  4.07949
 0.446857
  3.70599
    1.453
  2.03101
  2.73373
  4.67621
  4.89409
  2.05609
   5.5242
  1.13149
  1.29747
  3.33782
  4.57346
  31.4716
  3.58589
   2.3053
  1.34575
  4.82983
 0.648626
  4.14121
  1.61498
  4.24728
  3.03864
  5.54371
  2.68467
  1.05503
  2.73688
  2.51663
  1.35488
  1.13603
  2.64478
  2.23929
 0.953388
  1.06366
 0.118881
 0.337463
  6.45088
  2.98672
   1.5112
   1.1742
  32.4668
  32.6019
  2.99025
  5.46406
  4.24692
  2.45852
  3.15903
  6.52054
  2.11614
  1.98434
  3.62198
  3.90081
  28.0204
  3.04046
   1.0533
 0.947419
  5.00382
  4.57729
 0.934546
  2.14515
  1.60233
   2.2059
  2.20471
  24.2832
  1.59926
  30.8249
  31.1309
  1.19758
  1.76823
  1.48805
    1.817
 0.992887
 0.562969
 0.196654
  3.17915
  5.74764
  4.04775
  1.76403
  1.93414
  5.25568
  1.06981
 0.885368
  3.07681
     2.11
  28.2326
   26.241
 0.373628
  5.31733
  2.53093
  2.58024
  27.4432
  2.00196
  1.64333
  2.61242
  5.20556
  5.76674
  4.85328
  27.3793
  1.30631
  27.3651
  27.4045
  1.46704
  1.85572
  27.5736
  27.3848
 0.715214
 0.649328
  1.24694
  1.14096
 0.724707
  2.35059
  4.03721
  1.12238
 0.635028
  5.12678
  4.47445
 0.221745
  27.3407