  4.15295
  4.09139
  3.86634
  3.85485
  1.61202
  2.47844
  1.63956
 0.285153
  1.65288
  1.47524
 0.543249
  3.61725
  3.59109
  3.75017
  2.64379
   3.4618
  3.69393
  3.14835
  3.04333
  3.62074
  3.80902
  4.90112
  4.87221
  4.52164
   4.7448
   5.0581
  3.68041
  3.75333
  4.18548
   1.3008
  1.34819
  3.61793
  3.16703
  3.62308
 0.638667
 0.180879
 0.521318
 0.892395
 0.361451
  3.21965
  1.86225
  1.43907
 0.735245
  1.08678
 0.238996
  1.60775
   6.4766
  6.14115
  2.26398
  2.56199
  3.39039
  1.19059
 0.394662
   3.7653
  3.52132
   4.2928
  8.00755
  8.84787
   2.8622
  1.11485
  4.61421
  4.98637
  4.11144
   9.9174
  5.83497
  3.35039
   3.4311
  5.09162
  2.93609
  3.67534
  8.26814
  3.66006
  4.05105
  2.55657
  3.41851
    2.682
  3.13197
  3.46177
  3.48755
  1.10182
  1.02633
  3.42813
  3.82685
  1.75549
  1.45501
  4.67199
  3.94845
  2.97267
 0.889022
  3.14403
  6.21323
   8.2374
  8.63739
   3.0988
   9.1701
  3.20938
  4.54833
  1.90552
  7.41247
  4.17901
  1.31974
  1.52038
  3.13832
  2.06419
  4.03806
  1.29947
  2.00752
  1.62407
  4.39436
  0.45513
  2.07598
  4.68329
    2.127
  3.66027
  1.62937
  4.87804
  2.89065
  8.89883
 0.991784
  1.44456
  2.86155
  1.16297
  1.04511
  2.93527
 0.554064
  3.47024
  1.01678
  1.43014
  4.99045
  2.92844
  3.76876
  1.85493
 0.494672
  2.59352
  7.71039
  1.69435
  1.01841
  3.50741
  4.03828
  3.58819
   4.0971
 0.364823
 0.136205
  1.11531
 0.132923
  8.25579
 0.392065
  4.51865
 0.633665
 0.788975
 0.366412
  1.08599
  3.08979
  3.93582
 0.829493
  3.43963
  1.46958
 0.522017
  3.80597
  4.42079
  2.45371
 0.637845
 0.253508
   5.9574
  4.53552
   4.8572
  7.33312
 0.725685
  1.56029
  1.16537
 0.375844
 0.592835
  3.09113
   5.7417
  4.98553
  2.27769
   3.8445
  2.52349
  3.00788
  2.97862
  3.29092
 0.432281
 0.452317
 0.349278
  2.77014
  3.92439
  2.16967
  1.87234
 0.376774
  1.51419
  2.95652
  1.21543
  4.42552
 0.183173
  4.36569
  1.50671
  1.54484
  2.99852
  3.46442
0.0734464
  3.48649
 0.366473
  1.28608
   1.3698
  1.04427
 0.901706
  3.04222
  9.63747
  1.54382
  1.40021
   10.416
  1.53507
 0.716227
 0.127799
  1.34626
  1.15419
  4.55302
 0.516495
 0.773319
  0.70155
  3.23956
   1.2839
  3.14187
  2.54988
  9.58383
  2.77476
  1.85705
  1.84651
  2.95934
 0.400467
  4.10098
  9.42537
  9.06083
  6.29243
  9.88386
  1.89385
 0.354431
 0.127524
  3.41001
   1.9231
  3.54048
  3.56025
  1.52118
  0.36802
 0.190574
 0.643468
 0.575173
 0.396437
 0.908065
 0.486184
0.0648321
   1.3782
  3.96681
  2.61711
 0.245834
 0.878608
  3.87518
 0.545699
  3.80893
 0.538974
   0.3418
  3.38436
 0.744036
  4.26284
  4.10379
  2.88522
  3.00074
  3.20634
  1.13364
 0.967865
 0.338596
 0.641783
  3.82164
  9.71259
  10.5633
  10.6919
 0.261038
  1.89768
  3.83591
  3.91714
  4.01774
  3.92181
  3.03251
  3.63701
 0.362511
0.0339443
 0.341033
 0.965824
 0.516487
 0.880585
  1.05037
 0.930327
  0.85365
 0.856839
 0.179522
 0.879646
  0.45471
  0.16125
 0.981507
  4.19529
  4.29438
 0.175018
 0.293729
  1.13594
  1.07489
 0.371668
  2.97623
  3.03482
  2.95753
0.0825407
 0.871989
 0.307846
 0.363318
 0.532862
  1.29552
  0.95094
 0.908161
 0.421427
 0.403863
  0.47638
  3.07776
   1.3353
  1.64259
  0.82942
 0.376236
 0.227604
   1.6034
 0.742195
 0.192272
  3.21268
  2.71441
   1.8016
  2.57288
   3.6263
  4.44254
  3.87907
  3.37444
  3.22653
  2.39938
 0.571221
  9.29017
 0.396097
  1.76123
  1.98146
  1.26984
  0.42596
  1.05684
  1.05881
  0.60657
  3.06978
 0.869981
 0.659761
 0.902118