3.12168
5.51818
9.68941
10.3316
 10.843
13.7768
15.3947
15.4536
16.2235
16.4255
20.4402
20.6347
 20.735
21.2784
22.2398
 23.008
25.9005
27.9666
28.6411
29.4354
30.0643
30.3086
32.1732
32.3663
33.3655
33.4025
33.5314
33.5338
34.7146
36.7056
36.9823
37.2564
37.5418
38.4637
 38.591
39.1357
39.7212
39.8438
 40.878
41.7975
41.8031
 43.437
44.5525
45.3724
46.5804
 46.946
47.3334
47.3936
47.4323
47.5321
47.7424
48.2341
48.2654
48.2781
48.4622
48.9447
49.1005
49.7021
49.8353
50.0255
50.5225
50.5933
50.9072
51.0202
 51.501
51.6948
51.8907
52.3871
52.7491
53.0875
53.2664
53.3537
54.0785
54.2084
55.0351
55.0432
55.0644
55.1873
55.1951
55.3349
55.3852
55.5198
55.6359
57.8174
58.0941
 59.199
65.3122