   1.49713
  0.656491
  0.736332
   2.49934
  0.830198
  0.960152
   1.27876
  0.978764
  0.416317
  0.407184
   3.08365
   2.24688
   0.81173
  0.785986
   1.80639
   2.13599
  0.375824
  0.183653
0.00405159
  0.484922
   1.62319
0.00891969
  0.355406
  0.823694
   1.19723
  0.777279
 0.0994696
  0.117579
   2.36603
   2.36203
   1.85712
   1.69904
   1.50679
   1.42449
   2.02098
   1.20786
  0.631008
  0.240976
  0.921946
  0.885426
   1.00707
   1.42838
  0.928112
    1.0829
  0.613265
  0.316104
  0.698644
  0.567179
  0.274189
0.00560929
   1.01814
  0.463465
  0.126726
   1.50096
   1.46328
   1.57122
  0.269751
  0.420164
    1.4293
    1.2362
   1.88041
  0.812939
   1.01618
  0.600428
   2.44274
   2.78426
  0.297377
  0.529142
  0.870562
  0.641453
   0.95907
   1.32102
   1.40596
    1.7277
  0.418137
   1.71876
   2.26782
    2.1129
   1.21514
  0.290688
   1.01819
0.00563142
  0.120852
  0.755622
  0.176114
   0.17853
 0.0709895
 0.0431416
  0.722525
   2.25446
   2.02512
  0.460962
  0.750337
   1.81435
  0.839719
   2.19621
   1.43485
   1.14909
   1.65382
   1.28785
   1.65338
   2.41256
   1.85531
 0.0671932
  0.945083
   1.08073
  0.377086
   1.79006
  0.907421
  0.237012
  0.328138
  0.210759
  0.792788
   1.06399
  0.832914
  0.448077
   1.93596
  0.782206
  0.492539
 0.0806578
   2.13356
  0.717026
  0.796969
  0.579587
   1.16866
   1.41573
   1.89108
  0.387835
  0.706815
   1.36947
  0.306337
   1.02124
  0.439533
 0.0176742
   1.25542
   1.11143
  0.151579
0.00263335
   1.11313
0.00884494
   1.22913
   1.02414
   1.67481
  0.755913
  0.524847
  0.426662
  0.139139
  0.516058
   1.11827
   1.54126
   5.51789
    1.6319
   0.59073
  0.842698
  0.422633
   1.00559
  0.342776
  0.137814
  0.342799
 0.0972383
  0.449293
    1.7557
   1.44317
   1.18721
   1.40605
  0.387058
  0.301163
   0.21772
  0.513125
   0.62365
  0.781473
  0.594002
   2.64481
   1.22331
  0.594963
   1.06998
   1.43751
   1.18273
  0.983868
   1.71342
   1.93059
  0.641217
  0.253941
 0.0525936
  0.119386
  0.819112
   1.79176
  0.885396
    3.6198
  0.922063
   1.51939
  0.595857
  0.309558
  0.398373
    2.0715
  0.721064
   1.25153
   1.04685
   1.44588
  0.591656
   1.13736
   1.03838
   1.14396
  0.245573
  0.961606
   1.71151
    1.9654
   2.31049
   1.40735
  0.478875
  0.152607
   2.54394
   1.39635
   1.61264
  0.876131
   1.00455
   0.23622
  0.776649
   0.70842
  0.639518
   1.42639
   2.85247
   2.30379
   1.94008
   0.49148
  0.302021
  0.859305
  0.131693
    2.2891
   2.44642
   2.61326
  0.257139
  0.632331
    2.6291
   2.11144
   1.01119
  0.187024
  0.013902
 0.0470003
  0.329764
   1.31226
  0.180195
   8.05198
  0.486082
   1.12234
    3.3633
   0.58439
  0.594673
   1.89209
  0.200371
 0.0916138
   1.53197
   2.81252
  0.221843
   1.75562
  0.203668
  0.449232
  0.829865
   1.21906
   1.71657
   1.47012
   1.97899
   2.39901
  0.602263
  0.883349
   1.96988
   2.18164
  0.394852
   1.78096
   1.99963
   1.17273
  0.440722
    1.4941
  0.707272
   1.01695
  0.739027
   1.97788
   1.16957
  0.555091
   0.11874
  0.589574
   1.55788
  0.241292
  0.300408
   1.52097
   1.22161
  0.945887
  0.928689
  0.734589
   1.19686
  0.486984
  0.835517
   1.09277
   1.09391
  0.312618
  0.289673
    1.0546
   3.92729
   2.48267
   1.89751
   1.10954
   1.68133
   2.85347
   1.27391
     2.303
 0.0823348
   1.06984
  0.486343
  0.900786
  0.479822
  0.519599
  0.605471
   2.78202
   1.56577
   2.20391
  0.276066
  0.312652
   1.73034
  0.711056
   1.41356
   1.85126
  0.929635
   1.93923
  0.101509
   2.48041
  0.102824
   0.26449
  0.308329
 0.0887956
  0.280695
   1.01299
  0.361019
   1.96693
  0.681475
   1.49424
    1.0276
  0.408357
   1.54339
  0.893548
  0.475285
  0.899665
  0.722708
  0.397048
   1.47035
  0.615573
   1.18768
   0.29292
   0.25951
  0.653666
   1.98014
  0.409092
  0.106513
  0.736834
  0.847205
    1.3813
  0.796249
   1.88301
   1.34203
   1.48479
   5.68009
  0.383185
   1.25905
   1.13057
  0.374572
   2.22064
  0.585215
   2.08401
   2.60285
   1.70609
  0.924281
  0.375901
  0.776457
   1.64421
 0.0515233
   1.59018
    9.1626
   1.83879
   2.00161
   1.16085
   2.84408
    1.0818
 0.0740019
   1.54445
   2.04176
   2.53898
  0.766875
  0.201082
   2.01129
   1.18011
  0.391622
   1.35025
  0.342468
  0.268791
   1.90117
   1.20359
  0.526274
 0.0717766
  0.308039
  0.548493
   1.64585
   1.97307
  0.824858
  0.823035
   1.47334
  0.433527
   1.51434
   2.04258
   2.61245
   2.05241
   2.61134
  0.455007
  0.835838
   0.41032
   1.19621
   1.74716
  0.076814
  0.529675
  0.403945
  0.485482
    1.6259
   4.89188
   1.50433
  0.348871
   2.37115
  0.223242
 0.0399884
   0.13296
   4.67282
   2.26533
   2.25611
  0.322897
   2.81418
   2.73317
   1.47682
    3.0317
   2.75588
   6.90484
   8.98395
  0.325723
  0.829167
   3.37055
  0.983251
   0.63349
   1.40552
   1.25467
   1.69282
  0.802654
   1.62388
   2.59731
   1.64174
   1.45006
   1.30237
   5.23145
   1.46926
  0.597194
   2.74878
    3.5139
   1.41184
   1.36838
    4.8641
   8.73844
  0.176581
  0.192954
   3.09217
   1.96317
  0.661969
   6.94627
   7.80503
   1.07288
   4.65072
  0.369056
   1.45804
   2.12444
  0.501931
   1.32052
   1.54493
   1.83664
    8.3708
   5.84806
  0.894842
 0.0129696
   8.47435
    2.3486
    10.315
  0.003618
  0.861192
   16.9163
 0.0210642
   2.72642
    7.1467
   8.51757
  0.107349
   9.86344
  0.316693
   8.26243
   9.34836
   9.73144
   8.97152
   8.18606
   8.98445
   8.89488
   3.53491
  0.213674
    5.4525
   5.62142
   6.49119
   8.59484
   9.02258
   1.99959
   9.05261
   2.06534
   9.86405
   9.94051
  0.556774
   1.07373
   9.22887
   6.35626
   2.14451
   4.99047
   6.28008
   5.58036
   3.19049
   6.03747
   1.46323
   2.34576
  0.455112
   2.30371
   11.4731
   12.7712
   1.38813
  0.128734
 0.0300472
 0.0466488
  0.531529
   11.1193
  0.658176
    0.7421
  0.186186
   2.49306
    1.3964
    7.3196
   3.44221
 0.0148367
  0.196612
   4.50035
   1.85863
  0.315122
 0.0268275
  0.138824
   2.14337
   1.78307
   2.94456
   1.22936
    1.1245
  0.300184
   1.54897
   1.15122
  0.506687
   7.26581
   3.48405
   0.16619
  0.576927
   1.09294
   0.92604
   2.61455
   2.57776
   1.58858
  0.767375
   1.60635
   5.67248
   0.44908
  0.564849
   3.81522
   2.51517
   3.10468
   1.46621
   4.23664
  0.444652
   0.69421
   1.28878
   1.28354
    1.1002
  0.673547
  0.942312
   1.58635
  0.734114
0.00417497
  0.759892
  0.966924
   13.4486
   14.2187
   1.49783
    2.4539
   1.17998
   1.24193
   1.80289
   2.40565
  0.118322
   1.40811
   1.27957
   0.87347
  0.776525
  0.104707
  0.410716
  0.506505
   2.90342
   1.51657
   5.36112
   1.14167
   1.85607
  0.665402
   2.12963
   2.03153
   0.36897
   1.97569
  0.673187
   1.64798
   2.38285
   1.84725
   1.50353
   2.12875
   1.66403
     2.657
  0.715139
  0.660162
   1.83719
 0.0141035
  0.686325
  0.264935
   2.33562
   1.62561
  0.196495
   2.84941
  0.709711
  0.788573
  0.634964
  0.501469
   8.94163
   1.76904
    5.0844
   1.42341
  0.866127
   4.98467
   5.40712
   5.35502
   0.53348
  0.407569
   4.99675
   1.41996
   2.28212
   2.55359
   1.66087
    3.0831
  0.217438
  0.760156
  0.500121
   2.16004
   0.84861
  0.882333
   1.03743
  0.977168