  0.202906
   1.72006
   2.36256
   2.68023
   1.82586
   2.89566
   1.49983
   1.51037
  0.791507
  0.786585
   2.99513
  0.177433
   1.37721
    1.3824
   3.07305
   2.94791
   4.37811
   4.34997
   4.45391
   4.38244
   2.89511
   2.34049
   6.26931
   1.18614
   1.21609
   1.07286
   1.10449
   1.20505
   1.16314
   1.25506
   1.28978
  0.522499
  0.661068
   3.95984
   4.10374
    2.7834
   2.67216
   3.03597
   2.99713
   3.35095
    3.3133
  0.131729
  0.200833
  0.181152
   2.01168
   4.19793
   6.10163
   2.48581
   3.16381
   0.68921
  0.458864
  0.636329
   2.45658
  0.346042
   1.77062
   2.01649
   2.82304
   3.45875
  0.231137
   1.33854
  0.969359
   3.23207
   2.59682
  0.776102
  0.782777
  0.845952
 0.0401211
 0.0549318
    1.3093
  0.317528
  0.795074
  0.118509
    2.4527
   1.17334
   1.73127
   3.39956
   1.13042
   3.09906
   3.24228
   2.74737
   2.57095
   2.69812
   2.17467
   3.45679
   3.74496
   1.22067
   2.38171
   1.70639
   1.96195
   1.93828
   1.01594
   0.44649
  0.152441
   1.84158
   3.61263
    2.6146
   2.27468
  0.503991
   1.96367
   1.64282
   1.09423
  0.384199
  0.633225
    1.5354
   7.26468
   2.20738
   2.54929
   6.07909
   2.45481
   2.69895
 0.0999349
   0.25444
   1.25803
   3.24773
   2.09305
   2.03674
   4.31218
   2.05395
   4.09509
    2.7176
   2.11794
   2.13567
  0.934835
  0.164285
   1.67073
  0.560166
   3.09724
  0.392046
   2.36352
   1.93457
 0.0441808
  0.517806
   1.20108
   1.23705
  0.604913
   1.42067
   3.71705
  0.777071
  0.923136
   1.60594
   2.13901
   2.33934
   4.35291
   2.35192
   3.11671
   1.85165
0.00537808
  0.223729
  0.424236
   1.93192
   2.29121
   1.66537
   2.19856
    1.2546
   2.80742
 0.0766382
   1.53545
   1.81158
  0.227069
   2.80471
 0.0497251
   3.13278
  0.100975
    1.5167
  0.232968
  0.176692
    2.9052
   4.36671
   1.40254
  0.216513
   2.42976
   3.44859
    2.6556
    4.9461
   1.23627
    3.3864
   2.90654
    3.5506
   2.90903
   3.01427
   3.16546
   2.03673
  0.106742
  0.801695
  0.988815
  0.933785
   2.44422
   2.23179
   1.66269
   3.00763
   2.84194
   2.20378
   3.46158
   1.83199
   1.17379
   1.07775
   1.85558
   2.55478
   2.92504
 0.0936448
   2.45415
 0.0606645
   2.40521
    0.1391
   1.93689
   2.02215
   2.54887
   2.38872
   2.57656
    3.4905
   3.41213
   2.45179
   2.51834
  0.652132
  0.235558
  0.610573
   4.22604
   1.54958
   4.22487
   2.07706
   1.63298
   1.74281
    1.8258
  0.391622
   2.61475
   3.38492
   3.69666
  0.215961
  0.996241
   3.57163
    2.6288
   3.65871
   3.30026
  0.869707
   1.76009
   1.75512
    2.6403
   2.07577
   2.64345
   1.36034
   2.50828
   2.57505
   3.51013
   3.62881
   2.16901
   3.24245
   1.73215
  0.257422
   2.64962
   4.34959
   3.15721
   1.84742
   2.18229
   2.48272
   5.28322
  0.135775
   3.15514
   4.38477
   2.92372
  0.796311
   1.55394
  0.270747
   2.54227
   3.14245
   2.40255
    3.9325
   2.59625
   5.61105
    4.3533
  0.149093
   3.15005
   2.71787
   2.41826
   1.06953
   2.52276
   3.95504
   4.21291
   4.62624
   5.22932
   6.41776
   5.43141
  0.563021
   2.16167
   1.21117
 0.0634403
   4.48924
   4.32068
   4.57857
   4.82082
   3.00316
   5.12914
   3.00815
   4.54165
   2.47923
   1.58196
   1.79332
   1.81039
   3.62733
   2.35141
    1.4311
    2.5492
    5.7957
   6.12796
   2.14064
   2.10698
   2.12834
  0.614811
  0.141604
   3.52688
   4.81826
   3.55845
   3.58281
   4.14989
   4.26772
   1.27454
  0.467195
   2.68908
   2.23305
   3.62478
   2.47606
  0.273531
  0.850584
   4.07586
   3.29809
  0.306285
   1.09557
   1.95443
   4.05614
   2.23702
   3.99082
   3.37818
   2.35333
  0.571462
  0.672163
   1.14032
   1.64225
   2.35146
 0.0708865
   1.90086
  0.469639
   1.98176
   1.75678
   1.92202
   4.46989
   2.70779
   1.93738
  0.835916
   0.49242
   2.73094
   3.00644
   3.02454
   4.96038
   5.43158
   1.64601
    1.6576
    2.0097
   1.65125
   3.14458
   1.88757
 0.0548603
   1.88787
   3.96378
   3.53278
    1.9213
   2.27616
    1.8635
   2.49864
   2.43577
   2.11284
  0.457842
   2.35919
   1.70712
  0.389067
   2.82727
   2.81048
  0.798909
  0.743453
   1.89073
  0.458958
   1.83958
    1.8918
   1.60407
   1.17491
   1.64896
   2.39243