  57.5109
  57.0292
  53.0329
     21.7
  22.1318
  57.0292
  58.7431
  59.6395
  6.75998
  50.3472
  44.0484
  58.7451
   49.681
  52.1765
  55.2487
  35.6052
  23.0713
  33.0446
  49.7157
  50.1473
  41.2122
  50.6889
  57.9323
  48.4528
  49.7007
  49.2288
  45.7273
  38.5003
  50.6196
  56.9852
  23.5642
  55.4873
  36.5798
  49.9035
  46.3912
  52.9813
  37.2511
  35.6176
  39.6353
  55.8493
  30.3003
  39.3927
  38.4049
  30.1933
  47.5913
   31.289
   39.097
  48.9082
  38.5321
  32.2564
  59.3052
  32.8566
  41.6199
  58.7169
  56.4829
  52.1084
   43.837
   33.166
  37.6325
  37.7841
  32.4831
  33.4824
  46.8587
  50.6522
  32.3041
  35.5888
  44.0459
  49.5041
  54.5712
  36.3649
  47.9004
  53.2625
  55.1365
  37.0462
  42.1172
  48.0234
  30.8042
  33.0821
   30.882
  59.1292
  54.3637
  22.8392
  36.6052
  30.1339
  29.9738
  26.8964
  41.7917
  36.4175
  49.0609
  57.7579
  38.3573
  23.5203
   50.393
  40.8719
  43.8926
  31.7083
  25.6553
  35.0936
  33.3487
  40.8912
  34.7587
  47.3443
  39.3801
  30.7744
  32.4998
  44.3869
  37.4267
  50.4267
  34.8478
  40.7969
  37.3112
  49.3063
  36.2509
  30.4071
  34.3882
  48.1023
   50.964
  41.6746
  22.4458
  30.8667
  40.3844
  38.9239
  33.9619
  32.7302
   42.725
  41.3114
  43.1644
  40.5969
  21.1023
  2.75416
  1.40369
  43.9298
  34.8843
  39.7326
  40.1951
  31.9116
  36.3752
  31.6062
  24.4594
  45.1889
   48.166
  33.0696
  33.3154
  47.1793
  48.7173
  25.3258
  34.6782
  31.5642
   36.456
  23.1701
  25.5268
  22.9216
  59.6566
  25.3804
  30.1007
   30.966
  35.8853
  43.3867
  11.4727
 0.791924
  45.1784
  23.0595
  40.2359
  49.3059
  47.5675
  45.6524
  49.1584
  49.4972
  23.0679
  35.4155
  47.8304
  24.1763
   27.381
  23.1919
  30.3179
  27.7129
  47.4099
   34.925
  30.7808
  24.1734
  24.1317
  30.9909
  12.8566
  5.67199
  4.54324
  1.54782
  48.4356
  3.96852
  5.45162
 0.193962
  1.65484
  1.28197
  1.19925
  6.61923
  7.07951
  1.87031
  3.56853
  5.21511
 0.859531
  2.70677
 0.370317
  7.78337
  7.78295
  11.3551
  3.80371
  2.37576
  4.25658
  3.91045
  22.5831
  32.7755
  9.56373
  9.10071
  6.89816
  2.08879
  1.47901
  4.41002
  7.85169
  6.42107
  5.18553
  6.93081
   6.3936
  5.70208
  4.57335
  1.04613
  4.44851
   34.564
  15.5916
  2.47259
  2.47243
  39.1422
  15.5081
  4.76641
  7.50794
  3.63226
   22.997
  2.79615
  7.01553
  2.72091
  22.0085
  42.9005
  7.76798
   1.2015
  4.76299
  4.57979
  7.14502
  10.9699
  9.75151
  4.81315
  8.61282
  2.06861
 0.245478
  11.2789
  2.36612
  3.75397
  1.14566
 0.302923
  6.01446
   19.936
  7.43351
  7.18366
  10.7721
  5.79244
  3.41769
  4.17893
  2.38512
   3.0825
  2.51787
  6.15518
  2.24301
  4.69388
  6.87121
  2.21824
   2.5501
  3.83439
   4.3119
  11.9571
  6.05379
  9.35959
  1.59899
 0.200782
  6.81762
  3.68212
  4.37846
  39.1494
0.0830437
  4.75457
  5.47604
  6.13561
  2.92116
  2.89415
  3.42046
 0.111988
   22.433
  3.47261
  5.47449
 0.944514
   15.739
  4.79619
  25.5647
  4.62555
  5.05345
 0.596209
  10.3676
   9.4208
  1.71263
  26.8836
 0.259329
  2.49062
  7.81658
   2.0245
  7.28951
  4.60957
 0.545891
  41.8871
  9.51493
  11.5273
  11.4131
  10.4132
  7.34359
  5.64714
  17.7214
  7.50396
  5.29054
  7.02997
  6.30232
  10.7317
  6.35391
  5.03377
  8.46708
 0.747647
  2.11082
  6.09634
   6.1446
  18.7687
  18.6537
  15.6227
  21.2869
  11.1111
  10.6955
  2.33675
  6.55119
  7.29523
  8.15069
  7.10174
  5.60977
  3.06306
  0.50602
  10.1241
  10.0623
 0.504897
  3.25633
 0.529686
 0.963119
  4.81311
  5.41253
  6.97716
  1.29014
  3.67189
  10.9006
  2.48827
  1.35096
 0.481309
  20.9245
  6.46334
   4.8486
  1.63955
  9.16514
  6.07579
  3.35716
  5.94774
   1.7699
   7.5494
 0.970078
 0.747293
  5.38497
  11.0896
  2.58741
  2.55726
  1.11353
  1.41675
  14.9543
  2.89893
  1.05125
 0.474047
 0.154531
  2.11317
  5.05102
  4.59222
  36.5066
  10.3656
   2.7543
 0.150047
  0.18917
  0.89045
  1.16558
  6.80944
  30.8211
  32.5645
  2.25206
  10.8607
  4.35445
 0.916445
  6.64906
  3.58541
  14.9104
  1.26787
  1.22672
  4.22464
  2.49249
  3.81508
  2.02764
  3.91545
  12.3653
  9.89322
  21.7206
  3.27771
  2.74545
  2.03892
   1.3765
  2.64505
  3.42753
  4.44104
  7.31217
  21.3674
  18.6613
  12.6875
  16.3094
  5.11458
  6.55271
  5.10576
   6.7947
  4.61371
  1.41106
  5.44036
  14.5428
  15.2991
  5.18811
  3.23873
  2.04369
  1.04187
  5.08632
  4.21587
  10.0786
  16.9665
  3.30502
  3.80967
  1.02835
  3.29704
  1.60922
  5.20612
 0.160044
  6.28901
  1.84838
   2.7453
  4.52214
   1.7621
  9.56604
  35.0369
 0.429342
  5.55855
  19.6055
  3.34395
  14.3222
 0.465491
  2.79338
  19.2936
  11.8249
  2.48005
  4.33075
  3.48944
  2.60191
  5.52907
  17.9858
  21.0814
  9.14686
  18.4873
  1.47414
  15.8337
  3.41741
  0.15664
  5.90052
  2.44025
 0.462272
  4.65036
   14.815
   5.8747
   17.203
  3.51995
  2.77178
  19.1855
   16.716
  16.0629
   2.0782
 0.359829