  8.04464
  12.7964
  2.95134
  6.00516
    1.167
  22.2238
  23.4748
  9.49087
  5.94738
  3.85786
  9.91974
  1.32597
 0.885763
  19.3338
 0.169701
  2.61579
  3.92713
  22.3949
  4.14918
  5.32347
 0.384731
  3.04278
  1.92887
  9.65863
  1.96094
  4.45555
  4.47045
  7.71227
 0.796843
  10.6049
  3.23342
  24.4857
  10.9718
  22.1547
  3.35832
  8.44288
  2.33196
   27.791
  8.65294
  1.45131
  11.0995
  2.96842
  4.21896
  24.0766
  5.78988
  5.46362
  6.71614
  6.58963
  2.84876
  2.42318
  6.78369
   3.4785
  26.1503
  4.71005
  7.15989
  16.4977
  6.42497
  29.8044
  9.47262
  5.34874
  6.11709
  12.0147
  9.83072
 0.879718
  6.71803
  11.7411
  19.7352
  18.0079
  7.90754
  3.98953
  7.87031
  12.4808
  23.2608
  2.08411
  1.19984
   14.764
  19.0519
  16.2922
  10.6933
  17.9112
  9.14039
  7.32587
  23.8239
  1.30845
   5.0048
  6.46829
  7.57807
  6.58795
  5.93597
  4.31851
  5.31644
  9.82975
 0.473964
  3.07573
 0.422578
  3.20788
  12.0643
  4.31039
  12.8839
   3.9124
  3.02514
  3.76062
  4.98574
    3.871
  4.59639
  3.43003
  13.3367
  9.71949
  2.58643
  5.32946
  3.01184
  9.25283
  10.1528
 0.136153
  11.7108
 0.741234
  2.41538
  7.76545
   13.669
  12.1796
  4.73849
  2.80661
  5.53311
  1.02895
   3.0526
  4.86903
  1.53323
 0.302573
  4.76319
  3.93363
  3.94239
  6.18673
  3.06408
  1.16069
  2.56779
   25.944
  8.56988
  5.48265
  11.2969
   3.9297
  14.0588
   21.609
 0.699802
  15.6646
     11.7
 0.463159
  2.82434
  11.3727
  20.0324
  26.7304
  9.86573
  8.19759
 0.692775
 0.438357
  10.5234
  8.85496
 0.579538
  5.95829
  2.75606
  8.99109
 0.814502
 0.815417
  7.76869
  11.4366
  4.90458
  9.71308
  7.92206
  9.93148
  3.82365
   9.2983
  4.98934
  2.65041
  1.83117
  6.49996
   4.5117
  11.6709
 0.975619
  17.5451
   12.779
  4.37519
  12.6192
  10.2411
  2.31492
 0.302287
  3.89855
  3.41178
  9.73093
  29.3345
  14.8941
  5.25326
 0.949265
  4.49853
   8.9105
  14.0203
  20.2834
  28.0677
 0.820369
  4.36381
  6.81498
  20.4203
  4.26533
  26.3262
  27.2421
  16.0702
  9.21975
    5.486
  7.10682
  4.60172
0.0533034
  1.95721
  8.26366
  9.90689
  7.44327
   6.4139
  4.50978
  6.50372
 0.057855
  6.13843
  4.53469
    5.063
  1.53218
  2.05885
  15.9085
   16.835
   11.512
  6.03982
  8.82021
  5.66228
  16.0009
  6.07843
  11.6874
  8.18757
  9.83822
  2.21471
  22.3974
   5.4751
  38.9915
  29.3582
   29.117
  7.92178
  10.3918
  12.4137
  1.98411
  11.5021
  10.9116
   14.739
  53.0613
  48.2565
  27.4272
  47.1185
  41.9203
  23.1016
  3.82093
  6.54298
  56.6719
  1.23761
  3.10563
  10.8878
  10.0504
  3.37112
  5.46708
  5.35462
 0.768547
  3.40229
  5.08001
  17.0785
  2.47871
  9.99227
  2.29438
  6.71742
  9.94925
  6.58478
  4.13229
   4.5761
  20.1317
  4.93116
  16.9748
  18.4294
  4.32275
  4.10753
  5.90445
  4.55501
  7.55194
  5.07045
  2.14239
   8.7847
  7.80774
  24.1323
  1.16434
  0.96701
  7.92714
  10.8734
  16.3739
  8.10807
 0.413933
  11.9335
 0.385158
  4.40286
   6.0996
  3.08086
  5.83405
  10.7118
 0.785575
  8.59211
  1.65469
  1.55954
  1.42344
  9.51368
  3.29154
  5.80888
  10.4454
  29.7932
  41.3265
   1.1902
  3.94313
  27.4981
  3.40452
  4.16386
  9.70186
    1.694
  2.65789
  3.36753
  4.49589
  6.20331
 0.989777
  20.8682
  3.87657
  10.5597
  9.14217
  5.18449
  37.7361
  9.17716
  8.94617
  22.7429
  46.5795
0.0733357
  9.98104
  1.63324
  6.59645
  15.9922
  2.28115
  1.70687
 0.867395
  3.12533
  9.63341
  37.8206
  1.42921
  10.8628
  23.5223
   27.656
  56.6172
   35.812
  39.9323
   27.024
  37.0863
  10.3367
  12.3466
  6.25456
  31.0164
  31.6195
  27.0446
  3.71261
   32.388
  9.12493
  19.7264
  45.9418
  16.6209
  7.67799
  6.63223
  33.2565
  14.6568
  18.9501
  3.30586
  2.20585
  6.79737
  3.93953
  1.20116
  20.1643
  2.62888
  38.3254
  41.2974
  35.1208
  24.8576
  8.52383
  9.35737
  5.29636
  42.1153
  3.46839
  26.1176
  37.9364
   19.243
  9.57121
  24.1058
  17.2818
  19.1708
  35.7253
  35.9114
  10.7686
  24.8669
  56.4339
  30.9828
  29.1525
  20.3546
   36.034
  25.2441
  39.1254
  37.6869
  26.9916
  11.5736
  38.2988
  15.0881
  9.13372
  52.8034
  6.68284
  11.8918
  38.9362
    36.31
  32.9307
  22.0643
  27.1512
  29.4808
  4.49407
  47.9436
  41.1345
  54.6276
  42.0257
  4.70607
  3.57325
  9.63162
  8.76595
 0.624042
  44.6439
  53.1952
  3.89542
  5.29503
  19.6619
  43.0933
  3.50004