  33.9938
  34.3234
  30.1348
  36.2941
  31.5667
   27.641
  28.6888
  30.3174
  36.9127
  44.9232
  46.3514
  37.1741
  46.6373
  41.8534
  33.2543
  36.0886
  38.3448
  37.2258
  29.0499
  39.9866
  43.6849
  42.8044
  51.9895
  38.9649
   40.603
  40.0884
  29.9723
  26.3624
  44.3993
  38.6473
  37.2656
    22.44
  34.1287
   28.868
  20.6313
  36.5546
  41.0817
  44.9323
  32.9924
  37.8813
  40.6756
  44.1672
  33.9642
  46.6539
  38.0556
  41.5286
   38.136
   31.773
  38.3946
   44.423
  40.8592
  37.4067
  37.6522
   40.771
  37.6401
  39.7249
   27.814
  37.5255
  37.8783
  38.4959
  44.6362
  39.2141
  37.9848
  38.7157
  8.19854
  7.07459
  44.5946
  28.5801
  46.5948
  38.3843
  41.3733
  44.4388
  44.8526
  37.8481
   21.725
  42.2802
  46.1396
  40.7356
  45.4984
  40.0186
  43.0831
   42.977
  30.4998
   38.786
  37.9901
  30.3028
  24.4708
  21.1618
  24.5954
  26.1937
  41.7522
   20.184
  23.7117
  40.9684
  3.45828
  41.2919
  24.7403
  28.3574
  38.5663
  43.3679
  43.4462
  37.3453
  41.7908
   26.737
  28.9129
  44.9337
    27.22
  24.8937
  35.8885
  44.6683
  36.3044
  46.8771
  35.5384
  43.3951
  26.2642
  25.3755
  40.2963
  13.3817
  11.6267
  3.43763
   3.4159
  3.72264
  1.46712
 0.580667
 0.818625
   4.4115
  7.26003
  2.76511
  3.31977
   6.7893
  1.08395
0.0785633
  1.73892
  1.10402
  14.6359
  10.4931
  2.53986
  5.54567
  1.13853
  7.02246
  8.11045
  20.9203
  28.6733
  19.3143
  11.4236
  9.89571
  7.98757
  3.05039
  4.79003
  10.1082
  1.99938
  3.36017
   1.9469
  2.64307
   8.9365
  8.17553
  6.53995
  8.59536
  39.7554
  16.6535
  12.7688
  12.1666
  39.2908
  20.6318
  1.10101
 0.895243
  0.67209
  22.5523
   13.928
   1.3496
  2.07045
  20.2314
  39.4178
  1.52297
  2.42133
  5.84912
  5.14596
  1.90632
   11.678
  4.59374
 0.575153
  11.6657
  2.14861
 0.228808
  2.62052
  3.94803
  4.33401
 0.571575
  26.5949
  1.35769
 0.275737
  11.2377
  7.53141
   1.1598
    6.625
  9.86478
  10.4889
  5.64719
  8.02109
  7.51006
  4.63748
  4.21147
  7.41252
  3.22592
  3.84442
  10.3495
  4.37445
   3.9502
  12.1667
  3.64251
  6.56158
   4.6869
  3.94661
  3.24361
  3.52481
  3.35492
  41.7595
  1.53893
  4.42739
  1.91717
  3.81507
  5.83603
  11.4829
  2.91804
  1.37159
  34.4692
   2.7376
  4.06924
   3.5844
  16.1235
  5.85122
  26.4573
0.0663184
  2.01876
  3.04948
  2.76395
  2.68775
  4.20357
 0.284651
  5.83251
  33.6244
  2.68534
  4.34975
 0.696328
  2.00116
 0.577349
 0.301163
  2.94046
  43.4922
  8.53137
  10.7801
  6.50223
  6.23571
  4.55776
  1.10061
  1.92976
  25.8392
  1.97759
  4.88036
  4.53005
 0.799716
   8.1808
  2.91804
 0.299666
  4.73516
   5.1382
  2.02005
  6.13236
  13.7157
  25.2456
  16.2788
  26.7563
  8.85765
  1.52316
  3.14609
  8.08355
   1.2285
  2.32486
   2.1628
  3.22252
  1.35671
  4.76123
  3.75337
  5.17851
  2.79284
  5.10168
  6.64256
  9.75192
  7.81458
   5.5367
  3.87911
  3.27407
  2.79669
  5.88576
  1.07579
  2.69067
  10.9863
  4.20997
  3.19726
 0.562323
  6.71718
  1.40054
  6.34733
 0.182542
  1.52567
 0.781097
  27.3628
  2.70643
  5.92251
  7.26813
  11.8001
  8.90421
  11.2846
  8.78633
  5.00457
  4.51052
  2.29169
  5.77368
   6.4405
   5.5393
  1.30189
  2.46826
  4.51907
  16.5138
   1.7453
  8.30663
 0.840238
 0.757496
  4.56324
 0.457191
  0.46769
  35.4814
   5.5981
  4.56497
  4.09997
  6.86415
  7.57852
  15.1994
  7.67304
  7.86477
   1.8156
  9.79176
  4.44623
  5.62667
  3.49763
  10.2726
  1.40415
  6.36896
  5.72261
  3.55728
 0.651805
  4.11371
  3.59995
  5.75774
  2.53784
  7.11033
  1.66517
  5.14239
   1.0268
  6.03003
  15.7051
  6.60755
  3.68294
  4.01275
  3.42732
  3.83411
  2.70666
  4.25725
  10.5418
  2.31458
   2.9269
  3.85331
 0.324499
  4.70544
 0.910028
  10.9186
  6.85238
  13.4134
   20.073
  3.55141
  9.62506
  1.67877
 0.481945
  5.79132
  2.20873
  5.05501
  3.01715
  2.08962
  6.83961
  20.3124
  4.96846
  9.49653
 0.517873
  8.48377
  6.25422
 0.760167
   3.0018
  9.26939
  5.76296
  1.32284
  5.87835
   2.1252
  12.6986
  27.4728
  20.5213
  2.70427
   1.4899
  8.00518
  4.40904
   2.4283
  4.01399
  9.62506
  7.71788
  7.85085
  3.74563
  6.11056
  1.61486
  1.84387
  2.05784
  7.98918
  2.44346
  2.38004
  5.43353
  3.58956
  13.9487
  12.5577
  6.48183
 0.899274
  14.2743
 0.096746
   12.933
  2.67161
  10.5512
  4.24048
  10.9622
  4.39158
  7.17293
  3.27081
  7.59289
  1.61773
  2.74087
  6.01735
  2.73289
  2.67891
  2.81267
 0.297045
  10.9392
  2.94302
  3.33013
  11.3314
  2.55775
  13.9232
  3.02697
  10.4794
  40.4912
  35.6858
  1.29047
   1.5362
 0.817152
  27.6501
  6.90702
  12.0191
  5.11363
  2.60637
  1.74754
  7.81938
  2.70527
  12.3237
  5.79045