  7.21287
  21.6927
  17.7712
  8.71718
  13.2875
  19.6165
  7.66979
  31.0009
   21.563
  3.98207
  16.2803
  11.0782
  13.5165
  16.7488
  12.8717
  15.6721
  2.22601
  2.61081
  2.88348
  12.9117
  13.6728
  4.89666
 0.960382
  9.21391
 0.912798
  8.16961
  7.60913
  5.87381
  16.8452
  3.77272
  4.25985
  10.2701
 0.581688
  27.7109
  11.9947
  16.6641
  19.1994
  5.84371
  7.53692
  11.1218
  26.4985
  1.44143
   4.9232
  15.7346
  30.5207
  2.43689
  6.18227
  19.0277
  16.6951
  3.55146
  31.1977
  4.50376
  8.51296
  11.9041
  19.4709
  10.2974
  10.0338
  9.46999
  3.25171
  7.17848
  19.4419
  29.0497
   28.945
  28.7105
  8.32849
  20.3511
  16.9762
  8.27713
  21.0905
  26.6861
    8.208
  2.96419
  1.68284
  10.2815
  7.36795
  12.5379
  17.5856
  14.4372
  8.67425
  56.3752
  7.19292
  22.5208
  12.5052
  13.8085
  13.6731
  10.3278
  13.8532
  5.07157
  7.51309
  2.90612
  2.90946
  4.36522
  4.82552
  1.35018
  6.82415
  9.98591
  26.8796
  1.64495
  4.24754
  16.4461
  24.6318
  7.35935
  11.3936
  6.69534
  21.2765
  4.11898
  6.25229
  15.8259
  12.5996
  3.40502
  6.58836
  6.02869
  2.96223
  7.49053
  7.96674
   7.5723
  3.45615
  3.89633
  2.79113
   11.497
   9.2101
 0.670639
   1.6567
  3.17834
  7.59535
  1.08977
  15.1447
  26.7336
  14.1365
  3.66759
  26.9322
  23.2737
 0.332036
  8.98306
  2.19389
  0.34436
  16.4938
  1.52457
  11.1613
  2.38869
  1.43949
  28.6093
  24.1715
   15.785
  1.44777
  6.22513
   5.0815
  8.87708
  7.84555
  7.93703
  12.6915
  4.72673
  1.11988
  7.54124
  13.2646
  29.2463
  7.78324
  3.74553
  8.09171
  6.62918
  3.15156
  6.22165
  4.93229
  4.93229
  14.7726
  33.0651
  1.33846
  13.9742
   6.4833
  20.5094
  3.00522
  10.5992
  2.90784
 0.726221
  2.95048
  8.19287
  6.54511
  17.1175
  16.1192
  7.89333
  21.7594
  20.7352
  8.87842
  7.98345
  3.71444
  20.0229
  26.0728
  18.2689
   13.178
  30.8984
  15.9168
  26.9847
 0.537428
  1.47171
 0.421025
  3.80795
  6.83529
  7.86225
  33.0005
  8.87381
  19.4442
  33.3752
  8.16474
  5.01176
  4.23834
  4.13067
  5.68711
  4.02099
  1.48526
  1.64261
  3.69163
  7.02799
 0.159634
  2.43602
  5.80538
   62.467
  10.5094
  12.7131
  11.7702
  15.0846
  2.39871
  17.0138
  1.49302
  1.61108
  3.82039
  22.8907
  8.39442
  29.2004
   35.721
  34.8748
  19.1897
  4.50781
  1.25357
  2.29005
  1.16917
  18.3121
  17.3539
  2.67182
  38.5546
  41.9121
  48.2188
  42.0523
   29.614
  4.78004
  10.6452
  51.0123
  8.57086
  3.30341
   4.6073
  8.07264
 0.703606
  5.86753
  3.38769
  6.02159
  6.61592
  26.6612
  3.63417
  7.94536
  9.76062
  20.4532
  8.79673
    12.21
  13.7997
  19.5677
  28.3267
  3.18499
  15.7431
   31.224
  4.42297
  46.4012
  62.4098
  19.4196
  4.39728
  8.52791
  3.61499
  11.7656
 0.389952
  5.08887
  13.2327
  19.5988
  12.4804
  25.3741
  2.60926
  2.15749
   13.515
  9.11883
  5.43965
  3.22931
  3.32527
   5.2548
  1.85928
  5.57832
 0.786076
  4.16653
  5.74954
  4.79996
  3.73756
  15.4859
  1.55296
  12.0912
  2.89096
  19.3561
  4.21586
  7.76401
  28.4254
  14.8473
   36.757
  51.8063
  2.70346
  6.72007
  32.4493
  7.79023
  30.0489
  4.65591
 0.951084
  16.6579
  0.22536
  13.5535
  2.25241
  4.85966
  21.3525
  2.94083
  7.25721
  2.95137
  2.15326
  28.4509
  4.81029
  13.1148
  29.2546
  8.68747
   12.185
  4.21525
  17.2363
  22.7938
  4.87229
  1.73403
  8.28876
0.0458066
  28.4882
  8.85288
  24.2368
  29.4522
  15.7177
  53.4137
  35.0154
  43.2048
  32.2934
  2.09121
  2.63834
  43.1384
  22.0008
  30.7233
   21.922
  7.69164
  24.6337
  17.4559
   47.055
  62.8978
  4.35635
  23.2316
  40.8053
  30.4426
  5.70416
   2.5121
  34.0205
  9.02368
  26.5456
  7.78059
  2.40875
  4.17524
  9.94661
   6.7208
  39.3962
  37.5969
  25.9071
  21.9356
  18.2553
  52.3053
  20.1404
  11.8983
  46.8583
  17.3572
  39.7854
  22.0462
  29.5381
  29.6527
  39.0298
  13.6933
   2.6622
  39.9011
  53.6489
  8.70734
  35.6506
  30.9717
   29.812
  5.71071
  52.6492
  8.05875
  45.4572
  39.4912
  22.4404
  7.72132
  53.3467
  12.8749
  53.3053
  28.6134
  7.62427
  35.8914
  42.3497
  39.4028
  24.4953
  32.0697
  36.9371
  36.1575
  20.7188
  2.19525
  3.07528
   6.4849
  49.5459
  20.4019
  43.8227
  1.32412
   49.722
  56.4746
  57.6484
  9.14998
  32.7121
  33.7145
  27.5541
  24.7715
  45.9281
  49.3207
  7.35379
  51.4222
  55.0123
  15.8146
  54.5119
  40.3421
  6.71614
  22.2185
  6.72042
  33.5355
  11.6519
  26.9935
  30.4642
  14.1817
  14.3581
  51.5946
  50.5679
  24.3745
  15.4911
  7.43292
  52.3601
  50.1193
  26.7219
  52.8101
  26.2008
  10.7201
  32.3159
   33.596
  3.08598
  50.9811
  16.1552
  57.3816
  41.6705
  40.0247
  52.7746
  38.0082
  1.42967
  56.4503
  59.0008
  55.4288
  55.7957
  20.3898
  17.9432
  36.3334
  53.9641
  56.9147
  22.1612
  22.6975
  5.15228
  29.8935
  54.4789
   11.459
  2.82243
   52.029
  6.26166
  56.8596
  46.3425
  36.9459
  29.6142
  32.5496
  47.2811
  37.3547
  3.76525
  11.6686
  32.1349
  31.0183
  15.8722
  11.0942
  3.20809
  28.7675
  39.7321
  37.8494
   7.1748
  56.4194
  55.6056
  45.3709
  38.2695
  36.9318
  35.9192
  21.2362
  35.7298
  34.2372
  30.5861
  14.5259
  34.6488
  38.2263
  50.5069
  52.8742
   36.264
  39.1874
   31.234
  43.3334
  26.8798
  57.3556
    31.42
   35.788
  17.9204
  17.0701