     15.59
   16.4394
   19.8055
   14.2603
   12.8252
    14.573
   26.8277
   14.8487
   16.8072
   5.58666
   6.03524
   2.78569
   18.4634
   19.3021
     1.808
   21.4141
   2.19074
   11.9464
   7.71972
   10.2675
   25.0151
   15.8124
    4.0842
   5.34005
   17.5679
   20.4617
   9.65789
   20.8565
   11.9302
   17.9046
   15.8377
   15.4426
   23.5564
  0.955879
   16.3782
   1.44622
   19.5308
   14.2564
   15.3699
   18.1643
   20.4653
    22.156
   20.7085
   13.8159
   16.0724
   14.0877
    16.904
   24.9303
   13.5784
   16.8495
  0.665609
   13.9857
   17.0894
  0.866049
   15.9631
   17.6722
   14.7738
     3.672
   1.42987
   10.9959
   8.93417
   24.1371
   20.7988
   10.6663
   20.4854
   6.29472
   7.51477
   13.4911
    14.279
   11.2498
   8.35179
     8.642
   7.47129
   23.5422
   17.1269
   22.1084
   2.39751
   4.82721
   12.9174
   4.68824
   23.2743
   6.65369
   3.29669
   7.46569
   11.6199
     21.83
   13.9234
   1.19577
   23.8879
   12.8619
   1.14315
    4.7825
   11.7614
   8.02391
   3.98026
   8.16277
    13.633
   5.91454
   25.0131
    20.255
   14.3228
   20.8348
   19.8307
   26.8544
   5.66429
   27.9136
    10.954
    16.771
   9.02849
   6.55124
   11.3076
   25.0967
  0.606217
   11.3232
   2.33151
   4.76384
   7.86629
   18.4711
   6.79991
   22.7506
   22.2902
   12.5368
    5.7111
   2.00799
   6.57336
   18.4602
   2.29361
   10.2725
   18.6489
   1.65614
   15.5711
   2.36769
   19.6242
   15.1504
   7.19606
   6.34919
   7.66157
   26.1016
   17.0994
   2.20792
   13.5897
   14.4557
  0.910131
   6.40173
   11.8158
    9.3249
   10.5929
   8.46244
   3.32343
    4.4138
   5.24444
   15.9125
   5.32093
    18.154
   8.06476
   20.8064
   3.68036
    1.9534
   11.3095
   13.0405
   3.27995
  0.994252
  0.846322
   8.14555
    5.5696
    10.299
  0.124539
   15.5834
   18.2865
   10.2234
   8.14275
   6.46542
   4.22134
   11.0382
   2.07832
   18.1396
   2.21141
   5.21548
   11.6603
   3.46411
   5.32575
   5.77192
  0.361714
   6.86829
   16.2198
    14.365
    9.1592
   19.1008
   7.51732
   4.71295
   13.7282
   9.57931
   11.8394
   8.84661
    7.9323
   1.58545
   11.8802
   1.29565
   6.49089
   8.88982
   5.12684
   5.86393
   8.14529
   18.0688
   6.63777
   1.73989
   7.90033
   19.1871
  0.888192
   8.93177
   10.9076
   8.44979
   8.29814
   13.1362
   17.1625
   12.2383
   11.2978
   19.2297
   19.6613
   18.6459
   5.78728
   15.8409
   6.35836
   10.5366
   18.1164
   9.59865
   19.5398
   15.2627
   7.84501
   11.0014
   10.9675
   5.87995
   1.91827
  0.835472
   7.93901
   12.1159
   5.64565
   12.4281
   4.11592
   10.7229
   12.6133
   23.7419
   5.03237
   10.0951
     15.04
   6.07172
   1.17947
   5.24687
   17.4249
   3.75633
   9.73121
   6.13486
   2.62627
    0.7095
   1.73946
   8.88055
    19.025
   8.78681
   7.71066
   6.17655
   7.44541
  0.995171
   7.56676
   7.52259
   6.79794
   11.9919
   5.87158
   4.64501
   8.02241
  0.541209
   3.12787
   6.61393
   3.99482
   8.78569
   1.15468
   8.76054
   9.31321
   8.02627
   27.7489
   4.25374
   7.75161
   5.95787
   23.8118
   3.37485
   15.8748
   2.68765
   2.79629
   1.70104
   19.3384
   28.8237
   20.9646
   1.44792
   7.64741
   8.13622
   8.16306
   7.56349
   5.66652
   7.01179
    1.7568
  0.995171
   11.2898
   4.87873
   13.4106
   11.1612
   2.67248
   20.6776
   7.24151
   10.6607
   1.55084
   6.02752
   20.9372
   7.69727
   7.50828
   9.81304
   7.66151
   12.2404
  0.242517
   6.53015
   11.8131
   17.7808
   8.83498
   3.60256
   7.47492
   11.2488
   11.9555
   0.89407
   2.94141
   13.0735
   6.54808
   15.0848
   11.0578
   3.19034
   11.2634
   30.1635
   5.01508
   10.2238
   9.00957
   4.76866
   10.7694
   7.32798
   2.50475
    7.8638
   8.60158
0.00953987
   2.29404
   5.10057
   14.7719
   6.27407
   4.96687
   3.47149
   9.97162
   4.70349
    11.491
   5.29805
   11.2898
   11.5748
   10.3698
   6.82428
  0.579079
   4.27122
   7.38407
   18.8818
   9.21109
   11.0474
   4.55981
   1.02006
   8.82384
   3.90521
   1.20853
   24.2549
   4.55113
   8.79976
    2.5045
   3.16659
  0.717928
    15.625
   13.7287
   6.36438
   4.67414
    7.4212
   1.45775
   16.2486
    12.563
   5.82399