  23.3896
  2.73354
  0.37132
  6.02376
  8.30713
    11.17
  1.76334
  33.8801
  33.5315
  29.5467
  13.5454
  8.39771
   1.8412
  3.72738
  9.27628
  40.2971
   14.663
 0.962705
  2.30927
  2.24475
  7.89565
  26.8451
  15.1501
  2.49238
  9.81121
  18.8957
  19.3012
  2.58656
    20.08
  17.1273
  3.14677
  2.98212
  16.0323
 0.869255
  7.15186
  2.32481
  3.43261
  6.87779
  4.67483
  11.6324
  2.39986
   11.972
  14.8039
  6.31552
  13.6564
 0.827389
  7.70268
  7.31962
  7.23516
   5.9288
  10.3979
  2.17891
 0.158607
  13.6865
   2.3241
  2.53054
  1.05104
  5.93937
  1.51485
  12.3048
  16.9419
  16.1875
  2.57061
  32.5245
  39.7116
  36.4143
  37.4626
  7.67184
  13.9664
  55.3262
  11.1091
  17.6624
  35.1084
  38.4063
  10.4743
   4.6131
  36.5701
   13.481
 0.929098
   7.6937
  28.0923
  12.2802
  9.83372
  8.32042
   3.1243
  39.5573
  3.94656
  14.9122
  8.65818
  5.97537
  2.67433
  7.70408
  12.8204
  10.0908
  9.12141
0.0135687
  9.91795
  1.92129
  3.00284
  3.57821
  16.6624
  32.4544
  18.7772
  19.1727
  11.7874
  6.60561
  13.4579
  15.5189
  12.8049
  34.2949
  21.3032
  59.0155
  22.4398
  6.56982
  13.7801
 0.537146
  3.11614
  2.12006
  8.84847
  51.2625
  43.9577
  18.2938
  19.2736
  29.7165
  2.58975
  8.48407
   7.2645
  3.53608
  8.24805
    5.993
 0.171739
  8.92293
  23.4559
  6.62312
  27.6106
   10.256
  12.5151
  6.35157
  2.22359
  4.63441
  16.2966
  19.6469
  6.66846
   7.2826
  14.2349
  0.34911
  2.00424
 0.726077
   41.101
  10.9022
  41.4588
  12.2173
  7.18946
  38.7483
  3.18189
  9.64518
  10.2527
  5.25158
   40.729
  45.1142
  0.25742
   8.7541
  24.7445
  10.8991
  4.66756
  22.4021
  10.0622
  9.15499
  31.7747
  12.4673
  10.0174
   36.337
  8.13089
  25.5992
   14.555
  28.1871
  18.9303
  13.7563
  8.68391
  9.25166
  10.3658
  5.63517
  27.2173
  7.84024
 0.515792
  22.3509
  8.78962
  25.3887
  41.6814
  35.3776
  10.6559
  15.5807
  1.92853
   3.6029
  9.08334
  24.6809
  38.3759
  0.55202
   21.271
   9.4151
  4.24413
  10.8891
  11.2217
  16.3058
  24.1727
   30.727
   26.185
  8.87908
  25.6757
   12.952
  34.7599
  30.5732
   38.103
  31.5946
  25.4433
  9.62512
  3.08513
  18.2344
   8.4519
 0.813537
  17.4172
  6.87516
  35.3592
  28.1461
  10.9445
  5.86772
  4.67065
  10.4051
  20.3266
  7.27983
  5.10189
   28.897
  10.3462
  9.67741
  35.1411
  60.8703
   22.854
  17.9602
  6.14828
  25.9144
  57.6155
  8.23818
  20.7409
  14.6431
   9.5976
   6.1944
  22.9883
  14.7093
  7.23056
0.0177099
  5.65199
  5.75292
  21.8042
  49.5803
  26.8661
  41.7506
  4.22389
  17.4022
  19.4402
  35.4829
  31.2436
  2.62209
0.0926421
  7.37107
   1.7387
  27.0906
  30.6269
  22.1149
  12.2475
  12.7222
  26.5584
  28.2012
  15.2255
  10.8728
  6.72428
  12.9951
  8.86297
  15.0368
  9.89797
  20.5643
  7.77853
  36.1154
  5.07543
  23.6496
  11.4938
  40.7075
  24.6561
   17.244
  19.2183
  17.4448
  30.2698
   10.555
  3.56403
  5.34447
  17.7181
  9.11602
  4.01894
  17.1325
   6.1048
  27.4567
  18.8244
  33.4429
  24.5925
  7.58506
  10.0855
  4.66698
  8.09856
  3.29085
  10.8626
  26.9834
 0.792269
 0.385341
  11.6043
   1.7936
 0.969125
  1.94102
  31.5225
  35.4745
   13.035
  18.8262
   5.3342
  24.0193
  48.9576
   44.426
  51.0322
  20.7423
  42.1556
  11.4287
  7.44348
  31.0221
  20.8879
  3.48318
  3.33956
  7.60544
  42.2585
  20.9457
  46.9164
  5.15004
  16.5806
  4.84462
  8.70001
   35.729
   8.3919
  11.0861
  6.33916
 0.114401
  3.90072
 0.663269
  17.8376
  9.80253
  3.88178
   33.797
  7.35047
  35.3378
  10.6792
   10.509
  6.58633
  39.2839
  49.5155
  5.98424
 0.486471
  18.0171
  36.0364
   42.135
  17.2939
  34.7368
  48.3125
  27.6443
   27.924
  17.8438
  19.6188
  7.69077
  32.5828
  22.8042
  11.1566
  13.5661
  14.8179
  23.9609
   17.254
  10.3722
  16.5145
  10.1416
   22.955
  16.8208
  19.3619
   11.077
  5.66278
  18.3991
  11.7356
  24.0637
  39.1048
  21.2747
 0.586982
  2.21959
  30.6905
  26.6093
  21.7235
  32.9371
  19.6635
  10.3726
  17.4636
  36.6368
  3.60881
  5.61973
  9.46787
  26.0238
  60.3795
   60.523
  33.0966
  14.8936
  38.3994
 0.980896
  28.0188
  42.5673
  18.2926
  17.2675
  17.7568
  10.9031
  16.5052
    23.91
  6.03604
  14.3226
  41.4894
  16.5751
  17.5999
  44.7869
  45.9437
  10.5456
   35.669
  24.0796
   24.337
 0.297818
  13.7331
 0.745297
  32.6875
  17.0087
  15.0256
  11.7537
   29.478
  12.9345
  41.8406
  30.9202
  45.1649
  41.6084
  27.6191
  4.85418
  12.6328
  46.6139
  12.6001
   12.173
  38.5293
  40.0342
  9.43069
  5.30126
  9.92828
  8.81071
  2.13337
  26.7442
  30.2395
  22.6719
  37.0151
  15.1246
  7.93513
  18.1657
  37.7546
  38.8023
  10.8371
  41.9285
  27.9811
  21.9472
  24.6756
  1.90275
  10.9269
  10.8057
  25.2942
  17.8291
  44.2039
   25.477
  16.7432
  28.3471
   20.496
  18.5429
  45.3372
  36.8764
  23.5257
  14.3931
  3.14164
  4.31416
  42.3911
  15.1347
 0.262412
   41.418
   14.091
  35.9535
  11.4465
  19.7656
   46.021
  22.7473
  34.1195
  37.5703
  26.0573
  6.96093
  9.48908
   7.3593
 0.751144
    21.38
  5.35549
  42.8086
  44.5957
  15.9006
  10.7136
  14.8528
  12.1941
  13.0576
  37.0183
   34.126
  17.0725
   19.311
 0.669686
  16.6237
  6.00483
  9.50612
  4.54336
  35.2799
  10.8342
  29.7007
  56.6384
  56.1587
  13.9256
  66.4503
  29.3234
  37.9368
  7.20504
  6.05702
  11.9339
  8.45067
   27.529
0.0668782
  30.9528
  32.0246
  37.0183
  45.5829
  24.0825
  36.9498
  16.0154
  26.1556
  23.8617
  30.9406
  31.4629
  15.1806
  67.8476
  65.6953
  23.8871
  36.8315
  34.9589
  18.4396
  69.4775
  51.4098
  64.5312
  68.4341
  12.2226
  51.0903
  4.64248
  60.4985
  66.2776
  69.5537
   29.739
  55.9077
  42.6871
  12.3768
  38.3676
  57.3938
  3.99428
  57.8033
  15.2041
   57.584
  59.8334
  66.1588
  60.3577
  16.8397
  61.5374
  61.3477
   18.548
  57.0491
  44.2072
  73.8587
  59.6704
  2.12791
  47.5113
  40.4174
  15.5601
  64.8322
  45.3759
  63.4622
  36.5749
  18.8723
  64.1126
  58.4786
  56.5231
  58.2586
  54.5727
   65.653
  68.2504
  30.1523
  63.6767
  61.5374
  58.7234
   66.238
  59.5729
  53.8001
  57.7588
  60.2361
  68.8561
  25.3492
  32.4215
  57.5557
  65.1003
  56.9424
  72.8246
  17.2407
  65.2346
  59.5005
  66.6396
  33.8467
  57.2975
  58.4582
  68.6671
  51.3583
  44.2194
  3.49679
  33.8492
  64.6704
  16.3146
  42.9156
  50.0348
  45.4188
  45.1656
   45.504
  50.8999
  63.0732
  49.5415
  59.5983
  9.89701
  46.5934
  62.8102
  59.7679
   52.649
  56.6205
  58.9093
  67.0719
  57.5973
  33.5615
  17.0543
   38.641
  66.0146
  64.1259
  35.0938
    61.27
   65.196
  46.6391
  57.1038
  14.5962
  32.2515
  66.1571
  62.8993
  46.8773
  31.9744
  38.6882
   53.076
   56.796
  59.6271
  62.4054
  62.0024
  60.0251
  43.5657
  43.4502
  64.3715
  58.3378
  52.4125
  54.0378
  56.6706
  51.0471
  73.2577
  76.5852
  4.74266
  6.89316
  8.50641
  67.2561
  57.8408
  67.5596
  66.6925
  71.3389
  7.44457
  58.7033
  49.8061
  59.4355
  35.1643
  3.13554
  57.6456
  26.3777
  43.1153
  5.10922
  4.22438
  25.4015
  35.5229
  51.5189
  52.8626
  8.11876
   52.898
  26.0144
  55.0258
   5.5184
  13.7688
  12.4058
  11.1038
  13.4934
  37.5306
  38.1735
  50.3675
  56.3167
  67.4042
  7.88506
  57.9809
   10.296
  58.9214
  40.2751
   40.444
  44.6864
  38.9212
  4.47364
  42.6144
  38.2499
  42.7503
  2.65463
  45.5796
  52.8139
  4.15929
  20.3877
  8.07781
   36.631
  63.7767
  28.0959
  67.3461
 0.514156
  66.4701
  59.5936
  70.1047
  65.0065
  13.7819
  66.3061
  66.8995
  57.1002
  27.4999
   23.868
  57.5456
  18.4159
  6.89158
  2.09609
  54.8606
  67.8768
  55.5432
  3.56531
  16.7223
  65.6142
  59.9582
  60.3344
  14.4866
  61.6353
  65.7684
  2.23485
  56.8117
  55.0871
   63.234
  15.9253
   63.485
  53.0074
  57.4468