  20.6347
  3.74814
  12.3072
  1.35793
   27.956
  5.90911
   1.6321
   6.7485
 0.435506
  19.9908
  1.38015
  12.4132
  12.2953
  1.55059
  5.43509
  3.39888
  17.8603
   9.7267
  12.1339
  6.78845
  9.33911
 0.417852
  7.61225
  8.13538
  10.6969
 0.670129
0.0743289
  7.05189
  9.01527
  10.8526
    4.315
  8.54548
  6.47257
  7.07561
   4.4677
  4.48854
  4.41283
  2.00962
  1.74777
  6.01465
  5.07091
  9.46829
  4.77814
  9.98508
  0.12265
  1.60216
  4.23783
  1.15538
 0.251423
  1.00953
  3.16706
  4.36777
  5.29618
  3.05266
  7.04555
 0.842629
  2.28837
  5.64373
  2.02611
   5.8086
  10.5723
 0.997365
  7.07523
   4.5599
  3.73453
  3.92195
  5.63788
  5.63788
  25.6862
  2.01269
 0.959218
  9.84924
  7.76191
  1.45515
  2.64645
  15.1193
  13.0409
  7.22504
   7.6108
  3.72545
  6.69023
  8.43427
  4.08242
  1.75783
  7.14105
  11.0168
  8.40095
  3.24102
  8.24114
   6.9875
  8.45911
  9.00858
  3.17272
  5.22782
  65.3671
   7.3427
  3.74367
  9.36084
 0.242267
   9.4018
 0.843734
  34.1339
  34.1358
  15.3087
  6.83519
  70.9986
  3.91154
  5.45107
 0.373995
   44.933
  66.2157
  20.3044
    14.84
  20.8937
  58.4504
  30.6254
  50.8102
  57.8349
  40.3778
  6.84933
  20.7176
  52.2839
  17.7088
  0.34064
  1.70601
  2.81386
   1.5606
  11.7784
  2.83009
  9.64202
  4.12105
  7.98582
  7.58973
  18.4975
  31.3234
  17.8649
  64.3411
  23.0458
   23.135
  66.6641
  2.56659
 0.449957
  7.40409
  27.5302
  7.89187
  2.69012
   38.391
  1.95931
  29.7162
  3.55527
  13.0697
  7.19086
  24.7162
   4.6762
  2.64258
  4.86016
  12.0724
  5.78405
  12.7695
  3.25321
  4.10305
  2.78188
  4.52098
  6.30676
  10.0782
  10.5042
  6.32077
  20.2555
  25.2032
   40.812
  17.2997
  44.3511
  49.6435
  4.12866
  14.4018
  3.79906
  3.27649
  39.5108
  2.43714
  23.4502
  17.9466
  1.70264
  1.46959
  4.70819
  10.6039
 0.202177
    12.16
  13.4579
 0.778335
  48.0832
  6.14324
  18.7706
 0.628069
  10.5032
   14.364
 0.174672
  4.48267
  10.4302
  11.1731
  48.1254
  13.0461
  33.6418
   12.252
   54.705
  42.1812
  58.1735
  30.4079
  1.62988
   13.562
  40.6042
  30.7264
   50.775
  37.7329
  13.0965
  34.6514
  28.2055
  58.8648
  37.5593
   16.928
  39.5662
  48.1821
  34.7802
   1.9444
    47.85
  67.3101
  50.4549
 0.130456
  13.2217
  40.1845
    13.73
  70.3774
   5.5256
  5.73312
  7.31802
  4.78656
  49.5021
  46.8134
  49.3376
  48.6681
  41.4549
  29.0266
  39.1928
  44.2959
    22.09
  51.3816
  51.4064
  2.67577
  5.24283
  1.57376
  43.7016
  5.78779
  3.08515
   23.794
  27.8331
  53.8006
  39.6662
  4.13623
  30.0779
  50.2928
  34.7841
  40.1086
  27.4323
   40.101
   51.093
  33.8027
  65.5295
  19.1963
  47.1967
  38.5303
    25.64
   56.721
  53.3856
  26.5626
  25.7255
  33.4248
  51.7229
   39.704
  43.5579
  29.8529
  1.32193
  2.00842
  44.8703
  27.5884
  52.9826
  8.07143
  12.1052
  3.10301
  1.94892
  54.4066
  48.8135
  56.7113
 0.470406
 0.171815
  3.82536
  13.2007
  45.2349
  50.0947
  29.1396
  30.7751
  61.0051
  62.5921
  49.5889
  56.0179
   52.376
  36.6552
  50.8111
   13.589
  51.8941
  55.1808
   24.764
  27.4927
  49.4519
  84.1208
  13.1182
  40.2545
  25.1498
  6.91611
  68.3281
  50.5905
  25.4219
  1.35512
  60.1034
  60.6414
  10.0547
   60.335
  22.9106
  14.2024
  46.0583
  2.61603
  5.83075
  61.1199
  27.0623
   2.1184
 0.288314
0.0377823
  3.71463
  58.1542
    33.81
  64.3755
  34.2131
  1.31332
  64.2775
   62.652
  30.5361
  37.6534
  59.6938
  21.1345
  2.27608
   6.0289
  58.1371
  16.9257
  60.2484
  7.62386
  58.6431
  72.6686
   50.348
  31.4771
  28.4342
  2.69702
  2.58953
  49.5127
  37.5998
  45.6829
  46.7567
 0.506793
  2.98741
  49.0309
  35.1555
  72.7438
  61.5651
  66.1521
  45.0037
   31.784
  45.5948
  80.6796
  14.9726
 0.268622
  84.1413
  77.3083
  3.28096
  45.6143
  64.3323
  55.6804
  72.3004
   78.182
  1.93224
  78.3017
  78.2147
   53.363
  35.5844
  78.0088
  65.0341
  45.5499
  1.79619
  3.52479
  45.6609
  39.5588
  28.3554
  13.3843
  61.7971
  26.9168
  1.47754
  2.10465
  3.77701
  39.3088
  24.9275
  2.04192
  23.0646
  4.21929