  33.3875
  33.6865
  28.8722
  26.7061
  26.9222
  27.1879
  26.5112
  38.8332
  36.2092
  38.5535
  45.0619
  35.2441
  42.3696
    25.78
  37.2755
  35.5612
  47.9887
   42.352
  39.9155
  37.6504
  39.3484
  41.7106
  20.4976
   37.375
  42.3393
  43.8594
   24.523
  42.5671
  38.3996
   22.204
  42.5857
  41.7271
  25.4123
  39.7588
  44.1201
  44.0024
  44.1554
  44.5083
  45.4563
  37.9242
  44.2828
  39.8966
   36.667
  41.4168
  26.6231
  27.7842
  36.4116
   38.432
  40.5265
  38.8098
  38.3505
  37.2018
   35.909
  35.1842
  37.5298
  38.5118
  34.7561
  36.3438
   11.105
  5.61061
  41.1105
  35.9771
  38.0022
   40.084
   41.987
  44.2328
  21.4883
   43.117
  43.9794
  45.0884
  42.1327
  40.0128
  42.3507
  29.9444
  39.4725
   41.109
  28.9419
  24.4893
  24.6259
  24.1354
  37.0349
   28.924
   23.925
  39.9307
  7.18467
  40.8654
  24.7608
  41.9494
  35.7454
  41.5466
  41.5738
  18.8599
  27.5548
  45.5542
  17.5979
  23.3515
  18.9397
  43.1084
  25.7946
  39.8951
  36.1102
   45.758
  24.3621
  17.5057
  28.2005
  8.40001
  3.78618
  3.77183
  7.47318
  8.50964
  3.81976
  5.72175
  3.67605
0.0947947
  8.01556
  9.21053
  2.24707
   7.0996
   9.5371
  4.93193
  3.97277
 0.821976
 0.836113
  13.9313
  9.58134
  3.44495
  2.68079
   5.9556
  5.62176
  9.57515
  21.8338
  27.6858
  16.4028
  7.22747
  6.77328
  5.32628
  1.96044
  7.27417
  5.97865
  3.14088
  4.66639
  6.04964
  6.69478
  11.0346
  11.2628
 0.955356
  6.82511
  8.48619
  26.2612
  15.1819
  10.0864
  10.7669
  43.8811
  20.2441
  2.44294
  2.23582
  1.43037
   24.682
  7.08625
    7.209
  2.54235
  20.9245
  44.3659
  4.20707
  7.78249
  9.24006
  2.77216
 0.650648
   7.1457
  7.78599
  5.14358
  4.07755
  2.17263
  1.61994
  5.23238
  2.87518
   3.4273
0.0238789
  25.0136
  4.46662
  3.47818
  6.31477
  3.81247
  8.42306
  9.98583
  9.47827
  1.42845
  8.09738
   5.5384
  2.16761
   4.4535
  9.30153
  4.95292
  5.64445
  4.93857
  5.47161
  4.85308
  6.20467
  3.31071
  6.07681
  5.32908
  1.34429
  1.11231
  2.30245
  1.80466
  45.1203
 0.333527
  3.34267
  3.13701
  4.35687
 0.467131
  9.27179
  2.94565
  3.59938
  17.8012
  15.9019
  2.56688
  3.80765
 0.605723
  14.2972
  4.13707
  24.9876
  6.82976
  6.19557
  4.70924
  1.27516
   3.9299
  1.20597
  2.14491
  2.57697
  33.5924
  1.38932
  2.95612
  4.86084
 0.279395
  1.47173
   3.6644
   7.3084
   36.778
  6.42353
  8.88216
  5.66008
  5.79234
  8.43415
  7.74631
  3.26517
  24.0161
  2.90717
  6.17901
  2.54475
  1.20841
  7.41823
  2.94565
  1.16067
 0.941685
  5.00144
 0.977435
  2.57022
  5.58882
  39.7102
  12.1037
   23.769
  14.8643
  26.1992
  6.93353
 0.583038
  9.58426
  7.23728
    7.924
  2.21967
  6.04584
  4.85418
    4.048
  8.04154
  3.79658
  3.17585
  1.43699
 0.196493
  2.24221
  1.47496
  8.96608
  5.06516
  4.79301
  20.6324
  6.87406
  3.28722
  6.99275
  4.96091
  3.49065
  3.83851
  3.74651
  5.27566
  3.91996
  7.36418
  14.3345
  6.71312
  1.00148
 0.241596
  1.99244
  0.67984
  5.73532
  3.92332
 0.449961
  2.98315
  11.8947
   1.6879
  3.16927
  1.51656
    8.109
  6.97339
  6.89769
  8.20813
   4.6702
  8.65369
  0.58249
  5.51517
 0.427717
  1.13644
  5.65249
   2.0999
 0.486056
  1.94633
  15.4104
  5.96836
  2.17317
  2.59994
  1.35583
  4.21805
  3.28154
  5.60069
   26.278
  5.07181
   1.1328
0.0337085
  2.82204
  2.35831
  14.3767
  5.50988
  8.15215
 0.487214
  5.71962
   6.7632
  1.14312
 0.404717
  12.0834
  5.70326
  3.17705
 0.286013
   2.0429
 0.673151
  5.40801
  1.49789
  6.22925
  3.57058
  3.59778
  1.13332
  1.86928
  1.72328
  9.12234
  13.9616
  9.27315
  3.92358
  1.18229
  8.57824
   1.6889
  9.68796
  3.11108
  4.07309
  3.63401
  11.2992
   1.0728
   1.2587
  1.13577
  2.29323
  2.29454
  1.01333
  12.4042
  10.0415
  10.2462
  26.1106
  6.09906
   3.4987
   3.1813
  2.77479
  2.97768
 0.829545
  1.36355
  3.85802
  1.75705
 0.131273
  2.31553
   17.421
   2.3821
 0.732234
   9.3449
 0.555784
  7.42317
  2.32163
 0.515783
  5.48184
  3.08262
 0.576732
   5.0459
  1.11801
 0.125603
   13.432
  25.9646
  19.7249
   3.3555
  4.29219
  4.43602
  4.25583
  1.67557
  1.99321
   3.4987
  12.9039
  11.0034
 0.105176
  0.62062
  7.54175
  1.35693
 0.381638
  6.35395
  3.85502
  1.28674
   3.2898
  1.98261
  7.76155
  2.54797
  10.9175
 0.891364
  11.3102
  11.3505
  1.98186
  5.48195
  13.2206
  5.42454
  4.53424
   8.3427
  6.97565
  43.8698
  27.4564
  3.51935
   7.4503
  2.16403
  2.44158
 0.199006
  2.72648
  3.63494
  2.56353
  3.39306
   12.144
  4.03446
  2.28623
  11.9347
   2.4607
   2.4593
  4.13358
  3.33099
  2.42935
  7.89861
  2.37572
  3.83414
  7.02344