  6.81468
  24.5136
  16.9455
  19.8866
  14.6786
  14.4046
  22.2361
   46.972
  47.8472
  12.2406
  25.6161
  2.37081
  6.01165
  11.7573
 0.444421
  49.1544
  61.7772
  8.00548
  10.0293
 0.345294
 0.208556
  5.20335
  1.18909
  10.1065
  1.85014
  53.7187
  20.7998
  12.5742
  13.8969
  42.8711
   15.466
   26.699
  4.37944
  3.21331
  3.66194
  2.23913
  3.96494
  12.4234
  6.50177
  2.12195
  2.88352
  15.1397
   1.9529
  3.07458
   15.905
  12.4776
  22.4522
   18.522
  17.0979
  39.9815
  31.7852
  20.6299
  7.19058
  1.96942
  1.62078
  7.13657
  7.46697
  18.3018
  7.60399
  12.6896
  2.12239
   5.5752
  12.2856
  31.6923
  28.0623
  41.5308
  12.9746
  12.1646
  21.5026
  12.3927
  9.32548
  6.90557
  18.4978
  25.9252
  20.7004
  25.3508
  46.6434
  27.9858
  26.7417
  11.4618
  27.1171
  34.2904
  5.05135
  12.3644
  25.1685
  12.6952
  16.6564
  0.52068
  0.24156
  20.6155
  27.2015
  74.9648
  2.69169
  8.84961
  39.8207
  3.57238
  8.04005
  18.0122
  37.1007
   26.767
  22.3234
  8.93967
  5.03054
  21.6611
  41.5298
  2.79292
  1.38733
  3.22752
  37.3475
  29.2391
  21.6671
  23.9622
   15.905
  4.50604
  8.66203
  2.48077
  17.5898
   6.6776
  48.8313
  8.80009
  14.9107
  20.0685
  15.1389
  3.72973
  4.60322
  3.14596
  3.16664
  15.4971
  13.2642
  38.5905
  26.1606
  23.2518
0.0534457
  16.3724
  15.4613
   25.816
  27.5215
  27.8979
  15.4515
  6.98263
  16.1438
  1.70687
  27.7774
  20.0192
  22.1084
  3.87714
  3.04776
  22.0249
  41.6598
  37.6117
  71.9746
  9.87712
  2.58767
  10.7696
  19.6985
 0.382428
  4.51457
  21.4116
  39.8228
  41.7358
  68.0718
  71.3906
  9.13603
  13.5966
  4.97276
  22.4029
  21.8216
  19.6801
  31.1346
   15.817
  10.5085
  8.27491
   21.609
  12.8626
  16.6852
  9.94517
  18.5344
  52.0676
  51.0551
   2.8703
  6.53796
   5.3217
  22.5557
  13.0043
  3.84621
  10.5774
  3.50553
  15.3773
  47.1018
  7.87484
  5.23219
  4.47459
  3.70056
  6.73788
  14.5433
   43.208
  43.4265
  13.8915
  57.2965
   17.762
  28.6526
  13.9462
  21.2144
  12.0748
  38.5762
  13.3182
  63.1187
  65.1055
  5.07374
  7.29006
  40.8475
   4.4705
  16.8459
  32.3525
  2.54001
  9.94546
  21.2762
  20.2314
  14.4927
  15.4109
 0.148683
  14.7604
  7.43475
  3.13862
  23.3845
  20.1942
  5.39134
  30.9692
  33.3958
   6.8288
 0.996901
  39.7435
  27.1668
  20.3496
  7.94208
  6.87756
  30.8447
   32.655
  29.7096
  16.9171
   41.516
  40.5392
  29.0203
  24.2105
  23.5445
  42.8731
  22.8017
  5.93547
  10.2776
  36.3235
  12.2837
  7.16757
  37.2205
  44.3306
  44.2735
  23.9889
  16.1966
  19.1548
    44.57
  10.5352
  16.3325
  7.52737
  13.9614
  11.0303
  2.24811
  35.8501
  32.9346
   28.073
  14.1374
  24.3695
  37.1557
  23.5355
  45.7382
  30.2669
  22.2597
  72.6269
  27.7839
  10.6398
  51.5149
  57.7257
  30.9709
    32.43
  29.2761
  24.6193
  42.3879
    20.33
  33.4015
  13.6273
  37.4064
  24.9255
  28.0312
   7.3768
  9.81204
  15.5198
    20.03
  1.94513
  25.9708
  38.1678
  34.6063
  35.1664
  19.2366
  34.0055
   34.276
  38.8091
  10.8052
  15.5841
  42.7091
  63.5785
  28.8033
  29.0893
  14.4549
  22.1988
  26.7508
  27.7698
  33.4892
  15.7517
  10.4659
  38.3798
  20.3478
  20.1346
  7.36786
  23.3266
  7.12825
  15.2664
  19.8958
   34.754
  32.2112
  2.96801
  12.0074
   12.992
   48.613
  22.4387
  21.0787
  17.8664
   11.668
  51.0102
  70.7297
  69.9529
  32.0444
  35.6215
  20.3742
  5.83263
    33.61
  20.1449
  14.4307
  4.75752
  21.9016
  9.60347
   16.184
  18.2623
  24.2553
   23.804
  14.4585
  16.7255
  10.6063
   52.705
  24.3317
 0.730069
  45.4473
  1.84149
  11.7713
  42.5695
  48.7063
  72.3294
  8.47489
  43.0321
   35.123
  13.9223
  21.7512
  17.2235
   33.059
  6.49642
  8.80709
  28.3995
  50.0675
  12.2106
  1.90202
   2.2738
  62.6081
  2.45393
  57.1771
   7.6129
  26.4085
  50.7701
  3.27115
  35.6209
  35.0787
  33.5727
  40.0747
  24.9599
  1.25509
  21.1386
  8.16067
  10.1887
  25.5157
  37.3275
  41.7892
   9.5201
  8.11577
  47.3705
  58.1587
  40.8008
  16.7505
  63.4565
  30.6227
  49.5582
  2.35324
  34.8686
  4.67514
  9.90995
 0.363711
  41.5063
  20.7924
  9.14814
  9.56145
  21.8948
  23.7211
  19.5965
  35.3546
  61.3633
   36.989
  44.0317
  36.7761
  47.7031
  54.6804
   10.166
  61.4104
  23.3706
  28.6156
    10.25
   3.3115
  2.02089
  30.6581
   24.223
  39.2588
  29.5242
  63.9364
  20.7192
  42.2788
  10.0423
  18.5458
  24.8165
  11.8129
   7.1866
  62.7366
  61.0743
  16.2459
  19.4618
  17.9756
  10.4079
  24.8906
  24.1963
  20.0748
   30.242
  42.3034
  38.2541
  35.7237
  6.77724
  17.5549
  37.0126
  30.8674
   41.689
  14.0526
 0.323668
  26.8697
  21.8236
  45.9336
  33.1164
  31.2232
  6.89587
  14.6586
  30.1842
  7.22136
  34.1159
  3.37964
  7.62428
  29.1753
  7.67214
  2.12473
    16.97
  39.2607
  47.9864
  43.4193
 0.864254
  21.6476
  18.6885
  23.6896
  21.1767
    35.19
  39.5462
    40.97
  3.52365
   51.866
  34.9569
  46.0253
  36.6448
  43.6473
  28.2366
  33.6385
  31.9459
  40.9374
  42.5743
   27.524
  19.4738
  38.3534
  47.5626
  5.67453
  9.76721
  32.2545
  46.3413
  22.6954
  19.9803
  1.35283
  3.77606
   16.885
  66.2515
  9.14696
  29.4447
   72.603
  39.4498
   44.643
  20.8589
  6.96282
   54.328
  6.16669
  5.10687
  3.41261
  12.3895
  15.1456