23.0547
22.2246
87.2716
78.8272
84.5907
84.6367
 87.101
64.0856
69.5151
70.9776
69.2833
69.3547
5.30928
6.97581
3.95077
28.6278
8.41233
7.52572
3.96176
4.46563
 78.507
75.7007
67.0988
54.0788
56.0151
46.9098
6.84639
7.77132
22.9557
40.9515
44.2316
44.3124
39.4445
43.8099
56.8527
59.7395
 38.854
67.9034
67.9037
58.4608
 89.094
87.6137
64.4904
77.5033
86.7233
86.9569
86.6945
39.3333
28.9206
26.9243
58.5768
63.4871
44.9005
25.6059
77.8524
81.8178
76.3845
58.9805
63.4467
62.0747
42.3555
39.0252
27.5764
 34.668
30.5396
26.0006
18.6096
 62.714
 64.558
21.1094
21.2194
33.3854
 45.409
47.3677
52.1093
42.5382
28.6042
18.8622
15.3507
37.5508
47.6402
 24.737
18.6804
66.7111
75.3475
1.62377
6.63885
5.66438
42.4563
37.4232
61.5341
45.1914
28.4221
70.3455
60.2931
72.6266
65.6794
6.68941
37.8228
58.4011
23.7195
61.3111
2.19339
88.7879
 69.333
58.4608
 80.594
26.0025
2.55428
3.20235
44.3387
54.0787
33.3616
8.95173
6.35647
11.6534
21.6271
10.2485
23.2678
 87.101
53.3832
 86.655
89.8834
81.2157
22.6263
40.1325
66.6681
 88.788
6.64325
16.2795
33.3095
21.3329
 32.523
24.7728
10.5792
4.36251
 20.818
11.7174
3.71431
7.33492
67.2672
65.6794
33.7498
 4.0499
20.6623
 88.471
71.8418
62.0743
44.3247
47.4802
78.5672
49.7033
16.6834
3.95077
 41.538
9.66501
 62.714
26.4685
30.9876
 50.257
61.3545
70.2705
63.3432
81.2158
88.2504
73.0804
66.4118
 61.534
33.4534
30.3393
23.0507
54.2356
34.6931
6.84656
 30.364
 19.445
32.7015
88.9747
80.9964
20.2409
61.3738
  76.84
 63.786
34.2698
40.5914
34.7954
21.0082
88.0583
83.0741
86.7233
87.6142
61.3548
70.8482
76.5052
31.4109
17.8913
26.0892
47.7042
4.98354
48.9527