 39.4069
 53.7537
 21.2908
 13.6322
 9.63055
 3.43557
 3.40763
 51.8184
  40.502
 47.6197
 50.2584
 7.87706
 12.7738
 16.1091
 29.9405
0.459519
 3.62813
 9.11061
 54.0168
 45.3856
 16.9344
  56.663
 5.46729
 0.45169
 23.7106
 3.61096
 4.21303
 4.91499
 7.97044
 21.8839
 13.8716
 11.4208
0.615591
 56.6123
 6.01089
 21.5105
 42.2975
 20.4178
 27.4552
 14.9858
  14.039
 1.45149
 3.63499
 24.3116
   22.85
 46.0085
 26.8333
 27.2654
 30.1364
 6.64624
 29.0346
 43.8585
 3.13212
 12.2142
 4.31619
0.171056
 11.6292
 16.8024
 18.2534
 13.1397
 24.1035
 14.3525
 18.6216
 2.90827
 11.6899
 9.66116
 4.03769
 18.4933
 17.7541
 7.51835
 23.6847
 1.97633
 4.99847
 3.57844
 8.78815
 10.3274
 5.46911
  16.815
 6.84622
 25.6306
 9.64424
 10.0103
 16.9449
 31.1884
 4.74507
 40.2277
 41.4712
 7.33793
 19.8788
 48.2853
 5.44115
 6.10416
 40.2437
 17.5625
 8.82207
 20.7256
 55.5748
 24.3037
 55.1574
 16.5842
 5.84727
0.430243
 2.31254
 5.62355
 13.7355
  16.097
 7.39898
 8.08198
 21.6616
 28.8321
 36.0189
 40.8568
 44.7987
 14.2994
 48.4933
 24.9294
  23.291
  4.9021
 29.6605
 10.7931
  35.205
 12.7448
 16.6091
  22.833
 20.6101
 20.6912
 12.9029
 18.3421
 3.93458
 10.7944
 35.6138
 24.5163
 4.76852
  30.939
 10.8318
 24.2812
 8.22902
 4.99358
 4.56662
 7.47283
 24.3036
  48.111
0.926032
0.754582
 15.6352
 19.4333
 19.6269
 17.7682
 12.6526
 16.3535
 19.4816
 12.1266
 23.9091
 33.7955
 12.3307
 47.2774
 51.1952
 17.6583
 15.0531
 43.1101
 23.5454
 21.5619
 8.81759
 19.2321
 13.9657
 9.48627
 26.6934
 27.4859
  48.109
 11.8129
0.211845
 23.5509
 55.0294
 4.54042
 24.0532
 10.7134
 25.2605
 19.1759
   7.911
 21.1223
 3.11386
 49.9563
 37.4655
 44.2346
  13.547
 4.11059
 4.43752
 24.7497
 39.4521
 35.2356
 25.6333
 5.32126
 17.8725
 6.68329
   14.05
 15.5262
 44.9684
 3.87181
 41.7809
  20.516
 2.13388
 14.0632
 28.2293
 37.0397
 8.02153
 1.63884
 49.0063
 1.37626
 22.4302
 40.8338
 37.9049
 31.8906
 32.0284
 35.1116
 1.75417
 9.25401
 18.7862
 32.7371
 41.6405
 25.9901
 27.0126
 2.20131
 9.48302
 6.21968
 10.2428
 1.98514
 7.89808
 17.3554
 8.57367
 1.11632
 15.4433
 3.76673
 6.36815
 1.43543
 2.89966
 12.1545
 1.78157
 14.6026
 10.5572
 17.8409
 58.6164
 8.12107
 37.3219
 6.76055
 31.0729
 1.79808
 7.74488
 17.8895
 18.4453
 38.4746
 1.00175
 7.56249
 16.8765
 14.3188
 5.68682
 4.69509
 26.7711
 3.24939
 8.25534
 47.1864
 42.0369
  22.883
 9.68259
 28.6031
 6.90017
 10.7487
 25.4856
 6.53767
  13.685
 38.2677
 1.93798
 15.9358
 8.18849
 23.7588
 67.2129
 32.5853
 15.8975
 15.3274
 41.2819
 39.0727
 9.44517
 27.5846
 40.0124
  13.385
 7.48621
 7.31477
 1.98879
 17.3731
 9.95046
 1.56034
 28.2711
  4.7293
 22.9502
 11.7104
0.409281
 12.7243
 2.43661
 42.5591
 39.8688
 42.9057
 16.0718
 18.6155
 23.7054
  2.1888
 40.0393
 27.7039
 3.45169
 14.2704
 12.8594
 8.19299
 28.6031
  30.617
  19.773
 37.4971
 37.1778
 4.61072
  4.6261
 31.1269
 11.0047
 1.76305
 12.9095
 25.8582
 25.8356
  22.731
 19.1621
 6.27975
 22.5925
 30.6361
 18.2356
 3.56941
 33.8205
   1.915
0.388854
 11.7881
 33.4787
 38.3966
 42.7573
 37.3914
 28.4176
 20.0995
  13.963
0.798991
  5.5828
 7.05317
 39.6156
 27.6986
 12.1582
 19.3854
 28.8392
 3.86178
 25.2359
 20.3611
  5.8655
  7.1929
 7.59677
 9.63117
 45.6022
 20.5284
   23.99
  1.3607
 10.3524
 6.55276
 51.5459
 15.3705
 1.26936
 16.2238
 33.7936
 32.7015
 18.4565
 5.50666
 8.63581
 6.35312
 18.3037
 15.7248
  24.113
 6.57679
 20.1894
 14.9347
 28.9757
 18.4818
 17.1485
 15.6807
 15.3764
 16.9049
  15.906
 16.0715
 17.2732
 13.7614
 4.84078
 8.70483
 4.35799
  1.0234
 41.8867
 12.1201
 13.4331
 28.1283
 15.8722
 18.3853
 2.20222
 38.4795
0.269904
 4.69725
 4.35799
 16.6189
 15.2326
 9.25065
 4.51839
 28.6865
 14.7453
  7.9985
 7.69488
 25.6317
0.760457
 2.00419
 14.7568
 11.9688
  14.953
 15.0843
 25.4292
 18.6433
 16.4028
 17.8164
 28.6428
 28.7459
 9.31426
 8.62926
 17.4748