  1.04591
  6.17139
 0.726257
  3.21931
 0.502432
  5.98035
  1.98295
  1.44169
  9.43206
 0.631677
 0.848666
  2.10513
  1.09245
  6.10924
  12.1017
  4.78612
  18.6026
  24.4696
  17.3325
  16.9991
  8.84491
  14.8547
  27.7405
  24.9113
  12.7155
  6.99398
  6.28933
 0.323267
  22.7432
  24.2459
  5.08681
  13.6547
  12.4441
  13.5837
  18.5463
  2.21288
  8.80789
  7.62821
  10.9083
  8.66156
  1.21662
 0.667117
  31.9566
  16.0184
  5.96949
  7.72662
  6.53669
  2.35801
 0.977604
  5.05896
  5.55393
  3.40145
  8.21524
   2.2763
   2.1957
  2.34577
    2.085
  18.9463
  4.07518
  3.50762
  22.5541
  6.42786
  20.2837
  7.35028
  20.1154
  13.0711
   13.618
  24.4467
  5.57223
  18.7694
  1.06517
  3.61167
  1.97379
   7.5207
  19.6681
  27.4709
  9.07336
  3.40082
  5.60424
  18.3579
  17.4969
  24.2719
  10.5416
  14.0098
  6.38286
  9.19806
  17.5449
  10.4629
  15.6633
  22.2968
  15.3525
  10.6725
  5.79002
  11.2708
  22.0588
  1.30522
 0.618919
  5.60703
  2.05313
 0.979099
  13.3912
   12.226
  8.50695
   13.661
  20.5095
  15.2123
  4.50235
  7.62952
  3.06852
  4.54353
    17.32
  23.5556
   2.1246
  5.52391
  2.12562
  5.30907
  5.09953
   5.3934
  3.17213
  12.5856
  7.53584
  3.73136
  25.2556
  23.8819
  13.0335
  17.3394
  25.1151
  19.0555
  2.91375
  0.52538
  1.19131
  18.4451
  4.60314
  19.3772
  6.99304
  4.44548
  11.8688
  4.08708
  23.9561
  14.4675
  18.4646
  14.0111
  1.80217
  14.8069
  4.07024
  32.3162
  8.03149
  25.5945
  19.3938
  14.5337
  23.2232
  12.3361
  5.55447
  12.9447
  4.29999
  2.71025
  7.89397
  14.4114
  20.8231
  20.9697
  19.9362
  19.3629
  3.90119
  1.50023
  1.47266
  1.64758
  16.1955
  20.1384
  5.76674
  7.09461
   16.368
  1.59248
  15.4626
  4.95815
   17.139
  14.8801
  8.59556
  10.3633
  11.1242
   4.3012
   8.6429
  3.79204
  3.97395
  3.34937
   9.5799
  22.3877
  1.33237
  5.41358
 0.985555
 0.686055
   27.997
  1.68364
   12.631
  3.29276
  1.48022
  6.99919
  17.9558
  7.17315
  3.35921
  3.86754
  0.98875
  3.76109
  14.6439
  10.5967
  2.67272
  10.1141
 0.156112
  20.5308
   4.4707
  12.5665
  8.67065
  1.64758
  16.1482
 0.109481
  2.93193
  10.5757
  12.5981
  1.06515
   12.553
  1.02431
  4.36988
  7.07463
  2.93738
  3.86962
  19.0834
  5.11571
  11.4855
  4.37645
  7.11039
  1.48055
  7.07201
  1.43981
   2.9788
  7.76946
  12.0389
  29.8555
  7.76673
  2.31181
  18.7402
  1.45043
  4.11959
 0.190569
  5.69928
  13.2364
  2.39974
  3.87053
  3.16222
  3.00641
  17.5924
 0.168132
 0.360126
  14.0608
  3.95912
  4.53669
  3.17868
  20.1306
  24.1492
 0.369451
 0.148666
  7.68462
   2.8914
  6.11457
 0.169963
  17.2835
  1.35176
  0.73341
  17.4559
  20.6479
  12.7385
  2.11393
  2.96202
  0.14288
  2.61607
  16.7436
   11.475
  2.26308
  15.8574
  3.59953
  3.84902
  2.75775
    22.18
   11.863
0.0380308
  16.6904
  21.7613
  24.7628
  17.8464
  2.38558
  1.30081
   2.0399
  17.3617
  3.36151
  4.53669
  11.4198
  19.9854
  2.38826
  12.7891
  6.89812
  12.5945
 0.607537
  5.50711
  18.9444
  3.89608
  15.4688
  7.97942
  10.6843
  12.5538
  3.02735
  3.39102
   27.106
  19.9571
  25.7192
  8.04254
  18.1671
  16.7869
  3.83591
  1.68501
  6.33613
  4.06319
  4.61638
  2.74048
  23.6014
  19.3836
  3.84221
  13.9742
  4.79609
  5.44509
 0.776026
  1.35636
  15.1563
  29.2301
  5.50711
  4.18996
  2.86538
  15.2034
  9.22515
  13.8531
  2.26557
  1.77738
  6.18627
  4.54972
  6.32749
  9.52774
  1.11537
  3.98438
  22.4461
  4.07976
  2.64471
  12.8179
 0.507207
  14.1211
  30.0323
  12.9198
  13.9321
  1.10914
  2.70173
  6.15666
  12.4175
   26.539
 0.356382
  2.59882
  18.2192
  2.02534
   4.0743
   4.2065
  2.81356
   15.498
  9.63235
  7.53422
  6.07555
 0.496632
  4.07647
  13.4363
   11.071
  4.79108
  4.18996
  2.74338
  21.8369
  21.1983
  19.0518
  20.3898
  5.20784
  1.60827
 0.839876
  6.84727
   1.6011
  20.7539
 0.211387
  2.39045
  14.7218
  18.4423
 0.569861
  27.0196
  25.9789
  2.35778
  15.5576
  17.0696
  10.4322
  4.49921
  9.84495