  15.8287
  19.6894
  19.2717
  25.9623
  33.2902
  33.7774
  20.9529
  12.6969
  5.39107
 0.232023
  9.87147
  6.71377
  47.5729
   49.541
  10.7366
  11.5671
   8.8858
 0.132627
  6.57421
  14.7525
  1.27256
  10.2923
  40.8496
  12.1305
   7.0886
  9.33531
  15.3785
  5.04876
  16.4613
  5.10978
  8.00004
  11.1859
  9.22768
  8.74147
  13.4981
  7.04071
  8.17315
  6.12855
   10.573
  11.4448
  28.2303
  19.5583
  22.8076
  3.86482
  17.7085
  18.6632
  20.0509
   15.606
  12.8163
  12.6122
  2.07057
  10.6268
  12.2677
  3.99291
  3.17589
  3.29745
  6.51326
  14.2567
  25.4063
   7.2381
  28.3216
  12.2847
  12.8763
  6.62437
  8.34776
  10.2278
  13.9701
  27.4709
  38.5357
  16.1737
  15.1793
  8.82843
  16.2432
  15.0405
  9.36423
  14.8851
  16.6974
  10.2273
  14.0864
  11.7506
  21.7473
  49.4318
   0.5117
  4.60841
  32.3941
  17.2575
  5.26292
    32.21
  15.7602
   28.576
  25.5962
  8.14971
  11.7889
  5.07008
  32.2343
  9.82171
   8.8857
  11.8787
  33.9696
 0.745285
  27.8351
  21.2346
  20.7979
  28.2303
  13.3505
  19.2468
  1.62494
  17.5796
  9.60404
  39.4412
  19.6312
  10.0246
  9.18912
  12.7326
  5.18201
  12.6683
  8.32604
  2.53754
  19.5961
  10.1363
  15.9198
   13.726
  22.3629
  5.82649
  17.1148
  17.2965
  14.2572
  14.9967
  10.6364
  12.3455
  14.2965
   8.1384
  15.8925
  13.6049
  13.3091
  16.2151
  2.14253
  2.59218
 0.638916
  23.6457
  17.9122
  35.9133
  13.1738
  15.1643
  8.90863
  34.5398
   2.0626
  11.7515
  39.1207
  34.4199
  49.3185
   4.6386
  4.65215
  7.37392
   4.3382
  5.95283
  19.6709
  23.3483
  18.7189
  10.9381
  8.50896
  21.2544
  28.4229
  4.80524
  33.6937
  40.8116
   39.855
  2.42664
  5.48606
  16.0587
  23.0409
  10.7455
  7.38809
  8.52944
  15.9906
  25.3294
  26.5603
  12.9891
  15.6537
  12.0527
  12.3313
   9.0114
  30.1497
  15.8252
  59.4901
  18.8491
  15.8205
  11.5892
  16.3635
  28.0129
  32.4627
  10.0901
  9.75552
  27.5923
  12.4125
   16.645
  28.9302
  2.26684
  4.80535
  16.5847
  8.60291
   6.1714
  14.3858
  9.10226
  11.6168
  1.55109
  6.41134
  13.3841
  15.9172
  3.48199
  38.5336
  3.60522
  23.3599
  8.93971
  10.3368
  29.2351
  12.4166
  13.6817
  13.9831
  23.3275
  14.1155
  16.6782
  24.8671
  36.7214
  3.89682
  43.9893
  40.0027
  13.5856
  36.5193
   3.0171
   20.852
  10.7517
  14.5427
  36.2546
  22.2714
  11.2732
  26.7492
  33.4364
  32.4998
  26.7102
  8.54896
  16.4573
  12.6834
  32.7365
  16.0116
  17.8619
   13.738
  15.4179
   33.756
  25.8729
  18.8669
  8.89344
  22.4505
   3.4976
  6.56252
  21.7786
  31.1716
  12.3207
  38.5031
  29.6639
  3.46897
  15.5307
  55.4038
  42.2218
  25.4015
  22.5598
  28.1096
  25.6834
  21.2485
  19.3311
  18.1364
  28.8001
  18.5382
  23.4988
  12.4762
  8.73032
  13.7799
   9.6232
  18.9872
  14.3673
  36.5436
  28.1131
  24.6183
  35.7046
  35.8306
   4.6287
  19.8091
  26.4817
  4.69059
  31.8254
  36.6209
  18.1583
  20.1356
  22.7185
  30.7366
  24.0509
  26.2046
  19.6682
  3.99032
  10.3827
  24.7862
  16.6013
  32.7914
  8.22901
  9.08035
  15.5545
  26.3795
   35.968
  32.6325
  9.45019
  19.3515
   23.581
  17.9915
  23.1404
  20.3833
  19.5656
  25.4102
  56.1974
  34.2028
  18.1896
  36.5353
  22.7374
  21.4486
  27.6397
  22.7359
  7.97042
  12.8198
  12.8537
  21.4527
   21.893
  15.0288
   11.321
  15.2409
  13.5389
  21.1752
   16.492
  8.59975
  27.5152
  12.4506
  16.7183
  32.3914
  33.4629
  37.3959
  36.0469
   13.588
  21.8315
  22.1728
  5.74475
  5.71265
  27.9902
  3.70984
  18.8869
  14.4428
  33.6411
 0.231154
  13.1854
  5.26719
  50.0884
  18.2432
  33.2909
   28.965
  6.08928
  13.0372
  9.11737
   16.372
  14.9753
  26.0122
  36.2706
  24.0088
  38.9225
  4.42577
  13.5514
  14.5383
   7.5734
  11.8356
  34.9114
  28.3214
   32.529
  5.31178
  15.1387
  3.74884
   16.301
  42.4498
  13.0615
  19.1047
  8.75166
  35.3076
   13.545
  13.4891
   6.1465
  3.98555
  11.0797
  25.6791
  5.75729
  19.3574
  27.6729
  6.38272
  12.4944
  25.9213
  33.8249
 0.727477
  14.8396
  7.19185
  20.2156
   22.152
  14.4683
  18.5263
  18.2849
  34.5797
  6.81815
  8.39279
  9.39297
  2.17341
  19.9509
  18.9153
  24.0746
  18.1569
  29.7589
   22.778
  13.1178
  14.2886
   22.208
   35.996
  12.5348
  20.3151
  14.7916
  13.2311
  15.1833
  27.0286
  11.5627
  17.5484
  19.1857
  16.4018
  36.4261
  28.6262
  5.06337
  13.4736
  32.9427
  48.1178
  22.1644
  43.7587
  43.3163
  14.5965
  18.9994
  18.0574
  37.7485
  17.6117
  27.8262
  22.4582
   8.2711
  33.9525
  3.49624
  13.5491
  12.4217
  41.0276
  14.5087
  22.7083
  16.6366
  8.94127
  4.31771
  5.14053
  16.3963
  33.2023
  47.5535
  5.50059
  13.2311
  8.87325
  14.7522
  16.2047
  24.0998
   39.238
  26.8869
  33.1631
  30.7307
  39.3518
   12.029
  17.1704
  28.1443
  37.4658
  52.4849
  37.9285
  26.3905
  6.62746
  36.0836
  38.5867
  32.5688
  40.4119
   40.125
  32.1876
  32.7138
  31.1275
  12.5475
  12.3917
  31.3093
  26.5669
  37.4309
  39.3797
  44.1131
  46.6288
  5.76093
  9.83003
  27.6921
  29.1312
  19.6425
  3.42941
  25.5746
  19.2592
  10.7528
  5.76736
  25.6556
  21.0493
  25.5905
  30.7653
  32.0804
  41.3562
  3.91195
  14.7322
  3.76622
  5.43564
   42.062
  10.7212
  39.0286
  48.8951
  4.06544
  3.19855
  2.82703
  20.9263
  33.9791
  54.0217
   2.6533
  53.2927
  19.7393
  12.1877
0.0165344
  44.3499
  13.8464
  3.66327
  3.18576
  12.0142
  19.8735
  33.5255
   13.047
  16.3348
  15.3872
   22.202
  37.0706
   13.147
  13.5122
  53.5239
  15.5456
  4.31227
  16.4019
  16.0393
  32.0804
  30.8447
  13.8179
  9.44282
  57.0841
  19.7261
  10.9762