    6.0757
   39.2013
   9.57735
   14.7961
   20.2096
   9.84106
    25.963
   19.8247
   10.3773
   10.2914
   8.24738
    3.6911
   21.1897
    21.496
   27.0264
   4.07183
   7.90894
   7.50305
   4.47454
   2.46028
   21.0201
   8.81759
   7.79171
   7.33771
   3.68684
    7.2791
   4.99344
   3.57124
   2.94696
   6.25314
   35.3163
   20.1459
   6.32305
   18.6397
   13.9432
   6.28834
   6.27172
   1.65108
   30.7941
   1.61886
   4.65995
   5.04349
   7.74166
    17.882
   8.01964
   4.23145
 0.0809945
   6.87884
   5.10546
   4.66202
   31.3231
   7.65649
   32.8701
   21.7583
   11.5484
  0.831565
   19.9917
   2.79984
    1.0273
   11.2999
   5.89501
   8.35624
   19.6877
   2.89012
   6.43718
   7.10308
   5.63117
   13.7433
   25.0725
   1.24604
   10.5251
   1.90019
   20.1188
    14.788
   9.57516
   8.16464
   2.33185
   6.43855
   20.1605
   11.6113
   4.95007
   10.1005
   5.74517
   14.5597
   7.93572
   29.2705
   30.7258
     3.896
     4.948
  0.819147
   5.75243
   23.5565
   35.7415
   2.41006
   7.92227
    4.9785
   15.4231
   2.36822
   36.4085
   18.8563
   4.75908
     26.19
    5.8184
   8.10664
   4.33927
   9.18347
   6.95705
    6.5107
   5.76511
   4.83843
   37.4975
   20.3268
   4.82837
   2.30701
   3.43657
   1.93665
   8.24296
   2.07735
    3.1178
   5.06349
   7.36915
   12.1547
   5.35383
   5.66078
   8.05917
   32.1619
   19.3668
   32.5041
   14.7261
   15.5116
   5.56028
   1.79103
   4.30709
   11.8054
   48.2083
   32.5063
   11.9321
   7.69074
   35.0872
   4.10206
   7.70166
   30.4101
   9.92514
    3.6034
   5.38819
   9.15959
   10.7492
   31.3617
   25.9956
   8.74394
   32.1489
   4.42675
   25.4423
  0.695265
   5.12383
   13.7164
    2.3069
   26.3827
   9.58619
   19.1471
   10.1451
   20.9926
   6.68663
   37.4215
   1.22787
   3.80109
   3.42309
   3.08182
   7.84598
   2.80271
   6.80069
   8.25819
   9.23541
   18.2271
   35.7205
   23.8687
   26.6087
   28.3139
   41.8963
   3.67053
   5.64701
   2.51593
   7.73328
   16.9287
   13.5936
  0.550548
   7.71967
   9.80356
   12.4042
   29.4379
   37.2604
   24.6847
   16.5002
   2.07124
   9.70451
   16.6367
   15.3544
   39.6919
   3.36147
   5.96337
   8.74919
   33.8013
   27.6105
   6.00773
   5.76148
    14.432
   17.3835
   28.6682
   18.2868
   3.67504
   42.0632
   8.98563
   15.9805
   6.99049
   7.39979
   25.1347
   16.2406
   2.29939
   6.28374
    9.5905
   3.11928
   6.06635
   4.52983
   15.5683
   9.50963
   2.67814
   3.19936
   3.62421
   36.9095
  0.958557
   28.3792
   4.36431
   5.39323
    1.1166
 0.0408307
   8.66089
    38.855
   9.42746
   33.4863
   20.5654
   29.0752
   8.50153
    11.767
   27.7521
   5.63722
   1.73037
   3.54972
   10.2268
   8.20177
   21.4573
   44.2128
    33.633
   7.10664
   16.2516
   17.6981
   10.0258
    4.6025
   17.3383
   3.60634
    7.1851
  0.945695
    8.1917
   5.74333
   7.92086
  0.151668
   38.3341
   24.2436
   5.04198
   8.64999
  0.663861
   32.3955
    37.773
   25.1965
     12.26
   3.37599
   37.8628
   5.83218
   13.4958
   40.2872
   5.94368
   6.24106
   2.36598
   3.60836
   15.3889
   7.62676
   7.71669
  0.378993
   1.37368
    2.4892
   8.56361
  0.946884
 0.0488264
   18.3532
   32.0007
   29.0952
   6.31531
   19.9599
   20.9651
   11.8779
   10.2936
   6.67912
     12.06
   1.25573
   5.75164
   15.2801
   27.6616
  0.240623
     3.869
   5.13961
   2.45054
   24.8213
   5.70886
   24.5164
    18.027
    3.8311
   7.51079
   12.8292
   20.6509
   5.54512
   1.34401
   17.4679
   1.46799
   19.5853
   3.32481
   7.28405
   2.75178
   6.13862
   14.5467
   2.91564
   7.86989
   5.01097
   3.93663
   9.38585
   8.27978
   1.28555
   25.1039
   2.36014
   44.2404
   1.13573
   14.9567
   10.4299
   7.79563
   1.18084
   15.8775
   12.5707
    5.5654
   1.07354
   12.0065
   2.16614
   8.90271
   6.97611
  0.589209
   3.93196
  0.645444
   17.3681
   12.8465
   15.5051
   3.81561
   26.7494
   12.7651
   4.45949
   4.25587
   8.76652
   16.0333
   16.9301
   5.12262
   2.46449
  0.185427
   9.85363
    12.901
   3.33185
   10.4308
   25.3955
  0.483476
   37.3635
   34.3881
   35.6426
   3.82887
   25.1605
   28.7004
   10.1615
   8.95067
   30.1396
   23.8776
   19.6941
   18.3297
  0.998815
   14.8419
   14.9915
   23.8572
   24.2175
   19.5573
    6.5977
   9.99003
0.00331925
   21.9704
   22.3684
   1.11933
   6.59335
   33.4029
   1.33054
   28.3262
   3.38655
   18.5738
   7.20253
   14.2807
   6.71574
   7.47943
    31.803
   12.4249
   16.7613
   22.6098
   5.61052
   5.48041
   5.49601
   2.72914
   4.45143
   12.0113
    5.3801
   32.5283
   18.5877
   23.6348
   20.8824
   1.97872
   37.7534
    5.6454
   27.1318
    27.167
    36.929
   14.7662
    19.034
   21.6694
    42.344
  0.367493
   6.11905
   17.8374
   19.8808
   27.2694
   15.1254
   35.5819
   32.9672
   6.99473
   6.05604
   19.8388
   2.99059
   7.83079
   1.17342
   13.1072
   7.71558
   29.4009
   12.0644
   6.41368
   35.7019
   5.02923
   42.7947
    37.219
   11.0153
   2.71314
   31.1758
   1.55892