  46.9034
  49.2364
  10.1569
  9.42259
  12.6856
  11.6329
  2.44247
   47.168
  29.1413
  72.6819
   47.624
  9.19855
  12.7728
 0.231846
  6.45374
 0.920304
  11.2807
  10.3545
  4.13268
   32.141
  52.8518
   14.942
  52.3798
  1.51029
  10.9291
   24.846
  6.14485
  18.8964
  0.27463
  14.1198
  9.89622
  14.7384
  10.0368
 0.276603
  38.9375
  35.5713
  3.08567
  15.9908
  18.5518
  28.4858
  18.1647
  24.6844
  12.8262
  3.97203
  4.21837
  10.5695
  10.6341
  27.2441
  40.4345
  47.4741
  32.5598
  21.2619
  14.6686
  26.1263
  11.1244
  42.8392
  3.70241
   8.1915
  1.02348
  5.29316
  8.12798
  10.3455
  8.93408
  12.6661
  17.1813
  22.9064
  29.6841
  21.4068
  29.5932
  19.6889
  10.5462
  26.2252
  23.8717
  26.8163
  4.09565
  26.6607
   5.8761
  10.8151
  2.74977
   8.1925
  9.89168
  11.4859
  11.1135
  15.7362
  26.2821
  24.8155
  17.8717
 0.672172
  1.70896
  1.82362
  9.61509
  45.6165
  48.1034
  14.5738
  9.56448
  46.5278
  10.8836
   15.564
  37.9533
  18.3871
  10.3246
  15.2522
  11.3427
  54.4334
  17.1241
  59.3945
  27.1936
  4.86619
  10.5668
  5.24666
  4.83947
  24.3822
  25.3183
  4.85718
  3.84096
   43.735
   41.333
  43.3114
  41.9087
  40.5094
  10.1006
  48.0721
  22.9892
  19.2701
  20.8208
  46.0645
  72.7663
  16.7166
  28.4931
  19.9264
  16.9707
  19.1403
  36.0851
  27.7663
  12.4084
  24.6907
  11.2717
  21.0954
  9.01425
  24.6377
   14.588
  25.9639
  24.5278
   3.3453
  8.43015
  3.19877
  8.76415
  45.3487
  5.32682
  6.96948
  25.8499
  16.6861
    16.14
  13.1023
  22.2457
  4.20725
  30.5799
   20.709
  10.7617
  5.75387
  14.4138
  41.6015
  49.7178
  28.2676
  21.5958
  41.2455
  15.8294
  26.3523
  30.0574
  13.0005
  9.81792
  12.9825
   9.5794
  47.2489
  38.3723
  6.61378
    3.673
  6.74012
  52.7502
  12.6596
  9.95343
  24.0907
  11.5221
  12.0287
  15.3875
  9.54663
  2.54641
  40.1901
  41.5953
  41.2467
  24.2598
  14.6356
  18.5064
  43.8954
  39.2937
  31.2226
  10.0436
  3.71896
  8.05867
  4.15602
  8.01927
  46.4583
  3.65605
  44.9853
  2.18003
  16.9766
  24.0703
  33.9576
  36.9612
  1.66349
  5.34921
  1.94227
  42.8361
0.0622613
  13.2868
  43.1125
  42.1375
  39.9732
  36.3317
  38.1018
   10.306
  6.17342
  8.07464
  28.1468
  14.5788
  48.6185
  42.3355
  7.63696
  8.77187
   4.4362
  1.76656
  7.37818
  8.88247
  17.4412
  4.50848
   8.3353
  8.01375
  1.32357
  4.55299
  10.0733
  8.56267
  13.0076
 0.561167
 0.175654
  10.1362
  19.1621
  9.56206
   34.967
  6.64765
  46.3219
  15.9683
   35.573
  4.03526
  4.34794
  14.3786
  45.6812
  3.27288
0.0868719
  27.1115
  13.4248
  13.0262
  23.2204
  19.1049
  4.86904
  9.65766
  42.6023
  52.4239
  36.4615
  32.1092
  31.5075
  13.2604
   10.593
  1.88689
  9.23424
  45.1663
  6.99381
  7.08752
  5.09712
  29.2301
 0.247169
  64.8327
  25.1916
  1.87798
  18.5376
  2.57531
    39.11
  42.0655
   4.6555
  44.1237
  42.1088
  7.53994
 0.501479
  2.58835
 0.160462
  26.2555
  12.7811
  2.93358
  3.66565
   21.381
  12.8451
  18.6656
   10.141
  14.8751
  15.9037
  2.54136
  1.65242
  37.3908
    34.77
  1.32455
  48.9262
  1.78428
  3.74199
  5.30535
  22.6356
  32.6573
  4.59066
  37.7471
  13.3116
  32.9185
  22.3496
 0.235647
  28.6166
  33.3498
  43.8949
  8.11057
  3.09255
  32.0448
  25.6115
  10.9912
    5.374
   18.451
  19.0183
  30.2203
  11.9287
  33.6816
  8.43456
  27.8849
  5.99152
  18.3257
  8.17595
  3.74646
  11.1349
  11.3064
  40.7449
  39.7789
   40.102
   47.433
  13.8899
  14.4528
  18.0437
  7.12256
  3.49768
 0.630418
  32.3004
  22.6068
  11.9915
  19.7285
  35.1289
  3.46749
  2.89767
  43.1551
  15.8144
  1.44992
 0.976979
   6.2215
  4.63673
  49.4058
  14.0619
  8.84361
   6.8289
  1.12502
  1.18197
  64.2922
  17.9973
  22.2714
  5.08546
   9.9263
  12.7895
  16.9039
  36.3538
  24.5651
  14.2196
  3.81747
   3.8744
  6.24631
  5.47817
  39.7027
  23.9376
  19.4663
  21.2277
  5.05676
  5.00853
  7.83619
  7.27566
  8.47275
  27.1423
  18.1806
 0.594196
  6.67015
  12.0707
   4.3721
  57.2427
  7.50558
  8.54895
  35.2839
  10.2502
 0.201895
  64.7559
   5.0034
0.0658598
  12.0707
  11.5579
  6.00214
  7.05125
 0.757913
  24.8999
  8.59758
  12.2675
  34.3086
  9.96604
  3.82729
  9.11252
  2.00095
    24.74
  8.79776
   24.458
   22.442
  24.6195
  27.8371
  23.9089
 0.356845
 0.339271
  7.64066