 89.153
83.3195
88.2716
63.4397
83.3115
83.4855
83.0473
25.0172
19.1532
77.4822
6.94266
47.5817
19.1986
82.0608
83.4831
82.8326
82.4212
 63.399
83.5454
88.8354
86.8012
88.9884
74.9662
76.3562
64.7229
 64.521
65.2917
81.0619
 89.732
57.4212
78.7647
89.5085
72.2953
89.1009
67.2721
57.0217
48.8443
60.2992
82.3092
79.8249
79.8313
72.5485
24.3577
70.5214
42.6346
49.0145
75.8073
 88.663
49.1433
87.1844
71.6284
  62.63
40.6282
81.0257
72.4252
47.1511
82.0272
82.8451
82.0155
85.9894
41.4528
20.9474
83.3187
 41.958
40.2096
76.8635
 65.767
88.7578
74.1085
68.5066
56.4102
89.5301
38.2368
32.4008
27.7156
48.6624
20.9407
72.4114
60.6004
76.3558
  88.27
53.2658
57.0217
31.6638
84.3736
82.3082
83.0823
57.0793
82.5787
53.6614
82.3038
 72.558
87.0215
78.2906
71.4507
89.6276
85.3287
74.7482
 62.746
52.2827
89.7311
68.5376
82.0558
 81.227
82.3045
82.3008
84.0043
82.3082
63.2546
28.5568
 70.619
  73.39
87.9923
68.1344
70.1698
65.0882
76.7057
89.0917
71.4941
 74.447
69.9339
77.6561
74.2907
53.3346
76.7537
81.9956
63.7541
40.5603
84.6363
81.0258
47.4418
64.4279
31.2291
89.4648
64.8711
68.1772
 64.632
63.1674
84.5882
71.1555
84.9556
89.0923
88.1323
 75.672
86.6074
29.0911
65.5963
75.5235
84.1468
84.9458
58.2283