  14.1017
  5.94242
  12.2816
  5.38546
  39.2498
  12.5236
 0.649771
  10.9378
  24.2822
  15.0428
  2.66331
  3.44725
  9.49492
  7.54188
 0.953114
  1.33753
  7.24963
  2.07327
 0.430658
   8.3765
   2.5847
  6.14609
  10.1949
  6.24959
  7.11769
  9.67202
  7.46422
  2.72331
  12.6234
  5.56476
   15.664
  11.9403
   5.0388
  9.54444
  40.2493
  22.3266
  38.5194
  22.3529
  18.5163
  21.7927
  12.1264
   16.564
   17.706
  4.23998
  6.31858
   6.6224
   5.3678
  15.6585
   19.135
  7.86801
  10.5941
  8.27917
  21.3378
  4.16702
  2.23646
 0.964337
  19.8896
  22.6452
  53.3266
  51.6773
  51.3314
  47.0066
  12.5795
  8.48479
  11.9312
  26.0586
  7.49398
  7.11989
  41.1201
  41.0434
   33.882
  41.5215
  27.3191
  37.2324
  16.1051
  26.0643
  34.9542
  28.7513
  5.00307
  8.92494
  16.1161
  11.3585
  14.3276
  2.08676
  3.58466
  4.82752
  9.01708
  1.06637
  3.82808
  6.51817
  9.11771
   5.8416
  7.47386
   21.611
  11.9042
  5.96215
   4.5488
   12.474
  16.8556
    8.932
  9.60313
 0.393496
  11.7002
  4.35471
  8.64191
 0.252236
   3.8113
  10.8085
  2.70306
  12.9175
 0.505638
  8.25532
  7.17286
   9.4823
  2.50975
  14.5938
  9.68788
   13.046
  18.9288
   12.056
  5.72869
  10.1239
 0.950927
  1.73188
  11.6671
  14.8248
  17.7189
  19.5008
  13.1401
  3.09532
 0.135073
  3.36189
  4.30843
  21.7843
  7.06625
  10.8166
 0.755145
  1.56026
  16.1532
  2.73651
  20.7337
  23.6756
  3.86643
  8.51669
  3.63249
  6.59222
  7.73934
   13.072
  7.30456
  2.02932
   5.9561
  23.1332
  4.88135
  21.3648
  3.72624
  10.1594
  12.1625
  10.9201
  4.48235
  25.9146
  40.5153
  35.2043
  42.2372
  40.7002
  32.7548
  32.4484
  39.9331
  37.9966
  40.7835
  38.2931
  37.5618
  25.3453
  40.6056
  36.8116
    27.59
  31.0038
  33.5593
  39.6938
  31.8328
  27.8025
   17.358
  17.5288
   56.076
  35.7154
  11.9427
  11.6898
  11.4965
  20.4342
  10.3984
  8.14176
  17.1158
  5.14298
  39.2838
  39.2322
  34.7453
  32.1015
   46.028
  1.06369
  11.2346
  5.74071
  10.3636
  2.36294
   37.802
0.0994709
  17.9767
   15.582
  11.3294
  6.27883
  54.3441
  12.0433
  10.4214
   12.559
  22.3132
   14.567
  11.5462
 0.903577
   5.0723
   8.2863
  2.47843
  10.3653
  1.55678
  3.65482
   36.539
  36.1935
  31.7273
  12.3114
  33.4061
  39.6715
  39.7533
  42.3295
  40.7632
  27.1021
  36.1093
  19.4738
  4.26844
  16.0554
  5.23351
  14.5664
  20.5764
  14.1594
  12.6624
  44.9984
  27.4362
  32.1077
  44.4327
  34.2855
  10.6493
  14.8068
   18.915
  38.1203
   31.258
   35.474
  30.5414
  33.2307
  34.5969
  40.4604
  25.6379
  31.0899
  34.8596
  23.3714
 0.181191
 0.930348
  22.9249
   20.435
  1.17972
  4.21368
  13.1622
  10.7391
  4.98147
  3.59787
  2.24659
 0.598399
   9.6206
  0.50275
  25.1942
  24.3891
  19.9881
  14.4138
  7.36264
  6.04115
  10.2529
  2.19182
  12.1009
  2.62478
   9.7172
   2.5375
   10.324
  5.01881
  3.75081
  4.29285
  9.23277
  3.21899
  12.6202
  2.06005
  14.3501
  18.0227
  5.44634
  2.04897
  5.86692
  8.63293
  11.8335
  3.89297
  5.90909
   16.407
  27.0177
  3.02567
  35.3971
  9.83282
  18.2577
  26.3211
    24.05
  7.68211
 0.504619
  20.0677
  2.61273
  3.77509
  10.3463
  2.34253
  32.2331
  4.76216
  8.93843
  6.94742
  6.33553
  11.4017
 0.552055
  12.4261
 0.777445
  1.24866
  13.0439
  19.5392
  5.30942
 0.877888
  1.64088
  6.93605
  14.5297
  18.7242
  13.9702
  7.13373
  6.09727
  5.77673
  11.8665
  27.8485
  32.6789
  34.4656
  30.7968
  35.0382
  33.0231
  39.0475
  36.3072
  40.6969
  30.2051
  34.2337
  35.1362
  26.4539
  18.4744
  14.0683
  16.5882
  5.41247
  40.4323
    68.89
   57.963
  12.5716
  9.69425
  13.8788
  36.4368
  13.8915
  4.85976
  21.3523
  21.5556
  2.94678
  3.74799
  23.2966
  25.4549
  44.7673
  14.4918
  34.7597
  24.8668
  11.6182
  17.3624
   5.3197
  21.3641
  1.11092
  5.71907
  32.4548
  7.82346
  5.41946
  11.1191
  3.75088
  10.4629
  4.82824
  1.05057
   7.9336
   10.592
  24.1713
  23.8753
  40.8968
  13.8346
  21.9465
  32.0216
  17.4291
  8.56737
  42.9674
 0.961651
  7.30974
  24.4932
  6.67467
   3.5968
  3.90011
  6.55637
  18.6753
  5.35626
  10.9495
  6.38393
  10.8856
  9.58893
    10.24
 0.662155
 0.380436
  1.25785
  4.54368
  5.60989
  11.8218
 0.352832
   4.4375
  14.7534
  16.0542
   19.325
  12.4409
  7.06607
  18.0911
  20.7406
  11.6715
0.0390444
  8.46485
 0.193965
  12.0947
  20.1745
  17.9941
  0.54692
  16.4051
  13.9053
  2.76218
  4.51491
 0.536664
  1.75776
  9.06821
  5.55992
  10.0414
  8.81475
  18.8075
  18.0946
   6.8106
  2.24796
  12.8978
 0.482424
  17.9117
  14.0346
  5.05692
  9.59005
  7.66613
   10.987
   33.027
  31.8611
  37.0643
  24.7261
  26.1809
  7.83364
  36.5079
  32.7332
  32.7022
  13.8019
  31.2982
  16.4869
  34.8443
  33.7936
   25.937
  17.7921
  36.2577
  66.8729
  58.6178
  19.9126
  8.67532
   6.8267
  20.2267
  8.63418
  13.3938
  2.65974
  10.7974
  7.11302
  13.7825
  4.87907
  29.4547
  14.5224
  27.4605
  16.2118
  47.7346
  27.4174
  42.3072
  7.72131
  8.91387
  12.9901
  19.5089
  19.0206
  4.67465
  17.9968
  6.25678
  6.71565
  21.4812
  50.9282
  39.2133
 0.768328
  12.1348
  31.0826
  21.7963
  19.9535
  32.1085
  30.6865
  32.4853
  10.6028
  17.0331
  4.72113
  9.80278
 0.119479
  4.75424
  9.87423
 0.403761
  8.60903
  2.00361
  4.05904
  7.86344
 0.720722
  4.56156
  26.8424
  2.95514
  10.6485
  33.6441
  11.3414
  22.5574
  2.36403
  13.5031
  3.04541
  7.17148
  13.4702
  9.61091
    24.74
  7.28325
  10.3362
  3.71571
  8.98063
  12.8977
  5.11235
  13.6502
  9.90694
  16.9265
  6.54178
  2.30211
  6.20706
  8.55857
  19.9387
  19.8967
  1.49898
  5.35042
  28.1098
  28.7347
  10.6109
  16.4633
  11.7359
  22.9379
  34.8798
  39.3309
  51.3965
  45.4722
  15.8168
  8.18586
   10.068
  7.82138
  17.2743
  39.8139
  40.6665
  31.3884
  33.7701
  28.0698
  24.0529
  11.2118
  12.9186
  1.34008
  34.1813
  39.9769
  13.2557
  10.0023
   27.052
  12.3262
  13.6327
  8.50879
  10.4843
  2.46083
  53.8193
  38.5257
  10.9901
  48.0314
  46.5221
  58.1709
  60.6404
  29.4175
  30.2606
  94.6117
  36.6942
  36.1777
  53.9419
  25.8631
  11.8801
  11.2924
  1.95317
  30.1749
  58.2995
  10.6002
  141.179
  42.3201
  24.3216
  32.1317
  75.8285
   16.428
  27.8243
  9.88221
  5.65835
  11.6723
  28.2173
  64.6973
  117.359
  16.8891
  25.7605
  1.10024
  1.64719
  20.5804
  80.2501
  33.9324
  34.5405
  34.6101
  4.02817
  11.5645
  23.0342
 0.845575
  7.45876
  33.3594
  18.0669
  34.6343
  32.1234
  12.8653
  42.5301
  18.4983
  47.0173
  13.7351
  43.3741
  21.1274
  38.9506
  41.2375
  20.1842
  24.0857
 0.848566
  51.5287
  8.99538
  75.0875
  87.7627
   62.345
  2.88042
  9.06648
  1.84881
  1.71934
  24.6689
  111.444
  108.911
  63.5667
  17.0404
  1.98738
  48.8919
  29.0615
  29.6077
   41.879
  5.21756
  57.5401
  73.0305
  54.7002
  33.3485
  116.394
   17.231
  21.9435
       16
  34.4294
  1.10024
  1.30811
  1.75364
  7.04434
  3.94407
  10.8621
  36.3828
  9.99617
   6.7562
   33.957
  4.23091
  36.9622
   10.669
  57.9824
  42.1591
  58.1378
  22.7631
   45.139
  20.4291
  8.84873
  25.1912
  4.36917
  2.36296
   5.0866
  2.16268
 0.406317
   84.336
  22.9644
  1.59234
  27.2388
  38.1127
  61.8119
  48.2967
  43.8987
  43.3094
  41.1947
  8.53181
  10.6891
  2.67272
  7.52058
  7.27944
  9.59844
  18.5907
  49.4293
  11.5937
  38.5113
  25.7975
  38.1241
  23.3376
  27.6648
  31.4068
  35.3481
   52.978
   24.302
  20.7066
  52.0993
  57.9012
  38.8974
   28.385
  61.7485
  41.1705
  44.7856
  32.7013
  31.9593
  75.8538
  32.7602
  26.8116
  1.44778
   20.273
  79.3148
  41.8266
  21.2554
 0.663007
  7.18196
  19.8892
  44.8663
  36.0408
  31.8822
  20.1462
  37.5365
  35.8416
  25.7879
  54.8874
  44.4095
  50.7239
  23.7821
  24.5049
  16.4687
  14.5318
  48.3499
  67.2325
  16.9603
  23.8047
   17.068
  35.5007
  39.2317
  22.0404