  38.8178
  50.1144
  38.2098
  2.45366
  5.10571
  6.73873
  16.0987
  20.4767
  1.02759
  2.22967
   8.1233
   1.6765
 0.534598
  13.2196
  3.20247
  4.10432
  7.87327
  2.08691
  2.59872
  4.92616
  1.45576
  3.12377
   5.0436
  3.00053
  1.74488
  10.0859
  8.46792
   8.8283
  6.17548
  4.34439
  16.3043
  8.36285
   18.814
  15.8936
  17.7072
  20.6814
  9.83809
  18.6007
  11.5272
  10.4117
  9.20974
  6.16488
  36.2233
  49.6325
  44.9812
  39.7626
  38.1165
  45.5082
  37.7471
  17.0286
  26.0755
   18.479
  19.1367
  38.1707
  45.6131
  44.7554
  40.3737
  48.8133
   16.477
  21.6901
  16.4951
  44.9183
  43.7203
  38.4901
  39.2399
  40.7536
  38.0534
  38.1792
  34.1463
    55.28
  55.7136
   42.191
  59.7112
  43.2021
  54.8713
  44.3013
  39.8032
  50.9741
  16.1676
  3.92115
    16.89
  10.7096
  7.19989
 0.353726
  13.9633
  14.6013
  24.4832
   16.271
  2.56173
  18.1139
  18.7888
  19.6739
  13.7422
 0.791193
   12.913
   9.0662
  13.2829
  6.73582
  3.39206
  6.35484
  9.18599
  18.4392
  18.0339
  15.6577
  16.7961
  3.75218
  23.2844
  1.02186
  19.8789
  11.6587
  14.9944
  3.89149
  7.76415
  3.99601
  2.34344
  3.72682
 0.578371
  6.50143
  2.18497
  2.09591
 0.840711
  15.4115
  14.5469
  3.71675
  2.26218
  6.15527
  7.95866
  41.5531
  33.5106
  23.6143
  20.0625
  14.0611
  17.0921
  1.82138
  18.8285
  19.8245
  17.2009
  13.9536
  21.1781
  15.7953
  18.9921
  12.0908
  26.0129
  1.95162
  9.85808
  11.6744
  20.9307
  27.5196
   24.678
   7.4556
  12.7229
 0.634523
  1.10204
  1.23404
  2.08722
  11.7732
   9.6996
  2.31849
    2.345
  14.5258
    15.33
   20.322
  7.32577
  5.24701
  8.90782
  16.3339
  1.87319
   5.7852
  3.50989
  2.91515
  4.52028
  14.0353
  53.5671
  55.2158
  38.2627
  43.7602
  41.0396
  43.5948
  38.2995
  45.3811
  51.5927
  48.9959
   55.709
  38.6598
  40.1463
  46.7729
    42.84
   31.117
  44.8943
  47.4119
  36.0637
   50.338
  37.6664
  25.6229
  31.1084
  48.5272
  55.4372
  49.9739
   8.8222
  9.64981
  41.7447
  16.1129
  41.5145
  46.7952
  31.5719
  41.6645
  62.1372
   20.584
  4.19786
  27.4057
  18.8636
  20.9197
   14.887
  5.43198
 0.164305
  21.6744
  13.9416
  5.07364
  24.4979
  58.7397
  16.8574
  17.5128
  16.7725
  19.3907
  36.8093
  38.3399
  14.5707
  17.8281
  7.65767
  5.99816
  3.27349
  13.9987
  2.14039
  1.79577
  7.89618
  2.11744
  12.5179
  27.0447
  46.3663
  51.1466
  42.0228
  43.9348
   50.593
  34.5031
  37.8661
  45.2869
   45.157
  48.5456
  33.0841
  22.4918
  23.0025
  43.1623
  33.6427
  41.3047
  43.9217
  65.8809
  50.5628
  31.8315
  32.0292
  51.0014
   48.329
  42.5404
  46.6345
  35.7326
  45.8247
  47.3836
  54.6401
  39.0033
  44.1051
  49.1743
  45.3542
  50.2288
  53.4342
  44.4733
  15.2392
  11.6293
  9.49607
  19.0369
  10.0643
  6.93681
  10.7066
  13.0144
   12.337
  15.5644
  17.9859
  5.03173
  3.18202
  1.77623
  18.3988
  18.7891
   16.507
  23.2843
   11.308
  8.17147
  5.15914
  19.1578
   10.011
  8.30965
  7.66502
 0.918147
  2.34385
   2.6129
  6.41648
  22.3303
  3.44467
  3.22963
  4.84472
  1.04564
  3.73085
  3.84052
   2.0399
  5.45962
  2.47057
  6.60203
  7.24646
   8.5138
   15.222
  1.02048
  1.12467
  47.8561
  16.5119
  20.8319
  6.99703
  3.78499
  3.64787
  16.5482
  24.4238
  20.4524
  16.8233
  14.1362
  44.8183
  37.6265
  18.2399
  20.1325
  16.0347
  2.03168
  3.33942
  3.29272
  3.27896
  3.62782
  3.23936
  9.69754
  2.66097
  2.76706
  7.35197
  5.74935
  8.93985
  7.55063
  17.3257
  6.43511
  2.87918
  10.1521
   15.941
  6.14931
  17.7613
  1.89849
   11.195
  4.72668
  4.89117
  1.03962
  7.24469
  2.37692
  12.8835
  6.64334
  2.33747
  25.0323
  4.16411
  15.4494
  3.77126
  13.9633
   21.894
  49.2289
  44.9221
  38.9192
  41.5036
  51.0396
  40.3515
    45.17
  48.5766
  35.5303
  42.1958
  34.2436
  33.7104
  21.9205
  40.0976
  23.4832
   12.142
  53.8864
  77.1528
  70.0459
  44.9557
  45.1562
  48.7508
  38.9589
  33.2366
  13.8167
  15.1979
  34.8028
  55.3122
  35.6673
  39.9571
   48.153
  18.1618
  36.1593
  31.9529
  8.90921
  6.04309
  24.8354
  17.5847
  23.6897
  17.4469
  17.3522
  20.3861
    4.388
  17.8061
   4.7941
  5.30386
  5.76272
  17.8674
  10.0436
  49.5874
  49.5366
  44.6799
  38.9564
  47.6873
  48.9849
   42.414
  47.0742
  31.3421
  40.1266
  19.5992
  12.1132
  5.93544
  13.3037
  14.0771
  11.3523
   7.1862
  15.5307
  13.8153
 0.449881
  1.71338
  11.3881
  7.51583
 0.717953
  4.02546
  5.55177
  18.8217
  15.8869
  5.08758
  6.77385
   5.6514
  4.00513
  5.13916
   2.3771
   28.952
  31.6105
  42.7773
  1.19532
  16.2739
  22.7036
  11.3838
  13.1702
  19.4902
  13.2368
  8.13262
  25.4885
  38.4367
  24.3015
  15.0522
  2.24602
  15.0173
  6.79153
  2.29372
  6.86527
  3.13108
  4.46133
 0.740556
  5.66658
  13.1504
  4.24015
  1.12239
   3.3455
   13.908
  10.7323
 0.473742
  22.2459
  21.5377
  19.0091
  6.71441
  16.2855
  13.7506
   4.3244
  15.6456
   43.188
    41.68
  53.9013
  41.8176
  47.1727
  51.7858
   48.033
  41.3253
  38.9788
  46.9142
  47.2759
  20.2889
  43.8176
  49.7605
  26.3176
  41.5762
  50.4326
  71.7204
  22.1217
  41.7689
  39.0071
  46.7804
  40.9428
  33.0569
  28.4581
  12.3178
  52.8747
  45.0611
  59.3473
   8.9319
  42.4542
  50.8245
  18.1421
   54.129
  37.2384
  14.0359
   11.582
  9.00168
  20.2949
  10.4654
  15.1743
  4.72708
  2.67468
  5.12215
  3.19652
 0.681222
  15.8696
  5.44297
 0.859283
  17.6955
  54.5916
  50.7915
  25.4093
  4.39529
   8.7458
  40.1401
  12.8759
  22.1215
  39.4155
  32.3616
  37.5434
  41.7301
  49.2255
  14.9521
  8.84214
  13.7328
  5.32392
  9.94744
  3.91286
  4.45013
   1.9142
    7.511
  3.54323
   22.148
  17.9098
  19.3445
  23.9875
  22.4605
  17.5648
  37.0032
  24.2734
  21.1949
   20.399
 0.792556
  2.42909
  8.95579
  15.6524
  4.37852
  20.0357
  6.09671
  10.6436
  3.88777
   15.874
 0.473742
    25.68
  15.7286
  16.8107
  10.8694
  16.6123
  18.8159
  14.8257
  11.7709
   14.572
  6.35199
   9.2404
  9.00457
  39.5179
  39.2413
  36.8598
  48.3194
  47.7898
  43.0803
  50.1845
  39.2029
   49.701
  46.1968
   18.853
  46.3928
  47.7972
  49.3151
  20.8006
  77.6822
  56.5012
  38.0378
   34.701
  50.1345
  49.4844
  45.2794
  2.33296
  5.26903
  3.67887
  11.2759
  11.5618
  15.0958
  2.92148
  3.13897
  4.60724
 0.756823
  13.7202
    18.22
  17.5419
  27.4106
 0.731947
  49.1084
  61.3706
  22.5883
  28.8537
  32.7321
  58.5758
  45.7539
  8.29917
  28.7125
    27.94
  12.3118
  80.4931
  47.5742
  18.3106
  35.1083
  49.1114
  11.9537
  4.20637
   11.941
  24.7213
  74.9405
  124.153
  35.2722
  41.1244
  55.3479
  72.2235
  3.21402
  14.9671
  21.7635
  26.4498
  15.5008
  72.2668
  77.7603
  85.5051
  14.9487
  26.6106
  9.03341
  56.0571
  57.3735
  6.80844
  49.6921
  50.1618
  4.58719
  17.9884
  16.3337
  12.6348
   18.409
   21.119
  2.03919
  36.7252
  18.7958
  6.89535
  19.9409
  15.3778
  5.65251
  14.3786
  11.1044
  65.5806
  6.66945
  14.0317
  21.5973
   27.114
  14.8551
  1.88695
  8.66715
  40.5518
  32.9732
  75.2101
  76.7094
  8.36697
  21.0383
    19.39
  9.34545
  56.1586
  79.0324
   108.98
  55.5413
  30.2377
  10.0902
  63.0841
  28.4826
  26.3436
  54.8645
  10.9016
  53.6132
  35.4506
  64.8995
  67.5579
  56.2468
  85.5788
  9.30626
  3.50141
  14.9698
  18.4805
  9.03341
  10.0709
  14.9326
  5.48963
  9.77769
  20.1136
  20.8495
  6.82991
  17.1618
  16.1332
  14.9104
  12.8446
  1.41544
  28.8042
   32.078
   36.896
  5.15384
  59.8383
  41.7306
  11.7186
  29.0552
  1.39923
  21.9383
  3.37506
  12.8029
  73.8252
   10.509
  6.53843
  24.4973
   54.101
  40.3385
  30.6736
   20.717
  15.6769
  32.8894
   47.016
  2.59256
  5.31152
  7.90995
  6.55565
  6.07978
  50.3659
  11.3498
  30.4953
  18.8141
  17.4475
0.0679152
  22.2291
  1.74224
   13.501
  16.1149
  8.69437
  43.9512
  12.0467
  10.8688
  47.3702
  38.0866
  21.1095
  2.20697
  12.6744
   20.772
  65.6349
  30.4267
  19.1267
  57.9788
  27.8597
  36.2323
   24.709
  16.6503
   65.763
  53.9064
  16.9034
  6.05792
  22.1515
  49.1464
  38.3883
  2.48087
   13.607
  6.23115
  1.33127
  27.0772
  20.7946
  21.9193
  6.31549
  55.9588
   36.929
  48.8336
  37.4457
  29.5426
  54.2074
  26.7323
  34.4825
  49.3638
  52.0967
  48.4346
  27.0042
  10.3498
  6.83076
  9.94793
  2.05696
  66.9636
  53.8001
  16.3039
  20.6295
  5.59001
  17.4971
   20.977
  22.7084