  4.02625
  14.5238
  23.2877
   6.6736
   9.6103
  14.6724
  12.6161
  19.9661
 0.789976
  7.20593
  5.56276
 0.778041
  15.6923
  16.8455
  40.5628
  49.2737
  7.25695
  7.28499
  4.12936
  13.8967
  5.42072
  1.65148
  9.56912
  6.62978
  1.21443
  11.6072
  6.30344
  3.22883
  22.1689
  25.1148
  33.2553
  28.6297
  3.65488
   37.493
  43.1257
   34.658
  4.92214
  19.6258
  14.6547
  1.69991
  7.54144
    3.527
  10.6593
  17.7342
  15.5392
  11.7042
  10.3381
  13.0733
  12.6914
  4.18835
  15.3019
  11.8413
 0.223504
  58.9285
  61.1958
  62.6229
  54.6403
  17.4907
  17.9452
  15.9357
  10.8832
  3.98267
  5.62041
  7.80846
  30.6602
  54.6837
  59.1587
  22.1407
    16.07
  7.22033
  45.4819
  45.2437
  41.9245
 0.625878
  11.8017
  39.0671
  43.7678
  9.60604
  12.0294
  2.60208
  13.0917
  9.78075
  20.0528
  11.5911
   19.904
  21.4225
  2.03787
  2.72905
  18.4006
  32.0147
  30.3686
  26.9702
  27.9729
  17.2098
  20.8798
  8.36513
  1.06668
 0.600593
  9.68567
   15.946
  5.58973
  8.31096
  5.22774
   8.7007
   0.9742
 0.784164
  4.80848
  5.32959
  13.7907
  30.3019
  19.3322
   1.4354
   11.936
  12.0868
  15.2466
 0.467719
  19.2854
  10.1636
   2.0235
  4.09493
  9.49809
  14.2837
  3.73109
  18.0467
  13.3895
  19.3918
  13.5548
  7.56067
  4.15523
  8.11102
  11.6116
  8.67702
 0.140138
  6.55388
  2.87079
  4.48315
  4.26425
 0.128912
    10.88
  30.6909
  1.49135
  7.64009
  12.7152
  5.03484
  7.06394
  7.55984
  9.97437
  8.84372
  28.2708
  14.1174
  2.58528
  11.4374
  12.5889
  38.6415
  7.00475
  7.05777
  38.4368
  37.1439
  32.3955
  39.5221
  17.8673
  35.4325
  9.88315
  28.0425
  18.9152
  13.0979
  14.4203
  47.1945
   12.096
  4.54635
  1.08238
  14.1031
  25.3558
  38.0034
  22.7809
  5.39992
  34.9332
  39.3988
  62.1295
  45.9402
  6.85459
  12.3493
  35.7365
  21.9388
   19.573
  12.6866
  32.0036
  9.01398
  7.61762
  19.1652
  5.96042
  30.0496
  51.8497
  49.1495
  8.97686
  3.48867
  7.66465
  8.25365
  19.8858
  30.6352
  31.4974
  30.2868
  32.0983
  13.6177
  15.0205
  28.3539
   33.531
  7.00041
  8.42105
  11.9891
  1.17225
  2.54561
  11.6824
  16.3208
  14.8012
  18.5173
  19.8782
  9.03286
  13.9036
  18.9126
  19.0433
   36.582
  21.7333
  3.73254
   2.7365
   8.0265
  15.5954
  12.3773
  18.2913
  55.9397
  61.9828
  13.7051
  38.2382
  32.7672
  1.92612
  7.75288
  4.94661
  13.4337
  60.6726
  46.3365
  9.79352
  26.9466
  29.8107
  29.8094
  37.0685
  43.5413
  8.14715
  36.7426
   9.9685
  13.4174
   17.183
  4.57428
  14.6691
  11.8738
  14.4295
  19.9361
  4.16106
  9.95547
  7.72027
  31.1596
  21.7553
  19.1366
  20.0678
  14.2412
  7.11859
  12.8974
  10.9949
  1.96451
  4.66935
  12.1481
  8.93159
 0.773529
  16.2905
  13.0867
 0.495611
  9.82238
  13.5029
  46.9057
  16.2714
  3.14202
  10.4415
  9.88462
    4.005
  4.62176
  7.65595
  6.87068
 0.368981
   1.5393
  11.2528
  9.32257
  4.41065
  2.56815
  14.3667
0.0992365
  19.5898
  17.7683
  12.1482
  5.86726
   2.3768
  6.87629
  12.1002
  5.37533
  9.85408
  2.61744
  13.8988
  13.7791
  12.1943
  1.87033
  2.19445
    9.496
  3.49127
  6.93041
  31.1423
  17.8569
  29.4313
  23.5323
  20.4586
   9.4333
  14.5535
  3.16898
  16.3737
  13.7705
  7.15618
  31.3707
  29.5096
  33.7808
   39.067
  46.8772
    5.189
  13.3611
  12.8705
   9.7728
  14.2561
  22.1286
  66.1238
  8.50198
   1.1684
  42.0833
  39.5141
  5.36553
  2.21805
  3.12073
  2.70572
  45.3119
  59.5858
  68.7339
  18.2495
  20.0518
 0.142934
  9.02848
  5.58737
  2.49588
  1.88978
  17.3662
  42.5897
  21.7567
  41.0953
  57.9911
  16.1423
  29.4828
   27.109
  10.0763
  47.7764
  15.6048
  11.2818
  2.16376
  1.84645
   39.736
  44.4068
  14.6731
  10.8752
  14.4492
  13.9332
  4.24075
  11.3508
  13.6601
  5.13632
  29.9903
  40.1893
  44.3319
  26.9139
  3.25625
  3.21216
  9.62661
  17.1592
  7.76322
  2.92015
  42.2161
  41.4549
  19.3203
  6.40363
  1.34425
 0.570447
  5.40638
  8.25926
  12.2269
 0.588837
  8.96676
  9.85191
  7.73564
  6.35622
  7.03368
  3.85479
  2.23203
  11.3792
    15.54
  4.58282
  9.73201
  19.7164
  11.3977
  10.9406
  3.29407
  6.34838
  5.69982
  7.00502
  20.6107
  7.71411
  20.8836
  16.2648
  9.25204
  4.43077
  9.74902
  2.33617
   42.263
  1.54858
  7.34723
  7.07542
  8.33112
  1.27852
  25.1172
  26.4035
  31.1572
  18.7995
  24.0221
  28.1221
  17.7588
  3.00503
  12.6195
  5.89525
  16.3978
  7.30484
  7.49522
  9.33694
  18.4046
  31.7284
  29.2796
  9.83028
  21.7721
    7.664
  5.86125
  54.1557
  36.1693
   8.4941
  4.22967
  19.5433
  13.0802
  42.4783
 0.285409
  5.55226
  66.5903
  56.9524
  40.7708
  2.25788
  17.7148
  9.47922
  11.7764
   12.291
  8.05465
  5.36318
  12.0902
  20.0893
  47.7199
  3.80303
  4.93365
  42.6502
  15.4118
  45.1603
  20.3142
  1.96649
  32.0315
  35.6583
  47.6726
  4.87797
  15.5273
  6.43869
  8.66449
  30.0614
  29.1863
  39.7078
  26.2687
  2.07076
   9.4642
 0.334862
  2.18861
  3.89787
  37.5301
  10.5942
  1.33288
  6.82784
  11.2686
   3.0566
    3.253
  27.1333
  2.78886
  5.89587
  26.7699
   20.093
  9.22194
  19.0437
  7.75046
  19.3922
  10.5731
  5.15761
  33.8192
  19.3666
   16.011
  4.26982
  9.13874
0.0115861
  29.5035
  31.3541
  30.2533
  18.9061
  3.70235
  14.0588
  19.1787
  3.00474
  16.4938
  18.2047
  6.47536
  10.1674
  12.7429
  21.5316
  19.6028
  29.7651
  11.6777
  3.41192
  2.83239
  29.6759
  12.4451
  5.69551
  4.72768
  3.95716
  29.7074
   23.159
  63.4759
  57.5805
  2.36113
  1.96292
  3.56347
  16.1576
  3.72784
  46.5733
   66.248
   41.156
  27.1629
  6.31507
   5.0611
  41.8446
   9.7867
  20.9378
  4.99688
  29.9172
 0.812006
  40.0937
  8.02607
  9.16395
   2.9128
  10.2175
  19.3876
 0.813146
  28.2126
  27.2439
  54.3579
  54.1549
  55.5489
  80.5778
  74.7964
  13.2501
  31.4926
  45.3011
  34.3761
  94.5124
  14.3537
  44.4211
  57.7989
  25.7988
  17.8086
   22.794
  9.29516
  40.1932
  95.5332
  157.356
  52.0825
  11.6151
  109.279
  20.2758
  4.83462
   15.122
  2.95182
  36.4878
   40.426
  109.479
   131.91
  34.5315
  26.1166
  1.12962
  102.566
  31.8987
  31.3484
  37.5385
   34.916
  11.7112
  10.6293
  12.0875
  1.22002
  12.8558
  39.9469
  8.20478
  31.8805
  45.1572
   3.2102
  21.8698
  43.2381
  52.7528
  7.84803
   45.445
  35.7402
    53.71
   40.779
  39.7981
   36.021
  8.16794
  66.6746
   32.819
  107.168
  105.681
  8.35895
  12.4512
  10.5114
   7.9188
  20.8229
  114.156
  145.496
  79.2329
  6.23652
   14.171
  27.7622
  46.0297
  39.6184
  18.0196
  68.7621
  1.54629
  69.2172
  55.6409
  43.6337
  71.4672
  33.1662
  23.4489
  116.266
  40.5713
   45.259
   15.035
   8.1523
  1.12962
   14.431
  6.98179
  1.76344
  6.33571
  5.75233
  37.9142
  4.70442
  8.87716
  43.0311
  63.9025
   44.622
  70.0106
  54.7212
  63.9135
   25.225
  21.5678
  8.70568
  31.1789
0.0943492
  7.23786
  5.71882
  11.8566
   102.55
  18.6445
  1.67096
  14.3809
   65.317
  60.3593
  52.0767
  50.0382
  55.4589
  47.6586
  88.0898
0.0502408
 0.141772
  6.22182
  10.6972
  6.63995
  1.96123
  58.8567
    11.64
  48.1685
  25.0027
  31.0413
  24.9219
  37.8347
  38.6939
  29.0141
  57.9568
  33.3912
  48.9441
  61.3665
  58.2616
  38.0403
  28.7448
  59.7033
  86.5714
  51.2368
  34.0285
  57.5191
  86.8858
  23.3586
  45.8456
  98.0283
  32.0253
  24.0707
 0.590231
  33.7859
  34.5993
  87.2563
  65.8594
  7.26635
  12.2821
   29.922
  34.5259
  29.6414
  33.6595
  38.1119
  14.7472
  59.4593
  89.9688
  26.2004
  39.1595
  57.0952
   48.085
  57.1966
  85.1195
  63.7512
  77.4974
  44.1417
   18.828
  34.7648
  16.5145
    15.23
  84.4598
  69.7432
   37.594
  51.4516
  34.6127
  29.6765
  30.1027
  35.3516