 82.8652
 82.9474
 67.9751
 49.2112
 69.4618
 68.0712
 46.1737
 49.0695
 52.1539
 83.0101
 80.6525
 88.2118
 89.2705
 69.8982
 50.4104
 62.3112
 33.6545
 33.1722
 72.7754
 47.8798
 47.5524
  50.305
 51.1894
 15.8883
 15.7259
  32.399
 32.9194
 51.0374
 49.2898
 41.0172
 43.4139
 41.5362
 49.1805
  40.329
 47.2075
 46.7076
 48.0297
 53.4288
 42.7315
 29.4015
 13.2276
 13.4999
  13.726
 67.9989
 86.8177
 86.7618
 89.1997
 59.3423
 50.0416
 52.1867
 47.0841
 45.9935
   86.29
  85.333
  79.253
 79.5931
 79.7639
 39.7408
 38.5282
 36.6693
 24.0546
 21.9322
 13.8143
 71.8775
  71.151
 73.3953
 68.7521
 68.9536
 49.1271
 45.9319
 46.4543
 50.0421
 50.3026
 88.3701
 72.3961
 48.7445
  44.981
 44.1257
 71.8852
 68.1782
 70.1095
 43.0455
 48.3987
 48.8961
 48.2672
 48.8699
  49.626
 45.0797
 89.3609
 73.8335
 68.6932
 82.4972
 47.7665
 49.2975
 53.4547
 49.9968
 58.3528
  44.747
 45.7891
 46.0698
 24.7118
 30.8755
 60.4722
 73.0113
 34.0656
 37.0334
 44.5523
 44.8795
 33.6385
 51.3979
 39.2196
 33.4986
  35.125
 33.9481
 39.9112
 23.6596
 80.4189
 73.5743
 64.7907
 73.0981
 72.1771
 47.9093
 57.2967
   54.64
 53.5365
  62.807
 64.6009
  25.855
 11.3429
 57.2543
 89.6697
 72.1386
 79.7264
 89.9332
 85.4565
 12.4653
 18.4306
 13.5119
 55.9395
 61.1311
 75.7777
 88.5995
 31.9917
 32.2017
 39.7852
 39.7022
 47.7901
 42.3997
 26.1599
  43.464
 50.8431
 63.5447
 22.8009
 42.6508
 89.4292
 77.9257
 78.5506
 85.2558
 58.5583
 89.6966
  88.711
 62.9448
 63.5213
 50.1284
 19.0111
 49.3423
 11.9805
0.756664
 76.5798
 89.3458
  38.928
 39.6775
 30.8574
 12.2678
 49.0193
 36.2536
 23.3204
 41.5983
 86.9741
 86.2523
 52.2777
 81.3788
  19.442
 16.6147
 12.2169
 31.8022
 48.7972
 46.9758
 86.2714
 42.4132
 83.7094
 25.6131
 59.2078
 89.6697
 57.5173
 48.4613
 49.8004
 53.1867
 47.8375
 45.8472
  89.406
 66.5563
 70.9458
 72.4377
 73.2098
 74.2383
 23.5689
 21.6364
 31.7038
   33.04
 26.8798
 25.6291
 24.0729
 37.5993
 31.3657
 83.4467
  84.274
 75.9677
 78.2084
 53.0807
 71.2047
 49.2522
 46.1772
 66.8474
 63.3348
 89.3712
 81.1166
 80.6623
 51.6341
 50.6424
 48.4278
   48.31
 45.2598
 77.1255
 43.1516
 43.3935
 42.8971
 44.9943
 79.9557
 81.5961
 67.7773
 71.7729
 49.7683
 42.5328
 45.7219
 13.8146
 24.7118
  23.222
 17.6226
 45.1383
 43.4944
 38.2335
 33.2473
 46.0267
 48.6082
  43.289
 33.5566
 71.5319
 68.9233
 52.6191
 73.1385
 49.9706
 89.6354
 49.8395
 47.7695
 54.7062
 79.0126
  70.886
 10.1014
 35.4284
 88.0025
 79.7265
 89.2196
 88.7649
 19.3679
  17.269
 14.3252
 79.0171
 76.4219
 36.5023
 32.9795
 41.4425
 24.3069
 23.9768
 50.8431
 45.2957
  25.984
 75.6754
 27.6395
 79.6374
 22.8009
 50.5966
 31.6251
 66.5749
  74.511
 23.7262
 20.5504
 38.0075
 88.8635
 76.3643
 45.1657
 41.5758
 68.1536
 64.2339
 23.3435
 33.4125
  43.097
 42.5496
 41.6627
 28.6597
 28.2767
 24.8781
 29.5165
 61.1577
 48.0986
  56.829
 41.7622
 40.6863
 32.2629
 20.4886
 14.3231
 50.9033
 88.7035
 55.1764
 53.6187
   43.68
 48.6072
 48.5225
 48.2137
 47.1819
 21.2936
 34.5303
 24.0729
 21.9259
 21.7724
 18.8322
 74.6334
 80.3121
 73.8501
  66.211
 67.5702
 46.8307
 48.6392
 70.1431
 49.3089
 51.7407
 41.3487
  49.781
 46.0238
 74.8276
 33.4304
 44.0546
  40.357
  79.656
 67.8771
 55.7777
 71.0645
 59.1103
 83.8082
 72.9492
 49.9781
  87.412
 36.4098
 29.4711
 21.6438
 33.2272
 17.4207
 33.2527
 39.9276
 38.9701
 78.5506
 50.6911
 71.0657
 63.0806
 54.8212
 85.0857
 47.7756
 48.4955
 47.5556
 51.3498
 52.9326
 52.2291
 48.6322
 81.7803
   47.26
 87.5227
 48.1656
 55.6862
 32.3226
 37.3641
 21.4441
 45.6859
 50.0476
 46.1294
 50.9358
 37.5536
 36.5023
 36.8175
 42.4573
 29.3487
 44.3287
 27.7034
 23.2366
 24.3303
 33.7891
 21.9429
 24.0118
  42.627
 19.4469
 74.5117
 50.2599
 17.0421
 15.3756
 78.1933
 89.6697
  14.952
 68.9462
 44.6116
 69.2012
 51.4531
 45.9206
 73.9592
 29.6283
 23.7262
 33.7968
 38.9014
 40.1748
 64.4566
  41.433
 41.4491
  62.684
 45.1657
 46.6323
 77.0558
 82.9015
  85.138
 48.1257
 14.2997
 22.3416
 15.0435
 39.0281
 43.2181
 28.4381
  38.965
 26.5975
 24.2954
 44.6778
 40.3724
 38.7287
 89.2423
 86.4578
 43.3474
 43.0931
 47.2066
 50.1343
 48.0016
 39.8459
 63.0404
 48.4987
 41.0323
 40.6701
 49.4556
 47.7999
 41.1377
 70.7947
 55.2911
  55.502
  63.055
 75.5433
 72.2756
 47.8947
 82.4306
 89.6629
 58.1202
 22.7669
 25.1023
 36.7111
 32.8165
 35.6129
 34.8291
 73.9296
 54.9879
   53.45
 69.4875
 51.4177
 51.8588
 49.3322
 68.7045
 47.2294
 47.1697
 45.9138
 44.5193
 63.7828
 57.4861
 53.0346
 56.7178
 44.0002
 48.4892
 68.2985
 23.0104
 11.7133
 13.2754
 45.2262
 43.2239
 38.3664
 46.9205
 34.8793
 37.1804
 46.0848
 61.5559
 26.3136
 47.8562
 36.2624
 8.50212
 32.6872
 50.2753
 25.7804
 37.3837
 17.4771
 41.8471
   58.42
 10.2575
  43.241
 51.5285
 70.2904
 86.4076
 45.1994
 38.8973
 82.3343
 22.5004
 23.2837
 29.6157
 35.0532
 40.7012
  31.854
 35.9466
 32.7415
 31.9011
 59.8027
 54.0022
 86.0486
 58.5517
  44.438
 44.2076
 50.4635
 73.8721