 2.85988
  2.8247
 23.6711
 27.8124
 1.51104
 3.51554
 14.3577
 21.7199
 5.78793
 9.06427
0.233909
  7.5064
0.567102
 3.55264
  26.372
 3.23467
 2.44486
 10.5192
 7.38909
 2.77667
0.682074
 11.8258
 11.7159
 6.63433
 8.13823
 34.8293
   19.47
 25.0797
 9.93391
 5.04737
 30.2657
 32.8483
 34.5088
  2.6234
 34.1215
 29.2859
 17.0672
 3.76902
0.946338
 10.4672
 4.37197
0.300629
 1.51024
 8.59577
0.713609
 11.9953
 9.40679
  5.9639
 2.24812
  4.0694
 2.07121
 7.75517
 14.4555
 13.4156
 1.99565
 4.66601
 1.63425
0.937468
 7.21862
 1.91565
 4.24129
  6.7888
 9.62796
 9.29692
 10.4985
 2.74074
 6.33992
 1.53264
 3.21597
 13.5249
 11.2911
 2.14233
0.916308
 1.37439
 3.44388
 15.1126
 13.8176
 27.9507
 31.8978
 33.1969
 16.9258
 29.4257
 4.31359
 26.7399
 25.6723
 26.9188
 15.7268
0.235772
  2.9461
 4.02753
 6.40313
 6.81224
 6.29562
 5.18765
0.553108
 16.2894
 1.34729
  5.5983
 6.34584
 2.05768
  5.9277
  9.3256
 2.17771
  8.5423
0.857587
 2.16395
 10.2465
0.822348
0.448972
 1.96565
 5.68992
  11.103
  1.6652
 3.68786
 3.36506
 20.7073
 24.8014
 15.1264
 31.6941
  31.183
 26.5087
 6.21515
0.310128
 2.41392
0.950025
 10.1171
 13.9597
 16.9361
 2.31072
 1.45062
 3.53367
 6.60441
 1.14062
 7.77004
 1.48311
  7.0968
 15.3091
 7.49041
 10.6341
 2.30178
 16.9847
 9.57841
 4.28525
 6.51546
 4.43662
 2.08587
 5.27115
 10.4272
 3.55445
 1.60116
 2.52243
 1.62229
 5.23157
 18.3548
 17.9192
  33.354
 3.54543
 22.2068
 31.9427
 13.5284
 25.1957
 2.30511
 7.05671
 21.6889
 31.4273
 12.1829
 2.22188
 29.2511
 6.68252
 9.07127
 1.95838
 7.67917
 25.7447
 12.7352
 4.20256
 2.38519
0.403914
 13.3413
 0.51735
 6.59279
 33.9817
 5.00219
 13.7087
 2.65186
 7.57409
 3.11862
 1.84108
 1.40109
 5.01908
 1.07566
 11.1588
 7.72882
 5.11965
  4.3433
 4.63408
  16.739
  5.5832
 8.64007
 7.72934
  4.5928
0.686109
 10.9853
 7.53979
 5.50974
 13.2468
 8.52036
 2.48887
 4.74189
0.740123
 11.1565
 2.26092
 27.0692
  33.779
 13.0986
 29.7717
  21.834
 5.35363
 2.80168
 5.43258
0.952865
 7.21307
 5.10209
 29.6544
 35.8827
 2.00037
 30.0919
  4.9955
 6.48037
 28.7932
  10.404
 24.7591
 5.69266
0.847077
 10.1349
 2.18764
 3.69533
 35.9688
 2.91011
  8.1702
 40.3228
 5.33689
 8.63979
 4.25502
 5.54377
 36.4123
 19.7032
0.506813
 2.05191
 7.16145
0.198427
 19.9298
 1.15857
 7.40927
 1.54556
  11.254
 5.25211
 4.65056
 5.19078
 28.7509
0.452408
 1.33258
 9.14413
 2.48832
  26.595
 27.0912
 11.4698
 9.10222
 10.5872
 9.91104
 21.7345
 26.7721
 33.2739
 7.11696
 14.2404
 10.3199
 1.90659
 4.10951
 10.0808
 14.4192
 35.7447
 24.1706
 37.5033
 39.1455
 32.7922
 90.5483
 22.8696
 6.39003
 85.2389
 26.7238
  30.318
 122.367
 42.6257
0.278495
 6.99541
 74.0513
 29.6514
 17.8547
 38.2457
 4.77355
 79.8999
 96.2059
 21.4449
 10.4095
  4.7933
 43.3834
 60.3569
 1.56442
 3.17457
 22.3628
 39.5028
 1.68676
 41.9816
 43.6907
 24.4322
   36.72
 31.3048
 20.9044
 18.5402
 87.5511
 87.5212
 26.9763
 1.35663
  95.263
 104.787
 79.8269
 35.2812
 4.51412
 7.68055
 77.4717
 2.04401
 77.7326
 59.3058
 62.1123
 69.1903
 8.06312
 5.31249
 95.5437
 23.5408
 37.7026
 38.8938
 23.7309
 28.0724
 31.2231
  5.7579
0.414595
 15.6946
 43.5963
 21.8509
  46.528
 49.3899
 38.1968
 3.77289
 21.3652
 16.8624
 30.3706
 8.67699
 83.2363
 30.1167
 20.6456
 65.0712
 57.0445
 57.1656
 50.5659
 1.78096
0.273017
  2.2087
 31.9261
 8.88659
 34.9119
 25.7359
 70.3532
 55.6665
  50.174
 32.5715
 74.7849
 87.2326
 56.7733
 47.6717
 14.0616
 58.8029
 37.4762
 72.0158
  37.038
 72.5432
 7.97891
 13.1742
  42.083
 78.3721
 59.0668
 55.6441
 23.1988
  19.661
 35.1428
 6.90139
 63.1003
  55.289
 23.2644
 48.4876
 30.0003
 24.5337
 66.5725
 52.6282
 50.1937
 80.5968
 61.7693
 75.9356
 35.9982
 77.4292
 66.2713
 25.6799
 27.2778
 42.5591
 45.6027