 16.7604
 9.78433
 7.90495
 15.7417
 4.27127
0.822935
 10.6889
 9.17654
 4.50082
  19.641
 35.9402
0.692836
 4.51452
 11.4892
 12.2593
  12.449
 12.7627
 12.2735
 14.6269
 7.06055
 29.1088
 26.0075
 26.7751
 35.2135
  16.364
  13.118
 5.08135
 2.32781
 4.40141
 6.02064
 13.4069
  4.5791
 15.4961
 7.53173
 9.28068
 9.39212
 3.23046
 9.73842
 12.0788
 1.84976
 2.06196
 7.47202
  6.1473
 7.06859
 9.98566
 19.6495
 2.69313
 9.51859
 14.8805
 4.18788
0.724542
 9.40339
0.653251
 6.88122
 18.3968
 6.78716
 16.8513
 9.10927
 12.4154
 13.5243
 19.2237
 12.7796
 11.9094
 3.27072
 20.0956
 24.5811
  20.064
 4.18141
 39.3357
 15.8793
 28.0271
 14.4689
 9.99823
 21.1089
 6.23529
 9.51736
 3.19001
 29.8475
 9.29243
 5.83686
  13.846
 1.86846
 3.58663
 8.12147
0.666935
 14.4645
 14.2532
 4.85414
 13.6188
 10.1089
 13.8384
 1.86017
 12.0585
 8.50123
 7.49687
  12.006
 15.8077
 21.1838
 19.7891
 1.08193
 3.27613
  2.8976
 10.7868
 1.38458
0.380516
  6.5053
0.549292
 7.15207
 1.32829
 10.6973
 8.60419
 15.1867
  12.098
 3.54162
 2.31981
 8.57301
  6.7152
 8.47097
 16.0161
 6.60696
 0.74145
 6.97768
 18.4222
 40.2336
  11.331
 12.0661
 3.24731
 20.2843
 23.9983
 13.9059
 13.6363
 18.0261
  25.717
 31.9787
 16.4661
 9.72241
 5.67574
 17.2288
 10.7181
 1.60161
 18.6291
 21.7636
 33.7266
 20.1096
 4.22748
 17.9935
 15.1937
  2.3331
 9.76749
 18.7095
 34.7464
 16.4294
 5.73358
 15.4919
 15.2511
 2.36892
 12.4928
 3.26876
 8.42774
 8.86019
 3.42089
 3.75515
 20.0162
 19.6498
0.539714
  6.6692
 3.54326
 4.04434
 4.11092
 9.23977
 5.38812
0.370778
 23.9195
 4.51178
 5.96128
  7.3039
 18.4357
 9.83397
 33.4086
 29.4284
 17.7512
 1.34627
 5.75974
 12.9589
 13.9127
 6.44257
 5.21144
 24.1731
 14.0583
 6.19473
 24.2962
 16.5604
 8.83143
 7.19246
 10.8508
 7.51279
 21.1037
 8.17109
 6.49283
 6.84496
 24.9265
 21.5827
 1.61755
 7.60225
0.708212
 9.59484
0.317786
 2.28774
  6.5099
 11.1654
 6.41423
 2.46192
  1.6332
 2.17656
 3.49386
 7.76158
 11.9099
 22.4044
 20.3609
  8.5019
 4.70402
 9.94566
 4.90029
  23.674
  12.006
  3.3015
 8.70059
 1.23939
 7.82337
 14.3225
 13.1851
 10.6413
 67.3006
  71.489
 78.2041
 63.1865
 146.232
 10.8668
 26.6129
 131.543
 208.894
 95.9793
  12.901
 16.3347
 137.056
 45.9712
 1.09748
 7.77612
0.434143
 142.142
 161.873
 17.6284
 2.95803
 18.1605
 53.5761
 127.699
 5.97304
 14.4307
 15.9762
0.543865
 58.0937
 82.8623
 74.5343
 55.3809
 72.5443
 60.5983
 12.5008
 57.7233
 22.5214
 2.91341
 147.795
 136.818
 109.249
 18.5493
0.477153
 163.046
 192.911
 130.519
 12.0984
 11.4591
 11.4426
 118.241
 20.7036
 117.122
 97.0534
 89.9162
 126.682
 16.3656
 4.51969
 171.931
  56.591
 55.1761
 49.3126
  12.345
 15.3809
 16.9338
  19.766
 81.1685
 43.6292
 111.145
 91.8083
 33.3187
    13.7
 3.91434
 134.318
 53.8236
 1.39289
 122.477
 103.436
 93.7134
 118.216
 23.5283
 20.0652
 17.3769
 14.3858
 58.9932
 59.2261
 111.874
 100.614
 85.8648
 62.8512
 94.4881
 126.539
 113.938
  76.978
 9.31378
  104.55
  4.2346
 80.4884
 73.9424
 129.109
 5.78622
 42.0298
 52.6338
 70.8464
 128.404
 103.827
 55.2461
 32.9636
 16.6526
 88.1047
 84.6119
 127.358
 7.11451
 1.60407
 118.451
 89.4756
 101.553
 131.627
 120.769
 126.059
 76.4818
 63.9286
 130.862
 122.875
  65.882
 69.7235
  58.846
 70.4255