  32.0688
  30.0039
  59.5186
  57.7456
  1.07797
  29.3155
  17.2115
  23.0008
  15.7613
  18.4887
  28.4352
   22.827
  26.4403
  14.1041
 0.852234
 0.591299
  8.61373
  7.01464
  26.3849
  8.77642
  6.25184
  12.1984
  30.7628
  23.4263
  7.58848
  11.1832
  8.55112
  12.5086
   8.9644
  3.23204
  1.86182
  3.60293
   6.9897
  42.8147
   35.851
  36.4073
  49.1157
  46.4979
  38.0468
  36.8162
  37.1088
   26.478
  25.5057
  5.65428
   4.3849
   9.5364
  14.8247
  9.79698
  47.8455
  28.4474
  32.2981
  29.9336
  25.6491
  30.7964
  32.7248
  22.1221
  24.7676
   32.877
  52.2734
  53.0754
  53.0814
  44.8254
  50.5557
  60.8334
  62.6065
  63.4787
  9.44531
  2.75807
  7.67214
  8.13205
   27.219
  20.8174
 0.683742
  23.4391
  23.3401
  16.5372
  12.7346
  7.96854
  2.99908
  14.9421
  10.0398
  3.24026
  5.39798
  12.9781
  28.3424
  26.2212
  29.8095
  37.1373
    22.41
  22.1294
  26.4495
  30.4058
  47.8395
  47.6195
  38.7587
  37.5929
   36.632
  41.9231
   44.876
  25.7524
  27.1999
  30.4736
  22.6253
   24.588
  23.0584
  23.6891
  26.3903
  23.9362
  22.4705
  5.05955
  5.80192
  7.15438
  6.28075
   6.9129
  11.3232
  13.0301
  16.8845
   14.359
  17.5235
  10.0293
  8.02904
  7.64058
 0.575183
  4.90896
   24.553
  6.85828
  14.7841
  10.7385
   30.838
   16.052
  18.4102
  16.4956
  10.6086
  10.8272
  14.6411
  19.4226
  18.4995
  25.1242
   22.577
  13.0497
  17.7555
  19.8227
   21.764
  22.0562
  23.3684
  23.7843
  15.4695
  25.2787
  21.8185
  14.7391
  19.2496
   18.164
  9.77224
  6.23163
  8.12132
  27.8852
  9.41643
  15.1409
  12.1099
  14.7163
   8.5525
  8.35219
  24.9152
  45.7111
  45.2874
  41.2889
  43.6085
  20.9059
  23.4687
  27.7714
  42.1021
  34.6267
  34.9989
  34.4109
  35.9299
  6.89533
  1.05995
  4.02414
  3.78683
  9.92373
  3.15266
  8.33007
  4.61346
  3.53224
  9.07271
  10.0145
  7.04928
  7.15289
  6.31068
 0.352764
  1.71333
   1.8321
  6.66776
  7.04259
  8.77433
  1.80782
  9.18543
0.0825812
  4.88779
  59.0233
  30.9074
  52.5725
  64.9522
  59.9261
  49.4692
  15.6608
  24.7319
  9.01784
  14.0304
  8.54975
  12.2184
  4.03252
  55.2293
  23.0738
  43.3712
  30.1263
  34.0936
  32.4925
  14.2849
  8.97558
  12.5238
  8.73089
  24.7106
  9.50236
    14.51
  25.5805
 0.710692
 0.127209
  5.47326
  5.85548
  4.41663
  16.4119
  14.7969
  14.0172
  13.3381
  9.29748
  9.40176
  14.6196
  8.68236
   12.843
  33.7962
  44.7091
  41.6268
 0.257517
  0.60782
  9.57414
  12.1757
  7.99115
  2.15664
 0.836713
  36.2204
  36.9474
  31.8555
  31.8545
  19.7342
  24.9289
  55.4622
  55.7887
  9.15749
  2.70009
  9.58344
 0.900755
    2.225
  8.02943
   22.659
  27.9357
  19.1171
  6.41093
   7.7186
  8.64718
 0.301548
  6.36546
  3.55017
   7.9786
  2.81181
  3.36508
  6.56783
  38.7185
  53.2893
  21.2483
  27.1764
  42.9246
  48.3742
  45.4882
  46.4041
  44.7183
  31.2046
  34.5622
   41.633
  34.8264
  36.8372
  23.5682
  22.0382
  17.7738
  24.5135
  19.1676
   4.6521
   3.3824
  7.61591
   8.1827
  4.84468
  2.34089
  8.05519
  11.1172
  15.9659
  10.3624
  11.1834
  9.59689
   15.936
  10.0768
  8.00207
  30.3591
  31.1263
  29.2962
  4.26733
  6.82074
  15.0087
  17.0541
  15.6697
  23.1067
  12.6795
  23.0846
  25.1774
  23.5041
  22.5016
  23.3484
  12.6781
  14.7731
  13.6971
  14.5761
  17.7233
  10.4515
  15.7648
  28.4954
  11.9447
  12.9066
  16.3031
  10.3625
   9.1881
 0.522262
  8.29591
  24.5891
  5.38524
  7.49512
  10.7019
  11.6021
  12.6143
 0.145462
  13.8995
  8.57394
  3.28825
  45.0179
  46.0858
  20.9944
  24.9608
  27.2262
    20.12
  35.9385
  39.7353
  34.9539
  30.8633
  34.3986
  42.1036
  40.3793
  34.4639
  44.9294
  19.8199
  15.2329
  18.7339
  26.4495
  47.5257
  2.06054
  8.56439
  7.19302
  7.34329
  14.5881
   15.033
  7.65261
  7.94819
  2.49339
  3.96031
  3.13269
  5.96718
  6.56074
  1.92866
  5.39838
 0.241138
  4.00984
  54.6751
  9.67547
  4.71676
  45.0343
  63.5428
  30.7288
  28.8279
  49.5357
   23.788
  33.0379
  48.6557
  25.8004
  3.32318
  3.43892
 0.254752
  5.78436
  23.6991
  3.88519
  9.32188
  13.5736
  35.6287
  26.3791
   8.8257
  20.1681
  12.2862
  8.43587
   62.871
  48.0726
   37.508
  37.3638
 0.996882
  26.9629
  26.9645
  48.2781
  21.9639
  10.4882
  27.9563
  5.69241
  3.91862
  4.06183
  1.21694
  18.2605
  26.5643
  35.8537
  20.9887
  22.4848
  31.3658
  35.2023
   41.806
  44.7831
  20.1082
  21.1301
   27.124
  23.6792
  45.4417
  9.22497
  10.0102
  12.8586
  17.5955
  17.6377
   15.163
  8.52179
  17.2144
  9.67823
  21.3339
  29.3072
  15.5783
  13.1824
  10.1577
  17.2211
  11.1004
   17.902
  19.8833
  22.7541
  15.5801
  20.5014
  19.5613
  22.0457
  16.8737
  14.7856
  16.5338
  17.5967
  9.26622
  5.60077
  3.38063
  10.4488
  8.22328
  9.73578
  6.29713
  10.2987
  1.46045
  7.64353
   10.932
  9.84618
  9.87333
  21.6269
  35.3907
  31.1749
   30.015
  25.1873
   36.763
  38.4798
  34.5746
  37.5396
  8.04175
  8.22188
  4.53048
  10.2948
  8.56188
  4.66244
  10.4089
   7.5646
  14.5986
   23.831
  6.81022
  8.15194
  3.62853
  15.2072
  4.43261
 0.724473
   7.9816
  36.8941
  20.8567
  24.9769
  30.8744
  32.2002
  31.0221
  53.5701
  49.6299
  49.2427
  53.5203
  4.11783
   4.8349
  4.97993
  12.0747
  4.67489
  26.3952
  8.79215
  3.20672
  38.8265
  20.7556
  21.7272
  16.5309
  40.1505
  43.5879
  34.6869
  55.6321
  42.8615
  3.53807
  16.4466
  11.3557
   13.591
  3.90515
  6.01194
  5.47449
  4.91537
  4.62998
  63.8484
  27.5458
  13.0178
  42.6927
  6.86662
  33.9364
  36.9318
  6.09788
  2.77153
  20.3219
  25.3032
  10.3647
  13.9072
  14.7956
  9.01534
  11.2415
  11.8368
  3.08082
  3.46574
   24.266
  20.3785
  22.7458
   23.368
   21.405
  10.8877
  10.2881
  22.2277
  7.61773
  8.79245
  6.83699
  7.59568
  6.13419
  48.6406
  39.1302
  21.8267
  26.1843
   28.345
  31.3288
  35.3907
  31.1709
  29.7781
  27.9617
  25.1244
  34.9721
  39.3162
  32.9647
  40.9132
  42.3337
  19.6579
  21.2397
  24.7613
   8.9579
   8.3405
  8.50948
   10.147
  13.1274
  2.70495
  6.06674
  2.52371
  2.23565
  30.2771
   28.165
  32.0884
   31.883
  39.5396
 0.198286
  1.20993
  0.73558
  3.87303
  12.8934
  4.56943
   7.6585
  23.6526
  25.0234
  21.6681
   38.579
  17.6853
   38.152
    42.47
  16.6543
  3.94004
  12.7912
  23.4701
  18.7374
  20.4903
  13.6121
  25.2484
  5.27625
  11.3341
  59.4021
  5.28868
  17.4764
  11.1409
  29.5862
  37.9439
  36.6523
  27.3001
  14.2192
  10.7889
  10.5416
  22.5919
  14.3582
  15.9893
  10.1034
  13.5893
  49.5532
  52.9547
  47.1087
  7.96154
  8.53193
  21.3131
   0.6388
  4.08465
  16.0838
   16.083
  2.31512
   12.107
  16.0512
  23.8957
  14.4275
  18.7334
  19.2453
  6.90027
  15.0152
  9.06035
  9.98511
  26.7156
   9.0315
  3.44405
  20.0174
  9.33837
  5.36195
  25.7439
  37.1717
  33.9307
  18.7103
  29.5169
  26.4189
 0.514341
  15.7968
  12.6954
  9.05219
  8.96314
  9.57629
  3.89057
  2.70655
  7.78832
  17.5544
  9.66775
  23.6022
  7.54817
  14.6061
  11.5668
  7.18214
  66.1952
  17.4033
  23.8687
  1.59274
  9.56713
  45.5193
  9.43898
  63.2882
  12.0868
  64.1112
  42.9087
  45.4016
  58.5797
  3.11402
  2.66036
   22.949
  26.4671
  17.1844
 0.561104
  23.8957
   22.932
  2.37046
  13.1928
  11.5172
  15.2134
  7.68912
  10.4874
  14.4289
  9.98472
  44.7075
  31.4217
   15.206
  37.5125
  14.2058
  58.6305
  1.48535
  5.68357
  9.85322
  2.14676
   19.024
  17.5015
  22.3576
   12.811
  50.8291
  26.9264
  8.19222
  8.30123
  58.8696
  58.8148
  42.5221
  5.38528
  16.1398
  16.4675
  1.28163
  18.7883
  11.6462
   8.1485
  11.7396
  39.1822
  57.8947
  10.7384
  10.5818
  10.0218
  10.9008
  10.8292
  8.14707
  4.40881
  3.03889
  1.98085
  12.7069
  32.2768
  33.2682
   51.385
   58.862
  42.3419
  21.0802
  44.7851
  41.5803
   68.401
  52.0505
  42.7256
  3.00697
  42.1922
  7.81322
  42.6037
   35.086
  17.1951
 0.843362
  8.85061
  14.2447
  36.2345
  59.1488
  57.2792
  18.9832
  4.01219
  2.15799
  11.0881
   53.787
  12.6725
  12.3085
  6.60808
  6.99206
  16.8065
  42.0021
  42.4543
  53.2143
  6.53516
  13.5627
  58.3133
  39.0674
  46.2604
  67.0947
  56.3984
  62.4801
  38.6796
   31.625
  16.1992
  8.11809
  14.1572
  64.0128
  56.2323
  12.0067
   31.332
  28.8871
  32.4015
  13.0371
  7.77218