   3.12816
   7.03898
   85.5459
   84.6206
   5.83436
   36.4132
   29.6104
   35.1268
   23.3656
   20.5414
   30.2139
    25.182
   15.0872
   11.5035
   41.6454
   41.8741
   29.5325
    37.655
   41.3401
   36.0727
   32.1975
    40.108
   28.9472
   19.6987
   32.7989
   46.7355
   30.7815
   36.7711
   34.8876
   43.8989
   19.4431
   15.2815
   10.7239
   9.89475
   55.5417
   56.8948
   55.6898
   35.9074
   35.6598
   12.6385
   6.47286
  0.716129
   20.7811
   2.60009
      2.94
   13.6139
   50.1031
   3.94118
   6.94576
   18.9493
   6.22557
   9.18821
   1.79483
   6.29614
   3.78016
    8.5468
    71.286
   75.1859
   71.5539
   27.4443
   10.4885
   89.1155
   99.3992
   94.1938
   10.8837
   22.5055
   10.7825
   14.7935
  0.481283
   5.06148
    11.727
     1.624
   6.31912
   4.70128
    45.047
   44.1378
   26.3697
    26.215
    3.2142
  0.905523
  0.840592
     9.143
   7.90827
   37.6088
   34.4853
   36.4568
   31.8251
   31.9116
   32.7512
   41.1265
   51.8057
   55.4211
   54.6473
    61.986
   57.6609
   1.16993
   10.7115
   39.2497
   29.4968
   34.7433
   3.86866
   28.6269
     32.52
   33.8003
   29.5544
   16.8682
   19.5239
   17.0142
   15.9543
   14.8969
   14.8428
   19.1802
   36.2174
   29.3156
   38.4772
   32.2224
   25.8967
   29.2669
   37.5769
   23.0685
   36.6131
   29.9249
   28.9086
   40.6416
   40.9823
   19.4619
   10.3858
   21.1389
   9.73814
   21.3822
   14.0294
   10.1154
    8.8113
   14.3829
    27.408
   31.6115
   3.48914
   2.51617
   38.5744
   23.5724
   21.4241
   29.4377
     26.11
   23.9674
   27.4009
   30.5546
   34.1638
   16.3978
   36.5151
   20.7965
   28.5579
    31.147
   18.8785
   17.5026
    28.986
   19.1169
   30.0289
   35.2922
   44.4647
   27.7264
   13.6487
   47.9359
   38.7379
   17.1981
   56.2944
   61.4233
   28.3938
   12.2586
    41.688
   59.5613
   42.3444
    51.366
   47.8341
   50.5289
   5.32269
   17.6836
   18.0617
   19.1128
   19.0553
   10.3956
   7.62482
   8.87666
   13.2487
   10.3801
  0.841203
    5.5141
   8.50456
   28.4554
   1.03698
   2.09582
   2.11986
   2.52167
   1.90877
   5.07658
   10.4214
   24.0438
   7.39716
   21.3463
   24.6049
   19.0082
    69.778
    21.074
   77.9767
   84.5389
   57.7398
   49.9139
   17.8068
   32.7357
   6.07702
   7.71046
   1.80416
    38.747
   20.2143
    34.094
    20.797
   54.5399
   42.2444
   28.0778
   13.9112
   15.4139
   12.6108
   16.5514
   17.3494
   4.96063
   32.8488
   5.62476
   9.59469
   12.1134
   11.8902
   11.1711
   17.7685
   11.5276
   18.3573
   17.8872
   32.8953
   26.9588
   28.9163
   25.3566
   22.7112
   54.1126
   57.5295
   57.0724
    4.6443
   10.4309
   4.28244
   10.6248
   10.5695
   8.57342
   6.48111
   3.02161
  0.226617
   2.31228
  0.176803
   7.48403
   5.95161
   8.71044
   23.3412
   8.05693
   4.29888
    72.652
   84.3228
   14.1475
   11.6125
   11.4024
   3.16708
   20.9188
   3.37339
   4.19843
   1.68844
   7.77043
   37.0835
   31.8599
   7.39867
   16.9581
   18.6034
   13.6109
   12.7897
   6.83723
   8.21002
   12.7835
   53.0483
   31.9606
   31.0757
   59.0994
   57.0957
   46.0132
   44.8506
   57.9474
    53.497
   54.1148
   3.98091
   13.6311
   26.2146
   38.7968
   32.9483
   6.76655
   15.5266
   16.6398
   19.7611
   42.9711
    44.747
   44.7259
   49.8254
     39.72
   40.8137
   36.7675
   41.0725
   33.8578
   32.1939
   32.6946
   41.7528
   29.8851
   28.5003
   40.6456
   11.8042
   11.0114
    17.361
    18.054
   12.9765
   19.0736
   27.1813
   10.1132
   15.2946
   39.6775
   31.0315
   22.5616
   27.2984
   25.8101
   22.1755
    15.956
   7.72896
   10.0236
   21.2886
   24.0601
   8.68752
   3.85167
   15.5252
   5.16815
   12.7991
   20.0307
   45.7262
   32.7775
   40.3497
   46.4011
   25.2658
   29.6468
   17.0976
   9.04053
   30.9563
   23.0525
   6.84933
   6.05581
   33.2528
   34.2629
   30.5505
     47.64
    48.638
   44.7709
    45.274
   32.2094
   62.0972
   54.5285
   47.9503
    23.187
   21.9669
   18.6823
   32.7512
   16.3938
   19.1615
    9.2023
   21.4424
   14.4894
   17.1404
   12.0983
   13.5027
   7.62434
   14.0252
   8.63523
   2.95392
   15.4082
   5.04263
   14.2144
   23.2074
   20.2452
   12.4454
   19.7685
   85.4413
   11.3992
   20.6618
   66.5925
   89.9384
   1.15337
   9.08193
   75.7067
   10.4281
   1.44374
   22.0384
   27.2774
   21.4676
   15.5377
   2.02845
   23.4531
   7.94097
   9.89522
   3.77224
   18.5119
   43.9269
   13.9762
   27.0364
   24.4791
   26.6022
   21.6973
   8.80889
   98.3594
   28.1891
   54.7355
   55.2059
   34.7487
   40.1557
   40.7559
   32.6638
   14.2708
   12.0125
   2.90921
   11.9273
    11.628
   11.4922
    9.0679
   6.54481
   11.4811
   5.03205
   29.6357
   33.0626
   42.4973
   43.4239
   58.8667
   30.5999
   24.6426
   33.9814
    34.973
   60.6218
   46.8421
    29.117
   38.8859
   33.9993
    32.068
   25.9731
   26.3341
   22.1345
   31.0203
   15.1744
   31.6876
   9.85755
   11.2355
   11.5707
     23.21
   22.2397
   32.8282
   26.8504
   27.4451
   28.6404
   30.3823
   29.7777
   5.04666
   12.2365
    21.472
   14.2109
   1.76529
   23.9207
    11.177
   8.76609
   31.9784
   38.8249
   26.1493
   43.3671
   40.6934
   29.6751
     44.64
   7.86708
   10.8316
   23.9205
   18.4194
   6.16002
   24.5218
   43.2906
   44.9726
   33.7454
   1.53885
   57.6705
    59.765
    47.761
   52.4498
   23.2446
   23.5821
   2.04625
   6.62825
   7.27927
   9.10334
   10.7989
   26.5662
   16.1244
   9.93359
   11.7207
   11.8942
   7.01854
   1.93077
  0.818547
    7.8757
   20.1374
   13.6786
   18.4087
   6.06268
   15.5474
   10.9003
   9.42978
   3.24475
   21.0408
   72.7648
   73.3831
   23.8267
   66.2709
    5.3854
   20.8648
   18.9975
   20.1909
   4.73468
   13.5323
   13.3785
   10.6101
   18.4754
   51.4229
   27.1913
   30.0707
   17.1631
   47.0998
   49.5478
   75.4323
   59.4664
   39.3414
   5.74659
   12.1402
   17.9947
   46.0626
    10.748
   9.22264
    9.5946
   21.8283
   97.9067
   33.0647
   19.0373
   61.0758
   6.12611
   3.01937
   5.98276
   9.28454
   4.29944
   9.00871
   6.17047
   7.34261
   35.8183
   31.5488
   11.9894
   22.1356
   27.9608
   49.6513
   12.7529
   15.8858
   29.7123
   15.8986
   29.8696
   19.0203
   30.1835
   13.0708
   10.1993
    19.492
   22.3946
   16.6816
   40.9384
   19.7992
   7.29295
   10.5284
   16.4829
    69.949
   62.2641
   28.9018
   33.2313
   35.2115
     45.82
   43.2906
    27.986
   13.3887
   8.82825
   2.84898
   53.5057
   54.9278
   50.8837
   54.9768
   58.4871
   22.9002
   31.8167
     37.03
   14.3829
    16.227
 0.0727268
    26.624
   7.87053
    9.0429
   4.58288
   7.38118
   10.8352
   13.5427
   6.77554
   12.5807
   10.4982
    3.7629
   63.3483
   15.6053
   22.9739
   2.23197
   10.7321
   7.71339
   10.8995
   8.35842
   26.9082
    28.853
   32.1163
   49.0467
   15.7541
   48.7118
   59.4548
   14.7011
   36.6243
   29.8868
   16.4303
   9.70347
   25.3373
   18.1916
   30.2998
   15.6882
   9.26952
   85.4685
   66.0578
   81.6689
    77.144
   30.2935
   36.4168
    3.6012
   5.47486
   5.14851
   18.1031
   73.0344
   74.8816
   5.81439
   20.6027
   44.8991
   3.94904
   7.85542
   2.49613
   19.9818
   3.90915
   16.6156
  0.526273
   12.9199
   31.2362
   33.2396
   56.1476
   48.4159
   22.7698
   20.6557
   21.5902
   18.9202
   14.1834
   0.91251
   11.5192
   4.89789
    15.828
   58.2947
   44.5376
   26.5088
   7.64477
   11.5159
   9.30076
   8.40349
   1.73881
   5.60208
   2.80229
   13.7097
0.00250299
   18.7792
   30.9036
   65.6651
    13.314
   31.4385
   17.1243
   87.6744
   96.1267
   29.5071
   14.4804
   47.7983
   2.51887
   12.9199
   21.6406
   0.34683
   7.43321
   5.95195
   20.3119
   15.7759
   20.7091
   18.4131
   64.7201
   71.2872
   3.19152
   2.26774
   8.92918
   8.66733
   20.9511
   19.1874
   15.6031
   4.06088
   69.8671
    65.254
   8.06394
  0.643759
   89.4313
   3.16903
   26.3329
   5.50256
   4.73569
   8.01753
   14.3152
    1.0244
   59.5964
   17.1097
   71.7056
   89.6118
   56.9353
    93.063
   108.293
   81.9881
   30.7499
   2.55729
   93.2723
    38.535
   7.73171
   73.4408
   54.3249
   71.3447
   48.3705
   91.6357
   93.8137
    71.015
  0.940065
   6.88423
   96.4958
   99.4727
    79.135
   67.5654
   1.17696
    6.9307
   64.0209