  4.06358
  4.26442
  1.80177
  10.3641
  19.3597
   10.146
  1.29971
  3.24669
  7.18954
  26.1317
  12.7168
  9.56071
  0.67429
   13.884
  16.2727
  19.5301
  16.1794
   8.9619
  8.15936
  34.2552
  37.4016
  20.4862
  19.9665
  13.7095
  4.68473
  1.16372
  2.27478
  7.13168
  11.9877
 0.795654
  5.44699
  9.61076
 0.426074
 0.461119
  9.09502
  4.13026
  4.33638
  6.14825
  7.59707
  13.0456
  14.2956
   26.591
  28.8623
  42.6115
  38.5487
  5.73586
  5.10857
  12.1247
  11.0731
  9.65197
  10.8713
  3.81572
  6.89494
   34.954
  24.6877
  2.19861
  11.4927
  2.14693
  1.79651
  7.63001
  2.36213
  2.43437
   5.6462
  11.6691
  17.3208
  2.46709
  5.89731
 0.474604
  1.71861
  12.5173
  3.67187
  3.71005
  35.4941
  20.6245
  36.6596
  36.3759
   27.627
  22.3523
  5.82889
  6.92738
  2.09255
  4.36747
  20.2583
  21.6305
  12.7696
  10.1431
  33.5877
  1.07263
   2.4146
  14.4265
   26.782
   5.6793
  20.3488
  14.3662
  1.21167
  9.54929
  6.37039
  2.64772
  11.1211
  8.80485
  1.61911
  16.3811
  2.34748
  10.6439
  1.88197
  1.33061
  4.73603
  1.42946
  2.44951
  7.64284
   6.7573
 0.375391
  3.26871
 0.400855
   4.5541
  7.55972
  0.23789
  1.63752
  19.9651
  16.8004
  6.76301
  3.93598
  16.2452
  14.1076
  19.8793
  11.5366
  10.2065
  6.93974
  2.04383
  1.78005
  20.9057
  4.84388
  6.91084
  18.6632
  30.0145
  4.13554
  18.2064
 0.750856
  22.3364
  10.3693
 0.379104
  1.20278
  14.9807
0.0224859
  11.8205
  1.31627
  12.7482
  18.0244
  23.8862
  25.6949
  33.8814
  2.14959
  9.01056
  17.3992
  29.1226
  5.69782
   9.1457
  24.8877
  10.3601
  2.73609
 0.637558
  7.30709
  18.2232
  16.5855
  8.47363
  10.9605
  10.7776
  15.7056
  27.4009
  36.2979
  31.9259
  30.9233
  12.4177
  8.98566
  12.8344
  19.2184
 0.242209
 0.987881
   1.4903
  1.33553
  17.7118
  1.60687
  3.52226
   8.5286
  5.84017
  6.43709
  12.0267
   11.173
  8.56766
  2.60694
   3.6163
  3.36412
   2.3298
  4.22244
  1.30839
  3.89758
  38.8408
   45.459
   4.9118
  16.1782
  29.6415
  2.66347
  3.04961
  11.5583
  2.47559
  39.2553
   36.482
  10.8596
   18.298
  22.8921
  27.5177
  7.95896
  11.8743
  14.7055
  22.3772
  10.6127
  10.0474
  3.28622
  12.8641
  11.4302
  7.70164
  11.9237
   8.4292
  11.1765
   18.138
  25.8589
  23.1812
  27.2857
  18.6591
  16.3824
  4.41202
  3.00808
   4.8862
 0.659898
  5.73087
  20.7739
  11.3574
  13.5384
  9.35111
 0.148146
  17.4477
   6.9239
   21.052
  1.86515
  1.05206
 0.142916
  10.6534
  4.27478
 0.780072
  1.59539
  1.66164
  2.39136
  12.2423
 0.666259
  26.2491
  4.42549
  13.9949
  4.00961
  16.5199
  17.6785
  11.5538
  21.3139
  17.0708
  8.29064
  3.33506
  17.4402
  16.1615
  19.6487
    20.22
  21.7693
  4.72075
  4.24241
  9.03598
 0.819459
  22.3155
  7.92184
  3.85405
  1.99803
  8.15974
  2.61321
  7.24572
  14.5702
 0.684681
  4.08303
  32.2418
  2.88312
  13.6758
  1.47793
  10.2467
  2.16908
 0.330213
  1.80504
  14.7031
   29.397
  45.7538
  33.9089
  10.6797
  1.78274
  1.37134
  5.63973
  1.34103
  5.56188
  9.56754
  28.8707
  5.15319
  13.7234
  29.4791
  4.09213
  13.0199
  15.0527
  9.41496
  9.76384
  1.55966
  7.35457
  48.4795
  14.6224
  10.5805
  18.5253
  11.9126
  11.4729
  10.5163
  6.19218
  31.3951
  1.44698
  5.80704
 0.766835
 0.180358
  1.55865
   5.8676
  8.27593
  1.48819
   2.8382
   11.076
  11.6393
  2.09052
 0.597565
  6.27062
  5.76769
  5.51004
  13.0718
  12.9221
  18.9599
  9.20371
  5.28307
  28.9347
  22.2852
  0.36704
  12.2264
  1.27179
  1.74694
  3.86861
  2.38594
  4.11427
  11.9451
  3.88733
  2.65772
  11.7383
  16.8489
 0.875665
  5.23226
  1.04892
  22.0559
  14.6576
     1.43
  9.35014
  21.7431
  21.2422
  35.9169
  33.8882
   17.099
  2.17286
  17.4726
  3.00073
 0.633194
  9.14456
  10.6499
  10.0933
  9.64175
  2.23375
   5.2441
  8.01223
  5.92068
  34.3335
  22.3368
  1.62467
 0.926195
  8.42834
  9.68239
  11.2371
  12.2614
  4.11269
  32.2489
  43.6093
  35.1098
  3.83324
  3.22462
  1.48379
  9.42362
  9.78316
 0.977067
  10.7398
  2.89373
  1.98936
  32.8827
  14.0142
  10.9944
  9.59717
  21.7953
   4.4567
  38.1468
  17.1619
 0.445754
  20.3366
  15.3716
  11.6229
  39.4683
   26.593
  13.0578
  20.8708
  17.2333
  6.45426
  5.01547
  3.83458
  19.5538
  15.6719
  4.70781
  7.24766
   2.3822
  9.20037
  6.96795
  5.23048
  13.7871
  21.1744
  25.5283
  9.39403
  5.13665
 0.413427
  11.0513
 0.850837
 0.395118
  3.45907
  15.7442
  1.81678
  12.3238
  5.34597
  25.3905
  21.7496
  19.4883
  12.3358
  5.49403
  8.01469
  5.70674
  17.4724
  1.58962
  10.7842
  1.97791
  3.05932
  13.1578
  11.9793
  14.2571
  18.5738
  16.7594
  12.0608
  3.83322
  2.10109
 0.121252
  23.1183
  2.53052
  45.7061
  41.3542
  1.36496
  8.87792
  11.8114
  10.1208
  40.2297
  27.1249
  21.0229
   29.574
  7.01929
  30.4503
  2.04646
  10.3813
  1.99552
  6.51231
  4.03057
  9.80626
 0.306268
   2.7503
  5.17623
  2.78452
   10.836
   19.525
   59.798
  66.4872
  74.6966
  87.1915
  73.2144
  44.7934
  53.2902
  56.6608
  45.2683
  119.925
  6.13126
  40.5618
  68.6302
  3.39172
  29.3431
  31.3266
  7.40699
  51.5584
  95.4002
  161.375
   59.729
  6.81441
  0.16768
  107.569
  26.8003
  4.51949
  8.53856
   8.2351
  44.9535
  28.4813
  118.698
  128.695
  44.6426
   14.287
  8.74207
  13.6274
  5.21603
  34.2873
  90.0847
  5.26163
  42.4963
  42.0863
  11.4001
  14.8893
   10.797
   24.377
  4.76812
   50.102
  27.1418
  52.7649
  61.9969
  27.9453
  49.8569
  28.6695
  37.3924
    1.593
  36.2942
  43.3236
  49.1332
  48.8912
  40.1122
  27.7719
  7.64086
  67.8359
  3.66534
  123.113
  115.307
  80.6528
  20.9779
  6.01607
  25.9926
  27.5833
  13.1443
  116.529
  141.687
  101.335
   1.3557
  25.0514
  24.7009
   53.042
    43.53
  4.41833
  92.7007
  6.14475
  91.3146
  65.9226
  53.7501
  98.0129
  29.6355
  14.3278
  134.093
  44.6364
  36.9468
  27.5228
 0.392882
  8.74207
   25.606
 0.677518
  27.8915
  20.0038
  13.6029
  50.0959
  14.0831
    1.777
  47.1219
   54.046
  58.4251
  67.7429
  22.3327
  9.96465
  17.3897
  11.2337
  8.64471
  1.95948
  16.3364
  19.1989
   112.84
  29.7349
  25.7543
  8.11417
  82.2987
  79.2626
  70.2908
  50.7506
  40.2789
  59.7862
  16.3856
  11.8195
    31.15
  34.4227
  16.4281
 0.162503
  14.1862
  44.0977
  39.6059
  45.1455
  37.8095
  35.1558
  39.4236
  40.2902
  76.2755
  45.3678
  53.0171
  81.4963
   76.465
  61.3687
  37.6647
  54.6566
  93.5117
  73.1625
  53.5466
  34.1493
  74.2551
  24.4607
  58.7271
  62.5119
  102.046
   7.3945
  27.2176
  8.47672
  31.7077
  48.0324
  94.0075
  84.7252
  34.2247
  17.3424
  23.9495
  41.7627
  42.9055
  44.7057
  30.9536
  1.05796
  56.6813
  60.3779
  95.7475
  8.04758
  17.5548
  73.8346
  66.6951
   58.236
  99.6863
  79.8749
  86.2936
  55.1805
   48.206
  38.1758
  11.4437
  10.8254
  98.3665
  91.1907
  28.4884
  45.1026
  43.5071
   44.108
  46.5131
  45.7807