 0.387205
  10.8334
  3.66014
  7.93201
  10.4403
  4.62866
  10.1376
 0.340123
  5.61418
    34.72
  7.13941
  6.80257
  25.6693
  2.91278
  5.56816
   1.8596
   6.1026
   7.7469
  9.92044
   7.9893
  3.38991
   19.374
  8.84175
  0.24345
  20.8407
  7.21814
  9.45928
  8.22221
  5.69533
   3.6678
  4.71104
  1.63335
  9.97896
  5.20059
  7.09542
  8.41422
  12.7347
  3.52062
  13.0125
  14.8861
  5.97921
  20.0821
  4.36872
  6.96916
  3.50764
  1.30599
  6.39912
 0.374717
  6.14816
  9.85462
  13.1392
  24.2982
  6.95343
  1.81304
  2.73754
  2.47295
  3.39543
  5.51753
  8.25173
  3.78356
  18.6533
  3.45733
  3.40203
  12.8558
  17.5997
  6.29672
  30.8486
  2.80164
  11.6611
  31.8461
 0.776693
  2.57239
  19.3725
  17.7419
  4.40166
  6.33595
  11.4556
   10.995
  10.3511
  14.9623
  7.55406
  7.38384
  5.96797
  4.82548
  9.97525
  2.34283
  10.7495
  2.49952
  3.28843
  7.97007
  5.49359
  3.32062
  2.95522
  7.82207
  5.64269
  8.18763
  6.75537
  7.19638
  5.25329
  1.42164
  2.19185
  3.33262
   11.626
  5.57714
  6.08921
 0.913934
  4.67172
 0.197813
   5.1425
0.0076571
  3.37069
  11.4453
  3.91954
  2.74302
  23.6029
  7.01563
  14.5162
    10.44
  6.70131
 0.943338
  8.29146
 0.343088
   16.703
  2.05587
   2.8658
  5.73836
  12.8298
  1.90401
  1.37169
  6.73061
  1.85728
   6.5311
  11.1711
  4.83559
 0.122942
   11.583
  0.58826
  4.43542
  24.3416
  8.97451
  1.39978
  3.42343
  7.16621
 0.203734
  4.99187
  9.74353
  4.75358
 0.266714
  0.40332
  7.64271
  27.5846
  28.4888
  2.25839
  1.76601
  3.75911
 0.675357
  3.59652
  4.35417
  1.19431
 0.819335
  12.6474
  6.05603
 0.558994
  6.11008
  3.64533
  3.20605
  15.2041
  3.15613
  5.15296
  5.37541
  3.13421
  6.29596
  7.62968
  16.5418
  11.3991
  0.70779
  3.83509
  4.76242
  1.97783
  10.6429
  13.3432
   1.0888
  23.8256
  20.9841
   35.545
  2.15433
  2.80435
  5.00163
  8.73006
  8.25328
  3.68719
   3.7946
  3.99931
  9.81475
  5.82025
  4.51516
  8.38803
 0.251033
  9.79907
  9.96224
  3.52657
  5.33029
  6.32493
   8.8946
  22.3118
  7.64901
 0.872763
  24.9018
  5.09326
  9.91777
  12.4245
    5.579
  9.75807
  74.0687
  82.1414
  92.1538
  67.9517
  155.281
  5.21229
  11.3369
  146.317
  215.988
  93.1409
  8.42747
  11.9254
  141.565
  51.8449
  6.26471
  148.139
  169.544
  5.77326
  15.8275
  63.7331
  138.617
  3.94368
  57.9201
  83.7187
  77.6791
  49.5929
  85.8092
  60.1974
  4.83313
  5.35612
  150.619
  151.648
  101.392
  16.9279
  175.524
  186.986
  136.933
  13.8087
  8.99734
  121.476
   120.92
   82.811
   104.03
  129.516
  18.0553
  13.1575
  171.647
  60.0174
   76.815
  59.3991
  82.5779
  66.1513
  83.9631
  13.7577
  17.3339
  13.5999
  147.952
  73.1597
    124.7
  115.754
  89.9169
  38.4202
  11.5763
  76.8547
  68.9755
  114.034
  111.239
  98.4155
  57.7732
  95.4431
  150.066
  106.887
   98.482
  14.4477
  107.941
  12.4662
   88.945
  92.4287
  126.325
  13.9894
  56.6996
   125.26
  110.048
  50.4807
  37.4165
  5.01245
  93.4091
  103.717
  115.844
  8.23639
  0.38369
  125.665
  105.873
  103.348
  126.993
  120.938
  121.985
  89.7771
  78.8356
  124.406
  129.275
  70.5733
  81.1939
  70.4002
  89.9143