  1.91942
  11.7025
  78.8689
  86.7293
  5.43029
  42.4101
  33.9119
  41.0175
  17.5079
  29.1369
  38.2324
  32.8819
  28.4048
  23.0285
   47.394
  47.7055
  33.2335
  41.4897
  32.5231
   28.614
  38.9148
  47.6021
  47.5226
    37.63
  40.0131
  38.2911
  40.5798
  31.0946
  42.8027
  36.1859
  25.3348
  20.9234
  29.8881
  16.8503
  62.3717
  54.9437
  53.8698
  32.0389
  37.7162
  9.30928
   6.3321
  5.51461
  11.9736
  4.17459
  3.37851
  1.93492
  46.2101
  8.65029
  3.11967
  9.34698
   12.004
  1.84986
  6.21373
  2.86617
  9.64973
  1.33916
  74.6539
  70.6633
  71.2545
  20.9819
  20.1123
  93.8046
  96.6567
  92.6129
  18.1045
  16.6925
  17.3216
  21.3008
  4.65843
  9.55789
  11.5752
 0.877623
 0.361769
  4.21857
  41.3892
  40.5952
  27.7397
  28.6159
  13.4611
  10.8353
  10.3635
 0.867126
  1.17118
  39.5999
  31.3344
  33.5685
  20.1898
  27.5111
  36.4496
  33.4929
  51.3522
   52.938
  58.9958
  61.5534
  60.1112
  3.86601
 0.055864
   41.306
  30.0824
  34.8323
  7.20097
  29.2818
  34.6173
  36.6957
  30.0704
   23.902
  14.9426
  24.7778
  23.5574
  24.6765
  24.0143
  40.9965
  32.2797
  24.8662
  35.3145
  48.7657
  43.1861
  47.2327
  44.9571
  42.5836
  38.3302
  38.7354
  36.8484
  30.1259
  33.0764
  10.9591
  8.26318
  18.5062
   7.1133
  34.9536
    26.15
  22.1617
  17.2466
  8.41938
  26.4685
  30.4045
  17.7164
  3.94963
  31.0055
   17.486
  17.3581
  21.3727
  18.6377
  33.2248
  19.9651
  22.8232
  24.2831
   23.701
  26.5705
  20.0318
  28.8768
  28.3768
  15.1331
  17.4331
  34.5768
  34.6196
   33.303
  43.5647
  37.6791
  21.8463
  18.2694
  39.7893
  46.6248
   16.174
  48.6437
  53.4526
  28.7914
 0.678133
   36.909
  54.7667
  38.3713
  50.5785
  47.6549
  48.9431
  9.84021
  21.0305
  10.4719
   10.997
  8.18199
  19.6256
  16.2256
  16.6105
  11.9382
  6.89416
  10.7998
  13.9193
0.0680552
  28.4488
  1.07736
   2.9971
   2.1662
  17.1113
  3.18357
  10.0808
   5.0083
  12.4418
  2.78139
  14.7744
  18.0748
  12.3923
  64.5609
 0.494634
  75.3611
  87.4419
  64.1347
  56.4501
  7.33223
  25.6083
  2.31783
  16.8629
 0.407567
  37.6716
  21.4549
  30.5786
  7.86189
  44.6136
  41.8875
   13.621
  19.1637
  16.6795
  9.87651
  1.54207
  10.9322
  10.2475
  26.1222
  25.2631
  16.6747
  18.5487
  6.63962
  6.37245
  11.5562
  22.0986
  9.61921
  8.88677
  35.5188
  44.9691
  40.0252
  47.4583
  30.8409
  44.1353
  59.9355
  58.2205
  3.54483
  8.77927
  3.23645
  2.73496
  1.79027
  8.59642
  7.32971
   2.2933
   1.2409
  1.19011
  1.09252
  2.43387
  13.6715
    1.607
  1.05555
  14.0108
  10.1852
  74.7203
  81.5283
  20.6394
   18.482
  11.2079
  12.1926
  3.02704
  3.93853
  1.84196
  6.53119
  2.40968
  38.2582
  33.9449
  16.1067
  12.4046
  14.4742
  10.1566
  8.25187
  17.8555
   18.076
  6.60845
  47.1868
  34.9256
  34.1584
  45.4424
  50.8252
  53.0894
  52.2368
  52.1487
  6.95982
  16.2084
  27.4131
  25.3751
  33.4942
  25.0053
  10.8011
   13.516
  16.4462
  35.0654
  36.7706
  22.7921
  41.4173
   35.667
  33.5966
  30.0763
  33.5259
  29.2126
  48.7581
  35.0531
  33.7434
    35.07
  34.4214
  31.3394
  9.57871
  22.7246
  29.7015
  31.5742
  12.1543
   13.001
  28.2679
  11.4203
  31.3434
  33.1538
  24.4238
   29.148
  20.7929
  17.7706
  16.3648
  16.1394
  17.0633
  17.5642
  15.1996
  25.3863
  9.78263
  15.2616
   11.243
  10.5878
  9.05497
  16.7384
  51.7881
  38.3094
   32.749
  37.9047
  43.0589
  23.5782
  13.7998
  16.0656
  15.8646
  21.0527
  25.8637
    7.675
  34.4824
  36.3012
   23.126
  49.6482
  43.9864
  46.7478
  44.8715
  14.9539
  61.7192
  59.6057
  47.7433
  22.0539
  13.4919
   18.026
  36.4496
  8.11561
  10.6069
  3.69246
  14.4028
  4.09652
  7.57825
  6.02523
  4.83552
  8.72577
  1.75205
  8.21819
  11.2099
  5.13336
  4.64733
  1.13961
  3.99196
  14.1191
   19.584
   13.782
  86.1804
  17.7077
  11.2515
  69.4979
  90.9677
  3.09437
  2.37752
  73.8201
  1.60333
    6.219
   14.949
  19.1776
  14.4346
  3.15297
  12.4328
 0.844222
  11.0386
  13.2643
  3.83367
  15.3485
  42.4002
  17.5235
  23.1257
  35.2229
  25.3685
  25.2768
  9.46672
  95.7524
  20.4749
  52.8731
  52.6885
  40.2273
  42.5282
  42.9887
  28.8363
  5.81455
  1.77897
   3.5207
  10.4751
  4.07821
  3.28108
  8.76185
   6.8267
 0.282524
  10.7015
  25.5191
  28.2417
  35.0495
  41.9838
  31.4825
  25.9975
  35.9133
  37.3195
  53.2776
   38.576
  36.7623
  33.7288
  30.0064
  29.4788
  39.1637
  43.8823
  39.5556
  45.5938
  38.3161
  38.5215
  7.18367
  38.1346
  20.8962
  15.9113
  15.9022
  31.4133
  26.0574
  28.3838
  22.8986
  25.8505
  21.0641
  18.9512
  27.4524
  17.8487
  23.3825
  21.0106
   24.249
  22.4195
  14.0433
  36.6061
  30.6493
  42.7705
  35.1337
  33.1712
  39.3793
  36.8237
   26.819
  3.77363
  19.9269
  14.7939
  13.2169
  25.8567
  39.4537
  41.7964
   16.925
  4.43418
   55.866
   57.687
  47.7424
  50.9761
  15.5629
  15.9931
  7.81166
  16.8027
  15.7801
  3.11585
  3.37286
   27.852
  9.01105
 0.109827
  3.41084
  12.3172
  6.67738
 0.670196
   3.4471
  7.11592
  14.0359
  20.7219
  12.1627
  13.5884
  4.98741
  2.40724
  1.53633
  7.24194
 0.407959
  77.0084
  77.1599
  16.9524
   53.234
  11.8819
  11.4619
  25.3401
0.0793045
  1.47648
  13.6976
  1.34939
  1.66761
  15.1371
  45.5943
  23.8626
  29.2864
  15.7367
  51.7862
  39.9637
  72.7714
   54.913
   18.206
  11.1815
  8.04597
  15.8691
   52.331
  28.5941
  27.9872
   28.599
   22.833
  95.4741
  26.8925
  31.4842
   52.493
  6.62276
  7.80101
  13.6535
  5.92016
   11.281
  5.76009
  10.6615
    3.068
   30.918
   28.416
   9.8717
  42.8485
  44.7531
  40.9157
  23.5067
   12.517
  14.4834
  17.0557
  22.1778
  29.7976
  21.6467
  28.8033
  20.2621
  15.9595
  16.2175
  16.8527
  33.2528
  41.3337
  26.0904
  4.04007
  25.9886
  71.8509
  62.7185
  29.3346
  26.8135
  37.4146
  45.4351
  39.4537
  32.2324
  2.62154
   12.357
 0.201335
  52.3904
  53.2134
  49.7315
  47.1299
  50.9076
  21.7867
  34.8282
   32.197
  10.5949
  10.1948
  6.98004
   19.443
  4.13867
  8.69808
  3.11866
  7.17338
  17.6659
  20.2313
  1.67526
  2.34423
  2.73003
  1.32963
  60.6805
  22.6193
  16.7729
  1.17527
  12.3984
  1.46751
  5.11771
  16.5718
  22.4375
  34.4098
  34.6795
  22.1276
  42.9088
  54.7373
   9.9268
   27.968
  23.1648
  15.7282
  14.7773
  24.4729
  16.5789
  38.0338
  31.7468
  4.34846
  86.2087
  63.2273
  60.3881
  62.2718
  43.8815
  29.9755
  3.70796
  6.13053
  2.02086
  34.3118
  69.3886
   74.617
  2.56627
  12.8851
  41.1919
  1.66996
  6.01254
  14.5097
  12.2746
   6.3043
  33.2863
  8.97611
  30.9379
  28.2982
   30.156
  42.9249
  35.5383
  22.4668
  24.4401
  25.3962
  35.3577
  6.94727
  10.6553
  27.9784
  5.28534
  30.2643
   55.087
  41.6945
  19.4498
  11.8128
  19.4643
   6.7101
  24.0039
  17.6665
   3.2395
 0.104367
  15.3839
  15.4713
  34.9772
  24.1228
  67.3936
  28.9003
  31.3343
  2.65543
  81.4046
  75.8675
   22.828
  16.5208
  30.8713
 0.433959
  30.9379
  38.2405
  15.4093
  5.12986
  3.61901
 0.184776
  7.68502
 0.353278
  34.9862
  62.2779
  66.2237
  25.0449
  10.4664
  6.49509
  6.60051
  24.1091
  36.3735
  17.2989
  6.22191
  68.5187
  59.7588
   6.5946
  2.10139
  88.4714
  5.22599
  19.8365
  12.1129
  3.85041
  5.34337
  6.13303
  6.15407
  66.1232
  3.55011
  73.1155
  88.6957
  51.3867
  86.2833
  86.5718
   86.643
  22.5494
  11.8645
   73.381
  30.3202
    1.565
  74.7144
   41.672
  3.99011
   75.168
  41.6711
   74.636
  90.0305
  71.9902
  10.5162
  2.97577
   95.468
  95.2511
  65.3557
  70.6538
 0.390984
   2.9338
  67.3915