0.0362676
  1.93102
  19.3133
  15.1756
  60.6696
  54.7495
  46.3828
  60.7104
  59.1048
  55.6409
   54.654
    55.42
  24.1292
  20.1475
  30.8244
  34.2226
  58.0776
  48.7403
  52.4873
  50.5396
  27.2761
  23.7495
  23.0469
  20.2427
  39.6429
  38.2865
  33.2847
  38.3059
  1.97358
  3.53301
  4.55737
  14.3087
   11.292
  4.99419
  3.49601
  3.83401
  12.7604
  3.05988
  3.90993
  34.7012
  40.4755
  39.8017
  17.9646
  24.8996
   41.097
  16.5682
  1.98316
  1.44164
  2.97903
   1.6581
  1.18342
 0.916257
  2.60471
  1.66344
   2.0541
  14.8583
  16.8963
  14.3723
  15.1779
  14.8113
  20.1516
  26.4839
  25.0302
   31.092
  35.1512
  38.3544
  38.9511
  12.7306
  6.51039
  5.69599
  6.47572
  19.8301
  24.4137
  31.6303
  26.3538
  38.0636
  32.7733
  37.4319
  36.4509
  40.7615
  1.69338
  3.33155
 0.457109
  4.19094
  8.07593
  8.42629
  3.51878
 0.042942
  13.0326
  12.5636
  3.84787
  4.47873
  3.18745
  6.23343
  6.62408
  1.61834
  5.76149
  1.67608
  9.05906
  7.28518
  8.02592
  7.87657
  10.3405
   8.0028
  9.26905
  35.7695
  36.7949
  37.9175
   36.687
  51.9041
  47.8602
  17.6264
   16.028
  18.1282
  16.0429
  63.2645
  61.9655
  61.9067
  34.0015
   64.256
  66.2007
  13.4399
  15.6985
  63.3891
  59.3447
  61.0263
  59.1793
  63.9493
  58.1097
  50.6842
  16.7049
  17.2509
  6.71005
   4.0729
  43.0859
  58.4951
  61.4713
  49.9803
  51.2194
  62.2351
  56.9731
  48.0555
  14.0842
  10.8928
  14.2751
  16.0705
  14.6985
  21.7514
  65.5331
  58.9686
  27.3479
  22.1627
  13.2336
  12.9597
  20.5466
    19.98
  64.6759
  10.3926
  9.89123
  10.2088
  7.95726
   5.2145
  3.32233
   4.0368
  8.04083
  2.92881
 0.968195
  1.13621
  1.51762
  32.6176
  31.3529
  32.1322
  36.7021
    32.71
  27.1663
  34.8607
  24.4566
  39.6588
   41.132
  33.7979
  39.8298
  33.9697
  37.2079
   26.817
  5.64041
  13.2439
  25.8722
  24.1442
  15.4131
  12.9146
  14.0097
  49.9346
   53.631
  33.1195
  21.0906
  29.4417
  9.47307
  8.38699
  13.2764
   5.7695
 0.228034
  5.44443
  56.7865
  32.9216
  31.6035
  61.3109
   14.085
  54.8921
  43.7608
  14.4112
  28.0203
  48.4573
  36.2429
  35.5982
  33.8805
  52.6932
  40.8727
  14.2035
   15.161
   64.866
   65.686
  17.7277
  19.8831
  12.6798
0.0774173
  6.35918
  7.39613
  15.5274
  13.4614
  30.4895
  29.0219
  34.8114
  7.36529
  2.79171
 0.916442
 0.077918
  7.43975
  1.99636
  17.4928
  12.8749
  40.2856
  33.7187
  41.4753
  39.4646
  37.3578
  6.40496
  12.8485
  8.93452
  23.0326
  31.9608
  35.2979
  29.7226
  44.3391
  14.9094
  13.1137
  6.46404
  19.7294
  10.3387
  10.0409
  7.32886
  13.6753
  10.1456
  11.4633
  9.42662
 0.081607
  1.76137
  7.36317
  3.46673
  1.38786
  3.97552
  5.32466
  7.64938
  6.60514
  6.83213
   34.555
  33.9763
  54.0285
  55.5075
  30.7898
  27.2818
  21.2416
  22.8729
  17.0677
  20.5496
  19.8846
  20.8546
  16.3758
  63.4234
  41.5001
  49.5267
  50.2995
  26.6106
  13.5219
  57.4343
  59.1625
  59.4258
  66.0212
  49.6177
    9.045
  6.98981
   67.171
  61.5447
  53.5948
  45.0875
  18.5438
  54.5751
  52.1388
  45.0834
  11.4106
  6.38931
  52.4149
  52.8958
  36.5704
  51.3152
  50.0077
  57.2059
  16.2954
  67.1342
  25.2348
  48.1022
  56.1779
  13.6766
  14.7802
   58.094
  56.4197
  49.9909
  34.8989
  9.50192
  11.0019
  5.63878
  6.19903
  4.20836
  5.81151
  5.52301
   4.5154
  3.45429
 0.419626
  3.61588
  6.49597
  3.25592
  1.05528
  10.8054
  11.4933
  13.6154
  17.6871
  3.51868
  12.7826
  34.2591
  31.4886
  30.1878
  28.6381
  31.8107
  40.5206
   55.879
  38.1035
  38.6101
  28.1409
   35.365
  32.4562
  36.3409
  19.4668
  11.2448
   25.525
 0.434931
  2.25653
  17.6012
  7.96982
 0.580708
  13.5582
  9.26019
  36.2426
  41.7944
  30.1177
  2.29423
     43.8
  37.5053
  13.8082
   1.6364
  3.84326
  24.5583
  15.2722
  49.1331
   41.825
  26.3614
  8.65195
 0.478157
  4.20395
 0.252077
 0.103721
  13.1996
  9.61047
  24.0638
  6.08035
  38.5225
  8.90252
  7.70469
  2.28982
  9.54834
  8.12827
   1.2589
  1.24498
  10.7081
   9.6098
  5.75634
    10.17
  9.38537
  7.89421
   9.9943
  31.0782
   20.636
  19.5518
  15.1114
  16.4687
  18.9569
   63.256
  52.7493
  34.5356
  45.9265
  58.4678
  65.5949
  47.4573
  52.4061
   46.826
  17.7903
  16.2169
  9.35906
  60.4715
  6.46389
  4.08094
  52.3686
  45.6295
  10.1086
  60.2713
  17.4619
  32.0002
  68.3082
  47.1923
  20.6493
  25.9455
  24.5066
  32.2615
  50.4036
  56.2695
  55.9298
  53.4034
  9.48307
  1.31565
  2.35529
 0.727521
  2.12992
   4.6342
 0.531151
  1.03624
 0.414989
  14.6334
  32.8321
  32.8946
  38.9325
  32.1198
  36.3515
  34.6643
  30.0432
  32.2365
   54.032
  11.7053
  30.4507
  55.9859
  37.0291
  36.4527
  31.4284
  30.2633
  2.67352
 0.219863
  6.88933
 0.919023
  1.00407
  5.34317
  15.6755
  11.1337
  14.0874
  20.7218
  37.9325
  52.9599
  23.9243
  36.7406
  5.60132
  30.9896
  32.3961
   6.7646
  9.49442
  1.52398
  17.9412
  8.94501
  13.5491
   2.9479
  15.3134
  3.94898
  27.8307
  36.6416
  51.1616
  28.2019
  59.7783
  34.9851
  35.1538
  33.9663
  29.4334
   26.964
  14.8181
  54.7246
  6.69493
   1.8051
  2.72842
  38.3144
   44.266
  6.94679
  8.75443
  14.1474
  22.4072
  13.7363
  8.29482
  19.2623
  44.8872
   41.869
  62.1938
  50.9548
  13.6015
  12.0612
  50.4349
  51.9233
  4.80303
  49.4063
  44.6874
  18.7565
  20.8864
  21.7502
  38.3009
  50.4354
  51.3341
  14.2399
  9.26818
  4.30663
   4.8611
  8.42467
0.0951552
  1.31558
 0.181721
  1.16933
  2.28666
   3.0969
  1.83565
  2.04182
  3.99098
  9.81921
  6.59445
  11.6679
  10.3832
  6.58341
  26.7187
  30.8663
  31.4545
   54.918
  38.4877
   33.627
   33.588
 0.171279
  6.15955
  2.14417
 0.862694
  6.13252
  32.2416
  33.2889
  48.5955
  44.0419
  29.1416
  12.3712
  8.32007
  9.07123
  5.19678
    12.76
  5.83027
  8.51455
  11.4886
  34.2321
  17.0872
   12.245
  49.5329
  15.3879
   17.873
  27.7482
  38.8642
  19.2503
  37.3082
  35.6676
  46.9439
  43.1473
  15.4123
  3.66517
  1.82201
  4.57451
  21.4319
  40.0851
  36.7174
  21.6612
   51.441
  52.3619
   42.491
  41.5101
  9.26679
  14.5805
  6.24805
  51.6099
  27.1855
  23.7629
  41.8853
  45.2579
  38.9046
  45.0461
   38.749
  49.2386
  42.4459
  62.9451
   16.085
  12.7405
  18.3914
  17.1147
  45.1103
  46.4859
  49.2814
  37.5996
  45.4756
  55.3836
  40.6341
  49.2015
  9.70801
    2.428
  3.45373
  25.5554
  3.48543
  12.7751
  33.8935
   58.237
  42.0442
  41.7068
  36.7024
   38.151
  47.3243
  31.3145
  44.5793
  52.8003
  43.0127
  59.8023
  39.2034
  53.9659
  52.4058
  24.5407
   27.952
  38.7878
  56.9969
  34.7468
  42.8368
  15.8745
  46.0071
  19.6884
  20.1529
   40.353
  21.1057
 0.683706
  8.83228
  14.3496
  32.8914
  44.5061
  7.92616
  5.53569
   27.942
  43.0188
  62.9451
   56.104
  43.6113
  45.6969
  43.1914
  44.4802
  40.9422
   50.983
  55.0925
  46.5492
  4.00683
  3.00955
  11.6666
0.0288874
  39.4205
  25.7451
   35.104
  42.4919
  51.4295
  38.9886
  64.4027
  63.1205
  61.3058
  40.1735
  10.2398
  21.1993
  48.8955
  51.5002
  20.0147
  9.26171
  8.67945
  38.0714
  43.7127
  42.1382
  32.8451
  34.5552
  43.2952
   50.379
  52.7963
  8.38802
  24.8658
  34.4393
  39.3202
  39.0289
  48.5632
  39.2566
  45.0575
  46.4801
  46.0149
  46.4707
  49.8729
  3.40562
  1.66948
   4.3894
  9.77315
 0.190118
  16.7566
  10.6969
  2.23735
  22.0349
  12.5209
  4.44461
  28.7659
  4.97888
  44.1256
 0.520912
  2.97968
  31.4964
  29.4828
  33.9189
  12.4356
   4.9256
  21.9629
  19.0546
   12.591
  42.5415
  27.0161
  46.8088
   13.964
  39.9835
  40.8072
  39.6063
  33.0107
  21.2091
  7.34392
  15.0884
  17.1413
  42.4324
  39.4871
  8.84775
   13.467
  10.1867
  19.4012
  17.8164
  20.8617
  14.3523
  10.3192
  44.2799
  48.7411
  56.9392
   24.031
  7.18107
  19.1599
  3.17761
  4.05464
  2.24826
  41.3168
  41.1571