  1.95861
    7.404
   52.956
   61.834
 0.584213
  38.4919
  41.3504
  33.1954
  23.2864
   25.392
  33.8903
  32.4818
  31.6109
  16.8447
  41.9865
  42.4177
  46.7573
  36.3252
  41.2921
  33.7412
  48.6046
  44.0566
  40.9023
  43.9931
  35.8552
   34.029
   29.338
  34.5809
  38.4816
  44.5485
  29.4681
  26.0636
   21.496
  12.6011
  39.6913
  36.6142
  34.6156
   18.775
  1.67258
  6.75964
  3.17736
 0.374433
  1.40161
  2.46958
  32.2423
  10.2972
  5.35676
  6.76737
  7.40905
  5.35885
  6.35954
  3.83581
  2.19933
  3.26862
  52.9955
  17.9327
  12.4244
  63.4045
  74.2447
   70.586
  9.75422
  18.8264
  9.86709
  1.27371
  8.21354
  4.56337
  8.12331
  4.70787
  7.16167
  4.72177
  38.4046
  24.8768
  13.5284
  25.5462
 0.982976
 0.758206
  4.14141
  10.0873
  7.41469
   16.329
  9.66031
  29.4887
  32.0741
  34.2263
  21.8542
  16.2693
  8.44304
  3.18059
  26.5881
  4.81184
  1.36238
  11.5164
   9.0811
  30.4502
   20.505
  17.1866
  15.7211
   24.434
  26.1514
  37.6284
  34.3277
  40.7297
  29.7305
  39.8498
  35.4931
  40.1843
  41.5066
  44.3166
  40.7193
  36.8599
  33.6561
  42.4103
  32.0533
  28.6716
  18.4497
  14.2013
  17.8044
  25.3159
  19.8419
  29.2016
  10.8769
  13.5966
  29.5969
  34.5386
  20.5045
  20.4567
  40.1644
  25.0638
  19.5466
  19.0481
  29.5937
  22.1974
  27.1184
  29.7873
  21.8532
  23.5429
  29.7835
  28.1307
  19.4003
  36.4951
  22.3062
  13.9608
  49.1745
  43.0997
  36.7859
  36.3922
  35.6679
  43.4333
  39.4589
  23.1805
  38.2112
  48.3991
   25.347
  7.12003
  31.3624
  21.0433
  31.2444
  24.9397
  34.4913
  23.3865
  6.15578
   13.587
  13.6937
  11.3762
  4.96932
  3.57447
  13.3931
  1.02154
  10.0496
 0.509651
  14.1878
  7.11543
  26.5441
  5.83705
  1.10733
  13.0527
  4.80187
  1.05149
  4.07994
   8.4986
  7.97318
  10.8231
  7.64354
  17.7053
  15.0024
  49.3644
  2.19573
  56.6686
  45.0867
  43.0057
  6.58385
  14.2051
  8.33131
  15.4704
  0.89426
  21.8189
  16.2848
  3.99388
  21.5018
  17.9742
  23.5287
   24.833
  18.0921
   17.132
  9.07291
  7.72682
  15.2619
  18.2915
  14.0183
  23.9002
  25.6193
  26.2061
  23.6692
  33.3544
  16.5994
  19.3085
  21.0819
  18.4599
  44.7398
  39.8445
  39.6836
  36.0518
  35.4705
  17.0822
  8.45066
  12.2743
    5.949
  7.17925
  6.30057
  5.45308
  12.9822
   8.7474
  10.7122
 0.375508
 0.815035
  2.84146
   12.128
 0.904409
  7.54997
  4.49449
  8.02428
  55.2724
  61.2583
0.0849106
  10.3566
  2.78915
  1.47232
  17.2679
0.0697458
  9.19857
  10.0457
  1.03883
  10.9004
  18.3482
  5.08061
  7.41287
  5.47164
  8.56516
  5.42416
  14.0998
  7.55851
  7.13295
  4.28814
  6.18377
  27.4673
   31.227
  33.7633
  28.7498
  21.4196
  23.8958
  9.15263
  10.7979
  1.87002
   8.2175
  17.5193
  17.0012
  20.7594
  35.6877
  34.7518
  45.4061
  46.0241
   38.009
  36.7335
  33.6585
  32.4326
  35.2025
  40.0045
  39.9449
  42.5042
  36.6399
  31.4886
  50.6827
  17.1875
  22.0313
  13.0267
  27.6864
  18.3856
  21.0102
  23.2588
  26.4047
  26.9041
  30.9719
  25.2827
  25.0455
  18.2244
   21.952
  22.6242
  15.9443
  11.4529
  17.1966
  15.7813
  11.5431
  13.7011
  20.6547
  18.6741
  20.1402
  14.3503
  45.7861
  49.6164
  35.5631
  37.3718
  42.9861
  37.4515
  41.4124
  19.1202
  25.0071
  27.6792
  32.5302
   22.684
  26.5712
   10.198
  17.2166
  16.3594
  29.3359
  13.6935
  35.3635
  32.0795
  24.5844
  23.3568
  11.7087
  11.4729
  12.0819
  3.50354
  15.1686
  4.88188
  10.9123
  3.00281
  14.1655
  3.95857
  5.27894
  2.25802
  6.63469
  3.84936
    9.446
  9.21663
  1.65404
  7.37542
  9.40852
  16.5648
  53.5966
   9.8177
  4.50207
  48.3368
  1.10264
  6.21751
  5.36383
  3.81347
  8.78726
  22.3454
  16.0083
  6.49354
  1.01059
  19.4551
  7.17327
  4.48252
  5.94687
  15.8552
   14.752
  28.5715
  34.2217
  27.8263
   11.948
  18.5315
  75.1392
  16.6453
  23.3641
  28.7042
  42.9901
  8.35167
  5.89555
  2.23357
  5.36283
 0.116477
  1.73268
  5.75546
  12.0902
  2.26052
  11.4796
  9.77011
  10.7474
   11.558
  8.75677
   4.9342
  1.94521
  6.61167
  49.1961
  36.0185
  36.0547
  31.5033
   34.856
   30.835
   37.016
  42.5177
  38.7214
  35.9754
  33.1096
   17.584
  16.0751
  14.8993
  21.7742
  19.8819
  28.4644
  22.8945
  27.7383
  31.9818
  28.1507
  19.1937
  20.2949
    24.02
   23.289
  13.7227
  14.4557
  23.4354
  17.2674
  29.3214
  46.8225
  37.3202
  42.8295
  39.9824
  45.5896
  29.1271
   48.443
  22.3663
  8.22259
  19.9271
  17.1346
  24.2045
  10.8192
  10.8499
  6.71296
  16.5301
  32.6234
  37.7764
  27.8569
  31.6043
  11.0789
    10.44
 0.229542
0.0601396
  2.00972
  3.45436
  4.15316
  13.5098
  9.78198
   3.1362
  3.88484
   8.4286
  2.82791
  2.46109
 0.439258
  6.92469
  17.5215
  10.5347
  15.3866
  12.8207
  10.7715
  5.10876
  3.53331
  2.99318
   10.181
  11.7951
  42.8778
  12.5478
  4.98358
  13.8424
  3.59411
 0.621933
  1.77795
  18.3767
  12.0047
  16.5456
  13.3152
  18.6787
  48.2314
  19.1201
   17.775
  17.8933
   45.682
  32.1114
  9.77514
  26.4808
  17.4752
  70.6899
  22.6764
  12.9524
   8.2676
    3.737
  12.5753
  7.79835
  2.04072
  5.17062
  5.74282
  12.2927
  29.6663
  35.4091
  28.5898
  43.0429
  47.9442
  46.6248
  17.7114
  20.0368
  19.3761
  28.9741
  29.0008
  21.7555
  18.9824
  26.5756
  13.1845
  21.2708
  17.8646
  13.0181
  37.2184
  40.6936
  22.1843
   8.0972
  16.3415
 0.976857
  9.08769
  20.3829
  23.2315
  6.45843
  17.9509
  23.2277
  20.7595
  28.9656
  30.9406
  27.1022
  5.36345
  5.33749
  12.8568
  9.84027
   4.2928
 0.946525
  8.14583
  12.0148
  6.63128
 0.823739
  3.33318
  1.14956
  4.28754
 0.798728
  6.22821
  8.78761
  41.6295
  12.8572
  18.6624
  3.51613
  4.20457
  6.82078
  10.3143
  5.13373
  12.2706
  13.7782
  14.2987
  31.6254
  52.1977
  42.7079
  15.2798
  22.1049
  34.2244
  28.0499
  34.2324
  27.4303
  11.7959
  54.0467
  5.15889
  61.5089
  66.7448
  70.0634
  62.3983
  37.6904
  1.96585
  18.8884
  5.01546
  2.15248
  3.20193
   17.201
  48.2114
  55.7524
  72.4525
  2.97232
  8.07896
  45.2725
  11.1413
  6.34867
  10.6601
  13.9828
  11.7153
  8.86842
  22.7251
  29.5327
  16.6362
  32.3086
  41.1925
  11.5161
  12.5964
   20.747
  2.25146
   14.192
  30.0026
  4.30088
  15.1507
  43.7155
  60.5685
   60.853
  40.4813
  50.7126
  6.66152
  10.5871
  8.10453
  9.30313
  6.17154
  5.19155
  27.9231
  8.95109
  15.4239
  6.77536
   15.394
  124.456
 0.437722
  33.6932
  22.0695
  3.36542
   5.4849
   22.572
  116.377
  5.20162
  117.018
  73.5887
  81.9445
  20.7789
   7.2518
  55.9709
  61.1453
  40.2288
  11.9296
  22.7251
  24.0062
  10.2379
 0.691414
  2.70276
  6.16749
  1.24784
  6.17215
  2.87101
  18.3187
  42.9238
  58.4966
  65.4024
  50.7762
  22.7024
  11.4117
  5.32281
  35.2542
  12.2825
  14.6804
  11.8622
  40.1509
  47.3982
  12.2269
  13.6567
  91.7628
  83.9033
   78.846
  9.52784
  3.49467
  4.24654
  3.25356
  11.0972
  7.42839
  1.56702
  49.1714
  3.69869
  11.8099
  3.39512
  4.43813
  10.5718
  11.0673
  59.6987
  51.4408
  91.9013
  83.3537
  78.7721
  39.0905
  79.0214
  127.176
  95.8182
  73.1534
  9.38819
  8.54201
  78.6895
  62.6436
  11.5051
  6.66145
  56.1129
  104.299
  87.7451
  31.9243
  19.6388
   28.942
  3.53967
  5.66156
  8.07576
  40.9877
  64.5407
  82.0246
  7.45374
 0.888482
  83.3895
   84.994
  95.9611
  107.077
  88.3752
  97.4186
  71.8085
  56.0259
  4.47718
  6.84218
  1.32827
  112.693
  92.1013
  62.9124
  44.2382
  52.5079
  60.0949
  3.88977