  7.60601
  2.09122
  7.10386
  16.9388
 0.937774
  2.30533
  11.6306
 0.471111
  1.60689
  2.72753
  7.62567
  4.28112
  6.23018
  10.1926
   29.207
  25.9168
  8.39617
  4.58094
  7.66216
  6.11901
  4.16488
  6.74812
  6.36045
  8.89688
  2.23406
  16.3952
  24.0456
  26.1264
 0.602958
  15.4251
  44.3783
  32.8179
  43.1322
  33.2957
  22.3729
  26.2627
  34.5931
  1.12162
  8.14202
  1.02731
  5.63499
  7.83601
  5.47866
  20.6727
  12.7685
  19.8279
  25.1344
  2.32867
  8.15646
  3.92987
  6.55741
  2.88841
  11.2971
   9.6496
  16.0161
  18.5337
  19.3222
  24.4775
 0.411942
   6.7621
  1.11712
  4.55762
  7.21841
  8.36127
  4.59842
  3.70718
  7.47204
   28.531
  9.00973
  26.3106
  7.42535
  2.66243
  10.8575
  7.00406
  3.02299
  6.01815
  48.1571
   47.094
  21.2918
  28.9014
  18.9884
  17.1452
  42.5032
  8.47186
  37.0507
  35.3082
  30.4703
  33.1656
  2.38978
  8.18485
  11.4273
  7.12374
 0.723683
  4.97886
  21.1558
  3.87539
  14.7268
   2.1796
  11.6882
  31.0228
  13.2687
  18.1926
  16.1857
  1.59987
  3.19867
   17.009
  24.0221
  5.50934
  2.27708
   9.8028
  5.74132
  2.14089
  3.33983
  4.79136
  10.2327
  4.86629
  5.31132
  6.50223
  6.73659
   6.9338
  18.1905
  22.2314
  12.5571
  25.2181
  35.5469
  25.2966
  22.9859
  10.0344
  5.91363
  6.23926
 0.309221
  22.4572
  11.9866
  7.79239
  3.77876
0.0241597
 0.251244
  3.24176
  6.18801
 0.965031
  7.14633
   17.967
  8.95654
   3.7934
  16.3686
   14.445
  9.10894
  3.48685
  3.96499
  4.82265
  12.9853
  5.06055
  20.3077
  15.4384
  10.3846
  8.29864
  4.20369
  7.16466
   24.201
  50.8599
  40.8402
  29.5038
  16.6716
  31.2703
  24.8945
  8.70599
  4.20447
  4.93487
  15.8381
  42.2935
  6.81902
  7.39509
  38.3737
   1.4665
  3.55849
  9.21257
 0.598696
  12.1018
  32.5091
  16.4007
  28.3623
  2.86788
  21.7157
 0.771306
  9.74839
  34.1466
  10.9463
   20.183
  10.4414
  5.92537
   3.8556
  4.92533
  1.99855
 0.801852
  2.61354
  1.88561
0.0776916
  4.84271
  6.13709
  14.8365
  9.31235
  5.62265
  9.97043
  8.49941
  7.53401
  6.60003
    15.66
  1.28745
  0.71142
   4.4783
  21.9345
  9.62841
   7.5812
  6.11131
  1.40635
  5.57233
  6.64774
  30.8202
  37.7593
  21.5738
  28.6629
  34.0799
  5.35829
  5.47862
 0.351459
  5.87057
  1.97044
   7.2473
  37.8895
  24.9061
  12.6404
  21.8945
  7.16943
   4.3624
  15.0647
  20.6373
  7.64891
  6.68759
   6.7997
  16.4554
  9.19087
  25.1501
  20.8007
   20.305
  39.8721
  12.3299
   3.1069
  8.40191
  5.11692
  42.9092
  18.3159
  11.6002
  9.24761
  4.91882
  3.54756
  31.2086
  12.6844
  6.93446
   1.4072
  4.31127
   17.107
 0.462255
  4.64495
  5.24631
  7.40395
 0.663706
  1.45308
  9.60893
  15.8218
  22.7809
  24.4702
  5.19534
   5.5502
  3.18687
   4.3156
   2.2365
  15.8113
  31.9951
  6.48246
  23.4604
  1.68916
  2.57368
  4.61774
  8.25388
  17.6518
  7.72944
  31.5633
  36.9584
   49.723
  30.9918
  93.8753
  23.8478
  13.7797
  86.7532
  20.1169
  24.3696
  130.532
  42.0322
  6.41462
  4.44954
  76.2725
  34.2701
  29.1547
  30.8607
  8.48003
  82.6296
  93.4144
  28.9219
  5.35131
  7.02819
  43.1314
  64.7228
  22.3885
  48.4162
  35.4896
   34.263
  33.6222
  28.0471
  15.2031
  14.6884
  89.0638
  90.1045
   16.274
  95.6458
  111.517
  81.6033
  17.9513
  15.0107
  5.23949
  63.5098
  64.3411
  60.2689
  47.4484
  71.0337
  14.0138
  1.25913
  99.9915
  24.8057
  34.2157
  45.9459
  7.37323
  31.6254
  22.5407
  36.8459
   38.106
  37.0198
  19.6644
  29.8353
  39.0365
  29.6165
   2.3866
  85.9331
  20.1876
  61.1719
  54.7803
  52.5337
  53.5026
  16.1367
  2.75078
  31.9003
  33.9826
  35.6433
  69.5723
  53.5124
  44.5707
  22.5362
  42.5055
  72.7981
  61.0279
  42.2324
  24.8233
  58.8251
  30.5028
  42.6871
    47.56
  60.4825
   30.308
  14.6383
  76.4756
  54.9913
  8.96947
  21.1916
  34.9373
  7.30655
  57.8639
  50.1136
  38.3256
  48.0414
  23.4625
  18.5612
  64.5803
  48.1783
  45.0654
  78.1169
  57.8926
  72.9247
  50.4557
  36.9442
  74.9764
  65.1512
  26.3478
  24.2231
  23.5438
   39.074