  9.95078
  7.07003
  22.6599
  24.9829
  1.44257
  4.80322
  9.45397
  5.43487
   4.7063
  1.75278
  3.42986
  5.72752
 0.683736
  12.4149
  9.59534
  10.8734
  16.4971
  15.7163
  3.32014
  10.4461
   15.811
  16.4817
 0.973876
  9.71561
  10.2911
  7.94526
  4.82213
  9.90206
  17.4815
  14.2013
  17.1605
  12.5254
  12.6975
  15.5836
  15.1498
  16.7227
  15.3142
  44.5957
  46.4246
  46.7519
  48.5918
  45.2404
  50.1211
  40.2781
  38.4168
   10.126
   13.987
  16.2466
  4.79421
  1.75051
  1.92592
  26.9834
  23.7178
  13.4114
  9.47371
  2.54098
  5.01246
  8.32837
  6.84752
  4.21048
  4.75039
  8.83169
  21.9973
  27.5213
  21.5902
  20.2066
  14.1416
  28.4318
  36.7333
  34.0278
  14.6805
  22.5184
  21.0499
  18.1491
  6.52895
  9.53117
  3.65458
  1.35139
  11.0643
  7.83637
  19.7508
  26.6415
  27.2789
  15.6491
  6.19442
  5.14971
    11.39
  9.60639
  4.02775
   41.698
  35.9389
  41.3654
  45.8746
  24.4705
  23.9211
  42.7704
  39.0967
  48.2116
  47.4909
  30.8381
  16.0294
  13.4019
  21.2461
  33.5864
 0.401503
 0.821993
  35.2836
  25.8524
  26.6478
  7.04454
  26.3974
  29.3943
  29.7655
  26.7998
  12.1225
  8.67281
  12.8589
  7.36726
  7.90937
  7.06304
  15.0347
  13.5858
  9.46964
  11.3154
 0.546988
 0.300287
  0.76495
  5.93367
  8.34787
  1.47654
  1.81503
  4.80838
  12.0982
  10.0071
  20.9287
  20.6267
  11.7969
  9.02732
  1.60476
  9.39935
   5.6242
 0.934585
  8.43166
  9.04409
  2.31079
0.0675746
  9.91177
  6.53119
  1.44297
  3.34787
  2.16368
  2.69683
   5.2512
  3.95145
  4.58909
 0.631063
  10.2479
   3.8094
  3.66091
  14.3702
 0.899998
  4.44382
  19.7697
  16.1011
 0.608737
  12.7844
  8.44377
  13.1349
  20.1371
  20.4055
   7.2037
  14.7902
  2.22149
  41.6798
  42.7645
  48.8941
  36.9661
  27.9427
  4.50896
  28.5467
  40.5249
  31.7617
  27.8919
  34.8389
  12.5477
  22.6828
  32.0138
  4.09483
 0.364785
 0.989368
  5.05242
  1.23608
  1.11902
  10.1676
  7.98108
  3.74696
  5.67108
  13.7664
  21.3001
  8.94953
  5.07365
  8.39484
  10.4217
 0.940603
    1.012
  36.2059
  22.8629
  15.7661
  23.2449
   34.505
   19.131
   16.277
  2.30329
   34.125
  16.3956
  24.7744
 0.448717
  10.0852
  5.60467
  0.13371
  6.29059
   16.873
  53.7325
  28.5193
  7.15972
  14.0627
  32.3114
  17.4102
  6.06349
  6.37074
   10.013
 0.741205
  4.31317
  17.3319
  5.84204
  12.4769
  14.0673
  13.9278
  11.9469
  15.4751
 0.748954
  11.5136
  21.2974
  17.7956
  4.81118
  1.61104
  1.45617
  14.4811
  16.0834
  18.9135
  13.3851
  19.0936
  17.1053
  51.0152
  51.8043
  12.3462
   15.059
  10.0252
  5.85923
  1.63104
  8.88157
  3.71218
  6.25705
  1.23774
  6.52918
 0.100013
  20.0489
  14.8744
  10.1008
  12.4072
   6.4608
 0.795905
  3.25236
  26.8794
  26.8463
  15.9044
  19.3793
   25.281
   20.223
  9.87755
  6.68204
  9.96619
  2.58964
  9.89991
  29.9684
  20.1786
  1.10941
  6.47335
  3.49845
  14.1911
  5.96982
  3.55244
  2.03394
 0.838586
  51.2168
  54.7982
  40.1056
   53.176
  27.4149
  27.1949
  42.3986
  43.0314
  41.6653
  45.1294
  41.0293
  32.5204
  27.2498
  32.2234
  13.1761
  16.8127
  4.06068
0.0513508
  28.0088
  27.1578
  26.2326
  10.1967
   11.963
  12.1516
  11.0989
  9.84807
  8.49322
  14.9218
  12.9984
  13.7409
  11.1151
  8.08625
  11.1696
  14.6514
0.0335126
  4.92625
  10.8695
   5.4752
  8.01299
  13.1677
  20.5025
  7.88824
  6.20991
  12.9376
   1.9696
  2.38153
  4.98361
  2.83134
  4.58516
  6.25006
 0.704348
  3.38505
  1.39051
  1.88292
  3.87263
  3.17262
  6.35125
  3.35698
   4.8056
  5.37214
  18.6126
  22.9011
  22.9893
  12.4289
  11.8943
  10.4104
  16.4454
  13.1773
  6.16026
  10.7034
  4.88675
  5.52055
  19.0239
  20.3544
  13.9695
  12.0346
  12.3488
  8.69722
  41.7045
  41.8805
   1.2845
  27.4504
  31.9108
  25.5452
  31.4706
  38.6445
  36.5922
  35.6218
  10.7902
  20.0692
  15.5997
  35.3303
  11.0756
  34.8484
  16.9511
  29.1097
  42.7704
  44.9347
  43.0888
  2.98206
  2.10876
  9.44147
  16.1428
  1.66459
  10.8425
 0.643576
  12.3321
  10.0525
 0.850689
  8.53104
  1.69261
  3.50255
  28.4133
  24.4143
  24.1513
  15.4077
  24.7806
  16.5561
  14.0042
  22.5753
  3.87675
  1.65031
  22.0983
  28.9686
  12.0628
   10.139
  4.95588
  12.2991
  20.7374
  11.4452
  17.5158
  22.3527
 0.866413
 0.380148
  10.3903
  4.47962
  9.04482
   2.5475
  19.9732
  47.3227
     9.38
   28.014
  1.05524
  2.83588
  8.15817
    12.11
  3.33014
  35.3752
  8.86354
  15.0238
  16.5366
  7.88299
  28.9097
  32.3256
  45.8469
  25.1283
 0.606744
  1.61318
  3.05849
  5.93962
  1.80244
  3.85685
  1.26909
  4.26027
  8.09384
  9.17627
  47.1685
  23.5011
  24.7639
   45.857
  47.0889
  47.0882
  40.4268
  46.7599
    22.99
  27.5553
  24.8045
   28.019
  43.1964
  13.9402
  18.1404
  11.2472
  11.5606
  12.3052
  14.8075
  4.80186
  6.18789
  9.70727
  5.60281
  8.01122
  3.86071
  10.8274
   6.6106
0.0816105
   2.6795
  5.76604
  2.36098
  4.15814
 0.766809
  2.22084
  2.63879
  3.78627
 0.403289
 0.193927
  5.25252
  1.86505
  6.94836
  1.42521
  12.0983
  16.1851
  11.0738
  3.84609
    4.812
  6.03217
  10.7665
  12.1258
  16.6863
  11.9069
  7.65353
  7.73967
  15.3549
  9.76568
  26.3869
  31.3329
  12.6434
  10.5492
 0.183876
  13.8807
  16.6811
  11.4545
   32.312
  12.7109
  51.6651
  41.3302
   2.2412
  1.54812
  2.92415
  9.60497
  3.51938
  8.60652
  12.9629
   24.717
  2.76822
  9.53524
  8.54021
  2.23427
   7.2777
   0.2766
   25.727
  22.4588
  21.4895
  17.1607
  9.13064
  11.2123
  5.29121
  3.59939
  13.3623
  12.9961
  13.1053
  25.7477
  26.3225
  20.7474
  26.1882
 0.141733
  2.50272
    18.75
  25.9926
  18.3958
  2.36439
  17.4155
   3.5137
  4.90078
   14.189
   49.076
  21.4016
  28.2224
  18.2178
  49.5254
   26.897
  23.9126
  40.6409
   14.217
  14.2468
  20.1084
  3.82143
  10.6897
  14.7607
  14.8211
  28.3776
  12.8964
   34.291
  14.3592
   13.256
  32.5925
  6.62731
  7.73151
  10.9806
  28.7779
  18.3832
  1.52033
  8.73899
  3.96586
  53.5753
  14.3379
 0.315676
   15.817
   17.127
  13.0654
  1.16623
  8.23379
  7.25597
  13.8937
  5.66192
  1.13394
  1.14717
  2.35831
  5.37183
  4.30811
  3.53708
   2.9311
  5.52647
 0.505425
  8.69261
  15.7222
  16.7268
  14.7727
  15.3064
  11.1112
  44.0165
  16.7756
  27.9289
  28.7862
  29.0248
  28.1481
  35.7359
   36.523
  31.3328
  8.89973
  9.54949
  2.23158
  4.69335
  17.5154
  15.3708
  25.0272
  33.7849
  9.47174
  49.6603
  47.3382
  34.3077
   44.963
  27.1111
  30.3574
  7.34996
  1.97248
  13.1064
     5.64
  2.37524
  7.98009
 0.982956
  22.2692
  14.8721
  13.8033
  4.50492
  12.5515
  6.60032
   12.532
  18.3364
  21.6249
  2.06656
  4.21716
  6.35433
  1.71223
  3.39112
 0.793346
  25.8299
  35.5759
  25.1033
  49.2515
  25.4797
  46.3691
  40.8844
  22.2865
  12.0001
  18.0058
  11.0704
  1.49558
  6.19254
  0.38839
  2.76367
   5.7909
  31.0006
  19.3253
  20.7548
  8.10533
   6.3444
  7.11052
  13.9772
  9.27976
  8.35956
  24.3934
  4.47339
 0.212969
  5.72378
  26.8003
  18.6408
  15.3105
   20.302
  16.5189
  18.4595
  20.0138
   52.523
 0.184813
  9.02996
  7.24293
  25.2039
    11.42
  9.99736
  19.3836
  17.2829
  13.9414
  17.1134
  32.9254
  10.8383
 0.764771
 0.418555
  21.4286
  4.39735
  5.31433
  21.9882
   31.481
  15.3384
  13.3394
  3.59218
  26.9745
  12.9124
  1.11365
  8.31633
  11.0874
  6.01219
  5.99977
  6.34458
  10.0755
  8.17424
  35.9887
  1.78154
  3.07909
   1.7628
   2.1041
   4.1909
 0.760242
  7.00359
   23.139
  10.3021
  20.8193
  32.1814
  16.5839
  10.7251
 0.911496
  16.7705
  20.8915
  13.4173
  13.1119
   29.768
   44.311
  20.7204
  25.4157
  2.76324
   17.958
  10.0487
  44.3934
  9.16218
  22.4183
  18.5638
   22.269
  7.61803
  16.6084
  12.6063
  10.6029
  39.1352
  26.1923
  5.57859
  12.0324
 0.418555
  1.94491
  14.3794
   17.678
  15.9869
  29.6226
  11.2237
   24.083
  23.6638
  8.64473
  15.4691
  6.57457
  6.13939
   8.9023
  3.04865
  6.31191
  18.4305
  13.9989
  2.88179
  17.8404
  21.1227
 0.398476
  0.42054
  9.88504
  22.0193
   25.266
  19.8376
  12.0293
  2.96591
  19.9629
    12.36
  5.46077
  4.44554
  6.11802
  14.1038
  1.40761
   3.7337
  12.8424
  7.45288
  10.6652
  14.2249
  13.2184
  11.6575
  18.8531
  14.2623
   16.019
  4.93978
  21.5359
  4.53372
  17.5522
  0.16661
  12.4107
  1.64409
 0.877813
  17.5229
   14.737
0.0767657
  15.1578
  2.10867
  10.5733
    11.04
   59.276
  10.2432
  28.3322
  28.8607
  7.99684
   8.4459
  6.75306
  2.86486
   16.143
  17.7044
  7.80723
  30.5526
 0.596528
 0.560798
  27.6934
  5.84884
  9.22585
  14.2923
  27.8271
  24.0599
 0.420576
 0.361825
  3.02609
 0.301087
  18.7711
  14.7903
  5.10615
  22.1166
  9.77134
  15.3248
   10.972
  6.53619
  3.71044
   5.0089
  12.4124
  1.27688
  23.1424
  9.28571
  10.1651
  3.56377
  1.29711
  1.69345
  8.47177
  14.7153
  2.34597
  21.2977
  2.54754
  2.61639
  3.85766
  3.11878