  13.7767
  14.1636
    24.03
  2.46459
  2.52049
  5.84372
 0.882631
  2.24247
  5.22796
 0.539249
  5.19732
  21.0589
  8.63126
0.0738534
   1.6705
  8.97238
  17.6465
  20.1955
  25.6552
  13.7777
  17.2157
  3.79542
  16.1664
  9.26128
  30.0002
 0.882631
  5.57483
  2.42141
     5.91
  20.6741
  14.1291
  2.20214
  0.66977
  4.53182
   6.6329
  50.3723
  42.3252
  28.1295
 0.935743
  8.34113
  7.26792
 0.775482
  1.47528
   20.816
  5.63721
   41.592
  30.0825
   13.649
  21.8244
  26.3193
  39.3719
  2.77752
  5.97396
  21.1666
  11.1379
  16.1078
  16.0507
  5.98331
  26.9136
  4.76188
  2.68811
  18.7184
  15.4276
  4.45947
  1.08993
  13.9441
  6.91992
  29.9651
  2.63872
  6.24074
  13.7661
    25.38
 0.711917
  6.60847
  21.5249
  2.79237
  35.4429
  2.62385
  13.8423
  6.59779
  27.5433
  32.8044
  2.59748
  14.0323
  13.6594
  26.7266
  2.01001
  4.01349
  5.05511
  47.8286
  38.8473
   6.4026
  2.95324
  32.9072
  13.1447
  15.5184
  20.0917
  24.9307
 0.535584
  32.9457
  9.51701
  7.83172
  1.12169
  0.99801
 0.585348
  2.46267
  4.97654
  5.72946
  13.7114
  2.52347
  43.1958
   43.491
  1.35808
   4.0769
  28.3439
 0.285786
   11.442
  15.3827
  3.14265
  1.10906
  10.0966
  20.7474
  4.68811
  7.44949
  10.0217
  13.5012
  26.9613
 0.617203
  4.12282
  4.42711
  5.21484
  5.98475
  22.1904
  27.2521
  5.23021
   4.7576
  1.89774
   13.492
  3.16546
  17.3773
  6.03397
 0.284206
  8.72997
  6.45189
  7.26676
  18.2626
  31.6085
  31.0043
  2.41171
  22.4275
  8.14396
  6.47402
  28.9941
  5.33298
  11.6266
  29.7514
  27.7515
  42.0506
  28.4015
   2.7335
  31.3156
  3.09844
  27.9142
  18.9743
  33.0852
  32.1821
  4.71706
 0.151869
0.0604957
  13.4693
   19.236
  17.4659
  7.63402
  31.4528
 0.164921
  28.5966
  31.9856
  44.0786
  3.87296
  12.5223
  2.10417
  28.7901
  6.89555
  5.05479
  7.57563
  5.95777
  39.3351
 0.687871
  6.34433
  29.1176
  21.0044
  3.97847
  30.1338
  6.67043
  19.8206
  8.36195
  7.87598
  3.27847
  16.1842
  7.36572
   16.118
  8.80374
  14.4305
  6.71463
  11.6081
  25.7834
   8.5159
  32.0197
  10.5958
  27.1316
  19.9644
 0.893862
  16.6956
  22.4032
  5.99432
  8.98333
  7.17472