  33.1135
  20.3694
  10.9943
  7.02167
  5.33559
  5.84871
    2.843
  4.98974
  1.70589
  4.88569
 0.660259
  7.82392
  18.9448
  10.8829
  10.1212
  5.11046
  8.29974
  13.5266
  6.25797
  29.9853
  20.4628
  27.4523
  30.8424
  14.7855
  23.3497
  34.7923
  32.1687
  5.24337
  15.2326
  8.87646
  17.7255
  30.0724
   22.791
  22.6439
  4.98974
  1.26843
  4.21368
  3.40497
  17.9251
  15.7196
  4.69601
  4.30408
   15.637
  7.59489
  1.72897
  42.6304
  16.5149
  24.1086
  30.3636
  5.15419
0.0276186
  11.5383
  10.1962
  10.4114
  3.59663
  5.57535
   41.696
  20.3501
   33.471
   36.837
  30.7065
  30.7065
  27.3905
  15.0475
  18.0699
  28.2339
  36.2297
  56.9648
  33.4716
0.0287074
  5.93549
  8.88645
   8.5811
  18.1232
  3.76968
  6.51881
  26.8414
  2.57614
   3.7924
  25.9698
  35.1937
  29.5704
  12.6925
  4.65241
  2.98234
  3.05092
   14.883
  11.1621
  31.1936
  1.81413
  2.60347
  5.63179
  11.8464
  2.49331
  5.13114
  21.4085
  1.70145
  26.1357
  18.1457
  20.2983
  1.30048
  31.8561
  21.8514
 0.672639
 0.822355
   2.7686
  30.2172
   19.757
  3.38539
  1.87401
  38.1833
  10.9143
  6.72845
  20.3914
  28.1717
  25.4407
  25.6164
  26.0632
 0.782667
  21.6365
  6.80126
   7.9293
  9.59368
  4.05223
  2.95137
 0.177857
  53.6034
  19.9636
   10.837
  17.9913
    4.419
  5.47484
  24.7107
  16.5676
 0.951839
  2.92437
  2.12964
  5.72981
  6.07296
   30.737
  18.0245
  4.29736
  39.1468
  32.6317
  25.0468
  1.88107
  4.35193
  42.3517
 0.217208
  25.0366
  2.58849
  3.47305
   4.3628
  4.84784
   2.4711
  9.27195
  4.71955
  32.3411
  15.4732
  1.30161
  1.54596
  6.74594
  4.19081
  11.4399
  37.0998
  41.8085
  23.7039
  26.6244
  24.4803
  16.7859
  30.4688
  1.85514
  8.08484
  27.1659
  5.96484
  7.17316
  7.41814
  6.64981
   17.166
   4.3221
  1.54202
  29.7117
  38.0834
  53.9766
  23.4746
  39.8901
  6.72156
  4.00323
 0.951493
  24.6247
 0.615506
   36.585
  24.5722
  25.2443
  27.1717
  12.2866
  17.8884
  31.2449
  1.51131
  6.92842
 0.968122
  27.2928
   24.877
  36.5025