  41.3884
  22.8804
  32.9854
  34.8139
  23.4702
   23.315
  14.5305
  18.9818
   28.219
  26.1071
   40.278
 0.999596
0.0731046
  33.7483
  29.2033
  33.1913
  19.9287
   19.485
  34.2532
  21.6416
 0.217487
  2.37412
  1.26079
  34.3729
  23.1512
  39.3391
   1.3501
  2.16294
  2.50575
  5.66271
  2.54225
  6.27662
  7.89954
  32.9897
  41.5653
   46.997
  32.6172
  2.82317
  9.56337
  14.2634
  3.25537
  28.0207
  33.0004
  35.8654
   3.8618
  26.4017
  18.9509
  15.1804
  3.30504
  12.7809
  7.55823
  21.9709
  16.4921
   28.603
  12.7505
  12.1332
  29.0429
  11.1973
  7.90194
  4.08579
  9.17855
   34.824
  30.2551
   4.8585
  3.29379
  6.75729
  8.75904
   2.1236
  28.2917
  28.1984
  4.18068
  32.4904
  6.43832
  1.60105
  19.2961
 0.549786
  23.2714
  27.4704
  30.2573
  3.90297
  28.0135
  4.14637
  23.6666
   14.234
  8.79697
  31.8663
  22.6846
    6.358
 0.910778
  34.7406
  6.58361
  23.0228
  1.05247
  2.02551
  30.0973
  12.2912
 0.366605
  18.7438
  22.1586
 0.714109
  4.55953
  11.6082
 0.442827
   31.371
  23.2914
  1.60713
   5.2258
  27.5319
  5.78721
  15.6534
  11.5274
  16.2823
 0.582844
 0.205853
 0.956075
  3.73395
  6.51532
   33.963
  15.0896
  11.6995
  8.03231
  1.35976
  28.7541
  25.2796
  27.3744
  26.7714
  30.9523
  8.06961
  7.95583
  7.33301
  2.39876
  30.0159
  26.8762
   17.696
 0.537712
  34.0141
  31.1201
 0.140478
  13.4028
  4.65787
  13.7487
  3.04047
  6.97984
  5.08871
   15.919
  14.3803
  8.58355
   25.276
  28.2861
   9.6661
  4.31469
  7.47926
  29.1521
  12.1241
  6.09816
  29.5577
  26.3472
  5.10865
  7.50176
  24.4939
  26.2791
  7.96962
  26.0465
  34.0362
  9.29784
  33.7168
  15.5062
  2.94412
  34.6606
  5.40977
  5.22471
  31.8582
   2.2883
  10.9427
  7.06654
  19.3871
  6.60885
   13.464
   11.005
  13.9572
  1.58957
  1.89881
  13.6775
  3.47711
  6.94397
    23.88
  8.59602
  5.47401
 0.873608
  8.82353
  1.58676
  34.1024
  36.7759
  14.9351
  28.5067
  8.59701
  12.6311
  32.5627
  35.1608
  14.4613
    6.471
 0.710585
   18.848
  10.1059
  34.0505
   33.792
  4.16482
   24.587
  33.8651
  21.3224
  24.5524
  14.1809
  26.5291
  32.6909
  13.1399
  31.8649
  3.45432
  16.4571
  25.0472
  27.5915
  27.3873
  33.2553
  9.38524
  4.22134
  8.85683
   21.822
  1.92221
 0.164656
  2.14276
   4.0996
   3.7778
  17.5246
  18.4478
  4.35418
  6.14949
  13.3897
  2.16103
  18.1745
  30.1458
  34.9585
  28.4054
  29.9649
  10.1483
  1.74916
  1.72546
  1.60074
  29.4182
  2.68333
  30.6951
  21.0267
  25.5377
    3.538
  3.07207
  4.11185
  8.83072
  3.81283
  2.67884
  4.55684
  32.6134
   23.352
  15.4557
  13.3441
  12.9971
  16.2053
  1.17765
  24.9459
  23.9595
  19.3938
  23.5065
  32.1519
   7.0534
 0.823092
  12.1995
  8.50479
 0.164377
  1.36133
  22.8865
  21.0048
  22.5896
   16.594
  14.1685
  19.7253
  15.2057
  4.63706
  25.1914
  36.3544
  16.3283
  35.8092
  12.9173
  14.6743
  13.3632
  15.0626
  24.3679
  10.8606
  10.8799
  32.3648
  11.8322
  1.39724
  15.0385
  32.9235
  3.12469
   8.8761
  19.9028
  7.69765
 0.876516
  27.2122
  36.3234
  34.1383
  7.23696
  31.8296
  7.95519
  1.15582
  29.7918
  25.2349
  5.87033
  17.0967
 0.244016
   24.072
  27.6662
  6.44246
  13.1108
  35.4159
  22.0927
  32.4763
  5.02229
  1.51546
  15.3771
  37.2278
  5.88783
  6.10485
  2.01803
  39.9839
  28.1605
  6.33439
  7.94042
  10.0145
   3.4644
  1.94675
  6.51361
  16.2722
  26.4994
  5.57266
  17.4203
   29.396
  4.25803
  7.06215
   10.205
  13.2665
  26.9354
  6.01507
  3.31302
   3.8048
   1.4236
  28.0665
   24.194
  25.0859
  2.03987
  27.7699
  20.8205
  10.8074