 12.4601
 10.8616
  1.6121
 6.03777
 0.78837
  12.033
  10.833
 18.1894
  4.0419
 14.0375
 1.36871
 1.64522
 1.28178
 6.87858
 3.88084
 12.0543
 8.79717
  1.7581
 3.95907
  6.7572
  13.818
 6.98584
 10.5541
 1.29058
 1.52927
 8.40621
 2.46011
 4.16439
 14.5399
 12.2548
 8.88791
 6.89882
 6.69253
 18.0467
 3.59345
 13.8185
 22.0881
 8.13209
 13.8477
 11.5995
 1.73115
 3.49154
  11.027
  35.766
 25.3243
 4.42297
  8.5879
 6.55838
 20.1486
0.795275
 27.1301
   22.52
 24.3896
 4.55757
 5.84272
 5.16154
 7.65833
 16.9237
 2.80507
 15.8119
 9.24412
 2.88811
 22.1045
0.693489
 13.3816
 31.2831
 8.15163
 17.1333
 12.1253
 8.67838
 19.2375
 13.2912
 21.6322
 15.2517
 15.9627
 4.70899
 4.80499
 14.9878
 20.8203
 26.8007
   14.92
 3.56643
 4.63354
 10.8287
 14.3436
 7.79578
 18.1144
 20.9334
  17.495
 18.7436
 5.95603
 11.4625
   6.041
 14.0428
 2.51994
 13.5133
 1.72075
 6.34722
 17.8032
   6.851
 3.00083
 13.5808
 1.31502
  23.269
 8.26161
 3.44056
 6.96231
 14.1991
 13.7829
 2.71417
 12.3178
 10.6232
 33.0116
0.485231
 26.9973
 10.8268
 4.94326
 18.5127
 6.65601
 24.0701
 21.7534
 6.37011
 18.8622
 5.01821
  27.109
 21.3816
 22.7175
 1.76264
 21.4862
 4.17124
 6.27058
  5.6766
 5.52796
 19.6532
 8.01414
  17.816
 6.04124
 3.36868
 6.06782
 10.6008
 20.5119
 1.77307
 20.6072
 11.6537
 6.17756
 19.1981
 22.7183
 31.9771
 12.1173
 8.32735
 9.00549
 25.7957
 7.45219
 32.4203
 16.1787
   3.522
 23.3332
 3.15215
  39.641
 7.34925
 1.84928
 23.9509
 2.12886
 19.2141
 21.8855
 6.01689
 6.25639
 13.4881
 18.6209
 24.8804
 21.4062
 5.37381
0.255313
 8.63289
 15.9648
 13.1005
 6.89977
0.438983
 2.69186
 15.1575
 6.23919
 6.53192
  6.7193
 6.69798
 1.95832
  19.878
 5.64125
 2.86473
 43.3649
 6.81037
  7.8084
   3.699
 4.91587
 3.93222
 3.57871
 3.00121
 13.7126
 6.42661
 7.96759
 16.7856
 3.76761
 12.5427
 12.0856
 17.4163
 4.64895
 38.5902
 4.72834
0.571009
  16.299
 8.19418
 5.11714
 1.12861
 16.1744
  2.2817
 5.67464
 4.95591
 1.10448
 2.21455
 8.65757
 17.8287
 27.7976
 11.7398
 16.3423
 2.94316
 5.10625
 2.62529
 12.5267
 6.09408
   10.32
 1.18399
 9.62418
 5.53687
 2.41877
  1.8081
 10.3224
 3.71252
 8.96846
  8.4445
 1.41463
 9.19873
 6.69413
  15.741
 32.6941
 13.5277
0.583833
 10.5252
 8.88791
 6.29873
 11.7041
 6.11596
 4.86268
 9.52973
 0.17666
 10.1722
 5.20407
 3.28854
 8.35787
 1.92658
 8.87423
 5.99438
  34.941
  7.4783
 17.9835
 9.22221
  14.346
 2.73883
 11.4795
 1.50571
 7.98953
 4.02008
0.540322
 0.11865
 19.4952
 4.32267
0.885893
 13.5421
 5.69965
 2.28019
 13.4682
 18.6574
 11.0573
 8.15044
 22.1939
 23.1556
 16.3771
 13.0801
 6.37322
 8.43506
 5.75044
 27.8604