31.2949
32.7081
39.1284
56.4071
18.9072
32.3811
31.6216
26.5154
50.4431
44.3815
41.8593
53.1498
22.7607
25.6292
31.1635
29.6552
24.9196
20.2442
30.0925
50.9559
48.4973
29.3892
64.1013
11.7549
43.6199
 44.833
53.1436
47.2377
59.1781
49.3505
55.2639
41.4244
47.7362
57.1856
62.7906
45.2069
27.7251
46.3666
37.6033
22.9387
30.0345
61.6034
65.5872
25.4845
25.2484
28.4576
16.6121
23.7701
24.8572
47.1188
42.6455
57.0468
22.2312
 49.344
54.4977
55.8848
52.5561
56.2226
56.1709
26.7384
46.2529
24.3063
22.3895
20.9811
34.3012
45.6834
26.1155
54.1079
25.3423
 1.1335
24.8572
8.31798
47.4846
43.8334
39.8271
38.1308
50.7167
52.0663
34.2233
40.2155
22.4547
16.0061
84.3179
22.2965
49.3226
63.4391
46.4074
48.0985
59.1789
55.0615
41.2768
51.4274
29.3892
42.9518
29.3083
39.6805
43.2725
35.6219
28.4264
21.8624
89.4853
28.5701