  25.0653
  6.49695
  11.5497
  35.8233
  11.7599
  16.9141
  2.10897
  4.86342
  38.9974
  2.46953
  2.99203
  16.6355
  4.39399
  22.8593
  18.8603
  4.72158
  32.7378
  3.59568
  42.8593
  22.1042
   2.9575
  2.90659
   8.7945
  6.98701
  6.94425
  30.2104
   40.401
  11.2497
  31.4344
  8.03924
  5.64271
 0.980534
  6.47124
  3.68017
  8.35415
  2.01853
  24.7651
  3.62595
  20.5917
  3.95073
    9.674
  7.77344
  10.9133
  6.86529
  4.71943
  15.1205
  17.1475
  4.09366
  29.4246
  49.5527
  24.1316
0.0149165
  22.2114
  6.94374
  10.2107
   9.3956
  38.2389
   3.7131
  9.71507
  22.5025
  4.93633
  10.8916
  5.27073
  13.9335
  4.74153
  10.5411
  5.26771
 0.575732
  31.0794
  6.68228
  14.9791
  8.07091
  13.2658
  10.7765
  1.13384
  11.3778
  6.38922
  8.17688
   7.5245
  2.95514
  14.1824
  3.13666
  32.0329
  3.44233
  10.1166
  5.42111
  11.7377
  2.73969
 0.786579
  2.36814
  4.60914
  40.6951
 0.817956
  1.30194
  4.29203
 0.593242
  8.67024
  4.23355
  6.75641
  10.6271
 0.315456
  24.5042
  12.9835
  5.89756
  8.39763
  17.0698
  7.01795
  2.61436
  5.65626
  28.6698
  34.6591
  1.76987
  10.9279
 0.210164
   2.3129
  26.2902
  17.6858
   1.4149
  8.30952
  35.4558
  17.0508
  28.0286
  1.71089
   7.2918
  15.9311
  30.8128
  5.97551
  1.42236
     5.45
  6.95204
  4.79734
  1.56016
  34.7138
  6.79684
  2.38597
  2.44853
  15.6074
  5.34175
   30.845
  24.1734
  21.5278
 0.966998
    5.685
  1.37898
  8.21339
  3.51641
  2.03606
   23.919
  7.07123
  4.75973
  7.26286
   2.2816
  18.8981
  32.7093
  34.3605
  4.48168
  3.10088
  20.2432
  15.3912
  7.91353
   5.7329
  3.31852
  1.42319
  3.18777
 0.278962
   6.5969
 0.123152
  3.85416
  36.4022
  4.14175
   14.009
  4.16819
  5.16343
 0.798242
  18.9285
  6.33403
  8.09482
  14.6709
  2.21382
  19.3623
  13.8409
  13.0649
   20.391
  11.7191
   6.4367
   14.631
  11.1524
  9.94256
 0.318657
  7.09066
  11.8749
  10.2537
  13.4291
  26.2235
  2.98164
   6.4835
  12.1517
   6.7433
  28.0862
  13.2355
  5.17462
  6.75539
  13.1405
 0.531714
  14.0542
  3.58261
  15.8495
  1.03093
   1.9216
  28.1544
 0.985927
  10.0798
  7.24438
  11.1796
  3.71033
  7.87867
   10.778
  13.6275
  3.59668
   3.8885
  37.7959
  3.01851
  10.5535
  12.3665
  15.9636
   8.9239
  9.81443
  24.3663
  10.1862
   6.6438
  2.85515
  2.31443
  19.1192
  4.74355
  8.28682
  11.3695
  4.90374