87.1696
77.9433
  37.25
32.6298
25.7691
72.4713
28.3356
34.3859
 48.406
74.3096
40.1132
78.6618
84.5463
70.4388
56.9165
66.5404
43.4747
86.3055
37.1163
22.2785
85.4614
89.0003
35.9345
71.7507
39.0864
53.3106
22.1671
87.1697
25.6904
89.9958
85.2133
84.3775
70.4389
9.11298
32.3291
 28.682
63.1283
60.6302
77.7877
83.3076
88.5221
22.9835
21.9458
 9.9791
52.6079
40.0461
59.3918
55.4583
36.0911
61.4171
65.8487
67.0406
22.8353
83.5972
62.6871
 62.849
 72.826
18.1574
78.2816
76.3254
31.1602
78.6615
 7.6525
79.8948
79.3731
32.2048
32.9036
25.2276
33.5975
32.7597
24.8848
50.4287
65.6483
88.9334
  34.95
54.7475
84.2033
65.7421
63.8243
61.1189
66.2187
89.9958
32.9085
34.1833
 48.105
 44.701
28.5116
8.49738
54.6374
64.9836
62.3109
76.3087
32.2048
40.0461