  32.1246
  24.8555
  28.1695
  34.9281
  27.5818
  47.4104
  41.5249
  48.1567
  29.4038
  37.0121
  41.7524
   25.244
  36.6243
  39.2768
  43.1309
  40.2702
  43.2907
  41.8535
  39.3912
  37.0512
  39.1948
  27.6269
  35.9254
  46.5811
  38.9662
  39.9036
   31.593
  31.7159
  30.4039
  30.6762
  31.8594
   26.601
  40.3944
  39.9744
   31.938
  29.5188
  26.6178
  40.0785
   28.545
  31.5474
  1.73069
  4.70965
  2.99157
  5.52913
  30.3012
  1.00823
  1.23991
  6.47642
 0.669887
  30.5229
   8.9247
  37.9446
  1.92834
  1.61927
 0.792814
  7.76578
  2.66364
  1.35163
 0.898249
  1.76795
  1.89793
  1.22052
  19.4239
  4.98705
 0.826555
  1.36414
  2.07952
  38.2362
  1.60478
  2.74638
  1.60147
  1.15569
 0.998358
 0.471725
  28.8398
    5.817
  38.2454
  38.4008
  4.12472
  9.07178
  27.3244
  7.46143
  2.13518
 0.955332
 0.352641
  9.58308
  25.8593
  7.60575
  2.83703
  1.04748
  1.68319
  10.0247
  5.61104
  2.11921
   6.9448
  4.17963
  2.75708
  2.38131
0.0173004
  5.60742
  4.49054
   5.8169
  1.35393
 0.795601
  3.08509
  4.80338
  4.14692
   30.549
  9.98898
   1.2757
   0.3698
  3.27434
   6.1312
  10.0592
  5.46054
   5.8169
  2.68022
   9.0211
   1.2962
  1.98285
  2.95106
  27.5279
  0.65341
  4.30599
  3.80948
  24.6765
  5.88597
  1.32906
   7.2609
  22.8445
  4.98917
  7.72615
   3.0088
  3.13256
   10.074
  1.84576
  7.73299
  7.95437
  6.38578
  2.01852
  0.41636
  20.6903
  4.59955
  2.59459
  2.32369
  1.52349
   9.4384
  9.20222
  2.31729
  1.29953
  2.00616
  3.07093
  2.14359
  7.47173
   4.4006
  2.78536
  10.1603
  2.16045
 0.363847
  6.28989
  1.57102
   5.1929
  9.46187
  8.84372
  1.05052
  5.14412
  2.23222
  2.49053
  1.66043
   11.127
  8.99351
 0.692657
  3.63768
 0.664592
  0.81175
  2.44648
  32.7043
  1.05906
  4.22065
  6.78134
  5.27656
  5.22882
  3.99277
   8.4755
  22.0181
  6.75657
  3.67135
  8.37729
  5.57598
  6.87819
  6.61753
  6.22334
 0.652951
  3.52961
  4.20048
  4.17424
  6.10975
  1.30327
   2.7065
  3.08183
  0.22674
  1.05884
  6.74164
   9.0479
  5.50138
  32.4492
  1.29222
  2.00066
   14.838
  4.93244
  17.9914
0.0246154
  3.70954
  2.28122
  3.10345
  8.33321
  5.65952
0.0857848
  6.07801
  8.50822
  5.51566
  1.25211
  1.81682
  0.91812
   8.3878
  1.24622
  5.25424
  2.38687
  7.42616
  4.47764
   4.1281
  2.02718
 0.301881