 11.8506
 17.6258
 27.8255
 14.7319
 32.2902
 15.8058
 24.4201
  29.996
 21.7374
 3.17654
 3.73785
0.189614
 14.9898
 27.7625
 7.59714
 17.9407
  15.118
 30.0714
 4.35696
 22.5718
 3.70822
 7.73324
 5.52595
 4.84202
  12.656
 17.6131
 4.34031
 11.0399
 25.1899
 24.9637
 4.72736
 17.0622
 7.11586
 2.75464
 7.92724
 12.2404
 24.1267
 14.1583
 26.0086
  9.3641
 39.9398
0.236116
 11.1189
 29.3682
 15.0382
 10.9406
 4.15802
 4.36146
  11.006
 19.7599
 4.23186
 34.4194
 2.85597
0.859526
 5.93783
 16.4658
 21.0819
 29.4648
 10.3494
 2.15359
 7.48373
 36.8902
 26.2933
 5.21713
  9.7439
  10.345
 4.54955
 10.1286
 21.3077
 1.58875
 20.1753
 1.55096
 5.99338
 14.1923
 25.0423
 29.8614
 23.7782
 19.1073
 22.3926
 12.1327
 18.4958
 21.8614
 10.1606
 19.7386
 7.05685
0.359212
 28.9145
 15.3364
 27.5355
 10.7276
 9.66158
 40.2374
 32.6466
 17.1565
 32.1822
 5.42029
 6.43525
 25.0202
 23.8541
 27.4738
 16.3698
 20.9846
  28.415
 25.5501
 5.82457
 1.33374
 21.6165
 24.0672
 20.2601
 30.7908
  20.151
 22.5043
 5.74589
  6.6593
 30.1967
 8.00104
 21.2575
 21.0107
 9.72456
 25.2593
 38.3549
 5.78358
 8.77812
 33.6337
 25.7024
  8.4484
  25.287
 18.1077
 5.46656
 19.8229
 20.8831
 10.7017
  21.287
 27.9176
 11.8663
   10.58
 33.0654
 6.30831
 44.1622
 10.4692
 1.51323
 21.0305
 28.5366
 31.0931
 2.28446
 10.2653
 21.0891
 9.94233
 27.6107
 8.26657
 22.1314
 6.91274
 29.7038
  22.197
 19.0347
  31.668
 30.2492
 7.09905
 9.10759
 34.7597
 28.7723
  11.927
 4.90643
 27.2776
 12.4897
  26.354
 22.8239
 7.83245
  10.373
 13.7519
 17.2468
 28.3409
 5.57328
 9.65789
 8.50772
 6.06176
 14.7737
 24.4753
 22.2225
 23.2609
 10.7938
 32.1249
   20.62
 1.16499
 8.59134
 27.7425
 2.63201
  9.4871
 7.45574
 12.2021
 12.8624
 19.6123
 1.86021
 8.61609
 31.2333
 17.9802
 17.9369
0.939438
 3.88492
 15.5179
 28.5084
 15.8611
 2.03057
 8.81661
 19.6808
 15.3932
 21.0895
 9.41301
 13.3707
 16.0228
 10.2866
 7.68213
 10.5402
 33.1063
  39.786
 1.71404
 6.96039
 19.0521
 10.8488
 12.4616
 14.3348
 1.31341
 2.46732
 8.03761
 11.3392
    3.13
 22.2683
0.932186
 24.5972
 25.2704
 33.9856
 2.15025
 1.86129
 1.34994
 13.8612
 1.25046
 16.7848
 10.8099
 24.9894
 30.5666
 16.6182
 33.9626
 36.4222
 11.9962
 24.4235
 11.6259
 6.31355
 9.94372
 5.01283
 4.42048
 30.4627
 28.2707
 9.17666
 25.8794
  6.8969
 24.0145
  28.084
 10.7884
 20.6895
 22.7502
 39.0991
 9.10762
0.235442
 29.9905
 17.4968
 14.3381
 30.1803
 35.2814
 3.28558
 12.8789
 21.9108
 1.12049
 14.9179
 34.2985
 2.94955
 9.75588
 26.4201
 8.94252
 4.10612
 3.96877
  24.362
  13.779
 38.6952
 1.61484
 7.67297
 35.8242
 35.5461
 10.6286
 28.5445
  17.216
 23.6687
 23.9694
 11.2879
   2.761
  16.177
 13.3441
 6.28516
 14.4008
 3.92571
  6.1524
 9.20704
 4.75223
 13.6467
 1.75169
 12.1974
 6.55018
 10.8369
0.604911
 8.64025
 8.37786
 4.91379
 8.05038
 13.8738
  28.357
 9.71615
 32.0513
  16.406
 30.6668
 4.76326
  11.225
 5.33146
  4.4868
   1.204
 8.14414
 18.2808
 27.2282
  11.193
  1.3425
 20.9534
 25.9034
 1.04674
  14.982
 24.4936
 20.1939
 22.9348
 20.4061
 18.4144
 13.1568
 22.6794
 8.49526
 4.95834
 11.0043
 5.75861
 10.9235
  4.9364
 24.8808
 20.5335
 34.3467
  14.658
 1.21636
 33.6027
 5.03394
 26.9442
   6.415
 10.2993
 34.2995
 34.0642
 21.4051
 26.6115
 5.89034
 11.8888
  14.543
 10.3006
 29.8368
 12.7868
 16.4574
 5.67088
 15.9927
 6.99652
 26.5143
 7.42151
 2.93367
 0.58819
 17.9192
 3.10094
 28.4084
 15.4732
 16.2441
 1.79716
 25.0763
 1.13969
 1.02419
  5.3668
 27.4525
  14.184
  8.5257
 24.9483
 9.96779
 14.0741
   8.592
 5.86987
 11.0177
  6.6325
 18.8453
 11.9725
 21.3371
 1.27771
 7.15398
 2.64918
 3.39924
 15.2985
 23.9459
 14.1117
 4.41466
0.510778
 5.09529
 2.37508
 9.72368
 2.57242
 21.4747
 3.55292
 29.4614
 17.4054
 4.36478
 16.1152
 6.83109
 4.07439
 5.85292
 18.6107
 28.1647
 4.19963
 4.36415
 16.1166