  29.5079
  23.1966
  23.4558
  27.8299
  11.6972
  28.2473
  27.4469
  4.53102
 0.898476
  26.6218
  24.3275
  22.0592
  1.71927
  27.0292
  8.34718
   23.318
  29.2974
   33.455
  12.1131
  15.7027
  5.19282
  2.61932
  28.2691
  8.06409
  17.3121
  10.1602
  5.94286
   12.822
  1.85658
  6.23798
  15.3273
  15.4899
  2.46625
  1.75433
  30.0584
  13.6087
  16.4803
  10.8927
  23.2019
  12.5909
  10.9872
  7.23838
  17.5983
   10.404
  25.9899
  5.14258
  12.7128
  2.22208
  25.7577
  29.2815
  23.2739
  3.08278
  28.9631
  7.41109
   12.809
  17.6919
  6.45565
  1.25537
  26.1912
  11.5744
  26.9389
  16.4555
  18.7374
  2.55639
  13.1427
  23.3697
   9.1616
  11.4343
  15.0889
  13.5648
  19.3305
  8.13155
  10.3301
  33.7237
  16.4689
   8.3626
  21.2373
  7.43223
  1.38269
  7.19662
   15.062
  15.4736
  13.4817
  11.8137
  16.0659
  9.59081
  7.14057
  9.00022
  16.0618
    15.01
  30.3821
  16.6615
  20.6652
  9.73363
  20.3233
  32.4657
  4.72907
  15.4374
  16.3036
  14.7072
  32.4526
  20.6823
  12.2251
  24.9525
  16.8751
  3.83541
  6.42845
  14.0039
   10.546
  4.94418
  7.11571
  19.6848
  6.85553
  6.10152
  23.4752
   13.315
  8.99484
  23.8956
    3.214
  7.34956
  32.6372
   28.309
  11.0807
 0.525865
0.0290587
 0.428421
  26.2957
  1.16153
  8.52724
  0.64408
  8.86151
  15.9975
  20.0095
  6.71904
  4.25909
  10.5996
  12.1194
  5.24832
  5.02873
  7.53677
 0.110973
  16.6526
  13.2143
  8.73602
  16.3094
  1.39702
  45.0128
  32.2221
  2.34688
  13.2344
  11.9944
  3.41428
  3.13061
  6.65367
  11.4857
  12.5226
  26.3221
  7.05762
  1.99508
  30.4151
  8.23226
  8.78797
  21.8287
  17.4199
  18.7209
  24.4686
  10.7403
  1.17007
  18.5414
  5.54618
  10.4177
 0.913079
  14.1548
  24.5183
  31.0472
  19.4448
  22.9882
   32.606
  18.4643
  5.78111
  8.22895
  4.64641
  18.8716
    20.33
  3.37888
  2.12592
   2.9524
  3.11909
  13.6366
   5.1651
  3.69293
  10.2446
  1.71763
  26.0379
  26.3649
  3.52393
  1.95715
  27.2273
  15.1014
  8.15088
  3.83298
   4.6806
  1.97968
  7.08267
 0.200793
 0.356933
  17.5341
  13.6778
   9.8419
  7.78528
  1.61258
  17.7372
   10.509
  1.93796
  10.1733
   11.358
  21.6045
  25.5755
  29.8902
  30.0136
  13.8146
  13.5489
  10.2096
  0.20267
  21.1441
  19.1727
  22.4607
  18.9282
  17.5059
   13.371
  3.00935
   2.7402
  4.40523
  8.95265
  12.2306
  14.5809
  7.38915
  17.3926
  8.12576
  25.5848
  31.8138
  11.4874
   38.133
  4.72689
  15.9319
 0.256655
  8.68975
   6.8252
  4.31983
  22.5056
  17.1547
  1.68212
   7.6173
  14.7358
  16.1674
  7.93671
  13.8684
  2.45098
  17.0584
  3.26606
  13.2968
  15.6096
  18.7635
  5.16863
  4.56258
  4.06059
  1.41348
 0.379302
  5.14102
  1.61501
  6.64027
  4.00039
  7.18915
  4.83522
  4.35641
  2.97317
   10.556
  19.4517
  6.54503
  7.37781
 0.625251
  26.9093
  12.9386
  2.54379
  26.0783
  18.6458
  8.23517
  6.84387
  17.8459
  4.42122
  7.00338
  27.9662
  1.22914
  13.5503
  1.59581
  4.04029
   3.9721
  22.8452
  2.78879
  13.3369
  4.99714
  19.4974
  5.27069
  1.13903
   1.0011
  5.10155
  4.51005
  22.6842
  18.6985
  4.69243
  10.8471
  12.4564
  7.59864
   11.498
  22.8888
  20.2597
  28.3983
  4.12467
   21.174
  14.3447
   16.703
  2.65999
  2.11889
  2.20191
  10.0552
  31.2118
  13.3166
  10.3081
  12.5938
  10.4635
  12.1233
  16.9834
  19.5029
  23.6783
  14.3318
  15.5881
  26.5339
  4.83837
  10.3081
  16.3954
  29.1788
  9.45575
  39.8736
  30.5569
  15.1073
  24.7375
  13.1029
  24.8675
  32.6358
  8.44999
  18.4356
  3.18471
  3.16491
    19.41
  6.16911
  10.9958
    11.72
  26.3293
  15.9161
  19.7362
  2.10055
  5.21588
  1.59272
  17.9709
  8.04237
  1.25438
  1.87509
  30.6481
  14.4533
  18.7309
 0.705381
   12.421