  29.9508
  19.1989
   24.958
  37.8059
  31.6449
   6.2738
  12.2076
  16.4161
   20.598
  3.90557
   33.798
  22.9077
  9.76447
  12.4895
  5.24898
  5.34797
  1.98587
  8.13463
  5.55567
  14.1064
  10.4455
  4.03359
  11.9413
   10.791
  8.09952
  7.40974
  21.8324
  15.7976
  2.08462
  3.49457
   16.528
  3.81971
  3.64511
  1.09376
  2.11855
  19.0905
  2.70978
  21.7659
  1.73575
  10.8006
  7.35869
  13.5408
  0.35928
   17.045
  8.80033
  12.9936
  2.92182
   4.1161
  7.12032
  1.14365
   10.337
  6.39924
  8.71986
  15.2647
  12.3515
   16.497
  21.5773
  7.68089
  5.13743
  18.7584
  14.2521
   5.7948
  9.90031
  6.47166
  14.8445
  7.55485
  14.6087
  12.4617
  6.95753
  3.98467
  10.4202
  18.5036
   18.406
  13.3136
  9.00465
  20.1049
  28.9532
  5.02665
 0.347916
   9.2509
  1.77805
  22.8227
  16.0053
    15.43
   11.075
  4.87202
  9.47759
  6.27865
  1.31964
  9.87997
  4.43511
  4.75005
  20.2951
  14.5684
  3.81472
  18.2391
  9.41904
  13.3459
  13.6624
  3.58377
   11.464
  28.5983
  21.5638
  7.91626
   11.086
  5.29003
   9.0328
  3.47925
  2.05556
  3.13285
  3.24965
  15.2731
  1.07704
  15.0519
  4.53247
  4.92002
  7.25004
  8.94787
  14.4274
  6.63485
  7.34657
   11.783
  6.02922
   8.3877
  6.61957
  12.6873
  14.5836
  19.4656
  5.83997
  5.04996
   7.0649
  12.5277
  2.53194
  11.8635
 0.351559
  14.8425
  1.95309
  2.76876
  13.6766
  6.36529
  5.71169
  6.21641
  2.64187
  17.7904
  16.2949
 0.254686
  12.8868
  3.23926
  10.8644
  10.3621
  13.8269
  23.5238
  11.7144
  13.5713
  32.1087
  20.0195
  4.72503
  3.40451
  1.94468
  15.0645
   17.968
  2.28253
  6.95353
  4.73932
  7.13863
  6.76053
  4.79225
   3.0223
  9.74586
  6.75713
  17.6381
  27.1574
 0.896486
  7.73813
 0.802773
 0.951605
  2.73392
  6.17633
  2.87593
   10.326
  7.66298
  4.74424
  9.22383
  6.10325
  4.03643
  7.67252
  3.60377
 0.802673
  5.53395
  15.9033
   7.4249
  5.18197
  23.0714
  25.7052
  27.0076
   14.665
  5.64658
   5.4319
  12.1061
  15.2617
  16.6985
  17.7044
  12.3707
  13.5032
 0.205834
  19.1758
  10.1404
  20.0313
  6.78956
   2.5669
  7.16105
   2.2329
  11.5974
  12.3947
  5.55582
  13.6939
  7.86121
  4.42144
 0.028898
   13.328
  27.1091
  20.2862
  12.0252
  29.2172
  3.42645
  3.98751
  2.18275
  13.5456
  13.7824
  14.1464
0.0127959
  8.91225
  14.2055
  20.2292
  7.32824
 0.150417
  8.98961
  10.7443
  17.3506
  7.99061
  6.45905
  1.13829
  9.30702
 0.358126
  10.2788
  14.9772
  16.3701
  13.6995
  12.3374
  7.02652
  12.5042
0.0902402
  6.82437
  7.25631
  5.39234
  8.36259
  1.58941
  4.90327
  5.72834
0.0206078
 0.221036
 0.233597
  4.69346
  6.89281
 0.797491
  7.18493
  2.26332
  2.11699
   6.9619
  1.47289
  19.8741
  3.48014
  0.70638
  19.3952
  15.4685
  11.4453
   9.8997
  3.68751
   5.8075
  16.9926
0.0407594
  6.77349
  9.06049
  2.24836
  9.29007
  7.38273
 0.556197
  20.0664
  6.20251
  3.23027
  16.2061
  5.68603
  21.0568
   3.2112
  5.46964
  6.18303
  1.95957
  15.4968
  8.32687
  25.2903
  19.1516
  25.0549
  13.9173
  12.8894
  5.87268
  15.2766
  8.25265
  8.84144
  13.6585
  12.8921
 0.887234
  10.9883
  2.29332
  13.6275
  15.8336
  20.7913
  10.8717
  7.71524
  16.4829
  9.53567
   3.2172
  13.1034
  16.2284
  7.78683
  11.2703
   11.395
   4.9274
  23.5068
  12.6104
  16.4829
  5.42541
  26.5965
  4.75189
  6.87619
  28.7679
  27.7896
  12.7544
  15.4778
  11.1088
  16.2954
  1.27461
  23.7208
  10.8738
  1.90835
   5.3901
  6.91124
  16.1478