  5.07135
 0.405951
  29.5617
  7.70718
  12.0272
  6.35561
  10.1235
  4.62169
  2.71382
  11.6984
  5.18677
  2.59869
  3.86295
  4.29347
  6.12894
  1.33543
  24.5584
  11.5058
  17.7512
  6.61445
  6.66473
  5.80008
  17.5659
  4.48034
  5.88839
  12.0796
    11.36
  10.3044
  37.5555
  10.6298
  7.16896
  7.25201
  18.8586
  19.6172
  3.71054
  3.35981
  2.30741
  7.46984
   34.628
  2.19556
 0.402563
   11.283
  1.43856
  27.2066
  1.15496
 0.238507
  7.70432
  30.7501
  2.61644
   3.1734
  29.4793
   21.325
0.0872652
  8.35883
 0.487879
  1.27716
  16.0259
  15.3123
  22.9054
  10.8354
  4.13706
  12.3961
  6.31065
  1.74853
   1.8763
 0.570933
  13.2179
  14.8139
  2.19985
  9.88198
  20.6693
  2.63877
  11.3333
  3.71426
 0.540415
  1.99016
 0.230002
 0.640721
   4.9195
  18.7063
 0.933877
  3.20139
   2.8102
  2.98225
  2.65145
  1.22761
  6.91862
  4.66559
  3.58794
  1.03206
  2.17515
  2.86091
  5.33134
  2.57378
  7.33529
  11.5828
  20.4128
  3.49496
  2.40151
  2.92261
  17.9241
  3.29834
  31.6362
  9.57838
   16.068
  16.2113
  3.89065
  25.2964
  8.09635
  13.2814
  2.95833
  6.06689
  12.2353
  11.9073
  6.97277
  6.91113
  33.7868
  12.6248
  32.6926
  18.9765
  1.04174
  12.5245
  1.91065
  5.63976
  3.58794
   30.949
  1.26603
  4.32385
  16.2158
  4.87036
  12.4932
  2.94077
  11.4823
 0.933436
  5.71569
  7.53399
  2.12451
  27.7683
  13.2227
  6.88428
  3.07839
   4.6278
  4.63392
  10.8617
  8.67378
    5.031
  4.89843
  6.32188
  19.9563
  7.21461
  3.91507
  8.78476
  23.5082
   4.0173
  4.39402
  21.5032
  30.3757
  7.54501
  5.21024
  4.52821
   4.7936
  25.1986
  25.1004
  25.1336
  4.55846
 0.879667
 0.810729
  2.30332
  11.7504
  7.46325
  28.4079
  4.53826
 0.799409
  24.7392
  25.4019
   17.883
 0.156694
  6.84059
  9.13262
  1.73094
  29.6599
  22.6566
   1.8597
  6.81324
   4.4106
  13.8338
  19.5371
   15.973
   23.928
  4.82271
  7.36082
   8.0982
  2.16528
  36.0285
  20.5616
   9.7793
  17.9889
  13.0767
  25.0262
  1.44268
  1.27111
  5.69833
  7.14103
  4.43899
  15.6234
  6.27548
  6.82251
  2.53404
  44.9585
  21.8091
  53.4535
  31.2687
  38.7102
  40.0632
  32.5885
 0.778318
  4.62607
  6.61988
  22.4084
  26.3758
  4.57398
  3.59475
 0.845258
  1.85908
  4.31723
  3.73508
  29.7395
  5.71622
  7.40119
  18.5624
  24.5239
  4.79321
  3.88514
  12.7814
 0.429056
  11.8959
  10.4265
  25.6499
 0.341338
  7.31475
  19.8516
  3.11898
  0.25126
  5.34962
   13.758
  48.9057
  4.38421
  3.87781
  9.61337
  12.0925
  19.6635
  38.2264
  30.5061
  1.71428
  6.66291
  3.40919
  32.4362
  4.38949
 0.816698
  5.45522
  4.61104
  6.51332
  30.3412
  8.21332
  38.6647
  10.9898
  14.4628
  19.0768
  12.3049
  25.1448
  12.0391
   4.1631
  2.04078
  39.1516
  6.64626
  1.11902
  3.86675
  6.06184
  56.1554
  23.7406
 0.640405
  19.7858
  2.36601
  31.1259
  28.6678
  4.46031
  30.0633
  7.43036
  21.7121
  1.69413
 0.404227
  2.69687
  15.9628
  3.50659
  17.8432
  5.71441
  1.55316
  3.90145
  1.95263
  1.96014
  8.66882
  4.17922
  3.27741
  24.1513
  5.11244
  27.6751
  7.37927
  24.9429
  14.0188
  23.0082
  7.93806
  18.3897
 0.719545