44.6771
46.0724
26.1182
40.7865
27.8071
26.4583
63.2311
79.9039
61.4763
65.2071
52.4907
46.4932
59.2335
15.8179
53.2612
 49.685
55.6658
26.9158
40.5853
26.7406
71.9198
62.5756
 43.278
26.8773
39.6932
56.1216
55.3029
50.8188
71.1892
42.5236
 44.833
8.35835
19.7708
41.0447
65.9252
25.8635
4.30248
8.74179
52.2046
42.1165
37.7027
53.3754
81.5016
 50.892
6.01425
 30.284
8.31711
26.6374
10.5962
25.4942
64.4476
57.3698
46.4932
45.4319
66.2732
47.6358
41.7307
34.3267
70.5579
48.6408
 73.087
38.4991
27.9679
57.7017
39.1759
55.3029
 44.269
86.2032
 53.442
54.0022
22.8842
82.3508
58.8769
65.2071
 59.336
41.4941
9.40584
 28.247
46.4931
51.0687
24.5255
64.6871
74.0818
64.0773
14.1593
43.6113
29.1092
42.4197
31.9951
30.0578
57.9603
53.4421
32.2053
5.73982
64.9661
  66.56
11.2171
25.9265
 42.007
14.7882
5.07207
 28.704
53.6465
89.7475
21.5611
79.2163
57.9603
62.8282
42.8349
7.77673
5.74375
29.2246
   28.4
51.4702
23.8528
 6.9262