  2.66787
   11.267
  5.53699
  14.8816
  38.7532
  14.4063
   6.4744
  9.83654
  9.36263
  17.5008
  6.12547
 0.181099
  8.27784
  17.4901
  8.11566
  12.7024
  3.95227
  21.9809
  48.4415
  39.4447
  26.9051
  20.5431
  3.72181
  15.8076
  14.9791
  6.45266
  7.77674
  11.8441
  5.99279
  1.35974
  2.73688
  17.7317
  18.0144
  11.0094
  9.36263
   19.149
  14.6037
   14.305
  16.5087
  17.0157
  14.1608
  18.9191
  11.3457
  10.9344
  13.5491
  13.3847
  13.0238
  51.1453
  6.13885
  22.8016
   2.8014
    21.34
  9.42385
  18.5145
  13.4606
  11.6523
  2.27437
  46.9978
  18.8071
  28.9976
  8.38075
  11.1317
  22.2783
  40.7787
  2.58364
  8.78113
  21.3395
  14.2228
  6.53852
  3.11148
   18.953
  11.6312
  20.2379
  45.1608
  1.39675
  9.61065
  3.08165
  2.53365
   20.772
  12.6357
  2.45499
  4.22808
  4.23709
    15.11
  17.5031
  21.0509
  12.0708
  1.08082
  9.81559
    7.265
  20.5505
  6.38834
  42.4894
   41.349
  12.0227
  45.6003
  1.56912
   5.7595
  12.6759
  12.7043
  45.1936
  8.82754
  3.33554
  8.83683
  42.2711
  25.1347
  20.3025
  15.1639
  24.9577
  2.73769
  4.42307
  11.0886
  4.90219
  28.1301
  49.6891
   19.896
  20.6083
  36.9777
  17.2538
  10.0252
  3.25227
  4.75104
  4.53256
   2.3576
  11.7119
  11.5108
  30.9066
  9.05686
   2.4483
  7.36837
  19.7392
   12.251
  13.7995
  31.1154
  14.7581
  12.9496
  1.77203
  20.9329
0.0431492
  19.9715
  6.15184
  31.2343
  62.2935
  23.9874
  14.5006
  6.74675
  6.01729
  24.1021
  8.94321
  5.94828
  19.5673
  15.7963
  11.0911
  3.48548
   3.6073
  0.18266
  15.5877
  10.4205
  35.6139
  12.0542
  21.5041
  45.7826
  3.98675
   9.3175
  15.5737
  25.9518
  36.6674
  17.7019
  16.9186
  9.04545
  13.1482
  8.23845
  2.91394
  3.62821
   20.023
  21.3916
  31.1423
  26.6698
  9.22392
  54.3442
  38.2998
  34.7178
  36.3877
  59.7863
  41.1911
  3.07006
  38.1573
 0.566234
  11.1772
  44.1119
  13.7416
  1.75596
  15.9233
  46.4421
  34.5356
  36.1129
  8.43571
  7.34145
  3.30299
  18.8049
  39.8686
  37.2853
  37.0364
  27.0018
  11.2968
  15.7205
  10.8382
  1.14373
  31.9763
  59.3292
  3.28809
  0.19323
   17.463
   12.981
  14.6117
  33.0258
  21.4004
  28.8994
  44.6648
  19.9925
  20.5971
  29.0554
  13.0849
  13.8651
  13.6484
  31.2695
  12.7052
  29.4383
  23.3385
   5.8045
  22.7229
  33.5351
  1.17976
  20.5089
  8.53333
  43.7323
  13.8636
  4.13051
  36.6584
  7.88584
  18.2111
  11.8689
  7.82398
   39.946
  6.74627
  8.64307
  8.15477
  4.57106
  13.0903
  21.9227
     27.4
   2.3877
  1.85274
  7.97356
  17.8659
  7.29242
  9.80146
  10.7685
  4.55405
    3.282
  33.9606
  9.12258
  17.1574
   8.1113
   33.267
  2.33721
  9.27602
  18.8973
  2.58513
  20.8355
  4.70092
  39.3859
  13.1776
  20.2333
  5.37835
  3.02827
  12.2207
   1.8329
  39.0272
  16.9899