62.5718
51.3746
57.1784
50.0132
53.7213
7.81806
7.22165
52.3438
77.8881
80.3535
49.9425
54.4103
45.8363
50.8248
58.9049
27.0806
48.9279
40.9708
52.1872
48.3108
51.9748
51.5664
45.5057
 50.957
57.9722
37.6295
44.4008
58.1677
57.2467
47.9593
57.8878
 47.497
74.9295
14.7599
11.7679
57.2122
58.9955
36.5138
52.1872
49.5868
8.67439
57.8385
8.90594
55.5481
54.5818
52.8756
52.4476
50.0131
 50.957
58.7951
 87.064
78.8724
64.5223
14.7351
11.7687
57.4545
35.5752
58.3075
52.1872
36.8501
47.4948
55.5481
52.5942
52.7734
52.7668
50.4963
  74.93
78.8724
69.3823
14.7359
11.8382
62.2194
53.7016
50.7793
12.6865
51.0318
56.2816
52.7668
49.9539
49.4511
80.3539
44.3944
60.4324
 35.653
58.1134
55.5244