  28.7669
  20.1395
  9.81625
   7.7285
  10.0584
  3.69304
  2.65834
  3.68571
   7.6792
   12.113
  4.34151
  9.28036
  26.3556
  3.11602
  8.98139
  2.59086
  10.3615
  14.8333
  1.63303
  31.4346
  24.4807
  21.9298
  27.0603
  31.3361
  17.3165
  28.4543
  20.5309
  32.3956
 0.440634
  9.03092
  27.8005
   24.294
  17.9373
  18.8244
  23.8389
  3.68571
  1.91673
  1.58237
  4.97655
  25.2553
  7.46376
 0.635839
  0.12799
  5.70739
  8.26081
  5.63147
  41.4214
  34.0904
  22.1751
  29.5747
  22.0098
  3.81934
  3.52205
  13.0872
  8.73183
0.0590293
  4.19586
  3.79109
  35.3377
  31.2157
  19.1311
  46.1092
  18.0328
  28.7372
  16.5006
  18.1186
  24.3746
  25.8123
  36.3119
  19.1313
  3.56101
  3.43695
  10.1074
  10.9866
  23.0808
  8.89986
  11.5876
  18.7881
  5.72934
  6.78286
  22.0764
  35.1992
  25.9245
  13.2714
 0.494011
  8.32304
  2.24468
  2.65407
  13.7657
  27.8145
   3.4105
   3.5017
   40.776
   1.5892
  7.37563
  55.2161
  3.62007
  13.6587
  30.5672
  1.37338
  33.8801
  25.1644
  18.3055
  3.41786
  44.1547
  30.2028
  3.61576
  6.91407
  3.00965
  22.1217
  17.6691
  0.67806
  2.50109
  47.0325
  0.48038
  14.1126
    51.72
  26.8215
  26.1676
  40.2117
  21.5037
  27.5331
  5.78648
  22.7049
 0.803103
  7.10337
  13.6282
  4.63307
  3.98958
  7.41943
  45.9002
   28.026
  17.5708
  53.0487
  24.3691
  2.19512
  1.42411
   25.094
  22.5747
  2.03702
  3.59509
  8.97102
   4.3912
   13.334
  41.1564
  25.1133
   11.362
  30.5739
  29.5895
   29.814
  1.38366
  6.77033
  37.6919
   4.9918
  25.3368
  4.42639
  21.6344
  25.1257
  10.0046
  4.42272
  11.5744
  12.3521
  21.3098
  3.19292
  1.41489
   5.2917
  20.1649
  25.3292
  1.52353
  30.2496
  32.7494
   27.861
  34.4875
  23.7168
  39.1597
  29.5608
  16.4142
  3.52787
  10.8613
  22.6171
  2.05284
  27.1973
  41.0354
   45.443
  19.6071
  6.67348
  24.2786
  4.57118
  1.70847
  19.2767
  32.2199
  47.7227
  27.0265
  40.3358
  13.2622
  1.06664
  15.7098
  15.8201
  7.07136
  36.8458
  34.7203
  21.4944
  38.6113
  0.80299
  26.2646
   23.256
  2.45425
  1.30376
  5.40634
  33.7667
  43.4206
  43.8738