0.0299076
 0.680453
  3.53832
  1.37091
  26.6622
  17.5184
  2.31921
  10.8508
  4.77792
  29.0055
  21.1486
  9.59306
  9.78518
  8.89804
  25.6873
 0.489305
   3.6451
  11.1453
  27.0502
  12.6637
  6.32003
   25.663
  26.2601
  1.70378
  6.05411
  1.36236
  6.92897
  19.6614
  10.1038
  18.0173
  11.8124
  18.0047
  26.5524
 0.856716
  11.4096
   31.295
  22.9624
   4.9308
  31.3246
  12.0992
  20.8413
   0.1861
   7.4448
  6.68914
  3.63771
  28.0336
  32.4956
  5.05311
  5.59983
  2.59638
  17.6718
  10.3648
  31.9379
  14.1756
  29.1498
 0.426896
  6.38493
  9.91741
 0.545528
  26.5333
  12.8189
  25.6767
  7.77031
  11.3309
   15.487
  5.59486
  28.2738
  29.3823
  7.24105
  9.47939
  3.67295
  2.32507
  25.9011
  2.96831
  25.9803
  9.93748
   23.811
   6.2628
  2.72185
  2.77753
  8.15484
  6.14416
  9.63911
  4.24081
 0.293616
  6.07804
  23.4762
  2.23344
  10.7719
   15.297
  25.9841
  3.28989
  6.21749
  6.31534
  10.9144
  5.72717
 0.933628
 0.699314
  9.56565
   7.1013
 0.883585
  2.82087
  5.92771
  3.93972
   10.679
  15.9912
   15.045
  15.1448
  10.1414
  19.5122
   7.2834
  9.90521
    18.02
  4.66095
  28.8567
  3.56206
  15.6359
  12.1436
  16.0985
  9.68344
  31.5205
  15.9683
 0.134598
  25.4237
  3.94698
  26.1016
  18.4092
  1.53258
  8.48732
   12.433
  10.9144
  4.28664
  5.84747
  20.1708
  21.6167
  5.06789
  7.11987
  2.90132
  5.79701
  15.7595
  6.04919
  3.99473
  22.9507
  5.69365
  18.5397
  22.8215
  22.5889
  18.3281
  10.1247
  9.22106
  1.46029
  19.3001
  4.36174
  14.4656
  7.35969
  7.33704
  8.33456
  16.0668
  6.03551
  30.2873
  20.7025
  3.69582
  17.3905
  30.8682
  1.75663
  8.49215
  1.95341
  1.95148
  5.37656
  17.3268
  15.8397
  2.96082
  18.8569
  32.2752
   50.056
  12.1342
  4.53357
  10.7455
  14.6357
  14.1594
  5.64245
  3.65186
  6.78241
  41.0663
    29.81
  8.10306
  12.2321
  5.33857
  9.14448
   18.334
  11.5992
  6.87045
  14.3124
  23.9836
  9.05961
  12.4496
 0.305194
  18.7186
  1.00796
  11.7268
  2.98919
  1.38542
   5.1697
   27.128
  2.32007
  1.03305
  36.0245
  28.5157
  9.24502
 0.744728
  1.44712
  6.77441
  35.7756
  30.1149
  11.0308
  9.32238
  11.6606
 0.515381
 0.130273
   12.539
  33.1072
  2.62229
  11.6436
  11.4466
  12.9431
  2.54946
   16.091
  26.0809
   2.2101
  50.6595
  12.2538
  42.5379
  40.6938
  29.0027
  3.62494
  4.86071
  1.34747
  26.9628
  34.6199
  41.1245
   7.6646
 0.750448
  3.30183
  49.5821
  1.44072
  23.7179
   7.6041
 0.039304
  9.99309
  22.7198
  24.8798
   3.0024
  6.79069
  10.2379
  4.39042
  1.70921
  3.14337
  10.3549
  18.5529
  5.61934
    3.947
  8.96911
  13.0416
   6.8073
  4.52089
  2.10493
  10.9937
  55.5659
  23.5842
  1.69224
 0.623209
   8.6268
  3.42862
  4.54606
  39.8016
  38.7405
  4.44291
  15.7111
  1.88506
  2.78318
  10.4984
   3.2014
 0.717378
  2.98116
   32.409
  21.9735
  27.1442
  21.4553
  38.9406
  2.46542
  2.64374
  10.7508
  11.2061
  24.7107
 0.130828
  22.6917
  7.26917
  46.1214
   4.9164
  3.43415
  19.9428
  2.30405
  35.2194
  29.5921
  21.4406
  34.2027
  3.09125
  13.2566
  4.88417
  38.8683
  3.68045
  35.6562
  16.0071
  27.0754
   6.5918
  2.22111
  6.11038
  16.5581
  14.7915
  5.63551
  3.78925
  2.53372
  19.0168
   1.5743
  8.04166
  4.71768
  11.1655