4.67525
7.10908
  8.201
8.52308
  9.769
 9.7989
11.3044
11.4121
13.2857
13.3993
13.8535
14.0962
14.2875
14.5134
15.5603
15.6143
15.6531
16.1401
16.4066
16.6287
17.0598
17.3723
17.3762
17.5457
17.5945
18.5044
20.3097
20.4999
  20.61
20.7822
 20.902
20.9281
21.9486
22.0395
22.0587
22.1566
22.4509
22.6959
23.2109
24.5234
25.1368
 25.419
25.4316
25.6237
25.6831
26.3054
 27.479
27.8782
28.3804
28.8631
29.3639
29.6609
30.7565
30.9599
31.6647
31.8208
31.8867
 31.893
32.6803
33.7014
33.8571
36.0824
36.4224
38.1421
38.1746
39.0536
39.6273
39.9642
 40.627
 42.756
42.8935
43.0323
43.2769
44.8301
45.0263
46.1188
46.9936
47.3901
48.1383
50.0675
50.3678
50.7744
51.0509
51.1271
52.7681
53.2529
53.5303
53.6472
54.2265
54.6048
55.1149
55.1612
56.9312
58.0732
 60.742
63.1551
63.5802
64.7694
64.9312
67.3218
83.3776