  14.0054
  4.66578
  7.58931
 0.189055
  20.8009
  17.9322
   1.9115
  2.20952
  34.8656
  10.7643
  1.74911
  1.35946
  30.0485
  7.53273
  10.6772
  10.8139
 0.577083
  10.0947
  28.7545
 0.402409
  1.40181
  16.5794
  25.6992
  9.52936
   4.1042
  7.13925
  2.62157
  6.39452
  17.9714
  10.0118
  12.4718
  26.3027
  10.8515
  29.3889
  13.2525
  30.2105
  10.4811
  26.1585
  25.3171
  16.1667
   17.235
  7.86685
  35.3563
  4.42876
  5.44948
  4.37618
  5.20716
  20.7492
  8.33942
  5.73111
  3.42953
  35.0948
  5.57808
  2.13936
   7.8293
  12.3395
  9.12398
  35.7188
 0.245696
  30.8126
  10.4105
  13.3299
  20.9037
  16.6899
   11.577
  11.1931
  1.84932
  7.54685
  0.51611
    6.655
  11.1782
  11.2441
  2.85407
  5.20828
   24.927
  13.3196
   8.7703
  11.3049
   11.006
  8.90986
  5.09567
 0.668796
  3.31583
   6.8787
  7.38915
  7.52542
  6.04769
  25.4002
  14.0967
  5.73232
  26.6947
  8.32265
  17.7888
  11.9899
  5.67182
  1.63766
  1.65713
  1.93753
  3.16744
  5.44178
  1.18782
  2.79834
0.0314876
  5.56985
  8.97447
  5.62909
  8.67137
  11.5956
  3.32365
  1.06762
  6.84663
  4.30166
  1.91074
  8.08801
  20.2925
  7.51102
  4.79207
  1.22315
  7.82671
  19.5626
 0.333356
  11.5969
  1.50919
  27.8067
 0.261844
  21.2612
  3.51592
   3.7276
  20.0177
  5.98276
  4.37525
   4.4832
  61.7651
  49.2498
  3.78431
  1.28835
  7.18431
  9.98975
  4.41058
  9.35037
  37.1689
  19.5476
  21.2748
  9.39039
  6.30928
  10.9112
  6.93301
  26.1777
   3.4688
  47.3659
  1.05422
  4.73064
  6.81405
  2.32214
  8.69461
  1.49457
  5.41003
  35.7944
  10.4072
  21.4379
 0.342852
  1.86062
  12.8312
  2.56865
  11.8917
  22.5833
  11.5666
  12.5431
  2.35341
   6.4548
  21.1077
  20.7467
  58.0875
  10.3958
  62.1688
  51.1059
    31.23
   29.245
  18.9184
   5.1924
  5.69231
  13.7195
  2.49196
 0.892891
  5.29222
  10.6206
   25.261
   42.513
  12.0668
  8.91232
 0.369614
  5.73359
  28.5004
   7.8846
   2.3556
  4.15284
  1.12917
  6.36962
   4.0554
  12.8132
  1.88004
 0.830953
  8.06061
  13.4121
  51.1838
   14.127
  7.29172
  7.77039
  7.38442
  7.66176
  7.34363
  48.5659
  39.3218
  2.48344
   3.1385
  3.82776
 0.572291
  10.0355
  63.8981
  70.1322
  45.2528
  57.6695
  2.75076
  34.6957
  9.60318
  40.4052
  24.6159
  50.4902
  4.08092
  4.64149
   44.698
  12.5994
  7.55624
   69.519
  35.5403
  4.59606
  44.3637
   58.263
  11.3967
  3.48486
 0.874254
  64.9297
   26.869
  40.2552
  7.76596
0.0869456
  26.1706
  19.8014
  29.6518
  3.42872
  54.4908
  39.9634
  42.9101
  18.7958
  13.7289
  67.9476
   50.631
  17.7086
  30.7446
  3.88653
  6.05384
   9.3767
  58.3017
  67.2897
  30.5235
  7.10134
  4.56965
  17.8975
  5.02164
  42.4351
  64.2059
  24.3339
  11.9936
  6.96202
  13.7794
  7.82817
  11.6424
  41.7484
  12.1915
  50.6783
   21.646
  36.8654
  3.90362
  24.9095
  30.2062
  49.7959
  14.6567
  34.1751
  50.2776
  30.3239
  68.4347
  11.6755
  53.9673
  69.3349
  67.8428
  61.4649
 0.503753
  6.47067
  61.8659
  9.87128
  21.0337
  7.49667
  1.85753
  4.33574
   76.403
  0.81246
  71.0096
  75.7368
  56.3974
  31.2155
  62.8345
  40.7422
  75.7998
  21.7253
  25.2944
  7.68174
  26.1589
  5.18351