 9.59296
 2.03031
 24.2985
 31.2322
 35.6059
 34.3606
  29.022
 18.3559
 24.3086
 21.4706
 31.1938
 6.38223
 11.5238
 12.3052
 28.5496
 6.80677
 24.9684
 5.83637
0.679978
 7.98008
 7.36817
 2.74437
 9.62177
 4.95185
 21.5298
 26.2239
 27.5913
0.712266
 5.41223
 2.26161
0.931387
 4.82639
 26.9226
  1.5909
 9.20823
 15.2977
 33.6593
 25.3605
 20.3985
 26.5856
 4.60009
0.849061
 4.26401
 25.9334
  11.756
 10.8458
 4.23282
 12.1541
   17.65
 12.9565
 4.07863
 7.44122
 1.14164
 1.66906
 8.40172
  26.574
 14.7937
 14.3281
 3.91424
 37.1974
0.544356
 38.7299
 26.9548
 3.35747
 1.36586
 2.85072
 3.52641
 3.36354
 23.7967
 11.7917
 1.74396
 7.10709
 6.04977
 26.9759
 10.9663
 45.1851
 16.3407
 25.0279
  17.075
 22.5145
 28.2381
 24.8892
 5.69514
 22.6744
 4.59167
 3.73805
 32.8521
 7.96772
 29.3649
  20.039
 10.1807
 9.11393
 33.9971
 17.3221
 19.3373
  4.3816
 9.03927
 2.45073
 6.34562
  29.978
0.622291
 20.0949
 22.6205
 20.6565
 2.64946
 31.7601
 28.9368
 1.90741
 7.46266
 21.3152
 7.34613
 1.49631
 5.60849
 43.4917
 40.5629
 27.1583
 5.86091
  36.393
 1.23195
 27.9211
 13.7718
  11.819
  5.3491
 5.12849
 35.7022
 2.90311
  38.614
  5.3981
 44.0075
 19.4662
 2.24055
 25.6209
    24.9
 4.00671
 5.45556
 23.9859
 24.8268
  27.145
 22.7195
 20.0156
 9.86345
 5.85181
  1.2067
 2.91291
 11.9279
 21.5401
  32.078
 22.4067
 2.67376
0.414795
 20.6083
 4.11095
 7.84662
 4.26127
 24.5897
 18.5729
 9.77651
  36.218
 26.6308
 3.46831
   17.63
 35.8145
 19.5294
 7.00542
 37.7604
 12.9723
 21.4253
 17.1752
 1.50398
 34.5413
 8.19239
 17.4507
 11.4826
  6.7955
 6.10109
 21.5658
 26.0892
 31.0552
 44.3202
0.999426
 10.2445
  1.8317
 3.31484
0.083894
 7.46944
 16.9826
  38.738
 39.7176
  5.9981
 37.2425
 13.6023
 4.44573
 2.21099
 20.9858
 8.09886
 8.52063
 5.13589
 18.4228
 23.7694
 26.2823
  8.6148
 3.14076
 22.2787
 5.21269
 22.5524
0.317795
 7.99439
 14.4891
 13.0703
 12.5313
 3.38464
  3.3743
 38.8164
 3.27611
 20.6086
 36.6375
 17.7531
 18.9151
 7.05761
 3.31829
0.857746
 36.9177
 33.9494
0.883299
 5.50635
 19.1184
  29.815
 42.5791
 24.8058
  1.5469
 4.07827
 4.11509
 10.3053
 31.1956
 8.66178
 3.74989
 22.8997
 30.9251
 38.3889
 39.3124
0.879673
 1.41098
 5.63994
 2.41984
 4.18838
 17.7744
 4.30699
 33.1352
  19.144
 12.1156
 42.2544
 24.8378
 3.90078
 32.1748
 2.29902
 13.3245
 1.96921
 1.79986
 20.3405
 25.7546
 38.3056
 5.37913
 27.5121
 10.1159
  9.2441
 38.3868
 5.84196
 28.5805
 35.9439
 29.4232
 35.8426
 1.35336
 9.48903
 4.86257
 32.0014
 11.0288
 27.6969
 5.80128
 16.2613
 2.31627
 21.5078
  2.4678
 26.9743
 3.07666
 25.7069
 28.2749
 27.4127
 12.1406
 2.72755
 5.05865
 36.8843
 7.50911
 31.6075
0.110986
 2.01194
 3.11915
 18.1214
 7.83806
 9.98807
 27.6521
 33.8692
 23.8003
 34.3607
 1.42129
 13.6165
 7.80538
0.609385
 11.5874
 7.23948
 19.8422
 11.4514
 2.16231
 27.3287
 6.45009
 7.09434
 17.6091
 21.3414
 18.4208
 12.7165
 5.03288
 6.79365
 11.5632
0.696923
 11.3301
 21.3188
 1.01075
 3.00068
 1.04532
  2.5481
 9.44151
 4.75824
 29.2519
  5.8182
 8.55446
 4.26534
 3.06472
 12.8946
 11.9274
 8.36408
 27.4723
 17.7623
0.881941
 12.5915
  10.072
 22.2258
 11.2983
 15.1894
 22.5191
 2.20558
 12.7965
 19.6616
 3.54448
 4.22591
 3.25298
 21.1451
 2.13849
 13.5172
  20.586
 1.68193
0.824065
 10.1761
 30.2479
 3.69109
 37.4115
 2.79826
  17.378
 23.3182
 16.6312
 26.0706
0.789775
 16.4637
 4.51204
 0.39325
 31.8031
 1.32681
  2.4765
 12.0043
 8.79457
 30.2518
 19.1454
 9.33221
 26.2171
 4.10289
 8.07527
 6.04304
 12.3774
 11.1675
 9.39251
 26.7097
 26.9699
  31.991
 1.52355
 20.2644
  6.1155
 2.73128
 10.7735
 10.7826
 13.6816
 5.31913
 9.73048
 7.05007
 24.2705
 5.13894
 11.8625
 6.48353
 14.8963
 18.5258
 9.81688
 27.9437
  5.9502
  27.425
0.306413
 2.17227
 23.8624
 24.5602
0.743365
 18.6706
 6.60687
 0.34144
 25.6431
 4.96013
 6.12006
 11.1524
 27.8324
 1.31421
 6.79746
 14.5016
 3.62734
 7.31727
 13.2807
  5.2869
  15.668
 17.0141
 17.5334
 2.75732
 16.3856
 16.3296
 14.5085