  8.78542
  12.3502
  40.5982
  52.1647
    41.89
  27.5158
  33.2426
  24.3876
  21.7041
  10.2455
  4.63426
  18.7493
  19.1296
  19.6044
  1.98802
  5.12279
  3.20612
  12.6408
  7.86609
  5.44139
  10.0313
 0.701121
  2.45092
  16.3982
  24.4717
  27.7775
  10.0248
  12.8333
  7.27759
  5.39153
   9.9453
  24.3379
  17.5847
  15.9669
  23.4092
  50.3589
  15.4379
  23.6342
  16.1901
  5.56699
  31.8918
  14.3884
   16.043
  40.4598
  18.7587
  10.4068
   8.5947
  20.6399
  7.05806
  1.69217
  26.5714
  7.34199
  15.8062
  12.4785
  16.6992
  8.59257
  16.8045
  4.83869
  14.4265
  4.48083
  33.6348
   36.844
  5.06846
 0.112044
  10.6162
  23.2611
  14.9099
  28.8756
  1.79793
  8.65856
  1.02224
  3.98872
  6.88332
  11.0096
  41.1225
  27.9355
  24.9835
  33.6125
  18.4669
   19.197
  23.7419
  26.4506
  6.62478
  4.32277
  24.6391
  12.1907
  34.4175
  13.8777
  12.7481
  49.9757
  21.0388
  9.00573
   1.5109
    1.981
  7.42589
  25.4038
  14.9345
  18.7239
  6.79954
  28.8092
    16.85
  35.6208
  9.83466
  26.1109
  7.68052
  5.85637
  35.7782
  12.1845
  15.2279
  11.5221
  25.4558
  35.9105
  42.9377
  33.9606
  2.62389
  39.9047
  4.98162
  16.3614
  34.9992
   30.326
  25.9522
  2.51514
  12.6874
  36.0991
   4.0027
  8.80442
  44.6304
  7.54271
  18.6342
  9.17967
  26.1436
  17.0749
  9.36646
  4.44699
  27.7207
  15.2891
  32.7138
  31.6215
  20.0912
  24.6755
  20.8781
  4.90234
  3.45515
  1.57182
  24.9866
  32.2955
  6.60171
  9.75567
  9.10072
  6.57054
 0.472104
   15.318
  32.1483
  13.3261
  5.02718
  29.5814
   35.271
  6.37439
  25.5716
  41.1438
  21.9282
  2.52767
  44.9087
  31.9608
   10.684
  14.1727
  5.86226
   21.637
  11.9115
  6.07556
  7.57309
  35.3964
  50.0806
  29.1153
  9.19349
  8.58498
  3.07014
  7.02409
  7.61581
  34.8706
  33.9578
   34.071
  8.09833
  42.3866
  28.8002
   12.596
  3.28752
  15.6537
  35.2173
  1.79907
   6.5278
  1.88077
  8.74811
  11.5339
   34.894
  7.66973
  4.11839
  32.0779
  17.7355
  5.45731
  7.63069
  13.8053
  18.7777
  13.5193
   2.2663
  1.61852
  4.23792
  43.5486
  8.02016
  9.10072
  34.7557
   10.267
  39.6594
  8.18625
  2.04431
  8.25687
  43.9919
  49.8687
  0.50867
  4.72345
  1.60768
   37.501
  3.51136
  20.4091
  50.6957
  5.37396
  3.18583
  6.07604
  2.20544
  10.3193
  4.44012
  13.3992
 0.409347
 0.831294
  9.82937
  11.8663
  35.0973
  45.2448
  43.7034
  7.47762
  1.69786
  8.96493
  1.59597
  7.95788
  23.4547
  25.9292
  7.81844
   13.135
  30.8059
   9.8993
   42.776
  16.9959
 0.604899
  32.4059
  4.70024
  6.90522
   33.958
  6.29929
 0.910109
  13.2573
  17.7625
  41.1584
   18.879
  17.6557
  11.3136
  17.8986
  39.7009
  2.48795
  28.1146
  12.0141
   23.205
  40.5545
  1.72393
  2.10227
  1.65443
  18.0643
  32.4529
  30.1935
  21.3083
  13.1435
  5.40786
  22.0862
  1.49302
  31.0211
  21.6889
  23.9298
  8.72112
  18.6326
  7.25526
  7.60655
  6.41683
  49.4714
  1.58374
  38.9824
  1.95469
  16.0238
   26.878
  25.4287
  34.4248
  11.0124
  52.7835
   29.379
  27.6955
  48.2882
0.0704149
  13.8197
  27.5867
  9.90788
  6.52542
  11.3797
  0.80246
  4.82751
   30.676
   1.2259
 0.258468
  14.1892
  30.4411
  12.4245
  9.67251
  24.3451
  3.47312
  3.03364
  3.88867
  27.0205
  10.4897
  13.9233
  3.30241
  30.9721
  8.89151
  6.16421
  1.56295
 0.909117
  3.50253
  8.06875
  18.5072
  3.31441
  24.1399
  9.92633
  14.9028
  7.75096
  5.61998
  3.60508
   19.136
  8.48092
  4.56477
  31.7773
  18.4798
  6.16922
  15.8327
  7.25207
  1.99069
  1.45505
  7.40919
  9.67364
  6.43354
  24.4358
   8.8757
  11.3805
  2.02738
  36.6853
 0.698966
  4.46547
  43.5496
  32.4346
  11.9741
  11.7225
  5.67099
  2.42756
  6.82488
  5.12654
   13.961
  16.5902
  7.98699
  19.1545
  13.9509
  7.90188
  20.0878
  3.91889
  1.11729
  15.8145
  6.44536
  2.11633
  6.44139
  4.13712
  23.3536
  10.1358
  2.92631
  4.90972
  3.95208
  28.1762
  4.77444
  4.91509
  3.51045
 0.517116
  3.30046
  13.7117
  4.53276
  11.6119
  9.11075
  8.52753
  13.2285
   1.5234
 0.880732
  7.05205
  24.1024
   13.618
0.0733594
  7.35077
  3.22826
  6.24285
  19.3477
  9.86935
   21.663
  1.11818
  6.98143
  16.7916
  8.71145
  9.51359
  22.6873
  23.1822