 4.3448
6.00934
 6.4576
7.09327
7.27974
9.03654
10.6915
13.0979
13.4801
 14.513
17.7893
18.3075
19.1885
19.5491
20.3471
20.6067
21.3067
21.4404
22.1307
22.3254
23.3468
23.5617
25.1184
25.8653
26.4362
26.7349
26.7484
27.0937
27.2471
30.6839
31.9879
 32.139
32.4875
 33.177
34.3355
35.4144
35.5776
36.4564
36.9338
38.3274
38.8105
39.4278
42.2483
42.7881
43.7397
44.4371
44.6367
45.3466
45.6847
46.4236
46.4801
46.8035
 47.311
47.6768
47.7507
48.1285
48.8809
49.1166
49.9703
50.7167
52.0634
 52.508
52.6877
56.6243
61.1248
63.6592
64.1845
 65.433
65.7545
66.0321
67.9509
69.0322
69.4673
69.7399
70.6059
73.5734
74.1582
74.6647
75.1467
76.0411
76.0543
77.0346
81.9237
 83.694
88.2703
89.7119