1.71041
8.88005
10.8566
13.6774
15.6091
15.9368
16.1964
16.3348
16.3384
17.0619
17.5292
19.4099
20.7271
20.9402
21.0087
 21.126
21.1477
21.7078
22.3054
23.9654
24.7185
25.0043
25.1546
26.4835
27.4369
28.5692
29.2975
29.6495
30.0553
30.6334
30.8778
34.4824
34.6497
34.9104
35.9069
36.2676
36.3224
36.6796
39.6775
39.7376
39.8586
40.0492
40.5545
41.2001
41.2319
41.4484
41.4978
42.0503
43.1859
43.7283
44.8062
44.9348
45.0599
45.3976
  45.63
47.3447
48.4721
 49.385
50.0917
50.4728
50.7589
51.0853
52.0503
53.7497
53.9295
54.0855
54.1941
54.2399
54.2821
56.0529
56.3697
56.7858
56.9544
57.6439
57.8133
58.2001
58.2958
 58.308
58.9944
59.1222
60.8085
61.5468
61.6626
61.7649
62.1876
62.4259
64.2585
65.5512
66.0731
66.3001
67.3033
68.1431
68.7414
70.4387
72.3679
73.6839
76.2612
77.1526
77.3423
78.4112
78.6603
79.4498
79.7011
79.8961
80.6715
83.8109
 83.929
84.1361
84.6144
84.9301
87.4002
88.1588
89.8748