2.99245
9.90883
10.8178
13.4863
14.3574
15.0242
15.2954
15.6283
 16.781
17.1101
17.1351
 18.683
18.7874
20.7967
21.6538
 21.878
22.0092
22.0582
22.2342
22.4864
22.8878
23.0306
23.2722
23.4607
23.6035
25.2098
26.7014
27.2594
27.4052
27.4569
27.6305
28.5716
29.1204
29.4939
29.6494
 29.792
30.1309
30.3197
31.2625
31.4526
31.9959
32.2265
32.6455
33.6998
34.0233
34.5898
34.9143
34.9859
35.2674
35.3215
35.7435
36.0557
36.1082
36.5673
36.6639
36.9879
37.5034
37.6257
38.0257
38.0335
39.0451
39.2526
39.9963
40.0289
40.0781
40.2368
40.4863
40.6899
40.7885
42.0109
42.4058
42.6823
42.9641
43.1878
 43.417
43.4348
43.8088
43.9459
44.4661
44.6115
44.6298
 45.634
46.1129
46.3791
46.7312
47.0918
47.8933
48.1195
 49.496
49.5505
49.5562
49.8753
 50.178
50.5794
 51.915
52.1245
52.4184
52.5954
52.7591
52.8013
53.3443
54.1278
54.3808
54.7902
55.0774
55.1657
55.4133
56.6662
56.6686
57.0759
57.2868
57.3329
58.0195
58.9928
60.0311
62.6466
64.3986
64.6356
66.0016
68.4172
69.2898
69.3772
 75.067
76.6089
 80.132
88.0479