45.9392
28.4113
  46.16
39.0753
59.3919
42.1987
28.9831
44.2854
58.8985
41.9267
57.8454
69.2945
47.1535
36.6816
57.3196
49.3268
88.3453
55.2134
69.3706
 54.383
35.6962
9.28112
48.2318
36.7265
  45.36
 42.245
37.8687
40.5272
44.8787
42.4062
 34.592
29.3161
 32.698
  30.87
42.1681
33.3407
31.0148
42.5961
47.0698
41.6465
21.1167
73.7286
 41.883
40.0329
49.2028
38.0437
69.3892
53.6989
41.8953
41.1507
42.3518
42.1933
24.2056
32.2712
23.8293
56.4418
68.0622
75.6565
83.0051
11.5649
73.9876
51.6129
79.4288
  43.98
32.3627
34.8788
 32.523
36.8282
49.4339
52.8919
40.4566
40.7965
66.7284
52.2884
49.3861
17.9677
67.9306
 87.806
26.7942
68.1775
54.3756
67.4569
 44.386
46.0191
52.4289
47.4377
68.3957
27.8501
70.0681
67.2874
85.8648
59.4876
37.2579
39.2431
41.5789
41.2651
38.2929
41.8207
  34.35
78.8657
46.0462
33.5714
63.0014
59.9786
63.4627
51.9664
76.4317
87.8389
42.3804
47.1852
69.2634
55.5914
82.5221