  17.2287
  9.27403
  22.0028
  3.20747
  10.7287
   21.184
  3.51633
  5.03549
  11.5447
  3.71354
  12.5366
  23.3698
  1.75323
  9.11961
  12.3113
  25.7732
  32.2679
  6.38263
  4.38605
 0.750749
  25.9724
  6.34924
  12.8548
   1.9102
  7.75931
 0.856158
  8.19969
  1.16009
  4.77942
  7.87739
  15.7765
   3.2601
  27.1327
  10.1556
  6.00187
  5.55931
  3.58587
  1.97008
  10.6912
  6.08102
  4.19988
  15.6372
  5.47155
  2.48714
  7.06248
  4.82578
  2.21765
  19.9986
  14.7963
  6.74723
  12.0435
  14.1133
  17.4005
  6.04009
  9.03029
  15.4412
  3.54216
  5.87058
  8.91716
  14.0556
  6.81575
  7.09878
 0.433398
  6.35301
  8.64606
  22.0344
  20.8201
  20.9917
  19.7454
  8.42991
  3.55079
  1.02375
  10.3463
  1.45764
  10.5868
   17.921
  12.2239
  17.6527
  10.7557
   8.5872
  4.68083
  9.59209
  4.69009
   13.014
 0.683547
  10.6112
  6.90703
  1.98328
  4.92281
  14.7693
  4.52241
  14.9573
 0.774135
  18.4897
  19.4918
  15.4824
  14.7341
  18.4412
  18.9906
  34.0432
   15.794
  3.72536
  4.80004
  7.40034
  5.25483
  1.59331
  25.4027
  13.5711
   19.528
  15.9568
  6.02636
  34.6644
  13.4247
 0.451506
  8.17566
  9.78898
  4.19326
  19.4384
  17.0577
  20.0496
  6.08605
  4.21558
  5.69338
 0.171468
  2.96644
 0.263506
  14.2699
  38.8277
  9.51468
  5.20915
  2.70833
  20.8557
  3.65033
  4.88306
  14.7715
  1.92927
  18.6569
  13.0462
  7.29347
  9.00586
  6.92778
  12.8038
  17.0429
  9.34795
  8.63555
  16.7399
  18.1144
0.0450269
 0.156128
  14.1786
  15.0209
  14.3116
  7.51641
  11.3045
  14.0971
  8.63943
  39.1003
  1.70289
  28.1146
  11.3436
  8.69674
  2.66458
  18.1822
 0.935086
  3.83111
    2.536
   12.118
  20.1729
  12.9971
  32.4576
  4.54643
  17.7709
  5.06513
  6.56265
  5.08387
  4.75099
  18.4216
  19.9018
  14.7932
  33.5955
  16.5782
  18.0429
   4.3324
  1.13447
  11.9994
  5.08446
  7.97857
  12.4116
  5.28033
  2.29587
  7.66618
  23.1834
  7.76135
  31.4247
  26.9929
  18.2155
  2.71056
  17.1534
  9.59039
  6.55552
  6.10457
  18.4554
  14.3612
  9.86071
  2.23153
  10.4566
  6.54534