  30.8448
  4.01293
  23.3373
  12.7544
  4.46179
  2.42065
   30.262
  34.3006
  1.70359
  2.93871
  15.2919
  6.28067
  14.5731
  13.6001
  8.91637
  25.1977
  16.3992
 0.341856
  4.87987
  8.83741
  16.2645
  8.20461
  3.89028
  7.02135
  18.1024
  1.54181
  2.84017
   35.031
  2.52274
  5.75159
  14.4358
  10.4487
  7.55531
  1.18018
  12.9556
  12.9588
  29.7765
  17.8999
  5.83731
  4.39908
0.0306295
  7.92851
  32.1041
  8.61392
  12.7629
  30.3804
  24.3531
  5.93134
  12.1042
  13.9267
  11.0765
  14.9126
  17.4333
  25.3617
  4.46832
  8.13324
  1.93268
  13.3886
  6.82187
  13.0124
  1.78774
  10.7765
  5.87903
  6.60931
  1.24511
  6.06073
  12.5857
  4.51777
  13.2106
  27.8583
  22.9526
  27.6355
  13.2333
  4.89004
  15.7399
  6.63263
  9.12371
   12.204
  18.8279
  20.0908
  29.3903
  25.9296
  10.4811
  12.3755
  11.6518
0.0852328
   2.2475
  10.3701
  13.6327
  8.82347
  5.41434
 0.566413
   14.236
   1.7129
  8.52669
  2.63069
  6.22016
  12.3761
  11.8279
  39.8361
  35.2255
  10.1589
  30.5884
  10.8796
  10.0489
  16.7777
  10.6817
  22.1494
  26.1307
  20.9095
  28.9544
  25.2033
  3.80509
   12.755
  9.00282
  2.34198
  29.7982
  27.2746
  15.2575
  5.54345
  14.8486
   2.7542
   26.629
  22.7482
  2.80327
  9.79547
 0.106722
  14.7925
  2.15483
  12.0972
  9.37162
  1.18392
  15.8636
  5.79462
  18.8048
  18.7967
  24.2841
  25.9557
  9.48206
  14.1675
  21.3914
  29.8606
  20.4466
  10.9029
  15.5412
  9.58464
  6.64804
 0.326971
  5.91466
  2.42566
  9.26824
  21.2282
  23.7235
  32.8453
  18.5749
  7.42562
   11.427
  2.78857
  9.47122
  31.7656
  2.93336
  5.47278
  16.7715
  16.8057
  9.03912
  18.0282
  16.8494
  7.54124
  3.49098
  15.2833
  3.11183
  11.5504
    31.33
  26.6171
  28.5492
  27.6539
   21.078
  17.0838
  8.86468
  27.2382
  23.3794
  23.2242
  13.3357
  30.1357
   27.286
  9.14572
 0.390305
  21.0505
  1.16433
  0.27728
  27.2976
  18.7871
  11.0684
  2.45648
   14.094
  42.8754
  20.7442
  18.0194
  13.6604
  16.9323
  5.72847
   1.3325
  11.7648
  2.55244
  18.5087
  36.7761
  22.8762
   3.8701
  11.2394
  30.4314
  13.4229
  11.3135
  20.4063
  21.2709
  3.63327
  3.68937
  18.2126
  5.30939
  16.0256
  16.2047
  1.83563
   6.2013
  7.28297
  20.4538
   9.8397
  15.0667
   27.964
  14.0665
  14.4796
  10.2745
 0.718719
  4.96509
  20.7646
  18.4857
  22.3449
  9.87061
  9.80665
 0.676264
  6.19618
 0.227088
  4.98594
  10.5615
  3.73769
  28.4837
   2.4153
  8.28823
  7.12895
  8.55826
  8.06396
  26.0804
  4.83055
 0.674719
  12.0473
  11.0092
  21.9994
  23.4563
  1.15455
  4.69475
  10.4161
  21.2139
   16.441
  11.1419
  4.09645
  19.9213
  17.1104
  23.7727
   3.6189
   7.6002
  28.7023
  22.4856
 0.170914
  14.4542
  4.46874
  27.6397
  23.6415
  27.5645
  8.17283
  31.5166
    5.667
  1.75884
  12.6013
  6.35989
  10.1969
  2.34325
  2.60608
  3.89629
  1.79995
  4.88079
  6.52249
  12.0075
  3.58384
  33.9174
  10.4734
    23.13
  25.4551
  3.89187
 0.970403
    3.448
  2.17248
  13.4745
  16.5984
  20.0193
  6.13797
  1.36658
  29.3951
  14.8416
  28.6486
  15.3612
  3.99114
  28.1334
  15.5558
  23.4539
  22.9606
  23.0671
  5.65257
  1.57155
   7.3745
  6.08027
  3.22572
  1.01185
  5.75599
  26.6574
  2.09977
  10.6754
  6.37164
  3.07626
  25.6504
  6.27679
  32.0072
  1.91086
  2.84436
  6.58797
 0.968686
  1.74261
  3.11341
  12.6513
   19.089
  18.1754
  18.3273
  32.6101
  5.01553
  3.02906
 0.292643
  15.6291
  8.88956
  27.7284
  25.7764
  22.5622
   31.242
  30.0621
  27.3594
  23.3122
  14.1254
   33.459
  1.51911
  14.5175
  12.2481
  8.36946
  33.0252
  30.6389
   4.8395
  6.88111
  7.10695
  28.3676
  5.29627
  25.0334
  8.26221
  16.4116
   5.3298
   7.3257
  5.00242
  10.0929
  26.4501
  35.4972
  9.38122
 0.790341
  1.93544
  22.6363
  33.8768
  31.8806
  9.10948
  8.02383
  2.72762
  7.71124
  5.65661
  14.5957
  25.4088
  13.3716
  4.35164
  3.98082
  10.1186
  19.0302
   8.3614
  6.12618
  24.2694
  21.7175
  3.57023
  21.7838
  10.6879
  6.40877
  8.84488
  22.2286
  3.39266
  16.8744
  8.19989
  32.4015
  10.0733
  25.8621
  16.7768
  32.8984
   3.1749
   1.0073
  6.18096
  3.86928
  16.3056
  22.0824
  10.1705
  15.8115
   27.156
  11.4515
  7.28058
  30.3436
  22.5169
   8.1112
  4.24041
  9.01044
  31.5046
  2.12066
  2.74964
 0.860135
   3.0941
  19.4711
   13.756
  32.9202
  34.7295
  3.13438
  9.97497
  12.9576
  16.4474
  14.5749
   19.873
  6.70528
  11.2481
  30.8929
  20.1316
  35.2097
   8.6451
  9.77376
  10.2523
  21.3673
  9.88581
  13.5459
  21.5147
   29.524
  21.6019
  1.66121
 0.198729
 0.521206
  4.93762
  2.14206
  2.74182
 0.573869
  10.6073
  3.24478
  7.90837
  26.2211
  23.0339
  16.5693
 0.748727
  1.22263
  9.03624
  27.0385
  14.9031
  3.38749
  7.11284
  7.90635
0.0656308
  11.3346
 0.397554
  4.00312
  19.4374
  17.6872
  32.4273
  29.8484
  40.8115
  18.9793
   12.578
  4.93577
  1.93172
  28.4461
   8.5203
0.0282558
  10.0725
  7.05145
  2.38201
  19.2414
  20.9476
  6.29947
  0.89215
  2.24477
  15.6763
   1.4504
  8.88055
  10.7982
  8.32653
  3.26809
  3.64874
  1.06678
  1.65293
  20.3941
  25.0006
  5.22982
 0.184432
 0.179256
   5.2856
   1.9815
  13.9659
  20.9559
  4.99439
  5.07322
  24.7625
  19.6516
  14.6117
  4.98017
  17.5912
  2.90867
  30.0433
  12.8293
  1.50897
  47.6221
  11.5288
  6.31633
  21.4933
  20.2213
  8.92266
  17.9655
  7.16909
 0.244964
  9.37903
   3.5564
   30.085
 0.958173
  45.3376
  39.2311
  10.8181
  13.6488
   19.406
  34.3614
  20.6954
  0.60012
  22.3455
  1.75128
  5.95452
  10.8487
  33.5863
  12.1409
  22.8787
  3.68079
   33.038
  12.4763
  12.0608
  10.8587
  7.28456
  1.98821
  27.5753
  7.83251
  8.08627
  17.7532
  2.74482
  26.5965
 0.892284
  12.4754
  18.2234
  7.33823
  4.49954
  22.6901
  29.5523
  9.29077
  15.5729
   11.873
  9.66965
  7.84478
  10.5842
  13.6306
  21.3939
  3.37956
  11.2177
  3.44152
   4.3257
  13.9565
  8.33758
  10.1806
  1.52196
  5.05363
  34.4324