5.23199
7.02571
19.8451
72.8473
64.0223
80.9674
56.2487
12.6015
52.6098
12.2013
6.60735
51.0556
22.6696
62.0505
40.1961
54.3624
59.8871
64.9173
15.9398
 50.424
36.7517
36.8921
35.7765
40.9176
38.0261
37.9577
49.6643
58.7017
24.5033
27.7874
9.39804
13.3052
88.8172
89.7951
2.69377
15.9836
3.82434
6.81406
15.8126
24.3259
48.5668
53.0125
55.8451
50.2521
42.2707
54.6917
 52.134
51.1638
 55.218
8.05703
9.83593
60.0454
56.7548
77.6993
50.7604
39.8386
20.0281
22.8124
14.3343
14.8479
 32.088
34.4591
39.0791
 34.469
48.0653
36.7763
36.1464
41.2144
48.7541
53.4863
26.6955
 33.656
20.6751
15.1808
 19.782
26.2712
30.1884
 59.438
65.4461
61.7208
52.3835
43.8943
44.0863
35.3929
54.2983
45.8557
47.7753
74.8492
61.4087
65.1301
 69.813
24.1901
18.0598
42.2448
21.7608
10.5274
11.5633
8.07477
29.3811
2.64464
8.75185
 8.4489
4.82998
6.15058
87.2283
20.7423
17.4183
53.7972
3.78439
 17.991
34.4493
64.7332
61.7903
63.5064
67.3324
24.6242
 56.826
49.9635
 62.745
68.1696
58.5628
9.70276
20.5294
 50.676
56.6474
56.4595
53.1265
56.8655
46.7412
29.7967
51.0722
25.5385
66.1625
 69.021
 59.506
 65.216
 64.418
62.5052
64.0183
39.5176
64.4879
64.9963
55.9976
58.3413
20.5865
27.8526
69.5444
33.0052
52.9974
45.4393
 42.073
38.1804
39.1187
42.1631
48.5187
  53.68
40.4465
40.1353
38.9447
61.5795
49.0884
61.3046
64.2943
44.0335
40.5268
43.3797
 73.853
72.7617
60.8506
60.1623
62.8921
62.4772
1.41651
24.4613
50.6751
12.1882
53.0011
53.2756
62.3837
87.7725
13.0197
11.5698
21.2069
  89.06
42.6551
 50.145
53.4972
88.6977
38.6081
89.0542
2.73036
5.01884
64.9114
60.2638
42.5286
84.6556
10.1678
 68.569
68.5395
 15.005
3.08325
47.0151
76.0998
43.7854
41.2364
41.4106
39.6588
36.1229
34.9708
61.1853
82.3914
83.3574
88.0335
61.7427
 61.108
45.9549
40.8798
 46.597
78.2082
61.3391
55.0081
67.9441
48.5801
55.9554
 30.058
37.8131
22.6963
12.2477
74.7354
66.2846
39.6566
 29.503
34.1964
 64.209
77.1692
25.1677
 4.3657
35.0768
40.6494
3.34562
4.89417
48.9812
89.9082
22.7769
69.0584
63.2253
41.7266
57.8311
46.7276
34.5402
37.0299
50.1993
37.9483