 13.6391
 7.09444
 11.4738
 23.3797
 8.43266
 29.1399
 4.72624
 32.8276
 36.3343
 2.14943
 9.01837
 13.7112
 8.85404
0.715094
  13.173
 2.32715
 4.81837
 9.40937
  43.583
 45.0669
 35.0605
 19.5552
 5.64829
0.445762
 2.33886
 37.7973
 17.0139
 23.9932
 24.0172
 17.7622
 6.67367
 12.1963
 2.72019
 26.5544
  10.975
0.172065
 15.2835
 44.4771
 15.3347
   15.02
 8.30309
 2.57956
 3.97483
 3.14005
 27.3503
 16.5978
 6.83772
  9.6003
0.460438
 2.92989
 4.09357
 5.76956
 10.9622
 9.24162
 12.4569
 3.90684
 12.9276
 9.22035
 5.12475
 3.59038
 3.80643
 6.02557
0.466068
 28.0406
 19.4732
 19.3291
 6.53778
 6.18308
 11.8405
 4.52437
  2.3242
  3.4687
 35.9384
   38.32
 31.6435
 2.41564
 24.9578
 1.52783
 2.31584
 6.03816
 2.95714
 7.55752
 27.5816
 9.13002
 28.5839
 26.5355
 2.87263
 16.5043
 3.53001
 18.8697
 12.6441
 13.0464
 37.9694
 3.41949
 5.40143
 0.19963
 1.36632
 3.11441
0.741626
 5.44949
 16.5567
  20.536
 25.5854
 31.7568
 10.4948
 11.4713
 9.64341
 12.6872
 1.52464
 29.6069
 33.6533
 3.73808
 16.0412
  40.336
  37.382
 28.2318
 18.0826
 11.1676
 9.38438
 27.9184
 20.2727
  6.3337
 22.5222
 43.1593
 3.54472
 2.37472
 18.4449
 8.08507
 7.35404
 4.77255
 4.53338
 27.7648
 19.7688
 2.73123
 19.2687
 1.20929
 5.32899
 3.25424
 23.4029
 24.4558
 7.27034
 3.97175
 3.93552
  20.579
 4.52427
 1.22514
 10.9297
 26.4525
 23.7399
 34.7159
0.919424
 7.57748
 1.00916
 4.03316
 13.4852
 2.17825
 1.96599
 11.5591
 1.56917
 39.6212
0.504505
  9.4215
 20.8872
 19.1061
 17.4474
 4.86203
 3.54446
 4.97233
 1.70429
 33.5944
 26.7949
 4.79166
 2.87042
 15.3655
  36.556
 26.0676
  6.1638
 4.14621
 14.0498
 4.69023
 32.3353
 3.24436
 2.22143
 10.2893
 9.73034
 10.2635
 7.33812
 21.6617
 32.7316
 2.52976
 18.7068
 5.58354
 13.0709
 2.22661
 2.85929
 10.2034
 10.3347
 2.09356
 8.01785
 19.3801
0.530405
 1.30739
 8.79839
 18.3831
 3.00376
 3.40513
 17.9344
 26.5419
 5.39153
 7.79977
 26.9816
 24.9601
 3.87148
 3.16132
 6.26629
 5.13803
 11.8068
 23.7724
 25.6877
 26.0039
 22.6378
0.213469
 6.86787
  5.8163
  2.9536
 26.2786
  17.947
 6.27312
 9.57847
 1.61917
 26.9389
  25.056
 26.0139
  18.138
 14.8824
 2.09876
0.339681
 2.94124
 3.90659
 39.2654
 24.6319
  6.7156
 15.9374
 25.8804
0.243942
 15.8139
 16.3784
0.340927
 13.8384
 5.32685
  3.9954
 3.94724
 9.51971
 0.84436
 35.6766
 9.43757
 31.5232
 1.43766
 1.51874
 36.1908
 19.3439
 7.66739