   1.40303
   8.98235
   7.40966
   8.31852
   5.29568
   9.41404
   1.66109
   3.74432
   35.7215
   1.19908
   17.8775
    4.5884
  0.309633
   4.84901
   1.97581
    5.0255
   2.32537
   3.94939
   44.8728
   42.3257
   16.6774
   3.07845
   3.78155
    32.391
   9.77477
   18.8648
   16.0818
   30.3308
   7.82408
    7.1169
   19.4072
   1.82071
   4.71813
   1.28187
   2.59686
   20.3087
   27.3703
   6.33979
   18.1271
   6.55192
   2.41096
    14.772
   3.48662
   24.3784
    9.7253
   1.60435
   3.41999
   1.57679
   3.10225
   6.74273
   2.98173
   8.87063
   9.19381
   1.10375
   4.02926
    4.4793
   3.19715
   3.35995
   6.02198
   4.24777
   13.1234
   20.0029
   12.1854
   22.0325
   11.9424
   11.6622
   5.12627
   1.22692
  0.455743
   2.41596
   3.71458
   23.4076
   35.9901
   3.22636
   19.7332
   3.42194
   17.3027
  0.666663
   7.90895
   8.38932
   21.7776
   21.4424
  0.755329
   16.2429
   22.6918
   7.06698
   19.6762
   7.56944
   29.5869
   7.44173
   10.2733
   10.7336
   25.3776
  0.607072
   3.56575
   3.91409
   3.29101
   2.30599
   5.41215
  0.163748
   2.65176
   11.0999
    9.1025
   18.9394
   30.7844
   1.57751
   2.70541
   3.38642
   18.3455
   26.7893
   27.8918
   2.28148
    36.708
   25.7253
   6.41332
   18.7588
   30.1493
   17.6493
   36.1925
   10.3031
   8.20477
   32.1072
   3.55736
   6.96265
   15.6062
   1.74591
0.00549911
   3.92454
   15.8415
   15.7518
   13.2884
   9.41931
   17.0541
  0.316403
      1.47
   10.4661
   21.3385
   5.30644
    4.7399
    17.711
   17.0577
   20.1593
   21.7638
   9.13465
   9.21118
   8.57835
   13.2337
  0.538015
   11.2544
   19.6168
   3.98268
  0.840512
   13.9449
   2.33634
   42.2378
     19.16
   7.82863
   33.4677
   23.7837
   18.5765
   12.6237
   3.62814
   6.98663
   6.32581
   19.8459
   13.2751
   24.0608
   36.2136
   30.0134
   21.7181
   1.90865
   28.5414
   3.46836
   4.41744
   20.6081
   6.41716
    28.032
   24.8038
   16.7199
   5.40881
   19.7714
    12.544
   29.4742
   14.2682
   2.23753
   26.9872
   22.3447
   8.99809
   8.10108
   25.9524
   2.57113
   6.51792
   14.0611
    29.923
   3.54898
   18.9829
    17.217
    21.187
    4.6143
   3.22968
    19.762
   17.4256
   11.7959
   17.5153
   2.66132
   15.9811
   31.8186
    21.042
     1.343
   17.1395
   19.6513
   16.1388
  0.931301
  0.621576
   6.20854
   33.9145
   10.4105
   17.6469
   17.5121
   2.41904
   24.5677
   39.2417
   33.4903
    14.569
   34.5399
   13.3314
   11.5391
   31.1882
   18.9178
   10.9236
   16.4784
    15.081
   17.2607
   4.88277
   2.04584
   33.3882
   28.1625