 37.2363
 61.6144
  23.839
 42.2224
 33.0842
 57.3403
 23.3228
 13.2739
 19.3387
    14.3
 3.17905
 14.7155
 3.21614
 3.12185
 3.31399
0.698033
 16.0757
 13.5528
 3.53407
 19.7807
 10.6796
0.318915
 2.63806
 2.87759
 2.18649
 2.91487
 39.2543
 44.4021
 8.59545
 16.4465
 27.4894
 35.5597
 10.4574
 8.62339
 9.76136
 18.2241
 15.4874
 10.6316
 33.5322
 29.2791
 34.4001
 34.5803
 40.7861
 19.3789
 29.4846
 8.72929
 16.3551
 22.6492
 1.80237
 6.78932
 4.89853
 2.41863
 17.6822
  4.8043
 10.5497
 4.55815
 29.1679
 39.8883
 5.81573
 1.62119
 7.72944
 1.15506
 14.1173
 4.53486
  6.6251
 9.57334
 2.96282
 17.2427
 11.9189
 9.05876
  13.077
 17.3966
 23.6632
 9.66639
 4.69955
 8.58372
 9.62708
 9.40044
0.284932
 2.11378
 7.94529
 8.63954
0.174184
 6.27457
 8.53936
   22.07
 22.3994
 20.3666
 16.0468
 7.13529
  5.3419
 11.5981
  16.132
 10.1913
 13.3008
 23.8945
 18.6735
 35.2684
 15.2179
 13.2202
 40.3894
 25.8123
  51.358
  40.068
 33.7718
 40.2938
 21.5836
 31.5743
 42.1784
 59.1768
   49.03
 30.1062
 34.2491
0.625074
 1.55814
 2.82783
 3.48445
  18.143
 12.0629
0.978368
 6.83141
 12.2559
 15.9598
 14.5266
 11.7664
 4.76385
 5.22565
 1.41481
 16.0558
 18.5882
  1.9822
 2.71372
 2.68121
 5.21134
 2.86702
  16.985
 4.30465
 10.9523
 10.7609
 11.2396
 9.71111
 10.7687
 4.31801
  7.2557
 4.12976
 5.68582
 4.66267
 3.76759
 2.18578
 16.8186
 33.8109
 9.35525
  9.1486
 2.24173
 5.52921
 4.19008
 15.2205
 16.9253
 12.1727
 3.50266
  5.9993
 17.7106
 10.0406
 12.7906
 22.2754
 11.0223
 42.8236
 38.9301
  37.692
 22.8007
 34.2354
 19.4626
  21.583
 19.1087
 29.8916
 37.0079
 36.5346
 20.8631
0.232801
 17.7711
 18.5465
 9.43922
 13.1487
 15.7931
  44.665
 38.2693
 26.7305
 34.3904
 7.45413
 3.57588
 20.9285
 10.5778
 10.6687
 13.9434
 19.9512
  39.691
 36.3991
 39.9294
 18.5612
 2.78801
 7.47279
 6.40476
0.542512
 25.9102
 17.4725
 26.9918
 10.9684
 3.70201
 12.0646
 46.7846
 33.5126
 10.8513
 19.1312
 12.7671
 36.5124
  58.943
 60.0786
 14.1649
 4.08046
 16.7083
 18.8719
 34.6372
 23.4418
 7.30009
 21.5733
 4.50424
  26.978
 23.9397
 19.2826
 15.4227
 32.7401
 4.03931
  16.441
 26.6603
 4.02466
 6.23747
  6.1479
 7.26044
 37.9387
 26.5491
 18.4633
 7.10392
 7.63838
 9.28587
 5.27589
 1.29357
 4.95091
  1.5109
 14.2208
 1.71129
 21.7362
 16.3622
 6.71251
 14.2816
 9.29465
 13.9913
 9.05734
0.442374
   31.35
 28.4064
 21.0609
 8.36108
  8.4718
0.933604
 2.34403
 18.6837
 2.60266
0.980959
 16.4096
 26.2417
 35.0377
 28.5747
 19.6532
 31.0579
 10.0748
 3.87029
 8.84447
 6.37818
 38.3834
 38.7256
 1.89538
 36.1512
   32.32
 8.98538
 8.86126
 41.5924
 34.1818
 19.9289
 18.8818
0.215772
 7.93527
 10.4937
 26.1187
  25.178
 13.0364