17.5824
18.8374
21.0312
21.5213
22.6956
24.3784
30.1789
30.6327
32.4897
33.7031
34.4073
35.7816
 36.261
36.3396
37.9946
38.4858
39.3447
39.6025
40.8954
42.1123
42.3384
44.1229
44.6126
 45.045
 46.858
47.1957
47.4458
48.5673
48.7434
49.4014
49.5538
50.1193
50.1722
50.2864
50.6318
50.7626
51.3083
51.3689
51.4391
51.5681
51.6633
52.1446
52.2262
 52.849
53.1208
53.4055
53.7133
53.7354
54.1202
54.4072
54.6417
 54.963
55.0437
55.1385
55.3016
55.4611
55.9292
 56.212
57.6139
57.9338
58.7543
59.2773
59.4155
 59.761
 61.173
61.1754
61.3682
61.6136
62.3492
62.6074
62.6473
62.8349
63.0385
63.8979
64.1733
64.5769
65.3824
65.8934
67.8842
 70.669
71.1194
 72.544
73.5856
74.7589
76.0095
76.1915
77.0996
77.1437
78.6351
80.2733
81.2059
81.6523
82.2736
82.9316
83.7951
85.2747
85.7791
87.2771
87.6812