  11.5653
  14.6156
  11.0259
  12.5951
  7.13631
  6.44885
  4.44967
  6.90577
  7.38546
  6.81687
  5.13332
  7.77032
  5.55918
  5.87105
  6.31303
  8.74624
  5.26762
 0.258396
  5.44152
  7.96772
  12.1793
  7.56883
  11.2047
  4.66944
  9.62094
  4.77773
  11.3919
  10.1097
  11.3482
  7.87055
  9.24987
  0.98889
   12.921
  16.6402
  12.5892
  6.44246
  6.25008
  12.6346
  1.49813
  19.1933
  11.0905
  16.4889
  10.8788
   3.4066
  7.31985
   11.594
  1.00698
  12.7353
  6.14642
   5.9157
  4.13656
  11.9699
  7.42715
   5.8059
  2.65041
  12.9565
  10.1721
   8.4407
  7.19721
   5.4182
   17.204
  5.48125
  1.71521
 0.434419
  12.1828
  6.97113
  5.18965
  9.10454
   8.7828
  5.26111
  9.74058
  6.78774
  8.76738
  2.23005
  27.8526
  11.7966
  3.24169
  3.49916
  11.6533
  12.5188
  8.98437
  4.20795
  1.10941
  5.13696
  8.21238
  12.2133
  11.1244
  13.0646
  3.80242
   14.223
  3.68917
  15.2139
  3.42594
  14.5331
  8.86202
  6.11045
  9.05491
  1.78892
  3.96548
  13.2235
  6.97935
  4.29641
  12.0478
  20.1074
  9.29779
  7.23683
  4.51188
  10.9289
  18.8632
  8.33866
  4.29355
  8.71608
  12.3246
  13.7389
  10.4814
  18.9929
  15.1375
  1.14967
  20.2171
  12.9751
  17.0351
  9.81243
  1.92832
  3.10354
    11.22
  11.1161
  5.00122
  19.9861
  18.7753
  10.9095
  23.0207
 0.545522
  20.6412
   4.4892
  5.56626
  1.94673
  16.9247
  3.35013
  12.2369
  6.23308
  10.9473
    12.82
  6.66035
  3.36373
  17.1699
  12.1145
  14.5552
  15.7106
  3.78607
   1.0917
  20.5247
  2.00356
 0.362744
  11.2679
  12.5091
  12.8876
  3.65832
  3.72366
  19.5391
  7.95697
0.0589822
  8.45413
  2.36621
  1.18069
  12.6759
   14.483
  7.95773
  4.36922
  19.8085
  11.8936
   1.9486
  2.38784
   4.2221
  7.93601
 0.562821
  4.37059
  7.78194
   6.2145
  6.42179
  17.4247
  18.1925
  14.4373
  22.8278
  13.2656
  13.3254
  6.44359
  3.76797
  17.7653
  11.5632
  10.2441
  3.44428
  15.9021
  2.85737
  19.2475
  12.5524
  7.21601
  6.13254
  14.0847
  2.73513
  1.58192
 0.881729
  2.52953
  15.0056
 0.385266
  4.86713
  11.5234
  12.8075
  13.4953
  11.8741
   12.343
  12.4908
  9.56578
  8.47776
  10.8926
  3.41296
  12.7005
   20.005
  4.50465
  5.59752
  3.40342
  8.62759
  11.3327
 0.709035
  1.43944
  2.89778
  1.78011
  6.53757
  2.97326
  1.34888
  3.15341
  2.09145
  5.04399
  2.98372
 0.247539
  13.2913
  23.3229
  3.42503
  12.3391
  19.9332
  1.94455
  8.83333
  17.1435
  9.83719
  9.38892
  2.20803
  2.25029
 0.522876
  11.7582
  23.8807
 0.828874
 0.242431
  2.86928
  7.21697
0.0962552
   3.0187
  3.33851
  12.2171
  11.6578
0.0254225
  11.9873
  10.3735
  2.39573
  11.7674
  13.1699
 0.492301
  10.9856
  17.5028
  11.7866
 0.536728
  9.17402
  10.0302
  2.40907
  18.2394
  18.6291
  7.56997
  20.8369
  19.8969
  16.6769
   5.1153
  2.98571
  13.0324
  16.5676
  1.58674
  3.21535
  18.3926
  10.5827
  2.60724
 0.521474
  8.99153
   8.5692
  8.57571
  16.6985
  9.35116
  18.8682
  17.2506
   4.8862
  4.61318
   1.5304
 0.243016
   1.3553
  9.99595
  11.6234
   5.5811
  7.38157
   11.307
   8.3959
  12.2025
  3.67327
  2.89642
  9.45919
  5.69015
  9.07182
  6.58727
   3.8258
  8.07367
  5.95719
  3.28833
  7.88341
  3.10748
 0.738002
   4.2678
  7.61004
  8.49063
  7.18009
  1.28351
  6.09263
   13.017
  1.64549
  14.4603
  9.72878
  17.4044
  2.12195
  4.84895
  17.9477
    6.586
  2.62411
  7.62548
  2.15533
  8.82251
  3.12956
   10.187
  4.11147
 0.698192
   3.0499
  5.40677
 0.191947
  10.9521
   1.1394
  5.45381
  1.54198
 0.653306
   2.0585
  6.19534
  3.01699
  0.68102
  14.8312
  4.82836
  1.39231
   5.4653
  9.15477
  14.2018
  5.85365
  0.55054
  12.5016
  3.18286
  11.1409
  11.8693
  6.67077
  5.90443
0.0295751
  13.9996
  12.6344
  14.3768
   2.8047
  15.2995
  13.2094
  7.88635
  12.5692
  10.8714
  6.27267
  18.3768
  4.75476
  2.43485
  21.8171
  22.5813