  53.4384
   57.874
   5.1633
  1.86187
  5.30052
  20.4345
  14.8965
0.0666222
  18.0692
  21.5232
  18.3028
  65.8018
  46.0656
  21.6746
  4.59234
  8.34752
  41.5785
  35.6704
  18.6803
  8.55949
  4.90607
  17.1185
  16.5854
  7.43114
  3.32423
  1.78145
  13.1488
  12.6658
  7.14528
  15.9409
  18.4405
 0.779597
  68.8978
  63.5375
  7.26305
  19.6633
  18.3627
  25.6221
  3.04452
 0.418951
  15.2472
  19.1199
 0.730365
  8.83287
  9.40195
  14.1967
  11.9532
  1.83539
  1.57277
  8.35613
   5.6665
  36.0529
  15.2145
  16.4177
  11.8027
  13.3288
  6.60545
  9.62934
  16.7325
  8.03311
  23.4977
  21.8924
  36.3358
  81.8994
   76.881
  37.7471
  44.9766
   45.562
  9.41338
  26.5897
  25.8481
  34.5087
 0.200826
  9.47721
  21.7255
  18.7037
  22.6615
  10.4172
  2.85682
   14.959
  10.2005
  20.3234
  26.9093
  26.1676
  21.5913
  39.1642
  65.7208
  70.6334
  39.9193
  35.4998
  25.3476
  27.7151
   56.728
  45.8639
   21.838
  14.4715
  21.7239
  16.6071
  6.89909
  26.4066
  19.6523
  22.0433
  13.4327
  15.9325
  28.8104
  36.5758
  9.38794
  38.1828
  48.6947
   18.383
  15.8499
  19.9257
   14.242
  7.87256
   24.222
  24.1764
  1.48372
  41.8517
  2.08255
  30.0562
  10.6286
  42.6918
  9.47797
  19.8425
  17.0891
  15.4134
  15.9106
  7.53221
  12.5105
  5.53081
  14.5182
  23.6638
  34.2506
  18.2247
  71.7215
  64.7109
  9.90963
  50.6874
   19.579
  24.6974
 0.524317
  5.69104
  9.47004
  26.8946
  10.6414
  43.9964
  24.6285
  51.1831
  12.2142
  29.7995
  7.89304
  14.2243
  27.3591
  23.6631
  45.3011
  25.3234
  6.13023
  13.0924
  25.0649
  23.6505
  49.0761
  58.8664
  21.3962
  29.0892
  7.61216
  17.2823
  16.6792
  8.98428
  13.0544
  10.0242
  13.9732
  12.1046
   67.911
  70.4002
  37.2951
  24.3777
  8.41345
  64.2193
  2.57426
  16.4361
  26.5769
   22.888
  11.0092
  20.1268
  18.9987
  5.45083
  31.8537
  37.2212
  11.3301
  24.4217
  31.9564
  31.2862
   20.735
  13.6088
  31.3563
  40.5447
  46.3513
  33.6033
  4.65398
  15.9124
   15.073
  16.0809
   3.1102
  27.5837
   1.3423
  26.9388
  12.0287
  2.01718
  22.9449