  14.5018
  27.0297
  9.78171
   0.1317
  5.36692
  7.11797
  10.0535
  9.58348
  15.1665
  14.0759
  11.9682
  4.39552
  4.02363
  1.78237
  2.85034
  11.9031
  3.47833
  21.1342
  13.6775
  14.2235
   9.7942
  13.7654
  16.4304
  16.8375
   22.012
  23.1383
  1.30182
  7.00569
  6.34694
  4.25437
  11.7487
  9.96864
  11.3104
  11.3985
  13.7097
  10.1889
 0.418863
  1.38812
  12.0148
  1.65746
  4.49151
  10.2336
   1.9449
  7.63005
  8.39682
  1.15443
  4.68172
  10.1629
  8.78462
  11.1752
  1.25518
  9.78561
   1.3391
  5.73625
    6.232
  4.52089
  8.26679
  11.4471
  24.1704
  4.74608
  2.45439
  8.72417
  2.33589
  4.13991
  4.24545
  27.9494
  16.9247
   20.038
  21.4434
  11.1037
  20.8316
  33.8261
  31.1321
   30.111
  24.8209
  18.1356
   5.5411
  4.89607
  4.71414
  3.70051
  11.0709
  3.48935
  5.62203
  11.4401
  4.85866
  36.9712
  15.5057
  11.9636
  10.8277
  2.83592
  8.04219
  9.84226
  3.36214
  10.0195
  6.81223
  14.3693
  5.48075
  4.82736
   1.8837
  4.67415
  3.53483
  6.45255
  1.00948
 0.225094
  8.76793
  6.98086
 0.862816
  15.0984
  9.49242
 0.190229
  8.68359
  15.3277
  11.7072
  4.34687
  10.7237
  8.33877
  37.0311
  13.2548
  13.8885
  20.4692
  21.9399
  40.9963
  8.44462
  17.2914
  18.0719
  16.6183
  9.86037
  4.70793
 0.740529
  2.20155
  4.96972
  4.92063
  10.0743
  11.9677
  5.77937
  14.2621
  15.9501
  6.40607
  4.70854
  7.90864
  9.52818
  34.7436
   39.463
  6.43795
 0.310255
  24.0384
  13.1105
  3.60372
 0.195709
  9.32463
  14.0699
  4.92125
  15.2314
  12.6551
  34.0796
  2.84598
   39.193
  6.52759
  3.90891
  1.59928
  13.4924
   26.285
   16.942
  14.1591
    16.24
  9.40893
  10.7363
   6.4939
  22.6173
  23.5339
  15.8967
   23.852
  20.7845
   2.3418
  13.9073
  21.6956
  10.2712
  7.18668
  6.54885
  4.60644
  25.1294
  9.85801
  2.76659
  14.2989
  23.1711
  11.9511
  7.74899
  20.2499
  19.5307
  12.0496
  2.32032
  14.7805
  12.6148
  9.65024
  6.20826
  12.5418
  12.5527
  9.56291
  21.2455
  10.0547
  0.38149
 0.842678
  5.03643
  5.60318
  10.0242
    17.12
  6.85703
  13.2065
   10.019
  26.1078
  2.14182
  15.3919
  22.9408
  8.35774
   22.259
  25.8555
  12.8558
  11.4942
  6.39101
  19.7775
  14.3651
   8.9773
  7.99494
  21.9195
  26.2799
  20.4484
  23.9301
  17.3243
  21.7859
  12.2072
  16.3499
  9.72877
  11.5047
   1.0165
  13.6069
  9.46155
0.0552333
  2.73716
   28.174
  8.54854
  2.04184
  5.44498
  14.1039
  5.05248
  12.7983
   7.2003
  13.7801
  7.31801
  15.7662
  24.8164
  10.3992
  2.40233
  4.47009
   8.6195
0.0277873
  19.1116
  11.3927
  2.59182
  18.4035
  10.1675
 0.944572
  3.66181
  6.95481
   9.7002
  3.55294
  13.9887
  1.46389
  1.02932
  4.69664
  4.16408
  13.5252
  9.89665
  17.1468
  11.8438
  6.19365
  22.4207
  28.2319
  9.22767
  13.8284
  30.1031
  6.56695
  2.85035
  8.37692
   13.109
  4.86119
  12.0161
  21.4099
  13.4799
   23.098
  22.5432
  1.00191
   8.6619
  1.38907
  1.16887
  18.1687
  5.26144
  10.0743
  40.1131
  10.1322
  11.9777
   8.2179
  13.3275
  6.40573
  15.7523
  22.7684
  21.5968
  15.9381
  12.0997
  8.51241
  8.83251
  14.4883
  12.2661
  17.4942
    12.56
   5.4148
  12.6652
  14.6806
   6.4606
  9.76394
  7.56926
  5.93285
   5.1185
  8.16674
  10.1134
  12.8773
  14.3247
  2.70116
  9.13882
  10.1465
  16.3521
  12.7301
  17.1534
  13.9855
  13.6339
   15.884
  6.67815
  29.7783
  16.9545
  13.9514
  10.2458
  7.44687
  8.56641
  14.6799
  24.6945
  20.2599
  30.7667
   16.717
  17.6192
   20.037
   18.258
  16.5467
  3.01126
  13.5147
     25.2
  12.5315
  3.86888
  32.6711
  32.2476
  38.4137
  38.8038
  39.2539
  42.2034
  16.0016
  39.2988
   42.293
  39.0176
  34.6665
  33.2557
  45.6573
  40.3163
    42.31
  43.4328
  46.4347
  25.4969
  30.7574
  39.3479
  39.6267
  37.1017
  38.7582
  41.3898
  37.3915
   5.2404
  36.2232
  23.3651
  43.6078
  43.7013
  38.4286
   38.534
  38.5007
  37.6336
   38.255
  36.7852
  36.6607
  39.1649
  37.2162
   25.721
  46.3579
  47.9603
   48.976
  47.0754
  33.9049
  38.5975
  45.2608
   42.559
   24.254
  19.9394
  35.8431
  33.0954
  35.3478
  33.6705
  43.9421
  46.1632
  45.5408
  40.6981
  40.1445
  37.9605
  42.4511
  44.8141
   44.656
  46.4629
  46.0142
  48.6271
  44.9983
  43.2633
  19.3542
  45.3231
  36.6368
  44.5616
  42.8426
  38.8623
  40.5647
  42.8654
  32.1077
   36.058
  23.1845
  40.4032
  31.5836
   45.238
  43.9689
  37.8225
  39.2575
  42.6219
  38.6226
  39.3032
  40.1561
  41.6998
  43.8512
  41.8845
  34.5537
  37.5988
  7.06445
  39.2385
  42.9635
  44.4297
   46.898
  43.3646
  39.8201
  41.5717
  11.1566
  38.7796
  45.3146
  40.2488
  38.7923
  45.7405
  43.4715
  39.0891
   43.638
  38.1062
  40.1734
  34.5609
  37.3617
  42.4701
  46.8514
  46.8591
  47.5277
   45.894
  41.6793
  48.0335
  49.0265
  40.6113
   36.827
  45.4164
  43.4457
  44.2372
  43.4154
  45.7878
  43.8151
  43.8552
  38.8555
  39.9646
  36.7209
  37.5596
  40.8542
  40.4412
  46.2571
  48.2469
  19.4783
  28.1169
  28.8994
  40.3564
  45.6388
  42.9156
  49.0239
  46.1388
  41.0805
  36.3778
  39.7017
  35.4687
  41.5678
  38.7538
  39.9186
  36.8986
  39.5704
  43.0961
  38.0673
  36.7129
  36.8274
  41.7783
  44.6962
  39.8724
  41.7998
  42.5426
  48.1015
  41.8745
  40.4162
  43.7494
  46.3708
  44.5629
   45.127
  38.2271
  43.8723
  39.2118
  38.7611
  46.1755
  42.1061
  41.8209
  44.0598
  43.0577
   46.601
  41.6467
  41.0288
  39.9987
  45.6968
  48.4365
  49.1415
   46.885
  37.7837
  35.8893
  42.1248
  42.3312
  43.7739
  37.0456
  37.5753
    35.33
  38.0557
  37.9827
  46.7329
   36.942
  34.4635
  40.5072
  46.8502
  46.9179
  48.2535
  46.8553
  42.0369
  38.4293
  36.9872
   39.276
  47.5586
  47.1115
   36.558
  35.5718
   46.733
  46.3161
  49.1598
  50.0731
  32.5514
  41.9754
  34.9615
   32.831
  39.9616
  41.6578
  34.7891
  34.6818
  34.8908
  38.3183
  16.5351
  40.5364
  42.1884
  42.8563
  32.7529
  41.2849
  33.0015
  41.9064
   10.105
  42.0355
 0.802216
  37.7503
  28.1159