  54.3401
  44.8251
  48.7082
  57.2676
  53.4538
  43.0962
  51.2936
  52.8791
  40.3226
  22.5002
  21.9719
  46.2143
  55.2079
  45.4825
  46.5869
  29.6557
  47.0738
  6.72509
  41.1947
  38.8675
  48.8194
  42.6144
  50.6008
  50.0453
   44.457
  40.2757
  39.2247
  47.4326
  45.8474
  10.0931
  53.8327
  47.4991
  55.1926
  44.3001
  45.3043
  53.3756
  17.4838
  47.0679
  43.9321
  5.24744
  45.0579
  49.4804
  47.1067
  45.1427
  39.0667
  27.5547
  23.9299
  24.1034
  25.9176
  24.1267
  45.3726
  47.1543
  42.7116
  8.70789
  49.9643
    45.17
0.0895543
  3.64948
  48.8366
  47.9447
  37.8532
  36.0318
  51.9821
  45.1721
  59.2205
  46.1844
  43.0828
  43.0878
  45.6245
  39.8198
  46.3327
  45.6722
  45.5259
  53.7563
  49.2865
  50.5733
  46.6513
  44.5519
  46.5677
  48.4924
  45.5349
  45.8313
  44.0886
  59.5562
  51.2701
  56.1249
  47.0188
  42.4811
  51.3767
  44.8625
  25.3232
  52.8135
  50.0163
  9.39929
  48.5446
  52.9191
  25.7583
  43.1449
  50.1674
  53.5691
   46.328
   46.351
  58.1322
  44.3857
  47.5928
  51.6363
  50.7752
  24.8145
  48.8047
  40.7368
  52.4188
  47.9939
   44.661
   45.511
  45.8054
  48.1548
  46.8574
  42.2492
  29.8731
  44.4002
  47.0552
  41.5837
  20.4154
  13.7275
  42.2455
  44.8071
  48.4606
  32.9998
  33.5014
  2.15591
  28.8874
  27.1025
   30.999
  34.3093
  44.8981
  31.2151
  15.2831
  17.1456
  31.4109
  21.7862
    37.67
  35.9347
   23.659
   20.932
  24.6734
  25.7915
  37.5573
  31.2526
  44.9295
  30.6684
  38.3137
  43.9558
  45.6336
  28.9421
  24.8301
  24.6954
  28.3197
  22.2238
  24.5251
  21.8638
  33.2342
  24.2477
  25.8751
  22.6073
  23.4632
  9.64905
  20.9279
  49.4305
  49.3179
  36.9035
  29.7203
  25.5812
  17.4862
  28.1169
  14.3475
  22.9523
  21.1497
   26.938
  22.6756
  29.6472
  27.1892
  29.4777
  2.16442
  2.32956
  5.78769
  5.53902
  1.25012
  1.23581
  17.6181
  1.79091
  3.91851
  2.70418
  1.97684
  3.13919
  6.16517
 0.951273
  2.18648
  4.32427
   2.2465
  16.0171
  10.5636
  1.79767
  1.68939
   2.2259
 0.481234
 0.143021
  1.35966
   42.028
  3.66809
  11.9006
  4.85501
  4.89388
  3.32676
 0.418751
  2.83636
  9.37343
  8.39421
  1.32273
0.0340292
  7.37682
  5.69858
  4.77273
   5.4103
  4.31561
  7.36398
  5.47916
  1.19787
  4.63347
 0.706482
  17.4792
  22.4089
   7.0955
  6.49475
  6.52279
  2.87886
  6.26635
  2.26939
 0.198686
 0.295905
 0.689967
  1.92447
  2.45259
  1.17323
  5.35353
  5.58064
  1.62133
  2.16032
   4.1131
  14.4679
  2.53164
  2.62429
  6.03497
  5.05289
 0.919544
  1.21387
  2.57432
  4.86817
   5.4256
  7.24826
  16.1858
  1.88404
   8.8993
  1.69746
  4.14989
   2.6867
  2.68335
  2.17596
 0.925941
  1.48897
  4.42045
  2.99389
 0.798336
  1.01992
    2.083
 0.400572
  48.6266
 0.398048
  1.39953
  2.43772
  7.25525
   1.4009
  1.02475
 0.551253
  28.6593
  1.26755
  1.81416
  5.57272
  1.66519
  3.28118
  3.81199
  4.67074
  1.58474
0.0396329
   6.8437
  3.89958
  3.46808
  5.38103
   1.5221
  1.31316
  6.45202
  5.58545
  4.90674
  6.33304
  4.81099
  3.46185
  4.53936
  3.88493
   2.0405
  1.65695
   2.2778
  3.54762
  3.73084
  3.75935
  1.45503
  5.77963
 0.641458
  3.92343
  2.55914
  2.36485
  1.82829
   16.023
  10.0203
  7.39874
0.0769948
  1.39078
 0.536892
  3.31448
  7.54365
  4.12786
  1.92002
  4.28931
  3.59047
  1.16717
  2.32767
  1.36473
  2.54996
 0.411537
0.0459403
  1.17813
  2.94427
  6.10556
  4.65922
  3.51424
 0.227781
  4.13336
  1.07287
   2.6298
  4.60289
  3.04626
 0.980459
 0.566366
  7.82304
  8.61923
  5.76411
 0.294132
  1.70675
 0.766722
  8.90352
  1.96039
  13.9562
  6.85015
  5.16237
   4.7565
 0.092598
 0.988352
 0.339955
  2.77115
  1.23082
  1.41794
  3.17282
  3.11537
  3.61963
  2.08292
  2.33243
  3.48634
  1.95751
  3.09614
   1.8619
  3.05239
  2.00691
  4.22344
  2.43038
  2.62138
  7.77421
  1.21909
  7.42636
 0.854405
  7.99632
  2.91053
  4.06908
  5.40149
  4.58495
  51.7215
 0.370488
  1.27477
  4.21115
  5.86306
  5.21647
  3.19056
  4.22397
  6.87858
  7.11787
  4.09265
  7.90636
  5.17667
  1.73151
  3.55423
  4.61531
  4.57117
  2.74112
  9.72264
 0.250994
  6.59254
  21.2526
  5.91736
  5.18135
  4.67029
  1.15923
  17.1066
  4.60029
  5.61837
  42.9216
  5.66779
  1.57676
  6.33243
  3.96176
 0.216737
  49.7849