2.99095
5.17331
5.18127
5.29825
5.68613
5.70533
5.81296
6.08911
6.37787
6.56514
6.76288
6.84743
7.92961
8.34492
9.02582
9.11836
9.58591
 9.7698
 9.9368
10.4178
10.4861
11.1673
11.5325
11.5903
11.9594
12.0761
12.9107
13.3428
13.6216
13.8238
14.1632
14.2862
14.3731
14.4072
 14.527
14.6667
14.7305
14.7847
15.0071
15.6656
15.9723
15.9744
16.3172
16.3577
16.4606
16.6395
17.2367
17.3938
17.4745
17.5253
 17.837
17.9046
18.3086
18.6266
18.7347
18.8793
18.9763
19.2106
19.4242
19.6839
19.9488
20.1363
20.2448
20.2529
 20.347
20.7877
20.8758
21.2169
 21.598
22.0601
22.3343
22.7304
22.8328
 22.979
23.1022
23.4514
23.4738
23.5003
23.6353
23.9646
24.1898
24.2562
24.6369
25.2852
25.8104
26.1275
 27.963
   28.4
28.9624
29.0494
30.4809
30.7108
  31.11
31.3413
31.4482
31.6552
31.7335
32.2673
32.3822
33.1107
33.1345
33.8107
34.2631
34.8895
35.0318
36.3498
37.2081
37.8127
37.9218
38.0738
 38.114
38.3661
38.4011
38.4804
38.4839
38.6263
38.6325
  38.64
38.9464
 38.968
39.4688
39.5251
39.9415
41.2158
41.9669
 43.074
  43.23
44.4381
44.5534
44.7747
45.5168
46.1196
47.0993
47.3291
47.9631
48.7105
49.3872
49.5975
50.5696
51.7563
52.0791
 59.213
60.4929
65.6758
66.3832
66.6751
67.0772
85.5609
89.5376