17.9889
18.8374
19.1463
21.0312
21.4255
 22.789
23.7761
24.3047
 29.892
31.0304
31.7753
32.1471
32.7136
33.2716
34.3179
 36.261
36.3396
36.7002
36.7867
 37.854
38.9348
39.3447
40.0293
40.0728
40.2898
41.2948
42.3384
 43.309
44.0679
44.3572
44.3846
 44.439
 45.045
45.7871
46.3534
47.3986
47.4899
47.8834
48.2111
48.5673
49.3371
 49.702
50.0667
51.6633
52.6878
52.7087
53.1449
53.3073
53.3669
53.6502
53.7354
53.9753
54.3466
55.1942
56.1016
56.2674
56.9214
56.9256
57.1572
 57.902
58.4563
59.1114
60.0084
 60.526
60.9827
61.3172
61.5242
61.7923
61.9396
62.1403
62.3752
 63.193
64.1733
64.8547
65.0596
65.1857
65.9646
66.3584
68.0189
69.1908
70.3033
70.9133
70.9848
71.3235
71.6407
72.8435
72.9092
74.8369
81.2059
82.0432
83.2868
84.0347
86.7619