   27.3331
   47.1474
   7.51883
     8.544
    40.279
   1.30006
   15.1699
   6.70796
   1.59024
  0.318526
   8.70028
   14.0833
   2.11698
   3.52847
   3.70908
   6.10948
   11.5057
   4.16986
   1.10169
   6.96911
   4.00154
   29.2638
   22.1006
   39.9897
   17.5142
   6.01813
   21.9046
   22.9127
   9.52541
  0.908167
   15.8866
   4.52405
   25.8002
    26.211
   21.0457
    18.705
   20.4897
   4.04877
   1.55361
   12.1546
   4.04076
   12.0652
   9.65178
   23.2418
   34.7431
   6.52848
  0.378189
     8.463
   8.82811
   6.56169
   5.40722
   6.30508
   7.68872
   8.21244
   1.05244
   13.8855
   2.62655
   8.98753
   14.5094
   5.60033
   6.56699
   3.95164
   6.47115
   11.0268
   4.40229
  0.282611
   2.79937
   4.52385
   1.82539
   1.00385
   4.23003
   14.8907
   12.2852
   8.89549
   15.1888
   9.41095
   6.52449
   13.2296
   4.64699
   42.0929
    20.087
   17.5647
   16.5064
   33.1753
   21.1872
   41.9297
   48.4788
   3.07142
   4.62452
   2.14559
   2.92972
   5.67951
   23.4497
   5.80506
  0.299225
   3.26077
    37.325
   41.7018
   9.46521
  0.232759
   4.13888
    4.3555
   9.31346
   7.77446
   13.8494
   7.98962
   18.3071
   6.87159
   4.09245
   16.9661
   7.40055
  0.192623
  0.122634
   3.53716
   4.52266
   18.0633
   28.5654
   13.9159
   9.46132
   9.91277
  0.112429
   5.92856
   17.8997
   14.5789
   3.56946
   10.5147
   8.99236
   29.5072
    29.123
    9.9516
     14.38
    12.703
   23.3035
   2.44917
   3.79347
   17.0358
   25.1379
   30.0651
   26.6798
    16.643
   11.1146
   1.79859
  0.860307
   26.5795
   7.66517
   20.0655
   26.3979
   31.2414
   35.7412
   22.5248
   3.42316
   1.37451
   2.07221
   6.80525
   15.9492
   12.9606
   27.0191
    29.089
   16.4096
   31.7901
   31.3276
   14.5239
   2.54334
  0.718751
   8.65445
   3.37517
   51.0517
   14.7287
  0.686078
   5.72118
   8.42989
   29.0786
   26.5179
    3.9535
   7.99657
   23.2676
   41.6309
   46.4718
   5.00487
   10.4413
   14.8042
   27.2258
   29.2692
   9.96067
   2.50679
   3.57105
   22.2594
   16.0244
   7.97328
   42.8883
   11.1837
   20.3623
   10.7502
    6.2372
   17.3858
   15.4923
   5.30456
   14.4831
   13.6109
   5.79856
   1.57547
   22.1402
   9.29552
    25.388
   16.1102
   20.6958
   9.79009
   6.26705
   7.66036
   5.90415
   37.8872
    1.5239
   13.2509
   17.4982
   15.8088
   26.1263
   7.99062
   17.5892
   14.0063
   18.3208
   17.5777
      17.3
   26.9743
   24.1643
   22.1409
   6.57569
   20.2125
   4.57102
    23.136
   7.22388
   9.86016
   20.8954
   10.3923
   13.3093
   3.55188
   4.38458
   13.4303
   10.0277
    7.7143
   41.5984
   2.44487
   9.09835
   4.09023
   7.09538
   17.1825
   1.28102
   10.9472
   24.9451
   15.2158
   8.87233
     2.427
   2.14664
   19.6673
   13.6072
   15.0568
  0.685543
   3.07721
   3.79793
    31.816
   8.17231
   35.3943
   9.55577
   16.0526
     20.79
   5.93966
   15.0526
   4.32015
    15.769
    9.9818
   15.8355
   5.94834
   1.32074
   5.85302
   18.4351
   7.26456
   11.3689
   7.24536
   7.84552
    17.967
   6.41622
   13.5495
 0.0930418
   10.5081
   13.2823
   1.67955
   9.30649
   11.9558
   9.57317
   48.2078
   1.59677
   7.66011
   1.14874
   12.8808
   20.2485
   12.3914
   7.80787
   2.58992
   8.62722
   3.66464
   4.64166
   10.8058
   19.4755
    22.583
   36.0723
   4.22919
   11.6483
   17.8281
   28.1575
   14.2963
   29.7061
   14.7358
   2.93743
      38.7
   23.3474
   12.7399
   21.4805
   20.2236
   2.88744
   2.90501
   12.9009
   2.74263
   14.4803
   24.4788
   19.6017
   26.6888
   3.25229
   11.5043
   1.25954
   37.1612
   7.29376
   14.5988
   41.4779
   9.17542
   3.19077
   3.44093
   10.1985
  0.121131
   0.40207
   7.79144
   9.79672
   3.82701
   2.83271
   13.7636
   5.05113
   11.7946
   8.07851
   10.5054
   1.87217
   6.17705
   8.14147
   9.40704
   25.8298
   27.9826
   9.52899
    8.7556
    10.044
   4.13527
   12.4791
   4.58098
   9.88745
    16.725
   2.41665
   11.6645
   14.6885
   2.20467
   16.5561
   7.46883
   4.90488
   6.57944
   3.23623
   12.4089
   31.8294
   35.1803
   1.63442
   31.0144
   3.78324
    1.8689
   17.8533
   20.3673
   11.2402
   8.41615
   9.39204
   22.9954
   45.2009
   45.2077
  0.675031
   15.3028
   19.5451
   14.1505
   2.71496
   2.18229
   6.19607
  0.599131
   11.7051
   23.1372
   1.33656
   9.68175
   25.9738
   45.5536
   21.1177
   42.7459
   23.4896
   14.6993
   20.6156
   15.3584
   20.5753
    4.7335
   14.9282
   6.93176
   28.1572
   4.69486
   8.55437
    10.985
   4.50681
  0.504134
   25.1152
   34.9359
   24.6558
   6.75464
   2.34534
   19.5184
   3.73158
  0.739824
   17.8416
   1.85878
   1.19721
   1.46083
   21.9935
   39.6233
   38.8084
   39.5169
   6.95063
    15.333
   13.9458
   24.8119
   27.8824
   12.0091
   2.30738
   2.42867
   1.83127
    36.191
   34.8419
   43.9467
   4.53648
   6.29319
   4.62576
   29.0276
   16.9804
   11.6795
    10.881
   11.7115
   17.8701
   26.1939
   31.6815
   2.64511
   28.0437
   45.5663
   12.1232
   4.30158
   32.7989
   16.8743
   11.8738
   14.7998
  0.168863
   14.9675
   48.0637
   4.59853
   1.32773
  0.433814
   12.4641
   16.4929
    7.6079
   4.31448
   4.86545
   1.39022
   13.8275
   19.9695
   22.5077
   5.64327
   1.72499
   24.1612
    13.343
   18.5822
   20.7524
   24.6847
    24.001
   24.0651
   27.9109
   26.5978
   16.2509
   22.0718
   26.9503
    23.054
    22.828
    33.783
   40.6937
   41.2664
   28.8568
   2.36409
    13.302
    16.508
   5.56366
   20.0108
   21.9264
     14.64
   31.2694
   24.2032
   33.7798
0.00999622
    26.534
   30.9163
   39.8637
   25.8302
   31.8247
   34.4545
   22.8558
   23.3027
   20.2995
   29.4627
   32.7196
   34.5919
   9.45139
   7.39172
   11.4991
   17.6519
   3.30023
   14.7958
  0.943517
   4.05699
    3.2395
   27.1729
    46.103
   23.0783
   7.25506
   21.4075
   19.7213
   33.8331
   10.2295
   32.0714
   39.1662
   0.90338
   42.8497
   25.7996