  14.0798
 0.288385
  2.26487
  20.8767
  8.90672
  30.0188
  1.80938
  12.8917
   13.454
  20.6655
   23.008
  7.21464
  2.61136
  3.77465
0.0424317
  18.5048
  12.1338
  6.89866
 0.333269
   8.3525
  32.6293
  27.2229
  28.2175
  15.0665
  6.06685
  4.29015
  7.41385
  25.5803
  4.92604
  22.6733
  22.0912
  24.1777
  4.06357
  7.95784
  8.47353
  19.8133
  8.46372
 0.604198
  9.85709
  14.7582
  5.77782
  26.1783
  10.5485
  9.47086
 0.630966
  2.16426
  1.80776
  11.6041
  24.8715
  4.52343
 0.575169
  1.41238
  4.03473
  7.56662
 0.652342
  2.36871
  6.92912
  4.20273
  10.6213
  2.07208
  6.45694
  9.18941
  2.21848
   10.148
  1.46489
  25.7523
  16.2326
  15.7993
  10.8449
  7.29968
  3.30263
  2.30769
  5.16013
  15.5417
  14.0975
  25.8156
  1.61708
  7.68518
  23.2898
  3.42674
  6.88172
  7.58298
  0.10125
  3.68854
  18.5663
   4.5902
  16.2834
  20.6143
  4.25917
  8.25402
 0.771722
  7.16697
  10.4221
  23.5094
  15.7649
  2.47259
  2.07465
   2.0214
  9.96934
  5.56547
  4.35164
  12.9576
  5.15631
  4.63315
  12.3883
  30.9839
  2.83674
  3.48598
  21.6905
  2.03901
  16.9192
  13.5127
  3.76088
  27.3836
   25.638
  16.9759
  13.7854
  14.9343
  6.86601
  2.41305
  19.7305
  26.3688
   10.549
  4.93873
  16.9041
  2.12616
  1.83582
  14.4629
  2.74787
  4.98315
  2.13532
 0.436992
  10.5106
   23.297
  18.9355
  15.4288
  1.14972
  14.2375
  7.45091
 0.469413
 0.916166
  16.8928
  21.8547
  8.00826
 0.304319
  9.86158
  2.52672
  7.75596
   2.1769
  1.13166
  10.5193
  16.9578
  18.3036
  4.02041
  1.85055
  2.16145
  5.11635
  12.8396
  9.62581
  6.78522
  9.76184
  4.42045
   34.549
  6.13077
  3.50154
  22.2113
   15.451
  2.50174
  4.84281
  5.26686
0.0934554
  2.83664
  18.9506
  2.89311
  3.50351
   11.579
  37.8578
  26.9807
  1.25155
  2.76384
  2.27556
  18.5056
  7.44389
  3.19059
  7.34033
  11.4125
  8.81802
  13.7631
  7.51657
  21.2506
  13.2957
  4.95946
   10.804
  4.76115
  3.43934
  16.5109
   16.542
   4.0669
    5.938
  18.7355
  1.86171
  3.38601
  9.23604
   12.419
   2.5432
  6.42151
  23.6226
   18.739
  1.20826
  3.53769
  18.9578
  15.7161
  9.27533
  6.11542
  3.77039
  15.0192
  18.6484
  24.2356
  21.7796
  2.52261
  7.77507
  1.34474
 0.269297
  5.23754
  16.9305
  6.58298
  4.20901
  4.25733
  5.98323
  20.8262
  22.3432
  25.9986
  4.47055
  8.31287
  2.16161
    1.755
  2.69737
  28.9656
  30.7307
  4.81027
  25.8247
 0.509058
   15.445
  13.0355
  7.30154
 0.271569
 0.869207
   15.516
  5.23773
  9.01164
  4.83101
  11.7717
  8.11264
  15.0879
  7.88159
  0.45534
  2.15888
  21.8676
   26.221
  19.7549
  17.7733