11.0958
11.6759
19.8031
20.5351
23.3128
26.8046
28.0568
28.4175
 29.049
30.4867
30.7275
31.0815
32.7817
33.3235
34.4419
34.5801
35.4438
36.4972
37.2341
37.6559
38.4621
39.1287
 39.529
40.6558
40.6982
   41.3
41.6937
 42.213
42.5118
42.6125
 42.712
43.8792
44.7312
45.2026
45.6635
45.7236
46.4984
46.6679
46.9053
 46.976
48.3498
49.3422
50.4027
50.8289
51.0087
51.1642
52.4145
52.4443
52.7363
54.2624
54.3719
54.6871
55.0514
55.1177
55.2098
55.4292
56.2559
56.5782
 56.843
58.2539
58.6186
60.4216
60.7473
60.8217
62.3394
62.4445
62.4893
 63.109
63.5294
63.8607
64.2126
66.2396
67.1662
67.6616
67.8075
68.0168
68.3226
68.5321
69.3601
69.9766
70.2192
70.7035
70.8665
71.1396
71.2857
72.2693
72.6975
72.7781
73.2252
73.3067
 73.414
73.4178
74.0371
74.0771
75.5232
75.9916
76.5507
76.8732
77.0102
77.2285
78.3296
80.0761
80.3186
82.0083
82.0128
82.8927
83.5799
84.2599
84.4275
85.4285
 86.573
86.5992
87.2038
87.6961
88.1015
89.0204
89.3722
89.6957