    5.30535
     24.836
    27.0305
    26.8799
    18.5493
    25.4005
    7.05071
    28.1655
    12.9472
    32.3473
    34.3033
    24.6133
    16.5954
    13.5017
    2.39484
    24.4051
    31.3282
    25.6462
    35.5864
    16.8677
    18.1375
    30.2623
    16.9675
    20.3575
    14.7193
    28.3168
    43.0365
    32.5432
    19.7089
    22.1046
    24.8315
    29.2217
    27.2643
    17.9635
    17.0354
    20.5405
    26.3508
    22.5756
     9.7997
    16.8688
    28.1834
    30.4879
     20.959
    24.2059
    14.3876
    27.2003
    9.31871
    30.6767
    30.6831
    26.3137
    8.81883
    3.10761
    1.09295
   0.982201
   0.375095
    1.89407
    24.6103
    1.19828
    2.11265
   0.426223
    6.55898
    2.97583
    4.23776
    2.21437
    2.43963
    2.26603
    3.90135
    15.0173
    6.59987
   0.279413
   0.584869
   0.524522
    1.56509
    4.74238
   0.245052
    6.68382
    2.99298
    6.38472
    4.77323
    4.63058
    5.92445
    14.6884
    3.41857
    5.03821
    3.76504
    3.30514
     17.779
  0.0680848
    0.19115
    2.72979
    3.97457
    2.97396
    0.66277
    4.68172
    2.93757
    3.81544
    2.27648
    2.23905
    4.18894
    4.60879
    4.53695
    4.34563
    1.70528
    5.99999
    2.83829
    1.74154
    23.7277
    17.9024
    7.64567
    7.06592
    8.06021
     8.3997
    1.49447
    1.20969
    0.24506
  0.0911369
    2.75043
    4.89863
    5.34143
     1.7801
    2.42631
    3.68599
    4.79338
    9.47582
    1.12629
    3.79052
    15.9004
    2.18933
    7.63691
    1.98706
    1.21522
   0.561264
     3.9977
  0.0582569
    4.29668
    19.8916
    1.79083
    9.56061
    2.51061
    3.48635
    1.66369
   0.967522
    1.55619
   0.116406
    4.26786
    4.26085
    3.81654
   0.571707
    6.37038
    4.58951
    5.88951
   0.642347
    4.82144
    1.63674
    1.91308
   0.613902
    6.39533
    27.9303
    2.64883
    4.07493
    5.34583
    1.15895
    4.60097
     1.9491
   0.488567
  0.0638098
   0.226373
    7.82717
    8.11943
    8.97174
    4.11425
     3.0648
     2.8303
    3.37176
    5.71637
    2.03035
    2.15877
    5.10167
    3.14174
    0.73977
   0.932566
    4.27401
    2.95597
    2.19641
    4.29321
    3.67455
    2.26143
    2.39116
   0.632304
    3.05616
    2.06062
    1.22538
    2.95539
    3.53391
   0.366331
    19.3022
    3.21804
    2.01528
    2.75101
  0.0423415
    4.03869
    1.51062
    4.47383
    1.53604
    3.71879
    1.17478
    2.60591
    4.06701
   0.833156
   0.448257
    1.87227
     0.6714
    3.75196
   0.605545
    3.81259
    4.00019
    3.61118
    4.81224
    1.81549
    4.89589
   0.985152
    6.75112
   0.424088
    6.71964
   0.166822
    1.01426
    4.07694
    0.30313
   0.975578
    6.82237
    1.81852
   0.318896
   0.140046
    6.98521
    3.08379
  0.0266798
    2.06962
    4.95403
    4.91588
    4.26917
    1.64225
    1.38281
    1.45431
   0.626824
   0.873052
    2.62139
   0.216093
   0.183789
    1.28655
     4.9764
    3.69981
    4.57187
    7.49606
    3.60445
    6.15658
    1.98192
    1.59169
    1.19719
    5.43763
    1.44116
    4.17066
    3.54181
     2.2149
     5.5268
   0.796496
     2.4716
    2.62769
    4.99809
    5.24482
    2.13435
    7.85932
    1.80492
    2.25709
0.000301472
    6.31275
     3.9459
    1.73974
    1.58264
   0.574661
    4.20512
    4.49303
    5.71706
    5.30041
   0.480029
   0.915484
    3.78558
    2.37463
    1.11927
    5.42448
    6.49876
     3.3799
    4.64767
    7.38743
    5.62684
    2.61769
    8.17022
    7.01227
    3.15529
    3.45741
    5.85199
    5.08462
   0.524918
    1.74193
    4.91727
    5.92124
   0.451569
    3.17005
    9.15736
    8.59412
    5.07658
    2.21968
     6.5141
    8.85547
     7.4422
    9.83758
    5.18897
    6.28443
    3.89832
    2.11707
    8.32258
      1.822
    3.28608
   0.808292
    1.95462
   0.528194
    7.02212
   0.564421
   0.422509
    9.69426
    5.83908
    7.39652
    3.48509
    26.5499
    13.5337
    1.28503
    3.35861
    3.36796
    6.53341
    12.3538
    7.30833
    2.56865
    6.25633
    1.94161
  0.0600972
    4.40902
    3.50095
    2.05464
   0.304355
   0.329075
    1.62006
    1.02886
    2.18709
    6.37371
    1.66573
    13.9323
     14.444
    3.14833
    8.46457
    2.32944
    2.81233
    6.60189
    2.17489
    0.70929
    1.25273
    4.14935
     10.508
    3.78904
    10.6296
    7.46946
    4.77676
    1.88373
    10.6972
    8.14032
    4.90628
    3.89881
    5.14725
    5.77702
    1.28274
    5.73809
    2.87143
   0.255851
     1.2684
     1.8824
     6.3226
    5.48945
    4.25427