31.5821
52.4365
50.8907
35.8417
34.6134
36.7417
37.8817
58.0868
45.2117
35.0444
36.2792
35.4186
 53.315
53.3144
47.0364
79.3471
62.8378
33.8694
84.4223
 77.189
14.3851
27.5405
33.0547
32.2178
24.1526
 50.052
54.9051
51.0962
36.7014
36.8562
44.0994
41.2447
62.7975
46.8086
51.3306
51.5576
28.5705
46.6071
 38.962
33.3855
35.5337
44.7074
34.7473
  54.91
36.0927
52.9407
51.0819
36.9293
55.6431
 55.427
 55.639
60.2941
8.96272
 34.538
 44.408
  34.63
48.1466
29.3039
48.8582
88.9056
67.9122
36.3794
69.1551
69.1551
69.1546
27.4684
8.80475
56.0455
47.7841
42.1844
41.0205
38.6874
33.2955
35.3996
 44.219
49.9069
50.5573
57.2835
57.4775
50.0333
56.1706
49.6138
40.6123
40.4783
 46.196
36.9953
49.0703
58.1922
52.1845
 48.577
36.1752
58.2131
58.4005
51.4861
 49.141
43.8719
31.9713
32.7891
58.9448
40.2693
38.5774
60.2821
56.6312
 54.939
45.9642
60.5947
56.5877
55.2983
54.9159
50.2522
38.3142
18.8881
37.2954
37.7301
87.5754
70.3771
78.9731
49.6978
56.8753
49.3036
32.5056
61.0537
62.9055
86.9148
30.6632
36.4662
43.1463
31.3155
35.7591
60.2952
65.2877
57.1535
57.3869
34.2364
62.2184
8.77798
35.3089
34.7271
 32.965
57.3593
59.5073
38.0786
65.6649