   21.0324
   57.7983
   9.68241
  0.920649
   4.59549
   19.2933
    13.935
   1.06463
   15.2058
    2.0747
  0.469573
   58.2044
   49.6283
   4.08625
   20.0296
   49.4223
   53.0106
   32.8856
   8.99384
   3.92274
   17.2094
   14.4903
   26.1937
   32.9001
    4.2729
   11.0394
   1.05892
   14.0424
   7.39767
   9.56256
   28.6176
   33.3004
   21.7819
   29.8667
   21.5078
  0.328524
   11.6087
   4.95475
   2.69679
   14.1297
   31.8392
   17.3932
     54.31
   56.4325
   55.0583
   37.2144
    40.908
   47.6846
   35.7325
   35.9395
   32.7039
   12.0651
     24.66
   34.4494
  0.114605
   5.14928
  0.572985
   12.6272
   6.04102
   17.4119
   17.0227
   14.3313
   14.3531
   19.4689
   32.6224
    20.552
   14.4692
    5.0985
   2.05136
   12.7443
   10.9618
   8.86275
   34.9648
   27.7262
   14.9045
   18.1075
     1.553
   14.2019
   21.6397
   18.3336
   16.5459
   2.89177
   3.64017
   13.0247
   49.6845
   52.9979
   15.4136
   7.92641
   32.6267
   13.6936
  0.348616
   48.8466
   36.5156
   38.0584
   25.4181
  0.917337
   1.63284
   6.54845
   7.86613
   29.5368
   23.5363
   6.81329
   22.5175
   15.0449
   20.6325
   20.4573
    14.904
   4.26219
   30.1158
   16.3099
   19.7851
   37.8416
   33.0738
   17.8579
   27.9211
   25.8245
   36.9016
   31.3602
    61.486
   36.7318
   40.7827
   40.7258
   20.1355
   31.5529
   49.8917
   18.6137
   37.9449
   22.9774
     22.82
   24.9509
   1.79307
   23.1267
   4.77278
   10.8161
   56.7964
   38.1871
   26.2073
   15.3221
   18.7858
   8.88617
   6.09229
   26.5953
   19.6561
   17.6646
    42.615
   7.01612
   40.0567
   27.9443
    14.739
   27.7618
   39.1537
   39.6953
   31.0223
   27.6793
   14.6287
   11.3782
   11.7186
   19.3439
   14.6099
   33.0226
0.00541323
   4.19837
   1.15699
  0.908276
   11.5043
   3.55558
   8.32406
   4.39762
   10.4326
   19.6787
     29.67
   19.5496
   46.5704
   32.5477
   43.6095
   28.2679
   32.5862
   45.4278
   17.9072
    33.841
   5.10885
   2.07634
   18.7083
   4.59529
    35.251
   23.7571
   39.5591
    39.657
   9.59295
   14.3216
   25.9899
   5.16237
   35.5622
   32.6549
   31.2122
   11.8713
   3.25323
   18.1625
   34.5567
   40.4186
   27.4309
   5.98698
   11.8794
   19.4348
   36.3338
    36.038
   23.6163
   26.6887
   36.1716
   32.5398
   20.3397
   13.1479
   9.07933
    3.2393
   17.5082
   4.38576
   8.49208
   15.6364
   3.70465
   7.96578
   33.8789
   34.9959
   17.6409
    29.605
   3.59616
   37.7076
 0.0171315
   25.1523
   32.2862
   12.1322
   6.72493
   1.22722
    31.554
   23.9135
   25.7217
   24.3746
   22.6783
   0.54894
   32.6077
   28.8167
   37.0728
   37.3814
   33.3319
   13.0322
   20.0169
   26.2718
   21.7811
   39.6365
   26.9329
   32.5191
    25.109
   4.72332
   37.5809
   37.2797
   3.72047
   26.1322
   15.2064
    6.8792
   12.1932
   32.7248
    37.175
   48.8782
   24.0203
   14.9977