   3.6866
  6.05792
  31.0183
  17.8885
0.0892153
   6.7373
  35.4394
  18.9457
  10.8339
  14.6939
  17.0405
   29.786
  20.0079
  6.36886
  16.6165
  24.7962
  11.6915
  6.00658
  4.89722
  4.47663
  3.19832
  8.16531
  12.8098
  7.35168
  5.96438
  27.3157
  10.1935
  6.90621
   7.8128
  4.71779
  27.2889
  28.3746
  34.3392
  27.0486
  14.2789
   0.5037
 0.112413
  16.7199
  31.4433
  3.65701
  4.04348
  1.03926
  37.0995
  24.5157
 0.707871
  8.24747
  16.0716
  9.88738
  6.95715
  4.76345
 0.244053
  9.46445
  39.7099
  2.81588
  28.2705
  28.1467
  2.42859
  9.92241
  1.87933
  1.44847
  16.2785
  16.5029
  4.01695
  13.5606
  4.19184
   14.931
  12.3041
  25.9046
  1.25782
  2.96763
 0.132184
  7.14664
  1.88061
  2.67288
  3.60796
 0.953135
  2.55041
  14.6114
  10.9751
   11.871
  6.01407
  8.97096
  6.81306
  1.67231
  12.8529
 0.217333
  9.15873
  1.91567
  15.6522
  8.64687
  1.76815
  1.74931
  22.3909
  9.30908
  6.87603
  3.05489
  7.56269
  13.3742
  16.7052
  2.08559
  8.52733
  3.63667
  9.08088
  2.51701
 0.376536
  11.3725
  9.51036
  16.7961
  3.89653
  4.64177
  10.1741
  3.91742
   4.9752
   7.2994
  7.19918
  1.57132
  9.09236
  11.4787
  10.1956
  11.0331
   9.0019
  3.40336
  4.67476
  17.2239
  2.67436
  12.7196
  12.7449
  2.14955
  10.8114
  1.25015
  10.4771
 0.378551
  12.8074
  2.22719
  2.77326
  1.94952
  10.7567
  10.4895
  27.7502
  15.5281
  5.97218
  8.46112
  11.4777
 0.358469
  7.07641
 0.826463
  4.07631
  1.05896
 0.255648
   12.044
  6.24697
  10.1447
  4.65602
  2.19063
 0.944235
  4.89753
  13.0319
  6.89762
  16.6706
  10.7253
 0.544677
  9.78781
  27.7129
  21.6722
  5.02731
  27.5982
   9.2851
  9.57102
  1.29521
  4.65334
  4.39566
  4.19143
  1.81906
   10.496
  11.3126
  1.92075
  6.58963
  18.4129
  10.8448
  1.78179
  3.48366
  1.53529
  10.3537
  9.01993
  13.4202
  19.3071
  2.08894
  3.83458
  6.60257
  16.5394
  6.06973
  5.16186
   1.6915
  5.21656
  2.51969
  13.4536
  6.24522
  3.74366
  5.36947
  9.02912
  12.8301
  1.82083
  16.4431
 0.362406
   6.1454
  3.10241
  2.63643
  5.40788
  8.88753
  7.43072
    16.24
 0.171552
  2.99212
  26.3211
  8.70523
  1.78592
  23.8954
  5.80288
  29.7839
   10.578
  2.81745
  1.68543
  1.82552
  3.12835
  1.41866
  5.78233
  2.27753
  3.93306
  3.68824
  24.9456
  1.40757
  4.38415
  4.03022
  2.32995
  6.07956
  4.68402
  0.29353
  12.8312
  1.83617
  15.9582
  2.58393
  17.0045
  6.51891
  4.28273
  17.1858
 0.614278
  6.88335
  4.59728
  3.80817
  26.4457
   2.6985
   8.9346
  3.99281
  9.15747
   10.534
  14.9229
   0.9827
  1.30622
   11.752
  8.01646
  3.67127
     1.24
  2.98867
  1.13881
  3.94483
  1.27463
   2.0823
  3.35857
   14.047
   3.6217
  0.10096
  9.71497
  38.1986
 0.891698
   9.2687
  5.72338
  11.2996