  44.9022
  61.4436
  50.7662
  56.8652
  57.0672
  39.7166
   68.024
   60.883
  62.7848
  56.8067
   65.028
  65.8758
  57.0222
  48.1267
   43.498
  56.9485
  47.8425
   63.554
  68.9538
  67.2348
  59.9222
  61.2495
  62.9009
  45.3973
  53.4193
  45.4719
  47.4494
   51.037
  53.9013
   48.771
  62.3315
    54.36
  66.7017
  69.3332
    51.52
  53.6957
  59.4872
  51.5252
  55.9879
   52.493
  52.9414
  58.2823
  39.4046
  51.3831
   49.118
  48.9154
  46.5848
  42.8223
  53.5298
   45.198
  49.4306
  15.1619
  13.2811
  64.9769
  60.2285
  61.3985
  44.8076
  55.2861
  57.5042
  50.9357
  61.6026
  46.9244
  55.8367
  57.1771
  48.0171
   58.659
    49.61
  55.3847
  58.1801
  54.2282
  54.6106
  56.6407
  55.2497
  64.9979
  49.6157
  47.2178
  45.8482
  45.9331
  10.0919
  43.1122
  57.4572
  53.8569
  66.4419
  39.5178
  49.2511
  24.4154
  35.7323
  32.8554
  31.4212
  46.0762
  55.9224
  42.9954
  43.4267
  16.7805
  58.7752
   55.451
  66.7723
  38.2734
  64.1133
  59.4881
  63.5298
  40.1577
  12.1087
  47.6105
   47.329
  63.8434
  47.8428
  50.0563
  45.5519
  61.5029
  53.2817
  44.8394
   49.556
  55.4139
  49.2243
  56.6902
  41.0946
  45.3833
  56.2227
  55.4928
  48.2255
   38.616
  46.3288
  50.8674
  46.7566
  54.9922
  57.7454
  55.6781
  58.8686
  48.4288
  50.5754
  46.6667
  47.2278
  48.6362
  47.4784
  61.3369
  54.3223
  45.4762
  60.0556
  48.8446
  52.4092
  61.1354
  60.1889
  49.9306
  50.9938
  46.6174
  63.7143
  46.5173
  37.3371
  54.5741
  62.5406
  15.9331
  50.2878
  59.2688
  65.1478
    62.93
  59.2865
  59.7881
  55.5801
  56.3107
  50.4625
  51.3113
  38.5275
  51.3655
  66.4083
  59.4213
  52.0135
  61.3776
  31.1764
  59.9576
  65.0148
  58.3989
  46.4836
  44.5556
  57.6396
  48.5364
  49.1371
  59.1351
   57.944
  54.1963
  54.6184
  45.8286
  46.6255
  57.6437
  55.9329
  54.3386
  56.6538
  37.8399
  50.1236
  53.1754
  47.5269
  20.8705
  13.9657
  55.2343
  46.8418
  54.3098
  40.9613
  40.6768
  4.66711
  34.6033
  33.0203
  30.1059
  40.0545
  49.0622
  26.3081
  20.0363
  45.0247
   28.627
  35.5605
   35.249
  28.6626
  36.0875
  22.7891
  22.2412
  48.0331
   38.047
  36.1016
  34.9648
  63.8169
  41.9653
  40.5941
  47.8901
  50.1165
  32.2129
  27.6843
  22.9695
  20.5167
   29.799
  35.1933
  20.5841
  42.5855
  22.3994
  19.2488
   35.106
  27.4513
  20.2978
  57.6967
  40.3328
   47.519
  32.7244
  24.6185
  25.4233
  29.3573
  19.2028
  30.4689
  23.6232
  28.9197
  34.7738
  28.6448
  33.0748
   39.053
  6.11321
   6.6985
  2.89247
   5.3758
   4.7611
  5.34275
  3.71269
  24.1625
  2.03324
  3.94246
  1.54612
  3.42109
  9.21722
 0.533207
  2.50519
  3.24873
  6.46957
   1.7741
 0.386309
  1.68959
  22.2197
  17.4038
  2.90156
   2.8647
  4.98621
  1.54581
   27.338
  2.07227
  2.70294
  2.45991
  8.57654
  11.7604
 0.498959
  0.56763
  1.56549
 0.317118
  2.79329
  6.26305
  5.51963
 0.263598
  5.20221
  3.06235
  3.51872
  55.2331
    7.199
  4.34574
    4.267
  7.71486
  3.61273
 0.519789
  3.45844
  2.17501
0.0953688
   24.299
  21.5685
  3.53971
  13.0139
  8.15788
   9.9033
  1.55358
  2.30213
  0.20185
 0.645043
  3.30044
  1.28348
  3.51804
  2.68735
  1.30072
  1.03018
 0.659242
  2.17162
 0.325688
 0.539894
 0.560295
 0.842262
0.0362525
  16.4355
  1.90076
  2.12365
  7.77845
  2.33124
  3.22901
  5.38653
  2.53562
  5.42679
  18.5955
  1.03781
  12.8111
  41.2464
 0.987959
 0.581467
  2.03637
   2.9978
  1.51973
  44.6689
   4.7629
   1.4446
  2.14607
   7.7491
  12.1407
  3.50107
  6.18177
  2.44226
  4.30295
   47.745
  46.5244
  2.84079
  3.04579
  2.86403
  0.23877
   1.5938
  1.97644
  5.25239
  29.0339
  1.38348
  3.51484
  1.78466
   2.4667
  1.07716
  1.55416
  1.95463
 0.620208
  4.27053
  7.51122
  2.91245
  8.98624
  2.18187
  4.87501
  4.95502
  8.20064
  7.17877
  4.68675
  6.05673
0.0262105
  19.7643
  7.95303
  5.00469
   7.4281
  6.06938
  0.65858
  6.73002
 0.402367
 0.618807
  2.10572
  1.24521
  0.88604
0.0104207
  5.00983
  1.55266
  5.51442
  3.32832
  2.06234
  1.14559
  1.61205
   10.559
  22.2162
  13.7356
  8.10431
0.0302292
  3.18722
  4.95666
  5.57565
  4.57876
  6.87437
 0.388608
 0.935701
  0.98594
 0.474387
   4.6655
  1.12544
  1.55955
  0.40798
   6.7265
   3.6871
  1.94227
  1.04472
  2.05321
  3.56102
  4.82324
  5.05521
  5.09603
  0.83773
 0.603074
  6.11864
  7.45156
  1.72593
  6.54559
  5.11624
  7.98892
  1.18942
 0.180423
  4.65318
  4.41786
  1.37533
  1.61133
  2.32387
  1.45907
  9.18233
  0.26757
  7.60863
  3.84289
  1.63433
  7.55779
 0.868122
   4.5911
  6.09668
  1.01628
  10.2858
   9.7539
  4.30202
  2.52427
  1.17311
  3.01436
   3.3283
  4.32329
   2.2303
  0.11557
  3.96822
  3.70988
  3.81112
   2.4917
  3.62225
  3.43395
  5.36516
  8.67248
  6.17996
  45.7043
  48.6831
  6.44228
 0.256602
 0.836618
  0.83614
  3.20317
  6.41217
   5.6201
 0.671211
  3.28728
  5.42828
  6.74926
  6.51821
  8.88657
  10.2608
   1.9968
  5.84922
  3.61678
 0.119201
   2.2885