  37.2855
  27.4152
  51.5067
  49.0531
  59.3179
  62.6825
  53.7824
  45.8839
  51.6747
  29.0462
  31.8123
  51.2629
  52.5922
  66.7609
  30.3734
  53.9364
  45.8782
  62.1838
  14.5503
  25.1784
  45.1582
  27.7871
  27.9034
  44.2674
  59.2935
   32.916
  33.9536
  47.3783
  57.3216
  46.1628
   38.236
  65.7756
   41.558
  61.9578
  47.0999
   49.703
  29.9893
  50.3429
  48.6179
  37.0335
  63.0136
  59.0807
  40.1485
   42.224
  59.0883
  60.3905
  54.5447
  35.1251
  46.6821
  60.3327
  50.1089
  47.1625
  63.5369
  50.3338
  33.3793
   20.958
  56.1006
  43.7944
  57.7311
  38.5383
  45.0819
  44.2177
  47.3704
 0.899314
  1.20513
   46.914
  41.5855
  55.6169
  34.7886
  36.9601
  43.6106
  66.4654
  43.3717
  44.2274
  56.8098
  27.3081
  29.5454
  55.8647
   34.295
  43.6072
  53.2828
  44.2157
  1.56145
  1.69829
  48.0752
   44.335
   44.725
  43.0052
  58.7385
  29.6004
  31.9148
  25.9605
  43.3408
  8.23469
  2.01896
  1.10299
 0.904262
  1.07163
  18.2475
  39.3016
  39.8093
  49.1805
  32.2714
  32.6002
  38.8401
    32.54
  53.4308
   52.249
  23.5991
  11.3888
  48.5859
   62.732
  43.3907
  19.4937
   37.854
 0.599845
  3.04557
   6.6851
  8.75112
  15.6043
  2.61547
  1.40919
  4.63486
  3.32689
  21.3528
  62.5802
  8.21619
  7.53331
  1.00489
  1.33447
  2.61067
  40.3797
  4.93358
  2.19555
  1.24075
  4.60274
   62.426
  2.65646
  5.76586
 0.795636
  7.09061
  27.0298
  8.08647
 0.812158
 0.923418
  1.51889
  8.53324
  1.26383
  2.46097
 0.579169
  2.25062
 0.637118
  1.19277
  3.54792
  4.58696
  55.7973
  28.1173
 0.961975
   8.2982
  4.84444
  4.54846
   4.6217
  13.9267
  39.7209
  3.42232
  6.51457
  3.86979
  4.81658
  1.90449
  4.99513
  7.85342
  7.66521
  7.54202
   1.8048
  2.14462
  2.78527
  7.46869
   12.008
  3.95171
 0.809509
   1.4824
  2.23828
  5.38217
  20.2469
 0.176991
  1.98437
  3.18053
  32.3922
 0.431935
   1.7546
 0.598484
   1.8085
  2.36601
  28.4336
  4.13289
  2.61736
  21.1048
  1.49553
  5.20569
  2.78864
  3.40144
  3.54468
  4.79405
  2.37537
  61.9633
  5.87179
  1.20341
  2.46463
  7.02074
  4.87491
  2.61347
  3.56468
  6.48773
 0.185959
   3.8757
  15.4446
  1.97253
  2.05686
  7.50712
   5.4869
  9.17289
  3.92893
  2.14124
  0.95774
 0.838288
  2.12765
  1.06633
 0.775028
  2.20425
  2.95672
  5.05181
  3.63921
  2.85833
  1.40462
  5.78475
  4.05813
   5.4102
  1.25729
  1.06749
  4.90791
  5.98478
  10.8263
 0.501526
  4.32301
  4.49534
   2.0049
  3.01368
 0.190232
  6.00562
  4.56902
  4.70863
  5.42663
  3.89242
   5.8986
  5.32252
  7.92261
  6.12192
  1.60409
  60.1953
  5.18028
  1.99165
0.0362837
  2.67078
  2.51469
  4.35176
  3.35641
  5.15679
  1.45586
 0.571439
  3.80449
  26.3452
   4.3564
  5.45163
  33.3679
  0.42723
   5.7313
  23.9422
  5.08401
  30.1923
  4.36225
  2.34335
0.0551181
 0.171826
   1.3046
  1.30727
  6.39206
  5.19833
 0.318028
  2.17991
  17.6058
  7.61677
 0.243687
 0.154805
 0.676065
 0.921318
 0.852072
 0.729124
 0.484328
  3.75405
 0.490436