  27.0464
  15.7795
  17.3822
  14.2046
  20.0059
  27.4586
  25.5132
 0.721161
  3.06825
  11.7277
  10.3595
   1.2306
   13.302
  4.97706
  17.3765
 0.484435
   11.737
  3.54364
  42.7249
  10.1517
  15.6837
   27.469
  5.63673
  9.56591
  2.76211
  3.36226
  4.43099
   15.102
  6.88308
  9.28768
  8.27791
  2.59275
  12.3075
  10.1543
  15.6468
  8.53503
  7.81178
  40.5606
  4.58999
  22.6165
  23.0096
   14.629
  2.50713
  40.7898
  1.33764
  45.0347
  4.19782
  26.4377
  4.69942
  17.9458
  4.31742
 0.497783
  3.64007
 0.599416
  22.0568
 0.781269
  1.25391
  4.58289
  12.5361
  2.94236
  3.37926
  15.7822
   1.8933
   20.626
  30.5012
  12.0265
  13.5494
  5.54285
  2.07679
  3.88715
  24.0881
  7.10189
  23.3866
  7.67813
  9.39986
 0.155504
  25.2972
 0.850148
  9.93897
  22.8355
 0.801263
    28.28
  15.9228
  3.54896
  11.7207
  20.1686
  8.43032
  2.58683
  1.45661
  1.79769
  8.21819
  10.8797
  2.70215
  20.5956
    1.164
  2.75409
  2.97186
  58.8734
  9.41374
  12.8728
  5.74889
  14.4177
  6.89052
  4.74215
  5.98603
  2.82091
  11.5566
  7.62888
  19.9035
  15.7271
  6.27431
  2.73237
  0.91317
  8.29751
  18.7219
  45.8565
  3.23614
  5.29259
  11.5727
  13.2104
  25.1185
  17.8898
  1.04289
  17.6428
  25.8527
  22.3444
  39.9425
  22.9027
  31.0592
  9.50379
  21.5039
  29.6684
  9.72185
  11.4821
  3.76885
  6.83193
  6.21915
  42.9575
  34.1055
  18.9291
  17.2364
  3.08694
  5.23556
  6.19533
  6.48162
  8.44291
  2.39802
  24.8347
  5.28489
 0.115046
   4.0568
  1.13908
  25.2986
  2.58362
  2.97776
  9.93552
  38.0197
  11.2662
  30.8541
  4.13637
   21.504
   12.404
  5.94491
  18.8417
  6.96412
  9.90728
  1.31212
  31.6291
  22.1192
  22.8366
  11.4431
  3.54278
   3.9319
  8.76338
  10.3804
  27.0455
  13.4224
  55.4559
  54.0011
  28.8892
  4.88203
   8.0755
  36.5529
  20.1885
   33.612
  6.77823
  1.68986
  11.4009
   9.4804
  17.4314
  9.85811
  6.68492
  7.78694
  32.3946
   1.9499
  10.1438
  8.91183
  6.55431
  17.2183
  26.6599
  7.01621
  12.2286
  61.3447
  9.37063
  9.61531
  12.9306
  22.5248
  15.2193
  9.34472
  2.90751
  11.9247
  6.87409
  8.17562
  10.8204
  28.9501
  7.08829
 0.694937
  14.2191
  4.90521
   20.525
  6.88152
  4.66813
  33.6528
  26.2836
  1.85053
  1.23094
  6.65187
  18.9932
   1.5016
  10.4237
  18.9049
  37.1663
  19.0274
  34.1777
  3.29624
  30.2249
  11.2493
  53.6949
  0.39655
  10.4585
  4.81569
 0.104702
  14.5226
   4.4191
  2.02521
  31.5457
  2.20351
  11.3912
  9.85011
  1.82481
  1.48916
  5.88288
  2.90137
   33.327
  21.6578
  34.1307
   7.6978
  29.2571
  20.3558
 0.147229
  2.94351
  2.27185
  1.12498
   54.676
   58.442
  54.4629
  39.3387
  11.9921
  19.0429
  1.19567
   8.4205
  15.9592
  34.4782
  8.31831
  13.9351
   25.908
  14.1706
   28.087
  35.0514
  8.90322
  22.8124
  10.7321
  31.4205
  58.4803
  15.6271
   1.9478
  7.69316
  7.22196
  10.2646
  19.3335
  6.67038
  48.6368
  37.2229
  4.48743
  1.63176
  5.91334
  55.4823
  7.84464
  51.9903
  22.3026
  1.91503
  5.14592
  44.7403
  7.10117
   13.984
  43.1606
   17.272
   2.9452
  27.9161
  43.0851
  14.9155
   63.773
  61.5475
  51.5267
  32.0225
  33.1791
  41.4168
  9.25946
  59.0212
  22.3501
 0.206008
   60.605
   7.6684
  14.6684
  63.3193
  8.79822
  20.6506
  7.54443
  7.63278
  11.3956
  18.2524
  52.0023
0.0889612
  48.8033
  2.75177
   3.6039
  22.6547
  55.8817
  43.9272
    65.45
  45.7543
 0.433459
  1.43085
  19.1274
  19.7902
  11.4084
  2.11672
   10.285
   35.623
  47.0745
  42.1441
  20.3781
    45.74
  3.09851
  34.3539
  13.0157
  11.3386
  50.2114
  55.9113
  54.9682
  43.6443
   41.513
  58.2572
  15.4769
  9.10812
    33.47
  57.6046
   1.2978
  52.1099
   40.972
  53.2658
  66.9855
  5.57261
  47.4156
  40.8954
  12.7794
  36.7986
  14.1957
  44.3079
  25.4632
  6.28738
  31.8282
  23.5636
  56.0826
  36.9668
  52.0765
  48.3779
  49.1054
  2.34027
  47.5463
  8.72823
  60.3406
  58.0279
  49.4215
  60.3368
  43.7371
  18.0096
   7.4777
  54.4848
  56.0444
  43.9818
  5.25471
  13.8896
  26.4518
  58.9372
  58.3412
  9.05116
  31.9991
  23.6453
  51.1199
  31.8062
   55.115
  23.6899
  15.4525
  15.0427
  50.2017
  28.5397
  47.3002
   22.382
  62.9185
   2.0868
  2.23654
  39.1881
  28.5305
  1.09223
   3.7815
  11.6985
  10.5676
  42.5057
   45.662
  1.39638
  21.8293
  55.5783
  52.7959
  55.3528
  47.7643
  15.5148
  10.8964
  30.2652
  15.9244
  14.2969
  4.00272
  23.6022
  40.6468
  53.6241
  34.0305
  13.7778
  15.8802
  1.90976
  9.11555
  9.96866
  42.7406
  34.1555
   33.706
  1.75463
  10.2413
   33.931
  52.4677
  47.7331
  59.8811
  4.76797
   28.848
   56.847
  16.1086
  18.7339
  7.58242
  46.9226
  38.9573
  13.5561
   30.549
  14.0793
  4.92466
  24.5283
  13.5229
  59.4907
    48.36
  10.9019
  7.47307
  10.3299
  29.8058
  56.7008
  57.3817
  56.8478
  34.3781
  34.0194
  52.6622
  4.30263
  51.0448
  15.5851
  10.3137
  60.6304
  26.2518
  60.5033
  52.8734
  55.2888
  18.4904
  41.5787
  13.2357
  23.9039
  40.2851
  53.1762
  49.5145
  45.2313
  32.0365
  18.3766
   56.742
  1.21292