    9.86317
    15.0527
    23.2962
    10.2491
    27.1708
    21.5117
    19.9499
    16.6858
    7.89074
    28.4624
    23.9437
     2.5386
     23.087
    17.9391
     25.055
    20.1092
    5.65381
    24.5353
    3.21101
    17.3689
    25.6617
     17.097
    12.2962
    6.68935
    9.15588
    16.2242
    23.3587
    19.4641
    20.7225
    1.74672
    20.7453
    26.8062
    14.1643
    9.57917
    3.63857
    0.25133
    4.99688
   0.403628
    16.9502
    8.73137
    6.19859
    6.37974
    22.7802
    21.9796
    26.2672
    4.81838
    15.7652
    9.30934
    1.00196
    6.14468
    12.2335
     1.9403
    0.40362
    21.9086
    2.91591
    25.3769
  0.0541531
     6.2371
    11.5822
    1.23108
   0.941923
    5.13462
    0.52694
    9.89753
    8.81019
    3.82738
    3.92699
    16.0789
    6.78226
      18.03
    33.4671
    14.1757
    26.3544
    14.1201
    25.9531
    6.56056
    6.49901
    8.59857
    10.5291
    7.34863
    4.44426
    2.98574
    23.8472
    6.69557
    9.90204
     3.6678
    3.42406
     4.8508
    8.89613
   0.514458
    11.3347
    27.0165
    9.87124
    12.5192
    3.36827
    13.0814
     6.0758
   0.318148
    10.4495
    3.46213
    25.5332
    14.9986
    6.32793
    1.31346
    5.94228
    5.52896
    8.62217
    21.5802
    28.9911
    26.8202
     6.2268
      1.963
    13.5326
    12.5815
    1.05951
     8.7003
    8.11135
    10.0445
    28.8884
    5.01844
    13.5205
    16.0743
    4.43716
   0.740241
    11.1875
    9.42613
    9.11073
    16.6828
   0.599594
    14.0011
    6.63972
    10.6457
    1.03497
    18.1604
    20.3534
    5.34189
    11.1688
    10.0419
    6.52057
    3.31187
      6.978
    21.9499
    19.1349
   0.490874
    21.8685
    13.7413
    4.02597
    5.67325
    11.3821
     4.2644
0.000713502
      8.726
    3.84114
    1.09799
    17.2596
    10.4339
     2.3453
    3.61034
    1.37414
    3.91498
    5.73582
    5.96094
    6.07453
    12.0301
    2.76432
    6.86353
    23.0978
    9.42769
    7.56292
    19.9817
     17.192
    5.06432
    4.98195
    20.3534
     5.9707
    24.6386
    7.35813
    12.3993
    7.59621
    10.3101
    23.0531
    20.0375
    19.9242
    4.95072
   0.120096
    20.2485
    4.99711
   0.229023
    23.2449
      26.21
    8.11436
      5.083
    12.2357
    26.5272
    25.7801
   0.222337
     25.104
    13.0208
    1.37879
     9.3738
    17.9286
    12.1424
    1.29791
    13.1415
    15.2718
    13.6578
    23.9114
    1.74261
     15.243
    17.4206
    1.92049
     6.2831
    2.89808
    27.9504
    0.68774
    10.1104
    6.12559
    6.48691
    15.7598
      22.61
    29.1238
    1.96849
    11.5439
    5.57609
    12.6456
    7.45484
    16.4665
    17.3496
    4.91887
    1.67858
    1.78525
    3.59958
    3.63809
    4.67274
    5.23936
    3.10128
    4.38951
    6.18593
    23.7023
     1.4713
   0.935166
    4.09964
    13.7361
    15.1925
    4.39862
    16.4677
   0.551208
    5.98276
    3.78657
    3.16109
    2.79589
     7.9924
    14.5635
   0.103415
     7.2462
    15.0237
     11.781
    2.02045
    20.6503
    15.8644
    3.80631
    12.5363
    1.73332
   0.807717
    5.30733
    18.9551
   0.795475
   0.472129
    1.43029
    3.85686
    13.7074
    3.95146
     2.1367
     5.9195
     12.333
    6.08412
    7.25034
    16.7233
    8.75697
    7.37217
   0.559749
    25.3982
    3.10125
    2.88158
    2.48844
    22.9913
    20.6406
   0.842873
    5.52704
    14.2145
    19.0847
    27.5105
    17.7746
    13.1761
    14.2724
     13.848
    19.6963
    10.2423
    8.87465
    1.96938
    1.05275
    3.26326
    12.4544
    6.85924
    4.61303
    23.1375
    2.10155
    12.0642
    12.6732
    7.20685
     1.2816
    9.48211
    25.0881
    9.04457
    13.8495
    7.18245
    12.0954
    20.9916
    17.3226
   0.483655
    7.77924
     8.9333
    14.9574
    5.87717
    7.59151
    3.78492
    9.44524
    25.1942
    1.28657
    9.40261
    26.8449
    7.38951
    12.6271
    14.8516
    10.6202
     14.804
    25.3666
    13.9847
    12.0999
    1.15991
    11.3479
    25.5101
    5.88883
    19.1078
    21.2886
    6.62538
    6.85434
    7.20263
    6.98806
    2.80111
    4.00368
    7.21411
    14.9484
     17.644