   37.7265
   31.6986
   34.9524
   32.3976
   24.9327
    28.197
   39.9866
   31.7906
   38.7006
   44.1092
   34.4545
   27.8274
   41.5677
  0.567086
  0.998065
   43.8196
   32.8375
   30.6542
   35.5346
   31.4012
   33.0323
  0.591166
   5.16264
   45.3894
   32.4127
   36.6529
   37.6172
   26.8352
   3.32167
    5.0159
  0.693821
   3.16415
   4.58104
   42.2095
   33.6463
   23.0648
   32.5218
   9.41303
   1.43678
    43.413
   1.91308
   5.93054
   4.10788
   3.39096
   2.38993
   5.52813
   4.14317
   1.43581
   1.04953
   0.57754
   4.17472
   4.05629
  0.307003
   3.25981
   2.97311
  0.832322
     1.172
   7.22415
   36.7566
   9.47413
0.00752536
   3.80134
  0.224972
   9.30089
  0.438578
  0.369529
   1.01231
   1.63934
   4.73279
   2.36945
   3.33102
   36.6179
  0.146993
   7.13806
   4.21521
    8.2531
   2.84914
   9.33525
   2.98624
   5.69888
   3.39281
  0.153591
   5.54738
    2.9906
   7.02988
   7.76924
   4.41737
   1.32651
   1.34957
   9.87374
   6.88915
  0.156058
   3.80141
   6.59726
   7.09777
    7.3834
   22.6287
   1.26458
   5.52554
   6.87585
    26.983
  0.128806
  0.889578
   3.74197
   6.26532
   5.27015
   1.41035
   23.0789
   7.18817
    1.1593
   1.10507
   22.5088
 0.0305642
   5.35714
    6.3786
   0.60069
   7.17548
   4.85812
  0.197102
   3.20454
   6.43145
  0.370052
    8.1535
   5.36815
   5.84815
   5.74284
  0.506425
   4.71579
   7.61405
   7.51664
   4.12534
   2.13067
   3.20444
  0.966404
   5.99031
   2.61464
    4.1576
   7.07274
   4.00886
   3.03722
   1.98947
  0.167462
  0.788578
    1.9377
  0.629724
   2.47546
   5.08548
   8.08541
   4.94203
   7.74067
   2.25567
   6.33669
    6.7462
   5.22724
   4.72916
    1.6374
   2.34125
   1.96897
   2.14208
   8.51819
   7.18205
   1.87233
   3.12189
   8.75531
   5.81665
   5.52318
   1.30897
   1.41064
   2.46797
   2.49452
   2.01653
   1.38735
   9.65151
   2.25332
  0.796667
   1.79509
   1.27998
   4.85464
   3.19364
   1.91472
   8.12081
   6.48793
    1.4492
   5.43762
  0.139681
   1.03578
   5.35067
  0.255129
   6.02481
    5.3741
    2.0242
   2.70988
   4.05787
   2.10186
 0.0168355
   15.6711
   5.28133
   3.92161
   29.3625
   6.54086
   1.52881
   4.49528
   35.8784
  0.943861
   3.92977
   2.93442
  0.390267
   4.69185
   2.54491
   4.89436
  0.843669
   32.4365
   6.55447
   1.88471
   5.40312
   8.06751
   4.40939
   3.90255
   5.66636
   29.8134
    2.8828
  0.869302
   2.84206
  0.407665
   7.51145
   5.76057
   5.59415
   6.27215
  0.843669
   1.60658
    7.5611
   3.41505
   1.90082
   3.66193
   2.45891
   12.0287
   4.31125
0.00978162
   19.2662
   4.39573
   1.56755
  0.801562
   4.72987