   8.4661
  31.8697
  7.74411
  8.96235
  23.3983
  9.21828
  6.62974
  15.9626
  2.29601
  4.99251
  5.93598
  8.67472
  4.46371
  9.47886
  14.4461
  2.35685
  4.18567
   6.3458
  1.90016
  21.5686
  13.0288
 0.403131
  18.1476
  13.8618
  8.62311
  1.16256
  8.13976
  6.10065
  2.29601
  10.1955
  17.0335
   1.5979
  5.96014
  3.92001
  18.2991
  19.8779
  7.10895
  3.34383
  19.4023
  32.0107
  2.36455
  3.62476
  9.52615
  5.88992
  11.2667
  23.1319
  19.9872
 0.486458
  2.33551
    5.749
  9.16537
  22.0842
  12.0325
  1.68832
  16.8002
  32.0045
   16.939
  9.21168
  6.23224
  5.30242
  17.6482
  0.83983
 0.598169
  3.45908
   8.5287
  14.9375
  11.4992
  14.4078
   13.406
  4.75717
  13.5502
  10.8991
  8.21302
  19.8954
  7.01279
  13.8033
 0.121364
  12.9238
  6.92673
  2.43626
  10.8267
  9.79564
  9.07129
  5.04068
   6.6921
   14.157
 0.624618
   3.4589
   10.952
  3.06122
  19.3269
  15.2834
  0.45161
   2.7601
  1.52953
  14.0826
  3.49154
  10.2942
  3.97938
  5.97738
    1.115
   21.503
  18.6869
  18.6686
  2.72975
  9.48379
  10.1102
  18.4801
  28.4457
  29.6037
  4.44227
  4.47843
  19.3511
  2.36276
  1.18335
 0.474632
  3.25848
  10.9521
  19.5715
   24.635
  6.48492
  10.8099
  1.68049
  2.36519
  8.04973
 0.371108
  16.1449
  3.85108
 0.416714
  2.03481
 0.487507
 0.668014
   7.1613
  5.83991
  28.5303
  13.2087
  10.6806
    16.85
   2.7909
   4.1087
  10.4541
  2.93381
  14.6949
  14.0264
  3.12398
  7.73823
  7.08199
  20.4762
  2.87296
  34.5037
   19.972
  11.8869
  31.6766
  12.9413
  5.37936
  1.07001
  16.2801
  16.8518
  26.5691
  5.67051
 0.547084
   3.4814
  7.90361
  14.0147
  2.31976
  5.41026
   14.027
  16.2811
  16.6093
  11.6065
  7.13664
  10.3023
  4.45162
  13.7243
  12.5495
  9.58796
  3.09832
   6.2205
  3.00316
  12.8937
  61.0418
     70.8
  55.2328
  14.6956
  7.70699
  20.5614
   5.0207
  21.9132
  9.11188
  5.87182
  11.3439
  12.0012
  12.4369
  6.94324
   9.8108
  16.9105
  33.1632
  8.10919
  1.58635
  1.96822
  10.2073
  6.63079
  21.6753
  34.7131
  22.5228
  6.11433
  19.5378
    4.547
  5.84545
  21.8472
  1.17379
  2.68592
  4.27951
  19.4866
 0.130427
 0.180042
  23.3668
  10.4697
  12.3231
   9.4152
  20.0804
  7.73721
  1.44795
   25.444
  8.13013
  13.0144
    58.63
  55.8871
  53.3979
 0.239062
  5.59637
  1.60926
  6.78713
  10.9041
  2.52985
  4.54488
  6.40329
   1.1261
  31.7835
  25.4715
   4.4458
   12.543
  5.14517
  33.4645
   6.6407
  2.24532
  30.2301
  19.8954
   28.011
  2.84037
   30.683
  21.3938
  1.35311
  1.55216
  3.02365
0.0526413
  49.6594
  55.7417
  60.4724
  62.1117
  52.9051
  53.5069
  34.5777
  8.81653
   11.192
  2.15431
   26.843
  18.0916
   29.935
  20.8455
  6.36139
  13.2746
  1.12721
  9.20076
  8.94612
  34.5604
  26.5639
  34.8643
  51.0895
  1.12755
  6.29304
  4.56936
  9.86979
  3.04954
  15.9146
  1.28619
  27.2792
0.0462176
  4.62419
  5.75085
  47.0014
  71.3484
  71.5457
  58.2629
   32.454
  7.28613
  6.91921
 0.780889
  18.0813
  1.70783
  7.37765
  3.01944
  8.51739
   24.322
  22.7172
  8.91292
 0.191661
  35.0353
  9.96108
  62.0551
  65.2045
  54.7917
  54.3277
  52.8131
  45.4786
  14.6891
  42.8186
  2.50543
  6.02081
  48.7935
  13.1223
  10.1316
  13.2037
  7.83109
  7.89003
  10.5363
  16.4041
   55.634
  58.8226
  54.4996
   52.162
   4.5914
  55.6342
  56.0731
  61.0297
  64.2499
  54.0389
  23.0026
  10.0796
  13.3928
  21.3754
  51.1309
  37.6421
 0.676262
  7.13699
 0.627991
  6.36325
  2.05579
  51.9461
  49.7915
   36.984
  46.4618
  3.83583
  14.7423
  17.4072
  29.6313
  56.2714
  42.3648
   9.4146
  18.3701
  4.92383
  5.11362
  16.0518
  15.5572
  52.1835
  39.0984
  45.8887
  51.3187
  36.7814
  48.3624
  12.9874
  45.5699
  2.84798
  14.5151
  8.97067
  26.0155
  29.6868
  55.8229
  54.4321
   22.735
  5.56254
  62.9143
  62.3714
  56.4226
  63.3349
  24.4856
  48.6179
  15.3038
  0.93796
   6.1289
  34.9835
  1.31937
  14.1818
  51.0423
  52.7887
  10.8474
  4.84388
  15.8238
  27.0172
   8.8814
  17.3312
   7.7205
   33.646
  43.1885
  55.2225
  38.1234
  46.4618