 11.0444
 6.37413
 1.47464
 27.1451
 22.6892
 11.7129
 8.27208
 8.61786
 12.7464
 14.9782
 27.6247
 2.83992
   35.98
 4.55638
 20.6187
 4.02634
 11.8025
 8.64799
 25.3987
 2.78526
 22.1217
  3.3647
 7.94887
 22.6519
 13.8144
 15.5798
 29.7161
   20.39
 7.37094
 8.59121
   7.324
 25.4722
 9.94297
 3.37478
 11.7527
 21.0373
 24.8535
 19.2739
 18.4636
 12.0592
 11.9558
 1.32404
  20.768
 2.71929
 4.83668
 18.2644
 22.0239
 13.8538
 19.4978
 4.53903
  2.6931
 8.51014
 17.7996
 27.7042
 19.3507
 5.49284
 1.51407
 4.84802
 17.2214
 25.8991
 28.2824
 6.09483
 6.78808
 20.4688
  7.3758
 6.23707
 4.43231
0.873041
 6.85422
 11.8497
 8.22763
 12.1118
 23.2188
 14.4244
0.724196
 3.21707
  1.1523
 10.3237
 30.2986
 29.1116
 12.7676
 3.48327
 13.3941
 9.73303
 1.15181
 23.2585
 27.1934
 29.9384
  19.837
 3.45627
 23.6222
  0.8235
 5.92681
 8.91016
 12.4652
 12.5576
    22.9
 3.18776
 25.0802
 15.5637
 21.0444
 3.09657
 1.31866
0.025419
 11.2031
 26.5318
 8.19592
 16.5868
 4.54923
 5.44381
 2.55371
 6.19079
0.387746
 14.5087
 3.03405
 23.2044
 14.0716
 24.1925
 13.4554
 8.20666
 14.1545
 2.37287
  1.1399
 5.07757
 21.9548
 5.22349
 3.31896
 14.3674
 3.31911
 1.32806
 4.77829
 37.0011
  6.2636
0.249776
0.471432
 1.07863
 25.6214
  18.475
 2.74274
 20.4946
 15.4861
 17.1711
 1.51347
  3.9577
 1.57155
 2.95724
 12.3436
 5.07073
 2.79668
  21.827
 6.37577
 6.81725
 8.19294
 8.92512
 20.7773
 1.53993
 14.8009
 2.66704
 7.45256
 0.32863
  3.9772
 21.0155
 14.1724
 13.7076
 16.2675
0.113909
  16.516
0.370725
 2.95364
 13.0073
 3.48658
 10.8216
 4.21699
 1.95021
 19.2223
 6.63589
 3.39896
 4.90259
 10.7096
 10.9043
 1.52595
 18.5398
 23.4703
 5.62738
 6.78499
 14.8489
 2.36725
 20.4125
  20.993
 16.3247
 5.90493
 6.12794
 25.6538
 14.4606
 12.6285
 12.4459
 1.61222
 11.5337
 5.21264
 16.1297
 23.8879
 19.2886
0.411437
 10.5953
 6.66209
  17.091
 4.05405
 4.97828
 23.9086
 4.59686
 16.4276
 22.3288
 6.69856
 9.99405
 14.4861
 28.9057
0.708013
0.972648
  2.7918
  18.637
 15.3475
 20.7371
 13.4991
 14.4852
 21.7678
 22.3327
 21.0545
 23.1578
 28.5284
 21.7738
 2.46377
 27.1132
 28.3912
 6.47383
 22.5957
0.648466
 10.4831
 4.47539
 7.20382
  1.7373
 31.1353
 12.1904
 11.4668
 17.9263
 3.61261
  3.7626
 4.24491
0.522588
 3.75173
 1.04938
 11.0262
   21.75
 30.5511