   5.8711
 0.772216
  33.0054
 0.302532
  35.1677
  11.2787
  30.8321
  30.2887
   7.3512
  24.4407
  32.9981
  8.81437
   32.379
  0.53221
  32.0043
  24.4839
  3.16343
  10.1795
  1.73257
   26.509
  9.47198
  25.4161
  19.6632
   4.8779
  5.53957
  3.54825
  1.02491
  3.67469
  1.25128
  28.2465
   1.6884
  7.27798
  2.63063
  18.6736
  3.35726
  4.96412
  4.00743
  31.5171
  8.66135
  34.5665
 0.853289
  16.6273
  4.35731
  6.51199
  1.70061
   9.0207
  8.81819
  1.04101
  5.21852
  20.9405
  10.0633
  28.8787
  2.56917
  18.3962
  2.10964
   0.6433
  3.75158
  1.29134
  5.48998
  12.5959
  8.34265
  21.3358
  15.2217
  11.4745
  14.3973
 0.621574
  15.1431
  7.28473
  10.0287
   5.5207
  15.0513
  3.14241
   1.7241
  4.93227
  2.99209
   2.3005
 0.112838
  24.2214
  10.3736
  3.69309
  7.79531
 0.034583
  13.7255
   22.024
  7.08689
  8.18356
  8.37641
 0.866879
  5.08127
  17.0799
   1.8177
  3.29521
  29.2972
  9.47311
    1.657
  24.5853
  3.65596
  5.55581
  6.94673
 0.930876
 0.472299
  25.7501
   3.3685
 0.300335
 0.680073
  2.00132
 0.995393
  16.8022
 0.203984
   3.3222
  1.75027
  2.59182
  2.22335
  6.27705
  23.2492
  2.05179
  27.1749
  1.42606
    5.044
  15.8115
   6.8427
  3.39071
 0.657372
  7.12075
  2.07016
  7.03656
   25.636
  8.99041
  6.68364
  14.1436
  6.89823
  2.04076
  8.96674
  4.31711
  11.5378
  6.64155
  19.4547
  4.51127
  18.0669
  26.1811
  9.19832
    8.671
  15.1295
  22.4909
 0.753415
  3.55374
  2.77541
0.0714997
  7.64567
 0.341695
  24.6409
  21.5069
  12.2167
  25.2913
  9.53374
  4.06157
    23.94
  1.84145
  2.57931
  2.46526
  28.6354
  23.8246
  4.67989
  24.4425
  9.38511
  7.89131
 0.674931
   21.224
 0.198259
  7.09757
  11.5524
  14.2328
  5.78843
  23.6234
 0.175179
  20.3996
  13.5768
   18.351
  7.47703
   4.5234
  29.9213
  3.51844
  5.28256
 0.127773
  2.90115
  28.3315
  19.7679
  15.1958
  28.8966
  1.37095
  1.59302
  1.00015
  8.20074
  17.4476
  16.0698
  4.26242
   4.7974
  4.11079
  1.38212
  5.38895
   2.5975
  2.36848
  31.5614
  16.6953
  12.5228
  6.85379
  26.9709
  25.9054
  1.65813
  2.63918
  1.70214
  1.71593
  13.2364
  4.00788
  13.1967
  3.35008
  19.3583
  4.15316
  8.32534
  2.21834
   1.2869
  2.66921
  9.00057
  10.6068
  1.31857
   34.424
  15.1892
  24.1393
  24.0001
  18.9888
  11.5023
  2.71102
  15.0728
  14.3568
  2.67665
  16.8415
  3.38734
  13.2533
  27.8609
  16.7116
  12.2906
  6.79322
  1.53879
  2.93276
  5.60082
  8.86321
  5.70653
  19.6937
  11.6853
  18.3875
  6.37743
  1.59487
  5.47044
  15.2441
  25.7203
 0.562636
  3.41061
  12.7161
  24.6258
  25.3898
  2.36568
  25.7629
0.0698159
  3.36129
  18.3992
  1.82727
  16.5541
  4.65961
  11.3509
  24.7724
  5.46538
  26.3898
   9.9406
  11.2915
   4.4903
  22.8152
  10.2981
  1.03611
  7.00842
 0.994345
  4.48295
  14.3967
  1.27408
  3.42236
  21.9016
  13.0869
  14.3695
  11.6742
  24.7575
  3.98191
  1.48794
  7.24871
  21.3281
  13.7591
  14.7473
    16.87
  18.6516
  12.4674