  17.5616
  1.90432
  32.3232
   36.325
  16.5585
    6.577
    17.17
  23.1705
  11.9456
  13.9683
  7.47196
   8.5429
  33.3701
  7.83965
  43.7393
  4.15086
  2.91353
  4.09667
  1.87402
  20.7435
  18.9559
  38.9013
  12.2789
   13.091
  18.1901
  14.4481
   4.4975
  3.43631
  9.63824
  34.7625
  14.6712
  2.08534
  8.33959
  15.6913
  35.5233
  6.63481
  2.63493
  5.91285
  6.23399
  5.58105
  13.7679
  1.00945
  36.0355
  3.70422
  12.6997
  29.6746
  12.6395
  28.4706
  10.7875
  3.87742
  16.9831
  6.49271
  14.1437
 0.762943
  3.92255
  2.47915
  10.9072
  25.6635
  32.2506
  13.9791
  4.33162
  5.83635
  11.3538
   3.0293
  15.6212
  9.14398
  36.2395
  41.5702
  11.9128
   6.3925
  12.1515
  2.34386
  5.67687
  10.2983
  13.6898
  7.92675
  10.3641
  3.23359
  5.54541
  27.5937
  8.54881
  13.8014
  12.9952
  7.77608
  21.1296
  35.2494
  0.52895
  21.7389
  14.8094
  5.19731
  2.97803
  3.40957
  36.3563
  1.70904
   38.501
  31.7278
  12.0962
  6.20894
  31.3972
  12.2651
  2.96756
0.0988738
   6.3363
   8.8297
  36.8579
   9.0879
  37.0322
  12.2979
  25.4063
  2.42333
  12.7356
  9.41868
  29.5629
  1.63751
  26.5143
  19.8835
  11.0336
  4.42873
  5.50013
  12.2072
  6.34538
 0.751806
  22.5729
  8.84882
  36.3637
  28.5519
  37.5401
  14.1883
  14.7031
  24.7138
  1.46177
   14.256
  17.1685
   1.9969
  7.42577
  10.1247
  4.50723
  12.6928
   8.2214
  8.41288
  33.1652
  12.2921
  5.37364
  1.36583
    15.24
  36.3383
  1.55887
  9.85259
  12.2554
  22.5382
  26.4081
  15.0566
  2.62483
  6.46602
  16.0971
  1.68818
  17.7146
  3.95069
 0.153033
  9.19428
  6.12393
  5.02545
 0.725849
  27.4356
   1.8028
  15.0182
  20.1536
  6.07799
   11.743
  10.8908
  5.34455
  20.9512
  22.3151
  29.9785
  12.4023
  29.5336
  12.0993
0.0542636
  8.71232
  1.65897
  27.1471
  12.5169
  9.66836
  9.11823
  27.2377
  5.24599
  6.30949
   3.0547
  19.9146
  19.9229
  8.89822
  1.24594
  18.6244
  3.73022
  11.8354
  6.33873
  5.53378
  20.9352
   24.355
  12.2828
  8.58375
  8.11545
  31.1181
   20.299
  18.5001
  7.93892
  7.49755
  12.4675
  12.3638
  5.55013
  28.3691
  12.9894
   3.2764
  28.2368
   12.559
    26.48
  4.60512
  18.4132
  28.3805
  13.3632
  21.7008
  16.2272
  3.37021
  18.3634
  30.6446
  8.24239
  33.1278
  8.99474
  18.0252
  1.55157
  17.0196
   21.308
  18.1344
  24.9743
  24.2471
  39.5577
   23.487
   14.229
  31.0233
 0.980867
  5.37083
  34.4822
  19.9426
  12.6993
  33.6906
  41.3078
  16.7508
   3.7921
  6.92475
   7.8307
  10.0549
  11.8252
  3.58266
   35.696
   17.873
  6.51159
  7.19068
   12.627
  11.3916
  20.6263
  18.2629
  15.4729
  11.3609
  0.18225
   24.767
  29.2777
   35.165