  17.8804
  15.6474
  16.3027
  22.3401
  11.7618
  7.23996
  21.2314
  13.4696
  11.0002
   16.326
  9.11081
  7.81544
  8.59285
  3.94125
  7.77301
  10.9579
  20.5641
   5.8113
  13.8237
  23.1976
  21.2738
  5.05736
  20.1463
  8.64704
  16.7301
   1.1195
  9.98912
  14.6411
  17.3405
  19.3257
  4.47655
  1.43466
  1.83798
  10.0591
  6.12092
  4.07548
  1.61466
  10.5168
  21.9334
  7.86039
  18.7404
  2.46218
  7.51974
  6.14392
 0.844678
  14.9374
  4.65081
  12.5091
  16.1184
  17.6403
  25.0879
  19.7014
  24.4366
  19.8664
  23.0512
  0.64512
  6.85413
  9.61765
  11.9153
 0.439075
  3.09245
  3.86267
  23.3595
 0.290094
  6.24707
 0.912458
  11.0304
  8.69994
  8.62852
  4.73001
  18.9302
  3.10829
  5.49381
  19.8794
  2.52835
  9.37075
  15.3409
  11.2782
  20.9798
   20.239
  14.7351
  1.84811
  2.64045
  7.11648
  7.81765
  7.72266
  3.90603
   10.988
  14.9156
  1.73813
  2.24585
  12.2145
  8.20243
  7.24303
  16.3806
  1.58131
  13.5192
  2.98577
  4.61653
  6.83628
  6.27543
   22.885
  14.6833
 0.511734
  14.6784
   12.249
  13.3235
  1.83022
  2.59483
  4.66354
 0.302198
  10.5545
 0.189977
  9.16292
  15.5971
  19.8292
  14.6226
  19.1245
  5.18901
   1.7413
  4.07216
  3.48304
  10.5932
  12.2097
  4.36762
  4.31467
  14.3063
   13.911
  1.89131
  1.71071
  1.82718
  13.9993
  0.81029
  9.96445
  7.48827
  14.0905
  11.7451
   16.189
  4.00676
  1.73187
  24.3217
  13.6897
  14.4503
   3.3813
  11.1079
  22.3211
  17.6973
  3.73019
  19.7291
  7.52813
  3.56248
   12.578
  2.85898
  13.0632
  15.6925
  19.5801
  18.6599
  2.76983
  22.0455
  4.38095
  9.08569
  6.09042
  18.7142
  18.6171
  13.5868
  7.21632
  2.11128
  22.0759
  15.5847
  12.2075
  5.58316
  5.20453
  3.97508
  25.4238
  3.77484
  17.6121
  4.93633
  2.90956
  18.0173
  22.0486
  13.7716
  26.0031
  4.44297
  9.03186
  3.20789
  20.2192
  3.45467
  13.6383
  1.41403
  5.74383
  14.5615
  1.17465
    6.803
  30.2128
 0.782979
  2.76435
  2.82591
  12.7794
  24.0936
  3.65022
  0.16571
  14.0007
   6.8259
  12.6303
  16.4462
  13.2475
  3.28991
 0.334964
  5.09834
  2.12515
  3.86711
  20.5045
  22.4695
  5.16351
  7.47053
  26.9655
   3.9655
  12.7318
  22.3315
  6.19189
  3.53368
  1.37728
  16.7751
  3.25744
  4.65207
 0.263682
  1.32864
  16.7365
0.0207088
  1.08514
 0.464319
  11.5736
  14.3471
  12.4574
  1.71588
 0.521986
  8.14722
  3.29564
  20.7927
  3.87473
  13.3278
  14.1195
  4.00224
   14.444
  5.29534
  18.6512
  2.04686
  19.7383
  2.03377
  11.5973
  2.02846
  2.55952
  16.1558
0.0594585
  20.2031
 0.392439
  11.2405
  12.6929
  14.1488
  12.4675
  9.91083
  11.4103
  10.9702
   5.9133
  19.9877
 0.545316
 0.782718
  4.36434
  10.4662
  28.1233
 0.616126
  12.5172
  14.8346
  15.9301
  9.08957