   12.6789
   3.05114
   2.36269
  0.803439
   1.24548
   2.72676
  0.311289
   12.6638
   1.23573
  0.617672
  0.364982
    4.4646
   10.7832
   4.14824
   2.42746
   2.19515
   3.28944
   3.25789
    2.5138
   48.7848
   18.7472
   17.6629
   6.29099
   15.4054
   1.76362
   3.73435
   2.02032
   7.68873
   2.06048
   7.34684
   1.81928
  0.872909
   4.52423
   10.1003
   5.65013
   14.6485
   13.2025
   15.6059
   2.28648
   7.96648
   15.6615
   4.05265
    49.613
   17.9363
   17.9647
   67.5919
   2.02367
  0.710598
   3.07019
   1.42077
   2.61927
    2.3738
  0.903981
   1.28832
   1.10648
   2.32269
  0.980108
   8.52123
   13.3896
   13.2048
   15.0832
   12.0164
   14.6122
   9.58109
   3.44688
   3.49531
   1.96382
    2.8466
  0.751441
   2.71257
  0.346224
   2.60037
   2.21594
   4.13038
   3.25428
   21.8754
   2.44774
   3.13057
  0.795381
   2.19305
   2.15892
    3.6986
   3.97408
   6.46076
   2.12945
   2.92595
   1.39419
   3.98883
  0.114729
    2.6864
    2.0285
   1.21599
   3.08514
    4.3478
   1.16292
   14.4575
  0.944548
   51.0273
   11.4771
   15.7541
   14.3895
   12.8395
   9.56864
   14.0874
   10.7463
  0.516484
   4.16355
   8.65742
   2.14815
    0.9145
   7.27964
    3.7708
   1.37365
   5.07556
   11.6555
   10.5624
   1.86546
   1.61385
  0.286559
   2.78668
   2.71284
  0.960963
   16.2772
   3.91417
   4.16439
   4.99304
   6.18044
   1.47969
    13.461
   2.01806
   10.4327
   51.5823
   72.8251
   48.0115
   46.7283
   9.02903
   2.50871
    4.0807
   2.24999
     3.139
   4.15011
   2.69189
   1.13532
   3.35947
  0.151284
   2.46032
   1.97746
   2.31944
   3.64116
   4.27608
   7.53838
   3.83661
   6.45296
   6.22373
   9.19116
   84.0197
   3.87287
   8.37134
   46.9783
   3.35541
   1.91878
   0.52082
   7.84476
   2.79453
   1.91715
   15.4918
   3.03351
   2.61543
   3.19856
   1.16975
    1.0545
   4.29614
   2.99256
   2.19737
  0.954201
   13.2362
   13.0604
    13.362
   2.31882
    2.8281
   12.4293
   12.7704
    4.8276
     6.467
  0.693791
   8.93742
   11.2136
   2.95767
   6.61977
   8.22731
   1.92916
     2.978
   2.91028
   5.00863
  0.331229
   1.64722
   29.8448
   2.44806
   19.0445
   3.61898
   14.4489
   17.4426
   11.6142
   14.1007
   1.95834
   1.67967
   50.6444
   15.3827
    64.977
   4.35854
  0.367401
   18.0468
   19.6119
   1.25373
   6.30175
   6.22406
   4.64714
   4.29057
  0.341329
   16.8229
   17.0393
   14.8688
   4.83644
   2.29077
   12.2885
   12.9682
   13.4244
   4.55762
   2.79485
   36.6263
   14.8352
   15.4602
   16.7565
   2.23663
   10.9021
   8.16299
   15.7847
   1.55946
   16.0592
   2.73143
   3.21157
   45.5617
   13.6571
   2.81822
   15.3677
   17.8453
   44.9813
    18.555
   3.07789
   2.01582
   3.77772
   14.2827
   2.12664
   2.56669
   4.81507
   4.78936
   4.99885
   11.0896
   14.0384
   3.42915
   48.2554
   47.1533
   38.8033
   10.1135
   1.88942
   2.46434
   14.7357
   14.0205
   18.9442
   5.94759
   0.81398
    9.6168
   5.13334
   1.09891
   5.98641
   1.88347
   2.22223
   14.0063
   1.94981
   3.27905
   7.84774
   7.66499
   1.69132
   3.28811
   11.1438
   47.5397
   2.25999
   0.95251
    66.511
   8.34489
   12.8859
   12.4184
   15.2336
  0.967189
   10.3916
  0.284341
    9.4074
    6.3085
   45.4036
   3.07783
    32.515
   15.5488
   2.40534
   4.74629
   14.4025
   9.45898
   4.18345
   7.79494
   3.64065
   14.3295
   10.0019
   47.2516
   9.49017
  0.407795
   14.7327
   3.88427
   12.8918
   13.5214
   14.0697
   19.1903
   57.8977
   1.16506
   22.6512
   2.27867
   7.50605
   14.0865
  0.851017
   8.41836
   3.29274
   52.5344
  0.401971
   14.7025
   7.77255
   4.32353
   17.3815
  0.411152
    6.3085
   2.78903
   5.63556
   10.3762
   15.1017
   15.5969
   13.4845
   15.6942
   54.0972
   2.26254
  0.936912
   2.06195
   10.5637
   1.38764
   41.7957
    46.692
   4.43916
    3.4627
   14.4754
   0.50991
   9.11973
   2.25704
   10.1806
   13.0778
   3.28424
   14.9681
   2.62859
   2.69145
   3.54239
    3.7595
   45.4604
    3.9609
   5.58922
   14.4608
   11.5523
   4.87456
   4.02955
   8.10152
 0.0121018
   2.20657
   1.48665
    2.1567
  0.191172
    17.625
   2.84391
     59.01
   15.5086
   1.02844
   1.82136
   1.01618
   2.28902
  0.259812
    3.2363
    1.0171
   12.7597
   5.27314
   14.2532
  0.677643
   73.4579
   1.19167
   22.6602
   12.0965
   9.55387
   9.02909
   13.2758
    2.9737
   14.8124
   4.99465
    16.706
   8.48914
  0.106702
    1.7103
  0.636944
   14.0196
   19.3179
     51.64
   17.9233
   14.3466
  0.216251
   79.8447
   26.7927
   16.2129
    2.6032
   1.39783
   15.3921
   1.94859
   3.21491
   2.41889
   19.3631
   15.1972
   69.1834
   2.33094
   7.06252
   20.7848
   2.45684
 0.0414837
   3.28101
   17.1662
   18.8823
     18.52
   20.9302
   5.85945
   20.3356
   18.5276
   3.46711
 0.0965415
   3.66352
   9.42184
   9.99786
   1.96476
   4.04957
   1.93508
   10.2273
   1.33134
   12.5932
   10.7134
   57.4963
   28.3879
 0.0803325
    7.9156
    47.361
   2.29596
   3.42174
   15.2728
   20.5698
 0.0996959
    8.2017
   14.4275
   9.06709
   16.0615
   3.67995
   2.53043
   3.73632
   1.03296
   2.60799
   46.8306
    11.881
   1.16683
  0.672993
   3.81664
   10.7525
   2.01195
  0.550157
   15.5801
   19.4982
   17.9963
   7.64387
   1.53985
   11.2249
  0.686228
   9.87585
    7.4583
   1.84025
   22.8034
   2.77383
   2.33141
   4.11041
   10.6998
  0.482299
   13.0072
   9.17103
   15.0029
   13.7396
   58.8741
   15.8796
   13.9442
   39.2936
  0.543086
   8.16753
   2.63713
   5.66121
   2.24087
   9.66254
   1.80813
   2.23068
    58.722
   14.6153
   47.6395
   3.39088
   52.2392
   5.32961
  0.376962
  0.435105
   13.3548
   14.7875
   4.06485
   1.06468
   1.45504
   12.6828
   0.47848
   2.72494
   14.6887
   16.5253
   13.4672
   2.28046
   4.86731
   3.13565
   3.16307
  0.358454
   1.99282
   15.1008
   4.28913
   8.44354
   13.4778
    11.028
   10.5696
   1.73106
   3.56635
   9.09973
   2.39754
   21.7344
   5.61907
   6.59963
   12.4068
    10.383
   9.12648
   4.46236
   27.8403
   55.8746
   1.27157
   1.91334
   7.84419
    11.408
   1.02337
   3.17432
   14.2642
   78.7351
  0.215227
   2.63228
   1.63806
  0.511989
  0.419795
   3.08067
   2.47848
   2.93919
   6.52755
   9.58977
    7.3816
   4.53291
   2.55892
   4.91056
   3.34196
   3.60182
   2.09726
  0.529092
   1.48743
   12.7114
   46.3018
  0.227279
   30.5731
   32.3782
   13.6308
   7.78857
   3.19543
  0.794511
    0.6505
   13.9852
   31.5124
  0.461264
   59.9431
   10.0714
   16.9046
   2.34741
   1.44349
   1.26375
   17.7037
   13.9493
   15.7506
   3.04809
   1.26816
   4.46267
   1.90171
   15.6418
    52.625
   46.5884
   15.5791
   15.0434
   2.20537
   3.12692
   14.2357
   14.1353
  0.310897
   3.31241
  0.142799
   46.7002
   58.4018
   47.6529
   1.24989
   1.35721
    6.6471
  0.290395
    0.5294
   3.84682
   18.3985
   15.4243
   6.09983
   11.4816
   3.65965
   46.8324
    32.749
    5.9164
   7.03384
  0.326953
   8.06257
   7.98066
   4.20123
   14.2899
   3.09525
   4.78465
   1.66211
   15.7219
   10.4904
   14.9029
   2.32847
   10.9861
    59.386
   2.00214
   10.0861
   9.84835
  0.285272
   38.9188
   8.08143
   11.7229
   40.1375
  0.690541
   5.29204
   4.63531
   12.7792
  0.931125
   0.87479
   2.05459
   2.03308
   6.92794
    1.3299
   8.58742
   13.6357
   1.96763
   2.09469
   4.22554
   4.30994
   15.5426
   12.3761
    3.4216
   7.13194
   47.0385
   2.58789
   6.14032
   6.54845
   3.80244
    1.8553
   8.14602
   9.01842
   2.27984
   1.31757
   2.65143
   16.2493
   12.8081
   5.27079
   23.1874
   20.0759
   11.8774
   3.96379
   2.80751
   7.73202
  0.851415
   2.76764
   1.14621
  0.545375
   2.11965
   1.70002
    6.6455
  0.620819
  0.749865
   47.7173
   1.42802
   20.2027
   1.13131
    3.4844
   6.16167
   8.06293
  0.210219
   26.7306
   17.9672
  0.739581
   14.7021
   12.9137
  0.566266
   1.66891
   0.83003
   4.12807
   15.4808
   2.40399
   1.15798
   4.08929
   6.18196
   1.72035
   1.95695
  0.515472
   1.17907
   2.38047
  0.368626
   5.38526
   1.21507
   6.41397
   1.16262
   3.74618
   16.4648
   15.5781
   20.9997
   1.68067
   2.78037
   64.5788
    18.292
   16.3042
   1.52403
   3.16314
  0.497144
   15.9257
   1.12086
   6.04444
   6.78275
    21.147
   4.98536
   3.61494
   48.8675
   4.90246
   3.77069
   4.62104
   73.0384
   20.2612
   18.3974
   21.7647
   20.5076
   3.03899
    8.4787
   5.41655
   3.72161
   52.0032
   15.8342
   2.80206
   12.4025
   11.2216
   5.76174
   3.48593
   2.59043
   18.9775
   71.9041
   12.0542
   22.7263
   27.4817
   28.0525
  0.343399
   4.51293
    18.276
   4.43573
   5.25702
   4.90643
   4.12036
   4.97923
   5.14441
   0.93957
   52.4602
   13.2343
   4.31007
   14.3551
   4.90246
   4.54691
   9.09613
   4.60672
   20.2744
   7.08476
   14.1131
   9.52967
   16.1887
   7.68417
   12.7591
   15.2025
   14.9915
 0.0561416
  0.548104
   6.90229
   3.36077
   18.3042
   18.6507
   10.2407
   20.0138
   4.98696
   20.4662
   15.5892
   1.77701
   3.84504
    3.7584
    2.9619
   4.96481
   4.35645
   21.2787
   1.58254
   4.10532
   21.2121
   1.79056
    1.8347
   2.95177
   12.8551
    7.3197
   3.66546
   7.56588
   8.58604
   34.4952
   10.3213
   5.31902
   4.78135
   4.96658
    6.6655
   3.39673
   1.68364
   20.1968
   3.84303
    72.283
   3.74645
   4.90051
   15.2305
   48.3581
   65.8205
   26.4241
0.00823147
  0.113919
   8.54132
   15.8868
   5.43529
   5.58589
   16.6288
   20.0388
   15.7586
   8.38074
     1.937
   13.5842
   15.9709
    14.189
   15.4593
   5.82648
   6.50121
    76.172
   12.0813
   1.47045
   46.5827
   13.0498
   10.3884
   9.10111
   13.2474
  0.449636
  0.836332
   5.42616
   4.44795
   1.28073
   1.48262
   2.77771
   2.94471
   3.27011
   3.24499
   2.78683
   7.49335
   7.99623
   8.13736
   7.12132
   7.34868
   1.80059
   3.76261
   6.09576
   5.17424
   5.54911
   5.63027
   11.7272
   8.84499
   1.01938
   3.93956
   5.67809
   3.64485
   3.31737
   1.24039
   5.25816
   2.37933
   17.0707
   3.31713
    3.4679
   8.41724
   3.20544
   14.6582
   3.98685
   5.45343
   18.0525
   17.9841
   10.4089
   41.1993
   2.59913
   1.49015
   15.1278
   6.87275
   15.1553
   15.1109
   12.1691
   11.2813
   4.67355
   9.40088
   7.36473
   2.96982
   2.02287
   3.23706
   1.63417
   4.99655
   4.07656
    8.7407
   0.24324
   1.17124
   5.84815
   14.0386
   12.7491
   11.1176
   12.5641
   3.27767
   4.54414
   5.48069
   1.62516
   9.51671
   16.8132
    2.3007
  0.394037
   3.69385
   17.2714
   9.17384
   1.85853
   2.45695
   14.4182
   12.7718
   4.97686
   1.23332
   5.66935
   4.18612
   1.97961
  0.022853
0.00054567
   6.25287
   5.09007
   5.90096
   6.88657
   6.50785
   7.86033
   7.40746
   8.87187
   6.53356
   6.29207
   8.70199
  0.985271
   2.08457
   1.92794
    1.5437
   2.64207
    2.1256
   4.93981
   7.68937
   4.40929
   1.65949
   6.36961
   1.64678
    8.6858
   6.46197
   15.4085
  0.495493
   45.9591
   68.1052
   36.9988
   4.00436
   8.49735
   5.14079
   12.8196
   4.20435
   4.38827
    9.5263
   10.5117
    11.341
   13.3916
   1.91027
   1.55383
  0.511234
   6.15288
   3.12047
   2.84909
   4.97118
    17.341
    8.7718
   8.02673
   9.85555
   9.72515
  0.781326
   1.78463
   1.73361
  0.879563
 0.0116738
   3.39169
   1.70559
   3.02609
   11.0731
   5.58761
     6.144
   32.6315
   2.54659
  0.333856
   4.29543
   2.26032
   1.28085
   30.3237
    3.6902
    3.5915
   4.08948
   25.8748
   17.3575
   17.8873
   27.0622
   4.62201
   9.91382
    6.9968
   5.14125
   7.23698
      1.03
   3.67672
   30.9921
   25.1762
    7.4394
   26.7386
   8.12394
   7.51697
   13.5836
   27.2392
    14.048
   18.9383
   50.1601
   9.82995
   2.46224
  0.966056
  0.497097
   19.2217
   67.4553
   73.7269
   20.5452
   62.4267
   34.0528
   8.71528
   21.1932
   32.9024
   35.1779
   33.0263
  0.826647
   14.8815
   7.67809
   8.85695
   55.4749
   15.3555
   33.0271
   25.6673
    12.768
   17.4641
   17.1603
    5.0308
   2.54232
   8.30945
  0.680855
   12.2371
   18.4167
   7.71592
   6.03721
   4.32822
   9.20449
   7.75077
   30.7223
   32.8897
  0.869048
   1.32373
  0.412206
    0.5341
   1.39646
  0.805966
   8.54932
   13.0622
   6.03878
   3.49997
  0.460982
   4.91023
  0.858913
    26.161
   2.70023
   15.5153
   3.61241
   8.31727
   7.99878
   2.59318
   33.3474
   11.7375
   9.07011
    8.6631
    0.1312
   3.46693
   9.90938
   9.77051
    4.0601
  0.114631
   3.61241
  0.837721
   2.27742
   6.88657
   11.7796
   11.1034
   1.94434
   5.97905
   3.59673
   4.50669
   3.99142
   4.24688
   10.3713
   9.60772
  0.371112
   0.25656
    2.7525
   9.77828
    1.2672
  0.935886
   5.86631
   6.33798
   3.45479
    20.778
    9.5682
  0.415872
   0.74399
   3.63787
   1.54644
   2.06351
   4.89885
   1.33035
   7.75515
   5.40676
   54.1985
   8.96072
   7.41691
   5.72066
   1.12602
   8.31727
    5.4294
   6.14123
   8.50442
    10.465
   8.04855
    9.9898
   11.4705
   5.95148
   4.02215
   1.08666
  0.222383
   5.55179
   3.09031
   1.23468
   9.10287
   9.55594
   9.10505
   10.4468
  0.423654
   2.25699
   1.79213
   3.28066
    10.726
   2.12115
   2.58511
   2.75038
   2.84131
   7.45864
   5.01484
   6.43889
   9.07287
   9.23707
 0.0112689
   1.92794
   6.28596
  0.330919
   0.23448
   1.45711
    4.5131
   5.10072
   5.66924
   5.03097
   6.43438
   3.57119
   4.93691
   6.90757
   6.55094
   12.2873
   6.38294
   7.63154
   7.93902
   6.24408
   5.37352
   6.13765
   5.12967
   12.9874
   4.03859
   4.37513
   3.47137
   3.38351
   4.43123
   5.29842
   5.48324
  0.498538
  0.632637
   3.48827
   3.00679
   1.41463
   2.48574
   9.68705
   5.70752
   12.0361
   1.73152
  0.212383
   2.79944
   5.40893
   2.74594
   2.64767
   2.67933
  0.750479
  0.532842
   7.16916
   6.71187
   14.0893
   13.4199
   6.67081
    6.6484
   54.1001
   16.7051
   15.8596
   7.90528
   5.57267
   5.02628
   6.03401
  0.578419
   11.7991
   17.6834
   17.9534
   2.07638
   6.45685
   1.40907
  0.880165
   1.80663
   2.01832