  17.6479
  19.0948
  20.1408
  2.95263
  10.7234
  16.2919
  18.5249
  18.6129
  19.1257
  19.9141
  20.2738
  21.8329
  18.3961
  20.1523
  1.06559
  7.40845
  10.6147
  2.19782
  1.35769
 0.143247
 0.852274
 0.523642
 0.160119
 0.113964
   4.0715
  1.37476
  10.6952
  1.79747
   2.1715
  1.46555
  2.36811
  2.67522
  2.18724
  1.33717
  1.47586
  3.08717
  1.09301
  5.07342
  2.98947
  7.95053
  1.48414
  2.95467
   22.307
  4.54026
   5.9173
   1.1815
  1.06023
  9.33359
  10.2696
  22.6194
  27.7774
  19.8876
  19.3482
  21.7352
  22.6582
  19.7633
  14.1004
   21.598
  24.0467
  21.4878
  28.0882
  22.0705
  19.4971
  17.2075
  15.9974
  17.7278
  16.1755
  17.9734
  20.8433
  20.6458
  16.5411
  16.4338
  20.3684
  19.1899
  26.2195
  17.8704
   27.156
  21.8841
  18.4309
  14.3666
  20.3385
     20.9
  20.0206
  24.8535
  20.2886
  11.5305
  9.77924
  10.9409
  14.7308
  1.13605
   1.2513
  1.79738
  4.88332
  21.7099
   22.904
  21.2961
  20.9803
   21.204
  14.3399
  14.7751
  3.05662
  2.16256
  4.00206
  7.81249
  6.92419
  5.15813
  1.65831
  1.44053
  1.77558
   28.835
   18.491
  19.4892
  3.03299
  1.28165
  3.30144
  4.65474
  1.65703
  3.42022
  4.25887
  20.9448
  17.6031
  22.6539
 0.369517
  2.66963
  1.85642
  20.7513
  20.6111
   3.3172
  8.56126
  20.4813
  20.6664
  21.9158
  21.2267
  19.8096
   16.738
  17.8809
  21.4547
  5.34032
  12.9741
  14.3538
  4.79661
  24.1976
  21.4643
  27.5416
  20.6072
  22.1615
  22.5181
  21.0835
  21.8851
  18.6532
  24.8477
  21.5856
  1.30734
  14.1148
  17.9455
  21.2513
  18.1849
  2.00178
  2.59893
 0.285833
 0.285303
 0.143247
  4.08243
  5.06239
   1.4654
   20.794
  21.1433
  19.9709
  20.2022
  22.0723
  25.1219
  24.0006
  22.0705
  25.3267
  20.1549
  21.5321
  20.6152
  9.15543
  18.1423
  23.7568
  17.2047
  1.52211
 0.789455
  22.4797
  18.5352
   14.094
  24.6376
  21.2914
  17.9432
  17.0932
  11.1143
  6.33264
 0.848562
  1.57849
   21.003
  20.8498
   17.684
  22.4634
  2.11215
  25.7876
 0.192909
  4.18676
  1.76814
  3.11637
  2.56786
   5.8029
  3.27592
   11.502
  18.3651
  29.3445
  27.6821
  1.23173
  26.2088
 0.175925
 0.668573
   2.2567
  3.79676
  24.3246
  3.04741
  21.3678
  15.3788
  1.43839
  24.3631
  3.33353
  2.57893
  10.6664
  26.4475
  25.7872
  27.1714
  21.6569
  10.6365
  14.1359
  1.46293
  2.97445
  8.86929
  12.6462
  6.40941
  2.12417
  3.05852
  19.7244
   6.6275
  3.24857
  21.5935
   1.7868
 0.140028
  27.9338
 0.843313
  2.79722
   3.3366
  2.43073
  2.67507
 0.698711
   26.415
  2.44364
  7.64141
  1.80854
  1.95696
  3.19738
  3.63965
  15.5183
  1.10389
  3.58099
  26.1101
  1.81064
  21.0519
  7.58055
  6.42715
  8.02145
  18.8645
  3.14609
  1.70788
  1.23547
  1.37432
   12.755
  4.08058
  7.85855
  3.25312
  4.31175
  4.23451
   3.0337
  1.25434
  2.13473
  4.23938
 0.310047
  21.9495
  2.97819
  6.69091
  5.22729
  1.44376
  2.02713
  2.23739
  6.21782
  6.03746
  10.2394
  4.04764
  4.16973
  3.62857
  14.6798
  5.09017
  2.90967
  3.88197
  1.72771
  1.78286
  1.51835
  17.3246
  10.9874
  4.80085
  2.97787
  4.44216
  3.39577
  1.32989
  3.94004
  3.05061
   4.3695
  23.3241
  17.7049
  1.14446
 0.258016
  4.08951
  20.9021
  1.62811
 0.330605
  2.37298
 0.740737
  2.26511
  21.9957
  22.1184
 0.850234
 0.752132
  1.31659
  11.2376
  6.37466
  0.81207
 0.674199
  0.97263
 0.937921
  1.90593
  2.80501
  3.84805
  2.83416
  9.06338
  9.07184
  12.3702
   11.783
  12.2566
  4.10544
   22.031
  5.30424
  21.4294
  4.54062
  2.57798
  2.36233
  24.0831
  25.8639
  2.63964
  6.37961
    5.746
  2.97766
  2.75386
   3.1793
  4.20185
 0.606344
 0.470031
  4.31421
  4.21465
  1.80065
  3.32102
  4.10811
  19.8249
  2.93825
 0.842897
  18.9183
  16.6309
   7.2761
  5.27003
  7.18026
0.0572967
 0.111857
   18.781
  13.1668
  13.2977
  12.8561
  4.31175
  2.77895
  4.30508
  1.45875
 0.528564
 0.162272
  1.00247
  2.30461
  2.03695
  7.83213
  5.24883
  4.17023
  22.0748
  26.0992
  3.75669
  4.31527
  2.99681
  2.59431
  1.39639
 0.972975
  17.7369
  11.2231