  2.11197
  30.6807
  24.8128
  20.5855
  3.70124
  22.2308
  24.2667
  26.7382
  24.5427
  24.8323
   21.099
  1.75677
  8.26265
  2.06577
  10.1525
  7.85495
  6.61714
  6.66576
  6.33627
  7.03062
   3.2949
  2.00032
  8.19768
  4.49301
  5.87636
  1.35912
  1.10164
 0.630072
 0.216373
  5.92114
  5.67221
  2.01293
  2.06844
  6.35662
  10.5747
   6.7891
  4.34692
  6.03293
  8.37862
  18.6109
  15.7279
  12.8236
  22.9786
   33.441
  27.3888
  26.8004
  25.9687
  28.8101
  26.0091
  32.8567
  34.0617
  33.5623
  27.6268
   25.931
   24.913
  29.4277
  26.6919
  27.8848
  19.3488
  24.5303
  27.8755
  25.3935
  23.4406
  21.7114
  23.9146
  23.6096
  33.0364
  30.7298
  30.3399
  28.3694
  27.5497
  28.9123
  24.2195
  17.3066
  23.1097
  10.6626
  10.0601
   9.6094
   20.059
  20.2239
  13.1999
  1.84445
  15.3332
  27.7876
  20.9809
  27.1722
  21.7142
  16.1019
  17.8807
  1.58754
  2.09171
  7.77027
  4.96723
  4.05884
  3.55477
  1.19541
  2.99477
  9.98408
   9.8571
  9.29119
  6.99392
  7.28466
  0.44834
  3.11911
  19.6519
  11.1921
  25.6777
   6.7015
  1.30196
  1.21773
  21.7129
  20.9193
  19.4118
  0.69924
  3.32511
  17.0751
   23.238
  29.2393
  26.0354
  24.5135
   35.994
  22.9627
  23.4752
  17.3239
   23.623
 0.176755
  16.2639
  17.0589
  8.25651
  33.1001
  30.3916
  31.9801
  28.6946
  25.5059
  31.3887
  21.7001
  5.79648
  26.7012
    27.45
   9.4052
  20.1613
  24.3638
  21.4132
 0.706504
 0.181481
  25.6789
  30.5688
  1.40788
  2.25793
  3.76961
  6.53104
 0.257622
  7.09435
  4.53444
  5.31792
 0.876372
  21.4894
   25.695
    28.13
   32.107
  31.5026
  29.2528
  30.4459
  27.2792
  33.3608
  23.9753
  29.4684
  26.6119
   3.2472
  19.4294
   26.822
  21.2152
  6.50565
  6.65867
  24.6303
  25.7342
  24.1379
  30.9029
  18.6538
  20.6336
   17.162
  3.37175
 0.718458
  6.48044
  1.36914
  27.7004
  29.2652
  26.5744
  27.6233
  41.0912
  37.0875
  35.2003
  30.0321
  23.9514
  1.67831
  20.9639
  23.3174
  23.2277
  6.16635
  1.65262
  2.62579
 0.624269
  2.53408
  2.47069
  4.83947
  8.06091
  1.20385
  2.11092
  28.4215
  28.8696
  3.78301
  42.3132
  8.42416
  3.21741
  19.8561
   26.549
  2.16025
  1.20073
 0.305847
  3.88925
  31.6771
   18.725
  23.9605
  8.99661
  3.69648
  30.7247
  20.3982
  5.78863
  5.05586
  8.75503
  2.25186
  30.5361
  28.9355
  19.5698
  28.5231
  31.4714
  27.7495
   8.2653
  24.8061
  6.10329
  10.7305
  22.5813
  25.5041
   33.959
  1.38173
  1.94835
 0.968828
  2.85605
  34.8251
  12.5824
  12.5087
  4.21034
  4.36798
  2.78242
  23.5453
  28.5665
  30.3607
  30.0672
  32.2659
  29.7078
  7.29547
 0.962003
  1.36557
 0.249719
  28.1779
   31.922
  28.8527
  25.2101
  24.7879
  2.62573
 0.199968
  1.64952
 0.526647
  3.11905
   1.4164
  1.22663
  1.36891
 0.327256
  2.03028
  14.6258
  3.08777
  25.0574
  33.6022
  29.1628
  29.2727
  4.56864
  19.2871
   7.8693
  7.33371
  5.18229
 0.761944
  2.84339
  24.7458
  1.58559
  5.23606
  4.67749
  4.95338
  2.14311
  5.01409
  0.44647
 0.798849
  2.77431
  1.22042
  9.55462
  23.4272
  23.8319
0.0315021
  18.2553
  10.6187
  0.82583
  2.24411
  23.2326
  6.90012
  1.83153
  2.85171
  3.97441
  19.4349
 0.501366
  23.8678
  1.92404
  4.17468
  4.06221
  21.8094
 0.522273
  5.41516
  25.1243
   1.3039
  3.70035
  33.4951
  37.9887
  9.14801
  4.38207
  4.92079
  11.4567
  5.90151
  20.8108
  3.33309
  1.32056
  28.1434
 0.910356
 0.727085
  12.0836
  5.25731
  11.9506
  9.21472
  14.0121
  22.4255
  22.8436
  15.2519
  5.36048
0.0978741
  6.95533
  2.02732
  1.22301
  1.46717
  22.8297
   10.563
  12.0836
  28.0779
  9.83188
  9.91242
  20.7686
  16.0234
  3.12738
  3.72141
  19.7668
  3.39969
  2.52473
  7.05539
   5.0842
  1.95799
  2.58666
 0.953433
 0.589867
 0.702095
  4.35963
  2.06822
  3.24544
  30.6239
  23.1593
  26.2174
  1.41452
  18.4158
  1.62277
  0.83146
   1.0928
  1.56715
  11.6212
  17.4404
  29.3969
  3.44471
  2.73225
  8.91433
  15.6069
  3.21124
  3.13062
  30.8931
  22.5144
  20.4944
  5.11842
  14.0207
   2.0527
  3.37018
  21.4014
   10.623
 0.343667
  1.50642
  4.03574
  8.54669
  1.54437
  1.63373
0.0978336
  1.06319
  7.46376
  3.57322
  3.80504
  18.9172
  3.26841
 0.653256
  1.26685
  2.44489
  35.2583
  3.94717
 0.389588
  1.85235
  25.4505
  1.58188
  24.0127
  23.4312
 0.159612
  21.1482
 0.825702
  1.12137
  4.07191
  22.3597
   13.323
  3.70356
  3.40032
  3.79935
  5.12069
  1.27308
  2.76774
  2.78307
  1.20489
  1.44667
  3.43899
   8.4685
  5.59308
  22.4968
  1.99701
  2.62839
  7.35154
  13.3369
  6.91935
  1.64665
  2.28061
  3.07364
  14.8519
  7.88753
  7.11282
  6.74547
   7.8049
  2.75908
  23.1578
  23.4751
  2.84066
  2.28772
  4.03898
  4.68151
  14.1281
  25.0971
  9.80947
   2.4738
  6.76566
  5.83176
  20.5288
  21.6089
  14.4166
  6.58084
  6.73273
    13.31
    2.051
  4.10612
  2.94915
  2.58185
  19.4646
  22.3017
  20.9568
   31.111
  6.12668
  7.60293
  25.1593
  23.3358
  17.5349
  18.5269
   4.6938
  5.90271
  10.2856
   15.121
  5.57946
  2.15935
  2.48531
  17.2618
  19.5076
  27.0329
  25.9844
  17.7673
  19.3275
  16.8398
  5.88588
 0.153969
  12.5443
  8.16582
  12.6375
  18.7081
  28.4995
  1.28901
  19.2173
   2.9239
  2.74372
  2.06592
   3.3176
  28.9123
  28.3661
  5.27641
  21.7369
  8.02125
 0.706648
  22.8105
0.0665999
  2.74091
 0.810212
 0.553813
  9.05298
  28.7907
  27.5989
  17.2095
  25.4037
  3.30853
  5.88132
  9.48943
  6.30327
  7.75337
  16.9494
  9.34094
  10.4989
   10.061
  10.1571
  7.37159
  12.0334
  7.79312
  4.07031
  1.47979
  2.68336
  2.36534
  6.39034
  6.41267
  4.33236
 0.634747
  3.62896
  4.14724
  8.09347
  15.7057
  5.39256
  8.43251
   1.2004
  28.7454
  19.1005
  27.5608
   2.3646
  3.89581
  2.64409
  6.27708
  2.48612
  3.90581
  2.31945
  22.2651
  27.1859
  23.9676
  25.8681
  4.10449
  11.9772
  22.5955
  25.3778
  25.3273
   25.581
  20.2524
  5.04042
  4.50139
  25.3645
  8.88025
  26.2629
  23.1289
  21.9414
   2.1013
   2.2358
  17.3353
  4.01972
  18.4107
  20.8565
  18.6102
  20.7234
  12.6396
  3.42892
  7.93463
  7.87669
  6.91334
  4.70812
  1.34644
  1.35182
   2.1237
  3.54694
  2.91928
  6.34752
  1.48133
   5.2529
  1.90594
  4.69748
  1.52192
  1.85802
  7.67241
 0.439296
  5.58647
  23.5809
  4.67056
  27.2501
   26.202
  28.4001
  27.4551
  23.3911
   20.038
  23.6916
  19.6184
  17.6572
  14.7635
  1.62899
  2.67864
  2.50293
 0.427725
  2.92189
  3.85123
  1.19413
  6.65591
  5.30684
  2.34726
  2.99299
  5.51696
  3.36746
  4.31261
  9.27336
  20.6292
  26.1299
  20.4162
  26.2064
  28.3898
  8.90467
  2.60132
  21.9128
  5.09007
  6.56288
   23.154
  24.7778
  26.9341
  26.2629
  20.5324
  23.4859
  4.21924
  3.00957
  2.62491
  12.4102
  13.0493
  18.4107
 0.827572
  25.3791
  26.2894
  28.9191
  20.3064
  19.7014
  19.5652
  19.6184
  20.7234
  29.1612
  26.2221
   23.159
  17.8048
  29.0357
  28.3947
  12.2003
  12.6257
  20.7302
  11.2053
  23.1716
   23.159
  7.23788
  3.15815
  2.65388
  9.05167
 0.678567
  24.0622
  1.42646
  2.96144
  2.12568
  4.21053
 0.580729
  1.87048
  13.0172
  11.6497
  23.0498
  23.8139
  10.8148
  6.81655
  4.79194
 0.311648
   4.1295
  9.85657
  11.3148
  5.08737
  20.7302
  4.05343
  4.31399
  5.12647
  4.09482
  8.58532
  14.3105
  5.93123
  1.66628
  4.08194
  2.74549