   5.38171
   14.8299
   10.2092
   8.62573
   8.10116
   8.29738
   18.2873
   16.5175
   18.1996
   10.2836
   12.7773
   6.44474
   13.2572
   11.8778
  0.635142
   1.91668
  0.729546
   5.35265
   1.78604
   4.19432
   2.66258
   3.88621
  0.750161
  0.341428
   10.0722
   10.0642
    2.4126
   1.13717
   3.32682
   3.76198
  0.587442
   4.63781
   12.7722
    14.548
  0.105828
  0.192207
 0.0365941
   1.02463
  0.363028
  0.409407
   4.54468
   5.50767
   3.19685
   3.69803
   5.38987
   12.1218
   3.80601
   1.92616
   4.77171
   3.36015
   10.3126
   10.3544
   4.66584
   3.54063
   3.64925
   9.28937
   18.1595
   17.4366
   14.3218
   18.2052
   7.31229
 0.0410852
   2.09409
   1.20054
   6.09349
   5.83908
   8.34433
   9.22118
   9.18398
   9.44476
   8.06572
   9.36337
   9.18224
   15.2927
   5.68939
   9.45572
   11.7126
   9.52404
   9.71857
   13.0725
   3.22983
   13.6693
   15.0965
    12.234
   12.9121
   17.7615
  0.123659
   1.57627
   5.84459
   4.59385
   5.21409
   4.05332
   5.17765
   1.23815
    4.9614
    4.1304
   2.34521
   3.79045
   3.83187
   8.69731
   15.0343
   8.28555
   9.52751
    1.5474
   2.29188
    1.3177
   6.96719
   9.90439
   5.34149
   5.34277
   4.18821
  0.814791
   5.73924
   5.18636
   6.14061
   3.19133
   1.81372
   2.36828
   8.69962
   5.95047
   1.36098
   2.91595
   17.7201
    7.3545
   8.56992
   6.45597
   6.12859
    2.0027
   3.35196
   28.4736
   11.8971
   10.0555
   7.87976
   7.92604
   12.2261
   18.4645
   17.2883
   20.1098
  0.696885
  0.476287
   1.03839
    2.5453
   3.95574
   1.68886
   5.43531
   2.84887
   8.40376
   3.60169
   1.53807
   7.70275
   14.7552
    3.8377
   3.32682
   8.61684
   2.35872
   7.84231
   3.06113
    4.3004
   2.86383
   16.5433
   12.9048
   15.6796
    16.932
   20.1243
   10.8337
   4.56562
   5.39989
   7.71355
    6.0789
   3.65234
   4.56757
   8.21471
    6.3377
   10.4492
   3.58837
   10.8441
   13.9959
   3.51469
   5.70144
    2.9796
   4.37691
   1.91456
   3.53435
    5.5198
   8.94644
   16.2437
   4.55773
   1.08709
   5.73198
   3.53984
  0.594598
  0.973432
   2.29958
  0.162142
   2.50288
   9.13303
   0.15821
   2.02918
   2.60319
   6.28985
   0.28453
   2.84239
   7.24217
   7.52641
     8.955
   4.16108
  0.678282
   1.07678
   3.20965
   5.57125
   2.39359
   0.31763
   2.40069
  0.426635
   2.69065
   8.50841
   5.05829
   5.93384
   1.86325
   3.05671
   3.56105
   6.89684
   4.72264
   3.20524
    8.3132
   2.05259
   6.69625
   4.76136
   2.27442
   4.91703
   12.5735
   2.41732
   1.59164
   2.04772
     1.735
   2.83071
   2.69796
   1.06227
   1.09723
   2.60266
   1.82494
   15.0891
   1.90607
    3.4025
   1.15897
   8.03048
   8.98991
    8.3696
   4.17226
   3.31863
  0.205204
   1.28137
   9.04897
   1.85348
    1.3947
   2.30595
   3.78974
   1.46836
   3.29932
   2.95325
    2.1424
   2.55667
   3.28095
   2.56652
   2.68841
  0.782022
   9.98912
   14.6068
   8.90785
    7.2394
   2.32507
   4.97223
   4.06287
   2.67599
      5.61
   1.28197
   1.40683
    7.3782
   3.66953
   5.03644
   6.02448
   1.35223
   10.5202
   3.34041
   19.5879
   3.06811
   1.46688
   12.1805
   3.54454
   3.23605
    2.6882
  0.543396
   19.4069
   3.60559
  0.338099
    9.1388
  0.587859
  0.876737
   10.6273
   5.04917
    6.5597
   12.3769
   2.40284
  0.747354
   3.60795
   1.50369
  0.357457
  0.882226
    8.3076
   2.55753
   1.30875
   2.84101
    13.332
   7.08734
   11.6104
   6.82839
   2.36383
   2.81543
    3.9961
   1.71034
   3.89319
   10.4322
   3.87493
   1.61945
   5.49244
   1.65257
   10.9971
    13.955
   2.60738
   7.92953
    3.1299
   3.59527
   7.36062
   3.47695
   5.61542
   4.24176
   5.48252
   1.59424
  0.458148
   3.47512
   4.04035
   6.74288
   4.13882
   1.22658
   4.20611
   1.64769
   4.21138
   4.84539
   3.17772
   2.20679
   3.77652
   5.76619
   2.02688
   6.77108
   11.3581
   2.16461
   8.39966
   1.61516
  0.795823
   0.18957
   9.96052
   2.83712
   1.18886
   1.40721
   2.05612
   7.09246
   1.92091
    2.4762
   4.60992
   1.86586
   1.69473
   3.83005
   3.24946
   1.40957
   1.15555
   2.03261
   4.67499
   5.41885
   0.59142
   3.86562
   2.91577
   3.61974
   2.16044
    1.1429
    4.7129
   8.35414
   3.68295
   3.54776
   6.25571
   1.13226
   3.31145
    6.6535
   8.71525
   11.7252
   3.49255
   1.94172
   9.29682
   13.5183
   13.9152
   8.06042
   2.93976
   4.19627
   3.60235
   16.1618
    6.3109
   6.27418
   7.14482
  0.224671
   5.19162
   8.31313
   3.98232
   3.51617
   8.12555
    7.3454
   6.96431
   17.7872
   1.88418
   0.56573
    11.881
   7.57539
    6.5326
   5.77158
   3.72526
    9.6982
   8.31472
   5.34662
    4.4717
   9.70611
   5.16061
   7.59861
   7.77828
   9.53789
   4.32301
   12.5786
   4.12262
   3.27301
   5.88835
   9.94053
   18.5292
   10.3709
  0.432058
   3.69781
   7.34195
   12.1045
   6.20059
    7.8683
  0.952865
   1.40995
   1.26102
  0.855897
  0.458704
  0.493474
   11.0815
   12.3035
   7.15736
   7.35209
  0.815811
   2.21939
  0.455072
     9.863
   12.9349
   4.57876
   0.42979
   5.46679
    7.9837
   7.06888
   3.99046
   2.85135
    7.0039
   1.84053
   18.5719
   4.89543
   11.8655
   9.81464
   10.8362
   8.69233
   12.0654
   9.73101
   13.0345
   10.4666
   8.54174
   12.8252
   5.19234
   1.57451
    18.163
   3.46808
   4.15073
   3.22757
     1.874
   2.52869
   8.19166
   4.59705
   1.75227
   4.84009
   2.83073
   3.09169
   9.86585
   3.38125
   1.10486
   4.47473
  0.741923
   5.27952
    6.5449
   5.16256
  0.874863
   4.52571
   5.07792
    7.8682
   26.5331
   26.1575
   18.3096
  0.667343
   3.89409
   3.58678
   11.2247
   9.32387
   9.20364
   9.13829
   8.79774
   11.0294
  0.418573
    6.0912
   17.7699
   10.3499
   11.2392
   3.82009
   1.20472
   10.9176
   3.25316
   1.77347
   2.14521
  0.946973
   3.90624
   4.74042
   8.36183
   14.2909
    16.753
   5.01899
   0.65989
   19.8294
   2.08186
   26.1023
   15.3757
   14.1626
   14.6295
   14.6613
   4.74679
   7.07028
   7.04142
  0.719312
0.00470462
   2.54199
    4.2698
   1.85403
   21.5624
   20.1787
   2.95661
   17.6861
   4.00979
  0.171189
   1.15394
   27.6404
   2.77322
    3.7039
   4.68263
   4.57235
   21.8975
  0.379212
   2.51252
   4.93464
   3.70901
   1.97657
   4.01963
   20.4391
   4.25495
   0.53182
   9.23645
   4.41934
   2.58022
   2.36646
   19.9288
   10.4656
  0.411436
  0.379561
   11.0006
   4.85299
   5.62835
   4.08369
    8.9386
   11.4705
   1.21739
   1.70332
  0.466172
   6.92269
   9.14184
   1.57252
   2.19295
   4.98212
   2.65763
   3.53621
   1.82515
   6.38695
   8.71423
   3.85955
   4.71939
   0.76552
    1.5907
   3.44274
   5.49857
   3.73808
   1.32799
   4.58856
   12.8396
   2.90298
   5.76683
   1.93897
   1.36042
   3.80114
   2.02041
   18.4805
   4.73222
   3.26051
  0.378971
   1.27858
   2.93297
   9.15247
   5.13681
   18.7888
   5.25505
   2.24939
   2.01656
   1.57021
   1.00121
   5.45871
   1.65953
    3.8237
  0.596944
   4.66546
   1.87098
   4.20178
  0.159229
     1.612
   9.38365
   0.88133
  0.647396
   1.92926
   4.36093
  0.420203
     3.359
   8.84627
   18.4543
   16.6172
   12.1482
    4.1928
   1.69627
   2.78371
   2.99078
   5.14363
   8.66313
   4.43297
   16.7103
   8.14878
   16.1326
   12.0362
   1.82266
   1.64391
    3.7395
   2.50349
   1.21339
   2.63769
   1.17363
  0.611304
  0.454119
   3.30004
    2.1801
   9.07781
   3.11923
   9.64385
   1.65456
   5.09432
   13.1918
   8.24832
   4.28828
   1.20711
   1.47326
   14.2053
   16.8707
   5.39619
   3.51745
   9.15316
   12.0716
   17.4621
   18.1865
   11.9413
   17.5698
   2.29059
   1.44259
   1.18527
    4.9261
   1.28239
   1.38854
   3.97318
   3.05168
   13.3786
   10.4382
   17.3821
    1.0724
    5.9902
    7.4074
   12.2973
   5.36431
   13.3715
   2.38991
   6.83376
   7.37981
  0.903354
  0.912638
   1.19726
   1.19949
   2.93699
   5.65187
   6.19284
   9.93323
   14.1244
    5.6685
   10.0368
   8.21981
   9.21295
   3.79897
     7.787
   16.0601
   15.6041
   10.4253
   4.64156
   3.67747
   7.41854
  0.217835
   4.32376
   7.15319
  0.903354
   10.6169
   6.44621
    15.986
   8.02322
    3.0163
   1.32358
   20.8938
     1.945
   14.5484
   10.0487
   10.5543
   13.2375
   6.73546
   3.67824
   18.7947
   20.5407
   12.6997
   13.0458
  0.776622
   4.32266
  0.619941
   13.6495
   8.43366
   19.9486
   16.5583
   17.3018
   25.9395
   20.2005
   22.5217
   16.1644
   5.70941
   14.3181
   5.51821
   17.1269
 0.0838455
   23.5861
   14.8964
   9.53153
    3.7845
   4.53551
   5.02162
   1.29225
   13.5612
   26.1374
   17.5779
   14.1303
   6.76489
   13.7628
   12.5891
   5.22777
   8.27527
  0.803356
  0.976301
  0.396556
  0.599424
   5.66885
   4.94981
   4.20674
   4.85139
   18.6237
   1.74201
   1.99627
   17.4172
   18.1029
   7.05426
   27.3189
    6.2039
   7.19607
  0.588348
   26.0245
   14.2874
   6.53237
   3.27126
  0.312675
   1.31474
   5.75879
   2.49346
   7.92893
   3.30018
   3.44429
   8.59265
   13.9267
   1.88027
   3.75452
   6.07974
   15.0901
   17.8745
   14.2742
    3.6595
   9.23061
   8.58033
   19.9963
   2.40075
   4.84192
    2.8032
    2.4702
   6.20866
   1.99542
    12.107
   7.46521
    8.5872
   7.26058
   17.0699
   15.4966
   19.6105
   18.9818
   15.8145
   15.9354
   15.3005
   16.8005
   19.4035
   14.3777
   13.1616
   13.9436
   8.83472
   21.1973
   9.22333
   16.5141
   16.7406
   20.2733
   17.6731
   4.30625
   7.50257
   14.1189
   14.4742
   18.8419
   14.8483
   15.0101
   17.7936
    15.983
   17.2553
   14.7084
   12.0755
   19.0836
   22.9823
   26.2272
   25.9406
   9.98169
   5.49711
    14.921
   9.93431
   9.53893
   10.4818
   16.5736
   8.83942
   8.17039
   5.33434
   12.1475
   1.29737
   14.9322
   2.63333
   2.51727
  0.323452
   19.4202
   19.4326
   18.3045
   6.84767
   9.41931
   9.49479
   9.66734
   12.2583
   9.72554
   25.3103
   27.3551
   6.47692
   20.0295
   12.3835
   1.48924
    3.7706
   18.6069
   20.0552
   21.7153
   1.02035
   6.90632
   21.4144
   15.9361
   19.5255
   19.3067
   20.8785
   21.9616
   6.40266
   17.3168
   7.99729
   2.88558
   12.6599
   11.7481
   4.13526
   8.19828
   1.15692
   11.0024
   11.4266
   10.5065
   1.43799
     3.668
   3.09598
  0.351701
   7.99471
   11.4607
   10.7503
    27.057
   13.6192
   21.4054
   6.63908
   13.8491
   8.95209
   9.21017
   22.9199
   17.6389
   17.8742
   15.6696
   21.0865
   3.87527
  0.570348
   13.7973
   19.1777
   4.83918
   18.8533
    17.938
  0.823013
   6.14721
   5.43654
   5.56285
   21.0865
   20.0801
   28.5025
   26.0289
   13.9119
    14.625
   25.9254
     18.85
   26.5728
   4.48184
   4.55068
   4.95496
   8.83472
    14.966
   24.4723
   21.2735
   14.8856
   15.8892
   14.7589
   18.7066
   18.1169
   5.18803
   23.8845
   26.3467
   24.0835
    26.183
   28.2754
   26.7364
   20.0978
   24.7607
   14.1915
   14.1107
   25.3363
   29.8121
   27.2575
   23.4765
   25.6747
   5.62692
   12.9267
   23.2758
   21.0443
   22.9784
   22.8206
   12.1077
   18.6755
   18.5167
   24.2092
   16.9591
   14.5636
   13.8147
   12.2563
   14.2178
   14.3447
   12.7417
   17.7525
   15.3402
   18.6237
   35.8871
   4.75871
   16.7258
   17.1364
   14.4876
   14.9181
   22.0548
   16.7817
   13.9198
    9.9448
   7.81472
   6.40394
   2.83595
  0.593142
   18.5005
   18.0577
   8.89211
   6.78941
   4.52726
   3.68738
   9.41259
   8.17715
   16.7829
   10.0342
   25.4651
   25.2662
   25.2501
   25.0874
   16.8394
   4.08306
   1.70385
   1.60716
   6.41352
   0.24054
    1.0813
   19.5598
   11.9011
   2.02155
   15.1765
   12.4511
   12.6614
   16.8824
   14.4687
   11.3564
   12.6898
   16.4255
   15.5952
   22.0348
   24.0423
    24.409
   18.5493
   18.2213
   13.0912
   17.8125
   4.24843
   7.95264
    2.4483
   4.81359
   19.2522
   18.7929
   19.3246
   17.4043
   8.50445
   3.65353
   7.74041
   16.6774
    14.292
   14.1277
   13.7546
   13.6836
   11.8326
   11.6957
   11.5813
   11.6821
   11.0973
     7.611
   4.88483
   11.9414
   14.2123
   7.70538
   4.52726
   3.82374
   1.43402
   5.25099
   6.96331
   3.91248
   6.26804
   1.99627
   9.77011
   15.6181
   14.9122
   13.8424
   13.9184
   13.3062
   19.2733
   16.3935
   19.5428
   21.9969
   24.9649
   6.85123
   6.64109
   10.3686
   9.67672
    12.439