  0.316797
   11.3714
   13.3091
   18.0767
   10.7688
   11.3911
   28.0779
   16.4671
   12.2853
   15.6759
    16.408
   18.6469
   16.7832
   17.8593
   17.2001
    19.865
    18.978
   2.63356
   5.36369
   5.69008
  0.698558
   3.15276
   8.66648
   9.45687
   2.34457
  0.996062
   9.65722
   2.77551
   3.67284
   1.28473
  0.875162
  0.898336
  0.170794
   19.9507
   6.05243
   1.45949
   4.22381
   21.3176
   21.9487
   20.0504
   1.91933
   3.40405
   13.2705
   13.4694
   9.80972
    8.0809
   17.6688
   21.4325
   17.9115
    13.179
   20.6395
   19.9409
   19.4457
    23.258
   18.6282
   16.5273
   12.0371
   11.9167
   12.6215
     12.09
   11.2645
    20.323
   13.0386
   17.6471
   13.7763
   14.3215
   13.6937
    11.692
   17.4199
   12.9444
   11.0448
   24.3335
   18.6025
   15.3122
   18.5884
   10.2103
   19.4839
   18.9639
   15.3337
   7.29113
   5.77388
    8.9674
   12.4061
   12.2998
   10.4929
      10.9
   3.61114
   3.56107
   2.73334
   1.39644
   4.00879
   4.36775
   5.01859
   4.71368
   12.2725
   1.21114
   1.44635
    24.374
   14.7229
   4.67057
   8.36993
   5.45093
   8.44294
   1.28236
   6.13226
   22.0827
   20.9996
   19.1249
   18.0321
   1.05488
    1.1178
   11.5681
   2.87344
   5.17153
   14.4624
    20.148
   19.7041
   13.3685
   19.2242
   28.2788
   11.0123
   8.61698
   12.3553
   1.68011
   9.65603
   10.5047
   10.6301
   20.1281
    24.742
   20.1782
   22.1474
   18.7284
   19.5202
   19.1727
   13.9333
   17.9332
   18.7069
   14.6984
   13.3789
   10.5787
   11.3005
    1.1922
  0.088174
   21.0581
  0.456616
   8.66648
   8.64865
   3.34805
   0.63116
   14.2545
   19.7234
   22.1961
   17.4284
   20.7447
   21.1561
   19.4364
   28.7807
   11.7176
   19.3141
   19.6299
   13.8944
   5.02179
   15.1549
   9.30445
   15.3827
   15.3337
    5.2753
   8.08476
   14.2556
   10.9372
   10.1369
    2.6097
   15.3827
   5.70186
   11.3831
   1.23693
   18.4457
   21.7664
    20.174
   12.0946
   17.5722
    11.231
   33.4172
   1.81306
   3.17136
  0.525105
    4.7427
   6.15008
   32.5127
  0.181502
   2.80835
  0.418031
    19.461
   1.78735
   7.56138
   3.52345
   3.81386
 0.0450815
  0.520105
   1.18608
   1.78202
   23.1872
   4.30178
   9.85466
   1.01719
   1.76038
  0.277209
   5.50019
  0.522167
   2.61472
   2.03828
   1.07116
   2.68966
   2.84723
   2.72619
   14.1641
   5.86958
   5.20776
   0.46526
  0.349536
   8.10266
   4.74606
   1.13959
  0.326432
    1.7514
   1.80594
  0.298477
   1.01059
   19.1881
   1.75777
   3.47138
  0.533904
   1.48817
   17.0286
   16.3349
    5.6331
   17.5475
   1.54014
   1.12475
   16.6814
  0.274379
   4.00574
   3.88247
   10.0519
   1.98918
   6.07163
   1.73914
   3.09366
   3.27145
    17.027
   32.6062
   9.73531
   2.10543
 0.0372279
   6.57631
   6.08462
   1.17487
  0.382054
   5.47958
   7.35992
   2.97826
   5.82534
   7.62238
  0.671094
   2.63238
   1.42071
   27.0933
  0.852791
   2.97245
   10.1888
   10.2305
   4.98827
  0.750514
   4.31005
   4.66169
  0.621813
    28.848
  0.544153
   20.7985
   6.75577
   8.68166
   7.94222
   1.43808
   1.47653
    3.6185
   4.30941
   4.09554
  0.029303
   4.43215
  0.549409
   1.17391
   3.64336
   2.65266
   2.61481
  0.282295
   4.05266
   0.45875
   12.6061
   3.04531
   2.85569
   2.82664
   3.78916
   2.43592
   11.5163
   2.92935
   19.3465
   3.99774
   4.56299
  0.428705
   2.56771
  0.367244
   1.08251
   2.60605
   1.29206
   3.57103
   2.64176
   2.79012
   22.1638
   10.3477
   6.08726
   3.88244
   1.68571
   3.24911
   2.47584
   2.12684
   1.88796
   11.0157
   4.04511
   1.39901
  0.185788
   1.86457
  0.950427
   2.74313
   2.62905
   4.50772
   23.7107
   17.2479
   2.78927
   2.39436
   12.0294
   5.77696
   21.1218
   13.7779
   2.54723
   3.11353
   14.6524
   14.1965
   12.3759
   2.11747
   3.08481
  0.793236
  0.414218
   3.65259
   0.80568
  0.145583
   9.37504
   18.5804
   18.4369
   19.9321
   19.9712
   9.17734
    10.456
   4.13378
   4.79652
    2.5164
    3.1775
   4.17591
   3.55032
   3.04296
   4.64122
   1.36603
   16.3233
   1.01021
   20.2504
   18.3272
   1.87196
  0.948077
  0.334062
  0.487181
  0.890075
   9.90084
   3.22358
  0.724372
   2.05603
    4.1713
   18.0325
   11.3594
   14.2148
    3.2926
   6.21596
   4.24251
   1.63777
   1.02875
   8.93935
   1.76462
   2.57133
   20.4557
   6.65377
   19.5111
   2.64675
   1.77736
   1.59401
   9.54302
    10.624
   6.15112
   3.24536
   18.6501
   13.9629
   16.3012
   1.55645
   3.89189
   14.2662
   21.5372
   23.1112
    25.429
   26.8535
   0.50774
   14.1779
   13.5692
   10.5348
   23.3871
   18.7172
   22.4055
   17.9412
   2.58469
   1.79789
   2.28158
   15.1291
   2.99717
   2.13297
   3.39899
   14.2452
   16.2252
   18.6895
   20.7315
   9.30175
   5.52998
    27.116
 0.0502798
   2.77867
   1.24983
  0.112565
  0.518468
   15.9145
  0.207983
  0.159032
   12.0347
   18.3882
    5.1486
   1.76522
  0.588147
   3.57173
  0.544607
   3.53002
   12.0384
   11.4161
   10.4624
   13.3668
   12.7724
    12.058
   10.0772
   5.16189
   32.6922
     1.163
   7.88198
   3.53296
   12.0041
   12.5416
   19.0721
   15.4786
   3.29045
   4.02074
   3.32399
   3.94678
    7.5091
  0.989309
   3.59722
   1.64181
    3.0271
   4.85953
  0.600446
   9.41038
   7.26691
   3.59823
    3.9349
  0.506389
   1.12182
  0.382342
   16.3044
   8.00238
   8.67449
   19.5608
   3.11853
   1.36786
   1.71293
  0.918674
   4.33898
    2.5373
   4.29582
   2.45862
   1.81858
   2.63265
   1.59576
   1.29635
   1.17952
   3.20453
   18.1955
   22.5242
   22.3971
    20.489
    22.019
   1.15383
   1.42946
   8.82858
   3.58857
    3.4204
   3.38634
   3.14188
   4.90184
   12.2871
   4.78597
   19.3729
   2.85747
   18.4181
   25.5857
   4.68194
   14.9858
   11.7491
   3.98778
   5.51402
  0.471112
  0.853215
  0.528458
   1.68529
   4.84891
   18.2978
    16.658
   11.9001
  0.647775
   11.5046
  0.479165
   2.46736
   1.92133
   2.08224
   16.1044
   20.5144
   4.96454
   21.5611
    17.859
   12.2106
  0.209485
   1.75881
   1.02616
   1.90575
  0.987077
   15.4211
   2.13686
   19.5898
   19.7081
   1.38893
    6.9395
   26.1269
    19.301
  0.499436
  0.579384
   1.37536
   19.4149
  0.396098
   3.32868
   1.38837
   2.87939
   7.53766
   2.96759
   1.69447
   1.64775
   2.22921
   2.35108
    6.0738
    3.2474
   2.52343
   27.7601
     4.066
   2.26438
   1.13015
   0.62229
   2.41757
    3.0764
   3.94572
   4.02497
   18.3279
   22.8661
   1.75609
   3.19921
   1.50133
    3.2508
   1.17613
   3.66749
  0.985781
   3.36607
   13.4976
   13.6291
  0.714156
   3.97837
0.00410474
  0.254071
   8.19972
   9.35429
   19.7402
    2.4631
   1.17826
   17.6987
  0.127873
   14.1392
   2.84227
  0.450561
   3.38988
   2.29851
   2.02886
   1.54534
  0.745648
   9.24802
   22.3367
   1.50387
     1.432
   3.25605
   1.86212
   22.8281
   3.03267
   3.76891
   2.13686
   2.73184
  0.634448
   1.90262
   2.65002
  0.793474
   2.86506
 0.0309026
   3.19391
   1.25993
   4.48067
   2.42265
   1.66927
   3.87456
   13.3452
   3.97129
   4.10983
   3.78136
   3.96763