   3.61628
   25.8901
   23.1366
   26.1394
    4.9576
   10.7332
   30.1781
   27.3737
   25.2842
   24.8496
   31.8135
   29.1814
   28.2823
   29.2262
   28.9966
   4.30379
   4.08449
   4.71407
   2.24672
   4.13302
    6.9139
  0.302415
   5.35653
   11.9147
    9.0413
   1.21877
    1.8019
    2.4774
   3.58879
   4.47322
  0.801823
  0.627064
     1.112
   5.22389
   11.5099
   2.75676
   15.3111
   14.2612
   4.55334
    3.8291
   16.9752
   15.3815
   34.4941
    29.934
    25.706
   23.5762
   31.6431
   29.9917
   31.1789
   25.0717
   20.0823
   19.5424
   20.3225
   23.0738
   24.7885
   25.1314
   24.0061
   23.5076
   22.6925
   22.5922
   22.5529
   24.5496
   23.4856
    23.538
   22.5499
   26.2903
   24.7616
   30.7178
   28.5188
   22.7091
   21.1651
   27.3768
   27.3779
   24.9053
   27.8809
      26.7
   29.3633
   31.8113
   27.3157
   16.2472
   12.8671
   13.0451
     22.23
   4.91728
   10.0594
    7.4934
    11.807
   26.8764
   32.0363
   29.1736
   31.6676
   27.2042
   25.4869
   24.7941
   1.18279
   2.24319
    3.0803
   2.24414
   1.81582
   3.89773
   4.19401
   1.09278
   4.69423
   3.78723
     3.009
   1.39201
   2.18607
    7.2047
   16.5349
   16.0193
   14.5006
   25.2447
   3.72892
   4.65971
   4.16758
   24.4672
    27.244
   28.9185
   8.90456
   7.89816
   27.1011
   26.1402
   24.5672
   24.6967
   31.1305
   24.5024
   30.2411
   24.3684
    27.939
   2.91478
   12.5447
   21.9396
   20.3841
    23.165
   20.9803
   24.9874
   21.8783
   27.2953
   26.4306
   26.1135
   26.4004
    29.603
   31.3172
   5.24283
   24.4066
   27.9349
   27.5027
   26.6245
   4.60525
   4.66929
   4.14896
   6.71643
   2.24672
  0.926852
   4.19805
   28.5539
   27.4909
   29.4521
   27.6582
   30.8202
   21.6353
   21.7876
   24.5382
   23.8633
   25.3005
   26.8359
   27.3882
   5.86346
   11.9124
    22.948
   37.1959
   26.1068
   9.36537
   31.1933
   26.7387
   24.8306
   25.9486
   25.1863
   23.1026
   9.36537
   10.5709
   1.77683
   4.64393
   23.9809
   27.3135
   26.4443
   22.1004
    24.642
   28.7997
   36.6872
   37.5548
   30.3662
   4.42913
   7.85984
   6.31575
   6.34186
   5.78749
   10.4526
   6.61878
   3.72751
   9.55541
   9.68467
   14.8853
   6.90307
    27.425
   2.52023
   1.97625
   24.7677
   35.6726
   10.4272
    1.0288
   16.6897
   13.2367
   17.5004
   25.5342
    1.5779
   22.2923
    1.9669
   25.4023
   30.3662
  0.988207
   1.23738
   21.7788
   39.0599
   33.3227
   18.1405
   27.2347
   1.84019
   2.51145
   17.3958
   17.1831
   13.6551
   14.2436
   3.66212
   31.0122
   30.6655
   9.80287
    9.4291
   6.25561
   28.6475
   8.09243
   4.00786
   31.2129
   31.1755
   3.24295
   6.14402
   3.68267
   3.85212
   4.57512
   8.07778
   23.9418
   2.38565
   21.4594
   12.1012
   16.7565
   14.2056
   1.75515
   6.62612
   5.99088
   23.7975
   29.5338
   11.2686
   18.2673
   2.49744
   8.55352
   13.0052
   13.9008
   13.3104
   9.99503
   1.20579
  0.860289
    9.9314
   1.99338
   5.89526
   7.34086
    1.5591
   9.08763
  0.452317
  0.273381
   5.53994
   4.36677
   3.90313
   19.2817
   9.30878
   5.16846
   2.38003
   9.14631
   18.8857
   2.17533
    1.5591
   2.64029
   23.9624
   12.6265
   8.42988
   1.54647
    5.5281
   12.2598
   33.1884
   10.1678
    9.5141
   11.5272
   10.6157
   12.4242
   31.4075
   5.77137
   5.60905
  0.290202
   1.54289
  0.340206
   0.42871
  0.599746
   12.7079
   28.0391
   29.9061
   29.2443
   33.5568
   33.1915
   14.6806
   12.1012
   9.24564
   10.0896
   10.0078
   2.88959
   4.39099
    11.776
    2.5329
  0.383234
  0.362127
  0.872567
   13.0853
   11.0366
   16.8732
   14.0118
   10.2451
   10.3401
   10.2694
  0.357126
  0.949085
   33.0125
   33.3606
   33.4155
   33.8204
   32.6082
   33.4145
     33.96
   21.4873
   19.8998
   29.2908
  0.422367
   4.55287
  0.329873
0.00994317
   4.89137
   3.01105
  0.628998
    19.212
   6.63515
    34.359
   11.3682
   14.0585
   16.7486
   2.45303
   8.50067
   17.2178
  0.108876
   0.71034
   1.14905
 0.0800685
   29.0149
   15.3685
   21.7591
    9.8763
   8.33316
   11.9645
   9.89214
   8.11247
   13.5784
    3.2293
   8.50067
  0.732605
   21.6153
   9.04463
   9.22835
    33.838
   33.6735
   3.33981
   5.06106
   9.73364