    2.07827
    1.85728
    4.22102
    4.08193
    4.03341
    2.84058
    5.03348
    6.91076
    3.86082
    4.65014
    4.48679
    1.05277
    1.24597
    6.15561
    6.43871
    7.50466
     16.241
    4.26134
    6.38646
    7.91271
    5.43294
    5.41945
    4.86767
    11.1301
    8.74993
    3.14744
    3.00455
   0.689389
   0.117652
    1.85983
    2.53197
    30.1052
    29.9318
    36.7262
    35.5828
    24.4564
    24.2844
    22.4369
    23.9833
    26.3683
    27.1853
    23.7602
    22.2947
     25.684
     24.697
    24.6826
    24.5187
    36.1301
    37.1554
    26.9635
    26.8044
    21.8285
    22.9339
    23.0019
    22.8504
    34.8414
     35.178
    12.8967
    29.0502
      28.74
    27.0187
    28.4224
    26.2682
    26.4189
    28.3682
    29.1498
    29.3805
    22.7065
    23.8177
    23.3505
    23.3222
    30.2996
    5.86211
     38.081
    38.3474
    40.7254
    32.6066
    32.4873
    29.9459
    31.2234
    36.0808
    37.6341
    20.0697
    22.4884
    20.2386
    23.0595
    22.0167
     21.953
    24.6498
    24.8191
    21.8383
    23.2915
    6.06799
    23.4484
    23.2359
    23.0298
     22.743
    24.4883
    24.2702
     21.928
    23.2455
    25.8628
    25.2047
    26.1857
    25.6071
    26.5736
    23.3726
     22.937
    24.9299
    24.0031
    23.6619
    25.4283
    25.5405
    21.1061
    21.2982
    19.1929
    18.7464
     20.084
    16.9437
    19.4142
     31.827
    32.5508
    28.3806
    28.5304
    30.4528
    31.3686
    36.7293
    36.8626
     38.975
    39.1564
    37.8483
    37.9746
     34.582
     35.452
    34.5401
    38.4058
    38.6705
    30.6933
    4.17631
     7.1078
    7.65462
    10.2462
    2.17882
     3.6091
    3.56709
    5.49939
   0.212127
   0.136619
   0.670322
    3.13539
    2.76541
     6.1577
    9.10556
    9.11867
    8.64087
    5.00244
    4.58016
    8.81396
    2.29833
    5.75583
    7.05241
    4.07547
    4.15499
    4.41902
    3.97118
    7.30437
    6.42459
    2.57866
    2.49773
    7.09237
    2.72536
    3.69543
    3.69318
    4.35369
    5.31508
    3.54787
     1.0053
   0.768062
    8.15617
    1.66915
    3.20409
    4.99272
     3.8082
    3.39257
    3.42838
    4.01548
    3.94208
    3.82529
    3.82906
    4.86287
    4.68549
    2.88959
    4.22274
    3.37808
    3.70486
    3.36191
   0.753637
    4.50099
    1.77041
    2.75825
    3.16536
      1.628
    2.37057
    4.71338
    11.5596
    3.67248
    3.47355
    4.27898
    0.21816
    3.33239
    6.16538
    5.74554
    7.21176
    2.98499
     1.2722
    7.58518
    1.66761
   0.706429
    2.25683
    4.98602
    5.98966
    4.97649
    5.95433
    3.84448
    7.67063
    3.95949
    3.45961
     9.1058
    9.45817
     3.5026
   0.427246
    1.62628
    2.09378
    2.83722
    4.03028
    1.58847
    1.43324
    2.54264
   0.881155
    5.87774
    9.24224
    5.64268
    9.92811
    2.95499
   0.752213
    5.51351
    2.16602
    8.80552
    14.6912
     15.179
    1.77322
     8.8825
    8.83313
    7.26438
    5.77448
     9.9994
    5.77774
   0.437316
    2.68408
    1.54921
    2.77619
    29.0011
     32.444
    26.3545
     27.627
    34.7095
    38.8372
    34.0844
    39.3964
    40.4208
     36.876
    38.1597
    29.1922
    29.5873
    31.1055
    26.0108
    29.7742
    28.9717
    22.7164
    24.9408
    24.3334
     33.086
    20.4898
    21.8001
    24.6659
    26.7719
    23.6922
     20.481
     26.582
    24.2367
    25.0384
    24.7496
    10.6436
    4.25003
    20.7252
    4.13021
   0.217344
    24.3269
    20.5967
    22.2559
    18.8016
    18.3152
    31.2624
    31.9346
    33.5928
    38.0179
     41.535
    38.3233
    38.7045
    5.78634
    27.7877
    24.2574
    26.7098
    28.4611
     29.456
    27.7793
    20.5018
    20.6587
    23.6002
    12.1181
    19.5074
    21.2464
    33.2417
     21.633
    22.6966
    22.0502
    38.2305
    36.2399
    31.9204
     23.638
    25.3056
    14.7229
     24.375
    25.0901
    25.8136
    28.6839
    8.59329
    12.7507
    22.6524
    35.3004
    35.5153
    2.44247
    13.3764
    4.45991
    1.90362
    15.6083
    22.5922
    21.4383
    31.6466
    37.0084
    27.1506
    26.6084
    11.2566
    26.3795
    38.2192
    38.1231
    34.5839
    1.05666
    3.97093
     6.8693
    10.3141
    15.3595
     16.551
    15.9977
   0.715632
    7.69573
    6.09149
    14.7592
    12.6895
   0.918417
    4.22065
    3.63792
    2.29305
    2.64604
   0.684021
     2.8525
    5.69238
    6.42706
    4.99998
    4.99097
0.000550347
    2.09309
   0.528908
    2.52472
    1.54235
    5.46837
   0.355533
      6.298
    6.31046
    2.19047
    2.19507
    1.09796
    3.54076
    3.59414
    1.57503
     6.1253
    1.69526
    8.06236
    5.32698
    4.59925
    1.02537
    35.3524
    20.1298
    19.5641
    4.29634
   0.241908
    4.96381
    3.35923
    1.85728
    1.41409
  0.0955192
  0.0493465
    4.88992
    5.01809
    3.33597
   0.355533
    2.42493
    2.78767
    4.37909
   0.720085
    4.25582
    4.28854
    1.34942
    4.46894
    3.96228
    3.75861
    3.28576
    2.80022
    3.16748
    2.18598
   0.644252
    1.06864
    3.15506
    4.85327
    5.13641
   0.237911
    1.25324
    0.77179
    3.16547
    3.11094
     1.7631
    3.02634
    3.19414
    3.19482
    9.19814
    6.95045
    8.38598
    7.88454
  0.0905413
    3.91436
    8.52986
    5.48357
    5.07393
    3.10129
    7.62771
    3.97911
    36.0145
    37.2863
    38.1008
    37.6433
    38.1871
    32.7707
    34.9499
    21.7662
    23.6002
    20.3097
    20.3907
    6.21487
    6.91076
    9.66538
    36.1092
    35.3416
    2.22741
    22.0732
    28.5733
    14.6912
    15.9039
    8.54692
    15.1107
    7.68038
      3.469
    7.46328
    6.55968
    3.86367
    6.39395
    6.45587
    2.85907
    3.68682
   0.546437
    3.37314
    2.90015
   0.768062
    5.29568
    7.08092
    5.41926
    3.03591
    4.76564
    2.75207
     1.9731
    4.13898
    2.52301
    2.54494
    2.49266
     1.6482
    1.37161
    6.56326
    6.02773
    3.34042
    5.32698
    3.74038
    5.11293
    3.61428
   0.809233
    16.2813
     4.2466
    5.87774
    13.3586
    1.67304
    26.9377
    20.4898
    24.1524
    1.81627
     32.233
    36.8517
    19.6979
    9.25315
    2.81023
    1.64713
    0.56281
    5.29132
    2.41631
    1.24772
     21.517
    25.3581
   0.173787
   0.565127
    1.11858
    4.58467
    1.81627
    7.85762
    29.5142
    13.7009
    23.5534
     23.507
    5.90004
     4.0016
    3.16748
    1.46654