 0.125464
  12.4762
  14.5542
  19.0737
  13.7721
  13.7612
  29.0552
  17.9237
  17.1681
  19.5085
  18.9964
  17.8573
  18.0945
  24.4719
 0.530744
  8.50526
  7.42672
  3.73925
  5.55622
  13.6679
    11.55
  10.7702
 0.495443
  1.38623
  8.69646
  3.03567
  3.02648
  2.70433
  3.37486
  1.01124
  2.73127
  16.1569
  14.7347
  2.60108
  12.5567
  21.9675
  20.7476
  22.2543
  2.19583
  3.44886
  15.7151
  16.7838
   14.004
  10.5043
  20.3202
  21.2347
  20.1492
  21.5784
  20.6074
  20.5394
  24.7007
  19.8267
  22.2103
  20.4603
  13.5228
  14.2529
   12.564
  13.1836
  14.4576
  19.3666
  19.4349
  17.7879
  17.9898
  15.4032
  17.3138
  20.4274
  23.7504
    20.68
  18.7945
  19.3731
  21.7017
  23.9854
  6.74168
  5.27803
  8.06369
  7.20182
   20.542
  17.8988
  13.3462
  4.59348
  6.18772
  2.74911
 0.393665
  3.50981
  2.57888
  5.39783
  4.88835
  17.2897
 0.531743
  2.40682
  18.3778
  22.1896
   12.869
  8.26046
  4.90166
  11.9498
  5.26783
  7.56991
   22.837
  5.34806
 0.468831
  1.17606
  4.55222
  8.70375
  12.9098
  24.1472
  16.2082
  17.1383
  21.9519
  27.4252
  12.9115
  15.8009
  13.7918
  15.6081
  11.9226
  22.4775
  25.5513
  20.5981
   23.582
  19.1315
  24.0725
  18.5561
   17.052
  17.1358
 0.154445
  3.07549
  19.9667
  1.42246
  13.6679
  11.2754
  4.75475
 0.202944
  18.4002
  20.0666
  22.3409
  22.5313
  22.4788
  27.7327
  21.4494
   21.619
  14.7519
  8.56937
  18.9805
  20.8592
  13.2451
  10.7444
  14.8636
 0.634812
  25.5771
  20.6879
  15.1756
  21.3535
  32.0736
  10.7197
  19.0197
  27.7491
   1.1038
  4.69363
 0.978521
  5.54822
  6.47166
  31.7728
 0.388536
  0.69758
  1.20731
  23.5373
  4.80446
  6.85901
   1.9806
  12.7494
  1.22574
 0.531632
 0.885218
 0.536343
  23.9364
  3.59545
  11.3396
  2.82788
  4.04593
  2.57333
  1.13582
  4.46818
  2.50935
  4.41874
 0.741362
  3.88245
  4.81049
  4.45999
  2.95753
  1.15738
0.0898211
  10.3089
  3.60984
  20.1581
0.0457823
 0.645028
0.0277981
 0.557482
 0.393572
 0.527172
  23.4833
  20.9831
  5.41648
  4.87659
  2.35772
  2.06187
  20.3818
  18.6497
  7.04179
  17.8534
 0.251846
 0.708735
   19.888
   1.5547
  3.87202
  3.26206
  7.82099
 0.217341
  4.70407
  5.29693
  1.42883
  3.26766
  25.2847
   30.089
  8.91605
  2.85801
  3.12481
  1.40207
 0.805876
   3.5562
  2.84346
0.0187605
  2.48794
 0.733248
  6.66452
  1.44239
   3.3676
 0.512294
  2.70181
  22.6271
  1.44913
  1.51646
  12.2158
  7.02705
  4.88942
   5.0026
  2.85389
  26.4112
 0.295679
  32.1943
  2.50643
  3.66318
  8.40833
  11.8787
  3.56149
0.0304731
  3.23202
  2.76041
  3.38702
 0.459964
  17.5692
  2.91748
 0.584046
 0.545271
  1.72087
  2.70639
  1.83384
  0.66453
  2.43587
 0.936803
  11.7209
   4.1521
  2.81257
  1.13872
  3.83121
  3.77769
  15.1744
  4.57567
  9.44805
  2.21801
  3.89928
  3.61565
  2.99067
  1.65375
  9.76476
  2.23509
  3.79489
  3.73303
  1.95194
   23.118
  23.3077
  3.16188
  1.71314
  3.38037
0.0898201
  1.54035
  1.47665
  1.50709
 0.882435
  3.33152
  4.86828
  1.69241
  0.03793
  1.02782
  1.38175
  3.48665
  3.59771
  4.79551
  25.5886
   20.053
  4.14418
 0.160959
  3.02962
  13.9813
  2.84333
  2.31583
  20.6949
  4.95754
  3.57296
  19.9022
  18.2189
  3.99644
  1.72241
   5.9585
  3.13246
  2.80448
   4.1214
  2.12221
 0.176436
 0.153601
   11.471
  2.53138
  19.1709
  20.2999
  19.2396
  7.57732
   12.305
  9.17313
  4.27464
  3.93319
  2.70703
  2.59739
  3.55968
0.0821026
 0.213235
  2.10753
  20.5634
  4.32361
   24.904
  18.0639
 0.429396
  1.26907
  0.50904
 0.814035
   1.5149
 0.962793
 0.885879
  2.85295
  4.64806
  18.4188
  4.08472
  3.47256
  5.73315
  2.02494
  1.93907
  6.50135
 0.288168
  7.28898
 0.613752
  3.44903
  22.2597
  3.71881
  4.42602
  15.2343
  15.0628
  5.81371
  4.49492
   22.156
   2.4193
  20.1072
  4.84708
   4.2218
  22.9614
  23.2383
  25.3991
  24.8349
  26.6332
   3.0572
  18.7155
  21.4009
   21.798
  21.9337
  3.44077
  2.28803
  3.39074
  5.45201
 0.801008
  11.4453
   17.275
   21.138
 0.337247
  24.7617
  9.30694
  9.31779
  8.95505
   13.876
  26.8649
  2.00198
  2.78243
  9.35763
  0.20742
  3.89438
  1.12825
  19.3182
  3.35718
  3.74588
  14.6953
  20.5139
   4.1091
 0.611918
 0.436521
   3.4573
  2.50377
 0.399144
  12.4108
  15.8522
  18.6832
  13.1844
  7.44978
  32.6857
  2.62399
  8.44118
  1.92244
  12.2834
   13.995
  16.4487
 0.218479
  1.63397
  1.35742
  4.19424
  8.83541
  3.24604
  3.17893
  4.79393
  7.92176
  7.08075
  1.13659
  3.03781
  1.70019
  5.63387
 0.107574
  1.37335
  1.59432
  20.1228
  11.2722
  11.4402
  18.3575
  22.2159
  12.8009
  4.88756
  1.81803
  6.37152
  26.1335
  20.7645
  1.60159
  4.20335
 0.927438
 0.801973
0.0398322
 0.591385
  4.87322
  22.3694
  22.5646
  19.2284
  20.8472
  3.04047
  1.10492
  8.82484
  4.09654
 0.915557
 0.188879
  3.32391
  2.61191
  19.3158
  10.8417
  20.2659
  4.74678
  9.52888
  26.2448
  2.69904
    15.46
  16.8175
   15.977
 0.131132
  2.30829
  1.95895
  3.08646
    1.789
  1.28312
 0.394336
  17.1006
  17.6757
  26.5298
  20.3378
  24.3543
  3.33957
  5.15332
  4.03665
  20.4146
  2.73645
  24.7222
  21.4462
  14.4069
  12.9476
  8.85201
  2.64169
  3.63473
  2.63562
  3.70889
  26.6235
  20.1772
  2.98796
 0.295368
 0.690234
  19.3335
  1.52192
  1.38364
    2.787
  3.44355
 0.261405
 0.523475
   17.891
  7.32015
   4.6883
   0.3324
  3.09657
  3.13234
  25.0713
  3.52258
  4.22225
  3.20825
 0.246276
  29.3199
  3.14003
  5.34344
  19.9848
 0.706636
0.0206808
  13.7696
 0.357255
  2.88031
  4.63294
  4.16705
  5.10487
  13.6217
  12.1843
  2.55267
  26.0953
  1.28213
  4.21574
  24.6487
  26.8983
  2.79546
  14.5181
  14.4778
  3.85448
  4.40129
  1.66621
   1.7964
  14.1865
  14.5262
  4.27219
  2.05953
  18.9511
  17.9857
  2.66619
  2.57383
  15.0542
 0.248114
 0.391568
   1.3981
  27.2443
  3.24351
  4.75214
 0.145596
    2.573