  1.33019
    20.76
  21.5071
  24.2886
   1.8133
  12.9235
  31.2941
  18.2531
  18.7145
  19.8748
  20.4382
   25.128
  24.8696
  25.3474
  24.7192
   26.824
  26.7239
  3.46319
  6.91093
  10.2524
  1.88659
  2.25738
   1.7206
  3.12684
   3.4625
  3.34097
  2.89219
  1.17639
  13.0831
  2.23233
  4.90323
  1.91409
  2.72703
    2.459
  1.72207
 0.293637
  1.81161
  2.88476
  2.19617
  6.16278
  4.27267
  11.6607
  2.15281
  5.16992
  13.5532
  14.8484
  8.21373
  2.58121
  14.6959
  13.7462
  31.0914
  21.6635
  21.7407
  24.8751
  25.8348
  22.9831
  18.3738
  21.9783
  23.5375
   22.751
  25.1723
  19.9731
  19.9331
  22.2231
  20.6487
   19.448
  16.4892
  16.7032
  17.6454
  20.4913
  17.2618
  17.4077
  20.0089
  21.1598
  21.0633
  20.9869
  19.7893
  26.0501
  21.1727
  19.5542
  19.7758
  23.6567
  23.4508
  26.0981
  24.8867
  24.6155
  21.9795
  16.0973
  12.6134
  14.4667
  17.7024
  3.39225
  13.5222
  2.16228
  11.7773
  25.1221
  27.6329
  19.4258
  20.3031
   2.4584
  1.09323
  4.91161
  4.87612
  6.10495
  5.59332
  2.01455
  1.65049
 0.409849
  17.8582
  13.6806
  15.8904
  3.06068
  2.25433
  6.36761
  4.20265
  0.31141
  2.31093
  12.8707
  3.25506
  21.7288
  15.9427
   22.631
 0.473198
 0.582693
 0.114453
  26.0211
  23.2513
  6.85204
   11.446
  14.2074
  23.9247
  22.9948
  20.9062
  23.6384
  21.3661
  26.3619
   17.558
  19.2424
  26.1073
  17.2883
   13.524
  21.4839
  21.7987
  20.0371
  20.9517
  28.2217
  22.5253
  23.4359
  20.9293
  25.1038
  24.7564
  3.16353
  22.9397
  25.0555
  23.3525
 0.722379
  1.82912
  4.47041
 0.278534
  6.26019
  6.55881
    2.077
   1.7206
  12.9322
  4.28615
 0.369928
    22.65
  23.6343
  25.4799
   26.498
  21.4963
  23.3439
  22.8801
  19.9731
  25.1983
  21.2523
  23.7257
  23.4617
  14.0324
  11.5966
  20.4231
  31.7474
  22.6667
  7.32989
 0.898001
  25.0464
   22.474
  19.4351
  24.0494
  13.6506
   17.283
  22.8898
  7.32989
  15.8012
  3.34428
 0.798019
  20.3852
  27.7776
  23.3176
   17.735
  21.6259
  2.53127
  1.12518
  2.32366
  1.45764
   1.5592
  3.93607
  3.83172
  3.04282
  6.34234
   6.0459
  3.13781
  1.31348
  5.45778
 0.335228
 0.159428
  1.34467
  24.4964
  4.22753
  25.0082
  17.9233
 0.435075
  25.0463
  1.65366
  2.32765
  13.7633
  13.7285
  10.1691
  4.47439
  5.44817
  2.66572
  1.74127
  13.6203
  20.4233
  9.93477
  4.36565
  4.58537
  9.74031
  3.13196
  1.49535
   24.848
   7.2083
  1.32588
   2.1014
 0.754489
  2.02376
  2.56199
    2.863
   25.821
  1.44015
  1.50756
  2.95374
  2.77059
  3.83467
  13.4931
  3.37347
   1.3885
  3.10836
 0.529992
  12.6314
  11.1824
  9.06352
  4.37334
  1.15026
  3.59272
 0.671809
  1.43048
  4.69996
   3.0495
  0.17997
  5.23066
  6.73423
  3.21342
   5.6607
  4.81591
  3.10041
   2.0695
  14.6875
  16.9519
   18.065
   9.8629
  18.9429
  13.7454
  4.55423
 0.206449
 0.267512
  21.7228
  12.3396
  2.56031
 0.749901
   14.152
  11.6402
   2.9063
  2.02012
  2.69495
  13.6971
  20.4953
  4.73683
 0.648936
  3.62447
  1.53938
  1.36254
  27.1641
  5.45839
  2.84637
0.0801569
 0.563502
 0.142543
  13.8339
  17.5512
  5.89125
  4.74759
  23.4877
  25.0114
  3.68437
  10.0009
 0.904044
  21.9163
  4.49667
  12.2948
   11.542
  25.3329
  12.7016
  1.67691
  2.57703
  3.15521
 0.951804
   3.7658
  5.92857
  1.80222
  2.72313
 0.749123
  17.3605
 0.784018
  21.9163
  22.6338
  8.41826
  7.34824
  18.6107
  17.6066
  1.97996
  24.6443
   3.3946
  3.23882
  3.36055
  13.9636
  1.31891
   2.1711
  1.15605
 0.536615
  30.2469
 0.772477
 0.402293
  1.95589
 0.710014
 0.729333
 0.993476
  3.74061
 0.467594
 0.875249
0.0362894
  3.09474
  2.36799
  3.13847
  2.08829
 0.975499
  20.2533
  3.17745
  3.90295
  3.65611
  3.44331
  27.2615
  24.8035
  3.18188
  24.6111
   21.772
  19.2861
  2.94231
  3.08544
  0.73796
  2.90353
 0.364162
  2.34961
  14.8312
   14.441
  3.11726
  22.6179
  1.23611
  3.81808
  3.22129
  17.5115
  3.08166
  13.3871
  2.81502
  2.96788
  11.6377
  3.93543
  2.15353
   2.2473
  1.49989
  20.9073
   10.831
 0.369195
  8.79983
  3.13847
  1.21073
  3.22303
    5.268
  3.87535
   2.9796
  2.25134
  3.72105
   1.7552
  6.00455
  3.69577
  27.1002
  23.2688
  3.35572
  4.67055
  2.47302
  23.4972
  5.68636
  5.58364
  3.61781
  2.36002
  7.99282
  3.02745
  1.60248
   2.0116
  1.03774
  10.0771
  3.10633
  0.65581
  1.78503
  2.62401
  3.06678
  2.20262
  4.10942
  25.1842
  1.33349
   7.4951
  1.64491
 0.712653
  2.80899