   1.06791
   15.0131
   16.5083
   2.69995
   24.4749
   22.3276
   24.6609
   32.6972
   22.1791
   21.4714
   1.13079
   5.34226
   6.97528
   2.09007
   1.21079
   4.01174
   3.91567
   4.31622
   6.92829
   2.71751
   3.28171
   2.31435
   2.72304
  0.886821
   0.38502
   0.54322
   2.10912
   2.23458
    1.8755
   1.44353
   3.10289
   2.73988
  0.760286
   2.55029
   2.50787
   9.70472
    9.8727
     22.49
   15.5531
   13.2498
   23.0626
   35.0084
   20.3718
   23.9755
    23.162
   25.6626
   22.4253
   30.1232
   21.4048
   5.80614
    21.996
   25.7002
   23.6001
   22.9027
   25.4824
   23.9769
    11.529
   13.4462
   18.3755
   10.1363
   16.6159
   25.0226
   25.0568
   24.1974
   25.9202
   22.5695
   19.1667
   0.83994
   2.27951
   3.96231
   3.18823
   3.52217
   4.95807
   2.91277
  0.876758
   0.63993
    10.419
   19.5036
   5.40808
   1.94963
0.00445589
   3.08166
   12.8059
   12.3305
    23.181
   10.3375
  0.284234
 0.0882108
   22.3296
   23.9688
   25.1445
   3.61539
   8.17732
   17.8831
   22.3436
   23.0143
   26.7528
   21.1632
   21.0051
   23.9998
   23.7503
    4.8042
   17.7116
   12.9088
   20.6361
   5.59569
   21.9873
   26.4158
   26.5312
   25.4095
   15.2071
    21.806
   24.5591
   23.9818
   1.36417
   2.20061
   23.0599
   4.13387
   2.68693
   3.00269
   13.9729
   2.76897
    0.2341
   24.4359
    27.042
    22.505
     24.31
   23.2797
   20.3155
   20.2119
      22.1
   25.0052
   15.3083
   6.01365
   25.1723
   29.7131
   18.7841
   11.7149
   2.47792
   25.8531
   26.0446
   23.9213
    14.098
    17.512
   25.0533
   11.7149
    9.5611
  0.600799
   25.8211
   21.1894
   8.75254
   32.2691
   31.6706
   32.5376
   27.9673
   37.1838
   1.86193
   2.33215
   2.98161
   3.82756
   1.82336
   4.27713
   6.00548
    8.6691
   30.8116
   31.9633
  0.359538
   2.14514
   2.05778
  0.761342
   28.5525
    1.3702
   4.09113
   11.2433
   5.56607
  0.411441
   24.8334
   30.8671
   7.09422
   5.73999
   8.30412
   37.0049
   29.6974
    34.766
   34.6964
   8.03693
   5.67047
   30.8803
   3.14317
   4.12637
   22.4415
   34.3751
 0.0157897
   12.2627
   12.2158
   7.59638
  0.856581
   29.4367
   3.86123
   3.60316
  0.664239
    37.246
   35.8605
   26.7503
   32.3396
    1.3713
   2.93811
    4.5049
    2.2965
   1.27154
   2.73734
   2.13084
   9.58478
    5.2238
   1.42706
  0.132878
  0.582592
   2.29782
   3.50183
   3.05238
   32.6844
   35.9722
   3.52027
   19.5678
   6.15959
    6.6991
   5.83069
   3.53288
  0.376855
  0.931027
   1.86647
  0.282283
   3.67324
   0.61877
    1.6825
   2.39021
   4.71573
  0.838382
   2.62399
   2.19274
   4.28239
   2.99314
  0.454394
  0.891085
  0.345962
  0.151211
   1.83179
   3.37663
  0.710818
   4.40846
    17.031
   18.6186
  0.166737
  0.250658
   5.96132
 0.0440681
   17.3363
   2.09143
   1.19248
   9.01086
 0.0106699
   4.26535
   1.70713
   6.97541
   6.26176
   31.9554
   3.75252
    3.3288
   5.88526
    9.5163
   9.72662
   8.85819
   8.69662
   2.10866
   1.22882
   2.14696
   8.10334
   9.43247
   2.85682
   6.07141
   0.82296
 0.0901577
  0.111556
  0.350028
   3.81438
   9.39995
   3.27129
   2.46319
   2.17044
   1.92802
  0.406172
   5.89403
   28.6844
   14.5172
   4.74966
   20.1521
   1.78374
   34.4398
   6.05585
   3.60254
   16.6254
   1.47087
   8.03047
   8.58087
   3.70504
   5.84868
   7.12364
   23.3015
    25.247
   16.1588
   2.60015
  0.483985
    2.1118
   3.53958
  0.277909
   4.37983
    1.0255
 0.0176227
   5.13258
 0.0363035
  0.981082
   16.6254
   26.7348
   3.01752
 0.0214977
   13.3774
   2.90838
    15.457
   15.8177
   13.7259
   5.81977
   5.61814
   16.5805
   20.7268
   3.05701
  0.867699
   2.39165
  0.373498
   3.73928
   4.54977
   2.40658
   3.42407
   3.83439
    2.3957
    2.7537
   1.88888
   2.94947
  0.344683
   7.65372
   1.40461
   2.36559
   2.54966
   18.0771
   1.91998
   1.77048
  0.104274
   1.61703
   1.80959
  0.244433
  0.927069
   2.21906
   2.84246
  0.228717
   4.65751
   3.14464
   3.69566
  0.931111
 0.0480909
  0.456651
  0.138504
   2.40866
   1.85367
   5.59826
   3.11991
   4.17906
   1.42791
  0.232429
   23.2895
   4.11415
   3.78567
   1.14357
   2.16245
  0.907424
   6.36526
    1.6982
   18.9992
   8.56362
   24.7471
   2.43759
   19.8934
   2.41069
   2.32877
  0.111597
  0.323407
   0.88091
   1.84791
  0.225559
   2.02415
  0.128443
 0.0807809
   17.0728
   23.6603
   1.33109
   2.73683
    1.6684
   3.12805
   3.98897
   9.08459
   1.70507
   8.25363
   1.28961
   16.0505
    10.072
   5.85899
   1.37855
   3.13797
   15.8877
   9.82125
   2.70532
   1.75402
  0.761503
   8.50233
   9.75927
   5.20232
   9.89299
   8.36443
    3.6735
   1.05271
   4.34744
   4.01104
   9.01092
    5.5968
   5.61074
   3.70597
   2.36679
   1.51872
   2.18207
    1.8262
   4.47718
   2.11989
   2.24966
   25.3746
   2.22468
  0.380086
   2.47053
   1.25106
    2.2653
   1.41374
   1.64916
   2.15346
   4.06039
   1.62801
   6.83021
   1.42544
   2.78612
  0.721312
   1.17831
   6.01278
   2.93591
   2.10135
  0.994098
    5.4649
   3.51452
     2.029
   4.79539
   2.17036
   2.84484
   1.42909
   6.79206
   2.57778
   5.60865
   3.06789
   3.02749
   5.62517
   6.36541
    7.8528
   7.73302
   2.51279
   1.03854
   11.8686
   2.17924
   1.87701
   1.92762
   4.24898
   3.72249
   1.13635
   2.26871
   1.92165
  0.935092
   8.96396
   5.19016
   18.8258
   3.67885
   6.89818
   8.80252
   9.07526
    10.106
   8.48891
   8.77504
   7.78566
   6.49878
    5.1971
   1.80855
   0.94987
  0.770601
  0.201017
   1.60475
   3.79958
   5.95263
    5.9383
   20.4208
   17.9431
   17.7803
    6.4103
   4.06599
   8.85749
   8.46258
   11.4891
   10.4046
   2.74874
   4.79539
   10.9806
   9.97862
   5.29374
   6.02296
   1.01911
   1.22248
   2.04758
   11.0009
   20.3598
   28.1244
   24.2821
   1.14206
   1.86655
    0.5666
   6.66511
   1.87525
   3.01718
   2.84155
 0.0352015
  0.740367
 0.0557104
   1.58433
   1.51039
   2.52881
   1.52309
   1.93387
   2.77195
   2.67887
   3.66501
   1.69919
  0.704259
   1.43401
   2.10175
   7.10527
   8.13012
     9.321
   7.64147
   8.65009
   5.75476
    17.186
   14.6525
   6.85127
   6.40423
   2.77258
    2.7248
   1.79362
   4.07711
   4.35246
     2.911
   12.2283
     5.442
   12.0587
   7.56129
   16.9635
   18.0617
   2.19563
   1.10262
    3.5054
   5.56163