  2.12462
  1.71264
  3.19077
  10.3597
   13.408
  2.70807
   2.3453
0.0753945
 0.418117
  1.14893
  3.92031
   1.0944
   1.6638
   17.992
  15.0534
  11.2499
  21.1744
  20.2136
  24.8553
  22.6013
  17.0769
  17.3108
  24.2641
  25.1644
  5.36677
  23.7022
  18.4773
  18.3588
  16.9277
  19.2837
  21.9186
  20.0158
  18.6581
  20.0009
  18.0305
   19.867
  16.4694
  17.9623
  16.6614
  10.5858
  10.8168
  7.46046
  24.6917
  6.17696
  7.97042
 0.500922
  1.81249
  1.55676
  2.60923
  2.91627
  3.66498
  3.72984
  4.68435
  5.31588
  4.49183
  7.00275
  2.36134
  1.89281
  1.85532
 0.415703
  1.95241
   1.6433
  3.64055
  3.34736
 0.767637
  2.37304
  2.81706
  2.14773
  2.01898
  3.08485
  2.23026
 0.879527
  8.56344
  5.01877
  5.73859
  3.52175
   2.4716
 0.771456
  1.06673
  3.01276
   5.4551
  9.49859
  11.3474
  6.29458
  3.38637
  7.07724
  5.64115
  13.8188
  3.20757
  14.2389
  5.56854
  1.69287
  3.56168
 0.332603
  5.85426
 0.731948
   5.1313
  2.59439
  17.2659
  18.5705
  19.7585
   14.565
  13.7122
  16.0356
  13.3142
  14.3938
  22.0985
  21.7979
  5.64673
  14.7509
  19.5075
  15.6556
  16.7283
  21.0452
  23.6556
  20.5503
  24.9888
  13.4311
  24.0268
  8.27924
  7.46896
  1.76184
  22.0021
  20.1354
  21.9631
   3.8328
 0.411064
  14.5549
  1.16553
  3.83102
  3.28316
 0.125104
  3.13496
  16.9279
  1.86544
  3.10754
  15.6437
  6.59815
   6.6511
  5.46569
  8.42991
  4.32516
  3.37673
  8.79296
  5.53017
  1.07309
  3.31106
   3.5663
  2.33299
  15.0116
  3.86505
 0.605235
 0.637735
0.0333278
    3.493
  24.1321
  17.0769
  10.0601
  15.2903
  20.0444
  2.75535
  3.45291
  3.85384
  2.41523
  4.58001
  6.78975
  1.89281
  7.33235
   2.0593
  2.66093
  3.51754
  14.2139
  3.01705
  7.59854
  3.27033
  22.2183
  1.05077
  1.36235
  5.68311
  0.33529
  5.52226
  3.00903
  11.5609
  2.01278
  2.67032
  1.22333
  2.89177
  22.9516
  22.9664
  3.36028
  1.20395
  20.6524
  19.3816
  6.46559
  23.6546
  23.9398
  9.30105
  22.7772
  21.7417
  23.1847
  23.1129
  5.43083
  4.99016
  19.9406
  24.4627
  2.38099
  0.28277
  3.68551
  8.70138
  21.7677
  21.9402
  14.5263
  12.1935
  7.68691
  7.70982
  6.80232
  8.55066
  20.9104
  17.5487
  12.4019
  7.93047
  12.1179
  21.0629
  23.2904
    22.59
  22.2694
  23.9539
  7.57839
  20.8118
  20.2041
  19.7705
  20.1074
  7.28786
  22.9216
   26.244
  21.4681
  22.6277
  22.2086
  17.2195
  24.1832
  17.1175