 0.287729
  12.9482
   12.217
  19.8345
  14.9377
  30.5862
  17.1801
  15.8897
  18.2681
  16.9924
  15.5285
  24.0253
  0.29037
  4.64072
  7.69573
 0.328005
  3.32562
  8.97443
  11.6297
  9.21844
   1.5334
  2.35349
  9.29305
  2.79404
  2.63509
 0.275464
  0.90184
 0.587641
 0.437592
  14.1828
  13.3805
  1.24398
  8.35405
   22.838
  21.3327
  23.1107
  2.95577
  2.73345
  13.6759
   10.307
  13.6852
  8.33825
  18.1554
  19.5425
  20.4995
  23.7159
   21.741
  21.7236
  24.0533
  22.2592
  16.8213
  20.4603
  18.8743
  18.3309
  13.7849
  14.6809
  13.4542
  13.6866
  14.3264
  17.9438
   18.627
  18.3777
  18.1799
  13.1904
  14.7094
  14.3355
  20.6536
  17.3496
  24.2891
  21.8573
  15.4814
  20.7577
  20.0434
   20.342
  9.18153
  8.18885
  16.0228
  8.63235
  10.9849
  10.9207
  10.6946
  4.46667
  4.54273
  1.37897
  2.90272
  1.90996
  2.86385
  5.72731
  3.77748
  7.33411
 0.799553
  1.10155
  19.5118
  20.5102
  14.5988
  20.9103
  5.62952
   6.9005
  11.8919
  3.76181
  8.23245
  23.7617
  9.34609
  5.90585
  1.28548
 0.849434
  2.16098
  6.89563
  13.9147
  21.0645
  18.6111
  19.9146
  30.0061
  13.4888
  16.8887
  3.73335
   11.288
  13.3805
  11.0914
  24.8041
  25.6246
   22.951
  24.3475
  21.0234
  26.5389
  14.8049
  16.2473
  14.8692
  16.1454
  10.8595
0.0330256
 0.732792
   19.498
  3.78917
  8.97443
  14.7783
  3.47374
 0.267536
   18.098
  19.4637
  22.5044
  24.6259
  22.5002
  25.4497
  22.0779
  1.49663
  13.1626
  6.78858
  12.5096
  5.83801
  17.9679
  22.3081
  12.1202
  9.75395
  11.6425
  9.18808
  12.0045
0.0870522
  22.6282
  21.3323
   15.193
  20.9009
  16.3895
  28.7306
 0.849641
  3.74166
 0.903993
  4.07997
  9.45282
  8.27672
  2.37935
   1.0258
 0.366044
  21.9232
  1.46608
   7.3912
  1.72898
  8.25206
 0.242609
  0.66846
 0.819504
 0.367685
  23.2849
  3.25941
  10.9807
  3.03645
  2.33948
  2.13731
0.0744941
  5.19617
  1.16534
  3.07609
  3.54582
  2.58741
 0.454164
  3.04375
  2.46803
  2.87029
  3.16171
 0.585416
  1.99058
  11.1494
  4.96353
  16.9303
  1.13168
 0.985537
0.0098928
 0.938724
  1.35177
 0.934946
  25.3434
  6.60546
  1.06422
  3.58594
 0.639828
  0.25462
   17.697
  19.2273
  7.94461
   18.067
  1.09597
 0.694685
  16.2021
 0.725574
     2.63
  3.81862
  7.46647
 0.258619
  6.97788
  4.82326
  4.06156
  3.80658
  23.3819
  27.8534
  4.86659
 0.329311
 0.679841
 0.506402
  4.68752
  5.67348
  3.10608
  29.5058
  1.66868
0.0761044
 0.421736
  5.90133
  2.66597
  3.58236
  3.93489
  1.46661
  2.10744
  22.8653
  1.39057
 0.288504
  12.2209
  6.94322
  7.81393
  2.90814
   4.2793
   2.1718
  26.0088
 0.764855
  9.97501
   2.8966
  2.58814
  11.6563
  10.3451
  3.14853
  1.39386
   3.1543
  2.59731
  3.92114
 0.579027
  16.5834
  3.04412
  2.47276
  1.83561
  1.53939
  3.16005
   1.2061
 0.948198
   2.3389
  2.18538
  8.44813
  2.28172
   2.1544
  2.56732
  3.33461
  2.31671
  11.6019
  5.27135
  9.96597
  2.00474
  3.94734
   1.2222
  3.22578
  1.57161
   1.4118
  11.4755
  1.60006
  3.93086
  2.05386
  2.32747
  25.3424
  11.0672
  3.61912
  1.77025
  1.11441
 0.083621
  1.21598
  1.21452
  1.26871
 0.334411
  2.46118
  9.67592
  1.93117
 0.760588
  1.93862
   2.2309
  1.39115
  3.55546
 0.875724
  3.76841
  20.8949
  19.4492
  2.42888
 0.561977
   2.3454
  7.81797
  3.65009
 0.779631
  20.4508
  17.7108
  3.93807
  3.86445
  13.4208
  15.0155
  2.09909
  1.78043
   4.5721
  1.87028
  3.11781
  4.12905
 0.943722
 0.088881
  1.98682
  11.0019
  16.9457
    29.23
  19.7698
  17.3918
  4.60084
   12.845
   9.7378
  2.73351
  3.96678
 0.526032
  2.98475
  3.45712
 0.734947
  2.46464
  4.54296
  15.1191
   3.9032
   19.867
  17.4788
 0.550421
  1.07383
 0.325554
 0.310038
  1.27244
 0.221365
  1.74787
  2.00128
  3.54979
   18.301
  12.3707
  3.93882
  3.68968
  7.38258
 0.503103
  1.58035
  3.54403
  1.61451
  7.40162
  1.95001
  3.28068
  18.7627
  21.2765
  2.39825
  1.30856
  13.0632
  14.1415
  8.24858
  3.78519
  21.4407
  3.65701
  18.5247
  3.32646
  3.20603
  12.9068
  21.7387
  26.5947
  23.9094
  29.1657
 0.642891
  17.5459
  12.5284
  21.8513
    18.26
  19.6999
  12.8086
  4.44394
  1.78026
 0.754441
  14.2453
  3.38136
  4.71824
 0.492505
  7.37376
  20.0594
  21.2299
  2.14644
   21.295
  12.0822
  9.99741
  11.2719
 0.832748
  1.85347
  11.0772
  18.5892
   2.2938
  2.56821
 0.589875
  18.9224
 0.781228
  1.19584
  12.2499
  21.8409
  4.65112
  1.66411
 0.298318
  2.78041
  1.21288
  2.89137
  11.2202
   11.502
  13.0572
   19.079
  14.7286
   4.6082
  0.19285
  6.72745
 0.867787
   10.818
  14.6566
  14.5054
  18.7538
 0.605071
 0.255089
 0.201044
  5.22384
  9.39328
  3.66012
  1.68752
  3.18451
  5.76491
  5.59209
 0.505956
  3.65512
 0.662255
  3.76432
  1.26256
  2.01072
 0.258284
  18.8799
  10.3837
  9.91025
  19.3041
  21.9532
  3.78144
  2.02691
  2.83332
  19.4198
  1.39844
  3.29943
  3.69541
  1.06282
 0.738238
  1.71093
 0.604931
  7.53006
  27.6486
  23.8247
  19.9362
  16.3804
 0.786755
  1.14908
  7.05502
  6.15989
 0.476272
 0.611477
  2.08856
  1.74085
    14.91
  10.5521
  20.6395
  2.48783
  9.99249
  11.7842
  1.61307
  14.8369
  2.07024
   0.3902
  2.16166
  1.19425
   0.3708
 0.455407
  17.2668
  18.1967
  15.5193
  27.9719
  21.8151
  26.1481
  2.65714
  3.21973
  3.24387
   12.283
  23.0596
  2.30803
  24.6402
  16.1594
  13.2648
  13.6597
  9.41412
  2.70516
  2.31405
 0.685062
  4.47266
  28.6262
  24.4722
  2.27906
0.0966665
 0.586664
  25.3066
  1.12282
 0.379386
  2.04856
  4.36185
  1.25848
  8.54797
  4.37978
 0.873269
  3.03311
  2.91298
  28.1049
   2.3958
  4.33274
  2.99205
 0.318661
  28.9043
   14.886
  2.76887
  2.97734
  17.4109
  1.03377
  0.95456
  14.7052
  1.34747
  2.65389
  3.70314
  3.23116
  4.59201
  10.7654
 0.262669
  26.4122
  1.52997
  24.7265
  27.1123
  1.15698
  19.0178
  24.5461
  8.89458
  11.1809
  13.8975
  10.7029
  1.84989
  4.13955
 0.238909
 0.152598
  10.8471
  10.8419
  4.20075
  1.22175
  15.9302
  1.39432
  13.2444
  1.07319