   1.67406
   12.9316
   13.9166
   13.7087
   12.9878
   13.2991
   13.3863
   28.4405
   17.5414
   16.9732
    13.861
   16.0289
   9.55033
   13.7596
   16.2658
   12.7971
   4.86412
   6.36343
    5.8326
    3.0563
     2.386
   4.69805
     1.569
   9.92501
   12.5782
  0.829675
   4.43381
  0.687791
  0.905773
   3.02458
   2.77121
   7.14425
   3.00942
   15.7035
   10.5794
   1.52567
    1.4269
  0.336191
   4.14821
  0.176702
    1.7488
   2.53991
   3.95637
   1.62207
   2.84322
   2.46092
   10.2337
   11.0895
   38.2336
   6.73882
   4.45267
   7.12559
   9.74466
   6.93063
    5.1396
  0.706026
   10.8663
   7.22376
   6.52624
   4.83046
   11.7165
   22.3721
    21.785
   15.7481
   19.6215
   16.9812
   12.3671
   8.09514
   10.0745
   6.09426
   10.8155
   13.0206
   11.5048
   7.93149
   8.88113
   8.78631
   14.2309
   13.2862
   11.1108
   13.4376
    15.739
   15.8819
   17.4249
    15.272
    16.661
   9.66205
   21.2397
   13.0573
   18.3355
   17.4919
   13.7524
   9.86152
   12.1585
   28.2258
   7.65152
    17.615
   16.5075
   18.2709
   11.3024
    15.796
   12.6433
   5.03429
   6.92135
   4.28819
   2.77041
   5.33506
   6.53529
   8.38094
   12.8882
   4.56252
   4.13639
   0.43287
   4.08279
   6.39201
   7.79604
   9.69342
    2.2228
   3.98298
   12.1508
    6.7884
   4.66208
   1.82318
 0.0348616
   2.79222
   4.47203
    11.884
   4.79157
   4.25083
    3.5087
   4.14946
   9.32816
   5.80005
   4.64332
   6.36972
   3.48999
   2.30168
   2.39375
   7.62037
   2.69734
   10.1879
   7.55557
   2.67068
    6.3908
  0.629142
   13.1887
   13.2243
   12.7892
   3.82376
   3.32997
   4.66797
   6.84141
 0.0964604
   13.7438
   23.6271
   14.3346
   18.9802
    16.478
   12.2815
   12.7202
    12.785
   21.6652
   9.99476
   3.87044
    2.5093
    1.4337
    7.3084
  0.375715
  0.534699
   2.79646
   4.87551
   3.04425
   4.88373
   1.20429
   6.85534
   7.90114
   6.12998
  0.687791
   7.70601
   8.74086
    3.8053
   5.81905
   1.86752
   6.39694
    5.9564
   4.29619
   24.5596
   21.4453
   15.9655
   17.2782
   19.7429
   28.6228
   28.0185
   7.58196
   9.83948
   7.18519
   7.13127
   9.84192
   6.66824
   2.77105
   3.51753
   11.3295
 0.0440395
   3.84468
   15.4212
   10.8062
   1.43248
   11.3234
   16.8135
   3.42841
   6.62757
   3.59697
   10.0912
   0.68134
   5.17923
   5.32496
   8.90378
   7.88191
   18.9056
   16.5936
 0.0213177
    2.7079
   28.9048
   4.04083
   1.88846
   38.4414
    3.2767
   4.05673
   2.15388
   3.83272
    2.8352
   1.76433
   39.1673
  0.240784
   39.0925
   1.77998
   9.21784
   3.25025
   4.46306
   8.93267
   4.60142
   1.76117
    36.232
   3.20603
   3.45412
   3.35265
   3.83423
   8.43491
   3.27458
   4.33723
   3.30406
  0.656547
   7.37332
   3.08442
   7.23578
   1.52389
   8.31149
    12.459
   36.1159
     5.007
   2.63751
   1.24433
   38.9594
   3.57873
    4.6856
   2.42088
   8.16109
   6.96438
  0.354347
   0.19242
   4.04787
    38.796
   2.94666
   11.0424
   21.6696
   23.6778
   2.27723
   4.74512
   4.65107
   2.42424
   5.51599
   3.49959
   1.20588
   3.12792
   1.78235
  0.583539
   1.40517
  0.332339
   2.26185
   4.37078
  0.644188
   0.89074
   3.16313
   38.7235
   2.32849
   12.4535
  0.774279
 0.0508272
   1.83185
  0.142488
  0.120507
  0.397112
  0.663359
   3.14671
   11.1167
   1.47989
  0.478428
   6.27515
   3.11671
   6.83412
   8.81039
   2.85639
     11.73
  0.921046
  0.279626
   3.51504
   5.01478
     4.177
   2.74779
    4.4782
  0.492387
   13.2056
   2.40564
   4.68694
   3.26304
   0.80869
    7.4683
   7.06891
    9.7317
   1.75744
  0.932221
   3.37477
  0.142741
    9.5847
   1.84132
  0.110851
  0.388096
   19.5363
  0.214507
  0.341493
  0.651546
  0.802649
   3.56736
   8.05458
 0.0310847
   14.0234
   11.8898
   2.34125
   4.70038
 0.0387788
   3.28081
   3.76962
  0.515162
   9.15379
   1.29959
   2.47371
   4.34151
   1.42773
   2.09854
   6.11508
    1.4398
   3.34742
   3.54005
  0.940632
   3.75799
   14.0543
   8.72333
   6.22757
   4.50936
   7.41668
   3.16302
   1.46933
    2.7689
  0.360349
   7.06795
   38.6885
   2.60729
    5.2566
   8.11821
   11.1706
   3.85147
  0.503991
   3.69449
   4.01184
   3.48641
   38.0394
   4.53635
  0.455641
   1.63857
   0.56735
  0.234567
 0.0418908
   3.32601
   1.90267
   36.0372
  0.876902
 0.0863727
   4.19291
    3.9225
   19.2579
   12.3104
   7.62614
   2.37789
   6.22317
   0.99445
   2.42938
  0.352659
   2.42243
    9.1375
   9.80519
   4.58145
   1.15988
  0.877098
    47.791
   12.7928
  0.891894
   4.98513
   17.6047
   7.66325
    1.0497
   6.73577
   7.49508
   5.69863
   1.06539
   5.00763
  0.951993
   1.41171
   1.21446
   5.65513
   4.29178
   3.33507
   2.91778
   2.51967
   10.4876
   38.5732
   3.56515
   3.76597
   3.24087
    2.7631
   2.44703
  0.542495
   4.32378
   9.22999
   3.30334
  0.119163
   3.34048
   0.35334
   8.46412
   6.28975
   10.3509
   3.28009
  0.902871
   7.03978
  0.563428
   4.45167
   8.62738
  0.661453
   4.40178
   3.26724
   0.90868
   4.38125
    4.5481
   4.23799
   1.42926
   6.35728
   1.00184
   1.89574
   1.27873
   3.09254
   5.57784
  0.089514
   5.64375
   3.76963
   10.3943
   5.63723
   19.5339
   50.3271
   1.59976
   7.58674
   0.99383
   4.00576
   5.15244
   3.02796
   7.19662
   1.45532
    11.018
   3.86051
   6.29198
   1.42581
  0.352659
   5.96768
 0.0922394
    13.634
   8.29052
   6.75201
   9.86918
    5.9091
   2.98278
   12.0573
  0.805175
   5.46692
   6.50566
   3.29033
  0.752136
   3.69697
   2.55864
  0.735365
   5.46586
   1.89463
   13.3845
   6.90031
   3.60351
    2.5347
   5.74052
   24.1353
   23.8363
   20.5897
   21.7889
  0.861348
   1.46926
   3.11493
   1.92434
   3.96689
   18.5322
   19.3868
   7.42388
    5.4505
   3.79908
  0.654853
   6.26187
    4.5191
   10.2601
   10.4185
   1.55584
   7.40635
   1.89463
   2.96481
  0.873539
   1.08958
   6.99762
   11.2426
   2.26387
   4.92044
   6.99654
    46.878
   3.57165
   9.51761
  0.631981
   2.09898
   4.34837
   2.35254
   13.9694
   6.30141
   3.15774
   1.84129
   4.42819
   6.90141
   4.76005
   4.50267
   2.42105
   7.27361
   11.4035
    2.7222
0.00528825
   2.51418
   13.2326
   2.82783
   6.97906
    3.7005
   4.41376
   2.34088
   3.61995
   11.3853
   11.5336
   15.3198
   24.5595
  0.507139
   7.43311
   2.05628
   1.21714
   12.7915
   6.50228
   16.4464
   3.28553
   4.14752
   5.25133
    17.155
  0.569147
   1.90416
   5.87968
   9.16361
   4.09968
    1.8821
   3.20408
   2.06416
    13.142
  0.519343
   18.0732
   14.1468
   14.6973
    3.5613
   2.57317
   5.25863
   30.3387
   6.86433
   46.6841
   2.34711
  0.147474
   2.26539
   14.9334
  0.510756
   3.29014
  0.532837
   3.51838
   6.48838
  0.358473
   2.37039
   6.58458
   1.35793
   7.53719
   4.18166
   12.5781
    21.592
   2.37954
   3.20619
   1.25564
    1.8608
  0.288617
   6.99295
 0.0125367
   1.68753
   8.57416
   13.7125
   22.3075
   1.59616
   37.8222
   1.45509
   10.6003
   5.95681
   17.3459
   5.79129
  0.412393
   2.16584
   28.7788
   3.00193
   3.98725
   3.19286
  0.621389
   7.03657
   3.39343
   21.5466
   30.8008
   33.2214
   3.18177
     4.762
   15.9993
    17.709
   12.4798
   5.39621
  0.276592
   1.99912
   2.20747
   1.58016
     6.296
   31.2355
   3.85992
    23.692
   3.86053
   1.89148
    2.3607
   1.76076
   9.76131
   2.32296
   1.34208
    12.339
   3.28221
   7.29379
   2.29221
   19.5338
   13.2254
  0.387954
  0.939136
   3.35999
   6.03984
   3.48803
   3.14686
  0.358032
   3.88735
   1.37837
   12.9348
    8.4493
   1.95427
   3.11888
   5.05016
    2.8474
   2.11492
   3.10114
   3.88299
   2.04791
   6.23864
    7.3241
   2.40619
   6.40059
   37.8929
   1.09781
   1.57098
   2.69211
    2.7798
   2.21276
   1.81038
   3.30041
    3.6978
   2.41292
  0.705907
  0.239608
  0.599208
   4.22203
   0.87975
  0.987627
   3.40325
   2.69805
   2.91184
   4.41166
   2.75463
   3.08522
   3.45898
   2.06151
   4.22356
   3.18829
   9.95298
   1.32513
   22.5049
    3.9297
   2.53507
   2.37954
   10.9191
   2.67019
   3.08522
  0.482045
   10.4355
   3.57647
   4.46273
   2.55912
   1.89891
  0.281602
   2.28186
  0.243841
   1.15794
   1.21603
   1.86547
   1.19793
  0.588812
    5.6182
    2.2743
   19.4956
   2.87633
   3.77476
   3.99768
  0.568572
   3.91379
  0.647773
  0.463624
  0.659685
   18.6956
   15.2546
   18.6641
   5.29695
   9.36503
   1.26784
   1.72513
   13.9267
  0.268466
    15.003
   11.6209
  0.977794
   15.2151
   13.4002
   14.3873
    16.597
   2.04202
   1.88277
   5.64514
   2.92793
   2.14463
   1.42605
   38.0422
   7.08059
   7.20296
   8.21889
   10.7136
   17.4937
   8.36248
   13.8948
   5.62092
   3.64516
   14.6822
   3.69369
   5.94373
   14.5768
   6.64551
  0.548365
   8.55563
   14.8288
   3.37284
   14.1489
   18.1227
   13.2243
  0.305333
   3.51299
   8.99744
   15.1309
   9.81009
   3.82089
   5.36718
   6.83557
   37.4926
   10.9464
   17.0795
   14.8257
   18.6346
   31.1317
   4.69215
   2.07062
   4.48099
   9.10223
  0.845218
   5.87722
   5.37444
  0.696721
    2.6603
   2.95787
   4.04731
   5.76602
   5.56944
   2.86374
    16.091
   14.7505
   4.88979
    10.969
   5.79818
   5.62479
   7.49396
   10.5355
   7.28779
    4.9065
   8.96378
   1.48221
   4.41217
   6.50096
   4.19047
   5.61947
   5.40854
   5.96071
   5.85356
   2.25551
    3.1473
    5.3326
   1.87902
   2.08388
   7.88028
    17.382
   17.4785
   10.0215
   6.72984
   3.95621
   6.40089
   8.15595
   5.70799
   3.94025
   0.46752
   7.67685
   8.20514
   4.58531
    6.2981
   7.09154
   6.13775
   20.0362
   5.20823
   1.97452
   24.3663
   24.6706
   20.9612
   5.84551
   5.34616
   6.30834
   8.08446
   9.16612
   6.67779
   4.90158
   9.95969
   12.6536
   5.17699
   7.25788
   14.8168
  0.951258
   6.33161
   6.44291
    6.7919
   12.0542
   11.0943
   14.1924
   3.85018
   6.80308
   8.97264
   28.2344
    26.095
   23.4187
   15.7477
   4.41962
   3.34555
   12.7986
   33.0936
   33.5746
  0.830923
  0.449289
   4.59883
   5.27209
   6.57744
   9.68932
   25.0379
   27.4458
   4.28766
   13.0015
   1.86404
   18.6636
   2.13246
    1.9562
   30.1956
   28.6178
   20.3504
   33.4161
   33.4036
   33.8912
   26.8644
    20.373
   11.8625
   12.1605
   9.13804
   9.19839
   1.23526
   6.38421
   7.73147
    8.8727
   25.2064
   2.85593
   21.5276
   19.1915
   22.7476
   20.3532
     13.21
   33.4789
   27.0839
     24.56
   24.9763
   28.2134
   11.9556
   8.86153
   16.9943
   15.8464
   20.2595
   17.9417
   20.1236
   21.3007
   16.2201
   16.0963
   16.2377
   19.5273
   11.8917
    10.764
   17.1278
   13.7782
    22.605
   22.8153
   20.7068
   11.4275
   11.1498
   10.5954
   10.7517
    14.573
   22.4497
    21.481
   24.9391
    24.608
   22.6326
   24.4333
   13.3383
   6.77318
   1.75803
   3.30014
  0.176832
   6.16884
   2.06416
   44.4538
   5.76817
   1.78648
   5.15778
   5.27769
   10.2202
   34.8666
  0.455579
   18.4536
    11.011
   16.6339
   27.9906
   14.7537
   16.6481
   17.2544
   16.2393
   6.36968
   9.48442
   9.09294
    11.431
   1.12189
   10.8744
   3.97313
  0.143802
    11.268
  0.386918
   1.52964
   15.7249
   16.9023
    3.0545
   5.18467
   23.1827
   3.95395
   12.5846
   8.20472
   2.09392
   15.5784
   4.53363
   2.74929
   2.54564
   14.3575
   30.0944
   34.7867
   29.6253
   14.9565
   12.1739
   4.85244
   13.9491
   12.7658
   7.76487
   31.0277
   32.3261
   38.0431
   37.5629
   30.0342
   29.6697
   22.8569
   20.6335
  0.113864
   5.80432
   5.22197
   32.4627
   18.4181
   28.9018
   5.62075
   11.3124
  0.523902
   2.49443
   25.3267
   35.1981
   19.4465
   31.5995
   22.8062
    22.747
   15.0609
   16.8369
   7.26675
   13.4146
   11.0708
   14.0971
  0.220692
   4.32961
   18.3364
   16.9585
   21.3876
   5.28894
   1.11903
   2.22139
   34.4534
   28.2498
   5.07734
    5.9217
   15.2408
   18.3831
   14.3684
    9.4105
   8.55132
   11.9879
   23.5253
   25.8282
   12.2037
   12.1082
   13.3578
   1.17552
   11.8494
   18.9782
   10.5558
   2.52019
   16.9608
   21.9032
   12.7613
   18.4846
   24.6401
   21.0749
   29.6479
   29.0845
   3.68879
   24.5676
   24.8798
   32.6034
   25.8319
   12.5403
   4.71381
   2.64554
   2.86115
   12.7673
   26.4111
   25.3889
   10.7707
    11.268
   4.46627
   22.3979
   22.0861
   23.0407
    4.5314
   29.2255
   27.0156
   32.6179
   23.3332
   7.66435
   22.9363
   21.9868
   17.1568
  0.751919
   1.48768
    5.7645
   6.40601
   2.45348
   3.04122
   21.0296
   22.7055
   11.1234
   5.48726
   5.22197
  0.311795
   1.66469
   9.36465
   9.04699
   9.97765
   14.2685
   11.9834
   25.1094
   25.0701
    28.757
   32.9226
   18.1762
   21.8526
   6.52995
   1.72505
  0.231557
   3.63418
   5.04409
   5.41023
   5.38109
   6.87518
   7.89363
   6.40272
   2.45852
   4.24384
   0.87138
   8.29196
   8.87298
    5.0963
   4.35042
   1.25528
   1.74042
   1.29784
  0.627157
  0.160527
   0.45283
   1.05966