   2.61148
   69.5751
   17.7886
   2.20076
   17.5972
   64.5285
   64.7283
   70.8074
   26.1651
   27.3555
   25.5672
   22.4384
   21.4815
    1.2679
    19.292
   18.8131
    2.5557
   4.92881
   4.44066
   3.02893
   4.04108
   2.24192
    2.0526
   4.34636
   4.85422
    1.5575
   6.84687
   1.29823
    6.4896
   4.11668
   3.07096
   3.68169
   4.27216
   5.36604
   5.42889
   4.02988
   6.62923
   24.2766
   25.8299
   19.9895
   4.36274
   5.29392
   12.3014
   12.8757
   16.4295
   20.0301
   19.8711
   24.2658
   29.9512
   24.8088
   25.9143
   23.7148
   24.0823
   26.3358
   59.4869
   65.8521
   63.8412
   25.6803
   63.2451
    63.234
     20.85
   18.7819
   63.7211
   18.9387
   18.3922
   61.3834
   63.2278
   63.3151
   22.5312
   27.0352
   60.5845
   24.3897
    28.803
     29.31
   23.6946
    21.401
   16.0678
   16.1625
   20.1161
   28.8225
   11.9395
   25.1462
   22.9004
   26.2494
   25.8388
   17.9653
   17.3219
   5.74722
   5.00425
   5.79107
   5.02012
   6.21713
   9.19267
   8.53978
   2.83822
    3.2023
   23.4294
   28.5324
   6.31255
   7.76616
   3.33022
   2.24165
   6.77989
   6.80329
   2.52455
   36.7897
   25.4575
   26.6957
   12.4691
   2.92572
   1.54432
   24.2163
   20.9723
   22.6398
   7.10378
   9.87101
   19.6795
   22.0162
    28.036
     26.63
   23.8584
   59.6865
   28.7056
   25.5221
   6.86724
   20.3352
   17.3808
   19.4039
   19.8897
   23.4109
   27.7451
   23.9089
   17.1605
   22.4044
    25.309
   21.0822
    4.4238
   4.34135
    2.2929
   2.56725
   4.26804
    4.3354
  0.805054
   1.57787
   17.5317
   5.14579
   4.05935
   26.0671
    26.402
   26.4748
   63.8911
   24.3507
    27.699
   29.8902
   17.2645
   9.98553
   24.6001
   27.2931
   25.2328
   1.65462
   67.0182
   30.0398
   19.4039
   25.2274
   19.9426
   19.9639
   25.1361
   8.83742
   3.10609
   28.2776
   30.6384
   29.2608
   63.2273
   23.7085
   25.2686
   69.6781
   3.10345
   22.9414
   1.45886
  0.239171
  0.140162
   2.30299
   1.87426
   4.08882
   7.18797
   8.94804
   6.74483
   2.60633
   28.1637
   26.6249
   4.12532
   4.54636
   1.07629
   24.3362
   8.98493
   29.3253
   6.68574
   20.9973
   25.6927
   29.5093
    2.2162
   5.66001
   2.19002
   7.64542
   9.81157
   30.0228
   23.0154
   5.14328
   15.3284
   5.85866
   30.3043
   4.51309
   3.27496
   13.6453
    2.3111
   3.36077
   29.2761
   24.1856
   27.0654
   31.4264
   24.2974
    12.791
    3.3951
   69.7121
   6.29657
   7.59082
   20.6315
   23.5472
   2.39791
   2.88334
   4.13574
   3.15061
   14.4397
   13.6748
   10.8607
   2.55669
   1.89452
   2.49855
   26.3177
   35.7838
    25.994
   11.6105
   3.18967
   1.14739
   21.9171
   5.86391
    2.1297
    29.604
   29.0336
   29.5824
   29.7009
   2.23108
   2.56823
   2.26652
   2.38242
  0.189982
  0.802779
   25.5194
   3.47964
   26.0774
   2.12276
   2.00475
  0.556482
   13.0106
   4.46736
   29.0243
   31.3598
    24.898
    25.381
  0.402025
   18.9643
   10.3201
   9.01886
   8.51849
   6.18293
   0.91445
    3.6746
  0.909777
   5.82147
    7.0719
   8.49515
   3.21544
   4.84196
   4.93571
   2.98144
   8.68784
   1.70917
    2.0752
   1.20795
   15.6016
   5.60751
    23.515
   22.8259
   4.57983
   4.42963
   17.4917
   4.94919
   2.25685
0.00883778
    13.285
   6.65463
   30.3091
    0.8853
   9.26577
   22.1767
   11.3674
   3.65499
   22.6586
   5.20281
   59.6613
      4.64
   10.7511
   9.61649
   10.5031
   2.16748
   11.6799
   27.9643
   22.0444
   3.77816
   23.8329
  0.339637
   2.81807
  0.190231
   29.5453
   10.1343
   25.8736
   24.8337
   19.6366
   3.73952
  0.991077
   6.88905
   14.5918
 0.0554329
    1.0887
   1.28078
   1.00873
   7.96112
   2.51848
     4.394
   29.5453
   26.8214
   4.01356
   8.33964
    21.036
   21.7326
   1.18166
   2.89723
   1.04099
  0.325991
   6.41614
   5.66018
   5.18233
   6.96009
   5.83257
   5.49161
   7.59995
    2.2201
   67.9772
  0.812219
   5.31048
     30.15
  0.154112
   2.53569
    4.9956
   20.2518
   2.33612
    23.585
  0.258589
   1.49735
    6.3382
   2.82662
   1.25247
   17.7086
   29.3018
   2.52563
   1.67041
   20.6875
   17.8114
  0.737271
0.00802925
   17.6723
    2.0953
   3.20668
   1.81768
    19.507
    18.441
   0.60067
   22.9771
   3.55936
   1.25117
   3.73687
   4.65298
   4.70601
   5.04793
   12.8224
   10.9436
   10.9766
   1.60823
   7.45142
   25.7388
    67.931
  0.324261
    6.1773
   3.29349
   5.61784
   3.98933
   4.60295
   4.25375
    3.6085
   4.32252
   5.24798
   3.10259
   2.90793
   1.98148
   6.75915
  0.498729
    8.0351
    2.4022
   1.27003
    2.0725
  0.684996
   27.4653
   10.7023
   1.54641
   2.57069
   4.92218
   23.9331
   69.0462
   4.16454
   2.78887
   1.00108
   10.6531
  0.445542
   0.88167
      23.5
   3.75827
   4.33752
   5.36538
   21.4884
   19.9579
   11.5922
   13.1409
   1.88207
   4.37813
   3.22091
   2.68974
   6.67842
   4.45497
   2.62769
   4.29244
  0.944967
  0.465481
   11.3984
   3.09854
   2.92292
    4.0399
   4.25349
   8.02296
   2.67916
   5.74128
   1.52898
   19.6396
   66.8911
   22.6045
   7.09742
   4.63044
   0.69266
   4.06805
   7.53286
   11.7811
   7.35204
   4.33736
   2.04915
    8.5533
   5.06259
   10.8204
   9.85293
    3.0232
   1.38699
   1.59297
   3.61145
   17.8857
   11.3559
   4.49701
    4.2419
   5.10362
   12.5896
   4.71376
   1.78526
   4.05727
   11.2868
  0.522961
   1.01798
   24.4239
   11.9949
   11.6003
   23.3958
   15.5091
   28.3102
   27.9694
   2.30039
   28.4594
   4.35435
   2.38525
 0.0255214
   1.69556
   2.93199
   2.51183
   7.67346
   11.6855
   8.46694
   7.50867
   7.12703
   3.54612
   1.14698
   2.28708
   4.35435
    11.251
   8.35958
   6.95211
   7.46857
   3.16694
   7.30865
   8.86415
  0.358814
  0.117167
   3.53237
   3.35995
   1.81359
   3.55831
   13.6722
   11.1491
  0.952944
   27.2148
  0.884645
  0.195827
   1.62741
  0.827265
   12.6012
   4.27225
    5.0599
   24.2155
   5.84507
   0.17894
   15.4618
   15.4825
   4.07755
   2.88561
   3.11704
   2.29464
   2.20218
   2.15619
   3.11674
   3.26818
   3.68642
   3.95517
   4.93608
   2.79496
   2.94978
   1.40776
   8.12478
   7.62481
   2.11182
    2.6617
  0.232209
   2.89739
  0.567022
  0.273753
   1.65598
   9.76283
   2.92402
   2.41051
   2.30723
   2.76775
   2.59403
  0.764109
   22.9129
   6.76454
   28.4453
   28.1215
    26.021
    23.575
   23.2255
    1.6074
   7.90101
  0.367692
   5.07956
   2.34529
  0.971565
   2.48754
   9.92858
   11.1282
   11.0081
   65.6621
   21.6485
   69.8168
   22.8606
   11.1842
   15.4438
   3.36433
   4.71085
   1.39791
   1.23805
  0.654009
   0.91819
   23.2527
   4.79666
   3.19379
   6.23776
   2.99572
   13.3804
   26.6834
   4.72729
    10.652
   5.55523
   24.1802
   23.9926
   13.1468
   10.2986
  0.195383
   9.02647
   26.3053
   22.6962
   27.1167
   2.59664
   12.3824
   24.2179
   8.18141
   4.87435
   25.0939
   4.59716
   4.78086
   4.97898
   6.00076
   5.54549
  0.892657
   6.01106
   2.61758
   2.21699
   1.15824
   11.8691
   13.8295
   10.9415
   10.8699
  0.890639
   2.43112
   2.36657
   8.57916
   9.08492
    8.4973
   28.5814
   30.1719
   2.15399
   9.05417
    8.2831
   2.77031
   1.97443
    4.5249
   11.1001
   11.0748
  0.238538
    30.598
   26.8124
  0.796217
  0.193655
    0.6528
   3.26001
  0.506359
     11.35
   1.38962
   4.96436
  0.705914
   1.97443
   27.4112
   32.6838
   24.2179
   12.6274
   24.8884
   9.82918
   4.10075
   11.7466
  0.841106
   5.70583
  0.981617
  0.992615
   2.77092
   2.85893
   1.49189
   1.28531