  4.23681
  28.0995
  28.1386
  27.5715
  31.1705
  1.38334
  24.6549
  23.7418
  29.3503
  28.7454
  30.0792
  26.9512
  28.7962
  29.9048
  27.5208
  32.5564
  31.2133
  33.1644
  33.3363
  31.2093
  27.3821
  31.3099
  5.79401
  31.3331
  29.5959
  5.32747
  15.9112
  56.1938
  18.9235
  15.0068
  1.31765
   23.846
   30.055
  5.31189
  4.59565
  4.74328
  4.66453
  22.1984
  27.5185
  20.4899
  27.6253
  28.9228
  30.8918
  13.4764
  11.1514
  9.89286
  15.8731
  17.9828
  26.5647
  27.5643
   34.515
  27.9135
  37.5629
  29.9757
  31.0307
  33.7507
  29.4502
  27.2735
  59.1235
   25.137
  26.2638
  27.3319
  35.9283
  24.2461
  38.8452
  28.9528
  30.4371
    29.46
  31.5832
  31.5039
  28.4456
  28.6686
  25.7201
  26.6307
  26.5046
  26.5412
  29.6942
   31.302
  31.2013
  28.8265
  14.9504
  26.2034
  30.6221
   28.522
  32.7878
  28.8383
  26.3324
  15.9187
  3.40762
  5.62052
  23.1152
  19.4288
   19.682
  32.8482
  22.6996
  31.1156
  29.1288
  32.2376
  26.1685
  4.54555
  3.98505
  18.5474
  21.8498
  25.6441
  34.7588
  31.0347
  27.3276
  5.08105
  4.84107
  29.7146
  32.8982
  40.6217
  3.37816
  8.19273
  1.59117
  27.2636
  30.3847
  30.1062
  4.79776
  2.14119
  28.8896
  23.1954
  33.0992
  2.77583
  2.52201
  14.2649
   30.224
  25.0127
  28.7891
  29.4584
  29.0782
  30.0177
  24.9893
  31.1141
  51.7963
  16.1797
  17.7545
  19.4274
  28.9839
   27.692
  18.7975
  31.0618
  29.6669
  29.8831
  29.9269
  32.2198
  28.8253
   21.872
  15.7216
   31.006
  25.8267
  27.9839
  4.69402
  5.00693
  31.6108
  31.3375
  0.44695
    2.761
  32.8788
  3.95913
  29.9012
  31.8331
  29.9244
  29.3411
  28.9988
   26.638
  31.2736
  12.5851
  2.68747
  28.5284
   20.394
  6.69187
  53.5855
   35.366
  31.8419
  30.6679
  21.7063
  27.0582
  6.69187
  1.35071
  17.9485
  4.80496
  33.9847
  31.6012
   26.681
  2.33535
   30.621
  32.2493
  1.40697
  35.9788
  32.3639
  31.8395
  32.2352
  31.9435
  21.2774
 0.190868
 0.189984
  2.57627
  1.06694
  2.70312
   2.2676
  41.0582
  3.36838
  4.61449
  31.5792
   32.603
  1.12761
 0.932692
  31.7248
  31.6102
  4.07542
  20.3099
  21.1061
  31.8183
   32.655
  28.3639
  1.41879
  2.76961
  1.14063
  2.25943
  27.3825
  33.4413
  30.0151
  3.25763
 0.873537
  30.6558
  32.3045
   5.6606
  4.07573
 0.584236
  32.4551
  32.8459
  2.99131
   31.949
   33.415
  28.3504
  4.24071
    2.888
  31.0681
   4.9381
   3.9086
  25.7987
  31.5326
  34.7296
  2.27819
  2.60598
  1.40208
  1.23493
  3.83042
   30.146
  2.00811
  2.09584
 0.436819
  5.81487
  34.0424
   33.162
  29.2405
  32.9125
  32.8708
   4.5794
 0.986175
   1.4362
  0.45425
  29.2096
 0.354402
  31.9355
  30.9055
  38.8242
  30.5137
  35.0218
  32.1915
 0.491034
 0.898208
  26.1511
  3.25592
  30.2091
  29.2532
  2.66385
  29.9922
  0.54534
 0.941001
 0.825582
  2.84586
  5.49173
  31.6165
  34.0749
  6.88218
   4.8172
  5.42467
 0.213413
  1.82936
  1.63357
  4.67515
   4.0254
  2.37705
  1.64574
  2.82774
 0.710567
  28.2207
 0.605299
  1.33985
 0.656304
 0.378336
  3.17134
  30.9202
   2.6037
  30.4873
  2.36388
  2.91236
   30.615
  2.83812
  0.37812
  1.08095
 0.235658
  2.33703
  1.61558
   29.415
   1.2716
  3.69217
  2.64986
 0.648914
  1.23243
  1.89135
  3.59908
  30.5272
 0.564072
  11.9518
  3.16967
  3.05517
   31.603
   10.358
  2.04311
  5.01543
  2.68038
  2.48033
  3.98087
  2.46902
  1.27022
  2.58541
  3.70478
  3.81388
  4.66749
  25.1495
  33.1236
  4.27274
 0.465023
 0.735976
  2.61544
  1.60523
  5.40976
  7.61851
  1.64825
  3.15725
  8.42508
  21.1162
  27.8106
  3.05491
  4.21767
  4.04257
   16.018
  1.49545
  0.83591
 0.311723
  5.80868
 0.727174
   2.2366
  31.8584
  2.86408
 0.406599
  4.83503
  33.3827
  1.43414
  7.18854
  18.6112
  8.92927
 0.487858
  3.64875
  3.12336
  2.18817
  19.2964
0.0820239
  59.2343
  3.52151
  1.60234
  1.11629
  3.30067
  1.84516
  0.86072
  2.25879
 0.991844
  2.67526
  1.00766
  5.13847
  4.55797
  2.32634
  27.9824
  21.8033
  23.6622
  2.30937
 0.693906
  1.02759
  6.36693
  1.71646
  3.18051
   21.521
  16.2237
  30.4145
  3.96729
  1.29125
  2.05297
  50.3049
  2.46187
  6.51346
  21.3211
  3.78634
  3.61201
 0.676394
  36.6069
  33.2213
    1.224
  1.19326
  4.31185
  26.8546
 0.365544
   2.8402
  2.84354
 0.168769
 0.514713
  3.35499
 0.869987
  1.16754
  1.42956
  14.8004
 0.573758
  19.3694
  19.1962
 0.538514
  9.67015
  2.13596
  3.14205
  4.19072
  1.43205
  27.4942
  27.3029
  29.1931
  26.8257
 0.711125
  1.67255
  8.65163
  2.31211
 0.982339
  3.77104
  5.87079
  3.37755
  2.77146
  2.47711
  33.0469
  7.71163
  1.95608
  44.9846
   24.524
  24.9693
  34.8887
  3.03288
  3.12572
  1.95551
  53.0484
   3.4598
  29.2027
  33.6131
 0.438434
  3.89217
  3.26409
 0.477782
 0.577176
  10.4474
 0.506096
  2.82139
  29.7727
  3.61559
  9.21648
  10.6843
  4.74577
  1.63628
  4.02891
  5.01765
  18.4739
  5.94187
  33.5774
  31.2006
  26.7051
  32.6189
  28.4888
  2.23284
  2.40168
  3.96719
  28.7579
  32.2774
  7.70363
  1.71646
  2.66123
 0.710339
  7.87562
  7.27406
  34.8736
  30.5123
  29.8232
  6.77705
  31.5327
 0.683771
  1.39598
  3.96708
 0.956427
   7.0215
  29.1516
   3.1022
  3.71895
  4.50806
  35.4832
  35.4234
  26.3905
  32.5589
  31.3345
  32.3782
  30.3318
  1.83087
  5.31713
  29.0874
  1.34798
  1.62985
  30.7537
  28.3982
  20.8673
  29.1348
  30.3548
  6.35845
  30.2382
  29.6505
  30.3392
  10.3928
  27.3905
  28.6916
  28.6428
  6.87105
 0.584908
  23.9453
  3.46649
  4.44792
  31.6028
  28.8945
  37.2087
  31.7238
  35.0824
 0.585199
  8.68912
  6.52013
  29.6962
  30.4282
   9.0412
  4.33854
    5.103
  2.39858
  32.5862
  32.4774
  35.6952
   28.686
  43.6878
  5.35592
  30.7143
  27.0575
  23.9521
  27.2712
  28.4456
  38.5048
  5.32119
  2.29836
  15.0374
  8.13778
  4.44265
  4.10061
  3.69137
  1.51914
  28.5449
  33.7059
  1.40746
 0.057002
  5.99341
  23.5735
   9.2121
  10.6613
  14.3319
  29.9171
   5.6746
  30.7438
  30.2666
  31.8591
  30.1315
  5.47352
  7.71482
  4.71252
  23.0304
  30.0512
  27.2981
  27.8069
  33.9677
  32.1327
  28.1601
  10.9409
  10.1436
  27.6021
  28.7661
  30.4723
  18.1045
  6.50271
  26.4665
  34.1574
  4.31285
  5.01862
  32.7934
   37.616
  31.1832
  30.5572
  25.5261
  26.4628
  0.46162
 0.631566
  4.55236
  4.12477
  31.1671
  5.80069
 0.454385
  5.73995
 0.892947
  32.7816
  8.07636
  6.55019
  33.6777
  31.2045
  3.52355
  35.0254
  5.06145
  6.43413
  17.0044
  25.8375
  36.9184
  35.4277
  26.9276
  28.2959
  24.8127
  35.7121
  31.7108
  30.1984
  26.0357
  38.9818
  30.4437
  37.0834
  40.4605
  27.0209
  5.17148
  30.5376
  3.95331
   26.515
  30.8879
   1.3754
  4.48495
  34.2932
  31.7225
  43.7711
  39.8212
  35.5358
   32.716
  28.6719
  29.9622
  3.70543
  14.9767
  4.84661
  4.70936
  3.03495
  4.85509
  6.15727
  33.6895
  2.80941
  21.9629
  3.68966
   1.0198
 0.878415
  0.40324
  1.23471
  5.64666
  4.94223
  1.76595
  2.55376
  27.3771
  31.7059
  3.21608
  31.4518
  29.6849
  7.86761
  31.3994
  29.4734
  41.9745
  35.0897
  26.5336
  27.5614
  6.65333
   9.3508
  4.67595
  5.34539
  49.5949
  22.4959
  9.59748
  58.0763
  5.10426
  4.96708
  27.3262
  28.2336
  29.9069
  3.89028
 0.900106
  10.1653
  21.8376
  29.0833
  5.40377
  23.4131
  26.6279
  14.9573
  3.07467
  5.29371
   19.737
  5.20802
  7.22933
   5.3655
  10.4361
  13.4085
  39.9305
  9.22311
  3.66295
  4.81972
  30.6911
 0.440658
  1.55474
  11.6519
 0.515755
  31.0148
  3.09158
  4.15651
  19.8458
  2.27895
 0.566185
  21.1197
  3.65797
  3.62109
  2.86283
  4.02246
  4.10082
  6.56213
  3.19609
  6.53961
   50.985
  2.02043
  6.90771
  7.02931
  29.4811
   25.901
  24.2767
  2.08997
  2.04178
  2.44556
  6.28551
  13.9658
  17.2632
  33.6027
  22.7667
  30.4031
  27.4165
  33.3456
  8.02908
  1.25822
  23.7112
  29.4663
  1.79517
  14.1651
  5.45065
   7.4461
  8.00474
  8.00759
  8.05908
  5.39055
  25.0211
  0.51662
  2.29678
  4.19517
  17.8261
  0.90565
  2.23906
  30.9696
  30.7137
  7.43704
  22.4919
  22.0576
  7.91513
  2.93252
  6.66364
  11.5366
  5.85603
  5.50639
   1.1709
   2.7561
  29.9545
  30.9669
  2.84434
  0.40324
  4.92707
  23.1793
  6.60493
  16.0284
  4.79843
  2.09539
  0.90565
  2.59431
  12.8073
  7.36187
  7.93592
   13.676
  12.2101
  21.3472
  4.64203
   7.7792
   4.5592
  4.22712
  2.99668
  1.89526
  2.73204
  3.49997
  20.1053
  30.0514
  4.86532
  5.18546
  2.27165
  54.8143
  7.43449
  4.44789
  13.8764
  16.4424
 0.922918
   20.648
  5.67371
  3.74812
  5.51694
  1.55941
  3.90968
  26.8175
  18.5621
 0.646696
  30.0775
  28.1061
  30.2984
  1.30766
  4.35002
 0.420276
  31.1299
  26.9535
  21.9258
  5.24807
   8.8586
  9.41821
  2.94807
  7.27861
  33.7419
  30.6078
  26.8187
  15.2024
  28.9112
  28.9614
  13.1412
  12.6912
  58.6419
  17.0072
  6.97441
  53.1827
  51.4163
  57.4181
 0.453333
  3.24193
  2.87285
  5.28277
  34.3055
  32.2616
  4.23788
 0.571157
  29.8305
  28.1244
  13.9225
  15.0065
  6.77874
  19.6041
  3.52837
  32.2753
  27.6431
  7.05582
  27.3149
  28.9288
  2.66118
  6.86393
  6.05181
  17.2457
  30.4481
  29.6488
  29.5675
  9.79423
  5.16337
  6.06765
  31.0443
  36.1706
  31.4994
  27.1063
  28.0465
  28.2058
   28.166
  6.27565
   7.2688
  14.5334
   2.9986
  18.6576
  20.4734
  28.1835
  34.0283
  26.6616
   2.0984
   4.7477
  11.2004
  33.9089
  31.8454
  1.01013
 0.445347
   4.3544
  4.85156
 0.458425
 0.724503
 0.418068
  6.27565
  4.06358
  5.26846
  19.3442
  32.6781
  32.3342
  14.7283
  23.5437
  33.8442
  31.7689
  7.61753
  7.61268
  5.88375
   6.0039
  5.38783
  31.5194
  20.7166
  1.68739
   2.2816
  30.2063
   38.167
  27.2437
  27.3359
  42.8105
  29.6465
   8.3948
  12.4531
 0.727134
  1.07165
  2.36901
  28.5856
  1.97711
  29.8865
  7.79178
 0.860093
  28.1269
  24.3846
  12.5086
  2.29244
  1.55309
  22.2212
   7.6965
  15.2118
  5.20114
  29.5209
  2.43457
  4.61589
  3.46754
  2.60355
  2.87895
 0.725643
 0.951008
  34.0741
  29.8694
  6.87507
  6.40339
  7.26293
 0.187928
  5.29396
  4.41439
 0.813487
  8.18142
  6.80673
  7.25044
 0.384316
  2.61857
  58.5623
   2.7719
  22.5948
  27.7118
   4.3194
  31.8532
  39.4234
  29.8665
  34.3469
  33.6161
  26.8862
  26.4794
 0.627535
  3.46415
 0.021194
  2.58378
    6.177
  5.82155
  3.59926
   33.601
  33.8197
  34.4304
  33.2404
  28.1346
  2.66531
  3.58385
  29.1728
  28.1339
  30.1961
  28.4138
  30.3734
  32.1366
  32.6781
  2.16489
 0.379108
 0.806312
 0.535747
  20.9043
  22.3617
  19.6485
  2.53611
  5.18682
  7.96125
  6.80732
  12.8447
  20.0893
  48.0471
  34.1007
  2.15315
  1.23454
  34.4463
  26.1984
  19.7665
  14.5764
  12.5785
  57.8816
  19.3279
  33.2313
  32.9872
  3.22091
  7.52271
  8.06941
  3.53923
  8.04626
  7.66339
  15.1813
  30.2632
  33.3635
  14.5284
  34.3083
  28.3123
  31.3386
  30.4628
  28.8228
  2.57625
  45.2562
   1.1773
  2.17957
  3.26394
  16.9537
  0.24169
  3.59864
  6.01857
  30.8335
  24.8414
  25.3537
  28.3258
  25.5443
  30.4039
  17.2482
  55.6408
  30.4112
  29.9911
  32.0016
  32.4189
  27.9424
  28.3992
  24.8974
  28.1925
  27.9141
  34.4004
  31.3677
  31.5873
   20.437
   19.642
  12.3345
  12.0625
  31.9199
  34.0133
  32.0673
  20.9752
   16.576
  12.9963
  12.9098
  12.8625
  29.1837
  28.2653
  26.9862
  26.2314
  19.4407
  33.6107
  31.1898
   22.225
 0.641451
  34.1044
  33.5355
  30.5934
   34.364
  36.1317
  6.95298
  21.5962
  3.95778
  31.4017
  25.4606
  24.9613
  26.8863
  26.8164
  26.1526
  1.39026
  1.61848
  2.68542
   2.0315
  20.3553
  1.64793
    2.731
  57.2068
  2.67113
  3.53054
  61.4345
  32.6197
  31.3181
  28.0135
  15.0559
  12.7876
  24.4692
  24.3848