  10.9158
  3.60011
  3.02137
  1.79259
  2.10024
  1.19786
  10.2093
  2.48243
  1.69701
  2.91565
  1.10215
 0.933601
0.0690779
  1.07228
  0.45932
  2.25663
   2.4606
  9.69587
  3.26102
  0.99237
   12.939
  12.6838
  13.2019
  9.79982
  14.6524
  14.0566
 0.436759
  12.9133
  9.40504
  13.8578
  15.5109
  11.8156
  11.7752
  9.13298
  9.90059
  9.98558
  7.86823
   9.4476
  8.71331
  2.88974
  8.97422
  6.31352
  1.66577
    11.46
  11.1893
  13.2613
  14.8831
  4.98781
  2.60162
  3.31317
 0.339221
0.0400604
  5.74456
  4.61465
  3.12238
  4.12881
  3.14315
  2.91761
  4.87264
  7.54398
  4.87672
 0.724967
  2.08166
  1.82885
  3.22267
  1.47901
  3.28762
  1.36733
  2.88894
  2.34295
  1.10055
  1.33426
   1.3974
  1.05925
  2.31073
  9.16887
   2.7665
  1.85127
  1.06851
  3.66675
  2.15192
  1.37556
 0.988268
  3.84397
  4.47383
  1.68456
  9.78721
  9.49814
  1.61476
  6.02401
  10.1665
  1.96128
  4.51941
  11.6185
  6.50406
 0.716587
 0.201388
   0.1517
  3.86928
  1.32452
  5.35318
  9.81374
  10.6348
  7.00671
  4.61506
  4.72331
  7.36147
  13.9485
  12.2332
  11.6041
  2.97796
   7.6235
  6.49669
  5.51116
  17.6383
  16.5594
  12.2506
  14.4354
  4.43306
  7.16012
 0.237708
  3.28468
  12.9835
  11.1599
  10.8681
  3.38317
  1.53109
   18.782
  7.76927
  1.86337
 0.291349
  2.88754
  1.76387
  1.98436
  4.94365
  16.7943
  4.03409
  1.72827
  3.06476
  5.71237
  2.56377
  3.31215
  12.4481
  5.97096
  3.78683
  6.92555
  2.05491
   5.0168
  5.74602
  3.80841
  3.21916
 0.878992
  1.18256
 0.138315
  3.73629
 0.781455
  6.23153
  9.55428
  3.74619
 0.866038
  1.21615
  12.7009
  11.9253
  13.4559
  6.15702
  13.2019
 0.896135
  7.16923
  11.5161
  2.73583
   3.3883
  1.48143
  1.55013
 0.653928
  5.64922
  4.88801
  4.87672
  10.6444
 0.936495
  1.91768
  1.86959
  1.70032
  7.41449
 0.482475
 0.799485
  5.64604
  1.86751
   4.7979
 0.123866
  3.47387
  1.90145
  1.80736
  5.25931
  1.11527
  1.86751
  4.78511
  11.3786
  12.1233
  2.78023
  1.10342
  1.38622
  2.41671
  5.10653
  6.40131
  14.3637
  14.5985
  14.2155
  14.7817
  13.4873
  14.6596
  6.82117
  11.2655
  2.53494
  2.78041
   20.287
  6.87438
   13.469
  14.0784
  7.27578
  5.32487
  10.6373
  1.83287
  5.19584
  14.3304
  6.02283
  7.51877
  22.6404
  5.93738
  3.00142
   3.6126
  1.11775
  12.2026
  10.4326
  11.7569
  2.69359
  5.43879
  11.1497
  19.9244
  21.8872
  10.5867
  8.87923
  14.0684
 0.276565
  14.0806
  12.3395
  19.9371
  14.0538
  13.0383
  12.1735
  11.2715
  11.6639
  7.64917
  8.64043
  8.56578
  13.2907
  12.7731
  12.0056
   5.6132
  9.39754
  10.7396
  10.2457
  4.85173
  10.1692
  11.0174
  6.00253
  10.1668
  4.28822
  9.22734
  6.29695
  6.33824
  9.90111
  9.46141
  13.8909
  12.6238
  9.21717
  11.7002
  10.6902
 0.440816
  1.35211
 0.314001
  1.29019
  12.8817
  3.36979
  12.2361
  14.6891
  8.81788
  8.75868
 0.450165
  6.06755
  10.9943
  10.0472
  11.3208
  13.5118
  9.20171
  13.7635
 0.583736
  3.81479
  12.2278
  10.5012
  8.40038
  10.2418
  9.77529
  9.30254
  7.37989
  6.61082
  5.50964
  10.3468
  15.3349
  12.0497
  9.83944
  12.1656
    6.486
  6.84951
  4.70401
  13.2963
  12.5827
  1.86105
   19.791
  9.20551
 0.693484
  10.2094
  14.1371
  9.90394
  8.11659
  7.99277
  5.40079
  9.13616
  1.55398
   7.8819
  10.2558
  11.3532
  1.72555
  12.1505
  4.79027
  9.68235
  9.33903
  10.4804
  7.94899
  13.9939
  21.2137
  22.2923