   8.19937
   10.2618
    2.2581
  0.609958
   1.07353
   23.3339
   28.1601
   19.3057
   8.04263
   4.82493
   1.33555
    12.839
   1.68759
   6.97411
   11.9699
   13.7218
   3.37487
   11.5279
   3.39887
   7.07797
    5.3317
   10.5656
   9.94608
   13.8022
   38.0738
   45.0783
   17.3049
   8.05759
   1.05214
   13.8662
   1.31956
   14.7293
   9.04934
   4.02835
   16.8631
   21.8477
   3.10105
    1.6552
  0.164537
   11.3049
   6.40171
   10.9584
   10.4981
   10.2672
   1.29765
    14.017
   11.1639
   26.3366
   31.4406
   2.83025
   19.4641
   15.8696
   17.5378
   29.7929
   32.5427
   9.13746
   4.83644
   23.9784
   11.9888
   7.88891
   4.36101
   1.43538
   1.01107
   9.83121
   11.2314
   12.6141
   1.51478
   9.88921
   10.4128
   1.02621
    21.614
   3.45388
   2.71372
   7.40242
   1.52816
   7.60203
    3.0835
   27.3618
    23.539
   10.0459
   1.36626
   8.27052
  0.344108
   6.52877
   6.84241
   10.9261
   4.63665
   9.33135
   1.44447
   3.70246
   4.13544
    3.8494
   12.1328
   5.60296
   1.33855
   9.48472
   6.49061
   10.0672
   33.8441
     27.25
    34.377
   8.82196
   4.80886
   9.17508
   6.05412
   4.03687
   18.2592
   24.5278
   3.31822
   15.9273
  0.245563
    10.141
   20.2449
   9.18472
   13.3103
   7.75563
   1.91929
   10.9161
  0.457422
  0.200285
   5.08723
   9.92603
  0.767806
   10.5741
   6.57353
    6.4291
   5.01161
  0.999631
   14.3102
    14.543
   10.4181
    2.2638
   2.38463
   43.3189
   14.0324
   6.82045
   41.7804
  0.394014
   14.2622
   5.67778
   6.65988
   3.15084
   32.2434
   18.0706
    4.9176
   11.7796
   2.17646
    1.9507
   1.23813
   1.46711
  0.893576
   5.03365
   11.2451
   1.30816
     23.53
   5.49644
   33.5891
   29.6292
   28.8024
   14.3058
   34.7816
   5.13921
   6.79925
   5.22021
      19.3
   18.1569
   22.2643
   2.93729
   5.36174
   8.92811
   11.8487
   1.39873
   9.30271
   10.2716
   9.85018
   7.10646
   21.0362
    16.479
   20.0118
   15.4064
   23.4717
    1.5239
  0.270465
  0.350118
    11.404
   8.24969
   2.42828
   13.0807
   7.36968
   2.98398
   11.6196
   15.4423
   8.36618
   1.75124
   1.49612
  0.775632
   8.90134
   10.8473
   1.94083
   8.44813
   11.6916
   37.9266
   34.2654
   47.4859
   11.6371
   5.91381
   12.8518
   9.75402
   1.93835
   11.3942
   37.6386
   4.40566
   8.07356
   17.8568
    1.4458
   14.2762
   12.3672
   8.03201
   2.07455
   10.1394
    14.772
   11.5058
   2.33248
   6.18977
   12.5772
   1.29689
  0.876352
   1.67821
   2.63423
   3.48843
   7.48957
   11.5653
   2.02729
   17.7114
   18.7693
   2.90653
   4.78579
   12.4977
   1.34166
  0.500427
   4.78928
   10.4943
  0.883364
   17.1778
   10.5531
  0.126985
   10.4149
   1.55194
    1.3666
   3.65866
    34.309
   29.7077
   25.2993
   19.9257
   33.9588
   5.07979
   4.70749
   10.4499
   6.77808
   1.78509
   10.4332
   2.96997
   12.1468
   2.29556
   3.36873
   26.6364
   1.73393
   7.53223
   8.47066
   1.33333
   5.43415
   2.62973
   9.04133
   9.94842
   32.3681
   47.6007
   4.15245
   4.88614
   11.2332
   9.01014
   7.96497
    2.3472
   2.73627
   35.5162
   3.30514
    1.0494
   4.94301
   26.4078
  0.285029
   18.9568
   19.8853
   11.9235
   15.9756
   30.8549
   29.3236
   4.35513
   2.16022
   4.45001
   16.9553
   8.70935
   1.54132
   10.9864
    3.7592
   24.8257
    27.599
    1.4379
   5.92944
   11.2086
   5.54079
   8.41856
    6.5552
   5.74723
  0.499655
   6.56705
  0.227586
   25.5545
   1.27072
   2.30621
   7.71491
   10.8172
     2.044
   2.38119
   1.79308
   11.1842
   5.93901
   11.9353
   2.15879
   7.77809
    35.535
   10.7027
   8.62634
   11.6186
   6.39458
   11.3568
   0.86182
    18.077
   41.8474
   1.61622
   22.3361
   8.76755
   10.4334
   4.41435
   1.82133
   8.65724
    1.3899
    10.934
    20.544
   18.8233
   23.1435
   30.5888
   12.6249
   3.23466
   1.03479
   24.2469
   3.45022
   6.06129
   1.33227
    11.261
    10.492
   14.6411
   11.2814
   30.2054
    11.641
   14.3607
   15.4167
   8.48549
   37.6149
   3.31039
   4.88608
   6.65294
   30.4412
   1.83031
   20.1469
   1.59049
   27.0975
   26.7905
   11.5899
   7.08769
   19.7172
  0.375088
   1.77122
   1.74516
   6.47224
   2.34242
   16.5407
   12.0544
   8.71741
   7.67092
   23.0037
   23.5983
   20.0491
    25.278
   26.1425
  0.832087
   9.39193
   23.1829
  0.108256
  0.222463
   1.36321
   15.3394
   8.55791
   4.18016
   10.9299
   1.93122
   6.73768
    16.249
   17.5129
   19.7058
   1.88255
   23.4294
   31.1953
   13.8888
   5.67498
   7.19468
   15.8887
   9.15778
   25.3538
 0.0961235
   7.29637
   5.27877
   1.05561
   23.7737
   22.5804
    6.4055
   6.80083
   6.11125
    4.9997
   6.01337
   1.02072
   4.81571
   31.7934
   23.2158
   20.1539
   7.97316
   13.5292
   8.91645
   6.76578
   1.47293
    34.375
    8.1967
   28.3912
   11.3515
   22.4758
   17.5497
   1.10403
    7.2002
   1.76281
   10.7905
   8.76043
   13.0006
   7.54729
   8.69194
   12.3439
   6.00311
   12.1149
   29.9251
   2.34162
   11.2731
   26.1311
      8.93
   10.1866
   12.2739
   8.21251
   2.44874
   30.9533
   32.9106
   3.18891
    22.081
   6.24496
  0.561007
   2.31382
  0.282325
   10.6256
   37.5187
   18.5909
   21.1083
   3.80044
   28.4525
   8.78267
   26.0744
   14.2901
  0.149578
   11.9547
   23.7836
   2.35922
   8.53366
   4.39303
   22.4975
   21.8386
   8.93845
   8.65914
   2.33742
   1.61349
   9.21518
   33.1384
   20.5648
   6.88667
   3.38985
   2.29544
   6.26839
   2.12873
   15.2829
   11.1237
    9.6727
  0.430987
   6.87323
   2.62877
   1.96417
   47.5109
   19.7132
  0.318953
   3.36496
   5.85817
   36.3074
   8.15003
   18.8971
   23.7358
   0.24047
   2.05499
   3.57124
   2.49534
   18.4728
   1.97321
   1.20669
   17.2873
   26.0149
  0.559259
   10.9083
   10.0208
   10.7644
   1.76046
   11.6146
   21.5169
   29.4773
   8.82074
   10.5826
   33.2004
   8.56764
   35.7157
   4.03352
   29.9348
   6.05763
   6.01865
   17.6348
   17.1275
   45.4247
    30.938
    6.0727
   11.2042
   10.4392
   4.34921
   8.84102
   18.5448
   2.83511
   24.8746
   19.9523
   3.20069
   5.07261
   3.27321
   14.6015
   6.09061
   9.23736
   15.9917
   4.05016
   10.6699
   14.9809
   9.21067
   37.3348
   7.70851
   10.8777
   22.3928
   1.05545
   15.3268
   22.4194
   16.1828
   4.42409
    17.462
   10.9335
   25.9941
   20.1188
   7.08997
   2.41914
   30.8909
   39.0717
   21.2541
   7.78408
   39.0249
   41.3736
   3.80362
   11.6302
   4.83019
   37.3205
   9.01435
   37.5828
   48.8352
   6.42394
   38.4394
   22.2921
    5.1643
   8.32458
   4.66443
  0.150696
   42.2519
   12.9882
   6.93723
   6.62452
   8.07992
   8.54016
   3.14117
    9.6372
   15.1207
   13.2299
   14.6814
   12.3164
   58.5099
   17.2606
   15.0068
   9.64829
   21.6891
   2.18397
   6.65349
   18.3581
   6.10573
   5.54576
   10.6168
    30.691
   13.2051
   10.4481
   11.0817
   18.0075
   5.88729
   3.72283
   9.98121
   22.3279
   11.0614
   22.8177
   39.4278
   22.5788
   3.38823
   8.46792
   6.50785
   15.9409
   5.71077
   22.3636
   0.26536
   2.24288
    13.221
   14.5145
   1.32569
0.00884682
   6.59871
   13.5788
  0.255776
   32.2026
   14.6304
  0.476655
   16.1684
  0.306883
 0.0370978
  0.315586
   7.16744
   35.4447
   25.0138
  0.553789
   1.15495
   4.72799
   23.7573
   12.0856
   32.8328
   33.3879
   42.3867
   36.0962
   17.2838
   4.68322
   7.06324
   34.1551
   11.5919
   15.2269
   27.8251
   7.53794
   6.30047
   10.8926
    12.249
   12.9404
   3.25106
    0.1946
   14.6887
   9.18223
  0.260927
   11.4001
   14.9862
   13.7417
   28.5708
   40.0282
    28.601
   23.7078
    15.537
   16.4162
   12.0724
    23.735
   1.74513
   9.47237
   20.2628
   23.9246
   35.2737
   26.8112
   2.24238
   5.12362
   7.46918
   18.8093
   10.0942
   7.05921
  0.788051
     40.29
   42.9403
   9.86004
   8.51653
   1.42792
    7.1794
   13.4235
   6.20105
   2.98202
   31.0716
   2.57315
   20.8111
   19.5918
   11.0649
   6.29617
   13.1738
   22.7757
   20.6738
    58.972
   18.6282
   20.2073
   19.0965
   43.1167
   5.13591
   6.85905
    34.777
   32.7297
   2.96298
   27.3589
   27.7283
   3.06892
   2.62835
   23.6389
   6.49918
   25.0294
  0.188219
   2.02743
   4.06195
   18.4948
  0.378081
   39.7575
   28.4844
   27.7016
   5.40646
   34.3667
   13.1884
   3.02466
   10.0507
   18.7993
   0.44539
    48.844
   6.37162
   2.45222
   35.2107
   35.8548
   39.9856
   21.2308
   40.0856
   37.1757
   19.6213
   21.6104
   42.4247
   34.7583
  0.402159
   22.3778
   39.3576
   35.2182
   42.8383
   32.3032
   1.72012
   2.19747
   8.98433
   38.1802
  0.643483
   27.8458
   1.16446
   7.67036
   10.8842
   4.57796
   44.1765
   10.6764
   27.4402
   31.5977
   6.18727
    4.5579
   4.82512
   27.6909
   26.3276
   41.6062
   17.4493
   29.3876
  0.265568
   43.6816
    42.234
   9.38315
  0.375956
   43.9841
     11.99
   5.46185
    3.9208
   14.2752
   45.3085
   1.33332
    46.492
   27.1888
   34.4466
   26.9176
   14.9139
   42.7677
   1.64567
   1.50867
   9.15626
   9.67625
   2.44765
   35.9718
   12.7281
   12.6553
   2.78832
   1.49919
   9.89233
    3.5076
   49.4559
   26.8162
   46.1518
   5.83994
   22.3178
   14.8543
   2.45811
   35.3111
   3.62004
    7.3621
   12.5112
   13.7939
   29.7004
   46.0347
    21.153
   31.1274
   7.99262
   4.37151
   6.51723
   8.93598
    6.2853
   1.71578
   29.2392
   30.7753
   25.1928
     47.35
   7.70407
   2.38215
   32.0913
   35.8146
   12.1442
  0.256585
  0.252163
   6.39519
    3.2561
   55.7212
    4.3588
   30.7737
   29.2893
   29.3931
   39.0935
   29.8298
   5.95527
   9.34496
   8.80132
    2.0639
   32.5397
   11.7891
   22.5658
     21.79
   10.1547
   3.46008
   20.2538
   22.6101
   19.9538
    34.174
   26.6286
   16.8312
   23.8988
   32.2692
  0.401665
   2.16536
   26.3088
   18.4951
   11.9632
   22.7618
   17.9133
   11.5147
   48.6002
   13.4357
   8.83146
    18.154
   2.97272
   4.52006
   1.49657
   22.8587
   7.67533
   27.3804
   14.5091
   15.4985
   22.5128
   6.15206
   21.3863
   9.64297
   1.65665
  0.685359
   8.48369
   0.90737
   10.2632
   21.2091
   19.2887
   28.3143
   10.6003
   3.73078
 0.0671987
   8.97952
   23.6679
    12.017
 0.0221087
   1.08937
   8.17097
   30.4034
   25.3581
 0.0408796
   9.25618
   6.97313
   1.51154
   10.0368
   22.4234
   4.30576
    2.4665
   1.61578
    32.604
   56.3137
   20.9358
   14.9205
    7.9177
   7.81896
   8.53337
   3.25042
   31.0496
   9.91181
   10.0877
   6.75088
   6.18832
    7.3884
  0.879285
   10.0219
   20.1061
   31.0514
   3.79081
  0.724059
  0.179776
   34.7255
   10.8426
   16.9534
   22.1284
   8.49656
   9.38424
  0.342923
  0.375208
   34.3321
   4.37369
   32.9785
    10.663
   3.73545
    17.584
   24.8477
   24.0205
   33.6582
    16.869
    23.437
   29.3125
   17.7941
   4.77543
    1.1351
   1.16493
   23.8234
   1.00466
   10.0946
   6.46737
   25.4917
   33.2107
   2.15119
  0.283908
   3.34945
   33.2415
   5.53031
   13.4743
   5.93593
   8.79197
   13.4328
  0.161017
    20.167
   2.59626
  0.263012
   25.1343
   11.6658
   17.8673
   20.5713
   27.3899
   29.0535
   14.4737
   13.0453
   32.2942
   40.3838
   22.9357
   34.8275
   16.4913
   27.8367
   25.4966
   8.47714
   7.46315
   12.4236
   26.6833
   17.3276
   1.47165
   1.12353
   23.5404
    32.796
   26.6653
   8.25456
   24.6532
   14.2784
   11.2579
   24.3429
   8.44075
    22.008
   2.78103
   8.31076
   2.42242
   1.99825
   5.29874
    9.1758
   6.08977
    33.943
   26.1045
   32.0347
   20.7539
   18.3065
   4.20142
   18.8524
   26.5735
   22.0114
   18.7666
    7.9958
   11.3459
   8.88966
   9.79517
   3.28613
   16.9913
   48.9914
   4.08778
    27.827
   2.84222
   1.37095
   13.8163
   4.92636
   10.4718
   4.32899
     29.43
   23.5725
   5.73836
  0.917381
   6.23845
    13.298
   5.83564
   1.43806
   4.94806
   6.36135
   3.44155
   44.1496
   1.08413
   2.47289
    20.833
   43.5311
 0.0242279
 0.0739787
   3.39727
   18.3393
   34.1073