  10.7897
  2.58758
  7.39658
  3.60596
  11.6469
  6.00075
  10.7845
  17.5295
  4.79721
  5.44283
  5.22508
  5.56955
  23.6455
  42.3805
  22.1176
   31.002
  30.1659
  5.99339
 0.414105
  4.51228
  4.43897
  35.6486
  32.3452
  16.9056
 0.608713
  4.85679
  9.58832
  3.91916
  32.4525
  26.7119
  1.02699
  1.52739
  1.47178
  1.86387
  11.8658
  8.02221
  9.71406
  9.28003
   0.4858
0.0259817
   5.6195
  31.5343
  4.44593
 0.580196
  7.79207
 0.718179
  1.00658
  3.41199
 0.999894
  8.53963
  28.8156
  21.4936
  32.7684
  8.37478
  15.3798
  17.0445
  16.5624
  18.5776
  2.69088
  31.7613
  5.74956
  5.28196
  6.87376
  2.02486
  4.95294
  10.6397
  6.09233
 0.530005
  8.12635
  4.19199
  8.65829
  11.6845
  7.88506
  33.8726
  27.9275
  4.42498
  16.7775
  3.62682
  1.01826
  6.72045
  7.21709
   24.579
  25.2933
   3.9154
  6.28034
  9.79373
  1.18659
  7.77729
  1.29151
  3.61281
  7.96694
  1.03937
  4.95772
0.0047306
  4.14139
 0.599554
  11.7799
  4.47554
  7.95793
  6.67431
  4.94629
  1.29949
  3.35101
  5.95114
 0.733159
   8.7785
  14.1323
  31.9642
  21.5352
  51.6918
  5.84347
  7.81944
   11.494
  19.6908
  19.9379
  4.47515
  8.50218
  2.29417
  22.2179
  8.77301
  19.4717
  4.82516
   4.8869
  3.21478
  7.86044
  1.14113
  3.49467
  7.10574
  1.08972
  3.92607
  7.84929
  7.88538
  9.39161
 0.272349
  11.1886
  6.21832
   11.496
  3.30121
  5.30789
  21.7566
 0.540351
  5.64413
  27.5403
  9.20529
  7.94481
 0.551604
  10.0529
  18.1344
  24.7744
  10.2237
  2.00602
  10.7742
  1.03019
  29.7664
   1.1253
  3.80975
  5.10401
  24.8502
  9.18501
  24.0049
  26.2283
  19.8789
   1.8234
  4.68254
  10.3383
  6.50046
  11.5743
  7.62615
  9.30546
  6.27933
  7.87006
  8.32108
  3.01039
  31.3824
  20.9408
  5.39545
  2.70951
  20.1646
  19.1221
  5.71319
  25.5651
   10.344
 0.103122
  23.0135
  13.1568
  1.72233
  8.71612
   3.0739
  14.8394
  2.60438
  30.0017
   15.911
  24.5163
   17.346
  1.75752
 0.417111
  26.5621
  29.5763
 0.204452
 0.775565
  8.21898
  20.8784
  7.83391
  26.9991
  30.5942
   17.146
  2.34682
  2.11677
  22.2493
  14.6283
  14.2623
   16.078
  14.5702
   11.924
  38.7296
  25.2451
  17.9162
  28.9735
  2.59899
  25.6467
  19.4749
  17.7167
  12.5287
   5.4619
  171.226
  33.8521
  13.1111
  24.5978
  12.4201
  21.6133
  17.5628
  8.40908
   178.33
  27.8051
  29.3106
  3.66751
  160.652
  19.3475
  16.0973
  1.04467
   5.8352
  26.9582
  16.8449
  1.06553
  28.8325
  16.8049
  2.18706
  23.4831
  29.1755
  26.5386
  29.4808
  5.24443
  17.0123
  7.21928
  3.05876
  15.3954
  20.9216
   20.956
  22.9167
   9.8086
  1.63211
  1.91355
  6.50907
  8.55547
  10.1712
  2.66079
  10.0166
  5.72257
   10.385
  10.3653
  25.6493
  3.67636
  5.32066
  6.97871
  24.5481
  8.31773
  14.6057
  8.79074
  20.7943
  173.768
  171.467
  15.5702
  7.51443
   32.598
   12.591
  5.74592
  4.50639
  23.2654
  6.10246
  25.7865
  24.0053
  33.5932
   8.9615
  27.0502
 0.336638
  3.80069
  38.7317
  4.15152
  18.0904
  16.0047
  23.8134
  12.0672
  27.6769
  16.8313
  11.3673
  23.0235
   17.994
  2.15347
   25.275
  33.7319
  23.3865
  18.9731
  17.1186
  21.6577
  31.5879
  5.10196
  12.1367
  3.37601
  22.0308
  6.30982
  162.894
  12.0312
  9.38968
  8.44861
  16.0538
  3.30736
  10.6011
   32.952
  26.6319
  5.66816
  21.3282
  23.4117
  29.1702
   9.8696
  31.3343
  3.88528
   11.489
  31.5611
  10.5517
  8.73575
   30.632
  9.86221
  9.62645
  6.68603
  1.31586
  13.8144
  27.7166
  11.2434
  6.32793
  30.4099
  27.6476
  32.6572
  3.38687
  35.5097
  4.93333
  9.69645
   10.433
0.0547537
  8.15329
  17.8102
  15.5009
  10.9161
  5.22294
  25.8412
  24.7125
  27.5124
  18.5233
    21.64
  5.55767
  16.0185
  12.1293
  21.3686
  25.7288
  31.1144
  24.5297
  8.09199
  4.86583
  30.4801
   9.1902
  15.0801
 0.962525
  25.6935
  10.9787
  31.1568
    11.41
  20.5884
  1.30898
  30.3072
  24.2687
  14.4846
  3.37254
  5.30335
  5.64864
  16.5579
  26.2055
  21.7941
  5.97713
  20.8999
  17.7203
   25.789
   30.364
   32.771
  11.0886
  7.72445
  31.4974
  31.3656
 0.906639
  65.1751
  8.71734
  3.34262
   20.725
  6.92398
 0.368015
  11.6795
  5.89669
  30.1107
   9.5119
  8.55296
   9.0969
  21.1509
  8.41199
  3.56899
  2.15047
  21.1102
  9.12556
   4.7071
  6.70035
  8.62162
  16.2869
  13.0698
  171.282
  4.28235
  171.634
  26.3751
  18.1828
  10.7286
  10.9584
  18.0488
  17.8783
  28.3816
  5.60827
  7.42262
  9.64309
 0.304402
  7.49698
   30.135
  1.41706
  17.0146
  13.1244
  17.2254
  16.5624
  4.24105
  32.6274
  22.0739
  29.7563
  10.2144
   26.383
  9.88713
  22.8762
  7.33805
  8.52831
  5.61465
  17.5128
  22.1859
  30.4833
  24.8208
  21.0885
  28.7651
  22.4087
  4.21141
   4.6559
  13.4731
  2.07451
  7.30667
  24.7451
 0.797855
  8.35666
    22.58
  171.455
  169.618
  13.6872
   8.0483
  4.02821
  9.84264
   16.005
  31.0598
  12.8845
  5.67011
  29.7299
  21.3359
   29.464
  20.3916
  29.8185
  14.9312
  21.1102
  28.1722
  42.1647
0.0455369
  6.77149
  1.74883
  19.3561
 0.106134
  30.9322
  8.27955
  19.7843
 0.772433
  1.92178
  25.5204
  23.4664
   4.7112
  28.7907
  18.6496
  4.30896
  10.2589
  30.6809
  2.35764
  25.2536
  13.3186
  2.06457
  4.94729
  23.3157
  11.2419
  3.14176
  17.1186
  8.81413
  24.7235
  11.3428
  18.7439
  23.0782
  18.4167
  10.8349
  2.16114
  2.68387
  5.97078
  66.5492
  28.6769
  61.3706
   29.944
  37.0687
  4.14137
  6.65616
  10.8662
  22.8965
  33.3912
  3.48609
   10.708
  3.87606
  30.4383
  31.1822
  15.6441
  30.4782
  3.32589
  26.7074
  11.1064
  5.85414
  6.82942
  9.63213
  4.88101
  9.22307
  5.59949
  8.32764
  4.88015
  37.3803
  12.6186
  3.10823
   4.9018
 0.230977
   1.1451
   19.226
  4.69385
  1.37603
  2.57454
  22.5787
  26.8899
  22.2418
  3.52016
  5.05709
  6.99899
  33.4738
  27.4934
  3.32513
  25.4257
  3.28425
  29.3975
  9.84548
  12.3707
  11.3661
  169.962
  46.9176
  28.9737
  26.0376
  21.0641
  15.4205
   27.941
  45.0937
   49.725
  49.8822
  4.76309
  29.1025
   34.863
  5.13833
  2.69688
  9.78688
  7.46907
  7.89717
  33.3064
   10.837
  0.99508
   23.523
  25.5469
  35.0953
  27.5666
  2.69068
  8.56187
  4.51998
  4.03553
  6.34207
   4.0909
  11.6596
  13.4421
   23.978
   19.025
  64.9417
   72.509
  63.8945
  4.28379
  18.5341
  18.8464
  16.4257
  19.8874
  12.0408
  13.9625
  6.16647
  26.3612
  2.84888
  47.2724
  37.6438
  11.3844
  4.83519
  4.94994
  5.22984
 0.993785
   17.891
  12.7233
   43.857
  19.0973
   20.305
  4.15644
  23.2741
  4.69379
  45.3683
  19.7965
  19.6473
   21.034
  23.0013
  27.3668
  4.81026
  5.83955
  9.87067
  9.95751
   15.181
  38.2353
  8.89121
   31.736
   17.576
  165.233
  12.5183
  21.7384
  21.2933
  14.4178
  4.11467
  23.5055
  84.3947
  79.9561
  32.1809
  7.75012
  38.6397
  32.5312
  6.26703
  20.9535
  59.3255
  70.5485
  27.3009
  24.2494
  30.4811
  13.9432
  14.0823
   35.063
  22.3954
  10.5092
  26.5158
  21.6369
  22.3438
  2.99796
  24.4399
  32.5312
  84.3396
  18.4622
  30.1241
  76.7282
  30.6466
   7.5754
  1.59494
  11.4446
  22.2366
  30.8481
  17.5574
  11.2458
  31.0602
    30.88
  10.0622
  13.8462
  3.59579
  5.18019
0.0228967
  1.58867
 0.267061
  8.50077
  41.9172
  1.24519
 0.649645
  33.9954
  17.7097
  10.5584
  12.8501
  10.2286
  3.84558
  7.88443
  9.83666
  22.9007
  13.2934
  49.5579
  32.7589
  6.72357
  1.88626
  9.53152
  2.77605
  8.56304
  2.59166
  12.6875
  28.4038
  20.5769
  2.20156
  11.1727
  28.1392
  5.90825
  10.9757
  45.1624
  64.7288
  58.4673
  19.8054
  5.11608
  35.9505
  36.8905
  18.0282
  24.8594
  17.9642
  30.4903
  37.0171
  42.3986
  41.6419
  29.1322
  41.9612
  17.0178
  32.0263
  12.4522
  64.7888
  1.51242
  63.8289
  17.5332
  49.8581
  26.8953
  1.69878
  31.3811
  19.1205
 0.712681
  30.0813
  66.9659
 0.375216
  25.1562
  64.9319
  67.3318
  72.0031
  72.3247
  16.8495
  1.23147
  59.8733
  18.3184
  3.89598
  12.1226
    4.255
  4.26926
  61.1485
  14.7477
  30.4434
  26.1086
  9.13455
  63.9572
  42.4572
  16.6861
  28.3455
  4.04957
  24.7099
  4.22787
  16.6136
  7.43578
  65.4805
  45.6438
  42.7063
  11.5502
  7.81317
  2.33277
  56.7144
  63.0312
  29.6744
  25.1989
   2.2024
   2.3771
  48.1936
  71.1041
  28.3045
  27.0517
  46.3978
  6.09159
  58.6284
  4.21705
  9.31912
  61.1668
  66.2632
  25.3774
  81.6896
  39.4004
   42.258
  2.69858
  34.1616
  64.7444
  30.7336
  10.6385
  31.0747
  74.0449
  29.7866
   5.9261
  59.9935
   9.6332
  60.4726
  60.5404
  37.3671
  32.6936
  67.9048
   58.631
  73.7327
  4.76169
  7.16307
  2.85847
  1.25332
  169.594
  66.5293
  203.449
  78.8207
  60.9376
  204.513
  68.5286
  6.43647
  2.89155
    33.81
  7.37528
  84.8806
  84.1962
  32.9873
  36.8104
  35.4822
  38.7428
   31.646
   3.4121
  30.0666
  73.2682
  10.4346
  2.89769
  1.36815
  1.55257
  5.65848
  11.5556
  1.55527
  10.7378
  4.42358
  18.7339
  74.9052
  10.3377
  61.4306
  15.5637
  57.0252
  69.7932
  58.3786
   6.4052
  7.19703
  5.83249
 0.686332
  53.7255
   40.579
  59.2408
  77.2732
  178.804
  23.1784
  47.2174
  1.70643
  16.4912
  38.2948
  1.16541
   28.097
  17.6653
   85.195
  178.014
  73.4189
  74.5858
  6.18519
  67.4711
  3.03239
  12.1782
  26.3561
  27.8066
  87.9102
  8.29918
  83.3917
   18.702
  35.0192
   19.478
    10.45
  17.1944
  77.8944
  56.3502
  29.2837
   45.814
  28.0015
  31.6128
  44.2449
  2.52296
  80.5932
  6.47497
   3.1959
  4.72015
 0.231871
  25.3972
    29.31
  93.9398
  79.7771
  22.0577
  6.89117
  77.1898
  15.8855
  42.2772
  6.51718
  11.5937
  9.24915
0.0355695
   8.3817
   2.3956
  22.1278
  165.017
  6.45031
  28.3459
  170.076
  13.3425
  25.2726
   44.388
  15.4142
  14.2557
  35.8622
  207.006
 0.231871
  5.54086
  64.6739
  6.27013
  4.61546
  70.8922
  6.26273
  24.9626
 0.570993
  19.4813
  23.6901
  30.6521
  32.7166
   13.217
  3.13082
  16.3508
  181.495
  94.3093
  39.2564
  52.7308
  8.48306
 0.102564
  48.0503
  19.4227
  6.04513
  9.68625
  7.72328
   2.2528
  27.2062
  20.4619
  9.20124
  8.05001
  3.31406
  6.60959
   170.82
  6.46524
   10.574
  26.7533
  21.2295
  29.4439
  12.4746
  12.0638
   169.81