53.7641
26.5913
26.1128
26.3698
30.2816
51.7667
34.8085
35.1095
35.0644
64.2521
 34.872
 33.941
34.3103
34.5419
32.4558
33.1415
34.3904
33.4837
34.3282
33.4409
58.8121
51.7594
 66.839
43.4813
41.7387
31.6739
28.9999
26.5112
27.2138
43.1577
40.9177
34.6555
30.7963
25.4122
27.7757
 27.865
28.9515
 25.564
40.6049
52.3577
54.0844
47.7748
47.7016
64.2875
60.3186
57.8645
20.7762
37.7729
40.0469
20.2572
27.6169
30.1448
40.6876
53.6266
52.4067
52.1644
52.7804
58.7861
38.3803
23.1733
31.9183
 30.778
30.4065
 31.036
33.0299
33.7545
33.0585
34.2595
32.4559
 31.176
34.0125
54.0946
57.5127
34.3949
34.5784
35.4849
36.6538
36.4015
34.9825
34.7284
  39.36
37.4962
39.2585
37.4841
33.2459
32.3689
31.9969
32.2146
61.2195
43.4814
44.0842
52.4623
56.8196
55.0891
52.7908
 40.404
40.4938
41.6116
40.5216
39.5835
39.2393
51.4529
 52.367
52.4923
66.8399
33.4989
29.9131
35.0047
32.4348
31.8439
33.9853
33.2771
33.8674
33.4053
30.8958
32.2028
 65.872
51.9975
59.0947
49.6605
44.4583
53.3981
26.6641
39.7748
39.2667
31.5594
59.3586
44.5562
66.4559
 41.437
47.9607
28.4233
62.0785
55.3626
28.5461
42.2484
21.5007
37.2496
 75.642
30.0779
41.9323
29.0413
37.7715
38.1294
41.3325
40.5233
55.0486
37.2238
36.0968
32.8388
32.8425
  32.81
33.9843
32.1261
30.5363
32.0565
   22.8
  21.79
37.0538
42.2743
44.0676
33.7316
25.6918
28.9531
 50.351
27.0516
59.1079
87.0976
85.6824
55.1065
49.2987
 34.831
47.0323
28.5301
32.0704
31.9618
30.9857
30.4841
31.2511
32.8201
32.3066
33.0624
32.9241
33.9086
34.5193
33.3261
31.1394
 31.082
31.3774
33.1484
31.6582
32.0277
41.7419
39.3612
56.2461
33.9283
38.3665
38.7998
39.2311
41.7313
50.9705
52.6653
40.1928
39.5334
50.9292
65.0161
44.6098
44.7871
43.6687
  61.04
30.1473
34.7047
35.0644
35.0917
33.5415
33.5592
34.8351
34.4575
38.9408
31.1893
34.7206
35.2349
33.7007
 33.009
33.5615
30.8714
86.0422
58.0583
 66.357
33.9374
65.7412
54.4106
53.6206
34.1437
41.9325
40.9761
37.4348
 31.839
43.3046
55.4376
16.0462
28.9812
44.8861
32.3118
27.0208
22.2137
41.2451
43.9358
46.3284
41.3226
41.0388
31.6306
9.97188
46.9493
37.9739
16.3279
28.0714
52.7238
38.8017
40.3988
30.8752
33.2221
48.6541
  58.76
52.4424
47.0732
30.7447
44.5892
34.5676
34.6553
23.0806
15.9259
 53.213
  24.18
17.7865
28.5587
55.8326
32.5872
31.0366
31.2483
33.5331
32.2914
33.9497
33.9192
 30.951
30.6497
34.1028
 55.689
  34.58
37.6742
39.0057
36.5902
46.1451
46.1722
 51.735
39.3179
39.5076
40.6166
41.8087
60.5018
 53.863
58.3308
58.0867
41.8143
52.4553
53.4903
32.5123
35.2549
35.0654
34.1557
34.1426
34.8346
 56.863
32.4014
33.1085
 33.664
34.0196
33.0244
30.8625
33.6851
33.7432
 29.657
35.5549
34.1605
35.4695
33.5629
32.3339
31.3298
33.9371
30.9885
30.0675
33.2953
56.8345
46.9966
52.4013
39.4256
29.0615
42.7379
38.0898
26.2386
57.7332
25.1814
31.7694
41.4842
52.1079
35.7484
 41.449
25.9116
44.0287
52.7234
59.4968
86.2368
 42.736
53.9677
37.3193
33.6154
31.8293
 46.956
 21.237
33.6863
32.8546
42.2302
39.5205
39.1788
56.1369
32.8072
32.8978
33.8633
32.8916
37.8803
35.3763
34.0447
56.8506
57.5379
30.9164
34.6125
33.6539
32.9203
31.2469
32.6414
 31.466
33.2976
56.4857
63.5613
55.9245
56.2475
30.7103
 43.971
45.3112
52.8278
 62.861
33.8844
57.2481
30.8868
58.1481
33.7847
34.9152
33.8962
30.7266
32.9789
46.9759
32.5123
34.2264
46.8722
45.7895
54.5364
37.3151