  56.1825
  35.9822
  52.7099
  38.8972
  18.2066
   57.796
   43.126
  67.9262
  71.9167
  74.9367
    27.99
  11.2169
  19.7361
  79.6983
  41.9043
  62.6437
  66.7399
  56.7937
  31.4186
  14.1342
  27.7375
  68.7263
  48.7088
  54.6409
  30.3955
    52.75
  60.5093
    73.11
  69.2968
  14.0335
  23.8513
  14.8345
  39.5597
  26.3428
  47.0216
  62.4347
  69.6299
  75.3919
   25.199
  32.3971
  55.8924
  72.0465
  31.0493
  26.5143
  72.5435
  75.4143
  16.2031
  1.37922
 0.544161
   24.385
  16.2572
  15.1331
  23.3545
  16.8288
  41.6854
  16.1015
  7.36146
  15.3422
   39.483
  19.2585
  12.7578
  1.37609
  11.7354
  5.98681
   32.832
  8.11985
  14.8207
  3.05679
  21.7461
  21.8098
  18.5722
   11.114
  5.73978
  8.97549
  58.8068
  58.2174
  20.4539
  24.0244
 0.422264
  8.51313
  14.6403
  17.0416
  12.1214
  6.63642
  1.31142
  2.86939
  1.79409
  38.1434
  19.7892
   27.063
  4.79616
  7.95821
  5.73712
  6.34765
  2.73439
  20.6916
  4.94096
  4.03996
  1.29466
  2.91752
  4.59519
  26.0167
  12.5747
  3.92859
   28.867
  18.2903
  23.6672
  14.1749
  26.5125
  20.5688
  61.2397
  2.77863
  8.49947
  14.5747
   8.6087
  4.31619
  28.9803
  16.4201
  19.7957
  10.1546
  1.55887
  55.6041
  55.1484
   22.273
  61.5506
  0.74293
  6.06654
   32.312
  40.1068
  43.0357
  7.66015
   11.631
  14.4183
  10.2653
  4.65537
  15.2073
  5.97288
  10.0889
 0.385932
  10.7653
  12.0815
  5.28373
  14.8791
   16.039
  3.30754
  2.39896
  52.3901
  19.9397
  27.1007
  8.82574
  2.06029
 0.647438
  28.3629
  18.6274
  9.65143
  46.3697
  20.5018
 0.881422
  9.52664
  16.2329
  2.86381
  20.4134
  15.4706
  24.2246
  60.7561
  56.0087
  3.59897
  14.0212
  18.3629
  2.85488
  21.2578
  3.25499
  11.0531
  5.47759
  2.24925
  10.4881
  20.2626
  15.3165
  41.4184
  9.04006
  37.1396
  19.9423
  20.0315
  36.0939
  18.5781
  14.1533
  3.61039
 0.609661
  13.6388
  11.3707
  1.81161
  15.6226
   36.898
  27.9955
  16.0738
  12.9462
  2.55509
  3.61423
  1.21483
  39.3413
  35.2257
  31.7748
  11.9218
   7.2154
  17.5072
  3.75412
  43.4997
   34.287
  5.39751
   12.811
  10.3747
  52.0308
  1.30878
  56.8463
  64.5088
  3.33845
   4.7987
   12.788
  3.69635
   13.338
  8.57948
  26.4729
  11.0534
  12.9493
  8.64292
 0.933042
  5.22942
  10.9314
  8.98159
  10.3987
  18.3656
0.0290292
   5.2674
  69.9466
  2.99946
  45.6641
  10.9831
  22.1105
  10.4494
 0.972116
  32.2434
  10.5134
  30.9517
  5.46473
  31.2674
  40.2093
  73.2936
  12.9002
   25.003
  22.5769
  11.7393
  5.72507
  16.3672
  1.74515
  19.0003
   19.126
  19.2944
  65.8515
  29.4815
  7.34858
  8.90387
   17.894
  12.6236
  11.0431
  18.8974
  6.00167
  11.1408
  2.60347
   21.061
  1.71766
  7.62876
0.0523248
  2.16715
 0.899613
  6.16171
  6.54701
  39.4031
  17.6619
  31.2268
  21.7851
  2.99477
  4.28639
  38.7489
   1.2027
  1.94855
  5.27812
  17.6162
    69.17
   25.319
  30.4366
  2.35489
  32.4017
  17.6317
  46.9096
  15.4827
  7.16386
  16.5316
 0.701441
   16.911
  10.4776
  45.7457
  1.83465
  5.78651
  2.52551
  23.5048
  13.2772
  42.1902
  20.8422
  24.6562
  13.0633
  0.72452
  4.36482
  6.16568
  9.20708
  22.2097
  50.6811
  14.7585
  13.3331
  12.6897
  6.94236
  7.88043
  7.43746
  10.0605
  12.9316
 0.847323
  13.9874
  22.1057
  8.78148
  38.2616
  15.2321
   4.3912
  4.02892
  6.77698
  4.99114
  1.79573
  43.2994
  9.79937
  2.34415
  42.1928
  39.1287
  13.2542
  8.53824
   50.287
  11.4238
  2.15501
  11.8824
  9.04209
  4.11815
  25.9733
  29.6436
  2.60752
  17.0283
  10.2739
  16.5349
  2.11146
  30.7741
  7.40933
  10.9005
  44.5722
  40.6372
  52.3708
  37.5757
  1.85869
  7.36327
  11.5305
  2.59218
  3.00692
   18.535
  11.4736
  23.9387
  6.92801
   18.919
  17.0249
  48.3114
  14.2077
  20.6346
  14.9409
  16.4227
  17.4983
  21.9928
  26.0708
  32.0844
  3.92023
  16.5482
  29.0799
  1.81592
  9.29975
  2.97673
  7.31612
  14.6696
   9.3415
  7.98631
  22.2277
  13.6966
  30.0153
  15.9312
  8.56797
  42.3014
   16.668
  13.3361
  14.1027
  25.1859
  11.0709
  5.37149
   18.711
  1.57026
   21.078
  14.2147
  41.9211
  36.5238
  11.8199
  1.56163
 0.736673
  14.7916
  17.8312
  29.1583
  10.9776
   0.9639
  11.7397
  3.39061
  8.43884
  1.96992
  18.5373
  3.28405
  19.8481
  20.1052
  47.2136
  6.86615
  69.4148
  59.3046
  6.41839
    49.13
  11.0914
  14.9527
  5.51009
  7.37051
   4.7143
  10.3201
  35.2934
  1.80734
  19.0855
  10.3275
  53.5246
   4.3821
  40.0973
  7.74786
 0.581318
  0.28717
  27.7933
  58.5535
   32.402
  4.99532
  21.0475
  18.7517
  10.3318
  19.0982
  42.0238
  15.7772
 0.171989
  47.8224
  35.3586
   38.083
  5.08554
 0.975908
 0.147663
  14.2257
  8.28443
   38.347
  43.0056
  3.04586
  8.06959
  17.8853
  21.7421
   5.2613
  39.3384
  34.0164
  33.8265
   43.344
   9.3074
  35.5847
  18.2356
  35.9526
  19.1517
  32.6249
  42.2198
   30.702
  54.9609
   36.433
  7.84659
  3.16194
  1.81482
  5.40707
  3.94296
  13.6158
  10.4704
  53.8065
  49.1899
  13.1623
  51.1558
   46.727
  47.6811
  46.9066
  1.47485
  45.8357
  37.5362
  36.2579
  52.9204
  36.6968
   6.7004
  47.3047
  45.4682
  11.1407
  15.6102
   34.949
  55.3774
  14.1326
   27.131
    40.65
  12.0988
  38.3778
  42.4401
  2.68608
  15.8809
  9.93679
  20.6457
  36.6194
  3.37714
  26.1496
  4.45353
  12.8296
  13.5827
  14.1415
  22.6231
  3.74163
  1.77782
  29.2506
  13.0698
   14.255
  5.20378
  14.1508
  4.28422
  38.8157
  34.1555
  38.8756
  10.4355
  4.07921
  8.58638
  21.5361
  3.05298
  23.4431
  16.2006
  21.8003
  16.8074
   39.867
 0.983615
   18.146
  5.00087
  3.16334
  1.74207
  10.1771
    21.62
  27.1531
  5.10784
   22.071
  41.0378
  18.2805
  50.7423
  7.15344
  9.28659
  14.6059
  1.16361
  5.06489
  4.30248
  7.64924
  18.0528
  10.9651
  20.6286
  27.9173
  60.1307
  31.7549
  9.26227
  4.54558
  19.4155
  17.2037
  10.7402
 0.774583
  4.11678
  28.1178
  26.8621
  14.1668
  10.7464
  10.1718
  38.4406
   56.029
  12.1514
  34.7817
  17.6229
  41.4556
  52.2192
  11.3754
  6.32913
  2.71917
  16.2633
  36.1199
  20.3646
  25.4186
  60.6727
   62.399
  12.1278
  10.1876
  73.5546
  59.7939
  40.7022
  49.5063
  33.0654
  39.1049
  40.8852
  38.2714
  9.48142
  11.9961
  21.2942
  6.37568
  7.39404
  3.15205
  3.92754
  20.9317
   17.913
  2.91198
  8.97233
  38.4746
  7.34802
  32.0802
  19.9424
  27.4134
  37.3648
  40.5716
  38.4746
  4.67314
  7.18141
  0.74784
  12.4076
  7.16481
  39.3256
  11.9326
  19.8897
  4.54608
  22.6452
  10.2623
   36.767
  41.7206
  8.98846
  4.67817
  9.51803
  35.5626
  48.6989
  8.40372
  23.2885
  27.1151
  77.2105
  29.2379
  24.3829
  8.24713
  42.7572
  18.2117
  11.9052
   53.393
  14.8088
  21.4204
  12.3676
  11.9932
  6.20973
  31.8974
   32.433
  40.5468
  30.5341
  5.74395
   17.709
  20.2786
  20.5333
  4.39803
  29.6851
  2.03466
  2.93752
0.0913379
  15.4548
  5.50208
  3.20288
  63.1732
  33.1474
  42.9185
  13.7429
  7.43885
  25.8292
  16.7517
  36.2654
  5.96685
  38.1055
  22.3561
  17.5141
  19.6124
  31.4979
  29.1121
  21.4384
  22.8347
  18.9457
  29.0295
  17.5272
  12.2336
  21.2725
  20.4931
  20.0541
  16.0916
  23.1577
  38.5934