  49.7376
  50.3564
  43.5675
  51.2378
  45.0412
  43.6584
  34.2403
  41.2099
  38.7337
  34.0323
  42.4865
  47.8147
  47.8541
  39.7764
  44.5431
  51.2639
  42.3622
  52.0651
   53.644
   46.741
  51.6569
  22.5448
  22.7197
  23.4623
  17.4473
  38.5414
  50.6399
   103.44
  51.1082
  31.6279
  35.6309
  17.6401
  17.5164
  24.7849
  18.0505
  35.0641
  48.0005
  30.8685
  49.8822
  48.2494
  41.4821
  52.3264
  29.5706
  43.9351
  54.5386
  48.3731
  45.4732
   46.329
  42.2158
  48.5123
  46.6516
  47.2663
  36.3604
   6.2537
  31.5329
  35.7058
  36.3809
  31.2721
  51.8032
  95.3885
  97.3177
  44.0745
  41.3851
  101.824
  51.2398
  44.1967
  39.7809
  46.3596
  49.1256
  40.8385
  48.4462
  41.3232
  43.9175
  97.4305
  94.6588
  50.9613
  27.8252
  41.8125
  50.8108
  40.5686
  52.5291
  49.5712
  54.8744
  21.7464
  48.7034
  41.2226
  101.436
  32.3804
  21.2582
  20.4131
  12.8127
  31.6948
   20.964
  21.2993
  20.3125
   20.318
  3.33537
  39.3071
  50.2676
  51.3409
  54.9994
   48.941
  26.7375
  33.2926
  18.6999
  21.2723
  45.8721
   46.812
  27.8534
  50.7804
  23.3486
  46.9176
  39.4945
  52.2254
  42.1239
  44.0057
  54.6937
  53.0588
  48.6318
  49.6854
  29.4311
  47.2466
  31.8983
  35.3322
   49.557
  105.532
  48.9929
  47.4476
  46.5931
  45.6837
  46.4235
   45.262
  96.4009
  30.0143
   37.534
  39.2333
  31.5923
  47.8638
  39.3934
  43.2252
  37.2637
  42.8123
  47.4733
  30.5756
  32.6361
  49.5015
  37.2841
  28.7219
  101.322
  6.21926
  36.3889
  10.3367
  56.2836
  43.6286
  53.4447
  37.6995
  21.3031
  23.7382
  30.0961
  20.3571
  53.8055
  32.2176
  21.0119
  28.8067
  53.8632
  54.3894
  51.6573
  32.6527
  53.8596
  22.9124
  46.5181
  44.8547
  44.7794
  44.2107
   55.285
  34.6517
  33.0809
   97.416
  95.4214
  105.481
  48.7108
  46.4533
  48.2527
  46.1317
  11.2631
  52.3357
  39.8815
  50.5373
  47.1945
  51.6633
  22.5462
  24.0156
  17.0596
  17.2078
  5.18385
  9.56944
  32.9509
  33.7589
   50.003
  14.4232
  18.5808
  44.6847
  53.1071
  44.5803
  46.3989
  28.6698
  25.5029
  41.2236
  22.9822
  26.0502
  40.0945
  102.905
  97.3745
  46.8223
  44.1467
  42.0501
  49.1296
  104.744
  51.7092
  54.4573
  45.7147
   21.436
  24.0791
  7.25304
  32.4908
  54.9553
  6.38923
  46.6182
  54.2237
  6.67805
   42.272
  30.6201
  40.8533
  47.1937
    47.86
  32.7828
  38.4241
  15.5114
   12.139
  32.2686
  31.2008
  29.7309
   35.838
  16.7931
  48.8327
  48.3438
  39.3816
  39.1397
  20.7536
  30.3538
  47.6561
  42.4628
  46.3262
  49.6462
  28.9348
  45.0869
  49.8049
  28.6025
  38.3112
  16.7445
  23.7211
  40.0653
  43.8466
  48.1987
  47.4507
  39.2659
  21.5173
  39.0525
  39.5744
  34.3466
  36.9078
  46.7576
  48.6964
  41.4231
  21.3443
   21.225
   41.626
  46.3108
  36.6717
  45.0743
  25.1426
  24.8983
  33.5811
   31.751
  29.8881
  34.7745
  49.4342
  43.1114
  37.3764
  34.4724
  38.1235
  20.9559
  29.7569
  48.5993
  41.8503
   39.129
  88.8627
  46.0833
  26.7767
  101.937
  28.9729
  100.384
  50.7855
  47.4905
  49.3867
   26.351
   38.776
  48.7809
  49.3901
  37.6587
  32.7581
  37.5113
  33.3091
  32.2223
  100.485
  36.8354
  52.7381
  39.6742
  31.0097
  23.6011
  34.1162
  37.7423
  40.8594
  39.2049
   43.803
  31.1771
  18.0093
   50.714
  22.0689
  48.8597
  32.3568
  47.9253
  22.8762
  20.6271
   22.283
  46.2505
   35.457
  40.6257
  24.1843
  28.7327
  31.4827
  40.3656
   40.313
   38.526
  30.8697
  26.0827
  46.1712
  21.9485
  23.4178
  27.9313
  39.0339
  28.3063
  24.3772
  37.5238
  36.5207
  38.7473
  45.4041
  24.8228
  21.8534
  22.0639
  27.1318
  28.7335
  24.5119
  21.8613
  33.0987
  38.0975
  33.6177
  21.8266
  20.4622
  30.6784
  40.6462
  32.4711
  26.5141
  31.6193
  25.8432
  36.1154
  23.1821
  27.7084
  38.6806
  32.9437
  25.3306
  43.8091
   38.365
  29.5099
  36.9094
  24.5979
  20.9839
  35.2579
  33.7248
  24.9462
  34.5479
  28.3828
  34.1861
   26.441
  27.6536
  24.4349
  29.6688
  27.4305
  25.8511
  30.1368
  33.6763
  24.8563
  26.0977
  35.5857
  25.6261
  20.5535
  46.3291
  38.6486
  13.7179
  37.4357
  30.2026
  26.0666
  30.5008
  31.0251
  24.9713
  22.4809
  22.6114
   23.944
  19.5347
  47.6515
  41.2241
  29.5284
  31.9662
  34.1768
  23.7838
  21.1442
  31.8329
  32.3115
  37.7671
  25.7543
  21.7484
   29.874
  21.8502
   40.157
  34.5028
  48.5452
  45.0306
  18.2481
   19.157
  15.4261
  50.5051
  48.8617
  52.0671
  20.3495
  31.6641
  18.4345
  36.2582
  41.5213
  23.4048
  25.7249
  20.8006
  19.6349
  13.1287
  22.4491
  24.1375
  15.1739
  18.7639
  11.2931
  21.8593
  21.2219
   20.977
  22.6619
  18.6207
  31.6641
  24.4101
   30.092
  41.7866
  7.68094
  34.5352
  13.4974
  21.5099
  11.9845
  22.1407
  19.2472
  18.8665
  49.7119
  23.6546
  42.6506
  44.8287
  53.0527
  31.8174
  24.9016
  48.4619
  41.9178
   27.637
  21.4596
  23.1294
  49.3506
    53.56
  47.4067
  19.8387
  52.3873
  41.9753
  24.7673
  46.0964
  15.2283
  42.4865
  48.7961
  51.1554
  24.3215
  18.4676
  22.0531
  28.9001
  34.1328
  39.7568
  18.5742
  20.6076
  45.6784
  35.3334
  32.1424
  39.9053
   22.285
  24.2662
  25.4176
  26.0545
  26.4535
  26.5599
  13.6403
  32.6341
  20.9463
  30.5539
  15.4186
  22.0368
  50.2378
   25.753
  24.2081
  98.5904
  13.6766
  29.7687
  22.7787
  17.9373
  45.5683
  49.4698
  33.0611
  28.8683
  27.2465
  37.4622
  29.0849
  48.6148
  14.9508
  36.7474
  39.6009
  17.7944
  34.0382
  30.5487
   37.267
  30.4311
 0.579691
   1.4019
  5.94411
0.0616154
  23.5255
 0.534779
  1.64337
  28.8019
  2.44489
  7.22354
  0.25957
 0.638515
 0.789395
  4.14296
  4.63743
  4.31917
  4.02661
  6.68266
  2.52007
  1.15748
  3.55803
  11.6803
  0.20156
   1.9796
  2.49954
 0.077804
  36.9559
  5.51534
 0.584588
 0.476616
   2.2102
  3.21705
 0.238415
 0.480434
  3.80909
  1.48018
  2.85292
   2.7981
  2.27356
  2.34449
  6.43701
  5.96814
  3.20394
  4.76505
  6.07449
  6.92435
 0.744796
 0.448789
   4.1561
  2.72027
  5.12875
  2.07396
  2.50806
  3.83074
  6.06288
  5.48097
  5.42004
   3.8416
  3.74672
  2.12565
  3.66245
  2.57002
  5.15951
  41.4312
  14.6032
   1.8668
  4.42841
  2.45526
  3.65528
  3.21202
  4.53996
  40.2709
  6.17221
   6.9732
  5.63554
  2.76535
  6.22476
  40.4235
  42.1149
    7.122
  8.22291
  4.79811
  4.20781
  2.22189
  1.09888
 0.752557
  3.67068
  9.58115
  35.1169
  29.3833
  5.83481
  2.70058
   46.078
  39.8989
  32.8168
  37.4537
  40.4904
   38.284
   4.9747
   6.7768
  8.67908
  7.16756
  15.1512
  9.85723
 0.814584
0.0615833
  1.44493
 0.798711
  7.13041
  6.29481
  1.78866
 0.896264
 0.701086
  14.4683
  31.3536
   9.8429
  2.56308
  2.81835
  0.86238
 0.416538
   5.4743
  4.37522
  25.5524
  8.06375
    32.98
  13.4211
  43.7234
  4.73245
  9.77566
  17.0048
  5.28508
  9.67331
   4.5294
  5.29787
  2.03921
0.0449765
    18.07
  6.08021
   2.7451
  1.76252
  2.31766
  35.6846
  3.66678
  5.53015
  8.61318
  4.68629
  41.3632
 0.822321
  3.61057
  2.70058
 0.441744
   4.4721
  0.58209
  4.67289
  2.52014
 0.980699
   0.7827
  2.88201
  13.9016
  15.2129
   2.4336
  3.88027
  12.2063
  5.52986
  4.14108
  3.20134
  7.58766
  5.97763
  4.23459
  1.01388
 0.837568
  8.39953
  2.23706
    4.263
  3.52111
  5.16909
  5.23059
  2.80529
  4.40816
  4.27175
  10.1635
    0.583
  2.09347
  4.70628
  2.48405
  2.12271
  7.83755
  8.67726
  5.38096
   8.6793
  5.78863
  7.03224
  14.5323
  14.9904
  2.25497
  5.63384
  1.85874
  5.69665
  12.5303
  4.21065
  2.58468
   3.7513
  3.14134
  3.27105
  5.11623
  5.84599
  5.98909
  3.44073
  5.01287
  3.29016
  5.16803
  1.12577
   6.3342
  9.73511
  2.66942
  4.87714
  3.02025
  2.39963
  2.19249
 0.447948
  3.54107
  5.43661
  2.27122
  6.98946
  6.58256
 0.670195
 0.301636
  5.02819
  4.87714
   24.137
  7.20029
   6.0572
  6.78032
  3.78951
  5.14174
  6.26673
   8.3793
  6.03819
  4.83009
  2.27583
  2.44385
  6.26529
  5.26005
   2.1499
  2.63807
  5.45265
  4.13244
  1.47194
  6.06155
  5.48396
  6.34539
  4.49594
  5.67955
  1.47079
  0.72595
  8.54345
  7.99913
  1.61511
  3.09407
  1.91606
  1.65433
 0.851122
   20.668
  38.9494
  22.6589
  4.57681
  5.46655
  5.81512
  4.16068
  5.72015
  5.32423
 0.478027
  0.62293
  1.85164
   4.7431
  18.2053
  9.06431
  1.83721
  2.18519
 0.115322
 0.704617
  2.57448
  3.05726
    2.444
  7.06243
  8.74665
  1.22333
  3.25819
  7.71757
  1.45125
   1.7943
  43.4506
  4.65803
  1.81985
  3.90495
  5.45255
  6.79348
    8.767
  6.55627
  6.98036
  8.13292
  8.36181
  6.45213
   1.7497
  1.67777
  1.79842
  9.38005
 0.463327
  14.1139
  6.36117
  3.57525
  2.87529
  3.60124
  5.69757
  7.84445
  2.10767
  2.83898
  15.9084
  2.41423
 0.202195
 0.602983
  1.92102
  1.37285
  1.87597
  5.92846
  35.1906
  43.7001
  3.72123
  19.8026
  3.69604
  3.23286
  7.09182
 0.384097
  3.53991
  4.23282
  4.44028
  6.94046
  5.75839
   5.5058
  4.61066
  5.51338
  4.33057
  4.77957
   6.3686
  6.23691
  10.1728
  6.29987
  7.95377
  5.81999
  7.04665
  2.78559
  6.40753
  3.44108
  21.6821
  6.98927
  5.02907
  4.53777
  9.29469
  9.37665
  12.6469
  5.00861
  6.44864
  4.59981
  6.66059
  8.48556
  9.56821
  5.57314
  3.59536
  8.83815
  8.91072
   1.1797
  9.59298
  8.66641
  5.66878
  5.25295
   2.6442
  4.50052
  8.57862
  2.36898
  4.80502
  8.44987
  9.36298
  7.07506
  4.46299
  4.57998
  4.95295
  5.83101
  8.95583
  7.60298
  3.11148
   3.6128
  4.64544
  5.65764
 0.912707
  2.97995
  7.11118
   11.111
  3.58032
  6.54629
  8.94954
  4.05726
  9.08705
   2.3245
  1.82035
  3.53415
  3.42795
  4.29258
  9.58258
  2.28302
  5.31606
  3.43874
  5.63779
  1.31459
  4.12731
 0.876738
  58.0516
  56.4007
  3.12691
  3.06056
  7.53354
  3.12775
  4.91838
  19.7232
 0.251755
  1.30885
 0.622018
  3.20401
  14.0779
   1.5755
  6.98946
  5.19364
  4.32564
  2.45965
  23.2364
  4.94334
  5.98936
  4.37426
  6.14849
    6.173
  3.50103
  2.03555
  3.22084
  3.78838
  3.97135
  3.14653
  3.99287
  7.90865
  3.90595
  14.7178
 0.682568
  1.10958
   4.9837
  11.9029
  2.71779
 0.945845
  7.84501
   5.9468
  4.55467
  11.1777
  5.76089
  2.84565
  4.59923
  3.37287
  6.88789
  12.5101
  2.66988
   5.2482
  2.54969
  11.3716
  3.49594
  8.14437
  5.79861
  6.35378
  2.37933
  1.52641
  2.58517
  30.9293
  1.27456
0.0282014
  4.16685
  10.5083
  4.93773
  2.95658
  2.23954
  5.44554
  5.33777
  4.04254
  2.93202
  6.72058
   3.5055
  8.22232
   1.6858
   1.8493
  2.21563
  7.50402
 0.632415
  1.00315