  10.5495
  4.99923
  16.3682
 0.242371
  4.22037
  8.28647
  2.33731
  16.8111
  42.4185
  5.77154
  8.83024
  15.9816
   6.1226
  11.5769
   18.448
  7.24301
  6.93156
   11.333
  5.07796
   13.096
  5.49158
   4.9936
  35.0263
  19.4595
  27.4697
  1.94303
  6.02556
  2.36703
  6.48674
  10.8466
  25.3253
  5.01059
  7.24917
 0.623735
  2.04783
  5.48092
  8.36434
  6.30388
  4.28806
  7.62061
   12.369
  8.84969
  23.2154
  14.5448
  20.6582
  9.83439
  13.8825
  41.0064
  33.3116
   13.853
  3.47587
  3.88717
  21.9681
 0.880006
   21.647
  11.1154
  12.4391
  20.2663
  29.7643
  9.80853
  5.56624
  0.44905
  2.67939
  1.26734
  4.69742
   6.9185
  11.7169
  3.63978
   8.0879
  3.67715
   9.7854
  17.5794
   35.869
  21.7066
  17.7579
  2.23169
  7.57302
  10.7171
  12.6521
  13.3167
  9.00636
  8.66114
  5.17615
  4.64262
  8.88343
  1.64211
  10.7834
  1.24726
  1.52321
  1.73864
 0.513367
   8.8862
 0.126048
  4.94692
  4.61693
   1.1792
  7.44208
  17.4607
  6.51018
   15.377
  34.3959
  33.6146
  39.6647
  8.07884
   12.509
   4.6028
  13.8186
  4.19416
  8.25421
  5.69367
  5.20097
  8.26377
  14.2379
  12.0433
  16.7618
  9.14264
  4.42977
  19.2478
  27.1944
  23.1819
 0.173125
 0.250089
  13.4945
  1.76648
  7.13269
  2.39816
  15.1687
  19.9038
  3.14185
  1.88559
 0.475031
  9.94839
 0.236585
  5.04276
  3.90924
  6.27881
  7.66197
  6.44756
   8.0246
  3.44056
  2.71862
0.0318586
  21.1541
  2.39995
  12.0836
  35.5188
  9.77291
  19.1383
  4.50817
  2.56864
  1.83421
  10.0998
  3.75586
  6.02506
 0.461084
  1.49155
  2.28454
  16.7026
  10.2932
   11.204
  27.9808
   29.631
  7.62918
  16.8738
  9.35849
 0.873211
  11.2846
  34.0795
 0.679609
  6.93102
  6.11066
  3.39959
  2.33665
  13.6796
  11.5573
  17.8123
  5.42978
 0.713772
  5.40534
 0.254964
  14.0561
  14.4161
  24.0437
  7.63676
  26.3406
  36.7299
  206.471
  14.8345
   9.7567
  17.0999
  25.1429
  24.7838
  15.9709
  41.4429
  27.4713
  31.8166
  4.18022
  23.0583
  14.3781
0.0161832
 0.930217
  17.2594
  8.55039
  10.3803
  6.69978
  4.19913
  1.29963
  16.8591
 0.938876
  12.2458
  9.16649
  26.0137
  13.0678
  14.0413
  14.3141
   6.1805
  2.57603
  9.58615
  4.96981
  1.59945
   11.428
  20.0726
  11.8597
 0.670692
  7.32253
  2.64334
  15.1517
   4.8398
  9.51817
  12.5711
  5.09575
  6.41668
  15.4757
  6.22508
  7.98043
  14.3359
  6.33142
  3.89981
  11.4279
  5.02611
  3.26418
  6.53318
  3.61581
  33.4969
  1.93552
   17.742
  18.7493
  12.4282
  19.4415
  31.2243
  3.35745
  12.3811
  4.81495
  4.79901
  7.12652
  13.5314
  11.8044
   14.856
  21.5497
  3.52012
  3.09432
  3.26441
  4.96942
  8.38489
  2.82483
  5.66043
  16.3044
  2.08004
  2.61412
  9.68978
  3.22018
  12.3745
  1.49692
  8.90467
  15.1027
  10.9274
  21.7171
  6.90292
  209.735
  178.737
  18.2876
  18.0198
  12.0168
  15.5008
  12.5925
  32.3088
  2.45126
  4.84267
  9.50727
  8.05588
  19.4016
 0.856837
  18.7034
  7.00266
  10.8684
  209.417
  5.69667
   2.4791
  2.75025
  5.73071
  6.76959
  6.09162
   8.0344
   12.285
  3.47358
  12.2066
   4.9733
  33.2039
  15.4456
  35.2492
  193.567
  3.21279
  2.35742
  17.2404
  1.12178
  8.80375
  28.3106
  17.3583
  6.35543
  7.09532
   26.156
 0.556727
  2.57312
  24.8919
  1.42594
  5.64702
  8.46968
  11.5543
  25.8152
  10.2777
  16.1759
  38.1833
   31.293
   11.332
  16.2864
 0.977154
  19.7028
  42.4092
  8.85268
  208.727
  41.7904
  41.1619
  11.0663
  11.8968
  35.2588
  22.5497
  26.4501
 0.359678
  24.4853
  19.3793
  25.9416
  2.12164
  208.668
  1.63872
  213.167
  1.65049
  40.2237
  12.4659
  10.4961
   36.755
  5.79968
  7.31535
  10.2468
  8.82551
  23.1238
  4.44741
   2.8559
  12.8102
  19.3756
  18.2353
  7.84829
0.0471711
  16.2083
  1.94604
  7.54531
  2.57458
  10.3099
   4.3382
 0.267059
   28.765
  22.5681
  24.9429
  26.3649
  8.87576
  8.17121
  1.68092
  9.06906
  2.60831
  42.4484
  8.98995
  8.20244
  30.0518
  6.72672
  18.6046
  6.44231
  1.84561
  1.01361
  14.9571
  5.80295
  28.2018
  11.3155
   22.993
  22.6578
  201.315
  3.03482
  9.14778
  39.1669
  9.06278
  8.27054
  3.12049
   192.98
  26.9123
  4.94956
  8.78374
  18.9092
  2.01966
 0.312157
  9.20927
  17.3899
  208.148
  10.6399
  1.90367
 0.326315
  207.029
  26.0579
  7.89926
  12.4374
  10.0408
 0.694491
  30.4633
  9.86373
  12.1245
  11.4418
  5.49304
  14.0591
  7.68667
  212.316
  10.3303
  21.9353
  2.46002
  2.42748
  180.801
  207.779
  212.156
  179.207
  13.8103
  0.23072
  11.5641
  1.60001
  16.3437
   203.87
  210.435
  15.4076
  209.135
  207.468
  3.02813
  2.29531
  3.92885
  189.214
  211.341
  209.856
  20.1086
  17.3401
  21.2136
  11.3712
  1.21119
  3.70657
  14.1126
  10.4359
  14.9903
    11.66
  189.223
  204.857
  208.987
0.0887704
  209.087
    22.82
  207.266
  209.087
 0.562805
  1.07372
  19.3514
  6.52796
  2.31109
  24.8367
  4.57286
  13.6973
  23.5667
  5.81374
  20.3931
  7.49502
  14.9737
  21.0282
  33.6207
  4.31562
  3.36375
 0.326314
  21.8325
  34.8765
  8.19632
  11.6015
 0.741862
  26.1211
  14.8479
  8.93651
 0.834253
  3.90108
  6.70586
  4.20628
   15.688
  14.0726
  4.96341
  10.4772
  9.95822
  12.6493
  7.30114
  14.5558
  211.749
  6.23121
  29.3878
  203.543
  15.2593
  2.82514
  9.55014
  38.0138
  8.53911
  20.9108
  33.2036
  1.59242
   13.294
  7.01609
  20.3324
   6.5609
  16.7127
  2.38881
  4.43847
  5.73569
  3.46604
  46.4985
  35.1915
  43.9255
  15.9549
  25.5466
  177.395
  28.5895
  1.25685
  7.27615
  2.24238
  3.69135
  29.1574
  180.543
  23.7987
   9.0854
  9.16325
  25.7963
  32.1982
  21.5688
  5.85357
  6.96372
  37.0691
  12.2409
  11.4498
  17.5267
   7.6387
  5.96329
  1.41161
  4.10259
  4.56447
  11.3337
  21.4358
  13.5199
  6.04899
  3.35347
  6.68392
  3.06829
  14.2922
  11.0906
  10.6516
  3.57164
  16.6853
  19.7417
  24.1419
  35.9968
  3.28826
   10.549
  38.8313
  2.27975
  12.5753
  19.0038
  4.39904
  20.8418
  2.89252
  8.87814
  21.3814
  11.8023
  28.7463
  37.4908
  21.9537
  10.4797
  203.496
  17.8597
  38.0197
  36.0952
  17.7004
  30.0098
  27.7546
  16.2004
  4.38903
  32.8543
    9.692
    4.573
  21.2135
  20.0657
  1.15617
  25.5043
   15.872
  14.7134
  23.0017
  17.6811
  21.6542
   28.534
  10.1088
  12.3788
  8.90409
  3.18973
  2.60471
  1.58304
  12.9583
  5.27795
  14.2566
  21.8534
    47.82
  52.7412
  45.4549
  12.1705
  10.6116
  11.2809
  30.8718
  13.9677
  28.4629
  27.5657
  1.45543
  20.9925
  14.7901
  22.6597
  22.4128
   24.698
  20.8005
  1.66519
  4.40719
  12.9392
  10.2821
  7.88246
  31.8841
  13.7842
  22.3265
  6.87504
  25.0574
  9.61705
  37.9602
  6.59869
  28.6951
  19.1651
  26.4638
  25.2137
   8.3179
  4.12259
  11.3422
  19.2045
   1.3041
  18.3103
  19.5108
  6.49932
  8.56332
  15.7543
  40.6714
  5.17809
  26.0464
  17.4976
  4.67306
  33.5049
  5.08144
  66.9696
  57.9305
  21.9395
  180.521
  17.6888
  17.4014
  15.6823
  30.3559
  30.1166
  51.2929
  13.8622
  20.0939
  1.10083
  17.7949
   12.687
  9.03584
  31.1223
  9.49264
  2.51562
   7.6183
  32.9818
  13.0137
  2.96884
  4.22549
  12.0615
  17.4014
  9.43461
  58.8987
  4.55844
  19.3569
  64.3303
  19.0182
   3.1458
  13.8025
  7.29149
  25.9796
  20.4236
  3.24378
  7.28898
  9.05373
  14.3771
 0.037736
  24.9822
  19.0812
  5.50943
  4.75262
  12.8328
  6.95097
  202.945
  211.252
  186.128
  211.503
  30.0291
   12.158
  11.9512
  20.0749
  32.7044
  26.1445
 0.809583
  23.7327
  1.67201
  10.6117
  5.39358
  7.77631
  9.16872
  1.52952
  37.7062
  20.6365
  11.0024
   6.6162
  25.1178
  7.35031
  3.62889
  2.52962
  5.51303
  2.74975
  3.26219
 0.813923
   17.229
  10.7924
  6.27229
  32.9503
  45.3332
  46.4689
  16.6716
  9.98073
   23.434
  17.0111
  9.69018
  17.5723
  20.9417
  29.5233
  18.5763
  34.9646
  34.8239
  40.7038
  27.2612
  1.53435
  3.18236
   4.5933
  2.43504
  47.0125
  31.6919
  30.6505
  9.86763
  3.76267
  15.3585
  13.2935
  11.7927
  4.49899
  6.73523
  59.5704
   0.2929
  32.9347
  42.9467
  44.9556
  61.2929
  57.0134
  14.8904
  2.23209
  49.8516
  8.16718
0.0520628
  28.6202
0.0748646
  2.40559
  46.3789
  7.82038
  2.08084
  17.7182
   29.147
 0.693082
   46.673
   16.458
  36.3809
  32.4643
   23.655
  11.1996
   11.203
  3.62228
  8.33387
  21.8068
  3.37232
  38.5638
  32.3077
  37.2905
  19.6497
  27.3707
  193.743
  49.9543
  46.3974
  25.5566
   25.167
  23.6562
  9.25148
  12.3822
   19.071
  34.6538
  63.8901
  22.8404
  11.7896
  17.2566
  31.7988
  3.64798
  44.3175
  22.1064
  59.9878
  25.3018
  35.5592
  35.4732
  66.7634
 0.360865
  21.3419
  44.3131
  26.1785
  8.53677
  15.4856
  46.7973
  27.0495
  21.1151
  43.8023
  28.6694
  48.5022
   23.417
  29.2949
  23.0518
  58.3185
  41.1603
  57.1294
  5.76939
  2.28596
 0.634988
  3.03022
  10.6627
  201.045
  183.122
  75.1986
  84.0156
  54.8421
  60.8348
  33.7287
  52.8947
  3.37434
  14.6871
  38.2751
  7.70284
  10.9801
  3.51528
  67.1355
  172.074
  21.8479
  34.5143
  25.6712
  36.4691
  38.2494
  18.1052
  23.0921
  53.8909
   6.3148
   4.7447
  22.5813
  5.10769
  7.01046
  13.1501
  5.99261
  10.1966
  25.8996
  16.2218
  44.2872
  6.19866
   47.181
  7.48221
  42.9229
  51.1056
  50.6419
  17.1755
   11.644
  64.1406
  25.2288
  16.5275
  49.7523
  61.9358
  14.9331
  74.4473
  12.1386
   24.784
  30.0275
  8.03758
  13.1144
  26.4574
  6.46741
  11.0089
  26.6571
  13.4062
  59.5747
  62.9056
  50.5338
  2.47243
  36.2714
  46.8381
  2.52452
  7.91694
  8.25578
  11.8113
  20.6622
  62.8598
  15.7072
  20.8291
   3.1981
  27.7832
    7.374
  15.3298
  69.2953
  44.2151
  19.0741
  18.9822
   12.199
  18.2391
  36.0932
  28.2145
  40.5463
  10.7189
  66.7324
  65.1266
  64.8687
  3.27911
  1.61192
   3.2214
  14.2094
  7.67492
  22.6783
  10.9827
  3.86883
  59.9371
  30.8007
  66.8365
  20.1173
   171.83
  61.4052
  11.9884
   60.674
  16.1852
  4.92632
  13.3304
  32.8816
  35.6212
   2.3753
  13.4209
  15.4637
  2.64835
 0.140477
  3.57887
  210.697
  5.44414
  35.1979
   23.085
  6.12353
  8.81019
  2.07038
  5.58037
   60.682
  181.164
  62.7286
  21.5759
  20.9675
  37.9527
  19.4867
  33.8794
   14.933
  12.0938
  31.6607
  26.5337
  14.2094
  29.6471