  60.1449
  56.9657
  59.8602
  23.1245
  5.48469
   16.339
  53.7895
  51.8138
   46.841
  49.3832
  49.9068
  59.8631
  62.8155
  33.8102
  33.6051
  10.1411
  1.69216
  3.34698
  7.71655
  54.2164
  10.0178
  17.3274
  63.1832
  52.5818
  2.30294
  9.35145
  3.61715
  9.56879
  47.5422
  46.9102
  65.4803
  58.4977
  19.7708
  35.7499
  22.0108
  48.4705
  41.8907
  57.6116
  17.2686
   25.849
  6.22799
  39.9168
  15.8858
  5.82736
  8.34995
  60.1543
  55.5941
  44.9258
  59.1731
  64.5478
  60.4959
  20.5385
  32.7014
  50.5965
  47.2725
  7.66242
  2.40074
  31.1895
  25.6276
  48.0361
  59.0312
  64.3766
   1.5898
  3.77562
  3.69713
  5.57478
 0.782161
  17.3493
  8.98706
  7.90449
0.0855194
  1.76913
  20.0994
 0.184267
  6.78479
  38.3492
 0.807237
  9.02115
 0.293367
  37.8013
  5.44654
  2.46955
  2.37491
  2.46461
  8.19447
  12.6259
  4.77556
  42.6086
  19.6012
  56.3021
  17.4216
  13.4515
  14.7061
  9.46565
  3.96303
  4.48498
  18.5162
  7.77816
  54.2614
  4.73624
  59.2983
  15.3205
   11.485
  10.5424
    1.395
  3.86695
  7.50882
  7.35676
  4.13178
  2.94991
  10.0651
  18.4598
  9.96088
 0.727174
  4.73897
  3.35508
  14.4731
  45.8882
  13.9702
   18.375
  5.24109
  5.96017
  5.78018
  1.19098
  6.90415
  5.00688
 0.895855
  14.5505
  7.11528
  4.22638
  14.1345
  22.0109
  26.1227
  7.99879
 0.130992
  24.3422
  16.7546
  8.68826
  5.03128
  3.68936
  9.58506
  18.1864
  55.2472
  2.65383
  14.9038
  8.33826
  9.49092
  18.0914
  13.9676
 0.243516
   58.596
  56.8336
  21.8001
  28.0547
  11.3826
  57.6873
  10.6234
  5.22579
  40.9679
  50.8862
  42.5187
    15.49
  3.28622
  18.2992
  22.8409
  13.5836
  10.3877
  9.54953
  10.5805
  18.5021
  18.4357
  4.78767
  1.69858
  3.92541
  16.1257
  7.89012
  13.5839
  16.9006
  20.7892
  10.6818
  13.3204
  2.03292
  7.46754
  52.1642
  19.6244
  37.9585
  17.2473
   19.131
   2.8968
  10.6317
  5.60116
  3.17634
  13.1584
  7.77715
   16.789
  5.09046
  43.8452
  17.8848
  16.4594
  19.4263
  4.80736
  7.79369
  5.52238
  8.20888
 0.298918
   20.783
  12.1279
   9.1192
  15.7842
  16.3581
  10.9973
  16.9244
  53.4124
  52.9338
  6.09733
  20.1934
 0.223562
   11.602
  21.1765
  6.83567
  19.7547
  20.0166
   13.465
  3.75457
  11.2385
0.0868739
  41.7604
  9.76141
  23.7006
  32.7508
   15.287
   26.929
  33.5529
  15.9333
0.0558762
  5.60488
   2.0848
  6.06433
  8.82616
   20.818
  4.93313
  28.4241
  6.56792
  7.76074
  6.47507
 0.650154
  13.2761
  3.44869
  11.3479
  1.37677
  37.6281
  38.1091
  8.81516
  46.3377
  9.52258
  13.2361
  15.8405
  7.79003
  44.0869
  47.7788
  11.3629
  18.3021
  11.7248
  14.2092
  13.3811
  55.4464
  42.6298
  17.1837
  8.49721
  3.35475
  12.1781
   17.113
  7.01581
  25.2585
  13.2135
  12.1543
  8.93115
  3.93474
  5.27806
  13.0841
  6.46702
 0.153137
  34.2325
  33.4317
  61.1526
  14.1514
  8.94596
  8.19734
   4.1766
  3.64949
   4.5535
  31.8812
  37.1375
  24.3109
  9.73294
  10.0611
  44.9227
  44.2067
  59.1032
  19.2496
  17.5672
  14.5189
  11.4681
  2.90281
   12.844
  2.22917
   17.014
  9.27925
  1.93632
  41.7589
  10.7776
  13.2083
  14.6494
  21.7861
  1.71337
  18.8723
  5.81703
  9.70666
  11.5727
   11.471
  14.9972
  23.8895
  13.4875
  3.22598
  2.87761
  11.2707
  5.16418
  10.5857
 0.955759
  9.64069
  49.0943
  5.39122
  1.04876
  2.03021
  49.5316
  14.4579
  0.35166
 0.498266
  7.57995
  49.6936
  10.3878
  31.8232
  7.74118
  29.8151
  8.24624
  9.24382
  7.78879
 0.597046
  11.4809
  11.6251
  15.0342
  15.8328
  48.0316
  13.2547
  21.4125
  8.68769
  35.7295
  5.05192
  48.0117
  8.20281
  8.99946
  15.5429
  12.7477
  7.74138
  3.64898
  2.57534
  7.55922
  6.05121
  60.5513
  9.39865
  26.0674
  11.4874
  4.85157
  22.4728
  1.93722
   15.661
   3.4408
  4.06778
  8.02495
  30.1903
 0.448187
  36.3412
 0.519759
  7.20204
  4.58823
  20.7755
  2.95703
  1.60272
  15.3467
  58.8263
  19.9281
0.0251419
  45.4943
  42.8166
  7.93638
  13.1453
  32.7607
  9.86631
   5.0905
  7.45051
  6.64457
  4.94961
  8.91891
  13.5892
  14.1614
  12.6313
  5.49401
  4.17713
  6.12192
  1.73198
  2.55202
  17.4907
  30.1085
  43.6093
   56.827
   33.891
  2.01014
  25.2691
  33.4715
  8.65048
  3.27146
  7.97504
  15.9393
  17.7661
  13.8258
 0.653805
  2.74261
  13.4999
  14.4538
  39.1199
  1.19497
  27.4511
  1.48303
 0.714956
   4.8289
 0.409125
  34.0762
  49.0737
  15.8428
  14.8411
  17.3947
  18.2613
 0.307897
  10.0007
  6.42194
  11.6876
  4.95175
  46.2542
  19.4554
  7.47823
  16.6186
  35.0613
  2.20375
    9.553
  14.4973
  10.5507
  12.3655
  44.5974
  18.5931
0.0868754
  2.03757
  16.9379
  17.5769
   8.2199
  4.52768
 0.651751
   13.393
  5.55188
  4.36505
  36.0291
  34.8535
  6.59303
  14.1017
  10.0232
  10.2886
  14.3259
  3.82998
 0.795091
  15.6959
  13.6394
  20.8877
  13.5951
  19.7212
  53.6709
 0.766373
  15.7883
  12.7553
  65.7909
  57.2869
  12.6018
  45.7758
  18.6174
   18.208
  10.8466
  2.89532
  6.40669
  3.77903
 0.433495
  61.3126
  6.18073
  4.20958
   1.7669
  39.1966
  40.6903
  16.2938
  52.6323
  11.7816
  15.2508
  17.1539
   36.163
  33.1949
  2.13771
  24.4858
  59.3478
  59.3072
  12.9207
  4.58148
  13.8955
  11.6692
  2.66144
  3.84453
  18.6178
  45.3549
  34.9089
   12.987
  19.3236
  14.2205
  61.3669
  52.1377
  40.9996
  19.0357
  15.7097
  12.1997
  11.3249
 0.957654
  3.37334
  49.2503
  73.9204
  56.4415
  22.7641
  12.5184
  19.3146
  14.7901
  11.0414
  13.1499
  8.44886
  7.10672
  3.40708
 0.763125
  11.1845
  51.9927
  30.3424
   36.236
  25.1974
  23.2131
  33.6668
   1.0151
  13.3761
  39.2478
  2.47556
  25.9584
  7.68357
  19.9869
  46.1731
  37.5841
   61.252
  40.5563
  38.9404
  26.6456
  5.57408
   15.241
  13.3618
  13.2378
   1.3581
  7.70412
  34.7278
  19.7645
  66.3697
  40.5003
  49.6983
  3.17152
  59.8071
  61.5626
  50.2232
  61.7712
  13.7645
  27.7533
  33.6743
  61.9457
  59.7524
 0.918934
  50.0581
  53.8042
  12.3003
  3.57555
  65.1546
  11.2564
  27.2784
  5.16613
   34.049
  37.5093
  58.2698
  40.0143
  11.2268
  51.4421
  48.2644
  28.0128
  25.8719
  31.1917
  12.5854
  37.8053
  22.1186
  5.47756
  33.6049
  4.86029
  11.8708
  9.22096
  47.2015
   7.1838
  5.31512
  7.06515
 0.290361
  38.1897
  17.8221
   30.175
  19.7154
  4.57206
     11.3
  11.1153
  1.47755
  5.17083
  1.82585
  46.0417
  7.92463
  17.4243
  13.7966
  21.7175
  25.2586
  5.10039
  7.36194
  14.9554
  5.40414
  34.9213
  5.38287
  18.0227
  18.4227
  14.6044
  15.1478
  10.4401
  1.08152
  13.1487
  16.3818
  5.62774
  27.8011
  7.99525
 0.649468
  18.6327
  30.5286
  21.3394
  18.0168
  8.01351
  1.69459
 0.235292
  12.9139
  5.17517
  5.18632
   12.929
  15.7546
  8.22245
  31.6347
   41.624
  10.7153
   23.156
  34.2932
  38.0395
  1.87648
  47.3807
   2.0857
  5.25127
  18.7601
  1.28243
  17.1952
  2.37153
  15.1478
  15.9235
  19.9985
  1.55044
  8.97206
  13.0582
   19.254
  15.3649
  20.6862
  33.1643
  72.1969
  10.6295
  25.9826
  44.2897
  29.8656
  28.0848
  63.9716
  64.3077
  10.5994
  16.0128
  8.37358
  9.89875
  14.0753
  6.31517
  17.5598
  13.3819
  10.5786
  11.2153
  22.9447
  28.7866
  38.5903
  61.8827
  48.8354
  60.0963
  44.2115
  48.4066
  73.5362
  72.4937
  42.6595
  11.2094
 0.399248
  6.08132
   55.274
   40.965
  63.4662
  56.8981
  27.6292
  42.9214
  29.7783
  30.2144
  34.4723
  41.6503
  52.5395
  7.69109
  10.3214
  16.2338
  1.41501
  10.0873
  16.9337
  1.16271
  41.3531
  37.6593
  8.98067
  11.2928
   13.389
  12.7487
  27.1636
  41.1257