    1.57562
     3.8001
    7.26188
    27.0247
    27.7861
      27.54
    10.5148
    13.1697
    20.3768
    9.16109
    22.7869
    21.3338
    23.8172
    31.6816
    30.7592
    61.0023
    61.9481
    24.2115
    23.2571
    35.4165
    25.1252
    32.3479
    31.7939
    34.1017
    34.3604
    28.5789
    20.4866
    28.1496
    29.6925
    46.5733
    47.4123
    39.3509
    41.4931
    56.3757
    58.0697
    18.2694
    3.19022
    12.0029
    10.9915
    4.82117
    12.4283
    1.52114
    7.01078
    1.82293
    1.92253
    7.68998
    2.30471
   0.426623
    8.81944
  0.0562571
    43.1993
    62.1613
    30.4339
    27.1355
    39.0786
    2.16992
    2.72879
    3.06274
    11.2396
    9.81999
4.88244e-05
    1.79447
     50.521
    47.9344
      16.72
    16.6565
    1.97807
    30.5141
    50.3077
    52.4035
    52.2247
    26.5038
    34.2759
    58.9549
    55.2635
    18.0279
    7.21549
    24.3338
    20.7568
    19.9504
    14.5428
     18.965
    36.2632
    34.1919
    22.3399
    44.7229
    44.7519
    43.1269
    43.6455
    50.4583
    17.4031
    19.5281
    23.9579
     15.441
    31.0721
    10.8439
    31.4224
    31.4992
    25.4033
    29.3362
    34.0839
    23.1829
    30.2275
    26.9374
    23.6486
    26.9053
    44.0037
    37.8642
    17.5076
    18.3473
    24.6424
    19.7912
    24.4144
    7.16811
    8.79032
    10.7677
    19.7163
    15.5045
    2.05041
    10.8834
    8.60069
    12.8487
    5.29867
    10.0238
    9.95683
    11.1337
    11.5789
     12.212
    12.1486
     9.5411
    10.4785
    15.7317
    6.31475
    15.8747
     7.1275
    15.8305
    35.3516
    50.1849
    28.4007
    27.6822
    31.9329
    31.5722
    18.3095
    29.6377
    26.6516
    31.0153
    11.7886
    1.02291
    13.9892
    19.1782
    36.5713
    20.0078
    20.5292
    13.8653
   0.704092
    1.02207
    18.2282
    33.1201
    14.9609
    1.67459
     14.364
    14.7706
    1.32553
    21.0636
    13.6253
    8.01938
    11.8516
    6.96299
     2.5564
    19.4659
    11.7319
    20.3295
    5.79243
    29.4038
    59.3303
    47.0302
    8.15745
    2.53592
    20.6836
    10.8745
    1.33395
    2.96961
    18.4532
    36.2985
    13.5173
    10.9092
    23.9638
    46.5654
    63.8234
    64.9764
    21.9024
    3.79332
    13.7938
    16.4187
    7.27968
    31.8867
    37.8846
    40.1685
    44.3141
    37.7371
    11.7366
    1.84516
    44.5673
    32.9751
    24.2297
     24.777
    27.7919
    28.4646
    39.6721
    23.9579
    13.9009
    11.6768
    3.92723
    15.8158
    1.41218
    29.1504
    1.05063
    1.14128
     0.8953
    12.5507
   0.455692
    12.6844
    13.7254
    1.26871
    4.48393
    8.36331
     4.4372
     3.7157
    39.7694
    22.2663
    7.32977
    8.22183
    55.8089
     8.8497
    11.9752
    2.97702
    4.18452
    3.44444
    47.5295
    46.9109
    11.8938
    8.95908
    25.2933
    25.8978
     6.1846
    9.11686
    13.4935
    2.03994
    32.8998
    26.2585
    23.4242
    10.8911
    23.7882
    18.1927
    2.46048
    16.4095
     10.917
    15.8654
    41.0127
    41.6643
    25.1684
    17.2211
    32.7721
    27.0521
    35.9067
     32.447
    33.6599
    30.8955
    10.6303
    28.8742
    34.6871
    31.6554
    34.4734
    32.2626
    30.2339
     64.444
    33.9545
    18.1004
     18.886
    14.9738
    2.88206
    15.8887
    18.9311
    21.0545
    9.65546
    5.05252
    14.5766
     5.9343
    6.81673
    17.3507
    11.5942
    12.4535
    1.72386
    17.0474
    7.83691
    20.9236
     19.756
     18.331
    21.5511
    28.4684
    30.9519
    59.8429
    28.8064
    29.6675
    33.5498
    31.2048
    14.3765
    37.7991
    27.7646
    43.7887
    48.7274
     40.128
    4.71973
    33.7801
    31.2152
    20.2957
    34.1961
    16.8456
     42.067
    45.4235
    58.9548
    52.7595
    3.63857
    8.43949
    17.3578
    28.6553
    25.6006
    19.0135
    19.9724
     27.659
    53.2492
    3.95047
    12.4696
    6.97118
    20.9446
    15.5955
    13.1436
    14.6024
    5.26016
     8.7128
    27.8947
    48.4175
    42.9846
    11.9637
    10.6689
   0.520972
    4.67714
    1.31019
    18.0544
    62.2551
    18.6986
    4.27226
    18.6768
    58.9479
    5.22203
    19.0761
     1.4119
    32.9962
    18.4893
    19.0484
    20.8156
    3.07439
    14.8814
    8.86352
    37.6552
    65.0856
    32.4424
    30.2417
    17.1875
    24.0998
    27.9968
    4.15041
   0.624421
    12.7595
    27.0912
    10.3226
   0.725899
   0.505266
    11.0357
    1.48695
     2.3636
    31.0627
    29.2869
    22.1088
    23.1557
     25.088
    34.1009
    27.8372
    30.6002
    12.8303
    11.4721
    16.2009
    10.8672
    25.0187
    25.8168
    24.2849
     35.296
    19.5431
    28.1553
    15.2176
    20.9741
    23.6571
    1.14863
    7.94665
   0.798548
    19.4857
    9.87175
    12.5559
    6.62791
    14.5829
    4.33936
    11.1552
    19.2201
    12.4533
    11.9613
    7.65735
    16.2981
    33.7454
    29.0573
    23.1786
    25.2896
    28.5174
    27.7926
    35.2971
    31.6405
    41.3316
    30.3026
    32.6688
    24.8784
    23.1167
    10.5332
    17.2415
    11.0383
    16.3037
    57.1816
    12.4177
    8.44836
    3.08248
    13.0124
    21.4618
    27.7108
     13.249
    22.6246
    2.22334
    28.9405
    7.16247
    9.16741
   0.171361
    2.09373
     1.4916
    15.0127
    7.84344
    9.14395
    47.6622
    58.2539
    54.2611
    6.84042
    8.22522
    2.62931
    3.34885
    6.72229
    11.9637
    7.83819
    43.8443
    6.72061
    35.9993
    2.43133
    43.0829
    27.0753
    26.5913
    44.6396
    40.2084
    66.1598
    17.2874
    14.4043
    8.43646
    35.5485
    48.5366
    22.6223
     16.335
    19.6499
    2.97194
     21.583
    17.8183
    5.03822
    7.93099
    19.9295
    5.54537
    3.35386
    4.86475
    13.7569
    13.7545
    12.1791
     54.656
    33.4989
    35.4285
    32.8516
    16.9847
    23.9419
     13.487
    14.5593
    9.55287
    14.5563
    8.69627
    13.1269
    1.58557
    1.36851
    1.98373
    12.6269
    25.2327
    31.0126
    13.1707
    43.8692
    42.5361
    30.4632
    22.8667
    16.9199
    33.4684
    36.8188
    23.3977
    12.1145
    4.44084
    16.2401
    15.9896
    23.3563
    40.7073
    26.1285
    35.2755
     24.886
   0.345185
    29.9522
    4.94411
    3.43195
    5.83899
    17.9445
    34.0552
    29.2855
    2.42845
    7.05347
    3.03374
   0.426118
    5.15759
   0.939535
    58.5638
    42.2308
    7.30451
    50.5236
    20.3207
    21.4621
    11.1877
    30.8472
    44.8727
    28.9507
     27.409
    56.1365
    49.5329
    32.5085
    49.4923
    10.5549
    10.6776
    12.3862
    6.88391
    15.7705
    29.6319
    31.2693
    28.8534
    11.6972
    6.42969
    38.0658
    36.4304
    23.8411
    19.7025
    4.26259
    35.4691
     19.518
    4.01057
    28.5981
    53.1993
    25.1498
     21.964
    26.2747
     5.9543
    45.2084
    7.44947
    6.25935
    24.3375
    24.6775
    17.5532
    49.3487
    34.1554
    8.11959
    25.4764
    24.3832
     24.145
    24.5805
    34.9572
    2.57852
   0.589819
    32.0143
    25.6498
    15.1192
    4.93427
    61.1297
    28.2848
    30.4771
    24.1417
    8.05187
    38.2728
    16.6209
    19.9865
    14.9604
    4.39714
    26.0102
    34.6665
     27.088
    23.4161
    24.2979
    18.2728
    23.5261
    24.5887
    32.4299
    38.0421
    26.3872
    28.2248
    7.62015
    11.7979
      56.11
    8.91735
    3.80232
    39.3565
    28.0759
    24.2873
    18.0271
    8.23631
    8.68338
    27.7645
    22.6448
    11.9674
    9.89061
    1.17529
    4.18216
    10.5417
    28.6177
    46.7383
    58.0389
    29.9661
    47.3579
    30.0275
    26.1013
     35.588
      57.34
    12.6493
    18.7986
    8.79242
    15.7765
     19.822
    20.0686
    34.8336
    20.3203
    11.4264
    4.88247
    27.7233
    18.6788
    23.1652
    21.0443
    24.4386
    21.0738
    48.6799
    58.6969
    40.8455
    6.42526
    33.0151
    23.2012
    17.3822
    14.6468
    17.0874
    14.5694
    3.31238
     23.389
     58.721
    36.9064
    23.5622
    28.6672
    24.8322
    27.2358
    28.8904
    17.9364
    8.49355
     15.183
    30.0944
     18.381
    23.0675
    6.96242
    8.36993
    6.71695
     29.301
    18.8805
    17.7406
    12.5483
    6.74393
    30.6569
    29.9729
     17.842
    1.36788
    1.51798
    9.10912
    37.4166
    22.6293
    22.6007
    28.2002
    2.60973
    22.0685
    20.7477
    45.5881
    1.21288
    28.2889
    26.8459
    35.6732
    38.0242
    36.8017
    23.0492
     16.493
    25.9682
    27.4075
    37.1089
    23.9303
     10.486
    31.6527
    7.80219
    11.6903
    21.2185
     6.8684
    14.8428
    12.5741
    22.1543
    30.0362
    13.8531
    16.1752
    50.8348
    27.2132
    52.3685
    59.5611
    21.2368
    18.3044
    19.8534
    27.7506
    21.8265
    5.96885
    3.49408
    23.0968
    12.4514
    3.45708
    25.0601
     33.927
    28.4442
    45.2281
    28.1729
    6.39957
    4.30727
    28.4335
    8.03655
    12.5636
    29.3245
    22.2591
    13.1905
    48.3686
    29.0498
    2.44241
    29.0171
    7.55355
     2.7749
    14.4589
    12.7777
    24.9001
    1.88558
    42.6201
    19.5396
    37.0519
    21.7225
    44.6856
    29.9424
    28.1143
    31.3411
     25.463
    31.4134
    12.7583
    29.5686
    26.9368
    13.7137
    18.4449
    30.7596
    15.5612
    22.2927
    19.4773
    21.8319
    49.0331
    29.4615
     31.368
    30.7091
    6.14078
    6.79551
     9.4681
    26.0816
    1.09033
    37.6573
    3.18225
     9.1798
    3.81778
     21.672
    47.6832
    23.5145
    42.7065
    32.7457
    21.8743
    25.9684
    26.7681
    17.9755
    24.0488
    43.4815
    38.8306
    38.1835
    7.44284
     44.713
    38.0855
     42.123
    35.7483
     17.038
    16.4149
     13.251
    15.1539
    14.1166
    41.2789
    28.8537
    13.1818
    35.6199
    47.0657
    40.0174
    6.94681
    18.5913
    47.1066
    51.5348
    15.5793
    41.7933
    54.9025
    1.55569
    8.11034
    10.0551
    17.2336
    12.2286
    10.7683
    15.4914
    3.41904
    15.2415
     16.034
    4.78144
    32.6971
    52.9022
    40.6215
    13.7162
      21.98
     10.575
    15.3762
    14.6287
    30.5904
   0.370469
    11.9644
    2.47944
    11.6005
    16.5314
    12.5833
    37.1486
    19.2775
    22.0411
    40.6814
    6.50177
    33.6341
    26.9719
    10.5956
    11.2578
    13.3607
     27.354
    32.2732
    51.1706
    4.24683
    21.8492
    13.1955
    1.43702
    19.4527
    32.4865
    33.0729
    10.0459
    6.89364
    12.6492
    43.7961
     18.341
    49.7835
    20.5025
    28.7202
    54.0992
    14.6828
    17.5522
    1.12403
    28.0695
    78.0982
    21.6562
    7.98855
    42.4084
     13.412
    9.29305
     35.562
    14.2381
    26.1414
    19.4359
    22.3264
    9.65806
    8.45675
    15.4973
    20.0158
    6.24398
    20.1291
    15.7717
    55.7597
    10.7154
    1.68606
    10.5994
     5.8538
    22.4577
    13.7577
    31.9143
    14.8899
    20.4296
    16.3829
    15.1334
    15.3148
  0.0669771
    21.3684
    11.0005
    2.80344
   0.726251
    22.5084
    21.6767
    24.1889
    24.6384
    25.2248
    15.0008
    16.3028
    28.2116
    11.7996
    16.2126
    55.6913
    14.3734
    23.4206
    55.4682
    3.47132
    8.14356
    27.0975
    17.2029
    9.17659
    5.85161
    24.8102
    27.3368
    26.4537
    1.08686
    51.6794
    48.0619
    24.8418
    27.3871
    20.0282
    21.6103
    33.0138
    4.53534
    9.42313
   0.157728
      31.31
    1.04483
    12.2858
    15.7591
    54.7862
    27.2294
    28.3665
    14.1895
    14.8172
    2.53938
    36.8825
    6.68947
    21.1928
    37.0561
    13.9994
    4.35854
    16.5232
    11.1007
    26.4228
    4.87187
    19.9445
    25.0147
    27.2345
     38.701
     38.736
    3.35454
    30.9242
    30.3122
    24.9778
    23.5374
    24.0943
    24.7896
    32.6908
    11.3963
    28.9901
    30.0403
    18.2545
    2.41121
    34.7905
    24.3212
    15.4459
    4.01611
    21.5015
    13.6651
    30.1729
    27.6297
    8.79203
    16.4127
    6.70349
    8.27834
    29.2992
    3.72985
    8.27834
    21.3763
    29.3198
    6.12235
    22.2699
    13.0521
    2.58639
    37.8068
    3.74106
     2.4332
   0.963183
    13.4315
    21.2952
    35.2365
    16.9546
    11.7633
    13.0739
    3.74477
    18.7324
    10.0045
    13.6786
     19.889
    18.5761
    34.9579
    54.7871
    16.1351
    25.2077
    13.3347
    13.3817
    7.59046
     4.5271
    11.7399
    9.68991
     18.854
    8.86048
    11.5306
    14.5542
    23.1621
    17.8968
    23.8589