 30.9812
 25.8447
 30.9297
 52.3738
 48.2103
 7.23191
 18.8114
 33.7001
 14.3112
 3.98349
 20.7372
 17.5528
  20.133
 32.1852
 29.2503
 23.3645
 23.0511
 49.7325
 47.2282
 54.9148
 65.0685
 40.7013
 48.3568
 45.2324
 43.4313
 9.60251
 26.1583
 30.6117
 9.07589
 8.51698
 8.42161
 11.1172
   8.106
 75.6993
 53.3861
 34.1832
 47.1457
 48.4991
 24.3089
  23.243
 22.9113
 55.7173
 4.00565
 8.88591
 33.2601
 12.7516
 16.1452
 42.6378
 50.3721
 19.5807
 19.5842
 10.6904
 33.1988
  10.615
 10.5074
 4.08984
  6.9348
 30.8975
 5.99708
 41.0699
 46.8697
 66.2697
 51.4601
 31.4068
 46.9089
 31.7234
 22.5111
 26.2397
 33.7436
 33.9843
 17.4748
 9.12563
 10.6803
 18.4026
 20.0003
 16.2276
 14.7986
 17.4454
  14.646
 17.9322
 9.24777
 1.20382
 7.42674
  24.795
 7.14435
 24.0247
 51.2395
 20.4522
 38.8025
 28.1813
 29.6814
 50.2328
 44.6599
 47.9944
 44.4519
0.480105
 50.2229
 41.6323
 18.7208
 40.0651
 28.0272
 5.13485
 16.8601
 5.67975
 7.96797
 2.48404
 33.0479
 31.3735
  34.601
 25.1918
 23.8123
 40.8659
 26.4677
 54.3828
 66.2352
  45.166
 62.3217
 68.6285
 41.4715
 5.83496
  3.3407
  18.973
 27.2954
 16.0814
 8.31853
 54.9409
 30.4976
 18.2235
 4.85749
 22.0997
 9.45654
 34.7532
 19.3522
  41.361
 28.0337
 4.32481
 37.6178
 43.5546
 30.4848
0.387149
 16.1044
 17.1142
 19.5439
 42.7449
  7.2914
 7.56507
 6.76402
 49.3845
 48.7054
 48.9536
 36.7946
 51.5157
 15.2285
 51.6438
 41.4524
 53.3983
 33.9243
 22.5111
 15.9551
 16.8707
 23.1066
 18.3034
  11.958
 12.4385
 10.5136
 5.75343
 12.2811
 11.0911
 22.5938
 26.4541
 17.4454
 26.8671
 36.6537
 36.9858
 30.9377
 36.1446
 49.9906
 22.8242
 55.1183
 34.1958
 59.3486
 49.7308
 64.9882
  47.003
 43.1098
 44.8478
 56.1448
 48.5869
 23.7074
 44.7113
 20.2901
 9.24916
 48.1306
 7.92211
 40.2421
  34.123
 32.8824
 21.2249
 50.3721
 3.44793
 28.7953
 27.3488
  6.3384
 7.98018
 54.8479
  71.589
 71.5892
 64.7219
 30.2796
 24.9736
 19.2695
 12.1903
 13.9114
 44.9427
 22.9054
 27.8191
 32.5602
 13.3075
 12.0405
 10.5693
 42.2649
 41.7362
 21.9757
 55.0707
 43.8406
 50.1162
 31.5849
 37.6121
 40.5223
 44.4036
 66.9018
   11.18
 3.56974
 47.9446
 44.9118
 43.1262
 53.7938
  47.939
 53.2637
 41.6681
 31.3566
 28.4989
 28.3714
 34.4881
  35.223
  37.917
 43.3392
 45.6245
 36.0366
  3.9579
 13.8114
  8.7613
 8.69753
 7.57582
 22.2513
 19.4177
 23.2839
 13.2357
 16.3186
 36.4697
 28.8756
 40.5088
 59.0396
 45.3861
 48.5696
 46.3982
  5.0571
 20.2379
 44.7466
 59.0051
 50.1686
  11.813
  17.343
 13.2007
 6.51632
 22.1483
 29.0277
 20.3865
 39.6202
 40.0916
 23.8127
 31.2674
 29.0352
 31.6799
 29.8077
 38.5042
 34.1268
 53.2531
 41.5564
 47.3466
 6.05077
 16.1447
 48.9059
 16.1036
 18.2583
 23.2336
 38.2616
 33.2927
 41.0932
 22.3154
 13.0363
 16.4424
 41.8169
 39.8513
 61.0694
 55.0198
 63.7617
 44.7992
0.920261
 6.10175
 10.4701
 1.95144
 50.9294
 19.5259
 43.3062
 31.3566
 34.4426
 34.4199
  34.104
  6.9579
 27.8506
 14.6181
 17.5283
 10.8118
 39.0898
 34.6742
 28.3403
  21.468
 50.4803
 43.0833
 44.3265
 49.1662
 52.7679
 45.7983
 51.3724
 26.6796
  12.968
 19.9669
 50.2603
 28.3976
 18.3196
 23.1665
 22.6833