1.41168
2.12733
2.36198
 2.9096
3.07688
4.46164
5.18296
5.71813
5.94552
6.07941
6.41533
6.49871
6.62276
6.82108
7.24879
7.25351
7.41484
7.85806
8.09028
8.47509
8.72076
8.73413
 9.3534
9.70662
 9.7251
9.75095
9.86047
10.1354
10.2539
10.3521
10.4165
10.4624
10.8853
10.9554
11.8232
 12.077
12.4493
12.7907
13.3798
13.4956
13.8862
13.9562
13.9699
14.1157
14.1595
 14.207
 14.316
14.3929
14.4226
14.5322
14.5596
14.6157
  14.68
14.8543
 15.528
15.6959
15.8176
15.8185
15.9815
16.0106
16.5205
16.7531
16.8488
17.4798
 17.681
17.6959
17.7557
 17.917
17.9444
18.0906
18.3082
18.3714
 18.419
18.4311
18.4628
 18.504
18.5115
18.5726
18.6182
18.6251
18.6634
18.9083
18.9104
18.9584
18.9625
19.2484
19.2529
19.6616
19.7849
20.0977
20.2538
20.4031
20.4695
20.7395
  20.78
20.8945
20.9401
21.1112
21.2217
21.3511
21.3805
21.6453
21.8432
 21.943
22.0438
22.1369
22.1724
22.3266
22.5368
 22.616
22.6171
22.8193
 22.886
22.9812
23.1181
23.4702
 23.593
23.6892
23.9605
24.1705
24.2352
24.2805
24.3775
24.4586
24.4805
24.5313
24.7559
24.7745
24.7773
24.7853
24.8553
25.4167
25.5109
 25.571
25.6306
25.7116
25.9346
26.2275
26.2325
26.3417
26.3598
26.3725
26.3927
26.6259
26.6649
26.7451
26.9413
27.0021
27.0185
27.0378
27.0776
27.2851
27.3195
27.3972
27.4089
27.6086
28.2781
28.3762
28.3937
28.5042
28.5796
28.6127
28.6891
  28.94
28.9751
29.0707
29.1457
29.1819
29.1878
29.2787
29.4849
 29.485
29.7637
29.8873
 29.897
30.0745
 30.092
30.4066
30.5038
30.5952
30.7004
31.0898
31.1254
31.3211
 31.346
31.3743
31.4051
31.4279
31.5015
31.5616
31.6759
31.7902
31.8531
31.9647
32.0243
32.0586
32.0828
32.1199
 32.294
32.3278
32.3606
32.6768
32.7044
33.0085
 33.024
33.0873
33.0892
33.1309
33.1941
33.2165
33.2506
33.2831
33.3186
33.4718
33.5323
33.5458
 33.762
 33.842
33.9177
34.0628
34.0901
34.0972
34.1684
34.2412
34.2577
34.2679
34.6855
34.7901
34.8833
35.0722
35.1621
35.1769
35.1898
35.3514
35.4441
  35.52
35.6191
35.7127
35.8368
35.9602
35.9834
36.4542
36.4837
 36.568
36.5715
36.7263
36.7431
36.7625
36.9451
36.9865
37.0117
37.1767
 37.195
37.2301
37.2413
37.3591
37.4159
37.5856
37.6899
 37.871
38.0549
38.1687
  38.19
38.2902
38.3822
38.5846
38.7008
38.9571
39.0485
39.1292
39.1374
39.2321
39.2671
39.3471
39.4692
39.4768
39.4788
39.5723
39.7842
39.8724
39.9011
40.0448
40.0981
40.1326
40.1637
40.2313
40.2995
40.3452
40.5381
40.5888
40.6608
40.7404
 40.889
40.8896
40.9798
41.1139
41.1773
41.2635
41.4257
41.4684
41.6103
41.9228
42.3418
 42.352
42.4317
42.5252
42.6073
42.7585
42.7855
42.9076
42.9154
43.0253
43.0296
 43.336
43.3797
43.4811
43.8425
 44.272
44.5973
44.6258
44.6547
44.6813
44.6838
44.7591
45.0274
45.2212
45.3644
45.3959
45.4403
45.5788
 45.664
 45.738
45.7783
 46.111
46.3742
46.3856
46.6415
46.6837
46.7939
46.8738
46.8904
47.0704
47.1121
47.1349
47.2008
47.4356
47.7347
47.8673
48.0431
48.1023
48.3046
48.4062
48.5685
48.8508
49.0549
49.1057
49.3979
 49.483
 49.539
49.6508
49.7432
49.8151
49.9049
49.9224
50.1029
50.1184
50.3713
 50.381
50.5275
50.5425
50.5852
50.6365
 50.682
50.6856
50.7442
 50.827
50.8578
50.9086
 51.103
51.2148
51.2545
 51.286
51.3966
51.6558
51.8076
51.8494
51.8673
52.0912
52.2082
52.3588
52.3764
52.5779
52.7753
52.9214
53.0119
53.2718
53.3838
53.4529
53.4682
53.5851
53.6938
54.0077
54.0479
54.0908
54.1607
54.3071
54.4361
54.6556
54.8141
54.9818
54.9848
54.9992
55.1741
55.3305
 55.432
 55.505
55.7472
55.8923
55.9662
56.0629
56.4976
57.0087
57.1515
57.1534
57.2277
57.2685
57.2762
57.6195
57.7405
57.8206
57.8951
57.9503
57.9895
58.0756
58.1689
58.2059
 58.312
58.3577
58.4753
58.8746
58.9215
58.9391
59.0303
59.0464
59.0657
59.0994
59.1166
59.3685
59.7557
59.8328
59.9543
60.0845
60.1364
60.2389
60.2921
60.3222
60.4884
 60.514
 60.863
61.0246
61.1189
61.2365
61.4324
61.4393
 61.564
61.8353
62.5478
62.8628
63.0586
63.0663
63.0815
 63.234
 63.388
63.5328
63.5695
63.7155
63.8125
63.8145
63.8335
63.8776
64.0158
64.0241
64.2546
64.3646
64.8962
65.1674
65.6191
65.8827
65.9874
66.2998
66.4496
66.9369
67.0378
67.1855
67.2312
67.3672
 67.377
67.3859
67.3963
67.4194
67.4337
67.5405
67.5815
67.5966
 67.617
67.8342
67.8531
67.9003
67.9017
68.0302
68.0919
68.1118
68.1964
68.3285
68.3629
68.3748
68.4602
68.6565
  68.69
68.8662
69.1938
69.2893
69.3779
69.3877
69.4767
 69.517
69.5234
69.5515
69.6311
69.6342
69.6765
69.7426
70.0461
70.2962
70.3983
70.6576
70.8817
70.9944
71.2366
71.4645
71.4656
71.4672
71.9743
72.1031
72.1908
72.2382
72.3596
72.4412
72.5292
72.5936
72.6633
72.8394
72.8686
73.2158
73.4145
73.4865
73.5507
73.6114
73.7147
 73.955
73.9636
74.1412
74.4396
74.4665
74.7956
74.7997
74.9942
75.0682
75.3769
75.6021
75.7066
75.7392
75.8005
75.8061
76.0036
76.5207
76.6668
76.7811
76.9325
76.9485
77.0033
77.5927
77.6005
77.6154
77.6567
77.8122
77.9335
78.1821
78.2317
78.3252
78.3556
78.3667
 78.456
78.6276
78.6922
78.7188
78.7416
78.7745
79.0757
79.1527
79.3119
79.3646
79.4248
79.7265
79.8777
80.0334
80.0533
80.2237
80.3458
80.4044
80.9874
 81.251
81.5462
81.5559
81.6623
  81.94
 82.052
82.0912
82.1717
82.2795
82.5473
82.6063
83.2744
83.4205
83.7314
84.3291
84.8235
84.9971
85.5231
85.5411
85.7587
86.0626
 86.167
86.1907
86.2182
86.2286
86.5378
86.5504
86.7148
86.7504
86.8769
 87.328
87.4929
87.4961
 87.505
88.0642
88.2358
88.2368
88.4324
88.5723
88.7423
88.7777
89.2858
89.8341
89.8863