   9.92219
   39.1895
   27.2466
    43.239
   2.70993
   27.7072
   45.6209
   35.4833
   13.2057
   47.7968
   34.5142
   11.3603
   7.42787
    19.675
   13.4199
   34.9194
   6.52715
   7.11555
   8.51564
   11.4942
   32.6459
  0.484367
   26.8131
   14.1706
   8.99787
   24.0928
   23.3783
   23.2034
   3.10469
   2.67781
   42.8661
   21.7993
   11.6196
   14.7074
   14.7583
   9.04547
   17.5632
   10.3265
   33.5508
   12.9507
   28.1646
   9.66963
   13.0089
   8.52396
   35.4275
   2.64424
   34.7314
   5.95435
   31.5705
   33.6525
  0.896148
   6.84708
   46.8025
   1.16688
   24.4239
   16.1983
   4.15573
   23.9539
   25.4493
   28.5051
   24.8848
   42.2669
   8.11179
    38.675
   26.9873
   34.4101
   27.3961
   43.1855
   12.4257
   3.92438
   7.34611
   3.67884
   7.17474
   4.74359
   4.42577
   38.7165
   34.9892
   5.28419
   19.8553
   13.2622
   4.72396
   8.27006
   3.84377
   11.5107
  0.619522
   18.9777
     7.922
   10.5475
   41.9048
   36.3574
    24.878
   42.4486
   19.3582
   34.8859
   24.2205
   15.7874
   29.0464
    48.529
   3.91335
   21.0005
   9.70293
   39.1515
    20.189
     4.894
   27.9495
   3.62684
   8.71911
   6.98831
   2.08016
   40.2634
   8.76019
   7.85327
    2.1694
    4.8898
   23.8846
   15.5627
   18.6935
   34.8548
   3.41569
    6.5395
   28.2116
   6.96073
   39.1999
   0.27518
  0.389886
   42.0375
   6.07094
   35.3865
    43.488
   35.2079
   47.4055
   2.83997
   30.1636
   37.7048
   33.5137
   30.4669
   29.5653
   4.15984
   12.1099
   27.3028
   21.0267
   40.1409
   36.9294
   35.1555
   6.38093
   8.94703
   34.4321
   24.0648
   11.5646
   8.17878
   41.8579
    12.845
   8.96039
   35.2839
      38.9
   36.5293
   20.2093
   23.3991
    28.656
   28.9705
   3.55204
   14.7598
   9.06379
   29.9786
   47.1914
   8.17051
   5.12068
   45.2504
   13.7763
   37.8661
   36.7868
   23.8514
    35.571
   17.7242
   28.8177
   19.4275
   15.7717
  0.328673
   50.4156
   44.0309
   22.7872
   31.5656
   32.3665
   19.5372
   19.1195
   18.1868
   29.2056
   32.5363
    13.871
   31.9414
   3.10121
   31.3619
   9.04414
   26.3896
   13.6279
   21.2731
   41.4637
   2.91082
   12.7595
   28.2384
   3.19144
   11.5919
   28.6245
   27.3652
   3.11467
   9.80787
   33.7868
    9.2391
   19.3225
   23.0861
   7.24528
   1.55876
   21.7418
   1.84155
    30.244
   34.2398
   30.5222
   17.7781
   19.4842
   22.5503
   21.5046
   18.1316
    19.362
   7.85966
    16.373
   35.2773
   6.88265
   14.5517
   10.8061
   8.96063
  0.490417
   11.3807
   33.9555
   35.4615
   20.1369
   15.1805
   20.2482
   8.19189
   26.5313
   3.64352
   25.6261
   39.7108
   36.5307
   28.7284
    6.6739
   33.0204
    42.273
    36.371
   9.44827
   30.0158
   4.66556
0.00235743
   39.3238
   16.3285
   27.7598
   10.0766
   30.2826
   44.3019
    29.354
   2.27703
   30.7129
   44.0259
   38.3807
   31.8967
   5.81505
   23.7898
    7.2919
   4.18319
   11.0846
   45.0462
   40.1772
   33.2267
   31.5658
   33.9132
   21.1006
   16.3576
   6.85232
   32.2631
   16.2865
   31.8006
     43.79
   5.52518
   13.4002
   44.9341
   4.43938
   43.8297
   11.2745
   28.7123
   42.6409
   37.4424
   41.2963
   19.7687
   24.0935
    32.723
   25.0694
   10.0483
   6.24998
    15.887
   11.5309
   16.6463
   35.5179
   2.76202
    31.074
    24.886
   28.0862
    23.566
   22.7342
   10.5428
   32.9054
   39.7485
   22.4198
   46.9071
   6.48732
   21.2104
   27.4139
   36.2627
   14.0951
   7.31707
   21.0192
   13.7656
   3.93566
    33.277
   29.1676
   12.8942
   40.8174
   26.0081
   5.34217
   2.00878
   7.40697
    9.5832
   17.9791
   8.66781
   13.6084
   13.8039
   30.1534
   5.12611
   18.1258
   17.7034
   16.4431
   29.8408
   15.4383
   29.8092
   40.6814
   45.0035
   40.0348
   10.4806
   10.7034
   2.88443
    37.228
   15.3543
   15.7574
   11.3617
   2.85307
    7.8392
   28.1768
   47.2416
  0.111803
   36.8605
   27.4771
    14.214
  0.445067
   4.01142
   35.5213
   4.01946
   23.1978
   11.2895
   7.02615
   20.1135
    8.6537
   38.7521
   22.8433
   9.32745
   23.8586
    12.825
   7.88397
   8.41695
   5.70758
   13.4489
   14.5616
   22.2419
   33.4251
   27.8717
   42.7952
   20.1593
   8.47336
   10.2917
   5.11272
   5.82876
   26.6621
   42.8776
   35.0229
   27.9375
   13.0982
   2.79763
   5.82239
   13.3286
   32.7023
   11.5242
   4.50605
   26.8598
   17.3894
   8.82552
   7.38676
   32.9798
   14.9606
   27.9758
   1.37036
   43.6573
   3.68699
   1.24144
   28.1574
   6.73078
  0.486611
   10.0981
   28.3107
   7.44727
   1.72228
   10.3435
   12.9866
   38.5723
   11.0784
   11.3991
   15.9099
   15.6211
   18.5285
   19.8505
   24.1513
   33.2359
   5.13644
   3.34574
   15.0187
   3.61779
    23.971
   20.1201
  0.343534
   23.0628
   22.4844
   33.1011
    2.6956
   6.21139
    12.098
   21.1171
   13.4852
   14.4803
   9.13033
   12.6389
   9.45865
   24.0968
   8.12004
   26.8721
   8.35665
   19.3032
   9.13709
   12.3734
   2.86303
   28.6815
   9.06154
   37.0651
   9.84123
   25.1136
   23.1644
   20.6736
    33.108
   8.33724
   23.2629
   11.5626
    40.213
   17.1094
   18.5163
   18.0436
   9.43054
   4.77623
   36.6422
   7.54829
   8.56377
   2.12837
    33.877
   6.76941
   12.1983
   8.36539
 0.0568672
   1.27512
   13.9664
   13.7491
   31.8489
   6.12393
   23.5048
   3.26211
    40.349
   18.0467
   1.33216
   8.26315
  0.746669
   5.23181
   27.5136
   5.47687
   31.4401
   8.41584
   24.9268
   2.90158
   10.6952
   27.4169
   17.2564
   6.90924
   31.8876
    5.8927
   4.24538
   4.64795
   36.1013
   7.63881
   12.1025
   1.80367
    3.9807
   14.9813
    38.676
   7.47509
   4.88797
   9.33342
   6.78108
   13.1702
    28.191
   34.2308
   3.33638
   26.6324
   33.6446
   11.2423
   8.11281
   42.5543
   4.75619
   19.5056
   8.36248
   14.4252
   28.6738
   16.6941
   16.2841
   16.9959
   1.27512
   17.4941
   26.8737
   3.62376
   21.4115
   12.5266
   10.9468
   40.1264
   45.3076
   6.62259
   16.4803
   26.1176