   18.0274
   20.4956
   5.13846
   2.06877
   3.42536
  0.970213
    20.684
   12.7371
   14.1536
   11.7187
   13.9973
   13.8432
   12.2219
   16.8092
   17.7639
   18.4321
   12.5401
   6.35956
   8.91946
    4.5771
   9.73437
   18.5498
   19.3509
   12.7564
   13.5218
   18.6216
   18.8252
   4.59164
   19.5561
   26.9162
   8.90415
    3.7322
  0.532794
  0.830528
  0.838691
   13.5093
    24.957
   3.36987
   1.19719
   4.19167
   2.96653
   2.57306
   5.94826
   7.54664
  0.162281
   9.08072
   6.59562
   3.01622
   15.3955
   17.7849
   21.7893
   5.38032
  0.239867
   1.14988
   9.74713
   6.56334
   9.45166
   17.5568
     23.29
   18.5813
   11.2955
   8.06121
   1.40231
   11.3945
   17.1388
  0.991911
   22.6341
   6.37641
   20.6348
   14.4744
   7.14747
   2.74356
  0.865854
   3.52012
   10.9099
   22.7586
   13.3338
   22.3043
   22.2367
     3.521
   5.53782
   11.4606
   13.1502
    7.0807
   11.5042
    7.3751
   10.0615
  0.433283
   27.3791
   10.8321
   17.8269
   21.1096
   11.8239
    14.577
   19.2202
   23.6132
   5.95294
    8.5166
  0.598884
   9.28906
   5.34827
   9.55692
   6.05235
   18.4556
   5.99813
   9.40074
   3.78768
   8.48533
   7.59188
   5.43318
   6.01331
   1.44811
   10.4041
    3.3035
   9.94365
   23.2658
   21.0793
  0.184525
   2.75291
   8.05028
  0.560454
   6.66822
   20.2148
   8.66247
   20.0786
    12.583
   14.3745
   17.3735
   18.6789
    19.434
   10.0533
   13.2803
   15.5125
   5.48058
   13.4715
   5.66611
   9.40981
   25.0447
    7.5714
   11.9117
   18.8306
   14.9636
    17.181
   9.22978
   5.86193
   10.5858
   10.2185
   18.3551
   22.2303
   22.5553
   22.6567
   7.82321
   8.83023
   2.00541
   8.46405
   2.76768
   3.35335
   8.05765
   4.74189
    1.3368
   3.00603
   1.58366
   26.3182
   5.46569
   20.4252
   22.9378
 0.0524796
   15.9731
   7.58465
   5.55981
   5.71182
   16.1909
   12.1216
   19.2165
   7.00057
   20.7693
   11.8342
   11.8476
   8.86277
   18.2117
   17.0384
  0.385117
    26.319
    8.7862
     7.246
   13.6853
   9.08398
   1.08658
   17.7781
    21.119
   22.8166
   9.97552
   2.31779
   20.1716
    21.246
   24.6451
   2.90321
   25.0937
   26.4389
   4.47278
  0.983176
   8.36762
   2.84627
   12.0232
   3.35838
   17.7742
   3.79713
   11.7678
   18.8392
   12.6245
   17.1739
   15.0311
   8.00587
   15.2863
   12.5305
    20.792
   1.67229
   6.65898
   4.53911
   1.44612
   12.3596
   26.9656
   26.9687
   4.68971
   1.91654
    17.871
  0.956166
   10.8454
   1.02221
   2.00849
   17.9188
   2.49906
    6.8502
   3.69144
   3.42556
   5.53125
   11.6643
   22.7429
   4.98709
 0.0653711
   20.2306
  0.789414
   1.07094
   25.3821
   10.1535
   27.3847
   3.24992
   1.25756
   2.24116
   7.17535
   5.25292
   9.62564
   1.05086
   1.18427
   8.21737
   3.10053
   22.4457
  0.861564
   17.9742
   22.6052
   22.6843
   2.21427
   3.20088
   3.39394
   1.98801
   4.64087
   12.1888
   3.16458
   3.97141
   9.30515
   5.92519
   29.0251
   7.79011
  0.805969
   15.8062
   17.3881
   0.69075
   2.70659
    2.9984
    7.3721
   6.11106
   1.82584
   4.39265
   4.20016
   8.14769
  0.179827
   16.1166
   2.02251
   23.5699
   11.1651
  0.543752
   10.0496
    11.511
   0.08906
   2.21083
   7.87645
   3.46129
   16.5206
   16.4463
   4.99266
   20.7052
  0.246044
   6.54894
   7.01581
  0.131202
   5.58417
   4.62457
   15.4374
    11.264
   3.20187
    15.543
   6.24933
   7.09074
    5.4627
   4.77731
    5.9436
   10.0811
    4.3134
   14.2346
   27.3654
   7.15185
   7.31107
   14.7543
   4.94824
   5.14642
  0.436316
   4.53241
    27.982
   25.4053
   16.0622
   8.01473
   5.06312
  0.895699
    7.3478
   15.8366
   22.7241
   3.78145
   5.09366
   6.32836
   6.13589
   2.58849
    20.297
   19.3612
   28.2551
   12.4201
   3.99115
   4.00725
   1.20986
      15.4
   8.01915
  0.839708
    2.5375
   18.3273
   27.5066
   19.1501
   5.32164
   9.86559
   6.23956
   23.0458
   5.02212
  0.903927
   4.49872
    8.2095
    8.3509
  0.777519
   5.40861
    4.8372
   18.2302
    24.702
   9.66945
   2.78607
   5.71137
    4.7661
   20.0482
   7.55471
   1.09492
    4.6106
   8.34536
    6.9441
   6.29354
   6.64138
   24.2897
   7.91673
   5.46576
   1.85843
   14.3728
   28.6182
   16.5337
   1.27108
   11.8779
   5.21122
   15.9788
   9.01977
   27.6898
   12.7051
    2.5496
   2.76867
   13.2122
   6.92498
   24.2936
   5.13548
   0.78682
   23.0991
   15.2789
   20.2848
   20.0505
   8.29855
   10.9313
   7.47011
    5.7963
   6.94649
   6.17461
    5.3908
   5.20183
    17.309
   5.71646
 0.0234372
   10.6755
   2.76582
   2.05387
      5.83
   18.1857
   4.71337
   7.65801
   2.12164
   1.52188
   8.34687
   4.26788
   5.31692
    5.9661
   1.13094
   7.83649
   6.88737
   4.94142
   3.05467
   18.5447
   6.09183
   12.7104
   3.15847
    5.7399
   13.5805
   2.84136
   4.50148
  0.703632
   1.92998
   2.63467
   1.95643
   15.5088
   5.56385
   9.07223
   5.80412
   5.30407
   17.7945
   6.73851
   6.28159
   5.01439
 0.0651636
   19.2808
   13.3826
  0.336648
   9.13666
   3.48046
   1.16977
   27.6228
   20.2513
   19.1004
   17.5695
   9.11879
  0.730073
   20.3295
   6.23322
   1.43127
   8.83051
   1.01583
   16.0083
   14.7697
   26.0405
   1.50463
   1.32204
   9.15141
   23.8673
   2.97886
   21.8064
    1.9865
   15.5298
   8.06176
   7.90524
   13.5209
   9.46596
   1.36854
   21.9871
   23.0249
   16.1747
   12.9337
  0.188398
    0.6881
   1.11604
   17.5847
   5.83259
   4.70707
   3.93277
    4.1215
   9.81864
    4.3062
   8.19209
   18.1865
   8.35886
  0.359412
   6.91905
   6.07745
   4.73207
   3.09767
  0.738902
   23.3949
   6.35993
   18.1737
   1.47217
   1.67594
   10.9215
   15.7768
   1.51017
   1.19838
   2.97682
    6.7686
   21.1924
   5.83042
   13.1338
    2.5813
  0.578416
   4.29792
   5.25728
   7.62322
    3.6194
   6.50612
   12.6036
   14.7692
   19.0671
   11.5586
  0.954848
   3.88863
   1.94066
   3.60071
   1.38696
   19.7307
     18.43
   19.4635
   11.5128
   3.34456
   11.9355
   15.7112
   21.7445
   9.34082
   18.9991
   20.1789
   15.3875
   14.2279
    20.145
   2.28819
    4.7703
   6.93783
  0.261427
   9.66415
   5.46939
   6.97705
   2.13001
   5.25727
   24.9103
   4.03852
   3.75648
    17.842
   4.92225
   6.13217
   5.42662
   23.4311
   11.9096
    6.9648
   4.89616
   27.5831
   4.55074
    4.2004
   3.00522
   7.60732
   4.78831
   12.4467
   10.6468
   4.12127
   24.4186
   26.0219
   2.00754
   9.14103
   33.2324
   24.4323
   3.12104
   24.8976
   5.14513
   9.80884
   6.13282
   2.96793
   20.4891
   6.89515
    13.299
   3.46399
   9.04178
   16.1272
   4.03391
   17.0359
   14.1405
   10.1337
   19.1414
   8.26049
   2.77364
    16.325
   16.5815
   15.0635
   20.2236
   3.25099
   6.84706
   20.8723
   15.9318
  0.811967
   19.0455
   3.80486
  0.435468
  0.135615
 0.0181682
      15.2
   11.3476
   27.6301
   17.5384
   13.6175
   26.7669
0.00536444
   17.6751
  0.417374
    4.5321
   2.47583
   9.93459
   21.7908
   2.89931
   19.5776
  0.512341
   47.7516
   30.4591
   20.5827
   20.3585
   8.75126
   20.8711
   17.4789
   7.59802
    6.5598
   38.5279
   17.0592
    16.976
   13.0923
   10.8066
   3.44154
   26.4013
   6.94769
   17.3914
   1.25892
   1.02236
   21.3745
   8.37972
   8.15391
   26.8243
   7.38901
   17.4425
   10.0329
   2.57802
   1.04088
   7.66778
   3.97886
    9.5911
   2.73486
   2.01114
   4.03156
   3.99388
   5.69179
   3.58869
  0.390796
   23.4675
  0.281258
   10.1639
   1.33158
   9.43831
   10.4683
   3.18693
   1.34645
    14.966
   15.6291
   4.66944
   3.54618
   4.13553
   13.9272
   25.8803
   14.0285
    5.1563
   1.48622
   5.17384
   43.2237
   17.4053
   7.26168
   7.33751
   7.46716
   26.3476
   5.33586
   1.27663
    2.2957
   1.25069
   1.68167
   10.0731
   40.0437
   23.2503
   5.21122
   5.15097
   4.15428
   5.18988
    6.3535
   5.04773
   4.08467
   1.94354
   7.49788
    30.082
    2.0409
   26.7228
   4.95807
   9.86976
   5.57483
   17.0044
   17.4216
  0.418434
   2.83706
  0.607345
   4.09921
    3.7534
   4.91094
   17.1956
   1.30446
   11.3316
   5.62867
   6.31566
   30.4406
  0.681707
   16.7995
   6.80548
   21.4675
   18.6228
  0.776998
   22.9756
   9.25594
   6.10787
   8.83889
   20.0711
  0.362511
  0.974109
   28.8687
   1.33929
   26.5977
   24.5384
   2.24844
  0.774655
   22.2404
   2.92023
    15.464
   2.44583
    23.722
    3.6511
   2.02474
   10.0435
   9.98663
   4.38097
   2.70238
   4.53243
   4.29548
   6.56773
   11.0496
  0.434441
   25.7607
   6.22877
   1.43333
   3.84129
   18.1433
   24.7067
   13.5131
   27.0447
   1.91279
  0.560549
   11.0774
    13.166
   7.58393
   8.78557
    6.5396
   16.5265
   1.95672
   21.9504
   4.10649
   15.6697
   27.0447
   2.41022
   25.4865
   4.82012
   19.3036
   10.0731
   23.0855
   23.8716
   43.0732
   12.7476
   19.8234
   27.5168
   18.9432
   26.4106
   7.57404
   2.85442
   12.1091
   7.55617
   5.37177
   4.44026
   16.7615
   15.7959
   10.5063
   16.3666
   3.25024
   8.15017
   9.49714
   24.1764
   27.6606
   0.60722
   1.86616
   9.13609
   4.36821
    8.2275
   8.80784
   15.5277
   10.5957
   17.0424
   1.51663
   3.28797
   13.9615
   10.5497
   50.9159
   19.5064
   8.62771
     19.88
   2.27407
   4.90364
   8.08722
   6.00665
   2.98406
  0.575161
   6.49299
   7.75568
   3.00659
    29.125
   15.8812
   7.27818
   34.8506
   29.7477
   33.6844
 0.0732259
    1.6253
   25.8946
   24.1897
   30.4826
   25.4089
   30.3873
   12.5466
   9.55953
   37.1317
   7.78323
   26.5591
   23.9463
   36.1917
   36.2769
   33.5002
   32.7021
   1.41063
   11.1026
     19.61
   11.1443
   28.0219
   5.54597
   39.4597
   28.7115
   12.6779
   16.8594
   2.48219
   5.85189
   5.85019
   13.7805
   39.8811
   9.93679
   5.80636
   19.3873
   6.24765
    8.0372
   2.10418
  0.907898
   22.2834
   1.05413
   3.81177
   11.9059
   9.37335
   3.53139
   11.5662
   28.9594
   17.6211
   5.38279
   23.6132
   12.4923
   6.75982
   28.8335
   18.2074
   38.3484
  0.638418
   9.53957
   22.9567
   14.6988
   2.77398
   33.2103
   20.9737
   1.85366
   10.0073
   14.9279
   30.4681
   3.66822
   19.6593
   11.5084
   5.15384
   35.1525
   15.8383
   11.2581
   23.8224
   24.3296
   1.19179
   4.35586
   2.34448
   5.37562
   13.9947
  0.156906
   10.1369