  56.9249
  24.9572
  35.8475
  56.1965
   47.927
  65.7691
  65.3825
  68.0992
  44.8729
  55.3411
  69.4327
  66.9187
  69.6965
  69.3891
  66.8445
  62.5648
  56.3596
  7.36029
   16.768
  44.1009
   57.847
  56.0643
  27.2183
  2.90271
  38.9518
  42.5111
  59.7055
  58.9322
   68.613
  62.5028
  56.4423
  58.2596
  54.8537
  55.5813
  45.9084
  46.0768
  45.7324
  69.9686
  60.1392
  59.1953
  30.1559
  43.2443
    48.43
   28.791
  56.3868
   25.821
  48.4226
  55.5486
  53.6263
  56.2001
  47.4881
  47.1499
  47.4103
  56.5025
  61.7044
  3.11027
  9.59232
  23.7126
  6.71737
  14.5448
  2.38435
   37.558
  60.4638
  24.8511
  15.7948
   6.7879
  5.31001
  49.2094
  81.2732
  91.4653
  56.1454
  33.8581
   28.063
  18.5593
  32.5235
   67.571
  70.2061
  65.8559
  68.5745
   31.713
  36.3528
  26.7057
  32.2076
  13.1603
  10.3781
   42.557
  12.9778
  54.5626
  68.1156
  68.1769
  56.5833
   57.647
  71.2013
  46.7352
  43.2541
   59.641
  62.3012
  61.0498
   18.969
  47.6844
  54.8227
  46.9529
   45.003
  42.4885
  32.6579
  11.1597
  42.8171
   30.174
  41.3949
  59.5182
  51.0628
  58.7673
  48.7608
  58.0938
   63.352
  66.7384
  40.4901
  53.8964
  60.2438
  6.27891
  12.7238
  26.3793
  14.5093
  8.61285
  18.8685
  35.7988
  36.0745
  59.4026
  57.8742
  11.2233
  60.7562
  26.1779
  22.6976
  48.4267
  65.5445
  90.4941
  49.0505
  66.1638
  52.7159
  53.4927
  52.0569
  67.2762
  18.2015
  34.9544
  39.2157
  32.3772
  49.9698
  49.5213
  37.0712
  71.4929
  43.5016
  45.9365
  66.2743
  54.1594
  62.1703
  49.2234
  51.5423
  1.40242
  23.3961
  17.8737
  20.1518
  17.6489
  40.5991
  54.4589
  57.4461
  1.22882
  46.1346
  49.1979
  67.2311
  19.5592
  1.22565
  64.0798
  6.91612
  7.95952
   45.046
  53.7464
  45.5009
  31.0668
   27.062
  27.0579
  27.0248
  30.7907
  61.7921
  69.0022
  62.4536
  56.4081
  42.2507
  48.4893
  45.5499
  41.7158
  60.8331
  15.8159
   45.046
  44.2904
  34.7498
 0.246562
  1.85163
  3.30667
  19.5318
   4.2688
  43.0264
  2.25827
  6.12618
  16.4218
  17.5168
   16.391
  71.0968
  9.77033
  12.2412
  8.76039
  57.2101
  17.5168
  24.9013
  8.51648
  1.39861
  11.0765
  20.0608
  65.7267
   57.709
  16.6554
  26.4022
  11.3277
   19.659
  28.5245
  14.2253
  8.72894
  17.4514
  7.74543
  57.8979
  88.7377
  27.3049
  7.90644
  5.27841
  63.3284
  11.4609
  12.4082
    22.33
  1.07393
  7.36227
  14.3473
  12.2074
  14.5367
  10.7668
  14.2646
  43.6321
  29.5581
  59.6795
  4.50848
  3.93429
  5.47917
  13.1654
   27.646
  63.2079
  27.7231
  36.9878
  29.7214
  14.3697
  19.4849
 0.781397
   16.729
  19.2115
  24.0061
  10.8966
  2.33555
   5.8906
   15.452
  47.6132
  5.99688
   44.698
  47.6528
  6.65103
  25.3852
  18.4196
  3.35256
  45.5212
  47.4103
  43.4634
  3.14499
 0.239964
  37.6389
  26.5334
   35.668
  4.13255
  4.19501
  42.9741
  26.1091
  58.7505
  17.6615
  7.25659
  12.6495
  1.24322
  5.03761
  4.25358
   11.959
  27.2331
  62.1432
  60.1304
  65.6486
  18.3264
  17.1707
  59.3176
  16.4606
  61.8803
  7.17671
  5.65212
  70.4968
  53.7156
   54.517
   12.365
  16.7474
  19.6265
  55.1135
   19.607
  14.6664
  20.7121
  35.6041
  22.2066
  34.6107
  40.1973
  18.5128
   13.688
  18.0613
  17.6816
  6.08454
  10.7712
  29.9236
   36.592
  5.15291
  1.47694
  38.8596
  23.5651
  20.9935
  22.0102
  4.87125
  59.7197
  52.8256
  16.2702
   8.7754
  4.32717
  9.82671
 0.124482
  7.12975
  26.9588
  48.7173
  45.5717
  12.6987
  43.4915
  5.09947
  54.1809
  14.4904
  6.64605
  11.6741
  6.05622
  6.88829
  6.06276
 0.974407
  4.34126
  7.36462
  58.3025
  68.1871
  24.9023
  27.1102
  33.9231
  13.5149
  28.1067
  56.6091
  58.3467
   1.7545
   6.4873
  9.29059
  21.0508
  37.9389
  2.95036
  25.2988
  8.66287
  5.86666
  17.6725
  20.6603
   21.598
  59.3956
  51.4445
  33.4072
  43.6795
  36.6621
  47.4108
  48.5188
  47.9934
  20.8182
  7.42176
  19.0637
  3.19398
  33.0049
  9.03616
  10.5915
  32.8031
   44.663
  29.1601
  49.9132
    39.81
  41.4406
  3.42472
  12.8729
  6.00801
  6.37076
  18.6026
  2.94645
  62.3118
  42.1629
  5.98698
   55.612
   3.1631
  27.2624
  12.9347
  9.68875
  5.06856
  17.6037
  56.0339
  51.5193
    10.84
  19.0404
 0.412457
  29.8562
  16.1172
  44.0984
  52.0227
  29.1625
  4.70294
   5.1396
  7.10768
  10.4014
     47.4
   11.643
  5.14384
  8.72943
  41.2154
  5.68495
   24.031
  10.2206
  14.1286
  57.0368
  56.4483
  1.32282
  35.7895
  37.2697
  8.45333
   11.759
  65.7566
  39.0803
  30.1604
  4.32746
  17.9177
  24.5485
  30.0282
   53.878
  42.4853
   46.538
  33.7861
  3.45174
  62.2738
  52.4365
   63.969
  21.3998
  50.0346
  45.9038
  13.4602
  22.3638
  19.8622
  23.8331
   41.787
  11.8969
  45.3132
  52.4103
 0.044714
  61.0794
  43.0027
  15.5099
  20.2131
  45.4695
  6.91122
  17.9717
0.0318176
  51.7979
  14.5813
  1.58362
  1.01965
  6.02474
  9.50923
  12.6581
  6.17073
  24.7688
  2.73274
   2.3053
  14.7701
  2.02672
  51.5743
 0.923656
  13.4946
   52.092
  49.0031
  7.65514
  5.17993
  57.4252
  3.66713
  11.3638
  1.23506
  11.1882
  62.5202
  68.9041
0.0466161
  44.2604
  35.6061
  13.0729
  9.99333
  1.62679
  17.3432
  32.3277
  11.0804
  1.46128
  61.9601
  6.49618
  34.1653
  8.51721
  25.2792
  60.2469
  38.6637
  5.82413
  15.5265
  14.2499
  40.3724
  11.3657
  8.84015
  0.66077
  58.9243
  48.1685
  4.68125
  4.66614
  19.3963
  14.9319
  6.15954
0.0853126
  17.4322
  62.3988
  70.2336
  54.9988
   12.736
  41.4555
   1.7939
  42.6866
  35.0204
  3.52623
  2.15719
  8.19344
  12.2686
  4.54536
  6.87281
  30.6029
  5.66326
   49.227
  3.74277
  5.04968
   4.7647
  9.41488
  6.01396
  11.9396
  16.9359
  53.8873
  55.9779
  4.26297
  21.1807
  52.8893
  53.5545
  55.3846
  26.3651
  43.1852
  1.54989
  58.5624
  51.0224
   59.072
  18.9802
  2.99998
  23.3698
  12.8393
  27.2749
  2.42117
  3.26555
  78.8915
  1.96552
  6.50306
   17.917
  6.94543
  24.1703
  16.8975
  14.3646
  23.0591
  11.0534
  71.5186
 0.156639
  16.4042
  46.6525
  13.4153
  30.5059
  27.3853
  4.39569
  15.4225
  31.5064
  4.36073
  8.98176
  52.1796
  88.8271
  63.7729
  3.68129
  48.9608
  39.6836
  63.3202
  15.2115
  30.3325
  28.7386
  66.9302
   28.539
  47.0311
  6.77796
  46.7619
  45.4198
  24.1013
  56.0591
  20.0819
  49.2479
  29.9211
  56.5214
   16.799
  4.70296
  29.1043
  45.1289
  45.8504
   22.194
  28.4687
   13.125
  41.3935
  7.85884
  4.30365
  5.55797
  41.6752
  4.79414
  11.7964
  38.5646
  62.8449
  19.7901
  43.7122
  26.6007
  6.23503
  16.3719
  42.4118
  24.5344
  1.42965
  33.4891
  16.7311
  57.1109
  21.9628
  22.0154
  3.80288
  10.4203
  9.76625
  13.8609
  3.00226
  43.3498
  37.6041
  11.8124
  20.2376
  16.2511
  7.80868
  37.6004
  12.2124
  57.1687
  1.34908
   13.815
   17.199
  2.33652
  1.62234
  3.37959
 0.248616
  3.84155
  53.9383
  48.2347
  19.3264
  1.51164
  15.6239
  55.9727
  25.9542
  61.3665
  58.7265
  12.4484
 0.424449
  53.2416
  58.7529
  49.3381
  9.09106
  4.54606
  8.03799
  21.8646
  4.43402
   2.4356
  27.4747
  11.3224
  1.36331
  6.34452
  66.3677
  56.6295
  13.0346