   15.482
  13.0155
 0.181028
   25.141
  26.8703
  27.3029
  8.84816
  11.5028
  19.0004
  19.1709
  27.2555
  30.2713
  20.2428
  22.6977
  24.3823
  55.2597
  48.8896
  23.4092
   25.179
  18.9346
  20.2802
  18.6519
  19.6411
  27.8325
  28.6659
  6.63905
  10.0171
  1.18019
  4.16665
  32.4656
  34.9926
    34.28
  39.1591
  43.8871
  43.9776
  4.10103
  1.05996
  13.5726
  3.73821
  12.2321
  7.78292
  1.27155
  11.6709
  8.64817
     1.67
  2.34776
  8.23907
  2.54208
 0.543099
  2.49743
  10.8114
  39.6208
  56.4555
  41.1229
  45.4011
  30.1242
  4.22333
  13.4756
  6.29398
 0.868827
   11.835
  3.84196
  37.7184
  19.6472
  9.27048
  1.46978
  7.72286
  2.29095
  40.8524
  40.9913
 0.303062
    6.613
  42.2354
  12.6286
  13.4771
  1.73975
  11.2238
  12.0663
   1.5628
  3.21666
  4.36786
  5.98752
   12.644
  35.3314
  34.1321
  28.9715
  29.8816
   38.302
  20.8692
  26.9007
  25.6635
  24.4057
    24.77
  16.4136
  24.7176
  27.7427
  20.1435
  24.1614
  22.3027
  28.3375
  19.1602
  2.15927
  20.2942
  17.8117
  32.3576
  21.6992
  29.6593
  25.3543
  19.1272
  31.0854
  23.2229
  11.9014
   6.1702
  3.61477
  3.11888
  10.8685
  2.53198
  22.4932
  6.56922
  11.1901
  18.0141
   6.9932
  10.9285
   11.295
  11.9142
  12.0708
  9.72127
  30.4103
  28.5425
   8.7315
  5.44508
  4.06335
  5.27108
  6.87008
  16.1371
  42.1022
  20.1152
  21.0688
  25.7256
  14.8204
  25.1484
   6.7013
  24.2332
  16.3981
  26.6038
  9.28505
  4.29601
  10.8996
  12.8151
  7.30719
  18.2414
  18.5582
  12.2533
  11.7662
  1.81733
  2.87638
  8.53332
  4.59447
  2.01192
  3.55837
  10.9597
  2.15521
  6.96249
 0.553294
  6.96768
  11.2626
  3.64856
  8.01449
  3.21758
  10.7289
  9.57736
  12.5788
  33.6085
   19.614
  43.9973
 0.492678
  3.68143
  4.60775
  7.05827
  6.17563
  12.4664
  22.5369
  24.9906
  8.82431
  5.43292
  9.81688
  10.7248
  24.7004
   47.692
  52.3642
  27.3663
  12.2348
  0.71919
    24.11
  4.22468
  31.3616
  38.7504
  29.8893
  31.6827
  34.5506
  3.02375
  3.49433
  32.7452
  15.6773
  18.6221
   18.476
  23.5686
  1.86296
 0.746215
  25.6635
   10.605
 0.770164
  8.62268
  7.30827
  11.6435
  2.47494
  1.80886
  2.49308
  1.04869
  5.22383
  6.44608
  2.09594
  9.62687
  11.8782
  8.54619
  5.18869
   4.7315
 0.343988
  53.7236
  37.9661
   2.1174
  2.25592
  30.0865
  1.10789
  13.3321
0.0456463
   5.4544
 0.548631
  33.4842
  17.9606
  4.71656
  9.39603
   3.7418
  12.6245
  10.9835
   12.764
  5.22502
  10.1725
  2.72645
  12.1337
  5.45782
  5.03607
 0.993678
  12.9504
  18.1299
 0.435123
   7.8574
   6.2029
  37.5888
  30.1942
   18.242
   24.535
  15.9242
  22.5406
  21.9696
  18.0114
  12.1067
  10.1328
   12.001
  10.8657
  19.0435
  24.9955
  27.4175
   20.184
   29.868
  51.8454
  13.7464
  29.7704
  27.9918
  26.1339
   6.4996
  7.46602
  4.24522
  25.8946
  3.64747
  18.9138
  15.4005
  18.2099
  19.8942
  19.2226
  4.02864
 0.703684
  4.36551
  11.6888
   13.972
  21.5444
  20.2753
  28.3652
   26.676
  21.6446
  19.3424
  39.6626
  25.9461
   22.864
    15.86
  16.6631
  21.7189
  2.21743
  33.1825
  31.8334
  39.6757
  32.9532
    14.64
 0.491398
  5.72215
 0.721318
  3.44808
  3.91714
   43.606
  38.5516
  42.2351
 0.907181
  14.2074
 0.310762
  11.4594
  2.49528
  13.5163
  3.69268
  2.09146
  29.6955
  1.53035
  6.05822
  1.30028
 0.940396
  4.35612
  11.5133
  4.14597
  9.13766
  3.22087
  31.1778
  39.0151
  10.3258
 0.412669
  1.60615
  14.2471
 0.333456
  16.0424
  8.23423
   2.6429
   4.6815
  2.73585
  19.7035
   12.949
  4.59005
  5.24579
  12.2324
  11.2297
  1.24507
  20.9625
  15.9063
  11.4997
   7.7901
  31.4121
  49.3105
  19.9757
  19.6646
   7.2106
  1.23668
  2.33246
  4.13023
  4.45962
  4.84062
  5.52085
  1.80109
  2.34823
  10.4292
  9.82485
   4.3102
  4.90937
   1.2633
  2.03199
  5.23656
  14.0144
 0.980265
  1.84941
  25.8078
  15.6883
  4.44402
  4.27555
  6.50432
  15.9615
  20.4075
  21.0412
  23.0517
  26.4946
  3.81647
  27.8133
  26.7309
  28.0769
  19.4615
  7.27211
  5.92444
  2.41123
  4.19832
  2.51896
  4.53249
  20.0402
  13.2704
  18.4966
  8.98385
  11.8645
  6.19049
  16.6852
  11.8001
  6.35089
  25.3616
  16.2362
  18.6886
  28.2477
   19.989
  10.5285
   4.9125
  11.7681
  28.0965
  32.4184
  35.7576
  26.3519
  18.0101
   6.4826
   6.4755
  4.36147
  5.30213
  10.0092
  5.13311
  12.8694
  1.75773
  2.52728
  0.44735
  3.26534
  11.8721
  5.41862
   12.366
  36.0171
  1.21792
  4.65366
  3.76968
  9.22364
  4.40931
  1.04786
  4.58541
  1.33426
  46.3756
  53.8887
  47.6514
  9.74084
  9.85905
   13.536
  2.43469
 0.680549
  10.3258
  11.3636
  39.3387
  6.41206
  6.16151
  8.37151
  20.7051
  8.62994
  4.14867
   46.984
  54.2732
  24.0568
  24.8338
  5.19281
   17.347
  35.2187
  19.3449
  18.1868
  31.6495
  4.42355
  5.24064
  10.8727
  7.80402
  6.89433
  2.34039
  3.62514
   8.1453
 0.543414
  11.1509
  1.18147
  4.43525
  26.5229
  16.4252
  17.7859
  13.9663
   31.445
  25.1338
  15.8662
  6.16203
  8.63124
  13.7549
  5.94934
   7.6058
  10.3077
  13.9698
 0.699969
  4.57638
   1.2181
  16.0787
  15.3221
  32.0749
    34.75
  36.1699
  23.6882
  15.2993
 0.130911
  10.3864
  7.75017
  4.43474
  4.22898
  10.6402
   12.638
  8.55902
  2.50609
  42.4213
  10.2597
   3.0862
  8.89951
 0.855189
  10.7849
  7.84086
  3.76797
  4.71577
  11.1261
  2.60656
  21.9819
  44.2823
  4.12507
  12.4729
  15.1748
 0.657381
  10.7506
  3.22042
  50.2995
  2.69388
  32.5472
  6.18038
 0.447185
  2.91954
  7.32274
  33.4398
  5.31575
  23.4676
  49.2261
  26.7079
  20.3969
  50.9456
   7.3716
  8.73462
   6.5237
  19.3043
  8.76274
  34.1059
  23.5294
  18.1522
  4.76014
  7.19609
  10.8699
  4.62952
  30.5744
  7.60627
  28.3733
  29.8516
  4.99571
  16.0833
  38.5926
  54.9295
  18.9542
  36.2619
  5.66044
   17.287
  12.7241
  15.3653
  32.0528
   35.842
  11.7532
  16.4114
  7.43624
  41.3702
  36.2005
  21.2828
  9.46095
  30.8695
  11.5162
  3.51977
  29.3847
  29.3884
 0.663266
  7.52841
  21.8037
 0.909243
  2.05499
  43.3695
  20.2977
  32.5368
   4.9417
  26.8318
  35.0727
  0.59913
  5.42564
  6.34937
  28.0215
  26.1725
  1.03206
  33.8113
  36.4345
  25.9207
  36.9697
  33.1674
  25.9459
  31.2095
  18.9515
  11.3372
  26.5389
  4.10334
   21.654
  21.2786
   30.679
  27.5224
  7.49169
  11.8214
  27.5602
  22.8966
  7.63476
  13.7768
  48.6271
  28.8859
  25.8875
 0.860779
  29.8547
  5.68849
  32.3492
  49.5351
  1.99685
  6.86948
  29.6931
  11.0395
  40.6255
  4.85742
  34.9082
  16.8525
  5.68878
  16.2352
  10.0815
  3.15256
  31.3265
  13.3187
  27.4985
  36.2224
  1.49588
  9.52176
  13.7999
  14.3047
  34.9614
  8.93974
  3.31322
  18.4495
  34.0952
   13.905
   19.805
  12.3534
  10.1257
 0.844812
  32.2562
  2.65583
  4.35621
   1.5228
 0.739502
  34.6669
  10.1981
  26.6563
  40.8215
  29.8261
  52.5677
  25.8756
 0.491688
  15.2317
  29.0295
  18.8224
  14.0121
  30.8893
  22.4274
  14.8469
  15.8494
  3.44243
  4.09028
  19.4392
 0.498898
  10.9045
  17.5872
  20.1716
  34.8133
  24.7117
  10.0371
  25.9519
  44.5926
  36.7512
  28.9043
  31.0014
  25.6914
  15.5103
  7.66515
  30.6625
  10.2907
   41.049
  10.1393
  53.7875
  7.92448
  10.9848
  30.3546
  39.3516
  35.2968
  33.4764
    39.41
  25.0165
  41.5728
  21.2387
  20.1964
  26.7445
  33.7705
  33.7862
  35.8421
  30.0105
  12.2017
   23.878
  40.5241
  17.3961
  15.5532
   7.1507
  21.5801
  16.5462
  30.0651
   10.248
  21.5437
  20.6201
  21.5033
  48.0039
  23.1345
  43.8046
  18.6127
   21.397
  34.7568
  19.4784
  24.8868
  53.4741
  26.3928
  50.4417
  56.0658
  41.8945
  17.5004
  30.2372
  4.82227
  24.7548
  55.3978
  45.5093
  13.5238
   42.869
  50.1943
  28.1479
  35.9238
  54.6946
  35.1588
  18.8155
  55.6628
  48.0421
  26.1986
  17.7981
  8.31816
  26.8944
   3.8291
  26.5503
   6.4067
  1.71293
  17.1076
  6.10911
  5.12734
  32.3051
  16.8746
  5.66008
  10.7921
  6.63244
  29.8449
  26.0187
  48.9134
  13.7203
   5.5463
  3.79048
  16.5206
  16.2476
  16.7623
  55.1256
  28.1864
  14.0017
   49.999
  12.8077
  41.7921
   48.944
  16.5675
  3.97631
  3.78592
  4.56761
  30.9117
  27.9565
  49.1473
  16.2805
    2.794
  11.5683
  4.06663
  14.0303
  50.3349
  48.6292
  51.8475
  23.6792
  18.1422
  36.6225
  26.4859
   10.561
  52.6453
   52.161
  37.2548
  28.0464
  6.00988
  44.1553
  3.17121
  8.45095
  8.61708
   38.997
  4.39637
  1.44138
  45.4497
  27.6928
  26.0258
  3.00439
  4.10256
  4.82227
  32.6432
  6.18095
  1.57413
  28.3903
    2.183
  3.93711