  3.42167
  4.65064
  38.9451
  16.5589
  18.0001
  32.5753
  9.98602
    12.05
  9.65094
  11.4785
  8.44047
  24.4995
  27.0437
  38.4493
  38.3999
  52.4871
  64.0536
  13.4082
  13.6554
  30.8257
  32.4331
  38.1068
  37.9244
  29.1492
  29.3682
  18.4761
   23.164
   20.338
   22.443
  45.0952
  34.1613
  32.9305
  35.2826
  51.2275
  52.8338
  2.20442
  2.93719
 0.182428
  14.8031
  10.2697
  14.2216
  5.53867
0.0628603
  8.29308
  5.59643
  12.1191
 0.659239
  1.70674
 0.599316
  7.17117
  67.5273
  62.0207
  36.1136
  34.2322
  57.1632
  11.6205
  1.67014
  10.9499
  5.74547
 0.349609
  11.8081
  5.55656
  33.3686
  35.4159
  4.18539
  1.33152
   10.208
   5.9681
  47.0992
  13.4652
  21.1045
  44.6673
  53.4904
  5.46694
  1.11248
  14.8835
   4.2461
  4.67262
  16.1451
  9.62568
  25.3462
  23.4467
  1.98564
  25.8106
  24.2723
  33.8194
  32.9215
  32.7702
  23.4754
  26.6598
  13.7651
  16.7352
  21.0324
  10.2496
  35.2799
  36.0563
   13.363
  36.9669
  27.0302
  8.88019
  7.50302
  17.9569
  11.3882
  33.6577
  30.2679
  35.3359
  22.4472
   25.088
  12.8645
  24.0228
  28.2957
  17.3426
  17.0402
  3.15356
  7.84967
  2.47366
  4.33268
  14.2605
  7.00939
   9.0607
  3.19847
  7.95475
  10.4022
  10.9202
  11.7923
   11.606
  9.57704
  10.1128
  10.8859
  16.1329
  19.2147
   15.179
 0.925424
  7.02601
   31.889
  36.5317
  31.1043
  15.2734
  9.40577
  23.5245
  23.4758
  22.7637
   33.539
  38.1284
 0.691737
  4.50152
 0.593384
  30.4361
  21.9926
  10.2158
  3.68839
  10.5168
  26.2475
  16.7143
  2.69275
  19.4997
  36.9445
  2.38212
  14.3148
  5.80625
   15.496
  3.70061
  1.04198
  24.3548
  25.5355
  33.6969
  13.2233
  6.43832
  33.5311
  30.5432
  54.2682
  66.0462
  1.57293
   4.0397
  31.6073
  10.8747
  40.7554
  33.6516
  23.6369
  10.6171
  6.56977
  16.2779
  11.1814
  31.8609
  61.6819
  66.5518
    27.69
  9.76501
  4.33778
  22.5818
  10.9579
  21.8472
  30.9088
  33.4827
   27.384
  30.0552
  1.50996
  8.15512
  30.9552
  29.2532
  27.1821
  27.4267
   31.554
  17.2607
  20.7053
  13.7651
  19.9764
  33.0312
  20.8125
  10.8447
  6.31409
    4.548
  9.49899
  6.27517
  8.07619
  4.90444
  23.5792
  18.6614
  5.57952
  12.4928
  1.94922
  6.41857
  1.29722
  6.65889
   24.076
  28.4178
  10.0775
  12.3866
  71.0418
  4.21439
  1.86098
  7.81953
  12.8768
  8.12418
  29.7852
  34.0047
0.0432309
  35.8329
  27.2863
  26.1695
  28.2032
  36.8726
  18.2384
  27.8139
  22.1108
  12.7655
  17.8863
  15.2961
  4.99107
  4.86031
  22.7781
  21.7188
   11.442
  31.1637
  32.8218
  31.9893
  24.0578
  26.5044
    18.87
  30.6987
  39.7732
  7.76631
  22.2284
  13.2998
   20.165
  10.2486
  35.5519
  29.2857
  38.4373
  21.8398
  57.3149
   30.007
  22.0302
  21.2507
  30.6666
  10.7773
  2.38504
  12.8241
  6.14969
  12.3606
  2.90301
  15.3683
  3.13198
  5.62311
  16.5289
  7.20517
  3.39609
  7.52173
   5.0565
  13.8426
  23.2559
  27.1289
  27.0543
  27.3232
   35.736
  39.4546
   61.481
  18.4256
  22.7241
  28.3907
  36.4872
  19.2492
  18.3338
  27.1718
  13.3521
   21.525
  31.7001
  1.69594
  21.9104
  2.59224
  9.31808
  19.8939
  43.0955
  16.9791
  38.2896
  44.6671
  2.16511
   2.1482
  27.0512
  8.73807
  31.5836
  1.11456
  1.08958
  4.17722
  54.4994
  0.44621
  15.5485
  37.2459
   36.645
  16.1037
  15.2028
  18.4036
  3.24044
  38.0205
   28.875
  64.5102
  67.3984
  3.13094
 0.888993
  7.12036
  12.6962
  1.18005
  19.2001
0.0209903
  51.2769
  8.59297
  6.75429
  37.1598
  72.2328
0.0488809
  28.8294
  18.5754
  11.0058
 0.474434
   6.4399
  23.0565
  5.82691
  15.9409
  12.9565
  40.8008
  58.2491
  38.4203
  36.6506
  22.9032
  15.8713
   1.4348
  11.0342
  21.7142
  22.4821
  10.2069
  3.14784
 0.248016
  16.8592
  1.32814
  14.8913
  16.3582
  13.8188
  5.49754
  0.56729
  25.0765
  22.5008
   34.787
  37.6497
  13.4543
    11.41
  17.2307
  10.0604
  13.0374
   29.211
  28.7896
  26.3172
  6.94405
  18.8357
  19.0148
  27.6314
  26.8794
  11.7661
  17.0257
  6.77685
  8.13291
  8.94597
  6.11887
  4.69154
  11.1618
  1.97342
  9.69173
  16.8208
    10.35
  4.99363
  14.4812
  20.0872
  30.4107
  21.6552
  9.06012
  32.5454
  19.7434
  17.1712
  13.9915
  38.6564
  33.7237
  30.0748
  29.2199
  32.0258
  20.0449
  16.3069
  20.2351
  4.65419
  6.34331
  1.64739
  20.5215
  18.9762
  11.3086
  5.75433
  2.82464
   2.9102
  3.88987
  32.1849
  6.03439
  14.5921
  7.95298
  14.6053
 0.181969
  17.1497
  33.1592
  8.57334
  45.6438
  49.7972
  53.2912
  8.71354
  12.3542
  5.05889
  3.10401
  2.05997
  3.13094
   4.8012
  58.1347
    8.725
  35.8875
   3.5867
  70.7744
  24.9991
  16.6449
  28.7552
  25.2876
  59.6844
  23.1504
  24.8371
  12.1171
  30.5828
  29.5385
  33.2962
  19.2473
  23.0534
  2.48875
  7.84392
  13.6856
   2.9403
  11.9738
  8.72567
  1.30924
   14.136
  10.5471
  14.7251
  11.4793
  22.1297
  29.3587
  38.3305
  30.7942
  41.2177
  24.7705
  30.7445
  12.2837
  3.68332
  9.48008
  13.1378
  6.99803
  6.37876
  13.2555
   8.7979
  2.40092
  19.3001
  13.9296
  38.0986
  17.3299
  28.4746
  22.4092
  30.2926
 0.156699
   12.775
  6.63131
  14.3401
  8.16014
 0.900796
  4.17146
  15.8297
  53.6548
  12.7709
  23.9933
  23.7007
  22.9796
  9.18885
  4.21625
  3.10972
 0.809581
 0.880545
  36.0364
  39.1438
   64.055
  6.66354
 0.520214
  12.4939
  11.6053
  12.8614
 0.628466
  58.5686
  57.8307
  36.1476
  62.4905
  31.4564
  11.3086
  38.5002
  21.5626
  27.5228
  16.4692
  17.1448
  32.3046
  38.0643
  41.0534
  35.9858
  3.21769
  5.95889
  12.4195
  9.65236
  18.4971
  22.5645
  34.0912
  17.7499
  43.6763
  35.3714
  29.0996
  16.0187
   22.987
  16.2289
  2.39297
  30.8349
   19.424
  9.69276
  35.4421
  29.5368
  38.0817
   17.152
  41.3654
  32.3096
  18.5116
  52.8388
  8.64026
  10.3992
  34.2127
  2.01538
  4.50984
  11.9231
  26.0295
   26.205
  6.19825
  22.6404
  30.5402
  34.5202
  15.1496
  10.0658
   10.842
  7.76307
  16.8926
  28.2137
  32.0341
  11.1877
  10.9696
  1.50842
   44.242
  25.5783
  41.0438
  3.37818
  38.9036
  1.26951
  9.21527
   16.646
  25.8549
  5.01102
  29.7951
  26.4168
  39.2395
  22.6839
  36.8325
  42.3679
  39.9814
   40.324
  42.8215
  24.8199
  25.3221
  39.6432
  8.22878
  43.5471
  35.1334
  7.69443
  14.3915
  37.7467
  14.7616
  25.5124
  45.1779
  25.7834
  4.93401
  12.9197
  23.7333
  27.3193
  8.12669
  15.7168
  10.8778
  15.3234
    16.16
  24.3629
  47.1042
   61.842
  33.9089
  24.7109
  35.9583
  1.45346
   20.634
  35.0254
  22.7946
  25.7618
  7.08723
  9.08513
  21.7396
  18.1829
  35.9265
  33.4302
  21.5427
   1.4316
  40.9463
  17.5621
  12.4559
  26.6497
  31.7001
  34.9788
  45.4425
   43.841
  19.2358
  24.0135
  13.4202
  8.68866
  22.3336
  41.6136
  24.4255
  17.4849
  45.8417
  28.6105
   28.691
  39.0415
  36.7038
  39.9582
  36.4317
  24.4037
  25.3097
  25.2256
  22.0082
  19.2862
  26.9572
  23.1842
  15.0819
  4.15426
  31.7229
  6.96966
  27.5269
  6.69866
  9.58067
  5.16115
  22.8718
  19.9084
  28.0819
  24.9915
  12.5604
  6.58823
  21.6931
  31.0698
  35.5028
  34.9801
  40.8549
  2.64207
  27.7383
  15.9039
   27.172
  24.7877
  14.2331
  37.3035
  33.7898
  21.4052
  31.6893
  31.9647
  27.1038
   36.952
  8.91725
  27.4649
  38.7372
  24.3857
  22.2935
  30.7264
  7.74797
  19.9102
  10.4385
  42.6685
  6.95748
  20.4845
    16.16
  29.7493
  8.81281
  17.5255
  21.4974
  32.5685
  25.7655
  23.4763
  48.8085
  25.5785
  28.7574
  62.4964
  16.8703
  7.86251
  37.6206
  33.3444
  5.45853
 0.635483
   18.241
  14.2766
  36.6577
  16.7835
  12.3112
  30.9924
  24.6109
  43.7099
  35.1935
  13.8146
  13.9191
  15.7559
  8.54862
  20.5965
  22.3347
  4.94379
  8.99697
  36.4263
  1.99932
  16.7139
  20.9049
  0.79111
  20.1297
   16.954
   23.103
  2.19477
  42.4385
  26.8528
  28.4867
  17.0622
  54.7296
  26.4662
  35.5078
  16.2513
  20.1673
  28.3662
  16.2024
    25.96
  40.0262
  19.1396
  15.2594
  42.7065
   20.429
  28.9117
  13.9215
  26.8926
  63.4161
  24.4959
   21.203
  39.8812
  1.77404
  20.5187
  14.0115
  34.0335
  5.83179
  33.5204
  8.39467
   22.758
   8.6715
  17.8756
  9.18504
  54.9964
  42.5397
   45.525
  39.2244
  33.8374
  39.7851
  26.2558
  8.18377
  28.3964
  48.3002
  34.9225
  42.0486
  17.2113
  58.2373
  37.8673
  24.4469
  36.1483
  29.0682
  27.1396
  30.0711
  26.3511
  22.8828
  33.5489
  33.4285
  28.1837
  38.1304
  42.3839
  52.5401
  4.02521
  26.1619
  45.4011
  44.6782
  16.7436
  48.2266
  58.6158
  2.76766
  11.2288
  5.77038
  13.0265
  34.2615
  13.3079
  13.5787
  2.46191
  1.15662
 0.144053
  53.2549
  22.2601
  14.1145
  25.9148
  11.3629
  10.4267
  7.78242
  22.2915
  8.73735
  13.6535
  6.05584
  19.8173
   20.086
   5.2548
  18.3434
  16.4426
  38.1514
  54.9019
  17.0921
  29.4204
  28.5308
  19.1505
  14.9017
  6.08432
  27.7551
  41.9994
  64.7572
  7.42289
  2.20797
  21.3949
  4.29905
  20.3099
  3.82918
   37.725
  38.4015
  12.6228
  18.8872
  22.7949
  45.0874
  24.3609
   51.003
  14.2337
  18.1451
  43.5126
   2.2525
  16.3307
   17.272
  2.46433
  19.1183
  4.58827
  8.67112
  58.5862
  11.6543
   10.933
  26.6858
  25.2312
  19.8254
  16.0233
  2.04934
  10.6924
  0.69105
  16.6536
  20.6167
  7.65852
  6.63392
  7.32642
  46.4017
  9.09822
  10.2076
   1.0351
  6.57159
  22.8769
    2.921
  25.0449
  37.6867
  28.2613
  22.5813
  18.3498
  31.4083
  10.0764
  24.7607
  22.7401
  8.72109
  2.93779
  5.67532
  28.3969
  2.71909
  43.1922
  21.0751
  24.0439
   10.519
  26.8397
  20.5289
  36.1369
  47.7368
  19.1565
  4.00449
  49.1603
  1.60828
  6.97605
  2.66679
  30.3245
  7.02585
  3.84875
  15.3061
  35.3617
  36.8646
  12.4066
   26.146
  26.8011
  22.8795
  22.3359
  3.69636
  23.2497
  35.6459
  4.76239
  8.48796
  3.95664
  25.4034
   2.8975
   14.526
  28.5598
  31.5433
  3.63028
  36.3549
  17.4876
  10.0874
  3.94188
  38.5997
  20.1136
  21.0718
  22.8034
  4.29026
  4.95654
  5.56724
  33.2647
  14.9625
  59.4824
  19.0153
  5.68801
  39.5554
  38.1791
  10.4946
  36.2648
  29.9192
  2.83533
  30.8081
  35.0296
  26.5485
  22.7475
  7.34786
  36.4525
  2.47526
  7.21471
 0.481576
   21.648
  18.0025
  13.5818
  15.4579
  6.46973
  7.34475
   4.4519
  34.0021
  23.0557
  8.61877
  17.7774
  3.85011
  23.7389
  5.94663
  11.5875
  3.19624
  6.32695
  9.27522
  11.1747
  11.5875
  33.4518
  19.9515
  1.03715
  34.8328
  39.0308
  8.15441
  34.4653
  16.9418
  18.7262
 0.824361
  7.49086
  1.00162
  12.8299
  5.96616
  31.6334
  8.37822
  10.6918
   26.319
  11.0826
  10.9444
  2.28908
  4.04879
  12.0464
  8.11933
  12.0859
  2.65174
 0.978215
  9.90372
  6.19696
  10.7626
  12.9072
  25.9939
  4.33231
   29.685
  4.14562
  16.5634
  3.87244
  7.00137
  15.7212
  10.0977
  38.7069
  10.7329
  21.6685
  1.63909
  21.1915