   11.5596
   11.0385
   11.8242
   8.63284
   21.4193
   17.0471
   17.0959
   6.15039
   7.48758
   21.6804
   22.1581
   29.0997
   29.4602
   25.3674
   10.4084
   52.7379
   53.9501
   20.3889
   20.4394
   13.8661
   14.2764
   14.1204
   14.3107
   16.5751
   16.9049
   22.2703
    22.239
   18.8248
   19.6561
   45.4324
   32.8952
   43.4675
   44.4946
  0.830691
   5.06355
   5.14433
   25.4272
   25.2491
   26.0991
   24.4176
   38.6354
   38.1347
   44.4572
   44.1811
    6.7783
   22.8835
   20.6139
   10.5112
    10.916
   9.75897
   8.71421
   9.09439
   12.6742
   15.3174
   14.1448
    8.0912
   6.75982
   10.0075
    12.126
   10.5149
   5.94925
   15.3504
   10.3768
   12.5735
   9.33424
   20.8492
   47.1569
   40.7455
   43.9536
   19.9307
   17.6582
   17.5181
   16.1502
    14.959
   13.9815
   29.7113
   34.7716
   12.5555
   9.54292
   19.1275
   17.4304
   14.6203
   32.4702
   44.4897
   45.8731
   26.3012
   9.03067
    8.8018
   45.1307
   46.1289
   15.2586
   15.2895
   4.28663
   3.27832
0.00950958
   1.48284
   11.5785
   11.8307
   4.42892
   9.49477
   9.57768
   8.55679
   8.95885
   26.2498
     26.89
   9.55573
   31.9554
    43.312
    39.753
   37.7558
   39.5325
   35.9885
   39.6401
   21.0538
   22.7006
   22.5117
   5.80066
   26.2179
   27.8311
   15.1384
   15.4904
   15.2649
   19.3361
    21.277
   21.7779
   19.8678
   17.7961
    24.261
   23.6859
   31.5298
    36.379
   28.1699
   30.7666
   30.8412
   5.46929
   7.77876
   6.97875
   7.41765
   9.30254
   10.2758
   21.3484
   5.41597
   6.48912
   6.71992
   7.72889
   5.01712
   6.25258
   5.69174
    7.3076
    9.1767
    22.408
   6.12374
   7.66198
   8.94456
   5.94512
   8.55043
     11.59
   36.1608
     30.44
   15.4637
   21.8167
   20.4986
   21.1093
    4.7875
    24.731
   16.1495
   18.1227
   2.83807
   24.2995
   1.89349
   11.2477
   10.4314
   30.1889
  0.904662
   2.80176
   13.7614
   14.7978
   15.2396
   14.1869
   5.53815
 0.0425292
   5.31502
   6.28833
    2.8256
   42.2897
   10.5931
   40.2824
   16.4189
   12.5447
    5.6851
   11.3374
   12.6034
   14.6199
   18.9528
    17.563
   11.0513
   8.28513
   5.91926
   5.07993
   2.23115
   40.9725
  0.234383
   55.3742
   39.8191
   5.46725
   15.6169
   16.3263
   19.5826
   20.6682
   43.2124
 0.0307322
   13.8293
   41.6154
   37.9763
   25.9746
   4.51632
   14.0278
   12.9084
   33.9551
   65.8501
   49.7836
    35.126
   1.55855
   8.21324
   28.7959
   1.99997
   17.3856
    19.389
   40.3157
   42.0301
   37.7635
   39.5732
   12.1729
   22.4238
   24.2412
   17.4765
   28.2455
   26.3526
   16.3599
    25.368
   18.6022
   21.0538
    17.406
   1.30119
   6.38798
   3.45714
    16.923
   18.8258
   13.1023
   2.21657
   16.8864
   12.1022
   16.3941
   11.6314
   10.6111
   6.08778
   1.66752
   1.08164
   13.8834
   22.0046
   13.4442
   13.9009
    14.658
   23.4903
   37.5325
   12.9942
   1.90897
   24.3887
   15.6606
   15.1899
   9.32476
   8.09958
   16.1122
   23.8446
   34.1863
   10.9032
    48.307
   33.2694
   2.77577
    34.411
    49.557
   29.4625
   45.0689
   27.3385
   30.2606
   36.8364
   32.3079
   19.6118
   17.3702
   11.2507
   7.61415
    8.2213
   12.3252
   2.08197
   2.11853
   11.6286
  0.019352
   5.16853
   9.50007
   1.89507
   37.5486
   37.9295
   44.1874
   37.0117
   15.1752
   19.6137
   13.0211
   20.9084
     1.564
   27.9314
   27.8333
   17.7204
   19.1054
    26.374
   24.9452
   16.5213
   14.5045
   24.6868
    49.005
   33.5689
   28.0416
   23.1593
   34.1725
   6.87641
   5.69964
   13.7119
    20.153
   18.0457
   27.4659
   15.8927
   14.6331
   9.46461
   3.69154
   2.03153
   5.28574
   13.0181
   7.48802
   14.1281
  0.556974
 0.0167412
   10.6768
   39.9775
   27.7805
   34.9374
   23.2874
   24.3346
   42.3092
    26.371
   19.4354
   24.1149
    25.043
  0.936178
    24.265
   42.5487
   30.7004
    37.282
   21.0541
   2.86691
   23.0754
   15.5546
   1.36401
   2.96429
    11.592
   4.64308
   11.0864
  0.661352
  0.157825
    19.331
   14.9485
   15.2183
   17.8219
   45.6051
   25.4155
   47.4167
   45.1306
   5.92823
   33.3614
   13.9598
   16.6307
   2.41925
   9.80552
    25.972
   9.58391
   30.4901
   6.60813
   27.8879
   9.67134
   3.17863
   4.53678
   12.5812
  0.847461
   9.31192
   2.88505
    21.228
   6.53128
   40.6068
   31.9602
   23.3709
   15.5795
   3.92114
   3.33194
   3.37344
   10.0365
   20.3564
   16.0799
   10.3001
   10.4463
   12.3731
   15.3867
   42.0235
   13.8283
   1.86005
   39.0762
   27.0809
   17.4121
   37.9137
   8.54121
   15.3927
   46.2166
   18.4808
   20.9248
    1.3396
    35.687
  0.938433
   15.2494
   14.5364
    44.507
   57.7673
   2.71832
   19.4452
   16.2795
   6.00066
   27.5587
   25.9262
   5.33487
   13.6205
    15.035
   13.2824
   19.6371
   11.2173
   1.92894
   41.5369
   17.7224
   8.34632
   16.2661
   18.2422
   11.0725
   49.8869
    2.7471
  0.508354
   41.1227
   46.0157
   15.9045
    11.736
   7.19376
    5.2466
   17.2212
   16.9262
   15.5676
   13.8035
   15.4715
   3.58919
   15.1389
   20.6011
   19.3943
   15.3918
   14.9747
   24.2227
   15.9346
   22.3672
   30.2612
   12.8539
   3.11323
   19.2317
   8.92891
  0.757109
   0.35674
   2.31428
    9.4387
    15.532
   13.4414
   15.8598
   5.99694
   1.11949
   21.6671
   16.3679
   33.9965
   5.63442
   36.1404
   57.6824
   28.4278
    21.766
   12.1303
   17.6687
   19.0874
   13.6599
   26.8147
   39.4554
   44.5751
   41.8564
   44.5764
   9.44495
   10.6163
   13.0692
  0.740787
    20.717
   6.76293
   21.9069
   19.9588
  0.740276
    12.697
   29.8633
    1.8306
   16.1667
   15.3035
    26.929
   24.1712
   10.4036
   5.99114
    4.8028
   2.79197
   23.0881
   15.8276
   30.4086
 0.0247761
   13.6907
   4.71317
   1.88307
   9.33922
   14.5235
   18.8715
    16.324
   9.79533
   15.4258
   29.0254
    20.802
   38.4966
   17.7645
  0.180021
   8.91563
   4.71842
   17.2305
   17.8767
   1.40032
   16.0276
   3.92114
    21.026
   22.0049
    1.3087
   2.13045
   29.0823
   12.7593
   43.6171
 0.0394398
   35.8205
   22.8042
   40.3756
   32.1934
   9.62841
   6.89064
    14.931
   51.5147
   27.4037
   29.3637
   12.5206
   18.8664
   36.6165
   6.68904
   36.5495
   2.65171
    30.463
   25.5494
   29.7758
   35.4645
   21.2358
   17.9673
   7.58947
   2.98036
   2.67426
   20.7862
   11.9373
   8.39239
   4.81936
   16.1051
   1.21187
  0.642284
   19.4769
   15.5803
   24.1167
   20.7303
   13.0591
   23.0332
    27.114
   30.2608
   1.05701
   3.03561
   17.1194
   11.2284
   10.5783
   6.18783
   19.2752
   17.1959
   7.86644
   7.04727
   14.6882
   16.5044
   15.4715
   17.0227
   25.3994
   30.5636
   42.0232
   44.7049
   35.7455
   1.78655
   14.2474
   14.0713
   1.37161
   19.2935
   9.67095
   15.4971
   4.97437
   10.6166
   8.15675
   4.41598
   7.87163
   19.6518
   11.6356
   15.6956
   1.66295
   1.63916
   1.67125
   4.64266
   4.25857
   13.6166
   44.4692
    42.429
   26.3922
   5.27996
   26.9404
   8.15853
   13.5325
    19.608
   1.72242
    11.089
   8.49807
   37.9101
   10.5473
   37.0862
   23.3633
   13.7933
   5.97031
   10.4967
   4.75323
   8.32934
   8.47708
   8.16422
   46.1005
   28.1454
  0.759861
   47.4109
   22.2118
   42.2799
   24.1717
   25.7354
   24.7196
   19.0818
   11.2134
   49.7895
    32.354
   33.4943
   21.8047
    54.882
    32.113
   24.4523
   22.0754
   21.8227
   6.28785
   10.1426
   20.8406
   4.91517
    40.933
   36.1097
   12.3484
   27.4415
   32.6787
   14.3137
   2.39767
  0.238111
  0.808172
   3.24973
   20.3253
   29.8158
   11.8098
    18.672
   1.14785
   16.4793
   25.1729
   53.9642
   28.5471
   16.1588
   37.4927
    18.965
   22.3698
   19.8722
   2.26315
   21.9938
   24.2849
   18.9112
   13.1478
   32.2335
    34.019
   37.0354
   26.8666
    13.009
   8.47775
   12.8699
   2.73283
   41.2489
   6.57364
    1.6875
   18.8516
   13.1394
   9.28482
   10.0907
   17.4178
   24.1197
   14.0285
   10.1666
   12.1047
   7.22042
   34.2228
   3.23394
   12.3574
   33.5018
   7.04424
   8.94162
   37.1594
   36.1688
   20.8791
   24.4663
   16.5772
   12.4065
    3.2153
   41.4182
   28.6358
   39.9575
      14.3
   36.2995
   31.3876
   1.96363
  0.930646
   28.8332
   24.5904
   8.03738
     19.27
   3.24503
   16.9222
   16.6854
   41.5947
   18.7749
   24.3912
   15.9448
   38.8424
    43.403
   2.71086
   0.81268
   33.6739
   28.8663
   8.47775
   11.7811
   30.9981
   11.5861
    24.883
   3.32052
   42.6186
   16.8495
   9.02173
    0.9835
   8.45293