   56.678
  55.8399
  56.4441
  55.9238
  51.1645
  39.1777
  36.4183
  25.8809
  16.3143
  22.9139
   17.188
   48.985
   59.942
  60.9901
  48.4931
  53.6728
  59.1099
  43.6832
  17.1319
  16.9929
  18.7707
  19.0019
  18.3311
  19.5891
  22.2007
  31.1615
  37.6938
  21.1285
  73.9977
   70.592
  63.3242
  18.6239
   48.435
  46.7725
  48.7566
  50.4562
  53.4697
  55.8011
  34.9096
  36.1065
  36.5349
  47.0547
  75.1862
  20.3024
   55.169
  55.6902
  57.3686
   48.964
  22.1086
  18.6507
   22.458
   22.383
  21.4578
  23.2386
  22.2888
  8.96696
  64.7257
  56.0445
  60.6388
  45.2269
  38.9407
  23.6975
  18.7342
  61.9934
  75.3512
  48.6613
  73.3275
  57.0148
  60.5289
  55.7632
  53.5524
  32.3507
  50.3765
  18.0045
  62.4505
  22.0773
  60.4433
   51.797
  52.5767
  72.7793
  22.6647
  32.4279
  38.6585
  25.6424
  58.4922
  58.2916
  52.0213
  29.5962
  22.4539
  61.5618
  70.7296
  49.4772
  58.4256
   46.581
  22.0033
   53.226
   58.158
  53.2596
  47.8178
  54.5483
  35.6715
   16.446
   42.352
  61.7156
  62.7497
  54.5953
  23.3245
  21.5935
  18.1788
  26.3865
  19.8599
  12.3514
  23.9989
  51.1353
  69.8715
  58.1875
  24.8095
  50.5458
  56.3067
    29.19
  37.0016
   56.399
  68.4629
  21.4271
   21.559
  61.9165
  11.2021
  68.4263
  12.5764
  40.4415
  35.0127
   31.097
  24.5939
  24.8872
  22.7914
  24.1413
  29.6321
   35.292
  36.8512
   32.549
   28.051
  21.7504
  24.2506
  39.9332
  32.6431
  45.9184
  35.2546
  49.1328
  27.0996
  41.5618
  30.1772
  36.0029
  43.9015
  42.4088
  13.3678
  29.4158
  29.8561
  20.2207
  22.4767
  48.2831
  18.0285
  25.1109
  26.0096
  41.6804
  47.1204
  26.2326
  25.9825
  24.4814
  15.5922
  35.5457
  44.0726
  34.5034
  28.3472
  23.7983
  44.6259
  28.4004
  45.7134
  32.5029
  44.9846
  41.2881
  28.9218
   32.201
  39.3482
  30.1468
  35.5332
  26.4057
  40.7122
  42.9836
  30.9482
  44.4182
   41.132
  39.5406
  21.7572
  42.1252
  45.9254
  42.6809
  36.3827
  43.0944
  56.6639
  34.2002
   47.646
  41.6611
  45.3513
  34.4331
  43.4876
  45.0334
  26.3317
  24.9316
  26.9447
  32.6363
   23.791
  25.9898
  34.9982
  28.5316
  35.1549
     39.8
  36.1681
  35.4554
  49.9163
   45.665
  44.7975
  25.2309
  39.2154
   35.857
  38.1316
   41.998
  36.0516
  32.3894
  42.4757
  46.3178
  45.9185
  45.6579
  34.6989
  29.6469
  39.6465
  28.3631
  41.7067
  28.1154
  38.7167
  43.1592
  46.3988
  42.5128
  25.9385
  37.7086
  34.5347
  42.6534
  34.5641
  37.7333
  46.6243
  37.5401
  29.3212
  28.9408
  44.9387
  28.5229
  38.9574
  32.0449
   35.893
  40.0786
  44.2047
  40.8634
  42.5295
  46.1425
   44.144
  34.5353
  41.1935
  24.2749
  30.5297
  22.2593
  54.3929
   58.604
  53.1024
  20.7488
  35.3799
  15.5044
  21.1102
  22.3461
  34.2855
  25.4548
  21.4672
  31.7029
   23.688
  23.9851
  19.6931
  15.4857
  23.6911
  25.7577
  22.1294
  24.6422
  19.2561
  24.0238
  49.0563
   23.125
  28.6592
  32.2118
  37.2045
   34.109
  24.3539
  31.4559
  45.5996
  21.5916
  20.7146
  49.0648
  52.7361
  40.3995
  46.7372
  42.4634
  50.6559
   18.933
  53.8513
  50.2165
  24.5413
  50.4303
  21.3568
  21.6577
  24.8135
  55.9017
  66.3563
  36.9449
  18.0401
  21.0598
  40.0129
  25.6782
   24.068
  25.2172
  25.6527
  37.9229
  33.2533
  38.0205
  40.7855
  41.2719
  29.5798
  43.4701
  43.9236
  19.4314
  30.4051
  25.8515
  55.3907
  48.6151
  43.0668
  17.7486
  17.8502
  35.5685
  20.8103
  35.2969
  17.8397
   21.578
  2.71369
  5.75494
  8.62968
  8.74302
  40.1993
 0.380308
 0.751925
  2.27698
  5.58387
  6.94706
  0.53595
  3.92169
  1.95541
0.0513936
  1.93902
  4.07358
   1.2268
  1.15536
  1.09315
 0.575914
   11.882
  8.98286
  1.55727
   5.5157
  8.16767
  2.81663
  6.15013
  5.65236
  4.38203
  5.07783
  7.07503
  8.98839
  8.33587
  6.26626
  4.58337
  2.97041
  6.03878
  5.76087
  3.44997
 0.334281
  1.13392
  7.23752
  1.16018
  4.09814
  3.85497
 0.155271
    15.33
  6.43704
  5.11929
   13.828
  3.83486
 0.330911
  3.00996
 0.204632
 0.961216
  2.13144
  1.74663
  1.96331
  13.3002
   2.1614
  21.9854
  1.26882
  2.44449
  2.58386
  5.87259
  4.22424
  6.20613
  12.2279
  1.64249
  2.31166
  3.66211
  2.70857
  4.00417
 0.672845
  4.95359
 0.782056
  3.98233
  1.22103
  7.45391
  3.47923
  2.93554
  5.75854
  8.92037
  13.0852
  10.9153
  16.8527
 0.931464
  3.77382
  1.95207
  1.06883
  44.6378
  24.6249
  3.45826
  7.85422
  10.8879
  12.0432
  3.05091
  1.24186
  4.96058
  11.0007
0.0447992
  32.3031
  27.1648
  4.30442
  2.16045
  13.4362
  1.92874
  1.16353
  3.59361
  1.66078
  2.56031
  24.8097
  15.3855
  40.4571
  14.2047
  6.37399
  19.1355
  14.7395
  11.3241
   21.829
 0.740367
  1.32428
  7.27342
  12.8823
  22.3088
  11.7178
  12.8516
  10.0017
  8.70259
  9.47868
 0.507501
 0.808767
 0.563918
   2.0277
  22.4885
  0.84646
  8.27701
  12.8408
  6.08959
  2.24731
  2.95183
  3.50927
 0.830976
  3.37092
  3.74561
  4.86637
  1.14051
  17.5918
  18.8441
  10.7014
  11.1503
   11.906
  9.24546
  13.7423
  9.91508
   2.5435
  3.05461
  2.73957
  1.36732
 0.659657
   4.8903
  10.6508
  10.3223
  13.1222
  12.3369
  11.4617
  13.0956
 0.468492
  2.17908
  1.83979
  2.39909
  4.02198
  1.18433
 0.669016
  3.05257
   2.5258
  1.36144
   12.951
 0.906902
  2.57261
 0.402893
  14.2461
  12.5642
  22.3361
  7.49468
  15.7187
  4.09927
  17.1474
  24.6723
  12.9993
  5.86073
  4.21476
  1.53743
  1.04846
  1.25299
  5.37198
  5.92466
 0.455595
   10.641
  3.11743
  1.20334
 0.500693
  6.44816
  15.6614
  14.7272
  7.37406
   6.9368
  11.5301
  3.83106
  3.69143
  5.34249
   5.1067
  4.69464
   12.235
   1.1643
  4.94912
  9.33286
  12.9787
  6.84918
  6.82476
  14.9898
  1.28175
 0.336111
 0.622963
 0.674793
  1.64866
  0.38293
 0.253385
  3.61051
  1.91662
  17.3131
  1.35844
  4.61353
   1.5963
  16.0992
  6.56822
  2.35964
  13.6085
  1.63553
 0.463485
 0.339806
   5.1068
  13.9628
  1.78998
  3.44966
  16.0864
 0.610752
  1.42661
  5.96676
  11.0597
  8.82115
   5.3166
  5.39992
  14.3667
  14.9629
  3.27303
  3.66841
  1.20057
  1.60413
  6.58829
  14.2073
 0.235197
  3.25806
  7.32211
0.0486151
  28.0855
  1.41887
  1.46825
  1.22479
  2.75855
  4.30631
  2.98985
  1.91554
   3.0641
 0.432031
  1.59351
  2.01496
 0.917953
0.0620841
  2.58808
 0.301283
  4.56208
 0.247443
  1.87444
  0.23338
 0.999594
 0.345794
  7.41882
  3.05698
  2.40482
  3.20666
  4.92951
  3.31433
  3.32452
  2.93656
  5.23019
 0.617097
   5.9921
   25.014
  9.27173
  3.49031
  1.03478
   6.7283
  1.75759
  6.85523
  3.85661
  14.6893
   42.378
  5.37842
  6.51424
  8.35187
   2.6913
  2.94659
   2.4545
  1.18842
 0.340625
  1.23623
  2.19391
 0.521922
  3.95581
  3.91804
 0.730209
  2.74396
  4.51903
  2.34655
  7.57239
  6.23512
  4.91848
  4.74135
  6.19179
   25.068
  9.51951
  4.86007
  3.43982
  6.92714
  4.45067
  1.24269
   5.6661
    1.968
  7.11643
  6.43263
   6.5335
  8.17346
  6.05553
  4.56466
  2.43123
    3.528
  6.80928
  9.25901
  5.65933
  8.89639
  7.69258
  3.04129
  2.80775
  22.7348
  2.70872
  2.97801
 0.544341
  5.85439
  1.60579
  5.51704
  0.31859
  1.41789
  1.70547
   2.6756
 0.900464
  6.24196
  13.6917
  3.74902
   2.3245
 0.209707
  3.16824
 0.449164
  2.65802
  3.43681
  4.35394
 0.144547
  4.12433
  8.89071
  9.59813
  5.65498
 0.990217
  31.7654
  9.95248
 0.105522
 0.365928
  1.08987
  16.2645
  13.9539
  23.7009
  17.7799
  3.60973
  2.08022
 0.607249
 0.301325
  1.95352
   12.687
  1.75635
   4.4707
  6.99956
  4.22999
  4.92417
 0.570631
  3.70766
  2.17209
  3.09694
  5.55174
   2.3905
  4.85863
  1.17961
  5.46399
  2.47797
  15.6761
  2.79396
  4.67433
  6.40953
  8.76919
  3.15335
  5.32119
  2.36253
   2.8564
  3.82341
 0.678193
  5.35425
  1.09611
  3.72825
   5.0893
  2.16627
  7.82468
   6.9456
  7.85213
  12.8646
  12.8923
 0.105515
  3.35787
  3.52307
  4.12076
 0.288745
  5.91926
  6.00974
  15.8715
  3.07158
  2.93744
  3.14735
  2.99343
  0.91816
  1.19912
  14.2114
  13.1546
    4.243
  3.69108
  3.23144
  3.23261
  3.07276
  1.69126
  2.90105
  3.72947
 0.187557
  1.38654
  6.33504
  2.69674
  6.14807
  3.52744
  2.08699
  1.49576
   3.9177
   2.1162
  2.36539
 0.134241
  3.86469
 0.600058
  1.57266
  3.30256
  1.96604
 0.185543
  3.42861
 0.933888
  4.33965
    5.643
   3.9653
     5.87
  1.92896
  1.78812
  1.14423
  7.32397
  5.30287
  1.12592
  14.1448
  5.14241
  5.80907
  4.02868
  6.59004
  4.54279
   5.5894
  8.00495
  6.34175
 0.132988
   6.8114
  4.92443
  9.73512
 0.382474
  5.75897
  5.27746
   4.2626
  3.28682
  2.93312
 0.618548
 0.245397
  6.64472
  1.37824
  1.29796
  4.25704
 0.179963
  8.36307
  5.58144
 0.202476
  1.56071
  3.88816
  1.82207
  1.72552
  3.30059
  9.04053
   5.1552
   4.1073
  6.58759
  5.62664
  3.48837
  1.25521
  2.24254
  2.42295
  4.33263
  6.32775
  7.61539
  2.36459
  2.00278
  5.00551
 0.635837
 0.452097
  4.56258
  2.96587
  7.36754
  1.80622
  7.78156
  4.86794
  7.62639
  3.26404
  4.10033
  1.98618
  3.53259
  5.34059
  2.35412
  5.02287
 0.308867
  3.17176
  0.01875
  5.26269
  5.23365
0.0751898
   9.0691
  9.18051
  4.10859
  10.2036
  1.12833
  0.37509
 0.497971
  5.99179
  2.29311
  1.21526
  3.60517
  8.06227
  3.03773
  4.65573
  2.14492
  6.87752
  3.65842
  2.96239
  5.29338
  6.14826
  9.08378
  1.50371
  1.04072
  8.84147
  2.96041
 0.983545
   7.6189
   3.2525
  0.18027
  4.21863
  7.55528
  5.65032
  4.81598
  1.76925
   3.3761
   5.9168
  4.57663
  5.90305
 0.830049
  5.16037
  4.43143
 0.306145
  3.28945
    2.339
  4.71214
  5.54095
  5.67898
  24.0753
  1.16738
   2.6694
  3.13378
  4.68363
  1.11358
    2.996
  5.04109
  7.32715
  5.90067
  3.77859
  1.41317
  4.55525
  4.72937
  3.21674
  3.41216
  4.47758
   7.5255
  6.57151
  6.56293
  3.79048
  1.10189
 0.911297
  8.00826
  6.92842
 0.131475
  7.22109
  3.20465
  1.44911
  7.43362
  19.5427
  6.41722
  4.64422
  8.52477
  4.15623
 0.474991
 0.186835
  4.62856
  7.03452
  6.51467
  7.81615
  6.98887
  7.10892
   43.414
  12.7628
   5.5296
  8.66643
 0.131304
  2.67076
  3.71568
  2.55062
  4.04424
  3.98413
  3.24292
  3.18236
  3.09675
  4.74132
  1.34805
  1.85369
  2.56637
  7.01622
  41.7843
  22.3435
   5.5237
  3.19655
  8.00303
  5.23365
  5.35816
  8.77371
  3.70688
  2.64212
  16.4402
  6.08406
  6.19054