   12.6493
   14.0354
   9.06804
   29.9852
   4.47435
   5.39854
   24.1275
   24.7684
   17.1673
   28.4457
   30.5437
   37.6186
   37.9936
   62.7255
   64.1786
   40.0747
   28.5745
   43.9551
   45.2096
   37.1599
   41.7426
   42.2272
   23.6252
   27.8475
   24.8945
   27.3055
   46.6012
   47.3632
   56.8654
   48.5562
   51.9386
   53.3912
   6.44751
   8.01049
   17.7652
   1.67914
   5.28746
   3.94912
   2.39913
   6.72493
   3.34892
   4.98721
  0.561035
   10.5861
   2.59742
    7.2643
    1.6602
   45.5671
   42.2732
   48.6234
   44.8045
   45.2369
   2.75503
   11.0564
   4.03335
   18.7062
   14.0125
   5.47475
  0.197397
   16.0267
   15.1032
   14.3618
   15.0613
   14.0184
   16.7455
   58.5454
   28.9121
   33.7022
   56.8219
   10.8028
   12.6004
   5.03556
   5.13946
   32.5395
   31.0751
   23.9659
   22.9997
   6.50491
   60.0456
   67.8888
   58.2805
   48.4693
   57.7199
   38.5966
   28.3818
    34.717
    24.865
   27.1174
   19.8174
    32.711
   46.0934
   40.0227
    23.846
   35.2572
   23.5065
   20.5616
   38.2282
    33.424
   49.6058
   42.1136
   36.4063
   24.8497
   18.8769
    26.871
   30.8249
  0.105617
  0.150987
   29.9625
   26.0153
   12.2529
    2.2483
   27.9319
   17.7995
   18.1835
   14.1267
    17.142
   21.8645
   21.2439
   22.4145
   20.9896
    17.365
   22.8922
   21.7685
   29.8414
   12.0887
   23.6687
   6.79508
    12.352
   37.9839
   38.4398
   28.5176
   27.3909
   27.3845
    28.205
   30.7021
   33.6038
   46.9907
   27.2086
   5.82133
   3.23597
   30.6244
   38.5864
   13.1271
   6.32799
   5.88804
    5.6454
   12.9298
   7.35369
   7.04178
   14.4855
   10.7137
0.00371018
  0.372731
   11.7426
   8.66695
   14.5188
   9.47959
   20.4489
   15.6141
    23.203
   3.69432
   5.56397
   10.8561
   21.8105
   43.9305
   50.0528
   4.47615
   5.99296
   10.7324
   5.07476
   13.2776
   5.97719
   1.52782
   40.7067
    6.3898
   25.7084
   6.17912
   38.8162
   63.9176
   63.9437
   27.9596
    14.055
   2.88792
   13.4113
  0.195155
   30.0416
   43.8608
   46.1098
   61.4153
   63.1984
    12.702
   6.95492
   50.1626
    48.761
    38.663
   38.5145
   42.3085
   23.0025
   24.9948
    34.717
    27.813
   9.42239
    18.341
    13.132
   12.7443
   4.71233
   21.2611
   17.4324
   19.6828
   15.9171
   14.2343
   9.50846
   14.0549
   15.6686
   7.89421
   4.28312
   4.74096
   1.75903
   35.8512
    38.727
   7.56346
   7.50644
   46.1091
   17.3164
   12.7318
   8.76287
   1.49557
   7.43409
   13.3008
   35.2988
   17.7858
   4.46636
    20.956
   3.12687
    18.367
   11.6735
   6.08676
   12.8138
    36.767
   28.2807
   11.1275
   17.5281
   28.3679
   16.0469
   15.8933
     56.38
    35.542
   34.3354
    37.695
   28.7641
   22.0533
   44.8494
   41.4822
   30.2499
   26.3362
    29.997
   24.8055
   32.4275
   32.9844
   41.7635
   21.2369
    66.943
   48.4826
    36.539
   36.9454
   32.7784
   4.56451
   9.69564
    4.3321
   17.8921
   26.3579
   13.6383
   25.4263
   13.1943
  0.664451
   9.41018
   7.97711
   2.49482
   10.2682
   13.2468
   2.96228
   29.3802
   17.2665
   25.2443
    27.692
   35.4177
   44.4072
   62.4357
   31.3085
    24.215
   41.8243
   35.4565
   26.8752
   29.0636
   39.6062
    46.929
   41.8253
   32.9591
   13.9525
    20.733
    32.423
   14.8686
   10.3498
   52.8942
   40.9315
   57.9687
   56.8217
    14.068
   17.6018
   8.80392
   16.8272
   20.0163
   3.97636
   4.27283
   15.2615
   30.5634
   10.0209
   9.23577
   8.15896
   6.31664
  0.579766
   1.78002
  0.338096
   8.65872
   14.3898
   20.4759
   50.3646
   46.8118
   2.01189
   1.14825
   4.37452
   14.1972
   3.21237
   8.13807
   41.3531
   26.1155
   7.92216
   7.88252
   46.2306
   10.3918
   8.61181
   19.2046
   23.7626
   12.0133
   42.3592
  0.358776
   20.0118
   30.7755
   50.1551
   65.2118
   36.0748
   44.3007
   4.87085
   14.3229
   13.9989
   12.9483
   10.9901
   3.69743
   6.02719
   8.38979
   10.5269
   1.20024
   29.6514
   27.9126
   18.2249
   7.99888
   22.8237
    21.129
   22.8205
   26.6952
   21.5086
   20.9077
   24.5583
   19.9289
    39.944
   40.3305
   22.8533
   24.8991
   18.6669
   18.0472
   27.3791
   30.6546
   3.96131
   1.64873
    8.4761
   26.8501
   24.2992
   6.59176
   15.6938
   20.1904
   26.1538
   18.9247
   28.4032
   23.1185
  0.723298
   5.40125
   11.2911
   49.0026
   21.9156
   35.7163
   45.2044
   24.4042
   22.6319
   33.5084
   27.6969
   13.1111
   30.7785
   31.8137
   34.1173
   29.4935
   24.4922
    10.743
    3.0053
   4.54818
   17.5705
    16.407
   9.19612
   9.71416
   8.18611
    1.0314
   10.9468
   9.78683
   15.0853
   8.97495
   2.51676
   18.5973
   8.57155
   6.92893
   10.1704
   21.9737
   8.16061
     27.78
   37.0405
   35.0673
   3.00017
   10.4609
   14.0372
   7.85116
   4.41499
   2.01189
    4.6898
   46.9234
   6.25188
   11.0833
   13.9263
   42.8562
   3.77306
   30.9934
   43.8343
    47.115
   69.0368
   14.2006
   34.0172
   4.34067
   43.3245
   55.6103
   42.0324
   17.5332
   37.1695
   14.0942
   13.2254
   3.02886
   11.9155
   9.18429
   21.3741
   11.9202
  0.505809
      4.83
   19.0566
    20.067
   29.5236
   45.3286
   36.3782
   43.6689
   40.8831
   36.4295
   31.6608
   4.99808
   8.32915
   20.6294
   22.1285
   16.9735
   24.2065
   2.99591
   13.7741
   1.03963
    9.0944
   19.3911
   27.1949
   24.0945
   46.9637
   57.2318
   30.9114
   7.71838
   23.5672
   21.3099
   22.8331
   4.87724
   12.8696
   10.9476
   51.5259
   42.1864
   22.1926
    19.797
   12.4595
  0.803917
   5.33766
   1.83197
    13.546
   5.41569
   7.01424
   28.4415
   49.2264
  0.552338
   7.34673
   8.58372
   13.6992
   15.6077
    9.2898
   39.7833
   44.0553
     8.378
   38.7566
   10.7092
   9.71405
   3.49937
   21.0239
   42.6463
   31.5823
   29.2512
   66.3863
   44.3365
   45.9214
   48.9654
    1.1508
   11.8602
   27.4971
   1.67843
   16.3594
   33.2531
   22.5633
   13.2984
    16.137
   10.1064
   6.44675
   9.40396
   17.5303
    23.142
  0.674915
   24.3627
   3.44653
   16.4912
    31.446
   38.3939
   23.8121
   7.09199
   11.0511
   28.4451
  0.921645
   38.0039
   12.0853
   11.9653
   20.3325
   6.03349
   15.5637
   7.60336
   13.7301
   2.85057
   7.38114
   8.85245
   7.17137
   13.6589
   8.38762
   11.0238
   11.8568
   7.00753
   35.6659
   9.94226
   7.44459
   5.29355
   12.8707
   30.6268
   1.57402
   33.2572
   37.2809
   13.1757
   13.9208
   22.5083
   17.2866
  0.172823
   4.04949
   23.7639
   14.4823
   18.6345
   11.6908
   21.5156
   20.1957
   22.1373
   22.5632
   3.91141
    8.2619
   19.2304
   21.6034
   11.1839
    3.1511
    14.222
   48.5329
   15.8872
    4.4525
   13.7402
   20.3383
   31.9558
   18.2496
   10.1533
    2.7929
   1.79279
   19.8198
   8.95507
    16.523
   5.50482
   9.78901
  0.679435
   1.54409
   32.0852
   57.1223
   42.6703
   19.0295
   28.4672
   7.64092
    14.368
   20.6248
   36.1453
   21.0986
    34.379
   14.8384
   6.31914
   24.8347
    31.935
   29.7221
   16.3127
   9.75385
   24.2855
    2.9117
   10.6618
   30.9573
   10.3789
   25.6077
   17.8031
  0.823728
   44.9612
   55.6571
   42.0738
    1.7676
   10.6618
   30.4492
   7.05695
   46.1455
   20.6681
   21.9147
   25.8894
   55.9651
   14.2027
   12.7833
   9.84999
   10.2247
   18.5866
   20.0183
   11.1434
  0.531701
   33.2982
   18.5052
   36.3982
   16.9968
   5.44152
   12.9072
   21.4732
   11.3798
   27.5711
   4.52138
   20.8495
   8.41277
   24.3676
    34.561
   10.8143
   7.31867
   11.6183
    4.5055
   24.3342
   10.9439
    19.977
   16.7857
   0.73363
   25.1176
   26.5177
   21.6232
   9.14414
   14.6514
   12.3736
   9.29427
   19.2852
   6.29107
   8.75343
   20.5364
   10.4194
   11.1483
   29.8563
   33.3689
   31.5602
   16.8732
   9.99438
   23.1158
   31.4928
   9.51113
   4.18056
   13.0889
   2.48161
   31.8239
   29.1767
   13.3588
    15.165
   12.3467
   22.3872
   10.1446
   25.9807
   31.9168
   38.9862
   38.3451
   4.75649
   2.35226
   9.64726
   42.5853
   35.6467
   9.17349
     5.895
   26.5544
   10.0242
   24.5883
   38.4677
   44.8609
   38.3151
   25.8482
   19.4529
   9.05919
   15.5093
   27.0028
   20.5048
   4.63361
   18.2621
   9.32734
   32.2954
   20.4922
    36.164
   3.85358
   14.9743
   13.5946
   35.7884
    29.351
   17.2263
   47.0057
   14.5604
   13.6671
   27.3336
   41.8594
    33.531
   43.3844
   35.7374
    28.209
   35.5986
   24.5848
   33.0362
   11.0429
   6.27251
   18.1685
   51.2022
   33.8924
   29.1441
   11.6728
   8.50953
   42.1717
   48.2851
   30.6187
      35.5
      2.16
   2.12922
   7.28196
   42.2504
   8.81364
   42.4076
   7.68565
   9.94434
   21.0912
   27.6879
     19.79
   57.4365
   13.2864
   33.6879
   25.0981
   10.6618
   3.83781
   37.0658
  0.376792
   11.0897
    54.319
   43.7239
   40.8474
   1.56511
   61.5013
   48.1279
   50.5361
    35.771
    14.156
   6.38222
   23.8563
   11.4353
   21.6445
   52.2514
   43.0214
   20.2997
   37.3293
    41.434
   65.2412
   25.4414
   33.3666
   60.8592
   46.0993
   1.04562
   63.0805
   61.4645
   24.1122
   9.47542
   20.9864
   28.2381
   17.1841
   23.7799
   13.8094
   4.16983
   6.93822
   6.70942
   63.6342
   37.9041
   24.5342
   5.40357
  0.461423
   26.2681
   23.8797
   36.6375
   11.7215
   6.91499
    6.3675
   7.71003
   20.9765
  0.427643
   48.9161
   18.6619
   38.3178
   54.5237
   21.0587
   12.7435
    44.161
   19.4958
   16.1335
  0.598977
   8.26323
   14.7404
    38.933
   12.0475
   31.7349
   29.7991
    1.6238
   11.4887
   47.0577
   48.1543
   1.97241
   9.33106
    34.379
   44.7135
   27.6716
   49.2426
   17.5878
   44.0756
   53.3297
   1.46724
   23.5616
   16.2635
   7.54109
   44.4918
   14.7556
   1.60705
   58.5085
   14.1874
   11.3091
   40.7729
   12.5137
   38.7899
   6.66051
   13.7959
   12.9477
    1.4592
    13.024
   29.1588
   4.21899
    27.875
   31.3758
   58.3773
   14.1571
    11.885
   13.7155
   14.6882
   32.4547
   9.03294
   34.6578
    21.546
   26.2993
   31.0677
   26.6512
   20.6444
   26.2394
   4.27966
   1.56094
   14.2032
  0.141487
   2.60658
   13.3295
   16.3557
   5.75391
   5.64275
   6.47467
   2.68321
   4.83823
   11.6964
   9.45854
  0.735073
    28.058
   3.90606
    1.1489
   59.1794
   16.6453
   2.32424
   7.60516
   14.4735
   3.38675
   2.39873
   13.3834
   11.2554
   12.8078
    6.8107
   11.3954
    5.1174
   7.91059
   5.68096
   7.11016
   6.49557
   15.1084
  0.426581
    5.1626
   4.60318
   10.8365
   8.35712
   7.60236
   8.13053
   34.3728
   11.9715
   1.10793
   5.36581
   5.56854
   6.44314
   16.4034
   16.4517
   7.15545
   20.8647
   18.2482
   7.05448
    13.681
   4.18529
   8.81927
   8.02667
   37.0698
   7.70649
   14.5685
   44.7288
   15.7952
   12.6224
   3.63359
   13.9358
   15.5004
   7.98974
   9.15149
   8.35018
   19.0538
   10.9119
   11.7061
   15.6598
   9.09276
     21.18
   6.98105
   16.8643
   8.88294
   8.57015
   15.0902
   2.39427
   1.84345
   8.81073
   12.3906
   10.2184
   12.8835
   7.38917
   2.67518
     15.97
   18.9277
   3.32851
   17.0192
   12.1502
     15.97
   9.63042
   2.33452
   7.91094
   34.6242
   18.7886
   5.69365
   9.87779
   9.30305
   7.26251
   21.6597
    9.2163
   6.12254
   31.8377
   21.0614
   10.1099
   19.3384
   16.3858
   24.0327
   22.5292
   13.2887
   12.4205
   13.5779
   14.4544
   24.2699
    21.063
   15.9338
   32.0383
   18.9273
   3.32807
   16.0458
   5.11332
   40.1608
   23.8611
  0.134226
   5.40866
    13.391
  0.356217
   26.8701
   22.0671
    1.6458
   6.45972
   32.2522
   6.36238