  19.5919
  18.4696
  15.3559
  34.6454
  31.8743
  20.5382
  32.1039
  5.83478
  11.8698
  22.9848
  11.3718
  12.3464
   24.366
  4.69466
  1.06004
  3.78411
  19.7486
  32.9332
  28.2391
  17.4918
  32.1967
  18.3613
    24.32
  17.0916
  19.9738
  18.1869
  21.4328
  21.0956
  13.6826
  20.6129
  13.1015
  22.9492
  21.6925
 0.254649
   3.3652
  1.73152
  1.57859
  13.0934
  23.8854
  4.43176
  25.8706
  20.6542
  9.23945
  0.21168
  14.4718
  15.6354
  34.4939
  30.9678
  22.5694
  19.1085
  16.3521
  1.08169
   4.4526
 0.433286
  5.63481
  32.5093
  33.8239
  17.3074
  19.8285
  21.4556
  15.8668
  21.1678
  23.0386
  20.5307
  16.5225
  10.4535
  2.62784
  14.2587
  7.59048
  17.0529
  27.2086
  31.1892
  17.0143
 0.649162
  7.30951
  4.49904
  17.4097
  4.03578
  13.7835
  15.0412
  18.1922
  10.3868
  21.2255
  25.9314
   21.128
  9.38992
  16.0358
  21.3144
  22.5116
  17.8904
   21.267
  14.4472
  20.7041
  19.8877
  9.10636
  7.60324
  18.7263
  16.5906
   22.476
  15.0485
  11.5386
  8.47671
  23.1175
  19.0982
   6.2076
  21.5097
  20.8364
  18.7139
  17.8628
  20.6772
  16.7325
  24.8783
  14.7057
  21.6329
  16.9477
  16.7062
 0.944853
   11.556
0.0791595
  5.70023
  10.9636
  1.44097
  4.13021
   13.911
  10.4128
   6.2544
  4.78733
  5.21555
  15.8556
  7.05772
  5.50231
  8.91647
  14.0619
  5.14088
  3.49004
  3.38774
  7.38146
  6.37736
  20.0422
  17.0998
  8.43004
 0.860661
  17.6232
 0.853262
  4.28161
   0.6816
  4.68913
  3.17722
  1.25544
  3.13002
  1.30353
  30.9754
  7.81838
  4.23577
  5.16033
  25.0751
 0.696024
 0.355981
  8.69095
 0.251885
  3.66028
 0.971049
0.0623328
  5.39486
  2.59901
  14.4236
   2.9581
  1.55574
 0.509542
  21.4967
  14.8496
 0.668141
  14.4782
  1.65526
 0.772199
  2.60213
   1.4138
 0.813777
 0.493434
  7.49023
  5.49186
  2.20798
  7.63747
  2.90372
  3.78584
  4.06909
  23.1167
  14.4228
  11.6819
 0.870033
  1.31473
  6.70773
  1.47625
 0.121625
  4.50208
  1.55916
  5.88963
  4.52292
  31.3919
 0.996769
   2.2599
  6.40816
  2.49066
  9.43074
  10.1368
  16.2758
  18.1249
  9.93954
 0.304718
  4.91977
  9.32598
  2.42376
  3.17527
  12.8673
  13.5939
  16.8841
  9.00348
  2.26881
  18.6703
  1.03856
  10.0126
   17.084
  9.24162
  5.18787
 0.628183
  1.03289
 0.659308
  1.41101
  2.82886
  2.07828
  3.63277
  2.55389
  2.84185
  1.53555
  6.47549
  2.90901
  8.94703
  8.67955
  20.6049
  15.2605
  10.9689
  2.74708
  5.10416
 0.167238
  2.36646
  2.35971
  5.99402
  2.85454
  4.21348
  21.5052
  1.73949
  21.0342
  3.79755
   19.568
  4.47198
 0.718844
 0.595285
  2.45506
  1.27238
  1.29223
  10.4532
  19.9142
   20.027
  2.76777
  16.3358
0.0417186
  7.93269
   8.9444
  14.9365
  20.5316
  1.50582
  1.70976
 0.923612
  2.37888
  6.13595
 0.931757
  11.2536
  2.17046
 0.575603
  1.90976
  9.07211
  6.16718
  14.7424
  14.0194
   13.849
  10.1527
  11.3217
  14.3418
  9.70048
  6.05084
  2.85326
0.0371035
  2.97612
 0.037505
  20.8356
 0.257564
  1.75564
   12.573
  7.47513
 0.147606
  4.94732
  5.46663
  4.14132
  5.75674
  0.58766
   5.1015
  20.3026
  14.6577
  7.15195
  18.3556
  5.42509
  19.0542
  1.17933
  1.60645
  2.01802
  7.77426
  8.76652
  12.7466
  3.31476
  5.53963
  6.46526
 0.523913
  14.7575
   5.5802
  15.7904
  20.8035
 0.289351
  1.19304
  3.13416
  1.59101
  4.62854
  6.88376
  17.4565
  3.24811
  5.66162
 0.484426
  1.46547
  3.38757
  3.80777
  24.0583
  15.8049
  4.12525
  9.82963
  2.88448
  11.7182
  9.15913
  4.48061
  24.8349
  2.81084
  6.07535
  2.70902
  3.20868
  1.88627
  16.1221
  9.39421
  7.79988
  16.8309
  2.70241
  16.0164
  15.8111
  16.6994
  10.2575
  5.66894
  6.92187
  3.38522
  3.23516
  3.80784
  9.15975
  2.40625
  8.56648
  11.5957
  6.40331
  26.5696
  13.5147
 0.827363
   3.8865
  17.8557
 0.410209
  0.82163
  6.89651
  7.92151
  12.2283
   5.9552
  3.49218
  6.89021
  11.2977
  2.34972
  3.68553
  7.51256
 0.409129
  1.61065
  1.88147
 0.324827
  15.3359
  6.98102
  10.8063
  13.0503
  2.26805
  3.32233
  18.1916
  5.84924
  1.33904
   5.4319
   1.0896
  16.3216
   10.287
  14.7835
  3.08584
 0.749498
 0.918511
  13.6068
  6.89108
  11.2275
  3.17603
  5.08561
  17.1139
  8.65683
  9.32905
  12.4917
     5.16
  20.0817
   1.7063
  1.78147
  3.31231
  2.57671
  2.73355
  9.04622
  3.12555
  4.59926
   9.3623
  11.5623
  1.46612
  7.03244
 0.516019
  3.71362
  4.36956
  17.9357
  18.6794
  20.2507
   9.4908
  15.8051
   11.266
  5.58033
  5.65737
  7.74176
  2.79093
  1.76352
  1.79769
  2.39746
  4.06015
  10.5473
  15.5438
   15.016
  7.41253
  12.3107
  2.79438
  7.73665
  5.47092
  16.8734
  19.3068
  2.81669
   9.2247
  20.2163
  20.6737
  6.16272
  1.93287
  19.3791
  34.6473
  4.42913
  2.69423
  3.10009
  9.92135
  9.78124
   2.5046
   5.7947
  10.1282
   10.137
  17.3476
  11.7906
  6.30844
  6.12952
  7.41892
  5.03195
  6.93403
  10.3376
  15.7941
  18.1681
  20.0508
   23.645
  2.60558
   18.487
  13.7791
  1.52631
  18.7323
  2.78002
  12.4754
   1.5824
  7.90296
  9.82648
  13.4621
  3.56957
  11.3062
  10.1767
  15.7946
   7.8157
  11.8667
  11.4889
  27.6333
  14.0671
  2.28469
  9.25253
  17.7562
  38.5031
  9.38729
  1.88961
  3.01333
  10.2399
  10.4302
  7.47383
  9.64519
  5.92827
  3.08858
0.0779915
  9.47094
  4.84268
  1.39977
  7.01421
  9.13141
  4.20844
  7.48299
  19.2912
  7.79633
  9.33026
  6.94037
  8.45591
   13.914
  10.1657
   12.389
  1.30014
 0.624759
  7.76908
  3.62697
  6.14021
  11.1585
   11.727
  1.51935
  20.4337
  6.02828
  3.26889
  1.82075
  7.07935
  6.43696
  8.40409
  6.14819
 0.918612
  3.92635
  10.2944
  1.30139
  15.4208
  5.11553
  4.05431
   7.0251
  26.6466
  10.1922
  22.3232
  1.04342
   13.169
  4.61874
  2.05948
  3.01959
  19.6163
  2.17666
  11.9193
  3.01959
  4.73221
   19.499
  3.99156
  27.4176
  21.6441
  3.28917
  2.53603
  3.10624
  11.3695
  5.19338
  15.7936
  1.16084
  15.7251
  20.1232
  14.8334
  4.17476
  17.5583
  9.70785
 0.894205
 0.818764
  5.58018
  17.1267
  4.91571
  15.6135
  12.6744
  4.71047
  11.6095
  1.60589
 0.479601
 0.885801
   2.9881
  14.6163
  12.7341
  13.6843
  4.92294
  10.5308
  9.43964
  23.2071
  18.0446
  9.48903
  11.9094
  13.4291
  10.7764
  22.8173
  17.9195
  7.06468
  2.89929
  12.6744
   11.452
  12.7791
  8.32703
  7.84321
  11.4364
  11.9198
  2.58752
   7.3697
  1.06343
  6.31929
  14.5683
  15.7695
    7.816
  2.89342
  3.29272
  22.3762
  22.3918
  15.2001
  19.8389
  3.20819
  1.79616
  2.69039
  9.64219
  27.2446
  27.7852
  18.2803
  21.8112
  3.51532
  6.92301
  13.1978
  9.91191
  19.4162
  8.51844
  12.1841
  17.8824
  10.3422
  14.2724
  5.16132
  1.97362
  6.20069
0.0537497
  16.2336
   12.757
  14.6077
  11.1773
  1.58084
  4.84633
  6.63164
  5.71071
  10.1029
   10.302
  4.57789
    2.848
  5.57519
  4.84519
  2.61637
    1.221
   2.7519
  9.57395
  6.61388
  7.44679
  6.07279
  1.19963
  1.01944
  13.4572
   12.925
  7.06903
   14.519
  13.4684
  4.50837
  21.2574
  9.88987
  2.75507
   1.8559
  2.69829
  1.85644
  15.7724
   4.1935
  20.9003
   19.617
  9.15015
  17.0771
  9.83122
  10.7747
  10.8237
  6.82708
  15.7685
  5.96601
  8.87482
  12.4966
  19.7334
  19.1268
  17.2527
  10.8485
  5.14494
  25.2222
  4.57863
  10.9317
  16.2381
  17.0374
  15.0067
  13.4299
  16.1919
0.0681411
 0.312269
  16.0994
  1.15869
  4.44456
  9.46714
  12.2533
  10.7431
  1.97993
  8.35269
  4.50141
  14.5127
  16.6261
  12.6004
  2.47819
  10.3322
  15.2627
  14.1582
  18.8477
  21.3451
  1.61331
  10.9014
  2.55229
  5.33747
  12.9946
   16.314
  10.2185
  1.06825
  22.0111
  2.80329
  8.84988
  3.90729
  6.89613
  9.91948
  7.66768
  17.3078
  10.4502
 0.946794
  19.3472
  1.84378
  1.36205
   1.4303
  2.39567
  12.9273
  4.33379
  2.92896
  11.7528
  20.0251
   0.7739
  8.29655
  6.05074
  14.2747
  6.69726
  8.99442
  2.26686
  8.09517
  10.4912
  3.07844
  2.35203
 0.460106
  3.08334
  12.2985
  8.96729
  11.1825
  8.81616
 0.809934
  5.40236
  5.09416
  4.54027
  14.1431
  9.94843
  6.03579
  19.4831
  6.05024
  11.0391
  9.22034
  13.2949
  2.89132
  17.6404
  11.8141
   20.525
  2.20033
  3.42748
  3.18613
  15.9939
  12.3604
  7.63079
  5.14323
  21.5335
  21.7483
  31.3493
  28.4639
  11.4125
  1.56063
  14.5326
  2.67886
   3.3673
  11.5956
  8.58398
  13.9972
  11.0165
  1.38924
  10.0329
  15.1636
  7.13902
  13.8216
  17.4758
  26.5198
  13.2314
 0.252512
  5.94853
  5.94691
   16.739
  6.49245
  7.15032
  18.4739
  9.81048
  9.47654
  8.03031
  7.19991
   17.576
  19.2847
  18.5772
  1.29487
  8.85315
  16.7915
   3.3461
  6.07692
   2.2516
   8.0839
  17.4367
   10.151
 0.744055
  17.2813
  18.6166
  5.90302
  1.77645
  2.63771
  9.94425
  9.83525
   9.3313
 0.556416
  13.5754
  2.93454
  11.3364
  7.68128
   1.0256
 0.123941
  2.39477
   11.559
  1.27202
  15.5631
  4.87001
  8.39814
 0.732955
  4.01586
  9.99436
  3.53699
  9.42103
   6.9778
0.0350579
  14.5191
  17.8797
  3.31114
  10.9095
  15.2188
  7.49568
  3.65957
  8.88477
  7.05713
  17.8914
  20.2968
  15.0543
  11.0204
 0.729944
  10.8771
  5.89648
  10.1866
  10.2893
  1.18005
  15.5711
  5.47996
  30.3844
  27.5768
  4.32237
  31.9768
 0.914745
  16.6624
  6.57139
  3.13986
  3.68592
   5.6158
  2.08062
  1.66703
  4.72336
  16.3963
  14.6569
  13.0589
  13.0977
   1.7902
  1.76286
  8.04262
  8.89244
  12.4265
   17.037
  13.6606
  28.4724
  12.1494
  7.96868
  6.33628
 0.238363
  8.01566
   23.293
  3.98691
 0.693956
  11.8196
  34.4949
  25.2715
  26.9609
  31.0285
  30.1979
  1.85704
  5.41921
  2.16622
  5.19666
  4.85927
  3.21901
  19.5859
   6.7491
  16.0357
  17.2893
  15.6517
  3.54085
  8.88596
  4.95268
  10.6216
  23.7117
  9.72488
  1.65394
 0.624957
  19.2125
  11.3901
  5.43289
  5.21946
  10.9862
  7.80657
   3.8515
  10.7773
  5.59953
  7.95634
  9.09607
   1.3898
  13.6112
  18.4268
  20.6568
   10.993
  9.49008
  17.2893
  13.8601
  11.9051
  9.83002
   14.181
  15.7811
  12.6306