    26.768
0.00394533
   4.75145
   2.77657
   3.08668
   3.51256
   5.48589
   10.7062
   27.9091
   7.44786
   3.43295
   13.7546
   8.84261
   4.03381
   12.6002
   18.8688
   19.7081
   18.5491
   8.54066
    1.8278
   13.9391
    2.7138
   3.24958
   5.49428
   24.6437
   14.5836
   1.99317
  0.783627
  0.572957
   7.66605
   6.84593
   7.21673
   6.93319
     10.74
   4.01654
   1.23307
   10.5263
   5.03591
   8.82986
  0.642092
  0.699518
   10.1597
    7.4632
   3.18905
  0.467418
   3.08313
    6.0968
   29.3826
   24.6155
   11.3732
   5.88547
   23.2606
   22.9319
   4.01785
   7.09035
   2.87463
    31.165
   12.1831
   18.1391
   19.3182
   5.19239
   1.44762
   1.46918
  0.613396
   2.69799
   12.2436
   7.38309
   6.34379
   10.5504
   4.81967
   7.96214
   17.8336
    21.674
   28.3211
   16.3492
   9.09462
   3.84064
   5.72406
   7.83729
   17.8455
   23.9493
    3.0917
   7.48627
   6.61818
   10.0836
   7.31322
  0.513041
   9.24929
   4.97523
   8.02378
   5.04575
   9.70281
   13.2992
   4.19922
   4.44998
    2.9328
   1.46831
   10.3123
   15.3655
   1.58069
   8.01285
   31.2286
   21.7855
   26.2727
   0.13965
     15.44
   15.7997
   2.33772
   4.04576
  0.471889
    19.538
    12.782
   12.4876
    9.6883
   5.83968
   20.1544
   4.01541
   13.5325
   10.8721
   4.92192
    6.6059
   8.04917
   5.49695
   5.70273
   10.0032
   13.2159
  0.460422
   1.08034
   1.88618
   2.48241
   3.48217
   1.16016
   2.75396
   12.8567
   4.87743
   12.2993
   7.07424
   18.1289
  0.522912
   7.12867
  0.859812
   6.20839
   3.36588
   20.6716
   23.7699
   4.76303
    5.5506
    25.843
   4.56385
    3.4773
   21.9442
   7.08116
   4.87377
   12.3416
   9.93595
   1.03053
   21.0184
   1.19994
   12.1472
    2.0602
   23.3063
   18.0306
   7.82541
    6.4501
   20.9176
   2.73002
   8.48616
   2.85783
   3.07505
    6.0175
    11.771
   8.21221
   19.4048
   8.00746
   7.04047
   2.53679
   26.9454
   15.3982
   11.3293
   7.80335
   9.31148
    2.1783
   28.0686
   24.1809
   25.5072
   20.6458
   12.5897
    7.5638
   30.6424
   3.40544
   3.97478
   8.22763
   27.5581
   6.94773
   28.3563
   17.3518
   8.72592
    16.681
   2.71756
   2.02596
    25.725
   2.00802
   9.53486
   2.11418
   4.17285
    9.9805
   11.3641
   0.86701
   17.8812
   9.76513
   5.01455
   6.47584
   0.86745
   4.74644
   14.0837
   6.67333
   4.71219
   9.79667
   0.18696
   15.0631
   6.94885
   1.43586
   6.29728
   3.49255
   6.05886
   6.84887
   3.76892
   4.02442
   11.2359
  0.165087
   30.7276
   10.4219
   5.35714
    13.774
   1.66001
   14.5869
   1.91413
    14.509
   5.16156
   16.8782
   14.5648
   6.26461
   5.18044
   17.9886
  0.704402
   10.4747
   27.4814
   6.98144
   2.74046
  0.869254
   1.49906
   16.4765
   12.6014
    2.7143
   1.55369
   8.90913
   15.5184
    11.183
   12.0412
   10.1823
   7.14631
   11.1969
   19.5593
   3.61247
  0.546738
   1.88727
   6.49738
  0.859802
   17.5303
    4.9862
   14.0256
   15.4047
    13.618
   0.57312
  0.277651
    1.2937
    10.762
   10.8513
   4.02166
   7.39629
   4.73246
   14.4905
   0.22492
 0.0155934
   7.79353
   10.2565
   27.9761
   7.97731
   4.90158
   30.4893
   2.32437
  0.534364
   17.7805
   13.0813
   12.1449
   3.41276
   7.23046
   1.01143
   5.74306
   11.1465
   2.04194
   17.0909
   13.1817
   9.42337
   3.23509
   17.9469
   3.07852
   30.4689
   11.7277
   7.87036
   7.28862
   1.74805
   38.2351
   15.0203
  0.506311
   8.73518
   7.13901
    6.9589
   1.93642
   6.88346
   6.09592
   4.58668
    2.0559
    2.9001
   2.63335
   22.3961
   3.73165
   2.01902
   3.99622
   6.46001
   5.06248
   7.60049
   5.44005
   26.8362
   5.66911
   11.8909
   28.9466
   3.91145
   6.85917
   5.08941
   24.3754
   29.9791
   4.59129
    25.687
   22.3122
   28.6118
   18.3651
   18.1758
   38.0921
  0.761172
   1.39993
   6.67867
   1.43018
    3.3333
   2.10721
 0.0439493
  0.700836
     14.32
   25.5839
 0.0784354
    21.845
   4.48043
   10.4494
   17.0457
    21.735
   6.75495
   12.8093
   7.29303
   1.62918
   12.4946
  0.730108
   16.2639
   5.55932
   3.56164
  0.382595
   4.12355
   4.57814
   26.7685
   5.27071
   3.72928
   11.5924
   5.93713
  0.133686
   13.9299
   4.25953
  0.239809
   2.83807
  0.859702
   12.0257
   9.78756
    2.5391
   4.41611
  0.483445
    29.645
   4.90727
   3.41979
    4.0351
   7.26175
  0.237677
   5.81837
   8.24428
   10.1332
   19.4374
   4.55838
   12.8547
   18.0806
   32.9364
   7.50485
   18.7075
   5.16689
   4.78265
   2.03872
   2.90646
   27.1003
   16.2499
   11.0486
   13.0321
   7.27683
   0.59722
   4.77998
   8.42717
   8.37462
   14.4497
   4.56773
   13.5348
   2.50038
  0.472229
   2.17772
   4.75543
   6.12842
   14.0441
   13.2214
   30.2688
   5.47547
   4.88516
   6.12174
   11.1804
    9.9874
  0.875275
   13.8005
   2.56692
   10.9731
   7.41807
   15.2228
    4.1362
   7.87767
   2.47175
    16.735
   6.57332
   3.42036
   3.65622
   4.90724
    9.2733
   4.71273
   7.98461
   4.43428
   12.4103
   3.23593
   14.7723
  0.476432
   4.37597
   8.25596
   10.0566
   8.68217
   14.5593
   18.4443
   2.18756
   5.15009
   5.80323
   4.77961
   6.93885
   3.68446
   6.51498
   2.50347
   5.57664
    27.496
   5.92186
   4.74965
   27.8444
   0.77176
    9.3554
   2.53545
   11.7475
   2.74808
   24.5184
   7.48603
   2.98362
   29.9537
   7.74926
   30.2258
   3.36092
   9.93494
   3.87502
   7.20488
   3.99673
   4.06372
   4.81671
   6.83582
   19.1942
   14.0441
   17.6023
   34.9734
    5.6888
   6.81365
   3.00631
   6.21317
   13.0325
   14.9479
   1.22329
   29.5369
   5.07845
   8.53111
   8.43105
   25.9032
   4.57671
   21.9739
  0.684112
   0.67624
   2.19288
   2.75215
   12.1126
   7.99744
   10.0128
   12.9522
  0.163843
   19.3703
   11.4315
   9.12608
   20.6065
    4.9769
   16.5314
   38.2351
   23.9916
   20.7991
   5.22245
   13.8539
    2.7296
   8.75271
   5.77372
  0.678397
    9.4794
    1.8181
   47.7611
   36.8228
    40.651
   13.2524
   33.4772
   8.28987
  0.717676
   8.50042
  0.498255
   22.2993
   4.46428
   17.1743
   4.58175
   16.2374
   9.67353
    11.683
   24.5663
   11.6203
   9.62863
   23.6939
   17.6005
    15.036
   4.87091
    10.218
   11.3895
   8.75608
   4.68642
   5.36201
   24.7222
   2.35444
   8.62959
   6.02922
   14.3929
   7.00431
   9.49791
   12.1785
   1.22705
   17.5642
   2.13391
   4.41439
   10.6148
   17.1498
   8.95169
   10.5347
    17.117
 0.0309149
    4.3158
  0.139062
   5.42797
   35.2883
   25.5867
   6.83414
   14.2739
   6.83168
    44.476
   4.70928
  0.918692
   6.18665
   5.97887
  0.507022
   24.2449
   25.8142
   25.4917
   3.27401
   17.0784
   4.85586
   13.8651
   8.55519
   4.70146
   5.48642
   28.4766
   4.36338
   9.09411
   18.5573
   3.39905
     9.601
    24.455
   14.2597
   16.2388
   3.85995
   20.4071
   6.93183
   16.0137
   15.6416
   8.76234
   20.8518
   20.1172
   49.1355
    52.432
   50.1292
   13.2408
   21.2342
   6.85151
   14.5266
    2.7633
    11.334
   16.1647
   1.30981
   5.15258
   17.7354
   35.7077
   15.9993
   10.7428
   5.03822
   10.2615
   12.4559
   8.68853
   14.4745
   1.66584
    32.292
   2.68483
   9.94232
   11.6517
   39.8316
   20.4104
     30.82
   14.9834
   11.1163
   20.9876
   4.92699
   7.99178
   17.3016
   6.83952
   6.91242
   35.6599
   4.82895
   5.33356
   2.02304
   15.9752
   10.8631
   21.2642
    5.5691
   2.28773
   16.4675
   61.9666
   52.9715
   11.0057
   9.03034
   18.8327
  0.361268
   6.69959
   32.5653
   35.8815
   43.0415
   6.92625
   1.25482
   2.57623
    3.9391
   19.0662
   3.20653
   24.7048
   1.36621
   14.1366
   3.14539
   29.9094
   7.83642
   3.18896
   5.61374
   8.40338
  0.361268
  0.331768
   54.5069
  0.323655
   34.1228
   58.9045
   33.1091
    9.9101
   4.22987
   5.97618
   11.6714
    12.981
   6.37045
   7.78405
   4.29929
  0.719145
   11.8605
   5.88259
   8.86677
   3.55009
   3.53989
   7.06653
   1.71779
  0.624664
   12.9016
    36.747
   6.24051
   7.77287
   11.1415
    4.9773
   5.13844
   13.8718
   11.4273
   11.2733
   4.23087
   3.20754
   4.58402
   9.43494
   17.5388
   24.5106
   24.9276
   11.2155
   11.2011
    2.9421
   5.80273
   6.62657
   2.00727
  0.372363
   11.2228
   1.57337
   7.23492
    17.248
   10.9915
   6.86838
   8.22442
   30.7621
   44.4572
   37.5848
   13.9078
   9.71349
   19.3654
   13.5955
   9.94808
   1.38747
   12.2302
   19.1419
   23.8437
   39.3774
    38.492
   11.7714
   31.2988
   4.50512
   7.95474
    1.3815
   1.75868
   43.6644
   3.56091
   24.2954
   3.92792
   4.35423
   17.3398
   8.46858
   4.26965
    20.682
   36.3333
   35.8174
    51.338
   54.1694
   51.9664
   22.8854
   2.48538
   51.3346
   1.68362
   3.79396
   11.4547
   15.1544
   10.5621
   54.4816
   5.26341
   9.89227
   22.0546
   18.5379
   4.36772
   49.8751
    20.923
   13.9469
   37.6912
   16.5545
   14.4211
   21.2239
    12.252
   14.8061
   19.6145
   7.10077
   43.5034
   25.0961
   30.2138
    18.847
   8.18268
   2.72302
   49.8447
   48.4239
   20.6603
   1.34886
   9.45098
   30.7251
   27.5464
   6.67913
   15.8873
   17.5448
    37.987
    2.2851
   44.9709
   11.8441
    51.688
   33.6365
   33.0591
   2.08394
   37.4171
   35.4896
   34.2642
   5.74945
   21.4921
   49.1196
   20.2821
   2.40909
   43.4693
   41.4638
   47.5112
   22.3401
   27.1811
   22.6572
   48.6246
   36.2625
   48.9717
   18.0847
   14.6358
   3.03632
   2.91045
   6.84866
   61.9827
   48.3364
   61.6568
   29.1959
   44.9257
   0.77185
   20.0151
   23.0132
    1.9665
   62.0259
   30.0977
   31.2605
   21.5835
   32.8174
    31.676
   2.25213
   14.2396
   51.1671
   10.0694
   16.1622
  0.351876
   18.7308
   1.01411
   10.6974
     16.76
   7.21987
   13.9229
   12.5109
   51.3975
    9.9871
   45.9024
   9.68717
   51.5282
    50.428
   51.7837
   4.13922
   7.61314
   55.9701
   32.1058
   47.7744
   55.9388
   14.5518
   59.5428
   16.3703
   7.60214
   28.5367
   9.69798
   23.5472
   14.9461
   8.34496
   4.05476
   52.0067
   55.9064
   50.5821
   11.1406
   33.8839
   44.9452
   11.9425
   18.9007
    19.091
   6.82422
   11.1895
   54.9127
   19.5144
   4.61918
   17.4399
   4.84435
   6.61972
   13.9454
   15.9227
   10.6602
   40.3748
   15.1003
   6.57121
    7.7583
   2.76364
   31.5825
   24.0467
   37.3541
   7.21487
   54.9156
   5.04648
   4.54679
   14.3543
   6.83274
   22.7412
   19.8584
   10.9505
    54.718
   53.7795
   19.7725
   61.6898
    13.174
    7.5303
  0.313025
   33.1054
 0.0658363
   7.53335
   6.27343
    5.1312
  0.805354
  0.874777
   3.66874
   10.4198
   18.1172
   2.42108
   9.06726
   65.7554
   5.69424
   9.08422
   24.6144
   40.3402
   24.5336
    22.325
   33.8593
   63.7914
   6.83274
  0.472419
   57.5769
      14.1
    6.8364
   14.9293
    2.0751
   59.9365
    60.298
   60.8595
   24.3668