  1.15692
 0.400552
  1.07999
   5.7257
  13.8354
  10.3625
  1.46526
  2.22569
  21.0377
  14.5282
  17.6036
   3.5675
   5.4071
  6.43465
  8.05752
  7.64242
  11.9009
  2.45262
  26.1502
  27.9115
   26.192
  29.3676
  1.62311
  8.77652
  3.53999
  12.7753
  9.10764
  36.3873
  12.7202
  10.3185
  6.57401
  2.38578
  12.9545
  2.30681
   3.7538
  1.40198
  12.2011
  49.6614
  37.7608
  53.2611
  57.3912
  48.6451
  6.63162
  1.77833
  9.80476
  4.38882
  12.3882
  5.37474
  37.6988
  43.0304
  7.71195
  1.02275
  5.14678
   2.1976
0.0153281
  7.90303
  8.61131
  8.64403
  11.1259
  10.0198
  7.99949
  4.98052
  8.90459
  9.07334
  9.08746
  24.4887
  22.9553
   28.598
  28.2352
   27.106
  18.6318
  12.7776
  11.5682
  12.9632
  12.7246
  7.90283
  1.20374
  8.21886
  1.12725
  14.4332
   13.767
  10.5288
  15.4754
  11.5758
  15.9291
    16.06
  20.5995
  11.2152
  12.1457
  3.07541
  2.71645
  13.7902
  3.85508
  5.88329
 0.410859
  8.55925
  9.03193
  13.8139
  14.3807
  1.29287
  13.7609
  2.08166
  2.91392
  13.3499
  1.08201
   9.1267
  8.76958
  12.3201
  12.4107
  10.1407
   1.0419
  8.08804
  13.7999
  11.6327
  23.9247
  13.6526
  1.60168
  26.8645
  22.4217
  2.95117
  4.19994
  11.3212
  12.7871
  1.57426
  8.08656
  19.6601
  23.9278
  6.52601
  27.4742
  4.40406
 0.392411
  6.98138
  1.46555
  7.42311
  6.42421
  12.1743
    13.88
   8.3494
  26.6623
  54.6046
  58.1302
  47.5457
  1.01826
  3.97589
  32.8819
  17.0076
  13.3625
  32.1315
  22.7573
  9.21371
 0.739253
   16.668
  13.4564
  1.20503
  2.96789
  11.4214
   10.131
  18.7183
  28.6319
  30.4163
  23.4774
  25.4223
 0.847597
  4.14248
  11.1423
  7.43886
  12.3726
  11.5682
  19.3883
  27.7248
   4.3138
  8.49824
   1.6274
  5.12774
  1.33062
  2.17875
  1.49359
  4.89321
   1.5316
  10.1611
  9.10356
  6.08553
  3.44262
  41.2322
  50.0119
  33.3479
    24.64
  53.5012
  2.43027
  2.57648
  2.02287
  7.81277
  1.87084
  34.8357
   40.814
  4.57744
  15.4282
  18.5652
  13.7497
  17.3272
  18.7449
  15.7703
  3.49044
   4.1626
0.0539804
  8.25985
  3.90415
  8.45527
  16.5388
  16.1713
  26.3395
  29.5895
  16.3995
  22.2286
  11.0057
  4.67513
  1.69486
  12.8234
  2.87312
  9.68526
  10.5055
  9.89967
   6.8538
  1.58031
  6.04017
   11.229
  14.9282
  12.5053
  23.0648
  5.89439
  2.69924
  2.60144
  20.6756
  4.64912
  8.52039
  9.85566
  9.81367
  2.44645
  7.18455
    1.562
  1.64891
  6.10452
 0.919786
  2.32642
   3.3948
  6.54102
  14.4298
  12.8021
  6.11961
  3.59187
  20.3617
   25.246
  20.4283
  31.3751
  7.42876
  5.65076
  5.99058
   8.1345
  4.63084
  18.0317
  8.64364
  3.42882
  26.7796
  14.7582
 0.127024
  44.7738
  2.20916
  11.2958
  2.24661
  1.85285
  14.9835
  14.2481
  38.2528
  10.9452
  29.8317
  51.3237
  43.8594
  40.5082
  7.40783
  2.93331
  5.31422
  1.31586
  3.08215
 0.785465
  56.2896
  20.6239
  6.40658
  13.9234
  46.6294
 0.434821
  30.6086
  23.8099
  9.88873
  14.3525
  1.46245
   2.0986
  6.00072
  22.2919
 0.523425
  5.51499
  6.94184
   2.8329
  3.31354
  1.45441
  2.30111
  1.16712
   13.584
 0.334266
  6.77095
  3.36589
  4.74499
  1.54434
  7.77016
  6.43403
  6.88202
  6.11358
  23.4123
  8.61704
  9.48286
  11.1007
  8.16801
  16.0916
  5.48763
  8.47839
   9.3086
  14.0895
  16.7626
  4.63677
  12.7119
  3.70953
  3.75659
  3.90978
  5.12762
  1.68388
  6.44566
  7.84425
  1.23528
  2.53616
  12.1033
 0.572632
  12.5551
  9.89889
  22.3849
  12.4836
  20.3538
  9.54019
  6.90252
  10.5665
  31.4688
  11.1095
  11.7305
  16.3854
  1.75193
 0.274298
  3.07616
  3.47045
  2.43825
  22.5148
 0.841638
  29.9652
  7.50663
  3.95109
  9.18787
  38.3052
  31.3437
  6.22422
 0.225304
  11.1814
  9.89046
 0.943432
  11.9775
  10.9081
   55.147
  55.9391
  53.5254
  10.8388
  11.9843
 0.335398
  1.71232
  2.04172
  7.40783
  6.70481
  39.7298
  7.92366
  31.0646
  11.7154
  36.8722
  27.7004
 0.139989
  11.8062
  11.2091
  5.59557
  34.2417
  27.4614
  16.5497
  16.7527
  3.43547
  4.24342
  6.36968
  35.1835
  22.3312
  3.99141
  10.5792
  2.98525
  1.33242
  10.5309
 0.854317
  17.6502
  11.5295
  4.13405
  3.94222
   13.439
  7.30729
  12.2928
 0.816556
  6.96635
  3.03038
  2.01887
  8.63565
  3.19709
  23.7755
 0.857798
  24.9429
  23.4935
  22.9607
  4.69409
  7.93647
 0.451868
  8.91506
  7.15566
  10.8414
  8.29235
  30.3579
  25.0186
  8.17692
  8.81561
   1.4155
 0.683898
 0.593114
  13.9763
  38.9468
  53.1427
  1.68719
  2.49489
  2.09834
  2.47867
  2.09866
  5.12416
  54.3018
  38.5221
  12.2635
  35.6589
  31.6817
 0.841875
  13.7635
  3.50555
  5.24933
 0.977613
 0.186454
  2.44385
  7.04527
  11.1275
  8.47347
  19.4944
   28.489
  29.7338
  27.4594
  36.2259
  29.0959
  28.2377
  19.9901
  17.8319
  18.2341
  18.9646
  15.4453
  10.3395
  21.7185
  17.5332
  6.89538
  33.9419
   51.071
  1.14423
  28.9441
  41.6459
  11.6179
  32.8009
   11.736
  34.8739
  5.96365
  17.1285
  10.3318
  8.92561
  21.8717
  18.7484
  20.6869
  21.1081
  24.1179
  6.74374
 0.261473
  20.1955
  24.4152
  8.87074
  19.9203
  12.0459
  17.4457
  5.65771
  33.6444
  16.3549
  18.2894
  4.41377
  11.0278
  8.78767
   14.041
  29.6038
  33.3204
  40.6254
  50.2191
   24.434
  25.2623
  16.4017
    0.228
   13.212
  1.22556
  31.2256
  19.6298
  20.8642
  23.0885
  26.0963
  5.52109
   3.9423
  24.6959
  13.8545
  29.3172
  15.4343
  18.7082
  13.1538
  24.8258
  5.49115
   18.245
  18.1174
  19.7541
  19.2483
  1.87713
  18.7867
    4.134
   31.346
   5.7319
  4.89764
  21.9064
  23.8752
  12.4195
  21.9128
  8.33414
   0.4275
  28.5163
  7.28974
  8.57822
  1.75182
  19.1445
  24.2892
  4.52377
  19.4433
  8.39323
  22.7629
  4.63206
  35.9534
  23.7329
  12.2245
  6.90198
  18.8656
  12.7754
  4.35827
  42.5487
  7.28513
  29.3392
   54.514
  12.6952
  6.74328
  36.8711
  20.6181
  8.45023
  23.5266
   15.984
   16.575
 0.386602
  2.86833
  14.6531
  20.5967
  9.44389
  10.0001
  13.0098
   33.877
 0.664117
  1.32589
 0.433982
  6.61669
  18.6146
  5.73553
  8.14136
  7.23469
  7.56347
  23.6704
  21.9178
  34.2684
  6.01746
  11.5001
  2.68101
  11.7105
  13.8888
  25.1155
    17.26
  16.7121
  20.2408
  1.29841
  45.4998
  7.82383
  11.6472
  7.49119
  10.0226
  26.7477
  3.02273
  28.7836
0.0397465
  1.54799
  9.66891
  7.60617
  10.8963
  7.59682
  33.5845
  53.1075
  16.3675
  7.95494
  14.8813
  19.8466
  37.8495
  0.12116
   15.862
  38.1632
  26.1922
  29.5511
   18.969
   13.537
  35.3386
  38.2672
  12.2246
  20.4051
  55.6141
  2.52285
  4.58927
  1.41109
  5.76822
  5.39877
 0.711774
   3.2163
  10.7277
  17.6958
  7.15217
  8.54871
  12.7682
  36.6121
  5.53235
  1.12454
  16.0572
  5.23117
  7.84191
  30.2066
  8.51259
  9.33744
 0.625446
  46.3867
  1.36834
  8.19921
  35.9442
  7.84475
  37.3866
  9.94507
  3.58191
  14.4245
  4.16308
  12.7421
 0.834539
  30.2619
  11.8206
  17.4074
  18.1271
  15.7707
  7.61285
  0.79973
  2.05581
  16.9626
  27.8815
  34.7514
  21.8176
  2.19436
 0.146425
  4.96781
  8.83865
   12.177
  35.0713
  34.0243
 0.146355
  14.2683
 0.170159
  12.1864
  16.0569
  8.59409
  33.2236
  16.0172
   18.824
  3.35827
  7.21476
   9.6879
  7.50817
  9.15901
  12.3303
  18.8935
  30.5043
  14.5686
  8.60031
  16.9308
  20.5388
  17.9361
  2.80787
  16.3426
  21.4804
  11.4146
  24.1308
  4.58143
  13.2758
   3.2194
  16.6324
  5.27139
  23.3425
   4.4644
  16.4307
  11.7005
  11.7692