   4.07378
   20.9836
   5.40382
   12.8964
   6.22569
   8.67943
    15.508
    2.8682
   8.10567
    6.4259
   8.20531
   1.21301
   1.38635
   2.71314
   6.24358
   2.90882
   6.88468
  0.490082
   6.69791
   43.2177
   44.2875
   26.7259
   40.4507
   28.1302
   1.37355
   1.23334
     11.12
   11.3074
   6.20578
   8.07732
   13.7941
    42.134
    41.538
   10.5712
   13.3795
   8.38908
   12.9802
   12.7352
   14.6451
   33.1858
   14.5242
    17.316
   12.3451
   9.93209
    33.186
   15.3665
   34.4666
    25.526
   33.4786
    11.824
   13.3281
   16.1755
   6.05625
   7.57619
    8.0618
   41.3071
   13.8032
   12.0985
   3.22894
    4.1561
0.00573926
   1.47399
  0.836568
   9.76011
   5.07212
   4.81441
   16.4602
   11.7316
   8.03384
   8.83242
   9.80915
   13.3917
   1.44981
    20.459
    8.6474
    9.8604
   18.2906
   36.0585
   40.3871
   25.6137
   3.69003
    6.8376
   5.85172
   15.8354
   12.7911
   6.39866
   21.3498
   6.49012
   29.0098
   29.2209
   5.65281
   5.31837
   33.0155
 0.0127702
    14.737
   14.8851
   5.71444
   21.2811
   16.0919
   7.72835
   9.00993
   17.1677
   8.72089
   7.63199
   10.9305
   4.99212
   6.16693
   3.78215
   7.06815
    1.6791
   1.38233
   3.41518
   2.28625
   2.56668
   3.78037
   25.9655
   35.9202
    2.8319
   10.2296
   44.9962
   1.85965
   5.08832
   10.9103
   8.57129
  0.489701
   37.6576
   41.7951
  0.132855
   3.91132
   20.5545
    14.828
   8.32424
   2.52443
   14.6212
    6.3521
   14.8469
    18.756
   8.55528
   7.00941
   6.98905
   26.3521
   27.3616
   19.9894
   16.5774
   7.11944
   2.62629
   14.8171
   8.94638
   16.3633
   13.8007
   33.4417
   31.3851
   28.6639
   14.8272
   29.0306
   1.51725
   5.24506
   5.29629
    1.2635
   2.38823
  0.100354
    9.1694
    1.8175
   46.3599
   4.84853
   7.02515
   2.95432
   22.6501
   11.6755
   10.2014
   1.15776
   5.54717
   19.9451
   42.3006
   25.3716
   33.3873
   3.03413
  0.239155
    7.8446
   2.69141
  0.193838
  0.159419
   28.1396
   5.39102
   9.74158
   46.5953
   2.53462
   12.8917
   3.53565
   12.2597
   15.0929
  0.837358
   4.52199
   7.42012
   11.8521
   3.04579
   4.73427
   3.80699
   10.3338
   4.41595
   7.69192
   5.90939
   2.82127
   9.43728
   5.09873
   10.5685
    11.464
   21.8133
   12.1959
  0.167443
   3.68106
   15.8391
   16.6134
    14.167
    26.253
   1.03308
   7.07816
   12.2889
   9.82968
   1.08173
    8.5021
   8.55154
   3.05032
   2.20046
   7.99176
   33.5901
   11.2549
   7.85492
   12.1913
   11.0848
   3.63329
   2.99811
   20.6996
   39.5916
   43.7712
   33.5718
   7.00687
   7.24811
 0.0732447
   5.65513
   2.74058
   2.73681
   3.65667
   30.7866
   5.54268
   9.25063
   4.87536
   16.7804
   11.0962
   34.1062
   14.6533
   19.4439
   10.3495
   4.60382
   2.48837
   1.42635
   2.72809
   1.74693
   9.87593
   12.0227
   6.99903
   10.1613
   11.8282
   34.5443
   19.9607
   7.95534
   9.00299
   9.89027
     15.46
   8.94699
   3.68671
   27.9483
   3.02255
    6.4228
   7.59058
   15.0463
   3.73596
   11.9082
    14.045
   5.37641
   8.82446
   2.84636
   5.51476
   25.3997
   43.7677
   5.08667
   7.97903
   1.30293
   6.46756
   8.75276
   1.85139
   24.3553
   32.9762
   21.9486
    9.2198
   7.54719
   8.33088
   4.20356
   12.8252
   6.11044
   11.8286
   17.7343
   15.5947
    13.716
     16.98
   14.7651
   14.9952
   21.3607
   0.47835
   9.51116
   7.50003
   1.39556
   5.54885
   10.9643
   4.18279
   15.7879
   9.36939
   34.1078
   11.9207
   9.66468
   9.81532
  0.207212
   15.5914
   8.28748
  0.373478
   7.29129
   9.30381
   10.9463
   18.7918
    9.9195
   10.2472
   12.9583
 0.0490503
   13.0802
 0.0913703
   10.8988
   3.27639
   5.75301
   13.3877
     5.987
     1.873
   31.6347
   6.04559
   7.73608
   21.6224
   6.51453
  0.826014
    0.1283
   15.2965
   6.17867
   10.4677
   9.91785
   2.96242
  0.549027
   19.4229
    6.2329
   12.3747
   6.58549
   38.1264
   33.2313
    18.957
   1.35873
   11.0209
   23.9227
   25.0472
    31.447
    4.3986
   10.5087
   30.8089
   5.21296
   8.53701
  0.575666
   3.91585
   9.22061
   9.69513
   6.59823
   9.12725
   7.43492
   2.42959
   5.25873
   32.2728
   3.91041
    14.717
   1.24336
   12.6174
   18.1076
   15.5919
   4.07471
  0.123744
   12.2328
   4.60667
   31.6971
   17.6519
   11.8423
   15.4305
   6.59206
   19.1706
   7.62943
    9.2891
   4.69934
   15.6355
   15.7785
    4.9569
   23.5948
   20.1632
      7.48
   11.0198
   11.6974
   3.72829
   43.0474
    46.325
   7.81121
   32.9949
   14.3984
   9.47892
   4.84721
   7.45814
   19.1332
   4.46003
   28.9495
   10.3665
   8.45061
   10.4737
   14.7751
   8.97535
  0.761327
   11.7059
   7.38575
   8.83084
   13.6957
   13.8661
   13.0797
      6.59
   13.3279
   3.65714
   10.7207
   14.6662
   9.73657
   6.18899
   17.7271
   3.96278
   5.30313
    18.005
   16.4079
   4.36646
   3.97439
   8.01877
  0.500271
   2.09501
   31.0575
   15.3891
   35.1474
   16.3813
   58.3431
   45.7013
   30.8219
   14.8277
   15.8511
   8.29963
   13.4362
    9.3693
   45.7836
   6.94876
    16.183
   12.7103
   25.1978
   38.8955
    29.313
   17.3312
  0.802711
   5.06662
   1.33955
   16.6255
    15.772
    29.374
   3.63076
   17.9621
   22.8582
   1.84747
   8.22247
   10.0472
    3.7688
   8.15342
   24.7633
   18.2551
   14.3809
   10.2746
   6.63891
   17.5595
   15.9724
   23.2317
   17.4527
   35.4902
   13.1407
   7.03018
   13.2451
    7.3404
   10.9322
   9.98691
   2.79288
   12.4422
   3.55241
   9.60401
  0.806853
   8.23616
   30.0408
   22.3602
   8.26024
   13.5537
   31.5545
   24.0746
    1.8835
   12.4494
   33.6534
   45.3561
   23.9341
   25.0756
   7.33742
   12.6514
   54.9683
   4.40335
   3.79949
   16.5494
   50.6669
   4.22392
   9.49267
   51.9486
   9.45146
   43.0121
   3.80742
   6.97151
   15.4197
   5.00887
    4.5265
   15.1707
   9.44844
   11.4663
   6.17559
   3.13323
   18.4385
   13.2687
   2.30889
   17.2878
   4.04758
   19.7192
   1.41143
   59.0161
   24.3204
   15.7749
   7.60179
   10.0117
  0.650949
   3.13103
   19.9699
   1.59285
   12.2681
    14.603
   8.99352
   1.23006
   12.6252
   3.92736
   27.1907
   34.6285
   1.57346
   15.4234
     2.135
   6.96477
   13.0073
   28.9953
   19.8969
   9.92633
   18.0831
   6.62691
   16.4445
   5.89271
   8.99951
   18.7081
   5.06754
   10.0735
   8.75125
    20.486
   15.8938
   4.66487
   19.9603
   6.32073
   11.0303
   10.5928
   11.8085
   7.71505
   9.51694
   5.85342
   18.7804
   14.4017
   22.4006
   15.3126
   15.9368
   15.0943
   11.7428
   5.92686
   5.89713
   9.71872
   12.5124
   9.23892
   6.00633
   17.2607
   9.42527
   9.33557
    7.1434
   7.58454
   5.77155
   41.7857
   5.75345
   21.9961
   40.5306
    30.264
   9.07524
   32.7932
   4.20219
  0.235125
   39.0226
   34.2837
   5.83347
   14.5335
   16.1617
   20.2364
   3.91026
   6.56833
  0.715081
   54.1547
   2.43771
   13.4969
   6.87098
    8.2521
   7.78634
   0.64732
   10.5125
    5.9582
   14.5435
   9.26329
   21.1843
   1.47734
  0.317096
     4.087
   31.8851
   27.1381
   2.72593
   8.85783
   1.40472
   16.4105
   11.4579
   24.6864
   7.87919
   12.3336
   3.55577
   1.88367
  0.587412
   16.9188
   1.10979
   3.13788
   52.6814
   37.1729
   14.6849
    17.022
   16.3296
   7.70772
   19.2181
    7.4814
   9.73086
  0.201399
   8.31006
   8.27077
   12.2107
   14.5622
   23.0264
    52.191
   30.9918
   2.78126
     16.74
    4.9657
   10.0137
   59.0606
   10.2795
   13.6183
    8.6801
   5.38117
   1.16071
     14.76
   6.14091
   9.72286
   8.27517
    15.614
   5.82465
    15.054
   11.9172
   3.64985
   20.7569
   15.1503
   42.0801
   18.4502
   5.01179
   11.3574
   4.34262
   7.09571
   13.3221
   14.7914
   17.2267
   10.2882
    12.788
   9.91794
   16.6343
   13.7146
    40.148
   34.7186
     6.453
   2.64784
   5.45823
   18.8825
   11.3142
   28.9963
   7.87831
   9.07778
    17.663
   15.9451
   2.62048
   8.81439
   26.2504
    2.3343
   1.49906
   16.9028
   7.31358
   13.0479
   16.6519
   15.4469
   3.52056
   15.9887
   5.92478
   12.4163
   51.4863
    4.1708
   12.3635
   20.4419
   22.0841
   16.4392
    7.2564
  0.400743
   2.74046
   38.7811
   7.51975
   1.78647
   2.17496
   31.5514
   3.87779
   10.0143
   12.4772
   21.5069
   12.8413
   3.54797
   32.1939
   1.11005
  0.202656
   16.3523
   15.6437
   5.29359
   12.0111
   16.1179
 0.0266787
   11.0185
    14.774
   13.1432
   6.20583
   29.5956
   3.64991
   7.68687
   13.2648
   11.2577
   1.64934
   1.29966
   45.2321
   41.2871
   13.2678
    3.9995
   6.98608
   6.35639
  0.233832
   8.25023
   17.5974
   10.8417
   15.0988
   3.61685
   13.7969
   14.3774
   6.88253
   13.6754
   10.1611
   13.4284
  0.168191
   5.85714
   2.38191
    12.882
   26.3128
   11.1966
   10.9957
   8.47275
   9.49039
   9.13504
    2.8757
   8.67388
   6.81415
   2.89779
   12.3912
   2.02186
   7.43143
   16.7408
   12.6281
   11.1329
   11.0081
   12.5081
   9.40644
   8.12523
    16.535
   1.13942
   9.61315
   21.0058
  0.795557
   7.61298
   10.9727
   6.91161
    1.2257
   5.13373
   10.4544
 0.0120161
   2.64166
   1.16551
     5.208
   1.37969
   8.77628
    11.557
   1.73435
   12.1802
   4.89117
   1.06877
   9.86464
  0.343334
   18.9523
   4.81896
   8.10775
   10.2958
   3.31446
   2.84829
   1.32306
   2.72898
    2.8722
   8.03916
   10.4029
   33.2467
  0.776824
   16.7012
   7.35309
   11.6373
    6.7986
   11.3932
  0.269221
   15.4042
   9.49195
   15.5201
   8.90779
   13.6389
    3.8309
    1.1239
   2.09714
   15.5863
   7.35157
   1.32606
   2.41914
   8.82979
    9.8149
   12.6314
    13.445
    17.373
   5.24576
   10.3689
   16.1493
   13.6139
   1.08787
  0.327674
   15.8336
   15.7376
   4.75304
   1.81075
   4.39701
   12.3837
   6.36203
   5.37053
   17.4806
    14.259
   7.54635
   21.2494
   9.98776
   16.0948
 0.0543115
   5.01119
   12.2804
   6.85048
   16.8335
   18.0914
     4.505
   16.4996
   14.3891
   4.85602
   1.04016
   12.1824
   4.92518
   19.0012
  0.484673