60.5414
38.7359
35.9421
5.49444
57.5273
63.5051
67.4903
67.6133
40.7361
39.4752
34.2272
43.8781
42.4518
13.8482
29.4163
39.3134
26.0772
20.4467
 42.557
39.0402
22.1816
19.8335
44.8323
26.5561
34.0397
28.5293
32.4385
24.6965
32.3509
13.0465
30.5893
 34.258
67.4906
67.6129
67.4862
57.0226
45.6838
57.7582
57.1494
48.4675
46.9285
65.2136
68.0559
 63.686
6.59529
62.0663
50.8117
47.7359
42.1975
38.1494
60.8392
44.7547
8.48186
63.2117
67.4907
67.6134
 17.594
 20.413
28.9985
 39.593
35.6156
36.8432
48.3499
24.9479
21.6233
25.7783
19.7815
30.2321
24.5922
26.6097
34.1198
16.9361
20.1861
24.1964
26.1145
34.2899
32.8052
57.0919
69.5249
60.8481
 43.952
59.8126
66.2237
64.5223
53.6893
44.6694
57.3012
44.5862
27.3855
37.8272
7.39077
5.56479
37.3463
39.3165
26.5348
51.0883
32.4352
88.5548
 52.071
20.0521
38.5638
 38.708
15.4642
26.1339
32.5584
57.3239
39.4752
27.3855
8.32513
28.9747
8.37395
7.20805
43.6061
28.1908
54.2731
6.82797
20.2436
53.5579
46.1714
28.4563
19.4462
32.6526
14.5102
21.7938
42.4375
42.4839
47.0034
7.58406
25.9029
32.1324
 8.5806
32.3766
67.4899
67.4901
46.0541
46.8534
43.3108
61.9046
43.8184
49.6435
6.85781
61.5275
5.81996
35.9577
9.58021
39.3165
30.9867
44.5902
31.6137
28.9364
8.01557
28.5988
39.6201
38.0061
19.9754
35.5046
49.3654
13.0417
35.9514
39.7257
44.7856
6.24855
40.8882
6.91821
67.4898
67.4894
56.5474
49.2136
 41.793
60.3598
46.9421
69.5249
3.38489
38.1942
8.46065
7.75274
50.2739
14.5639
57.1288
64.0511