   45.4172
   46.2256
   44.4911
   46.9641
   40.7862
   38.9177
   26.8151
   94.7647
   21.9833
   45.6991
   46.4441
   37.6443
   51.0047
   46.0722
   49.3851
    50.544
   51.4102
   47.1426
   51.9849
   24.9519
   25.4128
   25.2458
   19.4913
   101.363
   103.248
   103.648
   105.781
   104.644
   20.0853
   19.3134
   20.1375
   25.0883
   27.3475
   39.1588
   23.1598
   44.7031
   52.2536
   44.9592
   20.6694
   47.6504
   44.6895
   53.7036
   51.5637
   52.3897
   50.1498
   45.4862
   55.4862
    9.2432
   41.8345
   39.4711
    46.922
   41.4645
   42.2019
   95.6182
    43.609
    54.466
   52.7392
   95.1597
   37.7482
   28.1097
    52.346
   50.4104
    53.436
   100.097
   52.0041
   51.0249
   21.7309
   52.4125
   101.625
   102.858
   26.8771
   22.4006
   17.6289
   35.4249
   24.2554
    24.717
   22.7226
   22.4962
   6.81633
   34.5711
   53.1848
   55.0757
   47.8894
   42.5182
   105.857
    101.64
   21.7873
   17.9627
   94.7456
   15.9237
   40.7235
   94.3751
   54.4421
    48.124
   46.5688
   54.8967
   49.1731
   24.5925
   61.1407
    33.258
   35.5219
   40.3981
   44.3693
   46.5685
   35.3741
   34.3266
   40.5302
   35.1486
   53.5806
   36.5866
   46.7831
   53.0223
    48.963
   49.4904
   30.4603
   36.5813
   50.2504
   38.6192
   101.514
   7.74896
   97.2287
   53.9661
   46.7124
   53.6934
   94.9942
   21.1787
   20.4444
    51.345
   48.6987
   101.143
   4.03284
    103.94
   13.9046
   21.8849
   47.0808
   97.2631
   44.5772
   94.3081
   55.8209
   22.9139
   38.0008
   50.6541
   46.5016
   38.5683
   54.7152
   95.6253
    6.7758
   54.9787
   54.5305
   55.2306
   25.5333
   26.4845
   24.2754
    17.481
 0.0260645
   10.7514
   39.6124
   35.5232
   9.28914
   21.3839
   36.2322
   55.7101
   50.1573
   44.7609
   15.7992
   25.3917
   17.3686
   29.5842
    39.928
   46.8134
   54.2523
   24.6626
   26.6476
    8.7746
   105.124
   6.79839
   6.55162
   95.1929
    46.425
   30.4955
   36.6424
   25.5226
   15.4337
   27.4377
   32.0917
   28.4622
   32.5271
   26.7363
   31.0081
   44.1403
   27.8958
   47.1571
   24.9793
   33.5881
   26.0264
   28.5179
    26.992
    36.812
   38.5243
   46.5967
   50.0376
   51.6325
   12.2692
   32.1113
   55.6018
   39.4981
   42.5945
   27.4723
   52.4882
   36.1964
   31.2035
   25.0739
   38.4615
    88.668
   32.5835
   26.9824
   51.1517
     38.38
   33.2647
   43.8768
   42.3075
   35.1819
   30.1982
   33.7685
   28.2126
        30
   53.0539
   31.1097
   40.2665
   28.8136
   43.0127
   40.7922
   55.7189
   25.1418
   42.8339
   25.2745
   20.6359
    32.431
   33.6071
   32.5849
   34.1731
   32.9395
   31.1467
   40.6448
   26.7289
    31.512
   43.0342
   43.4095
   18.8172
   30.8882
   32.7975
   39.2134
    34.139
   26.7654
   40.8044
   45.1345
   38.6661
    31.438
   31.3508
   41.0957
   30.0787
   33.8262
   36.8826
   29.4853
   25.0792
   30.9995
   32.6455
    31.758
   25.4394
    40.538
   31.9068
   38.5284
   48.8496
   34.9293
   27.9301
   45.2406
   39.5795
    38.107
   38.7926
   29.0406
    26.962
   41.5823
   26.7559
   30.3366
   41.5674
   26.7087
   38.4779
   37.9974
   33.7264
   35.3454
   38.9845
   40.0891
   33.2476
   37.5348
   28.3763
   43.8035
   28.7437
   37.4277
   26.9434
   33.4374
   36.8497
   42.1867
   35.4887
   21.4536
   27.8949
   37.9386
   39.8266
    35.424
   9.95519
   37.1527
   36.3017
   39.7708
   34.0889
    24.767
   30.3404
    35.247
   27.8898
   41.6159
   27.1368
    34.633
   34.4617
   34.4773
   41.3524
   37.3372
   40.4265
   34.3797
   35.3402
   28.0513
   35.0202
   30.4013
   29.4639
   26.1234
   45.1777
   45.1391
    49.524
   21.9795
   33.6374
   24.5066
   31.6778
   18.8143
   27.2987
   29.0362
   13.0801
   20.1984
   18.2155
   31.6198
   14.8436
   24.8832
   15.1853
    30.916
   15.8418
   24.8805
   21.5613
   26.2026
   33.6374
   18.1765
   32.0296
   54.2977
   22.2508
   39.0706
   19.4493
   23.1198
   18.7419
   40.4089
    22.314
   20.4035
   27.0742
   53.7035
   53.5852
   49.0808
   25.0382
   28.6523
   47.4551
   52.7428
   28.3309
   35.1492
   24.7921
   50.6887
   18.7781
   50.4473
   21.2355
     55.84
   12.0994
   21.9833
   47.5443
   32.7405
   24.1463
   23.8829
   32.4914
   30.6374
   33.8287
    22.813
   24.8075
   49.9758
   30.1637
    38.955
   26.6309
    35.267
   31.9549
   28.8984
   29.7751
   26.6113
   6.87527
   26.5614
    24.838
   26.1909
   12.9458
   16.1219
   55.5236
   25.9449
   35.8103
   101.832
   11.6653
    44.139
   19.4092
   31.9991
   37.4688
   32.7355
   32.0619
   47.2002
    12.108
    40.938
   32.8638
   27.7171
   33.8753
   41.1093
  0.220345
     6.915
   7.08263
  0.897985
   43.5185
   2.09013
  0.962345
   1.63521
   3.28868
  0.264061
   6.65736
  0.111373
   2.98587
 0.0188414
   5.69769
   1.65783
   2.14634
   1.11231
   1.27101
   2.78212
   17.1808
   2.61219
   7.30864
   2.53777
  0.440836
   5.92057
  0.971333
  0.828731
   3.71176
   1.73666
    2.4968
   4.96937
   0.52697
   4.14226
   1.69591
   2.42254
   3.73886
   9.96502
   6.19941
   5.31088
    1.6876
   6.62095
   7.92057
   2.64518
   2.14251
   5.47994
   3.42778
  0.998905
   7.69696
   3.61392
    6.7946
   7.72624
   8.80582
    5.6192
   7.70437
   4.62472
   4.84165
   1.90471
   1.96567
   1.32193
   13.5304
    4.2839
   6.45738
    2.5679
   3.63282
  0.687325
   0.43557
   3.40014
   3.87328
    5.2413
   5.08784
   3.84697
   7.42599
   8.14141
   9.23575
    8.1656
   2.23023
   2.05122
  0.890684
   4.83316
   1.98247
   1.65771
  0.615218
   36.7498
    48.044
   5.98741
   8.05829
    7.6169
   6.43874
   26.2286
   13.0844
  0.894675
  0.898069
   2.50858
   2.18493
   7.01855
   5.88079
   3.57068
   4.81891
   2.10618
    24.951
   28.8723
   2.27055
   3.38564
  0.276759
   1.86856
   1.07604
    6.7013
  0.224623
   24.8154
   10.2298
   26.3731
    12.188
   1.49395
   6.94731
   13.6532
   9.51759
   15.6805
   6.18197
   6.62701
  0.258954
   3.83838
    24.518
   11.4374
   1.86182
  0.624813
    3.1441
     5.849
   7.62917
   7.80415
   5.06032
   22.2577
    3.3097
   6.26027
  0.615218
  0.323878
   3.20499
   1.55012
   6.82235
   1.48046
  0.873005
  0.754287
   5.24524
   16.7563
   11.9811
   4.86997
   8.59264
   14.3445
    2.5531
   2.33335
     7.631
   11.0348
   7.03298
   4.86725
  0.628901
  0.719117
   6.36902
    2.8266
   2.14002
  0.888564
  0.242247
 0.0033344
    5.8271
  0.411072
  0.363022
   3.54733
  0.614174
  0.114711
   0.14908
   1.06821
   1.30522
 0.0979088
  0.497173
   5.99388
   10.1765
   4.95939
   13.4745
   29.0881
   2.03612
   1.50547
   3.90953
   10.7022
   21.3156
   1.92698
  0.199425
    1.5524
   3.75476
  0.755229
   2.60967
   5.88493
   6.66132
    5.5478
   2.37939
   3.77837
   4.99676
   1.93268
   18.7111
   13.0008
  0.958711
   2.49354
   6.41201
   2.48693
   1.78427
  0.152692
   4.93829
   1.36036
   1.63389
   8.26606
   7.05456
   3.04026
   4.83917
   1.61934
   2.49354
   21.1493
   2.01854
   1.33327
   1.31806
   3.60984
0.00619004
   1.26202
   1.36035
   1.29108
   1.37522
   5.86762
   4.62363
   5.56393
   5.31047
   4.53896
  0.543761
   1.95245
   4.10808
   1.27813
   3.07887
    9.0185
   2.26332
   3.64922
   4.11312
  0.238206
   7.57321
   1.73225
   3.48571
   1.29527
   5.21026
   3.31988
   6.60462
   7.29296
   13.6634
   36.4579
   19.7866
   4.15884
   7.56328
   7.70648
   5.83641
   1.51198
    1.4378
    3.1935
  0.863438
   5.11103
   3.82239
   23.0987
   8.28321
   5.16234
   5.99916
 0.0931321
    0.6901
   1.69222
     4.501
   1.40291
   6.43047
   8.99194
    4.6697
  0.848981
   5.28871
   6.84105
   6.94359
   5.04315
   6.95368
   4.69394
    1.9523
   3.86451
   8.59215
   8.97812
   6.13919
   1.41585
  0.329816
   1.39596
   3.42188
   2.05728
   1.89215
   15.2206
    1.4538
   13.3537
   2.81175
   6.56705
   5.07237
   8.17648
   2.54817
   3.27501
   1.05526
   13.1673
    5.6055
 0.0181548
    4.3052
   2.12153
   1.54879
   2.15692
   2.00817
   49.2077
   1.36641
   21.7675
   4.44566
   4.18008
   10.6105
   1.53969
   2.48575
  0.755944
  0.342466
  0.942686
   6.59108
   2.03246
   1.29145
   5.49544
   5.13952
    5.2149
   6.04665
   5.33755
   8.15333
   10.0275
   7.90095
   4.16566
   3.89744
   6.87586
   2.48509
   3.91288
   5.21313
   3.33467
   24.4751
   1.59608
   5.79604
   3.44243
   16.6419
   7.23102
   13.8285
   10.3559
   2.66895
   5.74806
  0.582761
   6.72165
   4.55599
   3.27063
   12.6961
   0.33329
   5.48856
   4.81167
   2.00207
   4.55753
   9.98893
   7.90006
   2.83986
  0.854304
   2.16015
   5.67481
   4.40084
   5.24237
   5.00938
   2.33724
   4.93163
   5.53256
  0.858951
   3.08608
  0.818763
   2.31608
   1.56635
   2.30516
   6.34304
   2.50599
  0.150218
   4.79348
   3.59304
   11.2385
 0.0110684
   3.93659
   6.29728
   5.81977
  0.649698
   5.31907
  0.518514
   3.73457
   5.24307
   4.04769
   4.18382
  0.996826
   5.88772
   5.67861
   7.42367
   6.20928
   4.48081
   3.80151
   4.32194
   5.57104
   3.05259
    3.0779
   4.66975
  0.855219
   2.34241
   2.57471
   21.4423
   1.54374
   3.14932
   6.11826
   4.75393
    16.869
   1.25244
   2.64083
   5.62937
  0.743717
   17.7551
   5.19874
   4.63511
   3.02723
   1.81567
   1.56778
   6.50657
   1.58909
     1.349
   2.96691
  0.314662
   1.71782
  0.825745
   4.64763
   17.3941
  0.473244
   3.44377
0.00764737
   11.7455
   3.86052
   9.40034
   11.5728
   4.80422
   2.65283
   14.6051
   15.6278
   11.3739
   11.0852
   5.41318
   1.64536
   2.62448
    1.0026
   2.35185
  0.170792
   5.51911
   4.12576
      17.9
   9.09487
   16.0951
 0.0339167
   1.19815
   2.53336
   0.33361
   43.0606
   4.12617
   5.65755
   18.7234
   7.89429
  0.302036
   2.59387
   34.7207
   5.35476
   16.0966
   12.7727
   3.09939
   5.02583
     1.915
   1.80135
   11.0525
   4.90655
    3.2545
   5.99246
   4.84513
   6.35481
    12.717