    5.40063
    4.78297
    8.50658
    25.5854
    18.1568
     6.3918
    24.6466
    22.1185
    22.9226
    28.8191
      19.45
    21.8425
    24.3981
    19.6422
    22.7542
    36.5595
    26.7944
    45.4264
    37.7043
    9.03409
     3.0154
   0.693506
    3.13507
    0.79007
    5.98207
    5.93047
     7.4446
    14.2483
    5.77312
    13.4594
    4.73572
     11.568
    5.11101
    14.9627
    45.5684
    50.4053
    45.9627
    38.6256
    46.7795
    9.53971
    3.88674
    10.9396
    2.87195
    9.73361
    13.4063
    3.90892
    22.9935
    26.6935
    4.21211
    2.01652
    0.98014
    4.36637
    12.6742
    2.71652
    3.35947
    3.48738
    2.87673
    5.94257
    4.13978
    41.3196
    38.4039
    19.9324
    18.7376
    37.0795
    41.9559
    27.0742
    10.0969
    26.2778
    31.2221
    20.5536
    30.4663
    20.1517
    19.8495
    28.2268
    29.1069
    19.1796
    22.6356
    3.91571
    4.95526
    13.8092
    14.1353
    11.4345
    8.42512
    25.2781
    16.7986
    16.5306
    15.6556
    17.1621
    18.3857
    18.6294
    15.7179
    17.3145
    7.19071
    20.1802
    16.7122
    5.42384
     4.8255
    22.1754
    12.6189
    8.18432
    28.5059
    28.7038
    28.4386
    13.1846
    7.95115
    27.5184
    21.2778
    11.6048
    1.92043
    10.7502
    2.19766
    1.69549
    2.80672
    6.87332
    6.27187
    4.42747
    0.97581
    3.42412
   0.802774
    2.23417
    8.82579
    2.36856
     3.5007
    7.71495
    4.06927
    6.39642
    29.8468
    15.4604
    47.2791
    10.7392
    11.0639
    7.28627
     6.2629
    1.94267
    27.3129
    21.3485
    14.1816
    28.3992
     12.057
    2.35129
    21.1604
    4.03028
    12.8804
     36.851
    38.3228
    42.6547
    44.0301
    2.22226
    2.47083
    42.3128
    18.0668
    6.31769
    3.66815
    1.14846
    5.50361
    4.62275
    4.05868
     7.4504
    1.46592
    1.57827
    3.32965
    8.46631
    7.60991
    6.83001
    3.27386
     11.119
    11.2385
    44.5564
    36.8195
    11.7604
    4.12971
    27.5164
    4.15558
    8.54048
    9.64859
    9.33334
    12.4468
    19.2044
    22.8333
    7.64606
    8.91488
    1.08511
    1.87295
    11.6241
     11.772
    3.92062
    2.53166
    4.01982
    6.70554
    2.75302
    12.2926
    12.5239
    17.7442
    44.5553
    34.0022
    40.2912
    25.9978
    21.2908
    27.0445
    30.0484
    29.7322
     26.409
     25.417
    1.52964
    9.75169
    9.15613
    28.5657
    23.2254
    17.1884
    9.00623
    11.7399
    14.2808
    15.0133
    3.30242
    1.35667
    5.24356
    14.6108
    13.6521
    22.0118
    28.7821
    20.6209
    27.9067
    25.5118
    34.2702
    36.8895
     2.9541
    5.21371
    2.68183
   0.787838
    4.37638
  0.0454996
    9.57212
    9.65085
      5.329
     9.9057
    27.9371
   0.166865
    1.85078
    7.52573
    5.46893
     4.8397
    9.44566
   0.473632
     8.2948
     7.9667
    31.6582
    47.2319
    36.2332
    7.38833
    11.5058
    2.01124
    5.35808
    10.8032
    12.8518
    47.9933
    2.37558
     9.2064
    25.2046
    14.2552
    3.76419
    3.40023
    4.81478
    3.76715
    6.75195
     25.651
    3.20142
    45.7201
    5.74683
    11.1864
    3.24838
    2.05697
    9.75573
     6.5599
    1.61567
    1.13709
    5.96168
    3.32316
    2.83868
    5.26951
    5.27588
    5.87032
    21.2184
    18.0076
    27.5678
     28.253
    18.4364
    18.8258
    6.48396
    3.56839
     2.2113
    14.9244
    15.5954
    7.86523
    15.0256
    18.1637
    11.6227
    17.1464
     3.7051
    13.9701
    6.96746
    8.56607
    7.93876
    24.8089
    30.3804
    30.5088
    5.07919
    40.4034
     35.978
    41.5166
    34.3847
    10.5895
    11.4126
    6.59399
    1.53434
    2.70973
     1.0545
    4.16893
    1.82443
    1.21187
    4.46068
    2.88544
     13.993
    1.99723
   0.194275
     5.3349
    3.18055
    4.85879
    4.34075
   0.705732
    2.34686
    45.5388
    45.2374
    36.2383
    8.42444
    10.4532
    7.22137
    5.38791
    9.35158
    14.9859
    14.6038
    47.7438
   0.688223
    1.85514
    4.07848
    20.1938
    11.6711
    19.7298
    20.5529
    14.4665
    15.2939
    15.6218
    27.9428
    18.8073
    2.56857
    3.55728
    10.5617
    1.52078
     6.1301
    3.54832
    6.24479
   0.250777
    25.1926
    20.3704
    11.5923
     25.246
    28.3908
    14.9089
    8.88375
    17.0215
    9.70471
    14.8575
    10.0898
    8.44499
    6.18381
   0.276013
    6.45105
    27.9321
     40.175
    36.2687
    9.01756
    5.33202
    12.9534
    7.78044
    4.93967
     10.284
   0.197252
    14.2925
    4.43845
    5.97936
    4.96486
    2.20192
    9.06365
    46.2917
    48.4558
    3.06436
    3.81698
    13.0431
    14.5458
    8.75581
    11.3661
    49.4779
    32.1888
    7.96117
    10.9043
    6.80381
     4.1686
    2.26463
    11.4532
    15.5616
     3.3924
    13.3836
    26.9403
    22.4955
     19.991
    28.7387
    2.42429
    1.02041
    1.10245
    27.4661
   0.498819
    3.00827
     6.2927
    8.72183
    7.93486
    8.68669
    5.58004
    28.9711
     10.271
    24.5089
    24.4671
     6.9451
    32.3956
    3.81747
    9.49928
    5.05885
    37.2119
    14.9581
    27.6305
    1.21167
     13.759
    44.1397
    11.1024
    8.51421
    7.58835
    0.43776
     5.8491
     14.968
    25.3538
   0.649653
    3.95766
    6.46552
    6.72087
    13.4942
     21.212
    22.9985
     12.664
    41.7927
    4.61461
    8.83913
    18.6611
    9.57685
    9.69734
    1.91586
    9.10168
    1.72031
   0.184671
     3.6127
    5.14663
   0.336036
    15.1694
    2.56676
    18.8672
   0.429682
    25.9063
    21.8237
    7.37789
    7.36946
    5.14979
    15.6833
    7.70998
    20.7192
     9.3691
     3.4175
    16.2045
    12.8979
      41.89
   0.534398
    26.6204
    1.30586
    10.1351
    3.05567
    4.83307
    10.5139
    2.91005
    39.6047
    41.1629
     28.986
    5.27345
   0.408894
    22.6828
    4.63737
    2.49055
    2.92656
    44.6616
    41.3118
    38.4614
    5.27459
    27.4781
    5.04047
    20.0912
    21.6125
    1.65949
      6.612
    13.2464
    16.8655
    6.63999
    11.8086
    6.15571
     6.4721
    11.2646
    4.08243
    6.74272
    25.4772
    14.6563
    9.37682
    20.6018
    8.09208
    8.15513
    17.1656
    1.16348
   0.934557
      30.46
    29.3313
    4.06638
    28.7016
    0.46578
    3.60298
    10.0752
    1.94704
     8.7339
      36.06
    14.1768
    30.3154
    2.83337
    26.4469
    3.09693
    33.7483
    11.9662
    1.79251
    7.04229
     16.758
    23.8766
    2.58375
    1.68177
    11.1629
    2.09763
    6.07015
    31.1173
    4.62738
    5.75703
    13.8612
    14.3619
     7.3267
    40.3018
    39.6803
    6.48042
    5.57755
      2.878
    2.74851
    2.78425
    16.0471
    17.0391
    6.23764
    2.79829
     6.0323
    9.31785
   0.674348
    43.5156
    24.5825
    7.22894
    21.4886
    12.0066
    21.6685
    23.4488
    25.6623
    29.9263
    5.60589
    7.84521
    2.63057
     1.5457
    24.6821
    1.47179
    8.91896
    30.7697
    29.2967
    17.5869
    15.5287
    4.43499
    2.87475
    6.10846
    18.0094
    10.6278
    42.3217
    26.0937
     2.8395
    31.1177
    2.10505
    46.6046
    2.78361
    4.64864
    9.77138
    7.54941
    22.1735
    21.6874
    41.3756
    20.2036
    25.6037
    8.89641
    2.52784
   0.462955
   0.222128
    6.03377
    2.06307
     25.797
    20.5917
    3.40707
   0.230013
    2.16103
    8.67124
    3.32599
    3.02317
    11.4924
    3.14152
    2.99426
    9.45195
    10.3958
     37.724
    6.34478
    17.5968
    16.9009
    6.52414
    19.0936
    28.9827
    28.4316
   0.297101
    11.9414
    8.92459
    7.25454
     24.263
     26.215
    13.1777
    1.34756
    47.9821
    41.8696
    42.6199
    8.44214
    22.5448
    29.3077
    5.14499
    5.19787
    3.88885
    24.2566
    5.97521
    24.1895
    31.5255
    9.73606
    35.5153
    31.1036
    7.81023
    6.41308
    5.96801
    1.61607
    26.0911
    1.94127
    8.08271
    5.04792
    3.69613
    2.75904
    2.65166
     3.0403
    9.15086
    7.35845
     8.9831
    4.99537
    52.0867
    16.4505
    3.09224
    30.7125
    20.8344
    4.18474
    5.36223
     40.316
    1.58629
    2.14661
    3.06471
    41.1265
    30.1064
    6.83311
    3.45667
    20.9884
   0.487021
   0.729905
    5.62935
     10.715
    11.8868
    23.0604
    24.6107
    27.5223
   0.542639
     24.651
    2.71238
     9.1804
    9.52616
    6.24177
    9.71728
    3.05917
    8.48041
    9.04851
    7.05858
    26.1026
    5.13729
     14.449
    7.35537
    8.05712
  0.0437145
    16.8755
     1.5106
    9.37873
     8.9194
    9.09969
    9.69807
    1.86465
    10.7157
    9.78623
     11.519
    1.16577
    23.3708
    18.3451
    33.3951
    42.9205
    41.7574
    32.4402
    23.0234
    15.6288
    14.6449
    24.4478
    39.2589
     18.232
    9.43302
    22.1859
    1.86827
    3.37429
    8.89424
    43.0305
    14.4211
    8.84888
     2.2853
    3.90383
    13.5785
    6.69034
0.000693498
    9.29078
    10.1664
    8.66151
    38.8038
    43.9192
    24.0847
    20.0542
    23.1626
    50.7807
    13.2173
    24.6744
     8.6863
     5.0575
    22.9393
    39.5665
    35.9466
    11.5078
    7.33662
    16.0412
    20.8004
    18.1304
    23.8647
    7.83085
    6.16855
    5.60542
    21.5087
    40.3386
    25.5978
    9.07167
    6.92574
    2.44868
    2.32342
    3.74243
    3.65486
    38.9318
    1.28583
    18.7443
    20.3976
    2.45287
    6.75595
    1.85613
    23.5647
    38.8231
    51.7934
     29.332
    38.5786
    19.6564
    42.7212
    5.09965
    8.79122
    33.3905
    40.5737
    41.2578
    6.61806
    34.5536
    44.0505
    27.6147
    3.82827
    30.5064
    7.16751
    21.9537
    6.24782
    42.0114
    1.64158
    2.70953
    5.82796
    1.55739
    1.78496
    20.5126
    29.8461
     21.533
    32.6001
    2.16866
    44.6181
    50.9255
    3.97495
    6.93535
    3.98069
     16.915
    7.19602
    43.6169
    3.51292
     7.4947
    42.5353
    40.4891
    25.7218
    28.9912
    37.3658
    43.6707
      18.53
    16.2607
    46.4151
    42.1542
    24.8318
    24.1073
    25.0275
    24.6193
    29.4163
    1.72188
    1.21581
    16.6981
     3.8925
    30.2998
    8.67592
    25.6202
    24.7206
    5.21351
    4.32541
    6.05013
   0.589429
    47.6744
    3.90604
      25.17
    43.2667
   0.961609
    3.28656
    47.1475
    2.65121
    38.6838
    45.1467
    17.6093
     39.943
   0.903432
    37.0875
    48.3996
    34.5899
    25.4027
     2.7032
    6.56372
    42.3739
    2.46804
    1.11659
    21.4688
    26.6372
    46.9573
    5.84457
    44.8171
    48.6274
    28.9708
    16.0957
    7.50819
    44.5196
    14.4522
    4.66989
   0.228488
    5.88296
    1.93814
    30.7981
    9.63378
     3.4801
    2.53307
     1.8886
    4.53848
   0.222745
    26.6925
    43.4354
    35.3877
     1.1866
    28.9774
    19.7047
    9.67534
    9.01455
    33.1521
    1.74817
   0.227347
    4.17695
    24.5785
    45.6019
    39.8552
    22.2507
    29.5298
   0.379677
     13.287
   0.701778
    4.38041
    3.48745
    2.73331
    35.2794
    28.4197
    40.0189
    24.2154
    2.09393
   0.832345
    47.6131
    46.5532
    9.37174
    7.92278
    7.24408
    12.6204
    45.6454
  0.0399734
    5.14773
    43.0916
    41.3204
    31.7343
    41.2752
    7.56856
    11.9632
    45.8428
    14.4256
   0.564163
    13.0935
     39.546
    29.6601
    28.0605
     31.368
    3.07779
    20.7332
    24.0732
    19.0765
  0.0127841
    5.73565
    43.4658
    21.4665
    8.37275
    47.0692
    28.7542
     41.107
    22.3465
    14.2355
    29.5547
    39.5679
    6.37987
   0.525179
    36.2694
    1.55715
    9.62992
    30.1127
    35.8317
    32.1427
    8.79559
    7.89712
    15.8638
    22.7361
    22.3986
    1.84769
    2.36009
    24.1459
    42.2141
     2.2271
    1.49092
    25.4075
    30.1789
    19.5179
    23.1827
    4.70581
     32.616
    26.3298
     7.2194
    8.72986
    21.9063
      36.18
    4.05093
     8.7214
    2.07223
    9.67112
    26.7964
    19.6684
    23.7514
    20.1142
    21.8402
    3.99538
    8.41494
    5.53742
    25.4339
    27.7037
    8.90631
    4.54669
    6.74134
    5.38018
    38.4959
    25.8225
    14.7022
    1.24746
    1.95149
    1.44974
    11.8908
    32.5931
    5.40811
    4.61009
   0.619501
    21.2159
    50.3756
    44.2851
    37.3025
     9.8686
     24.811
    9.77665
    8.73658
    49.0152
     8.2557
    4.51191
     29.797
    6.52169
    12.6836
    6.49467
    10.9057
    9.36427
    14.4802
    1.75912
    20.8149
    40.6456
    3.92167
    11.2741
    0.20071
    28.2018
    12.6178
    29.0506
    32.4669
    10.5126
    4.24651
    7.34192
    16.4371
    35.4819
    3.58374
     22.605
    5.50056
    3.85541
    29.6494
    25.7522
    24.8171
    24.0439
    28.6842
    11.5567
    4.50037
    26.0979
    2.83081
    6.41364
   0.596594
     23.814
    7.63959
    11.1262
    3.06201
    28.7738
   0.267752
    23.2552
    1.44173
     7.6664
    8.76309
   0.858444
     15.066
    23.3937
    2.72157
    9.56176
    4.28341
    2.58809
    25.5365
    4.76561
    1.75039
    15.6902
    14.2087
    30.0456
    23.3058
    18.4587
    7.09307
    5.81706
    22.9139
    17.4668
     12.071
    3.55781
    32.5681
     41.065
    22.8768
    24.2843
    13.3908
    27.3019
    23.6127
     9.4909
    9.05395
     5.3296
      2.566
    5.30628
    8.97445
    1.28307
    12.9714
    38.8271
    34.5909
    29.7949
      28.48
    25.6094
    20.2448
    17.7163
   0.178931
   0.833781
   0.465053
    4.38107
    1.53325
    5.32738
     1.5383
    8.38959
    4.74875
    6.29353
    3.56257
    6.86127
    39.2787
    32.8436
    31.7324
    26.9092
    24.2425
    1.30133
    7.08541
    1.98885
    22.1874
    14.8405
    9.24575
    2.16904
    3.51914
    4.66066
    8.42976
    14.6292
      44.46
    7.79512
    42.8494
    13.1983
    17.1261
    5.22946
    25.6053
    18.9226
     5.7134
    3.75567
    1.99073
    4.26607
     12.388
   0.679659
    1.30023
   0.720958
    6.90405
      6.588
    3.51937
    4.74407
    7.15313
    14.2034
    47.9876
    1.96776
    4.70334
    5.38523
    48.8647
    45.5478
    2.69658
    2.33142
    2.36844
    29.7682
    36.8378