  2.84992
0.0898995
  13.9779
  7.31286
  17.6377
  18.1791
  4.16009
  0.18678
  18.1196
  18.5666
  10.0482
  15.6718
  19.4099
  4.75147
  7.11057
  18.1915
  6.95905
  5.17545
  7.28044
  5.68189
  6.93877
  18.3265
  6.29997
  5.93751
 0.500398
  6.53361
  2.20182
  24.4832
   26.864
   12.625
  4.46953
  5.09302
 0.976653
  5.33324
   2.1827
  8.66574
  30.6573
  5.62033
 0.857805
  2.23689
  3.64819
   5.2086
  5.31476
  3.76575
   5.5586
  5.21958
  37.5803
  45.5379
  45.7267
  50.0613
  47.9364
  2.16044
  2.10925
  9.57906
  17.9069
  7.85349
  2.44108
  10.8961
   47.261
   53.705
  1.52769
  8.35762
  4.20918
  6.67513
  1.56161
  8.35285
 0.114896
 0.966431
   9.5835
  8.39633
  5.76118
  4.22076
  6.10369
  5.70755
  7.24347
  13.3895
  23.7965
  17.5259
  17.9763
   26.802
  26.4586
   21.598
  6.27609
  14.0939
  14.5353
  5.81469
  9.86708
  13.6692
  8.47813
  13.2039
   10.908
  7.07141
  18.0875
  2.82016
  14.2168
  10.0059
  16.1518
  12.9026
  17.7699
  17.1136
  10.3324
  27.5765
   9.6125
  10.1718
  4.93699
  9.27194
  2.28176
   9.5415
  7.14389
 0.335292
  1.70821
  6.83599
  9.13668
  8.75805
   7.6869
  7.87927
  2.98105
  15.7439
  4.94066
  3.01961
 0.235812
 0.232882
 0.249729
  7.86915
  9.00631
  15.4033
  7.12351
  1.08311
  7.66043
  6.97042
  13.5341
  8.45757
  12.0986
  4.49042
  30.4527
  20.9716
  3.59627
  1.30043
   5.1964
  6.41359
  4.49804
  2.74336
  13.0212
  14.5601
  3.12921
  1.73718
   5.0444
  23.2707
   18.382
   18.217
  19.7773
  9.60726
  9.93378
  7.18245
  16.5311
  29.1566
  54.0958
  55.0084
    32.29
  5.30451
  3.90603
  16.6389
  25.6876
  23.0162
  15.0395
  14.7586
  7.90986
  1.46627
  9.89182
  15.3821
  5.04554
   19.772
  3.42216
  7.84442
  21.7475
   5.3989
   8.0327
  10.1877
  12.7411
  12.6349
   18.592
  7.49936
  8.61993
  13.3255
  5.56686
  8.36626
  6.27609
  28.5167
  17.6462
  5.12627
  1.06658
  5.46169
  21.5273
  17.1292
  16.6547
  12.4645
   25.712
  21.4835
  4.09199
  9.37893
  0.18339
  4.36766
  2.95049
  5.21736
  34.4031
  42.2016
  26.2007
  18.8632
  51.2519
  14.3401
  6.48531
  5.66585
  4.37667
 0.634073
  44.1657
   50.865
  4.29528
  7.90492
  10.2878
   23.145
  3.58597
  4.81469
  3.91852
   1.0687
   14.006
 0.267953
 0.332384
  5.13945
  7.82554
  1.00714
  2.27988
  26.2988
  19.9941
  25.2852
  19.5637
  9.01621
  17.1242
  11.4077
  9.47698
  18.4224
  3.93852
  1.46363
  5.92054
   7.2774
  10.2838
  17.8251
  7.75315
  13.3942
  16.0937
  25.9598
  13.2895
  18.9645
  3.21335
  3.19078
   9.9569
  6.32602
 0.224001
  3.78008
  3.60109
   9.6669
  1.45944
  10.5951
  17.7084
    23.54
  4.79274
 0.453438
  4.68194
  11.0428
  14.8505
  14.6073
  17.8102
  6.34075
  17.2875
  17.1286
  5.34831
  12.7464
   15.152
  25.6225
  5.12083
  14.2674
  23.9589
  0.88641
  10.1704
  2.92502
  4.39499
  4.89155
  1.32203
  1.47624
  27.6046
 0.561984
  6.48047
  1.63917
  4.05214
  6.37177
  36.6195
  12.2312
  18.0016
  13.4031
  11.3688
  8.98749
  6.92516
  30.3202
  4.24285
   32.446
  49.8585
  52.2378
  48.2521
  4.79615
   7.1649
  2.48504
  8.40011
  2.62708
  4.08935
  37.0583
  22.4371
  8.20026
  21.2561
  47.8905
  7.00778
  15.0168
  13.6343
  11.5583
  9.71005
   10.967
  5.29409
  5.16301
  7.47966
  23.2329
  8.97885
  8.97383
  2.50797
  3.68314
  2.10352
  20.3417
  16.0393
  4.60734
  5.62544
  22.0351
  17.2794
  3.04404
  5.39927
  2.71845
  12.4279
 0.207319
  5.98874
  9.23584
  8.35439
  15.6814
  7.95955
  10.1536
  10.8844
   12.906
  5.45154
  8.74782
   6.1406
  10.2676
  11.0527
  6.97858
  10.1414
  12.0947
   15.749
  18.2952
  15.5572
  11.5324
  18.2728
  10.3609
  9.44074
  1.20882
  9.37158
  2.16598
  1.19981
  6.73221
  10.5556
  1.68891
  4.05534
  12.5701
  5.27008
  12.3558
  14.2316
  5.63571
   7.9036
  6.47231
  6.74619
  3.83665
  9.11971
   22.887
  16.6935
  19.6904
  25.0239
  1.00897
  5.39356
  7.10748
  6.32676
  2.65199
  12.5953
  1.98905
  7.77271
 0.832975
  2.11589
  4.98501
 0.341399
  48.7795
  21.2019
  5.47441
  14.9709
  25.1866
 0.692527
  25.0875
  15.8581
   5.6327
  42.2778
  40.2157
  38.2643
  2.12465
   4.6185
  1.58175
   5.6874
  4.92644
  4.79615
  2.56182
  43.0396
  5.77127
  12.8214
  5.12582
  52.6072
  17.7871
  3.31096
  3.95649
  16.5571
  9.25756
  1.50902
  13.2062
  23.6165
  31.3853
  27.0405
  5.63961
  9.46864
  7.47712
  3.78674
  1.34732
  26.8497
  16.0983
  14.3852
  1.60701
  7.72628
  4.24892
  2.35846
  2.02005
  16.3974
  15.1072
  6.48141
  11.4811
  3.20155
  11.4743
  4.64621
  2.39096
  9.93751
  1.54914
  5.69762
  3.50822
  17.3946
  7.19654
  18.5094
  6.39687
  11.2103
  8.52696
  2.62615
  4.97405
  13.3082
  17.2327
  2.08501
  7.35996
  1.56927
 0.230272
  6.34471
  2.78864
  5.63824
  6.43023
  21.1443
0.0261724
  1.06443
 0.132111
  22.3222
  10.6365
    22.99
  21.6735
  34.5653
  42.8668
  5.88017
  4.66332
  7.36813
   7.2435
  1.54797
   7.0645
  37.6431
  45.4767
   12.963
  35.3281
  15.4276
  7.77228
  5.44772
 0.821266
  2.04542
  12.2738
  12.8668
  24.8461
  2.34009
  1.61547
  5.76356
  2.99367
  2.62723
  18.5922
  31.2162
  21.1966
  31.5387
  20.4025
  17.1417
  16.4339
  15.2512
  8.51224
 0.799016
  7.78345
  10.6855
   4.3467
  14.4471
  17.6649
  25.8637
  14.0428
  32.3782
   16.646
  35.9869
  4.89125
  23.5588
  47.8161
  23.2918
  29.9282
  16.8964
  30.1624
  5.94752
  30.2956
  18.5878
  17.7382
  1.90238
  16.7689
  12.6972
  23.9032
  20.2673
  29.3375
 0.672644
  20.1198
  26.4326
  5.77331
  12.2371
  16.4323
  16.9045
  15.6199
  25.4044
   29.874
  17.8065
  10.1223
   15.454
  10.8092
  11.7858
  18.5413
  25.1368
  28.4311
  17.5067
   49.864
  41.0336
  8.16361
  24.2407
  28.5446
  21.9465
  2.65595
  14.2894
  8.97342
  1.67229
  27.0731
  31.4653
  10.1234
  19.7482
  21.1759
  28.5726
 0.948897
  22.2228
  2.46336
  32.5947
  23.8041
  11.5637
  13.5967
   14.659
  2.36741
  19.3658
  15.3383
  24.1582
  12.6326
  26.1022
  13.7151
  5.40978
  18.8794
  4.73854
  19.0873
  28.6215
  8.53033
  16.3257
  23.6182
  13.8059
  12.8542
  16.1997
  5.30652
  19.0949
  18.4837
  14.1522
  0.11685
   11.063
   5.9851
  13.8429
  27.9296
  24.5505
  28.3404
  3.12946
  22.4704
  22.4019
  16.8963
  3.47158
  17.8292
  19.9113
  32.5322
  18.2948
 0.396843
  24.4433
  34.6765
  16.9813
  26.4099
  45.0582
  15.7837
  22.0019
  53.0317
  21.9444
 0.672644
  39.7879
  22.9641
  17.1039
   13.873
   4.8179
  4.79042
  1.54525
  29.0955
  22.3013
  12.3918
  4.00868
  21.7577
   4.1484
  6.24663
  9.22318
  28.1992
  11.9874
  6.69774
  8.02689
  27.6741
  16.0757
  27.9745
   2.4584
  7.79302
  9.02695
  20.5152
  9.41706
  33.8272
   19.792
  11.9827
  12.3182
  20.4397
  12.7592
  16.7293
   2.2165
  21.1158
  7.93091
  2.09337
  6.22264
  27.6204
  23.3448
  21.6869
  2.53183
  7.30947
  38.4642
  13.9248
  18.3611
  13.2568
  15.2983
  14.5569
  21.2315
  4.38945
  26.4401
  8.37376
  10.3362
   14.748
  12.4642
  16.6207
  38.6075
  9.95544
  31.3409
  33.5765
  25.5425
  3.39717
  8.30173
  36.6112
  28.1044
  29.4113
  5.51137
  43.9398
  25.6791
   32.413
  35.3153
    20.26
  6.36582
  17.4643
  34.0759
  23.7832
  5.61118
  27.9684
  30.4347
  39.9362
  7.22222
  5.13127
  46.5809
  39.7387
  24.6328
  43.0387
  12.0031
0.0402368
  3.64059
 0.681549
 0.954305
  9.89384
  11.0922
    27.64
  4.80732
  9.15459
 0.209585
  34.9202
  35.0032
  10.8773
  6.98443
  11.2032
 0.238665
  6.70984
  18.1097
  7.39742
 0.461315
 0.794334
   32.044
  2.08608
  8.17512
   38.393
  3.07601
  39.4389
  13.7721
   15.935
   2.5872
  1.79643
  20.5595
  10.5699
  31.8121
  1.63072
  22.7352
  18.2251
  9.00956
0.0978011
  28.4429
  19.3878
  4.63289
  3.27932
  33.2857
  28.1804
  22.1569
  31.9714
  9.72316
   4.3682
  6.88809
  4.44041
  4.79552
  8.89821
  24.1563
   47.732
  1.72947
  1.07531
  4.12373
  1.34844
  4.30404
  14.8834
  28.6728
  11.7444
  7.83554
  4.12928
  5.19324
  6.32638
  4.28667
  13.0561
  8.84278
  10.4857
  13.3553
  2.70391
   8.3296
  2.02951
 0.539408
  23.0863
  17.7241
  27.1535
  17.6846
  30.5677
0.0219835
  17.0357
  25.7914
  2.46493
  11.2893
  1.12485
  20.1772
  2.18292
  18.4237
  27.4742