   17.185
  15.1835
  20.6228
  7.44156
  19.4825
  21.8975
  12.6363
  8.05113
   1.5062
  5.86294
  16.5852
  21.7543
  25.4328
  14.6082
  4.35904
  36.2998
  44.2046
  10.9176
  20.8059
  1.53526
  2.25742
  11.8851
  17.1758
  19.5875
   4.6938
  8.96112
  14.6056
  17.5695
  21.7839
  14.0181
  16.4574
  20.3033
  26.1918
 0.555221
  2.48251
 0.892748
  19.9848
   15.629
  1.48248
  4.22009
  32.0035
  27.4517
  5.81119
  2.23449
  11.2605
  19.3894
  14.4983
  29.8072
  32.1035
  53.5531
  81.6024
  77.5823
  79.3309
  6.74232
  28.2585
  31.2579
  31.2633
  9.63822
     3.38
  4.31142
  1.72846
   19.969
  13.5552
  6.80004
  3.48787
  7.80018
  7.08327
  6.13043
   9.1345
  10.2119
  4.05285
  5.48771
  8.78863
  32.6903
   37.272
  22.8499
  30.8451
  35.4768
  27.8242
  41.9198
  6.94626
   24.514
   2.2551
  5.92609
  20.7845
  15.9131
  20.3797
  4.35476
  18.8146
  15.9599
  12.1042
 0.337173
 0.862839
  19.1068
  39.4556
  35.8098
  6.85156
  37.5031
  11.6055
  14.1407
  23.2888
   9.2648
  27.7105
  3.77963
  8.82055
  14.3894
   1.3257
  7.01316
  2.84456
  2.79186
  1.27712
 0.842445
  5.24756
    3.047
  1.41416
  9.51218
  4.12965
  3.28326
  8.73427
  5.58914
0.0886119
  6.37462
   20.095
  10.0208
  29.5711
  23.2931
  5.03011
   22.253
  20.9992
   16.562
  5.30374
  18.5745
   16.972
  7.55889
  27.5133
  4.34636
 0.907966
  45.0699
  53.8472
   28.325
 0.696904
  23.7126
  8.31239
  46.9456
  22.8316
  8.93775
  20.5534
  3.51001
  9.95701
  11.1991
  30.4018
  2.25657
  22.7546
  13.2613
   38.533
   79.966
  70.0047
  3.97004
    28.73
    31.37
  16.6079
  30.7888
  43.3635
  31.8868
  14.0218
  49.8866
  35.9595
  45.0996
  10.4309
  9.57339
  30.0607
  18.2501
    24.02
  12.4162
  18.5013
  34.3124
  10.2651
  39.3019
  28.8181
  17.1529
  12.5665
  5.75613
 0.227627
  15.5647
  6.94626
  5.87352
  18.4193
  20.1438
  13.1585
  6.84004
  18.8742
  25.3456
  17.0648
    22.48
   22.444
  14.3731
   26.531
  2.01804
  6.43095
  7.37191
  66.2299
  42.0974
  30.4438
  10.8709
  15.8798
  15.8972
 0.232942
  39.8671
  24.4071
  36.2277
  43.1644
  53.2922
  7.28144
   14.061
 0.464896
  10.2756
0.0721373
   33.228
  32.7769
  38.6593
  38.7259
  17.8389
  5.70897
  14.9518
  9.58583
  18.2302
  2.29568
   13.915
  10.6553
  19.4591
  21.0202
  11.8019
  17.0711
  17.5102
  17.5721
  49.3718
  25.7126
  29.3473
  16.9716
  25.5486
  12.2197
  21.6507
  6.62769
  2.05207
  25.1603
  2.37493
 0.100126
  2.66785
  1.36261
  6.44439
   4.8656
     7.53
  3.05596
  28.3937
  10.7357
   8.0261
  24.5297
  3.42968
  11.1259
  9.19603
   12.977
  9.12301
  19.0777
   7.1201
  37.5665
  16.7235
   14.459
  14.0535
   5.3099
  10.1965
  17.2734
  27.5482
  1.17743
  16.9751
  8.37929
  14.9722
  7.20547
  45.7735
  35.5868
  8.48285
   11.109
  17.0244
  28.1842
  4.14651
  8.78681
  56.6808
  4.16739
  14.0339
  18.0008
  17.9075
  7.21003
  34.4224
  65.2419
  89.1038
  4.90961
0.0958214
  23.5084
  7.52783
  13.6576
  8.48656
   7.3079
  57.6116
  11.5461
  28.9692
  7.49541
  20.3897
  35.3764
  3.23223
  3.29054
  5.15426
  39.4915
  49.6928
  14.3817
  19.5017
  5.98063
  13.8283
  26.8036
  29.1098
  2.43031
  37.3075
  20.9814
  27.3926
  29.5256
  17.6383
  8.06258
 0.623262
  11.7668
  16.6432
  20.1308
  5.87209
  13.8233
  6.95243
  13.4411
  4.16618
  3.38554
  5.40374
  18.6555
  6.48992
  16.4185
  10.6995
  41.9307
  26.0395
  4.37164
  30.9172
  11.6423
  11.8588
  2.10415
  1.67661
  6.93108
  6.54878
  0.13497
  5.81978
  4.38473
  9.45441
  3.08731
    14.87
  36.1176
  15.8587
  25.1035
  31.9651
  42.4544
  12.8805
  18.5313
  19.3446
   10.664
  12.6515
   12.709
  27.4185
  33.5239
  33.7396
  37.0722
  9.78658
  4.82825
  21.7545
  10.3122
  24.5376
  17.3812
  1.71445
  21.0071
  8.59168
  1.81658
  8.34846
  24.6714
  14.3207
  15.4971
  6.37665
   10.475
  12.4144
  2.63076
  62.4885
   88.118
  67.6175
  3.78226
  30.4443
  14.1595
  16.5767
   5.2765
  4.90961
  21.8454
  67.9353
  10.0245
 0.120021
  5.53041
  40.7577
   21.434
  3.34599
   52.784
  2.69656
  4.55635
   15.455
  31.3913
  47.4438
  34.1799
  13.4279
  17.0659
  12.4165
  7.08608
  18.0358
  10.4398
   4.5356
  1.20571
  7.32199
  18.7151
  17.9916
  14.2921
  10.7466
  15.2167
  6.78419
  14.5497
  3.89943
  2.90961
  19.3653
  4.17769
  6.52967
  5.81608
  25.5236
  7.53784
  25.6184
  5.36788
  5.99911
  8.44362
  19.4013
  28.4537
  33.8518
  39.2658
  6.27693
  5.37218
  32.9712
  28.9905
 0.648295
   54.228
  18.4021
  15.2383
  18.9673
  21.6357
  6.62505
  23.5728
  76.7422
  21.0758
  27.2512
  26.9622
  13.8828
  22.4096
  72.5039
  17.1487
  41.7532
  22.2895
  31.9256
  17.3812
  48.0232
   2.7428
 0.419866
  45.7346
  25.1188
   37.881
  32.1804
  6.92995
    51.74
  25.0601
  25.0764
  5.37107
  7.18166
  15.5105
  10.6377