 5.42816
 30.6425
  23.435
 26.4424
 4.32615
 7.07212
 29.4023
 31.3244
 6.01818
  3.2687
 5.62698
 28.4754
 28.4403
 19.4402
 25.5625
 4.65499
 4.25224
 12.4396
 6.02931
 31.6375
  11.055
 1.53698
 3.60786
 16.8549
 9.30477
 24.3323
 29.6037
 22.9993
 29.6896
 10.0139
  8.2268
 8.09406
 37.1703
 6.22696
 20.7777
 1.40591
 1.00411
 1.64003
 7.83964
 5.01273
  15.313
  9.2491
 15.7697
 14.1035
 10.7719
 18.1975
 2.64799
 23.9903
 16.5416
 22.9363
 21.7819
 16.3782
 30.2363
 30.1195
 30.3396
  6.7735
  4.2651
 8.32344
 8.78031
 6.45639
 8.32122
 1.28813
 32.8136
   8.611
 4.40558
 4.86007
 1.64149
 21.0739
 20.0688
 13.1587
 7.49857
0.966044
  28.259
 31.1449
0.156887
 18.9602
 24.1608
 22.0369
 5.99615
 3.21488
 7.65148
 23.4463
 6.15772
 18.9268
 2.59782
 6.46032
 1.89107
 7.95968
 3.60649
 1.11871
 10.0126
 30.6304
 37.8586
 33.1234
 25.5053
  11.587
 19.4272
 2.68785
 16.9815
 20.1523
 17.7167
 15.4727
  20.469
 41.8881
 2.08867
 18.2938
 4.40825
 14.9959
 7.58306
  4.1984
 5.40274
 13.2493
 7.73006
 15.3405
 2.30435
 10.6024
 20.4073
 24.2861
 21.8397
  32.821
 19.0861
  6.5984
0.709656
  10.883
0.585104
  11.973
 16.5529
 11.8065
 5.74746
0.072673
 24.5553
 29.0064
 34.8842
 13.4638
 3.82686
 9.36315
  21.649
 3.20887
 1.68764
 17.0419
 21.4713
 10.5668
 1.74329
 4.71007
 9.20469
 12.4224
 3.73104
 4.03892
 23.7062
  27.704
 24.8207
   24.34
 6.72964
 3.85786
 2.05654
 5.01722
0.633661
 22.9905
 23.9819
 9.14976
 6.47954
 13.5768
 1.72863
 4.64308
 6.13253
0.215708
 2.39041
 7.61604
 5.03378
 23.2335
  5.0353
 2.62941
 27.6757
 25.2002
 5.92126
 11.9537
 22.0414
 7.46048
 18.3039
 4.73573
 18.7989
  1.3337
 25.7358
 1.10089
 14.6939
 9.50488
 10.9241
 30.1325
 30.4085
 17.4716
 33.4695
 34.0026
 23.9943
 31.1279
  30.611
 8.15245
 32.1521
   16.55
  16.539
 3.66651
 18.7512
 13.2047
 1.87951
 1.27263
 37.0348
 28.1884
 6.03269
 3.64612
 13.7928
 8.41463
    26.3
 27.9264
 20.6034
 26.6801
 25.8576
 1.10262
  7.5868
   3.899
 3.23936
0.690679
  7.7568
 5.39585
 9.76742
 2.80446
 1.23693
 6.13693
 6.77184
 2.72852
 30.1661
 21.9024
 4.84953
 13.0412
 15.7349
 1.54018
 17.9807
 8.30174
 2.62243
 8.38863
 35.1752
 1.34573
 12.4009
 15.3474
 7.89324
 5.86445
 14.3715
 6.82689
 17.7654
 38.1065
 36.4222
 21.3019
 24.9491
  28.462
 5.59663
  1.2762
 23.3326
 33.1889
 20.7747
 8.11666
 6.80632
 9.83219
  2.7119
 17.4708
 1.17896
 18.4667
 36.5552
 35.6473
 1.51128
 27.4084
 6.68609
 7.61625
 17.1042
 5.08973
  1.1576
 9.03552
 5.18311
 7.42117
 3.84485
 17.6542
 11.6169
 12.8568
 1.33933
 27.8604
  10.789
 9.11423
 6.63162
 4.42789
  13.774
 16.3161
 5.83741
 25.6368
 32.3379
 30.2093
 26.1529
 3.90594
 14.4161
  19.648
0.961307
 8.30127
  5.3258
 5.76421
 8.71974
 9.82542
 26.4714
 17.9745