  3.03067
  7.82602
  11.1836
  27.1487
  15.5936
  24.6374
  18.9602
  12.7785
  13.0962
  10.9235
  10.4348
  3.09356
  29.8755
  23.9619
  6.73788
  6.51056
  28.8067
  16.5202
  5.45047
  24.6167
  27.2512
  7.66139
  9.10477
  27.5796
   23.794
  5.60303
  18.1916
  9.52519
  9.76539
  12.1981
 0.673261
  15.5985
  8.83751
  9.18196
  8.48437
  5.97261
    16.16
   2.0003
  2.89476
  3.11218
  14.5145
   17.894
  14.1361
  7.86889
 0.353785
  11.7261
  13.8538
  6.19951
  6.12939
  10.4452
  18.8204
  13.4441
  6.12867
  3.55839
  10.0594
   6.2955
  9.21369
  8.29659
  1.95554
  4.31667
  1.69693
  18.0927
  5.26725
  17.2849
  17.2573
  7.53599
  12.5705
  6.73539
  10.7293
  3.38918
 0.839294
  7.06564
  11.8576
  18.3515
  12.0821
 0.128175
  7.46615
  15.5107
  13.5724
  11.0944
  7.16103
  14.0785
  7.44729
  6.36369
  7.90601
  7.63346
  12.3635
  22.1233
  14.8015
  12.1373
  8.49632
  11.9311
  4.91095
  3.08276
   4.9837
   15.661
  11.0172
  12.1268
  16.1258
  27.0652
  4.92265
  3.61425
   20.927
  15.7381
  20.5907
  18.4728
  7.77523
   6.0835
  3.96839
  10.5696
  5.91327
  1.96237
  1.58229
  13.3389
  8.84707
  4.45469
  13.3705
  25.1666
  27.6727
  13.2081
  9.77924
  17.6215
  12.3803
  8.94952
  13.4479
  9.24819
  16.1561
  16.5628
  18.0186
  22.6546
  13.5721
  17.6634
  13.2358
  7.47171
   3.8696
  15.0884
  1.53748
  6.41538
  29.1866
   17.591
  21.3834
  9.10764
  11.2713
  27.2713
  21.3408
  3.69398
  11.9867
  29.9052
  4.63246
  13.6161
  4.05875
  2.61893
  12.3537
  7.36085
   13.597
  17.2118
  5.94913
   11.812
  7.65963
   11.739
  11.2415
  4.36301
  19.5227
  2.82146
 0.299861
  3.83593
  5.43973
  3.34271
  2.22481
  7.03225
  1.63986
  9.54889
  6.89755
  5.66733
  14.3581
  6.05167
  24.2852
  7.59092
   8.3227
  3.90011
  2.01171
  9.58401
  6.18932
  15.3284
  14.1672
  3.93307
 0.333177
  16.9409
  28.1758
  4.77698
  2.94294
  11.9243
  10.4535
 0.673658
  12.0401
  11.2856
  10.0757
  1.02098
  10.3091
  14.9594
  6.78163
  13.3285
  12.6555
  28.0953
  10.1961
  9.25214
  7.62183
  5.74971
  7.07232
 0.355564
  9.85487
  1.14549
  6.46851
  1.51174
  6.04391
 0.944712
  2.08688
   1.9711
  4.57049
   10.437
  22.5166
  27.1872
   8.0472
  10.7351
  14.9351
  3.01578
  3.24851
  6.53765
  7.34701
    6.548
  14.3779
  5.58002
  1.38867
  3.99627
  2.69238
  3.38033
  2.91153
  11.9229
   12.719
  5.29171
   17.602
  2.19001
  14.6251
  6.53851
  16.3872
  26.1508
 0.960575
  5.75244
  12.9164
   19.926
  8.19484
  24.4213
  23.9039
  21.5477
  12.1097
   15.435
 0.383073
  7.40795
  17.7795
  23.8465
  29.5769
  8.11251
  3.03839
  21.3262
  17.5367
   27.639
  24.0562
  10.4918
  32.2042
   23.576
  13.1341
  12.3201
  5.17614
  9.51118
  3.96726
  10.9003
  14.4088
  0.99333
  6.25764
  27.1952
  14.0757
  21.1831
  14.4432
  8.97307
  15.9271
  7.78039
  3.59303
  4.80566
  12.7918
  13.1127
  3.26856
  13.7942
  11.5342
  9.14308
  6.13802
  5.61826
  27.4686
  9.04565
  3.07877
  13.7008
  19.2284
  21.3274
  6.52577
  6.02921
   27.002
  7.01237
  6.27008
  5.88776
  10.1006
  33.3802
  6.56651
  18.1147
  6.73723
  6.39622
  20.3875
  8.56604
  2.76439
 0.555355
  3.36289
  7.79057
  15.6608
  25.4896
  20.3473
  4.61785
  9.03909
  8.25498
  5.37333
 0.508904
  2.21464
  12.5209
   14.437
  1.29332
  6.20519
  9.47521
  10.1448
  14.4678
  3.99514
  6.30738
  4.50243
  5.15487
  22.0291
  16.7317
  14.3667
  10.1297
  5.94113
  6.29378
  31.2253
  13.2942
  0.59176
  6.44026
  2.52547
  8.57015
  9.44801
  3.63751
  4.20106
  3.24998
  20.2715
   7.5196
  0.91681
  10.7165
  3.34625
  14.0425
  20.4954
  8.13115
  30.3631
  20.3083
  1.26399
  13.6738
  22.7993
  12.3823
  10.0027
  18.2189
  19.4388
  2.01978
 0.468186
  2.19714
  12.1685
  3.80049
  11.8576
  29.6481
  7.12613
  8.70409
  6.17045
  21.3022
  24.6416
  5.59897
  20.4081
  5.31271
  27.7991
  1.95497
  8.69306
   5.3119
  7.48287
  9.65438
  9.80112
  14.8968
  23.1565
  21.0123
 0.479871
  1.96961
  1.41785
  2.48192
  2.22497
  19.7636
  16.6477
   7.4824
  17.7747
  9.79275
  24.3692
  24.4046
  12.8836
   13.614
  9.65622
  7.59889
  16.7899
   18.569
   4.9382
  9.81605
  4.79647
  17.3694
  3.54637
  32.4229
  6.81937
  17.0616
  10.7997
  12.1736
  7.75833
  6.56478
  13.3205
  11.4967
  20.7357
  12.6952
  12.5137
  10.5306
  21.8807
  2.93828
  2.94591
 0.514771
  13.7716
   7.0971
  6.08768
  10.6852
 0.189746
  7.57888
  2.74875
  26.2884
  1.54237
  7.64393
  8.46946
  3.32997
  8.33963
  18.0265
   1.0528
  20.5296
   12.551
  7.56325
  18.9241
  24.0533
   17.017
  19.7443
  15.2954
  2.29177
  15.1971
  11.6237
  3.79164
  7.03212
  20.0445
  6.71886
  8.55914
  9.42861
  2.53368
  11.1009
  32.2062
  8.96697
   15.001
   11.587
  11.9994
  21.9525
   19.012
  21.7164
  2.89199
  11.5773
  6.76802
  0.20354
  7.39214
  13.9818
  0.94632
  16.4284
  1.47815
  12.4001
  22.5285
  11.0673
  12.4147
  18.2147
  17.0689
  24.9341
  18.5682
  11.4544
  9.94591
  6.40021
  10.7286
  9.99743
  10.2896
  8.81309
  20.2155
  5.18647
  15.1302
  16.4019
  8.21209
  8.25665
  13.7324
  13.8947
 0.889016
  4.64468
0.0127635
  5.55701
  12.6986
  9.49263
  8.30417
  3.78838
  5.83001
  8.82955
    9.295
  2.89381
  23.8118
   14.174
  11.2837
  8.28228
  6.04733
 0.481205
   12.717
   4.7213
  4.99367
  7.50055
  11.1519
  3.42119
  6.88753
  20.9862
  4.76448
 0.651683
   16.387
  10.8741
  22.1101
   1.5421
  15.8377
  17.3684
  4.65124
  18.2455
   34.599
  12.1234
  10.1646
  11.4836
  13.8215
    16.34
0.0669867
  4.33214
  9.68791
  8.39872
  5.21824
  2.75084
  9.32727
  7.55479
   8.1016
  13.9451
  12.6029
 0.786062
  4.99804
  6.87347
 0.697187
  12.3761
  5.49613
  10.0638
  4.93777
  2.59433
  1.92476
  1.92883
  1.87951
  7.57045
  17.8516
  14.3836
   2.8584
  5.66979
  10.4261
  6.19364
  10.6874
  9.58465
  1.21033
  16.8401
  11.7748
 0.785788
  11.8096
  13.9597
  11.6692
 0.388578
  8.73694
    7.611
 0.579764
  1.99218
  2.34171
  6.17266
  2.24002
  5.54504
  12.9303
   1.5581
 0.443711
 0.809181
  1.43284
  6.53434
  3.87591
  4.19756
  4.65655
  11.0227
  18.7145
 0.478879
  1.81192
  4.50777
   4.8915
  6.74001
 0.195703
  6.26788
0.0644213
  9.28629
 0.425193
   7.1082
  7.89623
  13.6144
  6.53878
  12.1039
    1.496
   7.6594
  2.41431
  8.94026
    1.426
  9.73261
  4.77223
  9.84395
  17.0212
  6.81078
  3.67122
  1.06728
 0.802575
   13.832
  1.68803
  16.2439
  10.9701
  1.41567
  2.79346
  6.41269
  11.6572
  10.2484
  8.34752
  17.2865
  8.51736
  7.87207
  5.27643
  3.07203
  12.4064
  4.70073
  7.78494
  21.4552
  15.7092
  3.41276
 0.610751
  2.60991
  14.7426
   22.043
  11.1103
  7.46385
  9.05341
  6.07563
  4.26562
  15.4612
  13.4432
  4.05254
  10.0121
  11.7125
 0.340815
   6.4082
   9.6272
  2.10423
  16.1533
  14.6391
  4.34169
  9.23677
  18.4591
  10.2383
  14.7593
  7.25933
  0.78218
  7.65807
  2.16328
  5.90562
  2.57823
  3.62745
  2.07411
  1.99456
  3.68392
  23.5445
  7.41409
  9.67652
  6.09483
  6.02797
  2.89145
  10.1427
   17.537
  13.2183
  7.84494
  2.04283
  8.08633
  1.15634
  2.66571
  8.27073
  10.3726
  8.26659
  12.0689
  6.10919
  7.42656
  6.12616
  9.41072
    6.548
  8.13867
  4.42432
  7.41593
   4.1441
  16.2571
  2.22878
  2.98607
  14.1168
  8.95645
  2.71353
  14.2452
  17.2631
  11.8728
  18.1571
  8.02793
  8.08897
  17.5253
  7.83422
  7.46668
  10.5813
  4.17103
  10.4297
  3.60973
  4.67762
  20.2637
  7.64755
  4.14515
  17.6829
  9.78673
  2.52369
  8.49459
  19.4269
  16.1236
 0.823689
  2.22152
   4.1935
  3.64298
  3.82369
  3.86576
  6.72191
  5.82389
  3.43213
  4.67014
  5.62891
  6.46774
  8.16512
  4.96058
  2.80585
  1.97823
  30.8981
  9.42915
  6.85816
   5.5381
  11.8978
  15.6638
   3.1647
  5.46344
  2.29225
  3.75752
  6.07226
 0.925069
  11.8774
  1.40329
  8.44772
  17.0884
  6.13182
  5.29747
  2.58913
  11.5861
   1.1202
  5.79146
 0.848133
  8.04264
  8.60114
  7.87803
  10.3744
  38.5092
  8.56379
  6.72355
  7.55663
  1.15106
  2.62377
  11.6875
  14.0577
  4.20382
  6.02312
  7.52716
   14.807
  9.90806
  10.8679
  1.73939
  2.92716
  2.34679
  22.8018
  9.03816
  11.0561
  1.50311
  13.1212
  4.37079
     3.92
  10.1025
  17.8238
  15.2719
  2.62196
  12.7274
  7.04229
    16.07
  24.4653
   21.588
  5.20226
  2.43769
  4.44063
  8.28579
  6.22296
  11.6415
  14.1508
  8.08424
  13.0369
  6.90925
  13.4181
 0.410758
  12.6764
  4.05548
  12.0642
  2.14647
 0.386085
  2.35157
  2.72667
  12.1584
  9.46413
  15.4685
  1.16996
  7.04597
  12.3411
  5.81216
  8.27591
  5.55133
   7.0871
  10.8763
  20.6877
  9.49691
  3.94554
  4.23512
  3.16505
  14.2691
  7.47134
  4.75702
  11.9636
  10.0602
  3.99358
  17.6984
  3.71464
  9.10127
  3.82257
  2.07626
  2.23639
  4.30883
   13.524
  2.90781
  7.92531
   10.994
   9.7208
  4.98849
 0.476006
  13.1062
  2.26485
  3.70064
  3.19956
  2.06921
  1.46731
  10.8625
   7.3905
   2.9683
  9.45557
  11.5779
  13.7858
  19.9015
0.0561306
  16.0714
  15.1099
  2.28234
  1.87841
  14.1657
  9.19405
  3.24713
  11.6034
   6.3509
  13.4219
  7.80177
  15.1984
   5.7004
  18.3446
   10.853
  14.1538
  27.2982
  4.39983
  3.72263
 0.333811
   5.4866
  7.46701
  7.20389
   4.7484
  6.30281
  4.91851
  1.48138
  2.40947
  4.87019
  12.2267
  11.9648
   6.8537
  7.67005
  3.61854
  9.44579
  26.7484
  4.11213
  12.8517
  7.98366
  4.36595
  1.49771
  12.3617
  7.43665
  1.17121
  1.05738
  7.50929
  3.83182
  0.93886
  2.78743
  8.21994
  14.4243
  11.6273
  11.3581
  2.05719
 0.439979
  7.74253
  5.56958
  8.98844
  18.0171
  8.80012
 0.998559
  6.11959
  2.31516
   13.013
  15.8905
  2.89561
  8.86169
  3.85097
  1.06069
  1.66879
  7.22465
  6.02445
  8.33792
   4.8948
  3.03626
  8.38564
  3.55765
  10.0336
  15.1437
  4.59515
  6.12874
  3.44912
  9.80604
  3.67463
   5.2802
  15.8815
  3.53006
  2.03732
  7.73384
  11.2002
  3.14724
  5.02004
  37.0877
  7.17667
  13.7886
 0.271485
  14.2265
  1.21646
  6.67006
  11.9754
  13.7499
  1.32523
  6.63096
  12.6093
  13.3529
  1.22698
  15.7389
  6.79661
  22.2188
    2.892
   13.879
  14.2286
  1.28982
   1.1186
  1.20069
  4.30829
   8.2347
  12.6954
  7.64657
   2.2277
  8.97184
  8.42525
  13.2855
  5.60599
  3.57892
  15.3821
  10.6476
  8.96466
0.0546327
 0.731336
  1.42732
  13.9502
  4.77452
  12.4505
   7.6766
  11.4132
  6.12559
   7.4189
  5.56588
  12.3734
  11.9915
  4.70846
  6.69302
  6.14837
  1.21392
  21.4394
  33.3146
  3.26871
  6.81285
  8.58366
  6.93887
  2.80496
  3.06247
  17.7578
  11.4918
  18.4075
  9.15673
  3.76551
  2.53698
   9.9337
  26.2108
  15.1459
  19.7625
  20.0892
  4.31741
  7.19016
  16.8021
  4.56295
  6.57837
  1.43314
  20.2394
  1.36738
  15.9811
  10.4863
  8.99481
  2.14351
 0.950812
  3.00534
  25.6588
   1.3619
   9.9951
  40.0906
  1.26732
  8.90528
  6.34474
  3.77876
  12.1671
  8.48576
  1.16479
  12.4299
   16.483
   7.8835
    5.632
  1.66473
  1.66825
  22.8853
  3.48391
  8.73278
  4.68227
  8.76495
  13.5329
  10.5743
  20.9627
  8.33083
  10.1119
  9.99826
  11.1529
  2.42241
  6.28507
  11.9959
  3.37812
  10.5851
  4.11405
  2.83668
  9.45783
  7.92849
  4.35649
  17.0774
  12.2436
  2.45306
  18.7007
  2.55576
   15.275
  3.28998
  23.3875
  6.30646
   8.6032
   25.561
  6.54619
  24.5533
  10.1962
  8.63375
  16.6939
  12.2404
  18.8207
  16.2886
   6.9244
  9.72874
  2.44334
  25.6155
  26.5575
  10.5779
  20.6383
  14.0134
  9.84796
  23.2503
  27.4349
  8.49507
  9.86309
  11.5154
  19.1997
  25.5136
  10.0916
  22.2126
  9.83814
  12.5273
  8.91178
  7.69533
  9.59867
  1.70887
 0.215365
  24.5833
  15.7291
  6.75472
  10.3825
  10.9428
  7.99595
  7.93839
  7.64378
  1.12627
  4.49543
  4.14924
  1.21005
  21.2979
  31.3506
  2.12003
  16.1895
  7.55937
  3.70764
   7.4179
  15.0147
   12.187
  3.48685
  9.12736
  2.49301
  17.7858
  9.59748
  10.6714
  13.3124
  9.23566
   2.9281
  17.3848
 0.826309
  6.12346
  10.1898
  16.5655
  4.03571
  3.80995
  21.7941
  30.8456
  2.78216
  3.96921
  11.9211
  14.1865
  11.5662
  7.22099
  5.87864
  9.68089
   9.3206
    24.05
  2.42622
  7.59032
  4.19581
  14.1238
  1.56492
 0.600081
  10.2417
  1.26795
  12.4755
  12.1005
  8.85572
  2.44844
  4.51435
   5.1483
  21.3289
  2.53863
  17.7113
   35.832
  3.22778
  4.99957
  13.3769
  4.08047
  11.3696
  12.7436
  4.70043
  8.82905
  1.97194
  9.43407
  8.61472
   25.551
  15.8379
   6.8648
  7.09673
  16.6421
  29.0014
  3.15899
  9.16936
  4.87717
  15.4598
  18.4406
  5.18418
  15.6922
  3.98986
   5.8819
  2.49726
  8.14611
  51.9189
   34.413
  16.0901
 0.753091
  10.0944
  1.08836
  5.17705
  3.66509
  11.0074
  8.35651
  14.6564
  3.13672
  10.3053
  6.15066
 0.127807
 0.579577
  14.4763
  10.4321
  8.01132
  14.3092
  13.9927
  4.88718
  5.35824
  4.06055
  20.4962
   17.522
  27.7158
   5.5414
   29.883
  7.46949
  6.37907
  13.3146
  1.64875
  20.1659
  16.7806
  15.8024
  45.2878
  2.43326
  8.19171
  1.23879
   16.378
  33.6478
    6.428
  11.9547
   7.2198
  12.7306
   32.508
  32.6805
  4.85035
  8.47751
  1.48146
  8.06442
 0.544746
  7.73618
  3.00179
  41.1744
  6.01815
  7.75246
  22.8316
  50.0254
 0.925277
  2.89222
  3.24449
  11.9865
  15.0868
  6.10595
  24.7325
  23.6538
  26.7449
  30.3043
  12.5242
  34.3203
  24.6296
  18.1476
  15.2413
  10.1753
  23.1612
  16.3002
   16.013
  7.75929
  19.9087
  17.0478
  4.21333
  6.08612
  6.74484
   4.9278
  3.19912
  16.4125
 0.115605
  5.46554
  27.8031
  31.4891
  51.5281
  21.2426
  39.1266
  11.5398
  6.61433
  11.7527
 0.518512
  3.21953
 0.195163
  3.27997
   11.642
  5.22362
  10.1829
  5.71389
  15.9074
  13.8015
  22.3928
   13.737
  25.2221
  9.05556
  7.65906
  9.56465
  41.8768
  27.6013
  13.2281
  14.5256
  8.43477
  13.0711
  28.1876
  16.6678
  10.2669
  4.25715
  8.98712
  21.6339
  10.4907
  2.59414
   14.307
  3.66059
  15.6066
  4.96722
   20.434
  19.4076
  0.86166
  8.75871
  1.79902
  18.6808
  27.5889
  21.5163
  3.66516
  3.39448
  1.07955
  2.58637
  38.2815
  14.1282
  9.56188
  22.8748
  22.3582
  37.7936
  10.1308
  16.2178
  5.07565
   8.2946
  9.97443
  6.85964
  8.85567
  7.82387
  10.0992
 0.210765
  5.32991
  15.5432
  13.1911
  8.15027
  16.0185
  6.11318
  28.7611
  27.8422
  16.3226
   7.8427
  32.4734
 0.867938
  1.25805
  9.31052
  13.7416
  12.9808
  7.00074
  1.42187
  8.77913
  19.6124
  5.85446
  13.6731
  2.24019
  12.1945
  3.68237
  18.6692
  11.9682
  2.50438
  5.14898
   8.4818
  6.78424
  8.49582
  4.04134
  9.54849
  8.50743
 0.872286
  8.70405
  8.52623
  7.09459
  13.6116
  2.92335
  5.46024
  10.8713
 0.693842
  7.11627
  40.0511
  36.6291
  36.3666
  35.3935
  36.1724
 0.108815
   14.878
  10.9917
   22.554
  3.22203
  6.19115
  3.36149
  2.20599
 0.828785
  8.77945
  4.89861
  16.3618
  2.32315
  1.44379
  21.4748
  4.29884
  2.09751
    7.923
  3.99896
  8.24964
  5.51293
  14.3079
  19.6256
  32.2852
   35.763
 0.828642
  1.90275
   12.265
  3.32193
  21.0638
  7.33962
  10.1551
  4.42619
  18.3592
   42.846
  39.9572
  26.1488
  37.9181
  9.92959
  24.6393
  10.3089
  4.50177
    43.29
   32.467
  34.9374
   3.6646
  9.18021
   2.5273
   33.248
  4.18051
  4.94427
 0.758796
  9.46954
  4.28994
  12.1732
  34.2142
   29.903
  20.6957
  10.5195
  8.97338
  2.76621
   6.1155
  12.0493
  5.64636
  2.03586
  5.48881
  6.84403
  36.9125
  34.8063
  37.0257
  34.7021
  36.9953
  32.5508
  9.79291
  19.2294
  3.44599
  31.7828
  36.9616
  33.4657
  32.8498
  32.7671
  8.16808
  1.65709
  9.81716
  6.20925
   37.059
  30.9497
  36.0053
  37.0733
  32.7596
  11.1093
  3.46806
  38.0051
  37.5895
  29.0817
  38.9444
  39.9212
 0.900705
 0.658574
 0.445994
  22.9442
  32.9918
 0.929024
  17.2004
  8.65623
  21.2951
   2.6082
  9.63241
 0.417633
  9.52312
  7.18081
  13.2254
  12.4824
  40.6591
  24.8271
  24.2088
  25.5231
   6.2023
  16.1265
  9.27675
   31.654
  31.9398
   33.791
  29.9623
  36.1101
  39.4091
  3.15125
  1.76066
  4.75585
  2.52928
  6.60798
  12.2447
  6.42848
  10.3809
  10.9274
  3.41227
  8.09673
  13.6135
  9.80698
  8.35597
  10.0857
  14.6819
  2.60068
0.0716427
  9.31102
  37.3005
  30.4203
  9.52666
  8.02856
  5.16253
 0.642816
   6.7862
  9.38218
  6.56052
 0.447709
  19.0962
  9.64141
  7.70715
  2.83086
  5.09566
  3.22688
  13.3362
  23.5755
  1.48334
  32.3354
  1.72162
  26.3134
  32.8105
  34.7536
   35.015
  26.2399
  6.67755
   36.036
  37.6313
  39.5297
  40.6696
  31.9505
  26.1984
   28.737
  37.8656
  20.3136
  20.6286
  41.9413
  37.5863
   29.884
  38.7401
  37.0245
  20.6587
  38.3017
  41.0081
  34.1901
   32.359
   36.534
  34.3972
   25.365
  27.3915
  32.5779
  10.5091
   34.441
  34.3256
   38.542
  35.0238
  32.9349
  28.9138
  37.3714
  29.4325
  28.0379
  24.0164
 0.864927
  15.9101
  31.1889
  33.3005
  33.3879
  32.8081
  37.5213
  36.8152
  34.1081
  37.2991
  40.7168
  37.2291
  39.1617
  28.9205
  30.7812
  34.5015
  34.1048
  39.5547
  11.4749
  38.4594
  35.3806
  34.5045
  37.5885
  31.2525
  39.5802
  40.9822
  15.7773
  39.3353
  9.75085
  34.0797
  37.1949
  30.8828
  29.2675
 0.587139
  2.11733
  4.24641
  38.0134
  34.4402
  38.0289
  40.1276
  30.3784
  31.8785
 0.917534
  23.0192
  32.8861
   29.756
  32.7621
  32.2695
  31.1209
   34.027
  37.0434
  27.6529
  37.0608
  31.4548
  35.3783
  34.3914
  31.9162
  35.6841
  37.9052
  32.5976
  30.9275
  33.5237
  37.5565
  37.7222
  2.17112
  35.5951
  27.3204
  29.8329
  29.2302
   24.442
  31.9153
  31.7582
  27.2624
  23.8138
  7.03543
  19.1735
  16.1968
  28.3764
  32.2395
  25.3298
  39.0192
  38.9506
  36.3147
  34.1012
  38.4356
   33.136
   38.377
  40.4403
  39.8501
 0.798497
  3.12923
  30.1442
  35.4483
  31.3838
  34.1771
  37.6528
  18.7638
  18.7663
  23.9411
   31.172
  32.3453
  35.9184
  36.4787
  32.9742
  23.7487
  29.8387
  38.3706
  25.0194
  12.1893
  8.29783
  21.0545
  4.60096
  1.20653
  35.1095
  7.21194
  8.82314
  38.6819
  40.0732
  49.0775
  39.9791
  42.1967
   42.043
  43.0893
   40.125
  39.5586
   39.083
  10.3709
  37.1612
  45.4531
  37.5259
  35.0973
  37.0881
  38.4185
  10.0465
  14.5893
  8.19539
 0.637888
 0.862305
  12.5241
  37.9826
  36.3789
  37.0811
  22.1523
  31.0738
  13.5527
  30.4276
  36.8062
   34.864
  44.8016
  39.6532
  33.9239
  20.2794
 0.206326
  22.9046
  18.9414
  22.4559
  33.2257
  26.5838
  32.6904
  45.8139
   33.154
  44.6628
  41.3542
  5.06741
  35.8233
  41.5477
  34.3352
    27.59
  5.66539
   36.442
  38.4395
  30.0753
  39.4944
  41.2835
  38.7231
  36.7456
  30.3364
  31.3214
  33.8997
  23.7026
   42.785
  47.4455
  40.6747
  32.9398
  27.1825
  37.0149
  37.8305
  41.8489
  33.7421
  34.6299
  6.30332
  5.53525
  35.1987
  30.1914
  30.9178
  33.9686
  35.8923
  35.0868
  35.5049
  30.5228
  34.9412
  32.2266
   32.819
    34.63
  29.4923
  37.8538
  35.1977
   39.221
  38.7333
  38.9592
   32.674
   34.452
  33.1541
  40.0137
  40.5158
  38.3696
  34.3688
  35.5204
  37.0133
   36.199
   36.379
  39.4583
  40.1189
  38.1807
  42.3873
  26.3152
  25.2774
  2.84423
  4.86122
   30.038
  29.6394
  31.1819
  2.11627
  2.15455
  36.4748
  41.5691
  40.4511
  33.5321
  42.3095
  35.6101
  43.8599
  36.2533
   45.112
  32.1817
  36.5124
  35.3561
  43.1217
   40.738
  42.4071
  39.0207
  40.1853
  16.4999
  43.7025
  38.5482
  47.2713
  48.1859
  40.1037
   43.828
  45.2722
  39.3125
  40.0783
  45.6771
  37.0072
  40.0655
  38.9554
  35.5179
  31.8849
  27.2041
  35.0433
  42.3671
  29.1757
  32.8821
  36.5861
  3.34856
  11.6211
  35.2966
  36.6777
  39.5629
  37.5093
  42.2348
  30.0208
  29.4225
  33.3106
  38.9297
  36.4302
  35.6161
  38.5893
  36.3882
  33.0691
  38.4769
  36.0205
  35.9929
  36.6804
  29.7045
  39.6011
  18.8311
  10.9891
  11.1796
  4.40263
  1.82315
  31.0033
   38.189
  20.9869
  24.1235
  32.4213
  38.2321
  34.2797
  43.6307
  41.7267
  18.3071
  40.1632
  44.4116
  45.8769
  40.1702
  40.4199
   40.216
  26.6231
  33.3861
  35.4023
  37.2542
  35.7876
  35.3988
  38.5493
  38.6521
  7.84173
  40.5533
   42.088
  44.7748
  43.6393
  46.0113
  45.9639
  44.2503
  45.2351
  44.1664
  46.4911
  36.9164
  41.9354
  0.66457
   16.004
  58.7949
  35.4579
  37.4112
  33.9833
  36.5821
  1.85732
  1.72116
  38.3681
  33.9336
   10.009
  35.2648
  2.00827
  7.68648
  19.9388
  6.13606
  2.58082
  43.6721
  36.8586
  36.9447
   40.906
   38.388
  43.7795
  43.0866
   32.582
  29.6651
   33.899
  40.3534
 0.526669
  39.0704
   36.062
  38.3017
   39.093
  34.0771
  25.2483
  40.2419
  36.3034
  37.0128
  37.6024
  38.4033
  34.6672
  35.3334
  33.8442
  37.7362
  39.2131
  35.3128
 0.590957
  1.30989
  43.6786
  43.7539
  43.2733
  38.5526
  46.4274
  33.0192
  31.6427
  38.6188
   42.231
  37.7682
  30.4106
  30.9604
  31.3536
   33.315
  38.5678
  42.2563
  15.6616
  37.6792
  39.9705
  23.1568
  36.3877
  36.6754
  39.7489
  34.1348
  35.5023
   8.9509
  40.4871
  41.9214
  35.0217
  39.5691
   41.172
  42.4901
  38.5695
  34.8152
  34.6492
  37.0182
  26.5358
  27.3994
  32.8345
  31.2151
  45.2221
 0.486792
  34.3006
  38.0818
  33.4494
  37.8012
  38.7378
  35.9975
  44.7704
  44.5327
  29.5884
  22.8192
  32.6574
  34.9784
  33.0745
  33.6727
  37.1975
  33.3656
  42.8808
  41.0478
   36.478
  38.4077
  35.5929
  39.7024
  38.6045
  31.1483
  34.1381
  31.4062
  32.7706
  30.5051
  35.6045
  29.0915
  34.3139
   8.7558
  28.6919
   37.518
  37.2875
  37.2877
  32.2461
  30.1774
  35.3862
  36.4169
  23.5056
  39.6567
    40.54
  38.9939
  34.0706
  41.8436
  39.7224
  38.6503
  35.6034
  40.9557
  37.5697
  38.0954
  40.9173
  41.9551
  44.9476
  9.27985
  5.55502
  4.79782
  2.92899
  31.5678
  37.6022