4.43354
4.80853
5.08681
5.57526
6.93753
7.56461
7.83637
7.96069
8.05585
9.03833
10.0549
10.4506
10.6147
10.6428
 10.952
10.9606
10.9802
11.0455
12.6484
12.6976
12.8356
12.8879
12.9941
13.7557
13.7774
13.8201
13.9565
14.2954
14.3353
14.3986
14.6111
14.8813
15.3526
 15.808
15.8311
15.8446
  16.01
16.5357
16.5626
16.7113
17.2075
17.4714
17.6323
18.5768
19.3365
 19.429
19.4335
19.5383
20.4012
20.4053
20.8753
20.9153
   21.1
21.1279
21.4133
21.5258
21.6216
21.8059
21.9443
22.3872
22.4486
22.4845
22.5867
22.5914
22.8118
 22.957
23.3045
23.3222
23.5155
23.6484
24.0525
24.0669
24.2336
24.3198
24.3888
24.4736
24.6102
24.6648
24.8621
25.0646
25.5178
26.3676
 26.716
27.1725
27.5859
27.6286
 27.817
28.0321
28.0889
28.4091
29.2148
29.3872
 29.504
29.9093
30.2402
30.6006
30.6833
30.7682
30.7915
30.9102
31.3378
31.3517
31.4823
31.5702
31.7602
31.8651
32.3302
32.4676
33.0646
 33.355
34.2567
34.3615
34.5323
35.3563
35.4749
35.6119
35.7445
35.7851
35.8397
36.1398
36.1945
36.2473
36.4292
36.6379
37.1246
37.1408
37.2166
37.4847
37.6574
37.8424
38.3257
38.8714
38.8984
38.9201
39.3287
 39.368
40.0639
40.4284
40.7483
40.9048
41.2068
41.4236
41.9391
42.2394
42.3222
42.5174
42.6004
  42.62
42.7275
42.8748
 43.357
43.4094
43.5347
43.7272
45.5167
45.6256
45.9009
 46.785
47.2851
47.3994
47.4731
47.8337
48.1324
 48.367
48.6924
49.0125
49.8028
 49.807
49.8428
50.1601
50.8566
51.1381
51.2559
51.5181
  52.05
52.0801
52.4569
53.0551
53.3111
53.3441
53.5345
 53.824
54.2183
  54.52
54.5746
54.9004
55.1016
55.5776
55.8763
56.9804
57.2786
57.4288
57.4837
57.6519
57.7612
58.3734
58.5676
58.6913
59.1297
59.2291
59.6421
59.6582
60.0781
60.0885
60.3598
60.7655
61.2376
61.3153
61.7376
62.1374
62.1638
62.5329
63.4537
63.6624
63.6746
 64.125
64.8601
64.9251
66.4882
66.7245
67.1875
67.3075
69.0302
69.4315
70.6368
71.6122
 72.343
72.7066
73.1347
73.2336
73.9788
73.9984
74.9602
75.0302
77.3466
77.9583
79.6235
80.1791
80.7132
81.4247
82.0612
83.7561
83.9463
85.2941
85.4505
85.8796
86.1743
87.4912
87.9182
89.7108
89.9078