   6.5006
   16.843
  20.0615
   28.953
  4.50662
  8.89507
  9.53208
  3.95602
  8.81943
  8.87782
  2.75694
  17.2789
  8.52418
  11.1413
  4.43704
  5.87279
  30.4368
  43.8916
  6.51402
  2.76765
 0.166949
 0.361122
  5.43896
  5.54673
  4.40535
  4.05773
  7.69541
  5.00457
   2.0865
  2.60261
  26.5024
  16.5891
  31.7945
  35.9499
  8.84289
   17.209
  38.1254
  42.0599
  7.66345
  13.5384
  21.4834
  5.56722
  4.67502
  2.46242
  25.3903
  17.5211
  21.1962
  6.04035
  7.36962
  1.10673
  6.26666
  3.83483
   0.4209
  9.58569
  8.90852
  2.73809
  25.3362
  12.0174
   31.289
  58.6769
   33.229
  30.9028
  56.8735
 0.522243
  4.54731
  10.0752
  6.63182
  64.0955
  54.5908
  17.2948
  13.6878
  5.68529
  23.0831
   15.575
  44.2325
  3.24989
  10.3491
   36.436
  19.4351
  2.75874
  18.9378
  0.85178
   7.6317
  1.81758
  1.77739
  15.6525
  9.44364
  12.0604
  12.6661
  2.34269
  30.1051
  32.7723
  5.91024
  7.37421
  37.3398
  11.5705
  17.2556
  8.12906
  4.15878
  4.65733
 0.850795
  4.32126
  9.54947
  9.30391
  1.48327
  0.97868
  8.70667
  5.81273
  5.97178
  20.5219
  13.1968
  3.43496
 0.432336
  12.1233
  10.3645
  18.6065
  15.8257
  14.8944
 0.939345
  2.52439
  16.4329
  11.9703
 0.143511
  3.29626
  6.41213
  4.40452
  18.8868
  1.55129
 0.550923
  18.9399
  8.84246
   10.324
  4.89706
  7.86531
 0.284956
   4.5935
  8.43275
  5.18929
  2.79833
   8.4998
  15.7613
  20.5821
   4.8532
 0.355311
  7.34983
  7.05564
  6.42139
  4.53641
    5.356
  17.3201
  6.17774
 0.644319
  16.5826
  24.7551
  8.37823
  22.8185
   5.3995
  36.4321
  22.0349
  3.26433
  9.98715
  7.19507
  2.25414
  7.94012
  10.6098
   14.761
   15.614
  11.2168
  12.0198
  2.76675
  13.0125
   6.3632
  11.1613
  27.0239
  46.1954
  18.5606
  76.5025
  76.9729
  1.71489
  10.0142
  24.3355
  5.02606
  13.6433
  8.04347
  8.02687
  1.71351
  26.0035
  1.26102
0.0113926
 0.478495
  9.32838
  16.6201
   21.762
  39.1641
  8.57649
  18.6296
  2.95919
   15.893
  10.1746
  36.4167
  21.9849
  23.2509
  39.5514
  31.9402
  14.0037
  3.34606
  18.5838
  15.2448
  18.1685
  20.9232
  3.22101
  5.79115
  5.53636
  5.06887
  3.61186
  14.6079
  8.21216
  10.8059
  9.85167
  14.1612
  10.7737
  17.2002
  2.99836
0.0338483
  7.68628
  1.63714
  4.09045
 0.410013
  30.1238
  26.6627
  43.3138
  33.6509
  14.9814
  27.8154
   14.014
  6.60236
  4.51293
  12.9644
  4.74909
  60.3601
  15.8222
  6.52335
  7.75612
  5.61647
  6.34931
   1.6691
   8.0931
  3.61153
  6.61905
  22.6743
  39.3997
  35.6904
  4.02772
  15.5105
  2.01298
  12.3348
  11.5268
  12.2156
  2.65711
    34.87
  15.9509
  14.4348
  15.7322
   7.1547
  4.66469
  8.27854
  1.70768
  0.24525
  6.96938
  4.57812
  6.47662
  3.96795
  16.4643
   9.2455
  1.41965
 0.762246
  33.9692
  18.7628
   2.4982
  15.6676
  10.1731
  6.22849
  19.9512
  2.64933
  2.79451
  8.13425
  4.41941
  1.91597
  1.82245
  5.79405
  20.9038
  13.7567
  6.70122
  18.3074
   17.476
   5.1097
  6.29363
  9.11238
  3.60534
  14.9315
  4.09452
  9.17721
   1.5654
  9.51593
   21.239
  5.20761
  5.60381
  2.86949
  7.74923
   5.1687
  2.71142
  5.68103
  11.3057
  19.0833
  35.7594
  15.1863
  16.4213
  14.7737
   16.372
  34.0557
  19.5435
  2.41389
  28.4682
  21.5137
  22.6608
  27.5451
  23.1918
  20.8938
  36.4358
  3.60874
  1.73738
  18.8777
  9.70968
  4.20188
  13.3068
  8.88479
  38.9031
  11.7186
  14.5755
  16.5564
  3.64661
  12.2271
  26.1689
  26.7734
  14.3089
  24.5908
   29.702
  74.6617
  67.6671
  21.5378
  12.4785
  16.1535
   41.884
  1.74336
  4.05426
  7.49056
    30.87
  6.78057
  2.44945
  23.8731
  69.9268
   10.345
 0.580364
   45.794
 0.189755
  13.2662
  10.9401
 0.580177
  13.3472
  9.02162
  6.97543
   14.054
  2.13378
  16.5961
  17.9698
  42.2456
   10.085
  2.44091
  3.29312
  2.40565
  30.0902
  34.2373
  10.1944
  6.97523
  8.20336
  5.70466
  9.01368
  18.1676
  10.8993
  8.36563
  5.34572
  1.79968
  11.4321
  8.99997
  11.2655
  10.4353
  16.2584
   4.6874
  4.72108
  11.0028
 0.870213
  1.97751
 0.198232
 0.317157
  6.30053
  21.9476
  2.83256
  2.75792
  4.91347
  3.41537
  1.50537
  8.15763
  11.4772
  10.8616
  19.5072
  2.65375
  17.1554
  15.7897
  9.26398
  4.45437
   6.6578
   7.6113
  21.5674
  16.4763
  1.51068
  4.62722
  14.8112
 0.343233
  3.45205
  8.44232
  4.24917
  27.9356
  5.76266
  5.03101
  4.12223
  8.34104
 0.768491
  9.35429
  35.0437
  9.15811
  13.8989
  10.7647
  12.3009
  30.4092
  1.94503
  6.33697
  16.7588
  23.9298
  23.2654
  18.1366
   6.1568
  9.78545
  21.1894
  6.12555
  13.9773
  65.6918
  23.0202
  1.46467
  15.8451
  6.00864
  1.65342
  1.74665
  2.38507
   13.261
  39.3624
  50.1156
  61.2009
  9.63895
  8.01901
  6.74105
 0.726331
  4.09651
  27.1307
  16.5728
  9.51075
  73.7587
   17.636
  2.23489
  3.08531
  45.9827
  5.12874
  3.24114
  24.1687
  25.1715
  4.65197
  2.67509
  11.1743
   2.2422
  35.7477
  33.1209
  15.5085
  17.6865
  14.4858
   10.642
   1.8755
  24.8453
  27.3989
  3.03079
  1.24018
  4.89757
 0.959713
  11.2473
  3.36419
 0.845988
  17.1875
  5.99753
    12.14
  5.95023
  10.4725
   4.5034
  2.47106
  2.80197
  8.51791
 0.247992
  19.6526
0.0398915
  6.96892
  6.59454
  6.24397
  5.51154
  6.01825
  6.68459
  26.2912
  5.74666
  9.47431
  9.40019
  3.31587
  13.1842
  21.5445
  30.4097
  16.5462
  12.9287
  9.86616
  21.5773
  22.6484
  14.7788
  23.3802
  16.4077
  21.5533
  25.5469
   23.186
 0.866725
  8.53053
  7.50581
  22.2834
  2.49918
  3.89373
  10.9644
  35.5579
  44.6922
  6.67291
 0.295039
  4.05346
  8.56878
  3.25844
  4.64865
  51.6476
  70.1626
  39.3389
  31.1619
  9.28824
  3.82855
  11.0539
  10.6297
   25.017
  14.5606
  1.03771
  29.7876
  10.1519
  4.56756
  14.7957
  0.45144
  6.20518
  7.00102
  6.68697
  47.9901
  20.6072
  5.80672
  7.42552
  1.94543
  27.1467
  46.6145
  26.3529
  9.73398
  21.4447
  9.49197
   26.027
  29.8669
  7.62876
  26.3448
  9.02116
  13.7677
  6.63129
  6.96506
  7.57811
  9.99132
  26.8426
  27.1294
  24.8631
   18.065
  9.49553
  32.7809
  11.9232
   12.479
  10.0415
  1.90308
  4.99433
  13.1359
   7.5973
  21.0843
  4.81045
  7.96839
 0.620547
  17.3266
  18.6244
  15.9684
  20.1656
  25.7928
  50.5361
  1.00246
  17.1627
  27.7294
   10.424
  21.3584
  14.6583
  7.79323
   69.993
  7.13892
   15.078
  31.4917
  1.29622
  26.5266
   19.308
  26.6389
  8.07838
   13.448
   24.833
  6.82915
    5.322
  23.2625
   49.727
  3.05191
 0.515797
  7.78507
  3.56249
  1.48725
  1.04133
  14.0186
   19.996
  25.6877
  18.0424
  15.7878
  12.7168
  15.9873
  23.5589
   28.234
  16.3449
  18.5979
  23.9196
  2.03801
  3.11549
  25.2827
  22.6168
  15.3004
  7.61432
   12.644
  58.1536
  20.0446
  25.9007
  16.6594
 0.944021
  20.2971
  6.43959
  40.6919
   8.7892
  26.7422
  2.39306
  5.22584
  11.5821
   7.2628
   10.638
  48.3836
 0.716059
  5.06677
  15.4131
  13.5728
  13.4986
  20.6455
  19.5086
  7.77656
  11.3261
  32.1789
  13.0503
  2.54519
    19.49
  12.2103
   22.382
  33.2447
  12.4857
  11.0289
  17.7558
  10.1673
  2.71054
  9.72451
  11.4354
  26.6244
  8.99222
   18.889
  6.41882
  19.1532
  34.4349
  16.3194
   2.0463
  1.30984
  4.81371
  14.3151
  40.5559
  24.5411
  14.6605
  22.2611
  44.6412
  5.16672
  35.7604
   9.6749
  31.9485
  1.24921
  16.2171
  27.1679
   30.693
  10.9162
  9.39685
  9.01376
  17.0491
  5.67579
  4.35156
  1.72927
  5.68009
  1.55853
  5.36346
   1.9631
  4.80076
  2.25084
  23.0063
  2.63484
  4.06054
  16.5422
  16.3815
  1.37295
  3.00157
  24.2158
  1.97119
  21.4827
  14.1208
  48.5994
  44.4146
  38.9789
  14.2518
  2.43024
 0.467335
  4.67029
  5.86009
   3.2968
  0.91684
0.0602671
   3.0967
  53.7788
  20.2944
  3.39574
  17.5167
  4.76997
  2.51597
  28.6728
  30.8554
  25.4779
  14.3175
  20.5623
  28.0584
   44.816
  30.3022
  32.3633
  30.7254
  38.5042
  13.7184
  13.7063
  19.4118
 0.752298
  11.5959
  16.4962
  9.38089
  6.32912
   6.6758
  16.0622
  3.51821
  5.12687
  18.3076
  20.2795
  2.48657
  9.63164
  18.4832
  14.6831
  20.8965
  32.6135
  16.6304
  19.7364
  2.71512
  12.8508
  10.5468
  2.89185
  14.7394
  12.8815
  15.5208
  15.7752
  19.9453
  8.00966
    17.13
    18.48
  9.74728
  5.18677
  15.8987
  15.6774
  20.5538
  13.1872
 0.109995
  5.58205
  6.96284
 0.216304
   7.3832
  32.4729
  7.18628
  14.6269
  2.91655
  23.3792
 0.457058
  13.3998
  23.4724
  3.54794
   2.4046
  13.1062
  10.8333
  5.29529
  18.8046
  17.3707
  2.31492
  37.2008
  8.79107
  16.1724
  22.5566
  6.88109
  18.5491
  5.24849
  18.6754
  7.16059
   20.285
  69.2269
  22.7082
  10.4341
  23.0524
  10.4638
   17.648
  28.1505
  2.39698
  19.7576
  24.0507
  67.4839
  5.41119
  19.2989
  30.0727
  5.16934
  10.0046
  16.1233
  11.2103
  12.0732
   6.6839
 0.156269
  4.37782
  6.88071
  17.2001
  1.67121
  21.3406
  22.5971
  5.76171
  6.17683
  5.48941
  14.8923
  8.69818
  10.2117
  75.9484
  37.0284
   35.869
   1.8725
   4.8084
  10.4374
   12.135
  16.5158
  1.17022
  30.3219
  67.1631
  53.3378
  5.25723
   5.6566
  18.2491
  35.2042
  5.45775
   10.148
  28.1418
  17.6988
  29.4247
   44.193
  27.3496
  35.0263
  6.28948
   7.8052
  9.39961
   15.114
   9.8453
  5.70447
  14.3069
  9.22719
   24.906
   6.5565
  5.14735
   11.627
  21.3334
  11.1091
  7.72082
  10.8791
  8.49248
  11.5205
  12.1955
  17.5191
  1.95219
  6.10572
  37.1219
  5.68986
  17.7311
  11.9721
  3.96818
  11.9828
  5.86868
  15.9789
  11.4269
  10.8517
  5.10067
  5.38634
  14.7738
  6.25916
  14.6574
  9.19993
  8.24878
  11.1787
  19.1316
  3.90159
  14.6817
  24.8981
  7.13936
 0.203341
  11.3314
  5.09786
  16.7959
  17.8234
  12.2482
  15.7299
  39.8123
  16.9269
   13.627
   12.712
  16.8625
   8.9914
  14.4668
  9.34111
  2.91824
  7.74345
  33.2929
  13.8529
  19.5654
  3.24323
  25.2875
  18.5654
  12.3951
  6.60774
  28.1712
  11.9487
  2.83105
  10.4916
  9.54404
  10.9311
  13.5944
  15.7566
  13.0233
  25.0162
 0.619918
  12.5895
  17.4409
   5.9382
  7.34099
  29.8897
  11.9957
  30.7063
  3.86182
   5.8937
  32.8202
  39.9081
  39.9818
  22.4051
   2.4766
  6.33345
  10.1427
  12.6426
  13.9938
  1.53578
  6.20244
  9.59577
  1.91821
  24.1197
  13.0772
  18.9321
  12.0158
  10.6711
  5.90362
  12.0244
  11.3782
  3.13984
  16.6768
  4.19838
  7.13927
  24.5996
  1.90291
  8.78941
  2.50522
  20.1184
  14.4006
  31.0922
  17.5547
  10.1111
  17.5872
  10.8095
  12.3138
  9.24317
  8.87478
  12.6855
  14.4622
  28.6159
  8.26129
  4.99741
  2.91565
   3.0122
  37.4826
  4.36156
   23.802
   37.192
  2.83927
  7.72087
  27.8266
  10.3276
   15.178
  41.5284
  1.64266
  7.35634
  2.41145
  15.7856
   20.577
  39.6521
  30.3986
 0.611767
  5.22678
  13.9169
  40.2022
  2.44854
  30.2871
   40.903
  3.68578
  5.12515
  24.7554
  9.66287
  26.3331
  23.2299
  12.4119
  36.7449
  13.5528
  39.1698
  11.9528
  5.68277
  6.57557
  26.7922
  28.4285
  21.3111
  12.7035
  1.07245
  28.9888
 0.893391
  24.9092
  39.1813
  4.39871
  74.1157
  2.98163
  13.6653
  47.2412
  25.5679
  40.3448
  39.2301
  39.7296
  21.8366
  27.5717
  7.33019
 0.190553
  14.3372
   25.813
  21.0626
  18.7625
  35.6657
  15.7954
  6.02546
  38.6622
  22.2317
  8.21138
   4.9943
  1.90389
  9.29014
  3.51355
  40.4405
  38.3359
  21.4569
  40.4263
  3.90254
  41.9283
  34.4338
  68.0609
   31.068
   42.098
  37.6977
 0.330447
  40.6306
  38.8115
  14.7289
  7.12129
  5.44132
  34.2556
  7.95997
 0.274721
   71.239
  2.50195
  43.1011
  5.19351
  5.42314
  19.9283
 0.437496
 0.222964
  1.98785
  31.4864
   4.6622
  27.3154
  20.6345
0.0704833
  17.7075
  47.3071
   3.1404
  28.8444
  11.0289
 0.929999
  5.54232
  30.3267
  20.3079
   16.154
  25.7927
  43.3027
   20.131
  7.11422
  27.4291
  38.0064
  15.8432
  4.07396
  10.5603
  11.9574
  22.3419
   6.9911
  30.5246
  10.0098
  15.3752
  8.78111
  3.36491
  27.7169
  22.8187
  6.92339
  11.0283
   17.181
 0.304444
  11.9318
   2.2501
   19.219
  1.32411
  20.9193
  33.1808
  22.1721
  26.7458
  37.3661
   17.385
    8.299
  3.62668
  35.0937
  20.8544
  31.3018
  4.68595
  2.05744
  4.68186
  54.1252
  1.82123
  18.2823
   24.072
  7.06155
  34.5238
  12.5097
  23.5109
  36.0624
  15.8922
  26.9101
  25.4473
   2.3997
  16.7293
 0.041711
 0.593937
  24.9283
  6.13372
 0.375278
  4.68876
  2.72428
  14.7059
  9.90977
  2.16579
 0.102799
  31.1598
  40.7937
  61.3309
  17.0196
  30.0859
  37.2161
  20.5382
  1.29973
  13.8183
  1.33098
  2.50921
  2.20035
  22.2319
  1.20993
  34.1995
  19.6821
  22.9639
  17.9458
  4.12199
  0.20914
  5.70274
  22.6034
  13.0936
  33.0141
  3.39039
  17.5624
   18.132
  7.97727
  13.4208
  13.8426
  7.60557
  15.1636
   7.5409
  8.89554
  24.4076
 0.188423
  2.94634
  0.88875
  38.8556
  5.60147
   9.7685
  37.1762
  2.59375
  31.5025
  9.98578
  13.8141
  32.8619
  21.6795
  4.13416
  20.1943
  8.96845
  7.04331
  22.0166
  7.16102
  23.8762
  16.7658
  36.9788
  21.4091
  18.8591
  10.0557
  15.5462
  12.6309
   9.4412
  4.36627
  16.5011
  26.1625
  4.51784
  18.8289
  16.6885
  15.8256
  10.1356
  29.2209
 0.869935
  18.5011
  8.29755
  36.2099
  37.7321
  18.2965
 0.558839
   7.2974
  4.13811
  3.81936
  15.1856
  4.39276
  9.80949
  16.1924
  9.82582
  15.7273
  25.7363
  8.31919
  22.3324
  15.4987
  22.5077
  3.89242
  4.04752
   21.012
  15.4578
   6.4429
  1.60886
  4.02343
  9.32069
  9.24179
  14.8572
  17.2966
   13.674
  30.2655
  19.1979
  24.0102
  23.1177
  35.6517
  4.87603
  6.56757
   34.515
   45.946
  6.16839
  0.82613
0.0527223
  6.98811
  2.61175
  19.6142
  5.28913
  42.2319
  15.8465
  10.2221
   1.8123
  7.82282
 0.839528
  6.86324
  58.4051
  64.3894
  72.1387
  11.5353
  20.8404
   11.118
  3.18053
  24.8936
  3.40539
  11.9815
  6.36808
  19.4149
  4.43046
 0.485817
  3.26157
  8.23926
  1.99606
   39.064
  8.14941
  60.2038
   9.3714
  13.5186
  4.98178
  30.7502
  16.4998
  10.5444
  11.6336
  2.17551
 0.525345
  5.40502
  3.09147
  5.80968
  16.3052
  39.4766
   5.1809
  13.4084
  8.36217
   18.742
  11.5989
   10.901
  45.1381
  1.00476
  22.6362
  8.85758
  23.2382
 0.318601
  18.9808
  10.6191
  7.79864
  1.35388
 0.239177
   7.4629
  8.94651
  7.28255
  18.9892
  44.5365
   66.191
  9.55388
  5.81344
  20.6815
  5.50324
  13.6497
  4.94877
  6.04134
  38.7024
  60.4716
  10.9668
  12.6937
  14.2355
  3.56911
  24.0679
  6.77344
  70.0563
  17.1564
  74.6019
  1.00057
  1.46507
 0.994408
  4.75794
  17.7268
  10.9542
  69.1006
  34.6151
  8.52837
  24.4309
  1.72091
  6.48617
  21.7017
  28.1066
  58.8255
   16.922
  75.6312
  28.1414
 0.506793
  4.68408
  69.1838
  81.3749
  74.9101
  84.2191
  71.4071
  6.87432
     11.4
  19.5005
0.0435876
  65.9639
  72.4832
  71.5949
 0.437368
  27.8739
   80.077
  78.3686
  8.27575
  3.48723
  3.37177
  1.02393
  2.23472
  16.0712
   1.1233
  2.18718
  6.45035
   10.395
  6.87094
  4.21493
  6.72347
  1.54794
  21.2921
  16.2808
  21.3167
  46.4143
  38.0255
   2.2844
  20.5927
  27.8567
  4.65742
  76.8489
   6.0256
  8.43197
  18.5984
   5.9609
  1.01577
  6.92217
  10.7824
  4.14374
  6.43848
  3.92717
  1.27581
 0.396397
 0.190036
   6.3793
  1.33912
  15.5288
  25.6249
  5.17129
 0.375006
  71.6998
  4.70523
  11.3619
  14.1332
  7.80405
  3.82287
  6.83407
  7.97589
  7.80272
  10.4892
  11.3801
  4.77999
  8.97303
  3.90685
  14.9495
  68.6333
  8.17466
  72.4443
  66.5407
  58.6907
  59.1501
  65.0216
  67.3062
  61.8879
  57.5966
  32.7185
  36.3644
  37.2171
  66.2339
  73.6205
  65.2584
   67.492
  68.9702
  66.2604
  66.1486
   68.085
  53.0747
  12.3283
  11.3728
  61.3887
  60.3281
  56.0755
  81.9592
  79.5023
  67.7772
  72.1918
  63.9328
  6.58205
  52.9282
 0.863936
  79.0688
  71.7889
  6.95841
  5.11868
  32.4676
  46.5423
  58.4254
  8.32409
  59.5201
  56.3171
  59.6062
  51.9145
  72.7523
  69.4311
  73.2023
  57.9447
  81.7553
  74.9153
  71.0866
  51.5337
  52.8742
  60.8017
  61.5464
  48.8482
  10.0955
  15.8094
  55.5216
  56.0751
  46.4052
  62.4312
  63.8669
  73.0331
   76.811
  18.9066
 0.952008
  72.1056
  79.6385
  47.3511
  42.6643
  68.5319
  59.8047
  81.4365
  71.4684
  71.1516
  1.44608
  67.8174
  58.6907
  59.6567
  2.80552
  13.8162
  70.0768
  70.2284
  51.2809
  69.9837
  72.8139
  79.5539
  69.7181
  33.8461
  8.93917
  38.4048
  56.4918
  58.3522
  61.9044
  65.6244
  12.1202
  60.8297
   38.716
  57.6463
  72.5984
   58.719
  58.2898
  68.8789
  65.9396
  71.4107
  72.4942
   58.806
  66.9931
  59.8713
  32.8095
  63.3687
  80.7045
  72.7061
   81.384
  79.4931
  69.3535
  58.7432
  65.4487
  16.3893
  8.89787
  69.7088
  67.3164
  67.0205
  4.76989
  9.26483
  9.65528
   74.531
  64.4966
  67.7175
   67.714
  72.5099
  58.1939
  68.4257
  16.8272
  81.2592
  74.8783
  65.4816
  71.6181
  60.6492
   66.253
  67.1202
  72.0651
  63.1007
  73.8935
  47.5236
   48.579
  49.8856
   54.647
  36.5272
  26.6013
  6.59863
  79.7016
  72.8605
  70.0714
  56.0187
  58.8192
  14.9292
  8.80928
  69.6898
  81.3003
  28.4474
  67.9612
  31.5657
  71.2064
  55.9701
  28.8222
  63.4719
  29.3852
  38.0195
  70.7943
  43.8552
  69.3262
  65.9775
  8.16664
  69.6952
  34.1826
   66.753
  40.3521
  80.3653
  59.7914
  73.1178
  71.6547
  46.8015
  69.0335
  66.9988
  70.4049
  55.3014
  68.3566
  70.5169
   66.307
  58.2969
  73.4968
  49.8847
  40.0871
  52.6069
  11.0268
  50.1804
  59.7201
   38.124
  35.6524
   61.023
  23.7019
  23.8221
  9.38006
  50.4405
  61.3881
  54.9191
   24.644
  43.9225
  53.0361
  14.1475
  22.3473
  20.8603
  2.30173
  26.6955
  41.5177
  20.8514
  18.8837
  45.8796
  58.0942
  53.0074
  60.1501
  17.4369
   5.2152
  8.23505
  29.5948
  1.40595
  58.3067
  3.81461
  2.83944
  34.2644
  53.0069
  11.3487
  11.9881
  13.4046
  37.3046
  3.50639
  13.0467
   8.4011
  16.6329
  25.3259
  11.4854
    23.54
  23.8525
  13.8399
  6.89549
  16.7913
  25.6773
  27.7771
  45.2426
  54.8937
  38.5385
  8.25177
  11.0947
  24.5905
  25.6025
  12.0552
  22.8883
  4.93505
  3.13261
  37.2447
  25.3439
  36.3455
  8.64898
  2.83944
  48.7461
  49.2303
  48.9733
  56.6401
  23.0599
   6.5019
  37.7385
  31.9799
  14.4611
  23.9103
  3.44544
  37.7135
  16.6126
  16.0679
  64.9514
  60.5116
  23.9226
   14.493
   12.344
  61.5855
  68.2942
  6.01197
  8.64892
  5.36197
  48.0559
  9.43204
  68.1726
  30.7565
  17.6693
  66.6592
  59.7224
  65.4772
  71.2994
  59.5858
  69.9434
  30.6501
  9.10879
  15.8618
  51.0714
  52.7447
  70.5885
  14.0468
  14.7028
  17.7628
  70.2575
  46.8128
  57.5863
  3.46454
  23.1447
  2.26965
  52.3959
  62.2616
    62.46
   53.704
  37.7522
  32.6069
  3.69683
  70.8243
  58.3099
  44.6512
  11.7795
  72.7752
  67.7366
  7.50024
  1.88738
   68.331
  71.4311
   17.494
  71.8792
   70.784
   58.881
  20.2154
  2.88991
  61.9852
  50.8563
  63.5498
  60.7383
  5.23545
   70.928
   70.471
   2.0721
  34.0869
  72.8042
  31.7528
   33.762
  7.61663
  2.47139
  74.1604
  14.4178
  56.4791
  41.8922
   3.6829
  66.7629
  68.7542
  51.8701
  1.85747
  1.86877
 0.503864
  3.21923
  62.0244
  46.9601
   14.453
  56.1811
  33.0113
  71.1839
  6.26149
  13.3743
  8.18501
  51.5873
  28.7472
  4.81528
  18.5625
    29.59
  6.35204
  1.82708
  15.2616
 0.458285
  55.5129
  63.2633
  69.1517
  56.7495
  12.9876
  35.9296
  32.9969
  21.8901
  43.9891
  7.43698
  70.8387