  6.27078
  3.44377
  14.9086
  9.84677
  22.0091
  3.61043
  8.16233
  1.79392
  4.49347
  27.9751
  21.0039
  24.8825
  22.1835
  22.7442
  5.38331
  4.99924
  7.21876
  24.6959
  10.1175
   17.807
  17.7647
  8.32087
  12.5851
  22.3661
  24.1496
  32.9228
   35.767
  33.3834
  34.8402
  8.59743
  20.5784
  14.3632
   12.419
  16.3997
  10.5585
   8.9146
  9.64921
  7.36629
  2.63606
  7.96275
  2.52737
  16.8787
  8.72115
  7.06264
 0.998927
  6.94234
  46.6773
  63.8497
  48.5033
  52.4714
  65.9308
  17.0222
  3.53041
  4.75171
  1.87523
  1.54653
  12.4033
  36.0429
  22.8528
  35.2263
  43.0078
  18.4655
   7.5306
  8.57506
  19.8137
  7.10507
  7.49871
 0.205169
  6.90357
  11.3848
  14.9671
  2.56741
  1.25795
  1.79867
  1.53864
  12.4783
    7.368
   10.791
  9.58605
  0.58711
  21.6524
   18.696
  24.1416
  23.9549
  21.3081
  21.6964
  30.3423
  17.4949
  21.3775
  10.4641
  14.7082
  20.8797
  6.76251
    16.39
  24.3457
  2.09127
  15.3262
  8.56558
  3.56173
   23.401
   23.345
  5.40139
  22.6173
  23.3959
   28.882
  9.91348
  13.5009
   8.4495
  4.03718
  14.5435
  5.63363
  17.9351
  6.26263
  14.9656
  1.91149
  14.7407
  4.54581
  3.45657
  6.49233
  6.16115
  9.31922
  9.04346
  4.98889
  7.20023
  12.7315
  17.2801
  3.09321
  3.05252
  9.06818
  35.1455
  21.5345
  11.0596
  28.1077
  26.1969
   12.116
  25.7837
  20.5384
  25.7006
  23.1716
 0.392991
  6.05751
  2.95912
  7.38259
  6.74064
0.0747157
  24.7288
  22.2805
  15.4848
  23.2992
  11.4684
  15.6902
  3.47782
  8.10883
  11.7415
  17.2647
  23.7975
  14.5588
  14.9192
  5.26558
  12.0504
  14.7518
  5.64955
  11.4671
  2.26524
 0.736338
 0.113403
  17.0861
  27.2558
  51.0887
  12.7268
  17.2201
  18.3516
  21.0318
  7.33625
  23.0696
  23.0867
  23.7477
  1.24549
  6.90268
   10.777
  26.6037
  22.3678
  14.2246
 0.845273
  29.1717
  14.0063
  37.9557
  40.0126
  30.4968
  31.5072
  39.4919
  2.23449
  5.62424
  15.4575
  1.38856
  5.40957
  22.6766
  17.4949
  8.07828
   9.4693
   17.058
  4.37883
  22.2963
   4.3329
 0.666057
  15.9454
  2.19515
  3.70431
  0.10192
  12.5576
  9.11136
  1.94283
  16.8917
   5.1761
    2.602
  61.5317
  44.8665
   10.098
  39.5113
  14.7315
  3.04535
   8.4222
  14.8348
  9.23435
  31.5621
  40.3745
  13.5373
  18.4872
  3.77017
  1.13968
  2.82447
  2.87639
  16.7113
  1.17409
  19.2681
  1.11282
   5.6886
  11.6584
 0.938097
  15.3733
  7.75634
  4.03812
  6.24708
  9.74694
  20.8564
   39.924
  20.4032
  28.1882
  28.2069
  21.6684
  17.6826
  27.3144
  12.4407
   11.849
  3.53376
  23.1945
  15.5606
  21.3134
  17.8879
  10.9786
   14.822
   22.258
  18.9168
  31.8664
  25.3471
  6.90002
  15.6375
  7.45981
  5.20631
  1.85356
  3.71391
  16.3628
  9.87305
  15.8748
  15.0548
  15.1511
  2.18143
  1.12842
  6.12427
  8.59157
  1.00538
  7.75357
  7.00554
  10.5553
  21.5314
  19.9235
  11.0294
  26.1496
  24.4709
  7.80621
  22.2148
  35.5101
  22.2053
   17.513
  20.6023
 0.518838
  7.14568
  10.9156
  8.45513
  2.88629
  7.63787
   2.4963
  3.64388
  15.5951
  13.6133
  9.69903
  18.8035
  19.4731
  10.1135
  3.72418
  16.7761
0.0395768
  10.1734
  13.3161
  13.7683
  1.17045
  2.75731
  13.0837
  5.39099
  3.29167
  38.0172
  46.2493
  39.7095
  2.38611
  7.02241
  17.7741
  6.64436
  10.4341
  5.91447
  7.19367
  3.50461
  67.5228
  10.7896
  16.5433
  28.5693
  6.47706
  15.9257
  29.4968
 0.352355
  7.41064
  3.61198
   29.152
  9.80295
  3.51834
  8.01828
  36.6246
  2.38748
  5.91847
  24.8273
  7.58969
  2.28036
  14.0173
  4.47757
    6.394
 0.814392
  1.15348
  17.5021
   18.747
  14.3718
  10.9111
  3.53247
  16.0789
  11.3056
  10.0431
  11.8359
  1.74871
  9.49111
  8.38165
  21.9338
  25.2548
  18.4098
 0.721678
  6.01695
  14.2343
  29.6951
  20.6027
  14.2479
  28.7379
  25.1363
  13.0312
  11.3959
  11.6806
  8.68543
  23.6985
  5.37764
  12.5845
  3.49325
  3.88687
  6.13078
  12.8861
  12.9687
  14.8313
   16.101
  6.50907
  15.2136
  9.61378
  8.63543
  14.2064
    5.133
  5.14152
  30.9999
  13.0582
  16.4956
  22.7745
  6.73766
   16.971
  18.8595
  37.8112
  27.3275
  20.3113
  4.09878
  8.16199
  7.90309
  5.20583
 0.799627
  8.63386
  14.0512
  8.39841
  9.54004
  17.5095
  18.9106
  7.90765
  12.2606
  34.9341
  3.33247
  15.3418
  15.1705
  5.80395
  6.97881
  2.34586
  12.1865
  4.42085
  53.9461
  61.3544
  54.7964
  8.15017
  16.7038
  4.78491
  13.4745
    13.22
  2.38611
  17.9324
  46.4883
  1.74653
  1.04754
  13.7018
  30.5993
  15.9135
  8.17818
  15.1011
  21.1245
  7.46203
  28.4028
  17.2015
  25.6773
  38.3203
  24.6177
  2.09438
  11.7843
  11.4812
  15.7894
  13.8345
  3.25652
  2.02525
   16.458
  11.6941
  2.44903
 0.139541
   14.946
  16.4145
  9.02063
  17.9754
  26.1145
   18.863
  11.6218
  14.8737
  18.5769
  12.5734
  18.7898
  11.3882
  8.76373
  12.8503
   1.6892
  12.5783
  31.4961
  3.56248
   25.743
  20.4754
  21.8784
  22.2618
  38.3342
  4.23826
  3.09091
  1.22308
  7.05831
  15.8799
  10.3069
 0.942307
  4.83748
  6.24335
  7.12987
  25.4512
  10.2392
  7.79111
  12.7771
  8.70195
  3.20778
  15.2228
  16.4509
  2.10486
  54.4505
  51.5813
  12.1953
  14.3268
  8.28069
  12.0365
   2.4848
  57.4107
  40.3385
  11.4896
  18.6971
    16.94
  14.3654
  17.2639
  3.51401
  12.7031
  11.2517
  6.42409
 0.620604
  11.0654
  9.52564
  5.17471
  12.3691
  41.6491
  27.7713
  21.9333
  30.6569
  10.4848
  30.2516
  39.2435
  26.5527
  12.6276
  32.9399
  42.9141
  42.2383
  10.3814
   42.059
   12.351
  33.3424
  22.0539
   36.787
  24.0236
    44.15
  32.6404
   17.729
  24.2892
  13.5898
  41.5352
  1.12955
  27.5114
  32.0099
  59.7104
  13.9068
   12.071
  3.05203
  13.4173
  41.2893
  7.49303
   32.603
  9.82505
  2.71309
  16.9276
  7.39178
  40.1868
  10.0529
  14.2722
  8.33597
  4.16516
  22.7603
  29.3372
  24.0978
  5.86364
  27.8679
  16.6656
   18.296
   41.844
  20.0868
  37.2448
  40.9535
  28.5594
   25.167
  30.3927
   34.225
  45.9299
  41.3876
  36.2871
  9.31754
  18.6548
  31.6041
  37.9936
  22.2674
  28.3345
  37.0597
  35.1789
  25.4962
  28.2367
  7.38386
  2.94491
  13.1717
  5.34366
  31.7118
   15.366
  30.6055
  38.0405
  29.3781
  20.9473
  34.2615
  17.6471
  27.9723
  20.9097
  19.9781
  6.87268
  33.8593
  17.2343
  39.1054
  10.2723
  22.6538
  20.4352
  11.6304
  9.56227
   14.015
  34.0922
  12.4804
  20.6007
  30.1695
  31.2789
  41.1714
  41.7959
  9.07647
  4.59763
  22.5743
  40.7139
  25.1822
  31.2024
  28.4557
 0.972623
  36.1479
  23.4309
  3.90393
  28.4289
  5.88047
  4.64655
  3.05586
  30.7328
  42.8259
  22.1358
  5.85527
  16.8264
  29.8656
  13.6723
  3.48899
  40.3141
  20.4808
  36.3614
  28.0977
  24.8504
  16.2061
  9.27576
  8.85033
  57.6122
  33.4251
  26.3044
  9.57934
  35.0293
  29.8641
  22.9448
  2.10304
  3.62987
  25.4773
   14.019
   18.932
  5.41069
  6.49117
  27.9027
  13.6621
  67.8408
  29.7455
  30.9386
  8.69533
  30.8353
  28.6819
  54.5292
  41.3642
  17.6934
  35.2772
  26.9795
  22.4488
  27.9864
  22.2655
  28.3688
  4.77699
  1.96777
  30.5903
  22.6099
  30.9979
  29.6195
  22.2296
  30.4403
  38.3729
  28.8792
 0.212945
  21.7789
  39.7262
  38.1562
  34.0037
  12.9118
  26.7065
  10.9834
  28.7653
   41.579
  7.45126
  11.5754
  22.0013
  23.3564
  1.97902
  1.30256
  27.1385
  36.6872
  28.1017
  20.2056
 0.212046
  22.9317
  41.9003
  23.9945
  45.4155
  1.60456
  27.2432
  51.5415
  35.5885
  27.3824
  9.76357
  39.4293
  45.8251
  50.9616
  30.7446
  18.0533
  18.3674
  30.6584
  30.9617
  45.9466
  9.78393
  8.28878
  39.7265
  13.0346
  22.7505
  20.1702
  11.4566
 0.420751
  21.1868
  24.6186
  31.2676
  10.6657
  40.8138
  59.0566
  49.1166
  31.5347
  5.41192
   35.819
  25.4036
  29.0411
  23.5366
  25.9912
  23.1195
  15.7005
  1.55614
  42.0208
  6.27566
  19.0716
  8.26337
   23.484
  3.93197
  2.65346
  19.6085
  40.3396
  30.0468
   29.602
  12.1027
  26.0711
  15.5847
   1.5307
  8.57438
  16.8141
 0.716549
  35.1175
  19.5759
   31.813
  15.4149
  1.30045
  1.54479
  14.1766
 0.162796
  8.32377
  21.0984
  7.58715
  9.15643
  4.11652
  36.5732
  6.41283
  1.16514
 0.306126
  10.9675
  26.5599
  14.3882
  0.54602
  49.2322
  1.62089
  16.8633
  7.25421
  5.87944
  34.3683
  15.4546
    17.47
  29.3329
   35.841
  17.4478
  18.9907
   3.0082
  40.0776
 0.102414
  7.04412
  26.8741
   16.749
  10.7115
   5.0895
   2.9528
  9.99721
 0.213724
  8.91636
  14.0966
  3.52972
  19.0462
  13.5703
  7.35187
  3.07854
   27.626
  5.62347
  12.1276
  21.4486
  5.30586
  2.49532
  8.31082
   11.208
  8.90309
  7.46215
  25.7693
  15.3629
  32.2758
  40.5675
  22.2557
  34.4399
  17.0011
  22.1415
  10.3577
  45.1595
  5.86571
  19.4488
  3.27668
  7.07094
  7.79003
  24.5554
  3.81571
  6.46721
  13.2728
  39.3259
  28.3581
  15.7671
  38.7946
  26.0591
  32.8326
    15.44
  3.95912
  1.18595
   28.455
   19.283
  37.1066
  27.8988
  43.1512
  11.9901
  5.20922
  37.0919
  11.8127
 0.995919
  12.2192
  18.6656
  13.1346
  12.2012
    11.91
  34.0173
  8.19025
  3.44466
  6.90415
0.0309825
0.0116825
  28.2404
  28.6539
  38.8149
  34.1314
   17.491
 0.981808
  6.63098
  32.0917
  12.3202
 0.410032
  7.64929
  26.4975
  23.6861
  17.9306
  25.3978
   26.694
  7.44259
  35.1644
  39.1056
  31.0615
  37.6726
 0.902947
  32.2138
  19.3287
  9.96822
   1.3702
  5.14196
  7.11901
  44.2131
  4.32135
  13.0384
  9.95482
  11.3732
  31.6677
  25.1195
  8.42707
    9.578
  12.1075
  18.5995
  19.6565
   17.836
  26.2309
   41.355
  2.83848
  33.5625
  35.6094
  19.2478
  22.5964
  1.84371
  2.17873
  12.8953
  18.5507
  8.33513
  0.19804
  5.68067
  20.9929
  2.65281
  3.25559
   36.767
  24.1074
  12.7901
  10.3469
  2.60681
  15.1067
  23.1875
   12.728
  4.47134
  11.8114
  41.8454
  12.3125
  8.54252
  9.88355
  42.1018
   8.0439
  15.8654
 0.688619
  41.4494
  11.5257
  7.80566
  29.8493
  4.30361
  60.4261
  4.46176
  24.4526
  28.6411
   6.1257
  4.20343
  6.27002
  15.8422
  5.20261
  13.3248
  17.8207
  9.13818
  14.8157
  11.4914
  9.47895
  36.0452
  4.80308
  7.60782
  8.13952
  7.78053
 0.298046
  19.0468
  12.3543
  17.7904
  12.7655
  4.02472
  17.8538
   13.375
  3.49602
  12.1994
  11.2643
  2.39227
  1.30637
  5.36951
  2.38368
 0.811191
  11.6857
  10.9001
 0.321729
  16.2113
 0.234463
  14.8939
  8.11574
   3.1753
  12.5668
  20.3231
  9.45459
  11.6497
  7.89273
  7.80311
  26.2458
  27.0382
   14.068
  11.4301
  12.0438
  6.19148
  5.01434
  16.3645
  3.46001
  26.1097
  26.5852
  23.7491
  13.9388
  8.92926
 0.662619
  7.90897
  10.0565
  18.6489
   23.168
  30.2442
  5.62463
  19.0215
  9.80418
  13.9799
  10.5406
  29.7612
  14.4727
 0.234463
  25.5797
  10.4629
  22.3321
   12.539
  4.42377
  32.0271
 0.553414
  34.1621