0.234064
 1.63984
 2.32861
 3.53585
 5.22734
 5.47114
 5.88133
  6.9279
 7.67563
 8.11006
 8.40033
 9.78241
 10.7066
 10.9504
 11.1464
 11.6304
 11.7591
 11.7711
  11.883
 12.2675
 12.5366
 13.2961
  13.697
 14.7257
 14.7268
 14.9735
  15.402
 15.4177
  15.465
 15.6165
 15.6354
  15.674
 15.9202
 17.1717
 17.2692
 17.2794
  18.095
 19.1863
 19.3333
 21.1497
 21.4335
 21.9194
 21.9994
 22.2028
 22.3157
 22.3195
 22.3361
 22.6823
 22.7847
  22.788
 22.9803
  23.697
 24.1335
  24.566
 24.6316
 24.8197
  24.975
 25.1285
 25.2437
 25.2818
 26.2918
 26.3472
 26.3488
  26.408
  26.952
  27.166
  28.399
 28.7055
 29.1674
 29.9871
 30.0722
 30.2827
 32.2839
 32.5144
  32.889
 33.2802
 33.5036
 33.5932
 33.9057
 34.3009
 34.3148
 34.3276
 34.3821
 34.7815
 35.4098
 35.5194
 35.6003
 36.1746
 36.3109
 36.4386
 36.4409
  36.457
 36.6481
 36.7282
 36.7399
 36.8985
 37.8456
 37.8861
 37.9294
 38.0162
  38.453
 38.6331
 38.8098
 38.8397
 38.8591
  39.161
 39.2821
 39.3792
 39.4354
 40.1156
 40.1778
 40.5208
 40.8835
 41.3157
 41.3547
 41.3703
 41.5951
 41.5992
 42.0068
 42.2318
 42.3322
 42.5049
 42.5612
 42.5834
 42.8929
 43.1639
 43.1788
 43.4384
 43.8578
 44.9143
  45.451
 45.8804
 46.2044
 46.2271
 46.4086
 47.1832
 47.2369
 48.4869
 48.6572
 48.9963
 49.2875
 49.5149
 49.6657
 50.0722
 50.1091
 50.3286
 50.3468
 50.8517
 50.9144
 51.0958
 51.3285
 51.4781
  51.513
  51.673
 52.1369
 52.1478
 52.7231
 52.9342
 53.1209
   53.13
 53.4465
 53.5487
 53.7266
 54.2182
 54.2759
 54.3365
 54.4937
 54.5345
 54.5349
 54.9057
 55.0298
 55.1557
  55.199
 56.6235
 57.1892
 57.4489
 57.5181
 57.9495
 59.0096
 59.1741
 59.2412
 59.4082
 59.7478
 59.9254
   60.32
 60.6185
 60.9662
 61.0855
 62.3319
 62.4049
 63.6023
 64.0376
 64.0814
  64.129
 64.3801
 65.4736
 65.8216
 66.3523
 66.9926
 68.2618
 68.6297
 69.0764
 70.4311
 71.1029
 71.6435
 71.8071
  71.988
  72.208
  72.734
 72.7682
 72.7818
 73.0644
 73.1517
 73.4936
 73.6844
 74.9706
 75.1821
 75.3764
 76.2489
 76.2853
 76.5975
 76.8804
 76.9129
 77.5739
 77.9354
 78.1121
 78.2908
 79.2558
 79.9011
  81.251
 82.3387
 82.4742
 82.9209
 83.0443
 83.8093
 83.8229
 84.5593
 84.5701
 84.9601
 85.7467
 86.3054
 86.4234
 86.8517
 88.2152
 88.4344
 89.2057