    93.4463
    69.2326
    75.0028
    63.3887
    87.7884
    50.5848
    54.3607
    56.4737
    66.2226
    50.0996
    67.6893
    24.7309
     17.798
    25.7046
    65.6225
     67.519
     84.397
    62.7657
    62.5271
    55.7393
    56.8214
    79.8339
    84.7335
    80.5305
    85.8351
    61.9179
    56.8208
    59.8376
    66.8276
     54.943
    80.3797
    11.6781
    13.0722
    16.0165
    19.1157
    101.782
    70.5949
    62.3206
    18.5729
    14.6339
     49.459
    56.1452
    47.9524
    50.7541
    85.5244
    15.8561
    61.7494
    57.3573
    100.064
    79.3517
    89.0709
    105.329
    60.3299
    60.3931
    63.7599
    82.7246
    87.6719
    49.5979
    54.3063
    56.8213
    54.8939
    92.9504
    83.9508
    56.3512
    62.1967
    71.3344
    13.1583
    9.24891
    17.8916
       15.4
    16.8546
    30.9897
    25.1072
    45.9985
    96.2408
    85.1103
    52.0027
     89.815
    62.0293
    86.9809
    55.4389
    58.1835
    62.7689
    58.9783
    57.4571
     57.307
    65.1827
    7.71678
    15.2009
    20.4199
    25.4558
     36.245
     55.788
    60.8837
     60.885
    11.2985
    27.4821
    89.3648
    65.0828
    52.9146
    47.6175
    68.3527
    63.2311
    58.4342
    20.3885
    11.8328
    37.0727
    4.03395
    6.66876
    5.95547
    3.58068
    44.3497
    3.64822
    4.47896
   0.823602
    81.5443
    38.2582
    10.4898
    1.61717
    17.7206
    7.48347
    11.7478
    32.5644
    14.9674
    14.7455
    35.4736
    30.7991
    11.4715
    8.76719
    5.33217
    24.5127
    32.2954
    40.7172
    43.1948
    29.2075
    14.1032
    8.36581
    33.1348
    24.2102
    19.6799
    39.6783
    34.3775
    43.1877
    16.8649
    35.4731
    23.7515
    9.84995
    11.3353
    68.6469
    38.1339
    70.3233
    46.1641
    18.1641
    15.9598
    60.1479
     12.583
    18.4659
    12.0801
    19.0551
   0.800481
    3.95419
   0.390765
    33.6547
    17.0839
    8.00804
     12.488
    7.59599
    10.9412
    17.9702
    19.2801
    34.3943
    11.4744
    22.6235
    2.86176
    47.4703
    18.6576
    22.9288
    7.75993
    26.5121
    38.0638
    18.2873
    35.6204
    15.2454
    2.96102
    10.1694
    15.8902
    1.06578
    37.6337
    13.4939
    7.69117
    37.2246
     10.041
    4.86986
    1.69842
    1.99178
    83.2465
    9.64071
    13.6111
    11.0408
    12.6578
   0.423492
    10.4679
    14.8814
    4.46476
   0.276986
    51.8104
    38.3119
    85.3803
    12.1273
    53.3286
    35.2745
      9.239
    51.3334
    47.6713
    7.17403
    4.39703
    3.75563
    14.1162
    6.95017
    4.98146
    53.7473
    41.9209
    18.3001
    13.2641
    55.8323
    56.2435
     46.527
   0.840193
    4.72024
    10.4355
    12.1669
    15.1781
    8.47402
    6.68189
    8.26048
    26.3179
    17.2259
    29.7076
    12.2974
    12.1023
    17.7079
    53.9401
    12.3643
    14.2834
    11.4898
    9.70271
    41.1026
     9.0604
    29.7917
    31.8795
    22.2545
     18.585
   0.414691
    2.70634
    9.80705
    53.2878
     31.052
    12.0237
    11.5344
    12.3793
    37.1825
    22.3984
    30.5165
    8.38166
    50.2196
    8.99861
    28.1381
    17.0736
    14.4398
    25.8837
    1.52698
    15.2029
    21.8279
    63.3727
     69.337
     21.033
    29.9671
    65.2005
    66.4107
    69.5907
    20.4145
     30.878
    14.8813
    21.7323
    30.1342
    16.0607
    16.6575
    4.02961
    11.5446
    24.6021
    12.3305
    30.6907
    15.1459
    14.4968
    36.0939
    30.9365
    29.8751
    24.2336
    25.0965
     12.235
    24.4265
    29.6319
    15.2417
    41.2598
    15.0803
    24.6595
    41.1994
    12.5133
    3.75297
    3.61846
    41.5073
    3.02208
      6.248
    17.7876
    21.4309
    54.0184
    19.5002
    23.0852
    19.3598
    1.34411
    18.4059
    33.1395
    27.8686
    1.05155
    47.8583
    66.0141
     15.333
    9.73627
    8.47771
    30.5965
    14.8328
    4.90852
    27.2453
    64.0622
    63.6702
    9.75965
    17.7419
    13.7859
    12.3512
    1.78862
    18.5629
    10.1151
    17.6525
    9.72341
    26.4782
      11.02
    3.78242
    6.54154
    2.25752
    23.1028
    32.1771
    49.6849
    41.3101
    39.9401
    27.2378
    9.67027
    77.4069
    1.91356
    3.58883
    49.9079
    45.9228
     9.4239
    30.7487
    23.1824
    26.7232
    17.7406
    8.33765
    5.26698
    5.24991
    10.9851
    17.5006
    10.8835
    65.0055
    23.3819
    54.1223
    20.4414
    72.6297
   0.721585
     37.301
   0.444378
     1.3347
    23.9554
    53.6759
    34.5365
    33.0259
    62.7906
    32.4507
    23.4923
    62.1253
    18.9746
    33.6453
    4.30708
    9.64676
    4.55322
    23.1647
    8.24204
    12.8523
    17.3323
    2.82065
    38.1663
    24.5461
    20.0705
    10.2329
    11.1157
    22.6758
    10.3075
    14.2151
    38.4527
    9.29849
    14.5623
    24.0861
      24.34
    9.15975
    16.5773
    6.04081
     12.714
    9.66763
    16.0324
     57.686
    28.3434
    11.4182
    10.3749
    11.1939
    45.3591
    18.5044
    23.7998
    35.0628
    43.6074
    25.7697
    31.0404
    16.2024
    34.2123
    23.8068
   0.470797
   0.327475
    12.5066
    15.4198
    21.3111
    2.44316
    64.4992
    58.4768
    31.8524
    34.5235
    2.82264
    31.4897
   0.860461
     20.646
    22.2758
     20.641
    17.8913
    16.0386
    26.5293
    22.6351
    32.3276
    18.3511
    30.2491
    37.4001
     12.504
     27.121
    49.3697
    22.8883
    21.4577
    9.86976
    48.0208
    28.0698
    21.2753
    17.0751
    59.5218
    22.7199
    36.5878
    15.2543
    25.6273
    3.55905
    17.5443
    15.9875
    3.48018
    6.94571
    13.7444
    22.5948
    28.5941
    4.25485
    25.4733
    13.4775
    15.0087
    8.93369
    33.0951
    11.5345
    37.8401
    10.6936
    2.20123
    26.6528
    20.5794
    15.8976
    4.37187
    22.5245
    9.28167
    8.28944
    75.7967
     25.533
    21.3398
    9.22877
    19.6553
    34.8342
    0.12091
    8.59896
    19.0696
    36.1796
    17.4953
    7.31389
    4.66117
    40.6825
    25.5323
    22.7081
    4.10514
    10.2564
    59.1316
    37.3847
    18.9643
    51.6076
    39.1314
   0.194275
     8.3178
    33.5183
    15.5715
    10.4104
    6.91393
    8.68681
    12.4666
    13.4907
    10.2069
    85.5384
    17.3439
    40.5976
  0.0405783
    3.85657
    26.5588
    35.3477
    35.1594
    31.1506
    27.1461
    27.9184
    21.9918
    25.9607
    26.1927
    21.0908
    34.0054
    7.36386
    69.6239
     11.635
    7.89612
    30.6625
    20.5659
    23.3865
    19.2807
     4.0621
     3.1265
    16.7594
    24.7211
    17.8251
    21.0702
    1.12845
    27.5311
    3.80984
    5.22472
    49.4083
     36.877
    6.04255
    29.1027
     39.484
    13.2218
    10.9018
     25.236
    24.0477
    45.2107
    20.7752
    20.3105
    3.04636
     20.306
    44.8609
    43.2491
     15.343
    49.9605
    3.90254
    20.6935
    51.0256
    34.0611
    19.1557
    34.0306
    10.0107
    1.19485
     46.601
    13.3589
     31.549
    33.3101
    18.5878
    62.8633
    10.2404
    9.72853
    4.67199
   0.409929
    5.15897
    3.43013
    6.72958
    10.0336
    31.2248
    20.2268
    81.5402
    20.5529
    2.99609
    11.5966
    50.0554
    23.8369
     29.604
    9.02092
    30.7554
    8.36898
    8.45158
    13.3636
   0.844968
    9.08046
    8.42549
    15.6713
    21.7105
    13.6253
     59.706
    23.5438
   0.218441
    26.4043
    33.5918
    6.97542
    58.2415
    28.8114
    23.2398
    24.4949
    6.98761
    70.8816
    33.1891
    38.6135
    42.0705
    29.1613
     39.274
    4.37825
    8.27925
    45.3291
    7.80301
    16.3965
    40.9773
    61.1981
    30.0763
    39.7854
    37.0008
    8.79012
    16.7361
    10.1244
    6.21373
    9.72558
    25.2415
    3.99266
    1.90394
    50.4513
    48.2187
    50.7794
    15.3216
    27.3178
   0.448195
    54.8488
    31.7643
   0.276014
    9.96992
    8.01431
    3.65843
    2.59989
0.000706972
    14.5987
     10.423
    3.01095
    12.3209
   0.599216
    13.0737
    21.8895
    21.3839
     29.056
   0.744028
    34.4791
    6.36348
    9.49315
    1.80105
     19.051
    22.9218
     26.768
    32.6866
     24.384
    18.8404
    42.5985
    4.08296
    34.9514
    15.5435
    22.0393
    4.79083
    2.97619
    7.93594
    20.2554
     26.219
    17.9086
    10.5452
    10.8826
    28.0663
    19.1546
    3.08517
    6.19383
    24.4835
    15.7728
    19.1769
    2.36919
    18.3435
    26.9361
     22.739
    37.2804
    21.3487
    11.6578
     22.175
    32.1466
    26.7476
    21.6097
     40.612
    6.20296
    24.1458
    29.6167
    23.3244
    65.8757
  0.0857449
    22.2962
     24.922
    19.4431
    6.04378
    4.92594
    36.1558
    29.6509
    59.0928
    39.0847
    1.86905
    5.53604
    20.4435
    25.7652
    16.5964
    17.5854
    18.9272
    1.58304
    16.4599
    7.90794
    6.05029
    17.6733
    83.0063
    26.4075
    9.38578
    6.54312
    15.2577
    17.9211
    13.8026
    53.2663
   0.111976
     7.9429
     29.332
    14.7341
    22.5596
    60.7646
    21.2745
    22.2041
    16.1494
    7.51939
    3.00553
    1.39306
    14.1904
    2.43905
    31.8826
    28.0012
    33.8625
    15.5169
    20.5841
    15.4866
    8.19208
     16.316
    10.8528
    10.1958
     35.391
    32.4241
    12.4795
    17.4382
    35.9604
    2.26438
    26.0565
    8.34799
    13.3534
    31.8493
    30.4332
    33.6079
    8.79012
    11.6473
    16.0668
     14.368
    37.9214
    13.6483
    17.1971
    2.83038
    3.53383
    33.5227
    24.7586
    5.79898
    24.5728
    1.55929
    3.11997
    1.02242
     1.8772
    8.49699
    9.06755
    76.1066
    35.8882
    26.5522
    15.3995
    27.5098
    7.47203