  16.8944
  15.6967
  12.5758
  8.84231
  16.8004
  10.4588
 0.983262
  9.16869
  16.8268
  7.75454
  1.52783
  6.35752
  1.47493
  21.1509
   21.441
  21.8308
  5.35402
  8.61887
  23.0887
  22.9397
  23.2333
  14.8113
  12.3736
  10.0394
   20.137
  18.1764
  10.0525
  23.3806
  12.5004
  9.33971
  18.3363
  20.8517
  16.8669
  18.7681
  32.2987
  1.22633
  4.65275
  18.6429
  26.5059
   19.796
   22.354
  13.2029
  13.1894
  10.3692
   1.5201
  5.48682
  8.97466
  8.97219
  10.2463
  9.06175
  10.5085
  15.5011
  2.02844
  10.6426
  4.88055
 0.546241
  3.62487
  11.6877
  5.12409
  4.16748
  5.77243
  31.4718
  5.23481
  5.88794
  15.0126
  15.2254
  11.7401
  13.4803
  26.4855
  24.9653
  3.64112
 0.325248
  19.8421
  13.5769
  6.36313
  19.2762
   4.0936
  15.6985
  18.0192
  8.70838
  20.5368
  6.70414
  6.85908
  16.8976
  8.89487
  5.00981
  18.2983
  5.86363
  5.81792
 0.148219
  6.68704
  5.80317
  1.78226
  6.20206
  13.2872
  7.82484
  7.92905
  11.4785
  12.1918
  7.81094
  8.00884
  3.01819
  3.05866
    12.43
  4.93347
  14.5838
  8.92638
  1.79124
  1.17912
  8.87446
   7.1841
  11.8261
   1.0891
  11.0469
  2.23393
  1.37204
  14.9862
  3.26507
   4.0816
  9.14633
  16.5703
  9.44574
  10.6104
  2.33672
   21.378
  4.15484
  15.1456
  7.32202
  3.76188
  3.27593
  4.14984
   1.2681
  7.51324
 0.882769
  14.1972
  7.32319
  17.4037
  10.9679
  18.4521
   27.674
  18.7926
   23.222
  1.55876
  1.85021
  11.4234
  4.80193
  2.57114
   4.0926
   6.5133
  5.78499
  19.0354
   24.884
  4.98529
  3.13749
  8.53822
  3.73846
  24.4461
   9.2671
  11.4775
  11.4807
  26.7768
  1.44818
  6.58917
  11.7777
  13.5267
  11.8186
  11.6849
  5.89176
  10.8647
  22.9866
  1.38961
  7.36434
  7.42038
  7.43563
  8.57958
   8.4349
  9.89834
  14.3922
   5.2478
  12.8574
  15.7784
  16.2034
  5.93034
  10.4892
  12.2469
  19.1176
  14.5609
  4.79198
   2.5531
    9.295
0.0964866
 0.553116
  5.19528
  13.9555
  4.38637
  4.55764
  24.6067
  6.52603
  1.20892
  8.71469
  14.4097
  21.7644
  9.03339
  18.1155
  8.45646
  6.99073
  14.2431
   19.435
  4.50975
 0.636867
  7.18939
  7.13294
  16.0907
  11.8833
  6.70021
  2.85962
  8.19131
  8.16211
  8.63377
  5.34542
  1.76409
  17.2779
  15.1328
  6.46876
  2.73571
  10.6234
  3.75308
  1.54668
  8.05337
 0.136687
  7.74323
  5.57144
  11.2373
  12.1202
  7.58027
  1.66916
  5.96886
  4.17528
  24.9125
  18.2854
  1.61533
  15.7919
  8.48182
  14.8934
  17.1893
  13.0306
  1.62282
  5.49537
  5.01177
  11.5261
  19.2944
  7.14703
   6.2108
  16.5549
   8.3472
  15.8749
  4.77635
  11.8924
  4.57788
  15.0807
  1.50789
  1.94915
  12.0128
   1.4907
  13.6392
  22.3842
  2.09387
  11.5931
   13.448
  5.56454
  18.9245
 0.266258
  22.3339
  5.61885
  3.93043
  3.20044
  12.8178
  2.29254
  16.6307
  36.0796
  28.5429
 0.815809
  3.40749
   23.679
  7.31907
  12.8733
  11.6573
 0.383458
 0.699024
  24.7071
  22.9137
  5.16654
   11.872
  3.20019
  7.42746
    1.959
  7.93173
  16.3477
  11.0194
  5.10201
  19.6471
  1.00134
   8.2134
  6.76396
   8.6456
  6.22771
  9.59791
  20.4706
  22.3091
  8.78147
  12.0347
  16.1376
  7.15981
  7.41911
 0.629745
  5.42428
  5.69549
  20.0263
  6.40463
  18.8768
 0.690377
  6.05213
  11.8183
  4.09162
  15.5343
  11.7234
  9.66588
  10.2159
  4.10131
  3.79694
  3.61567
 0.976088
  7.28857
  24.9841
  4.13528
  1.23661
  6.34621
  14.3084
  21.7655
  18.6575
   13.358
  9.65791
  4.82976
 0.908917
  4.03579
  3.75326
  16.2335
  8.44957
  0.96565
  2.62274
  8.37149
   22.885
  17.7567
   6.4081
  12.0615
  18.9493
  10.4592
  10.4531
  1.79347
   3.7229
  5.38481
  24.6335
 0.534797
  18.6152
  5.73663
  14.7161
  2.94745
  2.11841
  6.17275
  13.3579
  22.1097
  36.8662
 0.269929
  3.73821
  13.5212
  6.74562
  6.12121
  6.67558
  5.59861
  12.3388
  13.0219
  9.22418
  15.5304
  3.15955
  12.1835
   1.9172
 0.521212
  8.76398
  6.98621
  11.5174
  12.4244
  15.2746
 0.478488
  1.85691
  4.91894
  3.97719
   8.8338
  5.50574
  21.8398
 0.557207
  17.1208
   7.0777
   1.1103
  5.30712
  16.7395
  11.3192
  2.02224
  4.80426
  5.65841
  1.34253
  5.98765
  7.79354
  5.73277
  3.67631
  4.52735
  3.75763
  6.65995
  16.7447
  22.6479
  9.67341
  12.9078
  29.6049
  1.85662
  17.3049
  9.40638
  6.51258
  19.7948
  20.3962
  18.8853
   19.831
  8.62488
  13.9835
  11.3135
  9.57224
   19.398
  7.75009
  4.75302
  10.9167
  14.5754
0.0195601
  7.34492
  12.0339
  8.59575
  8.60443
  14.3716
  9.85261
  13.7611
  11.9759
  3.90975
  13.1822
   4.3379
  1.38672
  2.76615
    3.346
   14.436
  26.2741
   7.7292
  4.67817
  15.5526
  12.4508
  4.71827
 0.321269
  14.7022
   6.0198
  2.91519
  10.8283
  11.8373
  4.59061
  17.3479
  1.46714
  14.9971
 0.101408
  15.2529
  21.4679
  31.6885
  1.92061
   7.2569
 0.584697
  13.2104
  17.4382
  16.3283
  14.7528
  8.93771
  15.0798
   12.123
   16.601
  14.5165
  12.7754
  1.78873
  6.70557
  3.90077
 0.943079
 0.220873
   17.451
   16.968
  3.39722
  2.98315
  7.67271
  4.16364
 0.106957
  15.5343
  5.76487
 0.846015
  3.54467
 0.972484
  3.52878
  20.5693
  7.29288
  7.06966
  1.36474
  1.32293
 0.671672
  1.93694
  6.92992
  22.3037
  6.29657
  7.00302
  10.7285
  13.0289
  6.71918
  11.5385
   3.6666
  1.82238
  4.89871
  15.7869
  16.7772
  14.8589
  3.10849
  14.9307
  10.2936
  4.25151
  1.64057
  6.05287
  9.38603
 0.950995
  13.8204
  9.09264
  12.9967
  7.03357
  10.8483
  12.3334
   6.3223
   9.8928
  5.52064
 0.994175
  16.2471
  18.2852
  8.53083
  8.65083
  1.17045
  15.3095
  1.43282
  13.5519
  9.54087
  7.30964
  10.1613
  6.12946
  19.9107
  1.58827
  8.08329
  13.3323
  1.53859
 0.326655
  17.7103
  16.0798
 0.295932
  5.25616
  4.03064
  17.5801
  6.47676
  9.17424
  7.70769
    7.447
  11.0368
  16.3364
  15.8814
  13.9989
  15.1839
  15.9998
  25.6815
  16.7575
  8.20109
  7.17397
  14.2856
  9.34601
  3.73067
   7.9039
   12.879
  17.1594
  17.6006
  14.4869
  3.32502
  3.16741
  18.8404
  6.91365
  13.2437
  11.1278
   2.0197
  12.3055
  14.6506
  4.05094
  11.6289
   14.125
  16.2995
  15.4507
  15.5535
  7.82292
  10.9808
  1.42758
  5.07654
  2.84507
  13.3529
  10.8667
  8.90132
  19.4986
  4.97921
  12.8898
  5.47621
  2.12151
  6.93949
 0.407554
   7.2097
  1.76008
  5.23764
  3.99328
   5.4526
   9.6408
  9.11881
   3.3391
  26.2205
  11.8249
  5.40942
  11.1659
  16.8441
  16.4851
  27.4475
  5.49097
  12.4416
  5.20928
    4.297
 0.427167
  15.9886
  12.2707
  3.91713
  14.3418
  5.80452
   3.2974
  5.04669
  3.25232
  7.40409
   5.1021
  1.85211
  3.43233
  18.0313
   6.6643
  1.91663
  24.7472
  26.9968
  13.1562
  19.3505
  9.70121
  5.63835
  32.7197
  14.2656
  16.2013
  21.5147
   24.553
  15.1605
   5.7574
  2.57615
  21.4111
  19.9046
  7.19741
  16.9881
  1.33285
  22.8329
  21.3763
  16.7929
 0.159943
  13.9576
    14.06
  16.4011
  8.52507
  9.18412
  19.3997
  18.3603
    2.647
  3.60935
  23.0881
  12.4725
  17.2073
  22.7368
  24.8099
  6.63659
  5.44275
  27.2014
  18.1188
  8.90536
  17.4312
   18.727
   6.7229
  4.81864
  1.17745
  25.7162
  25.0647
  20.9722
  16.9494
  12.2518
  15.6968
  18.1983
  19.7978
  22.0156
  32.7786
  7.21548
   25.202
  16.4756
  5.85538
  24.1121
  9.41643
  16.7904
  6.79677
  5.62994
   22.945
  8.85678
  11.5705
  24.3952
  10.1135
  16.5295
  12.9447
  1.39035
  8.73263
   13.845
  26.2618
  17.8901
  24.2167
  6.31564
  6.17128
  13.4128
  6.97529
  5.54917
  10.9461
  24.8443
  4.54066
  5.99376
  20.0869
  10.4283
  9.10943
  6.92577
  15.4113
  7.61157
  25.8486
  22.9849
  8.28096
  11.4622
  21.9725
  10.7653
  12.7327
  21.7083
   4.8213
  4.70808
  5.45259
  1.74271
  8.00867
   18.303
  7.68811
  28.5254
  5.61863
  21.4403
  10.6098
  1.44997
  7.87065
  10.8001
  4.12403
  15.1774
  31.1096
  5.29273
  1.31316
  10.9022
  6.36698
  18.2971
  24.3749
  2.59476
  5.14954
  19.6007
  18.8747
   4.7109
  25.5915
  11.6998
  6.41793
  27.9057
  6.97649
  9.36464
  3.00433
  2.77141
   44.014
  38.3596
  42.2687
   25.212
  1.63654
  10.3961
  14.5269
  26.1343
  2.60901
  14.9684
  24.9101
   2.4319
  51.4503
  49.8688
  54.2166
  50.3513
  53.7825
  5.95986
 0.279965
  26.3825
  2.07424
  3.94201
 0.524701
   14.016
   11.429
  19.5061
   7.8376
  9.27136
  2.76399
  5.28462
  2.47828
  10.8849
  27.7271
  40.8882
  2.18445
  7.38846
  3.08721
    32.98
  49.1267
  51.3901
  40.2681
  43.9119
   25.112
   4.3387
  48.2221
  46.5965
  9.60306
 0.952173
  3.84638
  2.98798
  18.5341
  54.4063
  38.8833
  13.2178
  5.19298
  8.49397
  15.9497
 0.976499
   15.771
  1.21482
  47.7072
   46.658
   48.577
   45.212
  7.17465
  4.48114
  39.6776
  43.9743
  45.2787
  45.6621
   46.252
0.0347125
  14.0189
  3.38812
  4.58132
  47.5524
  41.9296
  45.9976
  37.2863
  1.70446
  48.8171
  45.0729
  54.3813
  49.0833
  49.0918
  8.98272
   1.1029
  19.6943
  44.7877
  2.06214
  4.96461
  12.0439
  14.4772
0.0129847
  1.62646
  8.41883
  2.87149
 0.341857
   3.2556
  4.47054
  29.5859
  26.5606
  2.32396
  2.68239
  10.2442
  48.9235
  44.7614
  44.9339
  45.8068
  52.1712
  47.7154
   9.1977
  6.08987
   2.2302
  6.02429
  6.29077
  2.12739
  4.38781
  2.33389
  2.01656
  1.49942
  1.38774
  2.00365
  3.34614
  2.06136
   1.3002
  9.05589
  2.98999
   4.1465
  10.2578
   53.685
  37.9402
  6.48074
  4.77791
  2.43872
  1.11218
 0.466302
  3.47102
  13.9338
  8.12912
  2.10231
  3.36001
   12.213
  5.58814
  38.6569
  5.60037
   38.937
  45.2491
  45.1095
   45.019
  41.2966
  53.2076
  44.1583
  51.0527
  37.9449
  42.6822
   36.435
  26.0289
  33.1063
  49.6491
  46.0984
  47.4924
  29.7635
  49.2305
   46.316
  38.9977
  52.9332
  52.3766
  42.8032
   41.708
  39.8187
   47.152
  45.0769
  43.1633
  45.0387
  48.7368
  38.5551
  37.4379
  53.7905
  38.4112
  25.6965
  2.34796
  16.8182
    42.32
  42.0961
  32.3689
  45.3142
  54.5652
  50.9338
  43.3464
  45.6507
  45.5401
  45.6867
  45.7055
  37.9403
  41.5605
  53.0525
  49.4171
  41.0661
  11.4231
  46.0842
  56.4083
   49.453
  51.0599
  46.2637
  47.5135
  46.3781
  27.5883
  36.5338
  7.88635
  48.4474
  43.9283
  38.1649
  43.3106
   11.663
  5.36688
  10.8463
  50.2769
  47.5609
   52.188
  46.3169
  34.5401
  40.8864
  39.2222
  31.6276
  38.3407
  54.9401
  50.5065
  50.1812
    53.43
  54.4674
  30.0408
  38.8604
  38.5045
  48.5494
   43.977
  53.0359
  52.4717
  51.7267
  47.6149
  45.4595
   56.118
  52.9944
  40.7755
  40.2455
  27.4191
  25.6401
  35.2781
  34.0069
  33.6643
  10.2327
  11.7652
  40.3654
  31.9817
  27.7987
  45.5745
  44.4385
  40.1054
  40.4265
  39.1779
  44.8515
  48.3528
  50.7306
   41.931
  6.10102
  2.78606
  38.5684
  40.9173
  46.3816
  46.1253
  28.1099
  30.8322
  41.5828
  42.0681
  46.7308
  51.3122
  52.7423
  45.3784
  42.6667
  37.3092
  48.1553
  5.77605
   42.108
   45.235
  44.8945
  49.5554
  47.4267
  48.2009
  48.7881
  49.6202
  52.5147
  52.8254
  45.9762
  47.9544
  50.8122
  45.4679
  42.3211
  43.8713
  44.1466
   5.5836
  15.6794
  45.6407
   48.452
  41.6096
  27.8484
  38.7883
  47.0946
  46.0321
  52.7507
  42.4328
  33.1788
  1.94277
  31.4918
  30.1838
  43.7194
  37.1076
  40.4188
   50.157
  48.0334
  50.2505
    49.12
  47.9716
   54.432
  41.4506
  44.3877
  46.3497
  46.3782
  45.5105
  44.1616
  49.3565
  47.8209
  53.1934
  34.8067
  49.8795
  47.9363
  50.7818
  44.2483
  42.1913
  46.2827
  46.1528
  49.0086
  44.0482
  44.3843
  40.7738
  39.8527
   43.504
  40.6077
  45.5299
  45.6539
  45.5463
  44.0665
  44.6832
  39.1893
  45.8602
   48.455
  45.6929
  50.4733
  46.5169
  53.3973
  44.7184
  53.7625
  49.4081
  46.7401
  46.5435
  46.5937
  46.1441
  49.4406
  46.0276
  45.9377
  51.4937
  44.6185
  44.6868
  51.4143
  31.7809
  38.7136
  3.50227
  2.63494
  38.4115
  41.5813
  44.8543
  57.5495
  58.9212
  53.5931
  60.4921
  56.1504
  21.9771
  47.8979
  51.8867
  5.55317
  39.7117
  51.0466
   51.613
  40.3981
   54.798
  51.1331
   32.262
  24.0045
  4.17358
  10.9709
  52.8168
  5.03328
  13.8009
   12.877
  8.79029
  56.1609
   53.795
  48.3079
  55.6158
  42.7751
  9.33898
  24.6119
  20.8298
  44.5858
  45.5549
  42.1494
  34.5338
  43.3157
  46.9356
  43.1081
  50.6625
   45.485
  50.8249
  50.7101
   50.086
  50.6306
  47.7862
  51.7153
  46.0436
  49.6852
  50.8813
  46.4678
  51.8176
  45.5746
  50.4219
  47.7549
   49.738
  48.1211
  42.4473
  53.9134
  49.7164
  49.1988
   48.983
  45.7762
  44.9505
  44.0074
  52.2252
  49.5262
  47.7309
  44.4943
  46.7861
  50.5554
  53.9703
  52.1968
   45.702
  48.1015
  44.3831
  43.7093
  45.9394
  45.9393
  42.7382
  44.6715
  39.0673
  45.8527
  33.2646
  41.8361
  52.1573
  51.7238
  49.6946
  46.4016
  51.6919
  48.2121
  46.9998
  41.2291
  42.2506
  54.1279
  50.7449
  46.3414
   50.271
  53.6643
  52.8851
  46.9979
  50.0078
   50.962
  45.1019
  46.8202
  49.6986
  45.5193
   46.918
  46.0042
  52.1363
  51.5574
  49.4904
  55.0497
  41.6469
  50.6485
  58.7808
   58.531
  57.8858
  44.6776
  50.7209
  50.8153
  50.6937
  47.1261
  49.5107
  29.1044
   33.201
  33.2705
  47.6501
 0.617849
  51.8171
  51.7611
  52.8262
   50.223
  29.7858
  48.2579
  45.4202
  52.3198
  53.7875
  51.3767
  52.9042
  54.9222
  50.7101
  45.3039
  51.2136
  51.4674
  50.8271
  50.8238
  51.5908
  50.3853
   50.758
  45.1409
  50.7897
  54.1197
  44.4065
  48.0641
  49.8037
  53.2636
  55.2759
  53.4107
  41.6118
  51.3842
  46.5293
  51.7535
  55.2596
   51.777
  46.5203
  47.0875
  49.4855
  49.1339
  49.1118
  45.1672
  49.5775
  51.8144
  51.7633
  27.4493
   38.168
  33.6785
  50.5082
  54.6147
  51.1034
  52.0118
  51.7756
   51.781
   46.923
  48.3311
  50.6159
  44.2533
  50.5088
  54.6716
  53.7226
  55.1328
   48.111
  46.9244
   49.054
  38.9571
  48.8639
  48.3582
  49.7111
  44.7014
  46.2112
  41.7014
  63.2947
  51.9615
  50.4378
  53.7008
  50.2979
  52.0352
  13.2507
  0.84848
  60.2815
  56.5561
  56.6368
  45.8833
  43.8589
  53.0897
   45.832
  52.3987
  47.0967
  47.2977
  48.6713
  53.8286
  54.5457
  39.2853
  49.9164
  51.6614
  48.1413
  46.5062
  50.5611
   51.895
  50.7421
  48.4303
    48.48
  46.6944
  45.5773
  20.4454
  53.9612
  53.3601
   58.188
  57.3613
  4.56751
  15.3754
  5.84545
  19.1472
  20.1294
   49.902
  47.7261
  51.3567
   52.392
  46.4119
  58.0396
  57.5917
  47.8215
  48.8962
  48.4401
  47.8931
  47.2297
  52.5605
  51.2052
  49.9383
  54.5633
  52.5126
  52.4491
  45.7498
  60.0398
  60.5821
  58.1224
  56.3695
  54.2472
  51.1541
  57.5664
 0.127228
  51.2775
  24.8619
  54.3436
  48.9831
  51.2037
  34.2489
  3.94321
  8.41599
  4.80902
  48.2045
    48.86
  44.7928
  18.0253
  57.9117
  51.0466
  54.0339
   47.808
  53.4931
   52.745
  54.1305
  53.9234
   57.311
  52.0732
  56.8262
  53.9236
  26.7106
  18.7251
  51.7749
   57.812
  58.5697
  51.5942
    26.57
  50.8676
  54.7554
  52.7857
  49.9476
  52.4507
  51.5754
  58.5675
  57.7927
  50.6899
  52.0183
   47.296
  50.2715
  50.3348
  53.3873