   6.5503
     6.37
  12.0976
  11.2161
  5.46256
    9.292
  3.71068
  5.86563
  8.74051
  5.80734
  3.88662
  6.41375
  13.2495
   8.7384
  15.6341
   7.2866
  12.2489
  6.37775
  13.7718
  11.9174
    5.922
  6.05368
  11.0851
  3.47632
  12.4251
  16.4269
  7.04516
  20.7878
 0.854225
  16.2737
  19.6782
  7.85245
  8.45861
  10.7565
  10.3254
  6.17656
  12.9801
  1.81947
  6.01678
  5.02842
  9.78363
  3.94004
  6.69508
  4.25296
  7.52298
  4.44228
  11.0307
  12.8983
 0.492095
 0.269514
  1.49074
  14.9833
  2.73771
  14.2698
  11.5301
  13.9374
  24.1341
  20.9846
  5.37712
  12.2738
  11.4951
  9.64518
  6.59586
  8.01372
  9.79562
   3.7858
  25.8949
  5.83413
  10.6476
  9.34054
  20.1329
  9.79535
  6.45743
  22.5123
  20.8072
  6.60317
  3.22102
   5.4493
  13.1773
  10.8883
  12.9212
  3.09666
  4.75239
  12.1057
  13.7649
  6.04743
  13.1804
   6.8477
  7.53899
  15.8721
  4.91126
  7.41697
  3.92232
  5.53527
  4.10917
  14.3408
  9.96755
   5.1433
  10.9107
  7.08087
  10.6471
  4.34754
  10.2932
  3.85187
  10.0565
  12.8047
  3.83536
  2.57971
  4.62563
  3.02163
 0.312166
  6.72714
  5.26454
  4.05979
  2.25819
  11.2297
  14.2991
 0.925912
  12.0211
   9.7956
  3.88983
  12.5757
  13.6692
  14.2867
  12.0291
  11.7969
  8.87817
  2.62242
  4.98378
  0.69413
  10.5909
  3.30769
   15.761
  18.5569
  1.21932
  13.5998
  12.8462
   4.6357
  8.10296
  14.0757
  8.98861
  2.75444
  6.90881
 0.801706
   7.4646
  7.83728
  5.02834
 0.819787
  8.27153
  5.84384
  25.3674
   26.584
  23.1716
  4.54797
  12.1531
  8.76859
  15.3225
  13.7664
  16.6178
  18.1567
  6.86989
  17.5225
  17.0713
  10.6137
  6.40623
   7.6577
  5.36898
 0.287337
  18.1604
  7.58229
  13.6188
  19.4995
  16.5852
  20.4248
  12.8757
  10.2105
  12.0344
  10.1173
  3.05225
  13.8666
  12.1935
  8.58804
  9.97581
  4.62485
  16.1771
  6.65425
  6.66631
  6.13668
  5.45069
  6.21425
  3.03776
  6.76686
0.0271123
  12.5558
  5.38727
  9.29692
  14.5736
  16.9432
  4.31129
 0.109433
  2.67906
  3.11293
  7.01537
 0.580816
  7.41405
  18.8613
  10.0097
  4.02744
  26.9094
  12.9503
   16.056
   15.715
  19.1349
 0.964833
  0.64012
  3.80044
  10.6735
  6.15446
 0.691694
  15.2739
  8.37401
  14.3327
  9.26861
  14.1827
  2.67015
    6.581
  11.9655
  7.68388
  11.7537
  4.92482
  7.17605
  3.69557
  6.42523
  6.53878
  2.99351
   3.8419
  7.90268
  6.16564
  20.8593
 0.863057
   14.794
  6.86256
  11.8574
  7.28067
  7.82599
  1.65486
  4.10538
  4.93382
  10.0157
  15.8134
  9.57985
  7.03374
  8.70055
  14.2896
  14.4848
  13.4261
  8.92993
   14.902
  4.48182
 0.118668
 0.622172
  17.7086
  1.66556
  14.3898
  15.1273
  7.39534
    9.201
  3.18775
  9.02181
  14.2539
  14.1285
  5.84549
  18.9077
  14.8096
  4.07486
  10.8974
  11.1548
  13.8351
  9.36663
  16.9938
  6.56211
  2.46288
  6.22359
  4.68949
  9.17047
  12.2413
 0.696886
  24.9881
  3.67234
  19.4424
  14.5256
  4.86179
   7.8391
  1.12733
  6.49259
 0.627669
  21.3849
  11.2441
  3.71789
  2.69213
  3.09136
   10.561
  17.3827
  11.6979
  16.2364
  18.7786
   12.695
   8.7556
   15.431
  14.1149
  19.7221
  16.4361
  4.03629
   7.3673
  4.07035
  4.01752
  8.54714
  8.73357
  6.18557
  1.49488
  8.01372
  10.8732
  20.1927
   21.713
  11.6139
  10.7911
  1.71825
  0.55947
  7.13937
  5.47155
  6.73625
  13.0101
  5.43612
  12.7551
   11.513
  8.48366
   11.916
 0.796528
   3.4389
  15.4701
  7.78801
  4.77878
  10.5346
  8.14284
  2.69215
  5.73744
  1.31515
  11.2532
   6.6852
  5.34052
  3.69683
  2.85351
  4.05089
   5.3588
  6.33488
    8.317
  18.9886
  15.0286
  11.5488
  16.5849
  7.77619
  14.6664
   6.5897
   5.2198
  8.18031
  13.9203
  7.71019
  11.5483
  29.8887
  22.1863
  2.42045
  4.34245
  14.8363
  6.11705
   6.0988
  11.8464
  1.46271
   9.5005
  6.46228
  2.91368
  5.79884
  4.48123
  27.5988
 0.695486
  9.97785
   7.2734
  8.52768
  6.06524
  20.3417
  15.1914
  24.6957
  4.50477
  5.81501
  15.3917
  3.03429
  4.87831
  9.80872
  0.61739
  16.7563
  3.16312
  10.9647
  7.62379
   8.9794
  10.6689
  13.7776
  1.15353
  11.7176
  1.37867
  5.22698
  13.8917
   6.4918
 0.621824
  8.62724
  1.25676
  11.1005
  7.03321
  6.55888
  15.4953
  9.79862
  13.6833
  11.6985
  4.34477
   1.9611
 0.863057
  11.2893
  4.10797
  2.34714
  4.75499
  16.1809
  4.29665
  1.75817
  5.59243
  7.37304
  2.74043
  7.27554
  6.98765
  6.94009
  7.92117
  5.88953
  10.6984
  9.04573
  7.81815
  6.69297
 0.409407
  4.16465
  9.86105
 0.753473
  0.49786
    4.274
  9.72837
  13.3952
  3.53081
  9.11152
  7.18605
   9.5352
  22.5192
 0.321219
  4.11724
  1.29031
  15.5617
  12.8517
  12.4367
  10.1469
  7.66707
  18.4643
  11.8486
  3.20011
 0.714996
   11.663
  1.80097
   9.0269
  3.43101
  2.06316
   12.807
  10.7772
  8.84752
  13.7845
  14.3719
  10.5322
  3.67739
 0.745422
  14.0524
  19.0522
  1.33803
  12.8005
  14.9725
   10.395
  1.44563
   4.3466
  7.66938
  14.1111
   12.329
    13.78
  9.20129
  6.48567
  12.6271
  9.90961
  2.31367
  3.70756
  2.44562
  2.95705
  15.4732
  16.2689
  2.66459
  9.44401
  19.8452
  13.6385
  7.52969
  9.50592
   7.5773
  10.5796
  14.7275
  5.01554
  8.09003
   16.677
  5.81282
  4.25142
  2.30819
  4.19225
  2.50404
 0.593085
  3.40668
   20.222
  6.02199
  4.50321
    14.05
  1.89118
  1.80301
  22.3495
  1.80301
   14.109
   9.3111
  9.17406
  2.46382
  1.40712
  16.5279
  8.67941
   1.2075
  7.46469
  9.47723
  15.0615
   2.2194
  3.13073
  4.03069
  16.6746
  8.75949
  6.22864
  22.0347
  5.09754
  3.25243
  4.59881
 0.975322
  8.61195
 0.738319
  2.21195
  3.58222
  18.7885
  2.62647
  30.1746
   3.1143
  3.43401
  12.8698
   9.4325
  21.4034
  9.82421
  19.2136
   3.3721
0.0135919
  7.65152
  16.8157
  13.8464
  6.52412
 0.145216
   3.6606
  2.83654
  10.4617
  17.0592
  8.59918
  13.7091
  6.18946
   19.355
 0.491014
  7.11319
  3.79508
  7.81196
  15.1805
  17.4217
 0.344319
  13.3081
  8.75632
  3.85454
  6.36791
   6.1503
  7.84245
  7.11251
 0.960336
  4.57332
 0.790774
  21.9888
   2.3508
  8.66777
   15.527
0.0844105
  17.1002
  27.8352
  13.5215
  4.09665
  9.28174
  6.56059
  3.88657
  14.6371
  4.15709
  19.5859
  13.0925
  11.2079
  1.26228
  7.08143
  16.5772
   3.8402
  8.46024
 0.833201
  27.8416
  14.3052
  1.72811
  8.92928
   9.9351
  4.80506
 0.371666
  16.5927
  1.83652
  6.45582
  1.92963
  6.58588
  7.51318
  10.1355
    4.141
  13.7561
  18.6955
  16.0233
  3.08316
  29.2792
  8.17807
  4.14109
  15.7354
  1.13808
  11.1144
  9.04074
  13.1865
  13.1272
  3.65698
  13.1205
  10.7267
  10.8195
  7.56974
  6.71661
 0.983108
  25.0703
  19.7448
  1.44043
  2.17204
  11.7247
  16.5869
  9.37655
   34.339
  4.26708
  8.99024
  12.6196
  4.77345
  18.3632
  3.73209
  16.9385
  5.74022
  1.87072
  5.65453
  8.04021
 0.670438
  10.9965
  15.7318
  1.21482
  13.3141
  5.69235
 0.554317
  10.0925
   4.0693
  32.3282
  11.6546
  9.62087
  14.6316
   6.6667
  6.65103
  10.6236
   14.644
  1.36788
  9.36338
  5.25552
  4.66623
  26.3238
  1.95619
  4.05848
  1.37223
  13.2559
  11.2826
  7.49168
  6.95472
  11.5399
  6.52049
  12.9125
  3.98601
  4.80599
  12.6981
  7.05749
  13.1419
  5.19733
  5.39091
  2.03433
  3.94474
  2.92132
  36.6645
 0.469193
  10.5373
  3.13521
  3.60808
  33.6158
  8.56497
  1.47675
  3.53571
  4.00615
  5.52391
  9.11758
  6.83756
  13.8036
   1.1638
 0.942091
 0.535392
    9.214
  11.5375
  5.00576
    3.771
  16.9749
  11.0091
  10.2175
  2.72263
 0.757476
   15.831
  2.90208
  3.76672
   4.6728
  3.14569
  6.55915
  9.58375
0.0916377
  11.0112
  4.30637
  27.4683
  13.2104
  1.14015
 0.443563
  13.1521
  2.83284
  14.1151
  24.8023
   21.654
   10.584
  8.87894
  16.2695
  10.4743
  3.75423
    3.459
  9.35288
  27.5367
  1.77861
  27.2509
  1.60953
  12.7721
  13.7914
   10.621
  16.9257
  13.7095
  11.4598
  18.3751
  8.11562
  7.00166
  9.43559
  8.96975
  14.7856
  2.77055
  15.7078
  12.9788
  15.1719
   11.454
  15.5356
  15.4826
  6.14867
  8.45335
  15.2486
  10.6357
  2.03105
  2.95814
  11.6986
  12.9192
  17.6913
  21.1057
  10.8547
  13.8507
  5.11896
  9.25612
  8.64274
  16.0367
  16.7784
  14.7541
    10.46
  16.3293
  12.2183
  8.98536
  13.4224
    8.724
  11.7415
  2.80865
  5.95476
  16.7731
  12.7021
  11.3396
   10.174
  11.1771
   2.2186
   1.2622
  24.0092
   8.4342
  7.36128
  10.3081
  8.22665
   5.6195
  3.49217
  16.6604
  8.00606
  12.4662
  11.0854
  19.9416
  13.9081
  6.41604
  10.4953
  5.18957
   22.685
  7.18019
  12.4848
  19.5273
  19.9494
  22.5689
  6.70665
  12.0313
  9.07443
   12.751
  2.91024
 0.751758
  12.8608
   3.1967
   14.947
  4.48777
  1.08185
  3.03984
  16.2664
  7.03755
  3.51588
  20.5142
   9.4691
  4.38965
  1.04991
 0.485689
  9.39028
  3.37784
  5.29611
   8.1603
  17.5553
  5.92532
   31.568
  12.6817
  3.61268
  19.9335
  7.23078
  5.28071
  2.46139
  11.2853
   2.5889
  11.1448
  18.8693
  16.1759
  11.6133
  8.61172
  14.4087
  4.48892
    15.31
   11.105
  5.64396
  4.32642
  23.9556
  10.9469
  9.65675
  17.2217
   2.1908
  6.67803
  16.3201
   10.271
  30.8105
  7.54148
  36.5857
  1.57878
  14.5497
  36.3457
   7.1411
  13.3475
  15.1688
  0.42076
  14.9823
  10.8277
  9.56592
   17.485
  22.3743
  9.44348
  2.31117
  27.1492
  22.4511
  2.10709
  15.7593
  8.50728
  6.37331
  4.62886
   3.1902
  10.8166
  15.9527
  19.1193
  6.85514
  9.90435
  3.45574
  15.6593
  12.1418
  10.8106
  15.5292
  16.7999
  6.93131
  19.8774
  20.0314
  7.80619
  18.1392
   19.629
   20.345
  24.2561
  18.9779
  29.3958
  16.5044
  19.2032
  2.13927
  11.1715
  8.07797
   17.926
  4.63774
   5.9117
 0.881965
  12.9217
  5.82814
  5.92019
  20.6126
  8.26389
  6.25509
  12.3588
   22.552
  10.5731
  9.68523
  9.77103
  4.04824
  3.80245
  5.71699
  4.76165
  18.8645
  2.83151
   7.6837
   22.663
  3.10921
  9.38589
  7.08779
  18.2443
  12.9154
  5.48791
  1.39132
   8.7018
  4.90868
 0.728163
  16.4645
  22.3433
  12.9191
  13.1894
 0.565867
  8.42935
  5.56228
  3.56476
 0.262824
  7.23028
  5.51876
  3.78472
  18.7641
  10.3631
  12.3038
  4.62055
  16.7108
  14.3653
  8.43794
  12.9182
  12.1809
   21.451
  4.29735
   1.9539
  24.4189
  9.21634
  15.9623
  20.6962
   5.7198
  10.0345
  6.43406
  4.24999
  5.00125
  17.1768
  32.8322
  8.63242
 0.790821
   3.9195
  8.17394
  5.58782
 0.441445
  7.27544
  44.6812
   38.784
  9.76017
  2.71363
  29.5298
  14.4636
  2.06701
  12.9339
  8.15644
  22.3039
  15.1022
  10.1276
  15.2247
 0.207959
  13.7757
 0.300115
  2.18924
  4.56613
  2.53445
  2.99972
  12.4271
  3.35368
  9.04352
  12.0151
  6.21038
 0.973396
  8.47004
  5.67653
  1.01848
  16.6129
  5.83798
  6.07607
  6.22155
  11.1334
  6.48891
  17.6727
  19.3024
  3.04352
 0.473186
  13.0833
  5.79525
  16.8247
  3.76643
   13.969
  15.0137
  5.77445
  8.57766
  12.4364
  3.00419
  9.62567
0.0580719
  8.42476
  1.15698
  10.5281
   13.283
  10.3404
  10.3777
  15.2882
  5.14251
 0.789843
   5.0707
  29.8932
  5.70635
  18.3103
  13.1337
  11.2257
  19.2532
  17.1162
  7.35959
  6.25059
   5.0982
  1.81206
   5.2845
  17.0801
  5.78715
  7.88349
  6.40729
  11.6373
  12.1504
  5.35718
  8.49878
  11.1561
 0.647632
  26.7589
  4.10576
  1.06716
  4.56446
  3.05328
  2.14566
  16.6918
  7.22003
  18.5444
  9.67304
  6.77816
  23.6912
  5.25066
   21.778
  23.1671
  9.53226
  1.48347
  19.3333
  9.37641
  7.61222
  26.7698
 0.198769
  7.64816
  16.1555
  9.71591
  7.79784
  3.92559
  4.34842
  1.07098
  34.6793
  32.2617
  1.76677
  9.25772
  1.18421
  21.5617
  6.22847
  3.42585
  10.0892
  10.1351
  5.80173
  8.49273
  9.98341
 0.318197
  28.5529
  5.57673
  2.96052
  6.13812
  3.12517
  17.4492
  9.12882
  1.91382
  4.59392
  5.53338
  6.34252
  11.5795
  8.37923
   9.8751
  8.77773
  8.99506
  11.5872
  43.2038
  48.0802
  48.3789
  49.1483
  4.44412
  9.65061
  19.3945
  22.2507
  1.52951
  1.31789
  22.6233
  3.07839
  3.14514
  1.69178
  3.95296
   12.973
  9.53871
   5.3665
  6.14485
    34.12
  41.6717
  13.3919
   17.656
  4.45769
 0.525232
  12.3643
  3.98988
  24.9597
  49.0901
  47.8225
   45.604
  5.41658
  14.5457
  9.35596
  41.5378
  47.1432
  11.8155
  11.0933
 0.590569
  19.5666
  20.9326
 0.737241
  17.0043
  2.72256
  7.67205
  8.45889
  35.5632
  15.2768
  4.31392
  10.7485
 0.991961
  21.6883
  2.34454
  3.59059
  2.46108
   4.8418
  38.9093
  45.5738
  44.3547
  46.5673
  4.04347
  7.47141
  40.3386
  37.8844
  39.4516
  42.5989
  38.9093
 0.267877
   3.0291
  6.42346
  37.6997
   38.677
  38.2192
  15.6303
  8.47608
  43.6759
  48.1543
  39.5208
  43.4437
  10.9116
  12.9307
  2.36196
  38.3843
  14.8482
   3.2472
  6.25473
  11.1726
  20.8222
   11.432
  11.2178
  9.85648
  3.55229
  30.6162
  28.0779
  4.90052
  5.37682
  6.00246
  15.5045
  45.2548
  41.9608
  47.0672
  48.0502
  43.9757
  42.0222
  5.50439
   8.4335
   8.4269
  11.1631
  20.3882
  10.7266
  3.03051
  4.54337
  15.7385
  2.86448
  6.87133
 0.614445
 0.709434
 0.737241
   48.028
  35.8672
  6.43518
   5.9545
  5.86543
  18.2743
  7.78622
  10.0643
  10.2515
  2.34939
  39.4448
  9.58334
  31.2915
  41.5988
  42.3395
  36.2758
  33.0632
  44.7272
  45.8019
  31.6539
    36.89
  27.8394
  26.9004
   51.093
  47.1508
  45.3074
  28.4795
  43.9207
  46.0687
  40.4426
  46.6644
  45.4787
  37.5191
  31.0655
  35.0249
  38.8417
  43.0725
  44.5236
  45.6657
  43.3846
  40.1351
  34.8474
  50.0122
  33.2156
  25.7323
   3.3871
  11.7226
  33.1282
  26.5912
  29.9578
  44.9616
  48.3028
  47.8745
  39.0338
  45.8703
  47.2592
  46.9866
  44.1276
  32.8274
  31.3089
  50.3154
  45.5261
  11.6608
  46.1399
  50.0147
  44.8034
  47.8951
  38.3396
   45.858
  42.0532
  34.2481
  7.01452
  39.4953
  47.6604
  37.9391
  44.7315
  14.1967
  5.56407
  6.61424
  49.3651
  45.0362
  45.1249
  42.9848
    32.65
  27.0096
   30.235
  28.2961
  46.8571
  28.0866
  41.2173
  37.9394
  42.0053
  35.1231
  36.6142
  25.7323
  25.1019
   26.353
  27.7222
  29.7169
  8.72979
  12.4989
  29.4906
  29.7467
  24.0967
  46.5433
  44.3495
  38.7712
  35.8308
  39.4459
  42.0036
 0.804428
  1.72819
   41.604
  39.4577
  38.2365
  26.1507
  27.2489
  32.9701
   36.341
  42.2686
  44.7175
  46.3712
  45.1264
  33.6086
  33.4677
  6.82084
  40.3736
  20.0296
  44.8296
  45.9923
  46.1141
  46.9884
  41.6897
  43.7208
  47.9479
  46.8228
  42.3395
  35.2638
  9.23735
  2.88427
  38.6263
  41.4208
  33.0532
  40.5773
  38.0044
  42.0686
  25.2565
  7.18321
  26.4775
  29.1469
  34.9793
  43.9697
  47.9531
   43.553
  51.0937
  34.6728
   2.3968
  43.1902
  43.7668
  44.8547
  43.9416
  43.9969
  39.7112
  48.9351
  46.5721
  47.2056
  43.7344
  36.8055
  31.3754
  43.0392
  44.7147
  45.6276
   36.107
  38.6972
   38.156
  41.7429
  37.7865
  40.0138
  44.3301
  45.6479
  46.2704
   36.245
  38.0669
  34.4421
   16.755
  40.9322
  38.3581
  40.1351
  43.5851
  44.1919
  44.8719
  43.4002
  47.3691
  46.9222
  40.0898
  40.3169
  38.6556
  45.1192
  45.5835
  46.5892
  44.5291
  29.2495
  33.2892
   5.2021
  8.14583
  41.3836
  42.6021
  38.7086
  43.9613
  11.0237
  47.6036
  12.8139
  11.3405
  45.8334
  45.8032
  45.0566
  41.9639
  39.1424
  39.7298
  49.5116
  48.1838
  48.8328
   45.417
  46.1591
  48.2182
  49.3586
  46.0073
  48.2935
  46.3249
  48.2077
  47.9305
  45.0594
   45.681
  42.8713
  45.1993
  50.1207
  47.3459
  39.0831
  23.5383
   44.352
  46.9218
  47.9144
  47.7258
  34.8405
  7.55856
  43.2548
  43.7339
  44.4256
  46.6685
  45.5537
  41.0983
  42.2229
   42.567
   40.891
  48.3746
  42.4719
  41.3943
  46.3629
  49.8106
  48.6431
  35.3373
  46.8981
  9.49123
  46.4301
  45.9912
  45.3216
  40.9785
  40.3751
  45.0967
  46.0751
   44.874
  40.9046
  45.5028
  45.6177
  45.9193
  34.2034
  33.1361
  32.5737
  46.2933
  46.8725
  43.9771
  42.7168
  50.0023
  43.9496
  43.3284
  3.21119
  2.74067
  48.5087
  46.9062
  46.9507
  45.6811
  44.0382
  34.7347
  44.2845
  47.3767
  43.2087
  43.1683
  46.7313
  43.4821
  44.5286
  43.6672
  44.2302
  44.5955
  45.9233
  45.5116
   47.664
  49.2088
  48.0064
  33.3874
  45.0292
  44.2367
   43.367
  31.8773
  47.2468
  48.1846
  37.5655
  5.92152
   46.339
  30.5617
  43.8986
   48.403
  48.4044
  41.7866
  43.9726
   45.462
  43.7977
  44.0328
   45.784
  45.9498
  41.7661
  21.1624
  43.3116
  34.0207
  46.2831
  12.7757
  42.0618
  42.1573
  28.1196
  44.7747
  40.8783
   44.718
  20.4592
  44.8504
  41.6602
  48.2866
  16.1644
  46.3047
  34.3382
   42.706
  17.5208
  45.7438
  42.1438
  41.5953
  46.9346
  44.2547
  44.2361
  37.8707
  44.3985
  16.9258
  42.9967
  47.9212
  24.6622
  32.1151
  40.2572
  44.6252
  6.01968
 0.311815
  31.2566
  31.1967
  34.6393
  37.7029
  33.2506
  31.2565
  30.3102
  23.3298
  28.6443
  4.56072
  43.8681
  48.1796
  33.3372
  25.2837
  27.6962
  34.0257
  46.3861
  8.21468
  5.81449
  6.84792
  8.64716
  7.13435
  26.5683
   28.811
  23.1352
  19.8118
    32.33
   49.641
  5.27549
  8.49019
   7.4975
  7.21478
  4.85696
  29.6922
  5.48358
  1.57338
  3.60853
  7.40866
  43.0275
  34.4576
  25.4622
  6.31187
  10.2453
  13.1258
0.0588499
  7.61656
  30.7009
  5.43909
  33.0823
  25.6545
  12.4894
  5.23553
  2.11015
   7.6532
 0.401665
  12.5137
 0.984376
  13.2891
  5.57179
  6.15289
  8.61925
  7.61656
  9.22518
  4.38378
  11.2815
  40.7071
  0.71005
  15.1393
  4.65339
   6.7004
   1.1923
  1.15252
  5.71992
  10.8627
  13.5207
  3.67247
  5.25816
 0.197983
  13.7517
  10.8299
  44.7621
  10.9097
  6.40019
  25.1728
   1.8138
  5.43909
  27.4992
  2.55326
  7.24312
  9.66656
  12.4145
  2.84553
  37.4841
  6.19626
  16.1774
  12.3058
  7.61885
  20.3145
  2.07501
  6.36962
  45.1478
  36.1162
  29.5632
  35.8807
  1.88685
  38.2678
  42.2295
  27.6035
  31.6721
  37.2766
  45.5545
  27.5829
  35.9033
  45.0521
  32.9905
  42.9386
  37.0918
  22.6103