  27.0619
  26.8434
  6.71033
  10.8352
  35.8942
  12.5091
  26.1916
  8.76874
  8.90762
  10.7288
  10.9361
  22.3542
    22.42
  45.5487
  45.9471
  11.8065
  11.0618
  13.9657
  23.2282
  23.3731
  25.6821
  9.51393
   9.3432
  10.0743
  9.89029
  8.54993
    8.814
  41.8562
  42.9876
  39.7069
  40.9347
  7.64704
  6.81536
  10.7789
  11.1964
  1.08762
 0.299058
   34.235
   34.224
  35.8855
  32.5892
  33.6815
  33.1832
  32.7126
  32.4044
  23.4431
 0.386914
   18.084
   38.495
  10.1138
  9.81421
   6.2961
  5.94502
   3.6708
  28.5265
  28.7827
  26.1658
  26.1283
  26.3986
  26.9448
  8.09008
  26.8963
  28.1884
  17.7971
  11.7709
  11.7577
  5.95701
  1.90625
  2.39503
  2.07431
  27.6888
  55.2855
   52.964
  43.9518
  46.9179
  58.3481
  1.49295
  12.6707
  12.3841
  3.62622
  3.35852
  11.0635
  10.4903
  27.5659
  34.6383
  38.6878
  37.6779
  17.5589
  17.1925
  16.3729
   32.757
  34.7959
  32.2737
  35.0849
  35.3478
  11.7541
  12.0804
  33.3258
   35.243
  38.2461
  19.7644
  15.1656
  15.1624
  2.30169
  1.96423
  10.7183
  10.0399
  11.7276
  7.61022
  8.25335
  13.7475
  12.3862
  12.5082
  11.4697
   11.963
  13.7748
  14.6865
   12.386
  41.3165
  26.5582
  22.6865
  34.5429
  22.1884
  41.5232
   42.741
   8.9397
   9.6396
  9.82506
  9.46257
  11.4423
  11.2672
  13.1961
  23.7792
  25.8841
  15.3157
  10.5563
  10.5159
  12.6133
  10.0845
  24.4647
   24.344
  1.54879
  38.5931
  26.2529
    37.38
  8.95953
    9.804
  10.3329
  10.5013
  6.56375
  7.05266
  10.6374
  10.3216
  10.1678
  9.66982
  8.60795
  10.3567
  8.37945
  10.2621
  10.6924
  10.4856
  11.1016
  8.42889
  11.9708
  10.9782
  10.7424
  10.3761
  9.42377
  9.47611
  9.82374
  22.5938
  14.8622
  15.4042
  10.1931
  9.44588
  8.89784
  10.1992
  8.22178
  8.65429
   33.687
   1.6275
  3.47873
  7.43959
  11.9644
  6.92569
  15.6073
  8.34203
  9.92365
  12.5915
  3.86279
  0.34964
  1.70856
  44.5979
  38.7001
   22.827
  21.5866
  26.8311
  24.7235
  4.73389
   28.422
  26.7987
  36.3661
  34.7469
  37.7438
  15.1466
  3.97903
  4.08147
  28.7311
  13.3154
  12.4583
  6.58291
  5.46206
  15.4637
  19.2201
   26.009
  54.1205
  44.3761
  10.5296
   8.9833
  13.4664
  12.8624
  25.2734
  3.06581
  14.0538
   13.014
  15.8422
  31.7237
  19.3392
  13.4921
  10.8234
  5.46645
 0.997984
  13.6372
  53.3348
  37.8082
  12.9307
  9.47227
  31.2306
  0.21515
  5.94622
  61.7891
  37.4755
  38.9376
  46.8569
  48.1322
  5.23512
  2.31425
  24.4679
  18.7509
  10.0899
  7.25537
  12.8187
  8.52247
   8.9397
  2.25623
  9.93855
  3.53455
  28.5479
  21.4578
  17.9672
  31.3688
  17.3225
  36.1611
   38.636
  28.2666
  3.74068
  11.0957
  3.76087
  11.0725
  13.3001
  9.08126
  10.6875
  16.4261
   32.144
  31.9015
  29.0246
  36.7612
   38.144
  36.2884
  5.70381
  15.3956
  55.6544
  41.1414
  1.81038
 0.804512
  63.1196
  60.9806
  15.8632
  11.1392
  6.54798
  4.61307
  11.4235
  22.2205
  33.9383
  38.6668
  32.2347
  22.0014
  17.4604
  19.6833
  32.6289
  38.1381
  27.4954
  35.0804
  38.0323
  31.1709
  27.2705
   7.0957
  5.33261
  27.0944
  3.55327
  8.32955
  1.31159
  2.48361
  15.6276
  13.8178
  7.65177
 0.698441
  8.76992
   4.0603
  6.04034
  34.0443
  34.7007
  46.4477
   40.329
  21.3063
  9.58553
  20.4592
  11.7622
  6.26135
  16.2775
   16.524
   6.1985
  6.24961
  11.5388
  8.09589
   9.7403
  25.7266
  14.9692
    18.21
  51.4425
  47.7819
  21.0212
  34.6249
  37.9143
  10.6886
  11.1188
  3.20697
  13.4039
  11.3327
  6.79277
  16.3192
  19.5787
  17.4168
  13.7063
  22.3977
  6.19597
  13.6897
  7.02762
 0.598888
  9.29344
   5.0947
  15.3483
  2.18903
  20.7148
  23.9786
  26.0014
  34.2055
  37.8882
  2.68921
  2.45201
  19.5628
  26.3453
  44.0441
  18.9779
  9.99544
  31.4599
  5.60313
  9.98172
  26.7482
  12.0508
   17.467
  33.1157
  10.3813
 0.436412
  15.0547
  10.6229
  3.67434
  5.36149
  12.5639
  14.6079
  3.52088
  3.25109
  3.34658
  10.8129
    11.24
  15.6511
  16.6474
  17.0821
  31.9807
  24.9948
  33.6564
  33.3256
  32.7911
   2.3242
  35.4177
  31.7306
  35.7883
  19.0397
  29.3714
  16.0329
  1.03363
  17.4515
  40.0986
  27.2947
  58.2462
  10.8898
  1.00703
  31.2872
  16.4972
  11.6088
  2.70305
  6.50915
  19.8753
  18.8527
   36.696
  58.6592
  9.90248
  35.4615
  15.8301
  13.2231
  22.3174
  5.39609
  32.6893
  10.5488
  8.01268
  3.16271
  19.6435
    12.28
  1.94875
 0.677713
  42.6626
  26.6581
  2.52161
  18.8086
  62.9706
  8.47432
  32.3471
  21.7047
  16.3515
  37.8171
  29.3998
  13.1774
  3.15349
  7.49455
  11.7762
   13.199
  24.2286
  53.5715
  1.83983
   18.834
  16.4726
   10.029
  57.1435
  44.7091
  11.8624
  12.1078
  4.99401
  12.7073
  3.78706
  18.7154
  22.6829
  20.2487
  4.35326
  14.8522
   2.6092
  38.0948
  18.6715
  15.0706
  28.4669
0.0509594
  1.88961
  3.42321
  12.4351
  13.4386
  6.48177
   32.065
  38.0453
  6.92794
  5.49319
  31.8926
  37.8359
  8.76796
  14.2414
  11.4192
  10.2797
  0.31671
  4.81829
    7.622
  23.8789
  7.39584
  18.3516
  16.4625
  18.2717
  7.43058
   6.2301
   19.644
  18.9277
  8.89777
  22.4002
  19.2208
  19.2314
  15.1146
  20.7811
  27.3326
 0.781391
  5.44539
  0.14227
  11.7566
  4.82257
  2.21056
  11.6996
   5.4184
  21.8879
   18.121
  15.4201
  16.4824
  17.9681
   1.3263
  9.39143
  1.78975
0.0226701
  5.97487
  14.1368
  38.0537
  1.04323
  18.6497
  50.5878
  18.9964
  18.7034
  21.3428
  6.18064
  6.69219
  3.16803
  35.7548
  27.7491
  29.3313
  46.7963
  47.3439
  4.04902
  15.8915
   3.3361
  1.17855
  11.2964
  14.3089
  11.2956
  2.88857
  37.6041
  32.7015
   20.115
  35.6149
  27.4166
  25.5998
   17.005
  36.6401
   24.444
  24.4318
  21.7613
  28.1504
  26.6935
  2.18877
  12.4659
  6.16342
  3.10602
  6.46782
  16.8458
 0.136901
  1.09007
  3.79074
  1.52876
  35.3554
  53.4684
  45.0677
   20.794
  20.0254
 0.938838
  24.3355
  17.0937
  10.7409
  13.0901
  6.24895
  11.9651
  2.53047
  35.4615
   33.624
  51.3138
  3.53911
  14.4788
  2.64227
  14.7668
  4.58351
  44.5295
  15.1995
  17.1201
  8.16325
  40.5461
  17.8168
  32.5865
  5.59831
  7.67352
  11.7453
  13.8404
  43.5832
  30.7338
  40.0663
  3.57158
  29.1233
  32.9848
  4.86461
  46.0527
  28.0465
  10.7307
  7.70863
  35.0156
  30.6314
  16.4782
     32.6
  1.84339
  7.08896
   21.883
  32.8636
  7.37898
  4.90414
  12.8546
  5.17627
  1.11227
  31.7363
  26.0301
  13.4618
  4.95943
  29.1832
  19.5731
   5.2799
  4.31481
  14.5522
  9.81254
  15.1796
  31.0995
  15.5471
  31.3692
  24.2534
  35.6987
  35.8194
  17.4759
  14.2247
   20.344
  3.20593
  13.2905
  14.7521
  9.59505
  4.76755
 0.570822
  8.12243
   3.9341
   29.568
   17.641
  20.7419
   11.893
  16.7855
  4.18495
  18.2717
  7.44215
  13.4638
  11.6513
  24.4798
  29.5119
  38.9161
  7.08545
  15.9814
  10.2319
  6.11208
  7.46018
  18.4917
  1.09963
  2.88539
  15.8915
  12.4199
   1.8836
  10.2312
  2.79772
 0.393369
 0.775927
   14.616
  16.8245
  1.91341
  14.5764
  17.4678
  10.4839
  20.2735
 0.935129
  9.07595
  30.7808
  34.9674
  32.2366
  13.9967
  10.2727
  17.6196
  20.7757
  11.5245
  18.1282
  4.36832
  11.8635
  3.40713
  17.8589
  14.7724
   15.974
  55.7951
  9.74864
  26.1842
  27.9867
  5.13836
  19.6645
  4.20464
  33.4856
  52.3757
  61.7617
  25.6849
  53.6642
  31.1349
  13.8658
  23.4234
  34.5269
  26.3885
  10.2304
  22.4923
  13.9678
  32.0664
  30.8342
   40.439
  5.62501
  7.28316
  10.0843
   47.802
  18.4202
  12.1634
  50.3882
  6.29318
  2.18821
  9.61738
  6.09263
  9.06685
  17.7199
  19.0924
   7.9257
  1.40336
  8.65137
  16.0184
  9.47707
  16.4821