    57.8907
    58.9878
    58.0681
    60.9522
    53.4538
    61.6873
    42.9173
    36.4644
    54.8726
    54.2228
    54.7506
     62.823
    51.3414
     57.595
    55.7183
    52.9276
    54.4439
    57.6686
    57.0358
    29.3387
    42.7513
    24.1905
    21.9847
    43.1864
    106.241
    108.272
    108.545
    106.918
    63.6686
    64.1888
    37.4514
    30.3152
    29.2396
    26.2449
     27.895
    38.9446
    40.2455
    50.9872
    98.2491
    61.7839
    98.5751
    41.9296
     58.168
    58.5987
    62.5656
    62.1101
    58.6785
    51.1206
    57.3369
    56.2723
    67.4809
    69.9651
    46.9333
    38.5949
    37.0219
    35.8799
    36.4965
    105.782
    106.915
    107.455
    51.4042
    60.1578
    57.2699
    50.6315
     92.323
    51.8458
    55.3284
    92.1585
    59.8628
    52.5793
    107.017
    98.3347
    48.8319
     62.147
    50.6873
    56.0018
    51.4714
    58.9204
    56.5986
    60.8902
    55.1543
    39.9784
    39.7072
    58.4681
    113.755
    105.313
    45.0462
    26.3921
    9.92577
    47.1863
    47.2908
    32.6799
    30.7595
    29.9071
    25.4911
    63.8674
    53.4202
    53.2409
    55.6535
    58.0267
     53.383
    54.6029
    105.137
    58.5062
    56.0738
    107.898
     106.96
    109.599
    28.2385
    43.0215
    40.3705
    44.0184
    55.2732
    51.8509
    55.0853
    51.7459
    60.2497
    50.9774
    41.5576
    58.5345
    51.2876
    57.4236
    11.6059
    46.6987
    44.1078
    45.7735
    47.7298
    61.6178
    52.9238
    59.8094
    56.7357
    50.1219
    58.0178
    38.3312
    45.5709
    36.1371
    52.5925
    57.3759
    57.8533
    58.8742
    61.5515
    38.3339
    49.7324
    44.9458
    40.9727
    61.0054
    53.8967
    64.2901
     55.492
    46.8125
     61.079
    106.935
    33.5869
    14.1708
    51.6818
    105.134
    56.8003
    58.6427
    59.6567
    55.0316
    53.8882
    98.3683
    98.6213
    51.6462
     61.774
    61.8545
    51.2367
    55.7076
     50.188
    55.2802
    56.6664
    37.2878
    98.7703
    105.803
    106.356
    61.8196
    53.1249
    58.7107
    50.9781
    108.189
    108.269
    104.939
    46.6983
    60.1299
    50.4431
    61.5768
    52.3644
    50.3984
     59.697
    32.1075
    47.0628
    42.1165
    49.0571
    107.203
    54.9967
    57.7198
    46.6691
     37.644
     49.759
    21.6538
    40.7436
    60.9975
    99.2868
    62.1328
    43.5214
     41.167
    43.1338
    40.1054
    111.058
    110.985
    49.9553
    60.7566
    53.8053
    44.4369
    52.7382
    59.2395
     62.402
    34.8313
    39.5912
    46.5428
    59.0076
    105.411
    51.1562
    39.9106
    53.6086
    18.9127
    55.1494
    66.8725
    99.4649
    52.2174
    57.6599
    33.8499
    47.1885
    31.6526
    39.0589
    34.1784
    39.1411
    30.1698
    31.1149
    32.8931
    43.6489
    29.8706
    56.9057
    38.5069
    29.6029
    50.6486
    61.9359
    52.7802
    35.2546
    29.5789
    50.7427
    60.3172
    29.4742
    38.0962
    31.5964
    36.8391
    31.5342
    32.2236
      43.63
    46.4381
    35.6734
    26.5428
    51.2374
     39.087
    51.1231
    39.7825
    48.9867
    32.5032
    39.1492
     21.876
    46.3511
    42.7749
    60.8194
     50.698
    46.6399
    42.3319
    44.9885
    43.4641
     32.057
    37.6561
    37.0074
    32.0907
    37.6705
    46.7285
    45.2364
     29.489
    55.8878
    51.4004
    47.9026
    31.1764
    42.2087
    59.2349
    45.1431
    61.7569
    50.3934
    30.5261
    44.3024
    37.4511
    59.1695
    50.7296
    41.6031
    59.8485
    51.5316
    31.9046
    32.3559
    44.7658
    50.8525
    44.7015
    43.2097
    30.3031
    33.5162
     38.391
    36.2198
    51.2481
    37.9969
     35.285
    32.6185
    39.1778
    32.2456
    31.6838
    39.2704
      25.33
    36.4424
    32.5616
    34.6646
    29.1292
    39.8475
    32.4847
    30.9732
    38.9666
    30.1502
    44.9086
    35.9622
    45.7467
    39.5013
    30.8961
    50.0977
    30.1322
    38.4782
    38.8571
    37.6048
    33.1078
    31.2943
    30.1744
    30.7756
    35.2854
    31.6785
    38.8745
    30.9795
    31.3603
     29.186
    43.6234
    35.0491
    33.9707
    47.1115
    45.5545
    32.0135
    39.3176
    35.3402
    46.0461
    47.7613
    29.7123
    43.2231
    33.4339
     33.645
    39.3092
    25.6216
    39.6355
    43.2957
    36.5696
    23.4291
    23.7392
    26.4291
    44.3641
    45.5932
    50.0144
    31.7778
    39.2044
    48.6297
     31.842
    33.6348
    49.4656
    43.8093
     40.154
    46.9783
    30.7216
    40.9481
    31.6226
    53.3871
    25.5118
    25.3353
    55.2038
     54.339
    46.9718
    21.8757
     54.137
    55.5234
    25.9019
    38.1627
    46.4915
    38.6294
    26.3479
    34.0283
    26.5139
    38.3801
    24.1926
    26.2744
     22.432
    41.6359
    34.9441
    37.9073
      35.76
    34.8103
    22.0846
    47.8143
    19.8627
    29.9763
    26.5048
    21.5271
    40.7564
     40.682
    26.5648
    53.4985
    23.7793
    47.8293
    50.8511
    44.9408
     27.242
    27.9044
     30.301
    27.3456
    58.8384
    27.8885
    22.6117
    29.1184
    26.6846
    25.6851
    51.6895
    27.0164
    21.5977
     43.444
    26.6999
    55.8446
    54.7561
    56.4999
    56.8029
    28.0996
    59.2057
     53.643
    29.1754
     37.137
    32.7441
    27.6008
    36.0184
    36.4924
    30.1594
    37.0207
    36.8394
    40.2497
    40.7573
    32.2712
     29.226
    36.7197
    35.9122
    31.2403
    21.9861
    33.4691
    29.8085
    29.3033
    41.5415
    43.9698
    40.3452
    20.7604
     31.259
    55.5264
    64.6259
    58.8725
      36.69
    34.7539
    53.9817
    107.271
    11.0283
    3.85053
    7.84787
    57.9741
    1.70657
    4.35941
    0.99138
    1.40652
    5.75736
    19.3419
    47.4849
      16.69
    7.05406
    42.5881
    16.5076
   0.725038
    2.79636
    3.50082
    3.85391
    1.82778
    3.18051
    20.5446
    2.44297
    8.59675
    54.3378
    4.63258
     3.3966
    2.33017
    1.35256
    61.0174
    3.34877
   0.531999
    5.26601
    0.71775
    8.31741
    47.7826
    7.45165
    2.68081
    3.51926
    0.96045
   0.786264
   0.846823
   0.665445
   0.819619
    52.3283
    60.4247
    55.3153
    18.7293
     14.465
    39.2245
   0.720018
    3.17319
   0.889496
    3.84131
   0.626871
    0.96045
    51.3374
    22.1755
    109.337
    19.9714
   0.227778
    7.89323
    47.0354
    45.6484
    45.9795
    23.1049
    24.4216
    50.9465
     4.6605
    8.85248
    4.03659
    4.41111
     4.1517
    3.26424
     1.9758
    3.03996
    8.18936
    12.4405
    2.96348
     14.896
      19.42
   0.373157
    1.94262
     1.0679
    17.2147
    4.57805
   0.391312
    4.70946
    3.43528
     4.5332
    7.05641
    3.90658
     5.6312
    3.11562
    2.71391
    2.19726
     4.4762
    2.33762
    4.83117
    5.08895
    3.24926
    3.57528
    17.7807
    37.7029
    3.98433
     5.5068
     11.478
    4.38304
    3.62671
    1.04432
    3.59012
   0.259658
    3.75007
    3.04536
    2.09609
    7.89308
    5.15196
    2.29927
    1.37906
    7.81021
    34.7905
    2.22034
    1.61905
  0.0809198
    4.32739
    2.80052
    2.77085
    2.96793
     8.5395
     1.8086
    1.79925
    4.77978
   0.729033
    29.6912
   0.208753
    1.26102
    2.88308
   0.558538
    8.80597
    5.63764
    1.91532
    13.0259
    10.5855
    3.93219
   0.661894
    5.56162
   0.715321
    15.5312
    3.24267
    6.94913
    1.14855
    6.36734
    3.60238
    6.61368
    1.72378
   0.287722
    4.48075
    19.6952
    19.6784
    8.82673
    8.14946
    9.47167
    30.2868
    9.09908
    13.8411
    20.2765
  0.0695537
     3.5547
     4.0476
    3.78219
    1.91777
    1.11022
    2.59009
    1.53191
   0.385819
    6.87693
    2.86003
    2.98854
    0.63514
    16.3402
    18.3945
    4.17766
    3.73863
    4.16734
    2.08748
    2.24672
     3.3501
    4.77027
    3.34097
     7.5114
   0.424352
    1.06084
    1.00295
    2.00293
    1.89198
    1.37475
     3.0333
    5.42471
    13.7582
     3.2978
     1.1875
    2.24191
    6.82263
    7.87792
    3.67718
    49.3205
     2.0008
    3.49656
     20.171
    5.92282
    2.48178
    1.73496
   0.473529
    7.81001
     16.289
    53.2803
    21.1819
    11.3864
    5.21954
    6.96418
   0.255881
    6.88319
    5.15578
     4.2495
    1.12102
1.39942e-06
    1.90765
    2.91928
    3.28165
    3.08536
    3.01018
    3.74708
    2.59557
    5.54876
    3.92748
    11.6737
    4.34515
    4.72091
    5.59287
    3.99363
    6.18804
    3.99391
    3.27327
   0.595962
    6.55021
    8.25442
    3.51101
    5.67923
     5.7997
    2.96987
    3.22788
    3.63175
    3.34853
    6.68361
    3.14656
     3.1484
    6.95561
    20.5474
    8.27658
     8.4437
    8.52189
    8.90514
    8.49415
    2.00924
   0.945913
    2.97141
    4.07118
    5.00885
   0.514588
    3.09656
    3.00204
   0.812462
    3.95985
    4.49688
   0.585772
    1.82228
    6.47204
    2.59222
    3.38773
    2.86056
    3.50083
    3.56095
    3.29255
    3.39779
    9.04927
    4.13534
    5.15675
    2.72922
    2.94751
    4.97453
    7.83539
    5.09656
    8.26682
    3.40761
    56.5206
     4.2097
    6.10824
     4.6592
    1.71841
    4.33175
    10.6255
     54.417
    61.3975
    3.41531
    3.47494
    2.16789
    1.27676
    1.43722
    25.9421
    21.8263
    3.05113
    3.26024
    3.47399
    5.59552
    1.77405
    4.80385
    4.04347
    3.21192
    2.94273
      3.011
    3.67057
    0.47867
   0.363688
    3.32368
    6.99936
    4.72084
    5.72724
    7.59627
     6.3148
    6.61488
   0.316658
    2.29811
     3.5395
    1.01544
     1.2421
    4.85665
    6.05424
     1.3248
    7.66494
    5.09455
   0.681256
    1.72378
    2.28823
    1.86434
    2.04882
    3.22934
  0.0906114
    2.64583
    1.30494
    2.03142
    7.17188
    4.44646
   0.830973
    5.89565
    4.88925
    5.45381
    2.08963
   0.881711
    2.24804
     2.9367
    2.99107
    5.77787
    3.20185
    4.35417
   0.692128
    3.58048
    2.30889
  0.0954804
    4.67746
    7.36262
    1.75474
    2.79529
    1.08887
     4.6744
    4.69642
    4.26156
    4.32557
    3.39568
   0.474846
    7.30357
    1.95106
    8.00716
    12.8232
    18.1683
    16.9002
   0.316741
    4.12356
     1.9152
    2.33328
   0.195831
    4.48415
    6.20386
    4.15039
    1.02657
   0.622942
   0.756889
     4.8478
     3.4039
    3.46122
   0.616747
    3.33707
    1.52752
    1.12436
    2.29386
    3.85268
    7.52091
    4.35827
    5.33906
    4.91679
   0.845233
    5.27869
    2.57481
    4.38092
   0.707671
    2.22239
    1.95868
    2.53145
    3.24256
    4.19941
    6.43827
    4.04934
    3.50059
    1.47401
    2.81601
   0.587737
    4.57517
   0.505724
    2.88017
    4.03775
   0.700247
   0.617469
   0.536857
    3.82081
   0.524848
    1.80251
    2.36871
    2.38631
    2.18128
    1.50497
    7.31676
    1.03166
    2.14751
    5.44235
    8.38354
    9.99713
    9.67604
     6.1616
    2.44446
    8.16225
     2.0192
    4.50985
     6.2052
   0.130274
     3.7183
    2.89014
    3.13498
    4.99525
     3.0371
   0.503319
    3.35964
    3.77194
    6.32457
   0.282449
    9.03203
    3.79523
    1.83255
    3.74685
    1.27116
    1.79555
    1.98602
    1.27741
    3.55601
    6.18986
    10.8226
     10.412
       6.22
    4.07999
    2.49131
    2.82245
    27.4674
    2.15085
    2.57561
    8.06908
     4.7427
     4.9887
    2.24354
    9.32303
    11.0234
    7.97373
    3.93986
    7.83857
    2.28807
    2.24864
    2.15354
    2.60778
    2.21334
    1.44625
   0.112844
    3.68637
    6.96551
    28.4079
    6.35248
    9.36143
    8.48376
    3.23693
    3.59207
    4.91393
    2.42888
     8.8443
   0.649118
   0.748932
    8.55247
    7.44735
    9.08028
    5.24385
  0.0162325
   0.201515
    7.89841
    64.7147
    2.57027
    17.3068
    8.12952
    2.39467
    3.64527
   0.606279
    2.29476
    2.00327
    3.96264
    6.00504
    25.0035
    9.21851
    2.08816
    3.21411
    5.39984
     4.1303
    1.16575
    2.57375
    12.0386
    10.2678
    3.20124
    6.02217
    8.15628
    3.55233
    17.8301
    5.63433
    7.68045
   0.970288
   0.114383
    7.19967
    4.94865
    5.81481
    1.60389
    2.95102
    2.94077
    1.73657
    10.3425
    7.26561
    10.2871
    8.75641
   0.407074
    11.0041
    1.81787
    1.04485
    1.83129
    5.34405
    4.51557
    2.16778
    5.20493
   0.985491
    5.79476
    3.54655
    3.78594
    3.76367
    9.26219
    3.94496
    7.20045
     6.9103
     5.8171
    7.59611
    8.20553
     3.4624
    5.39015
    7.38452
    11.1514
    5.38487
    6.28572
    2.93091
    2.87079
    9.56343
    11.0488
    27.4251
    4.78115
    5.47703
    7.87431
    6.75471
    6.77551
     1.0127
    1.83129
   0.358361
    2.78662
    10.0707
    6.26427
    10.0542
    10.1148
     1.5606
    4.75575
    6.37629