  1.78643
   1.3666
  17.0227
  6.63332
  8.71134
  6.39605
  11.1551
  1.66045
   16.612
  15.0473
  17.1537
  5.41931
  5.91517
  10.5137
  20.1268
  9.94241
  11.8123
  10.1961
  10.9022
  23.1469
  24.4822
  26.3713
  19.7868
  3.74855
  23.2951
  14.8971
  15.8503
  13.3494
  24.4915
 0.211141
  2.03743
  13.8055
  12.4777
  4.78641
  6.33927
  2.95608
   5.5992
 0.534544
 0.637125
  5.83356
  1.63625
  2.10202
  2.60248
   0.9568
  58.2208
  52.2179
  40.7617
  41.1304
  52.9836
  8.60039
  4.20533
   25.769
  24.3918
  1.55648
  12.0362
  27.1577
  21.2845
  38.5211
  39.9074
  21.2286
  21.9146
  17.6589
  22.3021
  25.1304
  3.64316
  8.28622
  1.44909
  1.98354
   4.6457
  1.19119
  10.8895
  1.92761
  2.08798
  1.07115
  9.02751
  4.23586
  7.06769
  0.39859
  24.6111
  25.7646
  24.8214
  27.1619
  23.1275
   10.919
  12.2372
 0.326092
  9.16263
  11.0049
  12.7215
  15.4525
  17.6746
  20.8454
0.0649664
  10.4187
  9.03927
  3.84154
  11.1727
  10.4906
  17.9594
  13.3373
  17.5071
  4.45917
  5.26918
  11.7038
  9.42974
  3.04148
  13.1573
  3.88771
 0.582558
  10.3505
    6.841
  2.61345
  5.65093
  11.3452
  1.57392
  1.35981
  1.07086
  7.17813
  10.8247
  5.30284
  13.7305
  2.67977
 0.975284
  15.7894
  0.16616
  19.9008
  3.85022
  5.22097
  5.02717
  11.1291
  7.21447
  21.3935
  11.6417
   4.6072
0.0536065
  12.9567
  5.08587
  9.02926
 0.948126
  19.2421
   2.0014
  18.8517
  25.6865
  13.9383
  12.8191
  30.4858
  17.0959
  24.2214
  21.0424
  18.9611
  18.1211
  13.3688
  17.3573
  28.0542
  30.6249
   9.4825
  21.0938
  19.5737
  32.1257
  13.5847
  21.6826
  27.9497
  53.3613
  46.5717
  47.3394
   10.337
  6.44003
  3.41124
  33.8846
  25.5934
  23.3143
  31.8506
  24.3366
  14.6479
0.0598327
 0.945917
  16.2043
   15.674
  14.4397
   4.2652
  8.74343
  6.84556
  21.8375
  4.43387
  30.0171
  25.7855
  18.8365
  22.3013
  25.4591
  8.13021
  14.2769
  19.2247
  18.2004
  3.55466
  10.3591
 0.326092
  8.50288
  28.7918
   21.318
  14.2019
  18.1158
   14.773
  22.0614
  17.3741
   20.029
  19.0604
  33.6396
 0.473262
  1.17742
  3.66086
  5.99138
  6.78214
  7.11559
  50.4218
  58.1123
  24.4801
  31.2065
  23.6239
 0.889713
  8.91301
  13.1444
  1.80574
   35.573
   61.591
  25.0063
  29.0218
  17.7826
  30.2475
   17.835
  29.5035
  19.1168
  13.1661
  10.0492
  11.8278
  17.8232
   9.4526
  4.77262
  4.25449
  12.1608
  6.23247
  9.30142
  7.54668
  21.8149
  11.5665
  18.4199
   9.8886
  11.1366
  2.28446
  6.45235
0.0586646
  10.6083
 0.309115
   2.9526
  1.98649
  5.09216
  15.6168
  10.5832
  11.5109
  12.2127
  7.86165
  14.2376
  2.56408
  2.72842
  11.0501
  6.22113
  10.9136
  8.34799
  4.91614
   1.7033
  2.05758
  12.8384
  4.73757
   19.716
  7.89502
  12.4011
  12.4791
  8.87441
  7.92713
  4.38433
  9.44183
  14.1338
  9.30589
  3.61468
  17.4111
   7.9575
  7.39194
   22.191
  18.2116
  9.27515
  1.99019
  7.71371
  13.6236
  6.78225
  11.2692
  16.8388
  3.90619
  16.9812
  15.5492
  4.47039
  27.7368
  22.9654
  21.9418
  27.6203
  20.7154
  21.3213
  17.7936
  21.4401
  32.3708
  25.3863
  2.77075
  15.3206
  16.1602
  18.0304
  15.0485
  16.0946
  5.85612
  31.5145
  52.0783
  44.0654
  56.2377
  2.69381
  2.74362
  4.69367
  2.65266
  3.34814
  5.97942
  2.71627
  2.21435
  8.56214
  49.4784
  42.7073
  25.9915
  18.8097
   9.9808
  30.7727
  33.2049
  11.8579
  9.52293
  10.0966
  18.4016
  5.32807
  12.1234
  13.4963
  5.45707
  2.08438
 0.458641
  16.5044
  19.3434
  4.81927
  6.77101
  5.62743
  20.4856
  22.9754
  25.8011
  17.4517
  6.30099
  8.11163
  2.27176
  1.82115
   4.0141
  15.4318
  3.65212
 0.822695
  4.17587
  8.04997
  10.0681
  10.8727
  4.78336
  2.91452
  6.21905
  11.7136
  21.0174
  11.7963
  17.5221
  8.57361
  9.11492
  6.11328
  13.2762
   17.201
  21.4571
  3.97515
  12.9564
  9.78701
  8.55434
   5.6715
  12.7547
  4.67474
  4.84427
  7.95418
  1.73648
   7.8342
  4.78071
  2.30302
 0.868421
   1.1707
  18.9973
 0.893015
  14.3013
  1.77453
  8.02977
  5.40713
  10.0677
  10.7983
  15.5106
  17.9486
  10.9334
  17.0575
  3.80999
  12.3044
  9.11085
  1.05531
  18.0006
  2.27599
  19.4589
  23.0959
   19.736
  14.1704
   20.144
  18.9878
  19.4438
  24.8093
  37.8362
  20.3887
  7.37187
0.0220833
  33.8007
 0.348902
  29.7922
  25.2961
  11.3689
   40.513
  56.0535
  45.4827
  2.88657
 0.503376
  3.41226
   1.3738
  8.92325
  4.84291
  2.69381
  3.23593
   55.693
  25.9116
  19.3886
  7.51968
  23.9872
   27.042
   9.0947
  5.06958
  3.77817
  15.5174
  20.4679
  20.7516
  20.8448
 0.134455
  12.6464
  33.8174
  2.83407
 0.688985
  3.10107
  9.79865
  21.8573
  27.5104
  11.5927
  1.57082
  12.0132
  11.9517
  10.4086
   19.861
  9.18902
  17.2811
  8.38712
  3.71459
  8.65713
  4.00911
  5.70611
  6.20907
  24.9572
  7.30601
  8.14403
  2.23253
  16.7135
  5.61381
  11.0929
  3.94526
  22.6533
  11.4438
  10.9987
 0.765958
  1.55577
  15.6527
  16.9112
  19.5612
  8.82345
  17.0575
 0.878205
  1.12614
  6.79222
   5.5523
  4.17494
  4.34575
  15.9596
   14.929
  5.02491
  15.8889
  6.58715
   20.584
  27.5951
  2.71202
  25.5982
  18.6935
  42.9419
  43.7216
  8.36384
  2.51834
  4.80582
  1.38772
   5.7795
  5.89843
  49.2773
  39.7059
  33.0336
  29.8934
  33.6563
  16.6612
  18.2991
  12.7362
  22.4561
  5.63809
  12.3141
  12.9649
  4.17198
  11.7144
  1.44207
  1.06038
  22.3222
  34.8658
  25.1301
  1.27425
  25.7161
  19.2138
   28.155
  28.2663
  23.9868
  6.63767
  10.3415
  26.2962
  35.3675
  1.67992
  24.8931
  20.2361
  11.0432
  12.8474
  5.80679
  13.8742
  12.0622
  24.9423
   12.376
  7.38835
  20.9553
  25.8382
  22.2129
  55.8783
  0.67782
  8.02807
  1.49688
  10.4274
  11.1515
  24.7065
  2.61696
  3.77838
  56.5811
  4.71987
  5.76792
  38.3697
  17.8566
  17.9899
  28.8346
   23.934
  10.7498
  8.18983
  20.9108
  15.0816
 0.603011
  3.45329
  22.1145
   5.2514
  18.7658
  15.1944
 0.769882
  25.2345
  7.72402
  6.78944
  11.5931
  1.67172
  34.9676
  7.54652
  13.7907
  6.69104
  15.7523
  15.9469
  21.4364
  25.3154
  24.8944
  31.3814
  34.0234
  3.91986
  15.0151
  18.2544
  2.72526
  6.59041
  10.3807
  21.4037
  13.9109
  20.4348
  25.0099
  18.6129
  14.4458
  14.2731
  16.2426
  25.9316
  10.2142
  21.2053
   39.915
  3.52979
  33.7035
  19.9529
  23.1669
  22.0167
  22.5627
  3.85902
  11.9619
  17.3769
  27.7155
  12.6779
  9.04734
  0.82039
  3.33392
  12.7879
  17.2142
  4.45987
  45.5471
  49.1925
  23.7546
  12.0016
  35.8807
  22.8099
  25.0447
  24.1823
   17.589
  6.46889
  14.0165
  15.6293
  18.2718
  24.9997
  23.5698
  12.6518
  24.0201
  34.2286
  20.1569
  31.6368
  13.0769
  16.8047
  11.7105
  21.8375
  10.2262
  35.2125
   14.421
  2.24586
  3.77511
  4.79729
  4.95031
  13.3409
  23.7687
  12.1447
  15.7469
  12.9201
  16.7324
  19.8071
  2.28577
  33.3507
  35.3341
  7.63057
  11.9801
  16.6487
  23.3757
  19.1028
   18.005
  26.3457
  16.7662
  22.9372
  17.9987
  27.8894
  1.87429
  20.1647
   40.322
  22.3207
  22.1035
  11.8329
  47.0429
  15.2963
  26.3561
  6.81173
  11.1359
  1.24733
  20.3287
  3.22835
  15.0263
  21.5377
  9.63156
  46.3422
  62.5055
  13.2855
  20.2441
  8.55963
  24.9117
  53.9949
  46.1652
  10.7519
  20.3583
  1.07332
  10.6255
  6.85523
  7.73408
  17.1647
  24.4554
  11.2261
  8.59927
  19.3504
  14.4561
  5.15255
0.0118008
  20.4063
  35.9461
  23.8908
  14.7935
  17.1069
  6.25971
  20.3895
  7.67939
  10.9087
  9.89009
  7.47854
  23.9669
  8.91568
  10.6116
  13.0385
  7.17549
  12.8278
    20.11
   9.6563
 0.656664
  38.5842
  7.80598
  60.2501
  10.2582
  23.6997
  37.0904
  23.6426
  25.5866
  32.0276
  49.8656
  17.2249
  4.05185
  5.46551
  2.66529
  13.0492
   0.3528
 0.555479
  23.4887
  3.10515
  11.6478
  13.9239
   9.1845
   18.192
  44.1852
  2.18358
  14.6396
  24.4591
  10.6768
  27.1591
  30.0691
  7.21322
  2.16624
  42.3212
   11.916
  1.79906
 0.749327
  21.7326
  3.21476
  7.42193
  11.0942
  19.8261
  8.69262
  18.0495
  9.08694
  32.4219
  5.08729
  24.5566
  28.6241
  16.9365
   12.512
  41.2503
  20.3022
  23.8154
  24.8619
  27.4958
  30.0455
  13.2939
  24.5787
  25.6368
  24.6674
  13.6232
  29.7214
  18.6463
  25.9723
  24.0493
  25.8222
  10.6555
  12.3711
  20.9063
  25.5356
  14.4086
  16.9929
  21.0618
  39.4099
  21.0974
  9.29354
  16.1414
  6.36609
  27.0019
  5.07515
  30.1312
   14.636
  61.5871
  16.2483
  8.71376
  25.1392
  21.1169
  20.7874
  14.1891
  5.63137
  33.6222
  10.9116
  6.75385
  19.8935
  27.6382
  2.14195
  28.8743
  12.5214
  23.3967
  28.2684
  9.63023
  33.6896
  24.2971
  16.3534
  33.9913
  25.9819
  25.5701
  15.1403
  8.92963
  22.7643
 0.564534
  30.6032
  23.5816
  23.9047
  17.9832
  15.9138
  21.8394
   22.917
  20.5861
  15.8124
  29.5654
  24.9084
  17.0951
  17.3201
  26.3824
  33.7237
  1.94387
  42.8235
  0.32511
  32.8039
  26.9159
   22.158
  13.7065
  33.4217
   17.456
  13.9366
  28.3528
  7.26501
  19.0279
  26.8649
  22.8995
  12.6933
  1.70469
  15.6262
  35.1357
  25.2074
  15.0402
  19.2323
  11.3968
  15.7712
  13.5296
  31.5178
  17.2052
  17.4713
  4.89454
   23.227
  23.4508
  35.0991
  24.2148
  13.8996
   0.3476
  18.5131
   33.181
  25.8381
  6.82074
 0.613447
  29.2819
  1.63213
  6.73171
  32.9697
  25.3738
  17.5392
  4.32941
  19.4025
  21.5472
  23.9954
   32.266
   28.138
   33.959
  2.42705
  17.3807
  25.9406
  25.6827
   25.646
  16.2959
  39.3604
 0.549238
  20.9251
  12.3341
  14.9799
 0.934848
  50.0638
  16.3723
   16.526
  8.79717
  13.0097
  21.1538
  8.63337
  12.4938
  2.73569
  10.6698
  13.4687
  37.6739
  28.8995
  24.9452
  20.7461
  25.1053
  14.2311
   23.717
  7.74849
   1.0427
  20.6617
  15.0651
  17.7773
  23.1814
  24.4418
  26.4765
   34.207
  28.6795
  18.3058
  25.3028
  27.9452
  16.1839
  4.32622
  10.6951
  8.85191
  5.91366
  21.2477
  17.9252
  39.3189
  10.0755
  31.4253
   12.915
  17.4958
  8.47934
  55.3933
  2.52561
  18.7325
  12.8043
  9.28263
  24.2877
  7.22026
 0.298343
  6.54797
  9.43137
    16.03
 0.571431
 0.778764
  13.3109
  48.5978
  2.44605
  10.9475
   25.629
  16.5661
  5.88285
  42.9622
  14.7866
  28.3774
  60.0169
   21.232
   9.0406
  17.7779
 0.224315
  9.33521
  11.5793
  44.3897
  16.7466
   3.5787
  8.31461
  16.5147
 0.916362
  15.9787
  5.59503
  11.4301
  9.30529
  33.3511
  1.90579
   3.0437
  13.0508
  13.8635
  10.4143
  9.89919
  9.65473
  22.1769
  5.55518
  19.4722
  3.59462
  5.34668
  13.5706
   4.4547
  7.57587
   12.282
  11.8295
  10.4418
  5.82123
  12.2776
  10.1304
  18.6935
  12.2835
  6.42947
 0.204811
  10.0999
  15.6231
 0.862477
  1.42668
  7.24737
  19.4902
  5.70085
  3.73973
  10.0871
   3.1029
  14.4656
  3.77528
  17.5169
  6.22981
  1.65709
   13.955
  18.1566
  8.51337
  38.5031
  2.42375
  11.4305
  8.74599
  10.5188
  16.1874
  24.1945
  4.07859
  3.47702
  12.9397
  20.1023
  8.91432
  14.1456
  53.2885
  34.0211
  1.93713
  34.8343
  16.5981
  14.4327
  29.3411
  17.0693
  23.1966
  37.1946
  9.27572
  22.5364
  24.1307
  36.2219
  12.7093
  1.54862
  31.2957
   1.3808
  31.4604
  7.12536
  26.5106
  26.3483
  36.5824
  6.83474
  3.92082
  13.9072
   22.494
  11.6407
  9.59566
  16.4385
  36.2081
  18.4498
  26.8642
  8.64996
  10.6529
  1.86678
  26.1545
  37.2366
  15.5889
  23.5056
  26.2712
  18.2229
  14.4618
  35.9382
  11.2746
  2.41778
    6.481
  25.2824
  31.4604
  27.7552
  25.9554
  25.8426
  1.25976
  34.6212
  23.9619
  27.5233
  46.3191
  42.5171
  58.9627
   26.663
  33.6356
  4.65158
  34.4353
  5.95234
  2.21545
  9.23229
  13.0586
    13.21
  12.2335
   3.7277
 0.940039
  2.19258
  24.8864
  7.36667
  5.66113
    13.21
   31.933
  15.6962
 0.977885
  22.0246
 0.858156