3.58479
4.69779
4.78323
4.93323
5.35414
5.76571
 7.7926
 8.9886
9.18655
10.7032
11.6828
11.7291
12.3296
12.6302
12.8327
12.8823
13.3873
  13.53
13.7953
13.9345
15.3963
15.6681
15.6966
16.0092
16.1114
16.5119
17.2034
17.7092
 19.067
19.2395
19.5761
20.0411
20.4083
20.5998
21.1751
21.8672
22.0161
22.4003
22.4537
22.4811
22.6324
22.8198
23.0364
23.5591
23.9338
23.9353
24.2002
24.2752
 24.282
24.3462
 24.599
24.8503
25.0311
25.3365
25.7956
  26.01
26.6974
27.3008
27.3671
27.5133
27.6058
 27.659
27.8089
28.0678
28.1742
28.9051
29.1537
29.1798
29.1864
29.7766
30.0368
30.9378
32.9239
33.0336
33.2238
33.3237
33.4245
33.4809
 33.599
33.6133
33.7821
33.8577
 33.988
34.4817
34.5277
34.7843
34.8513
35.0086
35.6304
35.7538
36.2473
36.7231
 36.807
38.1015
38.3108
38.3558
38.4444
38.7698
38.8721
39.2996
39.3043
39.5799
39.5983
39.7083
39.8347
39.8826
40.3467
40.4042
40.4513
40.6083
40.6991
40.8989
40.9141
40.9547
40.9682
40.9733
41.0061
 41.114
 41.115
41.1625
 41.166
 41.234
41.2585
41.2967
41.3145
41.3498
41.4945
42.1551
42.1708
42.2494
42.5725
 42.837
42.9268
43.2068
43.3205
43.3503
43.9147
44.0033
44.3377
44.7508
44.9566
44.9629
44.9823
45.1544
45.3024
45.3401
45.5072
45.5314
45.7079
46.1332
46.2965
46.3857
46.4382
46.4541
46.5202
46.6682
46.6844
46.9789
47.4284
47.5599
47.5961
47.8724
47.9062
48.3253
48.3819
48.4664
48.4948
48.8519
49.0133
49.1943
49.2199
 49.354
49.5136
 49.624
49.6803
49.7435
49.9072
50.0366
50.1783
50.2704
 50.363
50.4284
50.4418
50.4634
50.8557
50.9438
51.9724
52.0161
52.2469
52.4691
52.7499
52.8564
52.9196
53.2805
 53.373
53.6125
54.3215
54.3498
 55.409
55.4286
55.4463
55.5175
55.9016
55.9814
56.0839
56.0892
56.1362
56.3009
56.7285
56.9484
57.8611
57.9624
58.0552
58.1859
58.5593
58.6483
59.1302
 59.369
59.4366
 59.483
  59.63
59.6748
59.7695
59.7785
60.3904
60.7388
61.5384
 61.795
62.1041
62.1374
62.1451
62.3852
62.4936
62.6588
62.7219
 63.453
64.8383
65.2201
65.2823
 65.293
65.5402
65.9946
66.4479
66.8185
  66.91
66.9594
67.5426
67.9472
68.1905
 68.243
68.6401
68.6776
68.7143
 69.357
69.4774
69.8556
70.3029
 70.475
70.5569
70.9937
71.0384
 71.418
71.8305
72.5301
72.6175
73.0988
73.2989
73.5125
73.8954
 74.522
75.2723
75.7765
 75.892
75.9326
75.9909
76.1563
78.4152
79.0414
79.9213
80.4411
80.8583
81.8123
83.1636
83.2472
83.2642
83.4092
83.5708
83.9349
84.0577
84.3389
84.5954
84.9957
85.5432
85.9126
86.1687
86.1933
87.3506
87.6367
87.8231
88.3467
88.3779
  88.54
89.1102
89.1742
 89.288