  14.0852
  16.5322
  6.85364
  3.61782
  4.57406
 0.702219
  6.85961
  7.66252
  11.0262
   20.967
  6.18396
  12.9034
  16.4679
  21.7216
  16.6416
  21.2539
  9.35359
  14.7606
  18.4188
  12.9632
  18.3845
  11.5874
  12.3299
  14.0162
  21.7387
  17.6411
  14.1855
  14.9274
   3.7664
  19.8134
    10.84
   2.6524
  7.27634
  10.6055
  30.7477
  7.47645
  1.36525
  9.70642
  3.95531
  7.81716
  17.3726
  13.9702
   49.607
  6.52132
   10.407
  5.35275
  2.79283
  10.7084
  5.11939
  2.37212
  3.88065
  5.18991
  13.6794
  12.9814
  3.94849
  11.8752
  1.22293
  8.77933
  3.74257
  1.18347
  7.61745
  10.1193
  8.22427
  2.28257
  20.2732
  11.8298
  24.5098
  9.73074
  17.7162
  5.87177
  7.12529
  4.68549
  5.91776
  22.0785
  33.7293
  16.7607
  11.1348
  13.3744
  33.9889
   10.798
  24.6482
  36.8878
   6.4484
 0.362619
  5.14036
  9.69784
  4.63927
  1.81791
  22.4849
  5.13579
 0.542119
  5.28225
  9.03566
  12.7229
  18.6627
  21.2887
  15.3566
  16.6852
  13.3918
  30.6043
  3.63148
  20.0047
  6.05893
  18.4278
  10.1863
  21.0047
  12.6924
  12.7115
  12.2117
  4.95462
   1.8824
  4.94449
  3.23951
  1.10153
  1.42988
  4.55515
  17.9831
  1.26427
  8.17695
  12.2436
  21.2078
  14.0904
  8.45398
  8.67171
  1.26729
  8.63491
  1.45663
 0.757658
  7.34462
  19.0903
  4.34233
  10.8518
  10.6826
  10.0186
  17.1799
  10.0207
  5.02572
  1.13483
  17.0032
  15.5789
  11.9979
  15.3741
   6.9068
  12.6305
  15.4463
  9.53111
  15.6952
  17.4061
  6.73028
  14.3298
  5.59534
  16.4113
  24.9708
  6.61855
 0.110215
  11.6665
  15.9387
  18.8025
  2.41066
  3.19731
  21.3005
  20.1601
  23.7333
  9.81623
  14.0207
  20.5874
 0.868424
  17.2194
  22.5546
  15.2209
  15.1153
  20.7812
  3.60155
  9.91595
 0.941829
  10.6364
  11.8892
   5.0446
   22.029
  7.04357
   23.811
  7.08814
  4.22419
  10.1387
  5.87392
  6.32905
  20.4936
  24.3205
  18.0301
  25.7159
  9.56547
  22.7916
  15.4119
  15.8525
  9.55528
  15.3741
  21.8242
  28.1629
   18.152
  1.13695
  33.2773
 0.185908
  14.3391
0.0759377
  1.81204
  13.7741
  11.1622
  21.6315
  6.73524
  3.26317
   2.2643
  19.2759
  23.6971
  2.59435
  25.5685
  20.5026
  17.4365
  24.8361
  6.92559
  2.70431
  12.4796
  6.63418
   23.123
  5.71783
  5.43507
  30.8988
  14.2816
  8.40942
  22.5527
  13.8001
  9.33754
  15.0589
  27.9122
  30.3438
  9.48172
  21.6485
  1.85181
  12.6809
   3.7955
  20.8046
  24.2286
  31.0847
  13.2763
  36.8312
  19.1593
  33.2923
  2.02961
  1.02976
  25.9421
  7.39417
  2.35503
  34.4871
  2.46957
  4.68293
 0.445473
  4.85526
  7.27567
  6.65836
  27.9811
  8.07025
  6.00438
  22.4464
  16.4848
  24.1428
  8.42909
  4.09814
  8.11293
   4.3971
  8.84038
 0.987338
  1.47447
  13.8655
  1.85822
  6.23096
  5.30253
 0.964222
  7.64212
  5.48144
  1.81043
  1.12047
  2.69037
   4.5187
  3.99587
  10.2275
  20.0895
   12.124
  4.31738
  3.56642
 0.234656
  2.78617
  5.72403
  29.3028
  2.17814
  20.6694
  4.85002
  8.59268
  13.1629
  6.75766
  4.72439
  24.1219
  21.8259
  18.2666
  31.8413
  31.1729
  5.58823
  8.01986
  27.8067
  27.6295
  18.8505
  26.3947
  9.99042
 0.822628
  22.5084
  20.4659
   15.585
  2.41177
  8.22355
  15.2042
  35.9382
  2.79048
  16.5259
  29.8178
  14.4397
  8.55452
  15.1324
  23.0748
  2.95904
  23.9305
  2.17655
  16.7819
  22.3393
  6.21793
  3.62317
  4.66275
  8.72076
  27.3502
  6.25341
   7.1158
 0.151474
  8.40017
  5.91775
  5.60181
  5.94958
  7.95862
  17.5182
  9.52291
  1.76958
  12.7801
  2.57152
  4.08421
  23.6143
  18.7128
  17.2123
  5.25421
   7.3428
  8.57993
  13.6697
  8.56598
   7.3773
  1.97965
  4.74436
  26.1461
   3.3117
  8.00434
  33.8533
  29.6469
  11.8229
  2.22115
  18.7649
  4.27636
  4.09463
  19.3291
  5.22763
  4.06352
  11.0468
  13.0234
  8.57472
  9.03463
  14.6471
  8.50045
  5.55176
  8.90218
  4.15468
  4.98322
  1.48947
  2.69921
  10.5059
  7.23322
  24.4405
  15.3103
  3.53291
  3.59816
 0.540663
  3.37083
  26.2917
  6.71298
  14.0626
  1.16312
   7.1859
 0.480966
  22.8857
  38.3917
   5.8018
  33.7346
  25.0009
  20.1876
  0.62233
  7.58234
  6.35425
  7.05841
  7.51391
  12.7505
  6.11612
  9.08325
  5.70582
  6.84471
  13.5176
  30.1201
  2.88276
  2.54752
   4.7306
  1.49065
  2.70198
  6.84526
   3.4138
  4.39793
 0.437444
  14.5087
  11.4674
    21.01
  16.0995
  4.62417
  8.92294
  2.70641
  11.1724
  14.6478
  8.86444
   4.6453
  4.93078
  16.4914
  17.9675
   19.368
   18.995
  5.99591
  7.23487
  3.67988
  1.35004
  2.00401
  7.73546
  3.65186
  8.35934
  6.71655
  16.9255
  17.1397
  15.0985
  20.0424
  4.97093
  11.2542
  8.71885
 0.975341
  3.37756
  1.41763
  2.72315
  4.49015
  8.11035
  14.6437
  0.26494
  6.69022
  1.06908
  30.7961
  2.92078
  9.13448
  7.85837
  5.38212
  29.1246
  8.16369
  3.92655
  6.40427
  1.25142
  5.95839
  8.11969
  4.47933
  9.71607
  17.2456
  5.70868
  27.0314
0.0969454
  4.81584
  6.97967
  8.93825
  26.8788
  28.7988
  5.32042
  7.39004
   8.1359
  7.00809
  17.0988
  7.49606
  1.17464
  2.89537
  18.6276
  23.7894
  2.53348
  18.2738
  10.2306
  6.64734
  21.4477
  9.02651
  28.2043
  3.10098
 0.327604
  5.37181
  3.17169
  34.7333
  3.97885
  3.65498
 0.636442
  3.68456
  6.09679
  1.27448
   2.4826
  9.99955
   6.0328
  3.22058
  7.69892
  36.6678
  31.2546
  21.0878
  1.88746
  15.3082
  2.52993
  21.5364
  2.69273
   38.308
  2.83995
  25.5681
   35.326
    3.683
   7.6577
  27.5407
   6.1993
  6.38277
  7.47968
 0.769224
 0.716357
  7.23544
  21.4633
 0.689518
  5.57128
  13.9156
  1.30808
   10.084
  32.0593
  10.8602
  2.53859
   8.0205
  29.4434
  14.9749
 0.166397
   5.4766
 0.165799
 0.496006
 0.148045
  3.65885
   4.9924
  6.68904
  2.86923
   18.897
  18.9567
  6.07059
  3.53451
  40.1229
  5.70446
  6.87088
  24.5225
  6.31812
 0.770586
  2.45338
  10.4823
  6.49122
  3.62772
    11.24
  28.7036
  17.5434
   7.1085
  12.9118
  11.1756
  5.62754
  6.53307
  9.23896
  3.14007
  20.5678
  3.56159
  11.3282
  6.29067
  7.75461
  30.9488
  13.2843
  11.7739
 0.598499
 0.287638
  33.2526
  22.2148
  14.1071
  1.46969
  22.4558
  26.3546
  9.68033
  33.6816
  11.8208
  11.8287
  5.05213
  10.5573
  19.4269
  12.1706
  12.1946
  15.7678
  23.9818
  5.26859
  22.9038
  15.8945
  8.43343
  15.6615
  15.2186
  17.5816
  7.43471
  2.92004
  11.1234
  1.80086
  8.30921
  11.6491
  10.8094
  8.50613
  5.38741
  16.1734
  16.5065
  1.78124
  1.59528
  24.7752
  12.8371
  12.3422
  25.4023
  26.0472
  11.6908
 0.559838
  1.97358
0.0832999
  1.69244
 0.461204
   2.6384
  6.42545
  16.0688
  10.0337
  23.7556
 0.821351
  13.7433
  24.4164
  14.6053
  2.28147
  7.76935
  26.3518
  23.0787
  10.5411
  2.89925
  15.3985
  3.29461
   10.875
  1.38258
  23.9749
  5.52495
  1.32329
  12.7946
  26.3122
  15.7612
  26.0658
  15.6358
  13.8089
  19.5006
  6.10263
  19.9077
 0.486745
   22.234
  5.79115
   7.1672
  4.20402
  16.8524
  18.3588
  19.5287
  5.39072
 0.441311
  14.4869
  1.69947
  5.44376
  11.5394
  22.1933
  23.4995
  7.56656
  23.9749
  6.80007
   7.1726
  16.1611
  9.44973
  10.5901
   26.687
  4.58204
  5.57873
  15.0326
  5.27317
  4.29513
  9.23107
  3.06498
 0.552226
   1.2137
  10.6289
   33.968
  4.84358
  8.35792
  1.94647
  8.48096
  26.2146
   2.4199
 0.895761
  19.6192
  1.55519
  8.54142
  7.91027
  20.2625
  14.3452
  14.1068
  5.02083
  44.4057
  1.84587
  4.29489
  6.67938
  8.74743
  2.63587
  7.76626
  5.17287
  11.2085
  2.97499
  6.84565
 0.512393
  15.0074
  18.7334
  7.87269
  2.49869
  8.38947
  6.04745
  41.7705
  4.81386
  7.45841
  8.33655
   16.444
  12.3657
  16.4469
  13.4827
  10.4483
  3.35215
  0.31316
  10.9274
  3.14083
  1.74729
  3.48136
 0.964799
 0.463703
  17.7732
  9.94275
   41.092
  11.6589
  2.38358
  11.2916
  17.2056
   3.9598
   15.888
  4.47846
   47.969
 0.361906
  18.2996
 0.118829
  20.2107
  2.50729
  2.77969
  15.2372
  11.6419
  33.7838
   12.519
  9.10573
  6.97179
  28.1271
  9.76188
  6.79464
  19.0727
   23.807
  1.21141
  15.6127
  17.2427
  16.3398
  9.68725
  16.8645
  16.2879
  5.99913
  4.54398
  3.32769
  17.2262
  21.2498
  12.1727
  1.63489
  25.5353
  13.5372
  18.5276
  27.0519
  7.93737
  2.72418
  18.8808
  2.30534
   17.744
  12.0191
  1.93536
 0.235339
  11.8582
  8.65334
   22.107
  7.92966
  4.90328
   13.539
  3.78185
  3.26348
  32.0595
    19.05
  9.42321
  8.25966
  10.4734
  25.2704
  10.8482
  19.5274
  20.3071
  2.27839
  11.1604
  30.4686
   1.4813
  15.0668
  14.2762
  16.1748
  2.27142
  4.22795
  10.0616
  10.3202
   6.0642
  35.0446
  35.3363
  2.55757
  14.5769
  9.03771
  2.07512
  3.51557
  8.38772
  16.7848
  19.0829
  25.2247
  4.14158
  16.3939
  5.80916
  12.8457
  14.6766
  14.2695
  7.68741
  22.0354
  18.6556
  32.3178
  15.5575
  18.0198
  16.0586
  5.69615
  2.95663
  7.60771
  1.73676
  26.8365
  16.1379
   1.5781
  8.11809
  3.57973
  20.0116
  2.61291
  0.76706
  10.8438
  11.6635
  19.7308
   7.5282
  13.4571
 0.625959
  3.35968
   8.0243
  16.8875
  5.81646
   30.749
  29.7338
  30.0063
  6.88878
  11.4837
   4.4527
  32.7032
   31.921
  6.64416
  15.0586
  11.2746
  3.87898
  2.60304
  3.79796
  10.7362
   11.471
  6.30415
  14.1415
  19.1971
  14.2954
  14.3192
   2.7859
  10.0256
  14.6578
  9.64459
  5.69577
  17.6716
  10.9547
  15.4086
  18.5692
  17.1537
  10.5229
  8.40444
  11.8254
   16.594
  5.43224