56.4686
49.7778
48.8489
 16.725
15.8241
36.2671
61.6525
60.9294
63.7736
52.8131
36.4346
58.0191
43.9357
62.7813
62.7607
65.4841
65.4848
56.5442
56.8639
57.1807
 56.509
58.1389
58.1177
56.5839
56.2226
76.4202
14.0266
78.4373
29.4948
50.9357
16.2276
28.9713
30.0635
29.7367
51.0272
25.7619
21.9394
31.5585
25.4409
22.5713
50.8675
51.8636
15.6613
26.1172
22.2188
19.2498
23.7224
19.6867
37.2712
52.1341
 41.999
40.3759
25.8369
51.6279
56.9988
 56.979
54.3073
54.1527
54.2209
58.2781
58.7016
 57.557
58.1972
57.4455
56.4883
54.7882
57.6147
54.6781
56.3092
62.6662
 61.784
59.8093
57.2845
57.9635
58.7566
58.0132
49.7167
39.1818
43.6596
 44.824
56.5077
55.6664
57.7294
 58.096
 57.673
55.4164
57.2338
58.2167
53.4545
51.8005
53.8286
54.0069
61.0347
54.3821
39.4923
54.5571
54.2888
54.8102
 54.567
55.3565
60.1406
49.2653
55.9836
56.0666
55.8664
55.3326
56.1073
58.5217
62.5412
61.6561
55.0853
64.1553
55.1415
55.1272
69.1745
 50.033
 41.615
53.8964
36.3067
54.4502
52.9948
57.2254
51.8627
60.0264
65.5167
63.3205
 62.648
60.2967
62.8354
63.9594
59.2456
57.0668
61.9048
56.5402
56.6788
58.8756
58.8119
59.1893
53.0399
  54.47
53.9559
54.7479
53.5541
57.0264
56.7596
26.8189
49.9576
21.0733
42.6145
 20.591
15.6987
30.5231
27.7734
32.9509
31.7252
20.3696
25.5298
23.0503
29.4949
17.4842
21.9018
55.2565
50.8808
54.1752
63.6789
51.5545
53.6645
45.5492
57.4734
 50.205
57.6976
56.0423
57.0906
61.0407
60.1609
56.5366
58.1189
58.8263
55.3835
16.0045
46.5916
19.4791
41.8996
27.2088
16.8003
15.6562
24.2422
24.6254
19.7854
24.3946
 19.411
23.2455
24.7522
23.1444
32.7098
35.0368
35.3685
31.2052
16.6266
57.7486
37.4929
14.0511
41.6311
56.3096
54.3703
53.6483
58.7851
58.1006
56.1875
57.6547
64.5208
64.6249
 59.979
60.1196
49.7167
40.1692
41.4932
36.1617
57.0866
53.4979
58.0037
60.9791
53.4263
17.7539
17.4846
52.5673
52.1212
52.7787
63.7691
54.9781
 33.217
33.6792
25.3861
32.1785
56.1477
57.9892
 55.309
58.2131
61.9153
29.2479
47.0304
37.7685
53.7999
30.5056
56.8158
52.7714
49.2533
50.3673
59.1788
58.1352
57.3179
63.3698
60.4774
58.8135
62.9952
62.9239
62.9067
63.2754
64.0565
62.9175
54.8959
56.5118
56.7281
56.2515
57.9003
58.4667
58.9513
57.5131
53.0711
55.1941
54.1372
46.5433
 25.225
64.2601
40.2924
29.3594
18.9636
24.2863
24.9713
28.5521
 56.424
28.4765
57.7564
17.2143
 17.112
31.0892
29.1683
 20.473
20.1122
26.0956
18.1815
29.7672
32.2444
37.5074
46.6269
55.5256
54.1549
54.4337
52.6106
57.9353
52.7283
49.6132
61.0686
54.2888
 56.084
52.8281
60.8109
38.7735
56.4536
42.5736
61.7863
40.9561
27.4254
36.3583
57.2263
30.1017
15.4701
18.5588
 45.873
73.7361
68.8357
64.2601
70.6517
54.1802
56.6907
 56.955
54.3707
53.6013
63.1756
62.8775
49.2854
59.5111
52.4684
16.3111
53.3056
53.6191
60.7798
60.1292
38.6075
61.3496
55.9943
56.9334
55.4668
 42.082
55.3435
69.6633
53.6621
40.1705
60.0467
58.2589
 59.243
60.7289
60.3275
59.4974
59.0282
58.8064
62.0419
64.4304
64.6647
62.8859
51.6227
53.7054
55.9993
56.6761
57.0454
58.2828
57.5536
58.6654
55.2228
55.3377
56.0636
54.4807
78.5863
 37.507
41.0996
30.0266
 38.114
22.9971
17.2116
19.6359
29.5258
42.5459
28.7371
21.6772
20.6376
25.3276
 24.525
29.7672
37.1074
17.1879
24.9722
21.5877
 37.159
35.7891
57.8388
56.9862
55.8452
61.8752
63.0029
 50.357
54.2338
 55.596
54.0031
 60.006
56.0903
54.3388
41.9708
58.7342
62.8339
56.7575
55.8451
54.0941
29.0745
18.5597
55.2424
53.4169
55.8088
55.9947
54.1806
56.2861
58.9961
55.9993
33.6112
55.1537
61.5683
60.3582
38.5921
49.8653
59.2741
62.3988
54.1689
34.1687
53.0154
 33.004
25.1131
16.9719
16.1398
14.5318
21.4142
 24.155
25.6582
11.4534
14.5737
32.1455
54.8005
55.1736
60.4373
51.2962
63.3744
57.3474
53.0562
50.4038
54.9843
52.9636
56.0639
53.7841
39.2375
41.5633
56.5292
  61.01
  55.39
50.2963