    2.56765
    3.10444
    2.22269
    16.0806
    10.0753
    9.99724
    1.81126
    4.18755
    19.3146
     9.1352
    4.85918
    12.1316
    11.7397
    9.72708
    10.0365
    9.84213
    11.2818
   0.755211
    16.0192
    4.72681
    25.9527
    27.3758
    29.1496
    14.3228
     16.504
    20.4294
    41.3739
    10.5075
    9.95144
    8.43809
    9.94379
   0.909045
    11.0428
    20.5215
    19.1925
    1.15369
    10.5728
      5.964
   0.942736
    4.18281
   0.822984
    3.55195
    7.34528
    4.06806
    21.7317
    11.8342
    60.9104
    55.8176
    57.6499
    59.3037
    38.6676
    3.82759
    7.35564
      17.43
    13.4809
    1.31906
    1.05318
    14.2588
    29.6028
    29.9307
     9.4559
    8.64777
    9.77362
     11.352
    4.21738
    36.9824
    11.4627
    3.00132
    17.5102
    20.3523
    3.37756
    9.96861
    8.08085
    9.74821
    8.04765
    12.6764
    11.8005
    8.36183
    16.0119
    11.2147
    19.9086
    20.4905
    27.6301
    29.2288
     25.952
    21.4417
    13.6201
    11.2183
    17.4565
    22.0164
    8.30915
    9.84118
    9.32195
    15.9039
    13.9553
    7.03042
    17.6859
    14.1575
     10.169
     11.124
    12.6848
    0.83411
    3.33256
    7.90939
    8.54343
    10.9661
    1.34577
    7.79394
    5.39054
    3.90686
    1.98138
    8.80632
   0.105816
    2.35181
   0.350241
    2.98617
    5.02816
     3.1486
    3.53089
    1.82181
    4.88077
    9.09936
    4.14453
    1.36245
    2.37519
    10.1139
    7.67235
    1.56926
    9.05087
     15.004
    17.2662
    11.7137
   0.733853
    26.4725
    15.7928
    21.2763
     7.4803
    3.77101
    1.08541
     19.057
    15.5407
    18.9569
    18.2262
    19.6492
    21.9438
    28.9368
    2.69776
    3.73856
   0.756556
    3.22318
    7.97076
    16.5887
    11.9308
    22.9172
    18.1061
    7.36948
    13.0625
    2.78597
     4.9668
    3.40446
    7.38684
    15.8649
    19.3657
    26.6629
    33.7331
     66.747
    33.2801
    48.4055
   0.977499
    9.17312
    16.8703
     35.499
    11.7783
    9.22186
    26.1059
    27.2552
     24.228
    7.01332
    7.69562
    7.42781
    14.9861
    5.15485
    4.73459
    13.0644
    1.77525
    22.8411
    12.0882
    33.4306
    11.0519
    14.4967
    26.0341
    19.8988
    13.8636
    5.18686
    15.4872
    17.5162
    3.40888
    16.7206
    11.2183
    13.7444
    22.1338
    33.6039
     6.5015
    8.23024
    2.95994
    13.6404
    9.81353
    11.2433
     6.3086
    3.14779
  0.0179519
   0.520211
    7.31836
    6.09689
    10.2197
    10.7287
    44.8788
    53.7289
     14.875
    33.1573
    12.0628
    2.13555
    11.9954
0.000351377
    5.45576
    26.9383
    28.9686
    10.3844
    1.45763
     9.6834
    5.45683
     12.704
    2.21903
    11.7642
    3.32963
    20.8524
    6.39854
    16.4224
    13.3942
    14.2394
    11.3813
     11.105
    3.63793
    1.64926
    9.40835
    12.1428
     3.9304
    25.0368
    17.3248
    8.61018
    21.6348
    13.9421
    21.1163
    13.2315
    22.4518
     8.1634
    14.3658
      20.33
    21.4135
    12.8031
    10.1687
    10.6864
     7.5231
    13.0424
    13.5838
    9.89791
    8.51429
    11.2605
    7.01575
    6.08323
    17.1524
    3.47577
    3.84426
   0.586257
   0.322223
    1.58275
  0.0104295
    8.50698
    12.0136
    17.8622
    3.10691
    7.28991
    4.20075
     8.2643
   0.373372
    4.79472
    15.6009
    14.8157
    10.9387
    23.0062
    24.1695
    16.9522
    11.1325
    6.86413
    17.1058
    10.7498
    5.45865
    4.76577
    13.6077
    32.1829
    15.9782
   0.960112
    14.0624
     14.472
     21.537
    10.9216
    4.74176
   0.369742
    12.4952
    4.99086
    26.2866
    22.7118
   0.661475
    36.9487
    14.0458
    15.9219
    16.2148
    2.32359
    24.4107
    20.2859
    21.4516
    14.6003
    37.3587
    65.7557
    43.4759
     59.951
   0.882245
    3.50659
    10.1834
    8.41916
    9.90649
    3.30325
    4.94873
    22.1924
    21.4157
    32.5204
    29.2104
    10.2633
     20.594
    2.86463
    32.5473
    17.9929
    17.5846
    13.1699
    9.64011
    13.5589
    2.84293
   0.555371
    11.4243
    19.3399
    14.6309
    16.9279
    13.7615
    16.4222
    27.4115
    9.94153
    2.49313
    5.32325
    8.51006
    5.96748
   0.826349
    3.49005
    3.81824
    4.13524
    6.12755
    13.4009
    7.57371
    14.4659
    12.0557
    11.2492
     4.4474
    17.1147
    21.1072
     2.4774
    1.36839
    3.92105
    6.70465
    15.6103
    19.2503
    15.2474
    13.7349
    14.2622
    13.1063
    17.0158
    15.3047
    3.84568
    9.83897
    8.43548
    19.0384
    6.74248
    9.24578
     7.6714
    2.17055
    4.24344
    3.99426
    5.77797
     9.6206
    1.86188
    3.27524
    7.65617
    17.7321
    1.12172
    9.48899
    17.4687
    16.8456
    21.0242
    20.9773
    22.6781
    17.0586
    19.6451
    15.3376
    18.7878
    10.7385
    8.66789
    1.48286
     9.9325
    15.4794
    21.8364
     16.414
    16.2294
    33.4177
    3.68042
    4.78244
    16.1793
    2.10209
    26.9956
     23.478
    13.5669
   0.872285
     28.776
     7.5302
    11.6987
    8.82248
     4.7891
    15.1221
    14.5123
    12.6735
     18.327
    43.6052
    56.2025
    49.2768
    6.99574
    2.67593
     3.8912
    6.98059
   0.820952
     14.096
   0.882245
    11.4867
    38.0068
    6.73682
    17.1822
    2.50252
    28.2504
     3.7973
    27.7314
    20.5947
    3.57755
    5.38118
    7.22284
     23.495
    24.1798
    24.0026
    14.6197
    2.87913
    2.59007
    13.1657
    2.15474
    4.04272
    15.1529
    29.1666
    15.9106
    13.3347
    2.90316
   0.391254
    7.56678
    2.77737
    11.4373
    20.9875
    7.69316
    9.98437
    10.3521
    5.85755
    5.11625
    3.46699
    2.93129
    13.2439
    0.99941
    13.8705
    1.39198
    7.19004
    19.5061
    21.6779
   0.105959
    11.1102
    18.4343
    19.8999
    9.71784
    3.60636
    5.95171
    26.0022
    18.5998
    29.7118
    8.66789
     6.0764
    6.22367
    12.4958
    19.2218
    17.7517
    16.0704
    15.8817
    13.5164
    21.9408
    25.6517
    19.4531
      9.961
    2.11317
    10.5594
    9.93629
    3.60043
    58.3631
    63.5594
   0.913206
    5.79183
    11.5865
    4.77462
    17.1224
    0.73201
    53.6555
    63.0359
    14.2422
    31.5624
    34.8855
    9.69685
    4.26661
    20.6871
    25.4777
    11.2719
    16.4972
    12.7335
    2.45801
    11.8315
    5.42091
    1.35311
     32.488
    26.6298
    19.4913
    21.3118
    21.0493
    8.72009
    31.0302
    35.9245
     8.8382
    14.7633
    2.31682
    30.0098
    36.7929
    14.9222
    10.0452
    19.7035
    14.8944
    10.1931
     10.317
    24.7106
    3.31787
    36.5245
    8.07449
    16.8728
    21.8352
    25.0077
    41.3268
    8.86736
    5.30973
    11.8371
    8.98106
    0.79813
    33.1597
    6.58061
    3.52213
    41.5291
    4.47948
    9.28297
    21.9433
     8.3115
    30.2035
     11.741
    23.0388
    11.4335
    11.9256
    4.56707
    9.92597
    4.42916
    31.1671
     15.087
    27.8246
    13.1332
    15.2778
    31.2256
    9.54578
    6.23517
    0.07346
    1.70541
    38.1615
    11.5392
    12.4287
     14.068
    5.63775
      7.798
    5.72207
    11.6355
    27.1944
    34.3683
    37.1065
    11.6653
    2.11578
    30.2894
    4.91181
    6.69058
     10.531
    24.6831
    31.9251
     5.7788
    10.0772
    30.4206
     29.405
    3.03331
    6.88068
    23.2497
    21.1895
    9.29823
    40.0556
    7.39725
    34.1163
    26.9044
      23.17
    32.8346
    24.1043
   0.577082
    9.72053
    15.4697
    28.5267
    11.0049
    10.3156
    5.53269
    6.42665
    12.1226
    16.9103
    19.3096
    36.4599
    54.6613
    35.8388
     20.091
    41.0672
    34.5328
    3.47967
    13.5602
    24.0204
     25.952
    9.78766
    21.6374
    2.89534
    11.9209
    25.5263
    16.3709
    21.3368
    4.29079
    16.7606
    12.7075
    21.9221
    15.0188
    16.4424
    25.7649
    17.6022
     19.546
    23.3983
     4.7612
    8.88034
    12.3911
    10.9916
   0.383804
    28.1332
    16.2498
    11.1868
    2.18222
    14.5911
   0.171362
    8.16428
    4.44149
    7.97799
    24.1672
    6.36724
    6.66595
    31.8158
      11.18
    20.5115
     21.468
    35.9044
    10.8341
    34.7964
    10.3675
    16.1302
    12.9082
    17.7103
    31.1821
    35.4033
   0.183453
    7.88637
    35.5481
    5.51842
    3.88157
    16.1775
    2.59355
    11.1598
    8.99083
    16.2994
    8.00246
    17.1771
    25.9625
    7.65769
    36.5309
    63.1922
    7.91131
    8.38853
    14.8932
    32.5738
    56.3427
    54.8239
    8.99388
    14.3368
    10.6154
    18.1172
     5.1021
    15.1407
    20.7102
    30.4047
    1.04005
    6.89012
     13.316
    11.5506
   0.294296
    10.3908
     26.905
    39.3742
    26.7792
    4.99585
    31.0104
    3.54089
    29.3481
    7.82877
    5.84164
    5.36036
    14.8189
    9.12046
    17.2657
    24.5511
    10.1088
    17.1993
    8.19264
    12.6728
    2.20335
    14.4427
    18.3632
    16.6142
    42.5101
    11.7918
    44.8462
    17.7634
    14.2197
    26.6664
    24.1023
    8.21289
     28.125
    39.5894
    13.3259
    0.47473
    15.0572
     12.344
    26.7991
    12.8671
    11.8406
    27.7474
    15.4435
    12.7832
    6.31228
    3.12737
    49.0344
    4.54162
    9.82935
    17.2238
    12.0883
    7.42241
    22.2877
    5.26101
    1.12382
    33.4619
    16.4296
    21.2289
    12.4302
   0.897071
    1.78193
    3.27886
    17.2068
    22.6201
    16.4628
    36.9483
    17.9418
    42.6555
    8.38319
    16.0755
    2.73423
    21.3928
    27.2763
    40.9935
    15.6722
    14.4461
    7.70303
    15.6547
    8.47729
    16.3446
   0.579708
    2.87365
    17.9998
    13.5605
    22.7013
    28.1578
    18.6222
    7.81907
     10.182
    33.8783
    3.89423
    25.9194
    32.5769
    10.3186
    39.7526
    14.3853
   0.143397
    7.83161
    7.09326
    17.1815
    9.68905
    3.66068
    12.0345
    62.8745
    9.02578
    12.7326
    5.70365
    25.1695
    20.9152
    6.66602
    11.9952
    27.1069
    17.9576
    7.56008
    12.7252
    30.7055
     8.7804
    17.3037
    16.8464
    27.0095
    16.7934
    12.5549
    34.2326
    43.5318
    29.1591
    34.5634
    35.7122
      8.705
    6.79113
     12.439
   0.656293
    2.86055
    12.7274
    28.8263
   0.889472
    17.3441
    18.1319
    15.3143
    13.1503
    12.9266
    6.07811
    3.20325
    20.4054
     9.8924
    24.2379
    24.7367
    3.62772
    36.8766
    7.54057
    19.0592
    1.63847
    12.2543
    14.6616
    11.5576
    7.11339
    27.5094
    10.8845
    14.1354
    33.8039
    32.8646
     3.3532
    1.85234
    23.1919
    28.5268
    13.1596
    25.6734
     12.227
    12.7376
    12.3799
    30.4775
    34.2341
    31.7561
    0.41299
    11.3284
    11.5638
    16.5473
    27.9166
    16.0837
    8.01116
   0.939302
    10.8702
    20.1805
     16.306
    11.2702
    2.53729
    16.1548
    10.5107
    2.88628
    6.59333
     17.506
    1.80441
   0.669682
    20.5355
    25.2834
    27.8914
    4.35691
     5.8887
    5.22296
    12.5073
    15.5708
    2.89409
    1.05116
    7.46631
    33.6478
    10.1215
    17.8234
    31.6543
    4.97619
   0.922411
    24.5331
    22.3886
    34.0388
    5.67008
    19.9376
    2.66654
    3.48218
    6.02814
    16.4154
    1.14565
      9.602
    23.0277
    4.56825
    7.29699
    13.2107
    14.6504
    4.01321
    22.7125
     4.2847
    1.46833
    9.20474
    9.59433
    9.82757
    13.0513
     10.727
    31.5651
    23.8036
    9.10998
    20.1116
    17.3391
    26.7404
    19.7634
    1.82315
    5.53976
   0.116819
    11.4512
    17.0939
    24.8743
    40.7416
    6.32268
    26.4205
    27.9411
    12.6134
    7.51669
    28.8789
    7.69862
   0.629108
    14.1481
    4.43488
    21.6042
    19.2112
    5.08939
   0.903496
    7.30935
    30.3294
    8.86998
    9.11643
    8.72191
    24.5774
    16.1321
    13.0479
     25.458
    7.78363
    55.3852
    11.2357
    2.49825
    45.4961
    15.4164
    24.0264
    12.8272
    5.06479
   0.995968
    7.38315
    46.3253
    5.41031
    6.48039
    12.3239
    3.07102
    7.15724
    11.0447
    3.32862
     20.011
    6.04086
    15.5912
    6.19762
    6.91589
    10.8665
    5.37221
    2.24638
    0.58631
    20.8375
    12.1295
    10.7206
    5.69419
    5.60347
     2.1209
    9.41008
    10.0862
    9.64091
    6.39798
    2.68439
    1.69781
     10.622
    8.51944
     7.7121
    3.24707
    9.59435
    12.2735
    6.15517
    3.97368
    5.09225
    11.3261
    8.13338
    6.05731
  0.0814909
    4.52598
    22.5161
    8.16219
    14.5125
    25.4689
    12.5802
    3.31159
    7.16649
    4.66975
    13.1151
    38.2488
   0.627059
     10.769
     6.0424
    24.5696
    7.18286
    46.4499
    5.98252
   0.941059
    4.94334
    20.1086
    9.99155
    58.8574
      34.15
    12.9592
    42.8376
    13.5152
    19.9371
    29.9407
    23.5515
    29.7541
    24.4187
    18.6871
    11.3442
    45.8655
    23.5465
    1.16886
    12.5737
    17.3262
    2.06219
    25.4956
    8.14448
    3.94857
    6.43554
    17.5576
    32.2833
    23.5526
    14.0702
    8.22477
    4.24553
     17.722
    29.7953
    17.2739
    29.5724
    26.0279
     22.905
    14.3859
    15.7562
    6.12375
     17.063
    1.03758
    16.4512
    27.4514
    23.5648
     6.8693
    8.95681
    33.8472
    30.1883
    15.2051
    10.6792
    6.01855
    10.3505
    5.91597
    32.8483
    8.14448
    1.76278
    27.1273
    10.7084
    1.81455
    22.4334
    31.8122
    12.2318
    22.4546
    37.6898
    10.1173
    25.8588
    5.65842
    26.9252
    4.60406
    1.46738
     12.981
    23.4988
    6.22164
    7.71044
    10.8666
     22.109
    6.24917
    7.05844
    13.4266
     12.856
     8.7873
    29.3538
    6.22164
    7.41673
    8.61392
    8.57235