7.03969
8.46662
8.88077
9.12747
11.1043
 12.657
13.7677
 13.926
14.5196
14.8283
16.1638
18.1661
20.4482
20.5421
 20.985
21.5951
22.0929
22.2518
22.6641
22.7216
23.1003
23.1227
23.2948
23.3617
23.7424
24.3891
24.6111
24.7399
25.1175
25.1611
 25.292
25.3934
25.8646
26.8118
26.8685
 26.926
27.1107
27.3693
27.5539
27.6913
27.7182
27.9585
28.1059
28.2308
28.3934
28.6295
28.6743
29.5284
29.6247
29.7778
29.8844
29.9466
30.0674
30.1022
30.1951
30.2655
30.3141
30.5328
30.5437
30.5477
30.8155
31.0073
31.1457
31.1856
31.3193
31.3458
31.5429
31.5609
31.6475
31.8827
31.8996
 32.384
32.3875
32.4373
32.7714
32.8311
33.6123
33.6513
33.7375
 33.744
33.9963
34.2475
34.3683
34.7122
34.7668
34.7728
34.9331
34.9631
35.1292
35.1677
35.3111
35.3541
35.3685
35.3736
35.6376
 35.754
35.7972
36.3707
36.5288
36.5384
36.5724
36.5799
36.6507
37.3076
37.4269
37.4837
37.5497
37.5524
37.7281
37.8193
37.8295
37.8709
37.8746
37.8818
 37.936
 38.152
38.2016
38.4409
 38.582
38.6914
38.7223
38.9565
38.9927
39.0435
39.1996
39.3666
39.6192
39.6369
40.0867
40.2148
40.3058
40.4007
40.4172
40.4401
40.5324
40.7549
41.0508
41.1304
41.1996
 41.366
41.4012
41.5882
41.5889
41.6762
41.6891
41.8503
42.0511
42.0788
42.1465
42.1617
42.4235
42.4366
42.5216
43.1873
43.2157
43.5601
43.6101
43.6857
43.8135
43.9984
44.0491
44.1277
44.2644
44.3993
44.7018
44.7215
 44.769
44.7805
44.7838
45.3055
45.3558
45.3782
45.7995
45.8547
45.9487
46.2311
 46.242
46.2752
46.4771
46.5311
 46.638
46.9995
47.0414
 47.047
47.2061
47.4566
47.6024
47.6795
 47.735
47.7522
47.9442
48.2119
48.2878
48.3788
48.4034
48.5019
48.5163
48.9867
 49.106
49.3387
49.4241
49.6374
49.6731
49.7027
49.7465
49.8254
49.9972
50.0498
50.0691
50.3283
50.5139
50.5816
50.5944
50.6126
 50.734
51.0106
51.1336
51.2757
51.4865
51.5456
51.6462
51.7264
51.7852
 51.787
51.8707
52.0033
52.0167
52.1202
52.3494
52.3784
52.5332
52.6696
52.6861
52.7721
52.7809
52.8076
52.8638
52.9816
53.1167
53.1208
53.1388
53.2029
53.3071
53.3496
53.5935
 53.673
54.0173
54.0425
54.2603
54.4374
54.7042
54.7119
54.7206
54.9424
54.9505
55.5348
55.5832
55.6444
55.7273
55.8195
55.9027
55.9525
 56.039
56.1283
56.1575
56.3566
56.4684
56.5567
56.7228
56.8519
57.1617
57.2953
57.3564
57.4682
57.8218
 58.115
58.1737
58.3112
58.3884
 58.461
 58.565
58.7445
58.9642
59.0293
59.1136
59.2175
59.2445
 59.246
59.2646
59.2906
59.4332
59.4452
59.6601
61.2643
61.3496
61.3714
61.7249
62.6785
 62.712
62.9383
62.9613
63.1594
 63.708
 63.961
63.9725
64.2887
64.8618
64.9468
 65.041
65.1898
65.3301
 65.414
65.6094
65.9839
65.9907
66.2431
66.2934
66.4703
66.9857
67.5584
67.6069
67.6657
 67.813
68.1335
 69.341
69.6005
69.6338
69.6838
69.7467
70.4188
71.0446
71.0543
71.5823
71.6838
71.6985
71.7169
72.0526
72.2403
72.3171
72.6014
72.6438
74.1234
74.1517
74.3534
74.3828
75.0368
 75.792
76.0609
76.0648
76.0748
76.0954
76.1512
76.3982
76.5895
76.6289
77.7269
77.9553
78.3334
78.5062
79.2082
79.3806
79.6521
79.9565
80.7048
80.7431
81.8668
82.4333
83.6648
83.8282
83.9873
84.0925
84.5113
 84.512
85.2554
86.3002
87.0073
87.4441
87.8332
88.0933
88.7961
89.0889