  76.0218
  73.4073
  68.9088
  63.0354
  64.1455
  73.1577
  85.1303
  54.5734
  60.4971
  75.8112
  67.0748
  99.5895
  46.9507
   100.68
  18.2767
  2.63815
   49.146
  48.2409
  50.2916
  21.7164
  34.7285
  7.53761
  10.7628
  42.1906
  38.9527
  69.6861
  66.0607
  67.1015
   67.076
  55.9043
   58.493
  73.4349
  67.4389
   62.231
    66.25
  62.6474
  63.5891
  68.6532
  39.1114
  39.3446
  59.5859
   51.975
  37.1573
  34.1678
  45.9086
  65.4867
  61.6693
  57.5478
   56.789
  23.7122
   19.796
  12.2968
  11.2005
  2.41183
  17.2675
  39.6943
  49.7872
  3.59527
  66.5609
  45.0952
  53.2788
  6.68809
  26.8105
   84.655
  37.9572
   50.945
  87.7338
  61.3016
  67.3225
  49.8515
   18.337
  12.9773
  30.5588
  2.89694
  13.6475
  67.2287
  61.7537
  57.8607
  70.5643
  74.0392
  70.9216
  42.7427
  52.1509
  57.6781
  70.3736
  62.2858
  50.3453
  58.7166
  70.1191
  43.6828
  41.8658
   41.865
  83.0974
  61.5217
  75.6466
  56.0759
  67.6931
  69.3805
  58.7673
  27.5488
0.0825543
  6.02537
  3.66185
  30.9875
  8.52844
  33.3914
  20.7794
  25.0838
  33.9301
  2.09559
  64.4083
  69.9387
  74.3362
  66.1201
  67.6911
  78.8901
  50.9239
  48.1416
  64.1719
  55.4574
  42.4593
  46.1368
  36.5752
  56.3611
  60.7344
  53.2781
  55.0435
  62.9972
  68.4781
   10.494
  24.9034
  7.64786
  39.0516
  33.9476
  25.9886
  41.2252
  27.4649
  1.24872
  15.5661
  63.4052
  37.4388
  72.6208
  62.6839
  46.8687
  12.5944
  19.7666
  61.6916
  78.4801
   45.732
  70.2218
  53.4077
  40.2374
  64.4793
  64.3246
  56.1915
  63.7695
  36.0055
  18.8774
  15.1447
  44.1207
  12.0119
  54.7291
  74.7216
  26.5459
  2.33263
  20.5798
   49.637
  16.6216
  16.9274
  1.02426
   6.0834
  13.6199
  55.4053
  27.0784
  4.39597
  14.7559
  17.9909
  62.2405
  69.5751
  56.5654
  23.2441
  3.40083
  17.1542
  6.22155
  31.7718
  29.7131
  33.3616
  13.5741
   36.386
  51.7966
  16.8559
  1.22129
  5.16097
  6.62683
  41.4735
  55.2297
  6.60149
 0.304987
  13.5263
  28.6307
  11.1619
   7.7807
  9.38445
 0.851617
  11.3799
   49.471
   55.183
  43.9469
  70.9771
   23.095
  16.8971
  34.8468
    1.631
  14.7921
  65.6538
  28.8387
   60.429
  73.2724
 0.299485
  4.76415
  7.25278
  37.2277
  65.5914
  11.4374
  2.75821
   29.338
  4.22193
  1.10576
  1.83031
  3.69094
  30.8355
  5.70476
  6.84154
 0.772442
     40.5
  8.52791
  9.88439
  10.7299
  12.8722
  25.9077
  29.7476
  18.1309
  13.5721
  68.7357
  31.2056
  15.5746
  48.7612
  33.6251
  16.7423
  47.1942
  54.6697
  28.7283
  51.1298
  21.8738
  31.1778
  47.8137
   31.011
  34.8067
  19.9135
   23.308
  12.7226
  32.9506
  19.5351
  15.6399
  28.2925
  4.07638
  10.8884
  29.0276
  55.2267
  22.7021
  55.7989
  53.1248
  32.0164
  35.8434
  19.4987
  16.7471
  49.8726
  6.81892
  30.8698
  26.2728
   32.025
  49.0882
  15.9382
  7.64018
   1.4754
  69.1193
  70.5602
  38.7477
  32.4924
  35.9585
  52.2641
  53.3507
   53.492
  15.3572
  69.6394
  69.5951
  12.9362
  14.7068
  1.59498
  11.5502
  16.0714
   9.6285
  12.8604
  1.24754
  7.19852
  64.9253
  60.4351
  8.69197
  10.0903
  37.5004
  54.7451
   57.241
  31.9682
  13.8689
  8.41928
  3.04182
 0.470772
  3.19389
  13.5915
  5.67374
  17.0711
  10.7736
  2.10205
  19.4901
  12.2253
  31.2146
   1.4022
  27.1771
  35.6022
  68.5839
  51.9977
  24.0929
  25.9143
  2.71372
   36.473
  16.8917
  63.2246
  19.0281
  1.49797
  9.54145
  28.3247
  2.34043
  28.7706
  25.5604
  21.8659
  6.80165
  54.3343
  22.9835
   9.1569
  15.9312
  8.11159
  3.72837
   12.502
  39.6561
  9.07406
  53.4092
  4.66344
  1.75065
  44.2296
  18.0184
  49.1642
  8.77044
  55.3774
  49.0506
  83.6675
   7.7903
  13.1582
  2.41908
  69.8206
  70.2897
  70.7874
  15.2511
 0.459899
  2.52329
  4.46794
  62.0236
  7.42125
  11.9188
  22.3669
   9.7618
 0.739115
  36.5333
  8.04978
  13.2951
  11.4467
  40.5749
  33.8716
  3.52721
  7.77615
  6.19376
  4.44838
  25.4848
   55.282
  29.7738
  40.5759
   32.556
  11.3759
  6.52495
  9.97147
  4.47041
  16.8997
  16.9457
  10.3544
  4.97692
  29.1621
  9.21753
  16.0252
  27.3552
   23.677
  2.22313
  11.1952
  7.00575
  16.5831
  3.18301
  7.00814
  13.1585
  35.6054
  7.20366
  1.79792
  57.3296
  55.6286
  57.2093
  7.02156
  12.7632
  12.9655
 0.801238
  4.50364
  9.02709
  60.0991
  67.7182
  59.6164
  37.8274
  6.41084
  10.8544
  8.38485
  9.60508
  28.7908
   35.158
  11.8089
  2.10511
   14.306
   10.413
  12.9866
  28.6216
  3.18989
  12.4094
  10.3581
   53.762
  64.3321
  22.1644
  6.58717
  11.2246
  50.1643
  7.42125
  12.2635
  54.4185
  51.1331
  8.33055
  14.9215
  6.23257
  5.73097
  21.4678
  20.2038
   30.651
  14.9317
  2.96086
  21.5281
  66.9412
  13.5433
  14.6462
  36.9413
  14.9042
  75.8612
  14.8886
   55.318
  77.6344
 0.628918
  8.52406
  9.36994
  11.7347
  66.4152
  8.15149
  31.8067
  40.2917
  10.5074
  11.7339
   3.7049
  61.7204
  16.6927
  9.94534
  42.0024
  8.40273
  7.56909
  13.0896
  10.8985
  16.7341
  18.0224
  51.0605
  11.4491
  25.6766
  10.5342
  35.4558
   6.1159
   30.411
  6.92517
  14.5375
  3.94831
  30.2376
  11.5759
  35.0004
  4.75827
 0.537628
  4.36776
   21.407
  28.5062
  48.9741
  7.51844
  25.6249
  3.14164
  30.4295
  13.1574
  15.0408
   47.798
  1.96833
  11.7112
  11.6183
  13.5089
  17.4156
  28.4374
  58.9812
 0.758697
  51.1138
  54.4834
  2.36783
   13.239
  12.3987
  19.5852
   4.5831
  30.1934
  12.1054
  9.87965
  25.7983
  5.21771
  20.1019
  10.5121
  76.6531
  94.3916
  10.6789
  41.3359
  15.2819
  6.04416
   3.4009
  25.5635
 0.935349
  13.0485
  35.7525
  32.4465
  8.53427
  4.64815
  24.0287
  29.2642
  3.89423
  62.5398
  21.4822
  9.02663
    25.75
   3.3114
  52.1263
  4.03015
  29.1982
  29.7657
  36.5016
  24.9125
  42.6471
  6.59071
  41.7408
  17.0698
  61.1418
   7.2367
  21.2058
  1.28464
  6.93718
  13.7963
   27.532
  10.7111
   28.666
   11.356
  22.8306
  34.2812
  35.7971
  43.7938
  16.5343
  21.2769
  11.0206
  13.4373
  16.8028
  40.2522
  8.82684
  9.66069
  4.11638
  11.2903
  7.76116
  21.3329
  75.7384
  32.3877
  16.0828
  3.58547
  27.1544
  14.0724
  59.3803
  53.3316
  27.5086
   86.381
  43.7269
  18.5865
  62.5096
  8.35249
  52.9233
  53.0193
  63.7739
  64.3991
   60.368
  61.2822
  4.93637
  12.0225
  20.6051
  1.00927
  65.4128
  8.52993
  12.6708
  60.3974
  53.9446
   6.9054
   81.333
  7.14765
    4.209
  3.40368
  10.7866
  15.0448
  34.6077
  6.91333
  53.6202
  27.3616
  12.3089
  48.5075
  45.1067
  53.9198
  22.0638
  73.2626
  62.8433
  0.69765
  12.8464
 0.387308
  1.82493
  60.3032
  63.8722
  2.48137
  24.9521
  28.8315
  57.8797
  20.3953
  43.1117
  53.6202
  75.2254
  2.63654
  8.24148
  19.2948
  70.1342
  75.7337
  21.5808
  13.4798
  62.2064
  65.2277
  7.19391
  29.7076
  15.3224
 0.705616
  8.79596
  23.2567
  55.2357
  12.9168
  5.06284
  5.11495
  15.7397
  63.3484
  3.96308
    7.366
  61.4089
  21.2039
  40.0898
    51.69
  61.9017
  57.4942
   8.3112
  15.0525
  16.8415
   18.791
  28.8337
  64.3991
  55.6514
  45.1015
  74.0535
  7.14765
  1.81837
  61.4202
  1.46874
  38.8764
  2.64348
  34.9565
   4.6958
  53.6882
  19.7337
  56.1811
  46.2636
  77.2673
  20.1985
  16.0146
   18.188
  11.2313
  58.4505
 0.163908
  5.11447
  88.1796
  71.4146
  74.1312
  59.4459
   64.196
  11.1284
  10.3211
  4.60876
  29.0249
  84.3555
  75.8169
  58.6083
  60.0828
  63.4864
  59.6895
   53.132
   55.075
  57.1793
  63.4065
  60.8113
  45.2751
  42.1657
  62.0025
    10.98
  9.51093
  12.9443
  78.8579
  78.6326
  9.16314
  10.5309
  16.2695
  59.6875
  17.1228
  45.8579
   23.687
  11.2759
  3.07952
  77.4135
  28.8315
  33.8931
  58.7569
  73.5249
    51.52
  12.7674
  59.6965
  86.2991
  8.50057
  2.58178
  12.3494
  65.5278
  12.7679
  22.1162
  5.97756
  26.1548
  6.49237
  21.3034
  15.8622