 73.131
80.2551
9.06408
26.6711
3.50258
 5.5083
65.4106
53.5309
57.1886
79.9309
73.7422
55.7744
21.4347
 24.948
5.39325
6.20984
6.49724
18.0148
37.4334
14.8115
67.5172
21.6367
10.3697
25.8071
22.4389
 12.912
16.3428
20.8495
11.1003
7.68508
15.6304
3.66928
45.4627
43.3165
85.8189
48.6712
26.1301
73.3338
70.3075
78.9507
70.2746
73.9325
75.7571
70.0395
68.8589
73.7426
74.4466
68.5639
70.4572
51.2002
58.4188
55.4112
52.8559
48.3958
40.9643
42.7636
64.7507
71.8041
 73.449
 75.503
65.4074
65.7009
89.5764
41.2499
58.9455
67.9628
76.6172
63.4588
20.2144
24.7959
 42.121
 52.073
33.3029
9.16315
9.23378
6.02692
44.1499
55.5976
73.6377
51.2786
57.3007
84.5937
42.5266
37.2977
42.4926
2.45878
16.6753
5.71532
55.2663
  43.85
52.9968
59.1541
57.6994
27.0459
27.2632
17.0791
18.0697
34.5819
27.0588
30.4802
 51.089
56.0345
45.6233
34.0166
35.7134
55.9427
54.2973
 41.504
10.9896
9.98861
34.6838
6.45668
8.91189
67.5172
7.50519
9.58197
8.68168
7.44484
14.4216
20.0131
10.5005
6.72616
26.6711
8.18496
7.18922
47.7488
38.6844
49.4382
51.6568
37.8658
47.0914
68.2591
40.8144
 39.513
79.9305
34.1665
20.8254
  64.09
67.6899
61.9308
44.7774
59.0339
66.9652
73.6377
41.7643
58.0952
53.6501
48.6031
44.6595
68.5639
69.1849
61.3114
49.0536
53.4204
70.4029
22.7409
 50.223
49.1787
37.8203
17.8484
37.7495
13.2189
 57.856
20.2477
12.5305
42.7907
34.0678
75.9184
76.9511
58.9642
20.0318
52.0467
56.6897
56.4573
56.5421
46.0597
59.0334
17.0791
44.8882
69.6232
 41.099
 13.229
 43.984
37.3091
49.3296
38.6866
27.8059
  22.37
15.4575
17.5128
15.6412
 45.847
7.10898
16.3056
29.2471
47.3391
38.2433
47.5448
52.9973
33.4575
54.8076
56.8218
53.4775
44.5813
35.7473
34.4472
35.7928
38.0543
32.6049
33.1246
67.7878
63.6406
66.1646
59.3047
86.5197
69.7445
73.7432
62.8547
49.0255
42.6645
43.7091
52.6694
52.8217
52.3626
 41.219
53.5529
 55.633
67.5903
60.3155
56.4878
41.2874
35.9812
64.0913
20.8221
12.3715
62.7777
71.2817
40.2706
40.8144
40.0031
20.6762
6.87806
7.62555
42.3319
75.9657
76.6171
47.6583
48.6046
66.2281
62.5691
69.0255
29.2474
53.9618
58.8776
67.6898
49.5242
69.6273
57.3544
30.8395
6.68833
6.02584
38.8431
25.7753
7.11979
13.2792
43.9749
26.1151
29.8913
63.9149
50.2852
42.8762
31.6974
38.2297
51.5366
41.4676
75.4309
 40.331
43.5811
21.7912
17.0782
24.2144
30.5307
51.1956
55.0068
51.9896
43.8685
43.7003
44.8505
49.7291
52.4742
 53.757
31.6157
55.1644
59.8396
57.3533
54.6134
46.3451
39.4892
11.8564
23.3445
 39.079
 41.155
56.7737
66.3036
62.5507