  8.79925
  5.07898
   4.8395
  12.7663
  7.96302
   9.6929
  1.50536
  2.99011
 0.919926
  1.92412
   6.4732
  4.09287
  10.2957
  3.36178
  3.55197
  12.0291
  5.42132
  6.78387
  5.20822
  3.13201
  6.72669
  2.96051
    5.183
   8.5355
  9.75129
  5.31655
  16.0961
  10.3427
  31.8938
   25.486
  12.1631
  20.7608
  4.53891
  10.9171
   1.0615
  8.81465
  9.66096
  1.41466
  1.15704
   0.4853
  7.14371
  5.65196
  8.11907
  3.14627
 0.398272
  6.97857
  5.56486
  1.96515
  7.82909
  43.5665
  29.3439
  38.4526
  40.5338
  36.7857
  2.23917
  9.32476
  9.93053
  23.1588
  2.73645
  4.22625
  6.11926
  10.2888
  3.90965
  32.3462
 0.353479
  10.9862
  9.30062
 0.536294
  10.7279
  4.47714
  14.9979
  6.07063
  5.88681
   8.6896
  6.95605
  10.9565
   4.1415
  11.0149
  7.39184
  6.98491
   10.985
  11.0974
  3.46164
  21.1021
  2.50294
  16.1997
  23.2721
  14.7762
 0.124758
  11.4659
  7.36232
  3.39857
  7.34859
  3.73725
  2.78878
  1.50101
 0.610528
  5.16686
  5.93699
  3.45359
  9.03382
  12.1215
   5.6239
  23.5353
  15.4695
  12.9357
  6.82514
  21.4546
  2.71319
 0.527995
  2.75531
  5.58142
  8.79895
  7.27855
  2.04071
  4.84674
  3.72601
   5.6086
  3.05764
  6.33245
   3.6997
  7.32277
  3.89526
  4.45967
  9.06703
  12.7463
   1.0504
  3.35198
   5.3058
  5.84566
  17.3213
  10.2901
  10.4879
  13.5618
 0.981487
  4.17769
  21.0584
  4.27063
   7.7535
  12.0139
  14.0778
  2.40603
  14.0809
   2.8614
  3.43594
  9.22208
  8.75177
  10.1406
  2.60062
  11.9467
  11.1576
  10.2159
  11.5449
  3.16057
  11.5915
  20.9877
  15.5785
  22.1181
  14.3376
  17.0658
  3.95895
  11.7977
  10.8496
  25.9953
  44.3419
  44.0918
 0.225165
  5.06335
  21.0078
  8.31199
  14.6638
    6.882
  3.77151
  6.86564
  4.25974
  1.81925
  12.3415
  6.26383
  16.4632
  18.7713
   5.5704
  6.19042
  14.2643
  17.2981
   12.758
  15.9448
   25.149
  9.30831
  2.92385
  3.42823
  11.3878
  17.8057
  14.7762
  11.6769
  17.4366
  13.0758
  13.4061
  12.2209
  22.4313
  16.9462
   17.915
  12.4225
  7.57619
  5.01299
  7.82591
  5.29922
 0.240368
  9.81496
  2.94912
  27.0781
  32.5781
  12.6007
  28.2605
  20.4676
  1.02425
 0.626339
 0.101289
  6.10968
  20.4117
  28.8908
  7.37011
  2.07376
  20.7973
  18.9393
  11.1469
  1.87602
   1.6022
 0.431643
  14.7491
  17.7004
  5.57607
  1.68316
  7.76291
  10.5079
    13.52
  2.10306
  8.23962
  17.6204
  21.2613
  5.03169
  15.4837
  5.71281
  8.11226
  1.26681
  8.11052
  11.3276
  6.12396
  7.60865
  2.85325
  3.34288
  2.04537
  7.61502
  14.6415
  17.1296
  15.1691
  3.39744
   11.743
  8.41992
  5.00405
  12.0476
  10.2668
  7.32151
  13.9686
0.0961205
  4.69516
  3.88558
 0.122925
  6.38901
  15.2235
  16.7403
 0.201882
  1.69061
  10.2158
   13.548
  17.4566
  11.3005
 0.423197
  8.68795
  8.64042
  6.28924
  6.69873
 0.374561
   4.9598
  15.0633
  1.88129
  2.42883
  16.8545
  8.25958
   15.198
  6.90381
  7.88242
  9.04809
 0.917001
  13.7242
  1.81497
  5.96599
  9.05768
  5.51299
  10.2762
  29.6899
  14.5469
  15.2399
  4.79148
  18.9304
  1.01899
   4.4655
 0.360454
  6.47456
   13.993
  22.4177
  43.0543
  32.0956
  1.73823
 0.214977
 0.237793
  4.72756
   5.2621
  6.60062
  5.08555
  26.7121
  5.37963
 0.359865
  13.9263
  24.0413
  1.61657
  19.0698
   15.456
  14.4544
 0.964653
  21.3912
  5.72505
  4.50474
  12.7309
  18.7465
  3.33796
  2.80809
  10.4808
  10.0089
   10.889
  23.1821
 0.054557
 0.323337
  19.3998
  14.6586
  8.02684
  1.45472
  3.93448
  2.06046
  1.66799
  5.46688
  16.2389
  12.9389
 0.904196
   7.1654
  8.43044
  10.2333
  10.1079
  7.29414
  5.21199
  4.34002
 0.743754
  2.07633
  3.54859
  1.71211
  4.38313
  7.26352
  10.1187
  8.63706
  12.1628
  8.04925
  11.0266
  1.12037
  1.81831
  10.2309
0.0283142
  2.84636
  12.6338
  5.85415
  5.09944
  8.63083
  6.81465
  24.3581
  5.24885
  8.56234
  14.0371
 0.681348
  10.8251
  2.72432
  6.51527
  4.54247
   4.9223
  11.4977
   18.847
  20.4167
   16.389
  12.1472
  7.30484
  3.41407
  5.53934
 0.713232
  13.2724
  8.30298
  2.85849
  9.40495
  4.02275
  6.69177
  5.93261
  22.7676
  11.1765
  13.6729
   11.482
  4.35014
  13.3279
   20.578
  4.37454
   24.773
  29.8953
  22.3273
   10.986
  2.25079
  10.0222
  3.73448
 0.550687
  1.73823
  7.88298
  32.2954
  5.68158
  14.3516
  5.55792
  44.9511
  14.4532
  18.9834
  18.8593
   6.7448
   3.4397
  3.29663
  6.45596
  15.5485
  14.6238
   7.0837
  16.5206
  6.35713
  4.22536
  3.01309
  11.9415
  17.3312
   16.873
  3.39502
  12.3921
  4.88239
  5.45175
  13.6479
  5.72944
  7.48898
  4.51876
  5.65491
   5.1289
  2.74591
  9.27326
  5.00622
  4.68519
  8.61204
  6.46879
  12.2861
  4.28009
   10.805
  6.70315
  10.7294
  15.4976
  7.62519
  4.27154
   2.9963
 0.856459
  19.6889
  2.30604
  1.64559
  6.25342
  5.48836
  2.60004
  6.71549
  11.5126
  10.9223
  1.22916
  10.0473
  10.4236
  20.4264
  14.1511
  6.77106
  27.3246
  33.8523
  2.92511
  3.65279
  3.62573
  3.12821
  0.37391
  22.0874
  35.2006
  6.24301
  34.3494
  20.5731
  3.41366
  8.92304
  15.9271
  15.0322
  9.10055
  4.78004
  6.08214
  2.16327
  4.72242
  11.2095
  2.41094
  4.16464
  20.0296
  20.5326
  5.57581
  11.9976
  9.63522
  5.24998
  28.7564
  20.7774
  19.9398
  3.81517
   23.953
  9.59335
   6.3278
  22.0135
  23.0157
  42.1029
  11.8699
  23.6608
  8.74855
  23.2197
  11.4103
  18.3945
  13.7779
  44.1012
  15.4932
   18.783
  6.10039
  9.54122
  1.11542
  4.21912
  16.9572
  8.05232
  15.5539
  13.5025
  4.27387
  21.8902
  13.1752
  13.2813
 0.922972
  8.46148
  11.9244
  16.7427
  21.0508
  16.0328
  7.63511
  14.8157
  20.2862
  21.1337
  17.7483
  15.8683
   15.632
  19.1258
  22.7085
  17.5198
  7.55871
  6.43697
  6.92718
  5.69177
  17.0228
  20.5196
  13.7686
   26.239
  18.1253
  10.2124
  12.3227
  19.4697
  11.4034
  4.35798
 0.651688
  1.43041
  5.56574
  2.42496
  5.14157
  31.2148
  26.4506
  16.3861
  23.2294
    16.26
  12.6181
  9.11511
  22.8999
  17.8514
  2.76809
  9.55785
  21.7573
  19.6639
   11.438
  9.59514
  17.0056
  26.3862
  26.3388
  7.33704
 0.537435
  18.3362
   3.4632
  20.1704
  14.7104
  5.56021
  13.9438
  15.7479
  2.12516
  16.9138
  25.2654
  21.0042
  8.17184
  7.74564
  22.4787
  13.7219
 0.794483
  8.12706
  8.48139
  21.9348
  20.0378
  14.2722
  8.28827
  33.6904
  6.03061
  21.0814
  8.82578
  12.6818
 0.600516
  2.98005
   6.0793
  7.48417
  9.25373
  4.09892
  5.30455
  11.0185
  4.10241
  13.8267
  24.1995
  16.6441
  22.6883
  15.0584
  20.7541
  4.66806
  13.1169
  6.24808
  2.61871
  9.11708
  2.16104
  11.4695
 0.492253
  23.0297
   7.9664
  16.0783
  7.46972
  11.4608
  5.04119
  18.6212
  11.6991
  28.9595
  9.94159
  24.5649
  3.72434
  21.4178
  4.00245
  18.7214
  14.3931
   15.356
  18.2992
  24.0298
   23.702
  9.86966
  18.7059
   26.395
  9.06864
  18.8234
  1.79465
  8.01839
  16.3317
  32.2334
  9.25689
  28.1447
  9.33807
  27.8867
  10.8712
  21.3017
  6.84809
  3.73478
   19.783
  3.94585
  2.24602
  10.3133
    12.95
   22.626
   6.5468
  18.6165
  20.3124
   12.296
   23.759
  31.6845
  17.7501
  10.8698
  25.8422
   22.038
  24.3863
 0.563081
  2.77812
  32.6722
  8.28595
 0.146351
  24.1281
  27.3831
  29.8876
  31.1784
  27.6801
  33.7147
  2.35027
  5.22078
  27.6576
   11.195
  7.53232
 0.626069
  9.22047
  10.0915
  1.68602
  18.9876
  3.14688
  27.8998
  17.6783
  29.0607
  19.6134
  17.1183
  21.4357
  15.7852
  5.10311
  2.27717
  1.09977
  32.3219
  14.1115
  7.25711
  32.2459
  8.42569
  5.91297
  8.51844
  31.9206
  3.90044
 0.324837
 0.206631
  38.9631
   4.9663
  16.2129
  4.97804
  6.20556
  6.55176
  14.8686
   2.0588
  4.50563
  10.7788
  7.69125
  3.93712
  9.40847
  6.23826
  2.88726
  5.57631
  9.72003
  7.72544
  8.18143
  5.84346
  5.68789
   6.6341
  11.3835
  17.5176
  6.25646
  5.16267
  27.5976
  14.9779
  18.8641
  5.23644
  3.98887
   16.989
  1.09386
  13.7287
  2.48699
  9.01482
  8.13787
  28.9695
  9.17681
  4.40152
  12.8467
  1.80703
    3.675
  6.50441
  6.45557
  2.76228
   7.3533
  2.32416
   1.9307
  8.71301
  2.19816
 0.812538
   5.3448
  3.70714
 0.900583
  8.10429
  16.1355
  9.56971
  18.7854
  11.1533
  5.00446
  16.8719
  8.09726
  11.9347
  10.9637
  7.63391
  6.53216
  9.62094
  23.0293
  8.00137
  14.2978
  9.55722
  18.4889
  10.2267
  6.53216
  12.7021
   13.469
  17.3159