    14.323
   24.1307
   32.0375
    25.243
   12.7655
   11.7931
   11.1917
   3.76859
   9.60114
   5.99777
   14.1174
   8.95445
   20.5877
   10.9836
  0.675846
   2.27481
   41.0244
   41.6418
   13.7304
   11.0573
   12.0848
   2.96557
   12.0385
   1.31985
   11.6829
   13.0041
   13.0058
  0.586244
   1.42888
  0.369556
   38.0181
   17.0089
   30.5208
   48.5853
  0.100509
   11.4064
   2.22088
   37.1551
   31.2618
   33.6123
   16.5276
   3.92248
   14.5997
   8.93594
   2.01867
   12.7394
    5.5821
   10.5882
   1.76261
   13.8596
   18.7357
   14.1036
    5.4601
    6.1742
   4.61189
   7.28076
   5.93252
   20.3509
   21.5278
   40.6249
   47.0622
   81.7488
    47.296
   31.7457
   25.6804
   90.0854
   6.85087
   4.98046
   4.63421
   5.92494
   85.9389
   87.4138
   10.5584
   2.93595
   21.2791
   7.43014
   11.1146
   34.3178
   8.77386
   16.4316
   32.3953
   30.8611
   21.5842
   15.1852
   8.77658
   10.6234
   7.42506
    1.1173
     12.91
   22.9941
   20.9042
   14.8156
   12.2028
   2.67782
   12.4397
   15.0704
   42.5232
   30.9343
    30.448
   15.9555
   36.4579
    13.161
    2.8589
   3.75118
   7.48958
   8.05527
   4.12137
   9.30558
   11.4197
   9.69373
   1.03443
   13.1244
  0.946125
  0.523527
    14.069
   5.73321
   25.4595
   29.1623
    8.4797
   12.0397
    1.5445
   7.82833
   4.76364
   31.6674
   3.59826
   4.25093
   17.6214
   15.7566
   22.5839
   14.8472
   19.5101
   13.8925
   17.4976
   15.5294
   17.5829
   17.1581
   3.99034
   4.35303
   11.6967
   13.0343
   1.64842
  0.773275
   9.07547
   24.2149
    21.675
   22.3983
   2.49697
   1.22474
    10.757
    2.0834
0.00335267
   24.1072
  0.662115
   1.32639
   2.14079
   12.1454
   17.6515
   1.00986
    23.751
   26.0428
   7.18563
   10.3729
   6.31368
   31.2673
   31.6234
   17.0391
  0.724244
   10.8625
    16.198
   13.2628
   8.12376
   16.1291
   6.56878
   2.58389
   4.92941
   27.2629
   13.1752
   37.4819
   22.0647
   14.2047
   47.0005
   2.37212
   73.2256
   43.8422
   18.2152
   8.68032
   26.9888
   15.5703
   23.5659
   37.5328
    15.458
   21.7091
   39.3027
   6.39382
   3.24414
   14.7536
   7.38643
   7.80471
   41.5282
   54.1674
   3.89949
  0.303163
    1.6044
   8.53448
   26.2791
    41.606
   19.6412
   34.8659
   39.1183
   43.9525
   4.29257
   9.19296
   4.25137
   2.15806
   1.26307
   3.53871
  0.558539
   11.3983
   2.58295
   4.89394
   12.6633
   20.2265
   24.1212
   17.8671
   8.37158
   7.52669
   5.51803
   7.39482
   11.2855
   7.30096
   14.5963
   19.2752
   12.1535
   16.1781
   27.7499
   38.7111
    44.884
   28.9311
   22.5738
   21.4229
   21.4301
   4.73117
   6.74112
   7.41509
   8.32423
    56.752
     12.31
   23.5752
   21.6282
   19.3703
   24.2068
    17.396
   26.6187
   7.37132
   11.3732
   14.7229
   20.3995
   8.82724
   8.33431
   23.1438
   22.2846
   1.97239
   11.1024
   9.38261
   33.2748
   29.4252
   1.13197
   16.1306
   5.77399
   13.2314
   10.8561
   1.01349
  0.193385
  0.483082
   1.70821
   9.47401
   5.43941
    6.6062
   8.92782
   2.14053
   6.65098
   41.6738
   18.1901
   29.3078
   16.7798
   14.3401
   4.77879
    5.4604
  0.609758
  0.514985
   4.80186
    8.0651
   15.2885
   14.2518
   8.70189
   13.2983
   5.58521
   12.8342
   7.54493
   23.0286
   8.83166
   12.4904
   15.6165
   2.20122
   15.9298
   12.7322
   14.0399
   5.48587
   12.7858
   16.6528
   10.8661
   13.9413
   9.90973
   9.32927
     3.526
   10.2382
   18.0093
    1.2833
   12.2909
   51.4977
   3.37702
   8.41525
   2.98059
   13.9364
   23.2567
   16.4954
   2.91556
   10.7986
   8.92931
   1.05072
   24.8827
   4.50052
   24.9636
   25.4908
   32.3947
   17.9937
   24.4292
   10.9276
   7.27402
   13.0846
   8.53843
  0.579852
   29.5121
   13.2176
   1.04223
   36.3612
   26.0739
   19.6849
     7.986
   1.02245
   1.94825
   11.9097
   29.2046
   74.4248
    27.353
   34.5866
   12.5305
   17.7261
   24.4075
   2.94842
   5.95159
   7.37378
   20.0316
   6.13802
   9.86973
   35.2148
   65.3994
   50.6753
   29.1263
    23.155
   1.42115
   17.1232
   40.3246
   12.0557
   38.8819
   11.9072
   31.8234
   2.16581
   19.0749
   5.61405
   21.0985
    18.993
    35.403
   26.4698
   23.3271
   12.1035
   10.4171
   10.0013
   36.4671
   35.2516
   13.6083
   8.64099
   5.31895
   12.7259
   8.04094
    5.1914
   16.1632
   12.9511
   6.79435
   12.2812
   4.99227
   13.4528
   8.98998
   16.8377
   11.3499
   1.23365
   3.29354
    15.449
   12.6118
   7.07051
    3.4711
   12.5981
   1.65006
   1.33484
   6.50138
   3.32858
    10.032
    11.043
   1.54662
   0.47143
   27.1268
   26.8324
   30.9724
   4.50112
   18.3368
   20.0242
   9.75796
   2.72753
    7.3009
   4.89884
    15.454
   15.9964
   0.36303
   9.22427
   8.75903
   15.1937
   6.43344
   11.8978
   1.03015
   23.9757
   10.8775
   1.31886
   12.9824
   10.2522
    3.3978
   2.93038
   36.4596
   21.7645
   25.8826
   24.3251
   7.45738
   34.6896
   1.98545
   16.1893
   24.4298
   2.40388
    10.191
   6.80072
   24.8035
   2.80066
   7.11186
   1.81195
   2.97954
   7.84699
   75.0101
   10.6631
   5.84244
   5.13234
   12.0233
   7.56572
   12.1936
  0.382816
   22.3557
   59.0401
   45.2203
   50.1979
   19.9568
    2.3297
   2.18134
   2.81894
   2.60971
   11.0384
   19.6124
   17.2502
   8.54826
   74.7091
   6.20887
   24.0829
   2.50444
   36.9673
   26.5001
   6.45323
   14.1708
   18.7113
   1.61155
   29.5951
   22.4998
   6.81906
   25.2972
    53.363
   28.9617
   39.5569
   32.7888
   32.0632
   2.00725
   2.25716
   1.84351
   15.5803
   24.8653
   4.16279
    2.5278
   4.35274
   8.71598
   18.2373
   16.7197
   5.42982
   12.5971
   11.9439
   3.73793
   27.8089
   13.5378
   4.70886
   9.22047
   3.65963
   5.08825
   2.77663
   8.68208
   14.6943
   9.80673
   1.05391
   2.67809
   10.2457
    9.2665
    5.4284
   16.9746
   20.7697
   22.2709
   11.2854
   11.8203
   19.0051
   7.35756
   11.9291
   34.6902
   14.3173
   3.90166
   11.4853
   7.08372
   5.68183
   5.73943
   4.90938
   4.13694
   24.8126
   9.18673
   24.8418
    25.802
   2.94481
   5.46798
   23.8989
   23.2069
   6.99286
   12.1463
   28.9538
   31.4369
   42.9298
  0.797932
   16.2272
  0.438148
   3.59687
   2.64443
   3.39626
   39.0561
    68.859
   41.7517
   29.2917
   13.1205
   18.3847
   1.92898
   22.6374
   17.6303
   4.41989
   22.8238
   24.9208
   25.3494
   6.90547
   1.00915
   15.4659
   9.65501
   5.35913
 0.0199351
   30.2165
    6.3013
   13.3573
   7.90648
   16.0683
   34.6387
   36.4514
   14.3719
   6.02011
   15.6991
   52.7894
   42.5215
   3.21132
   26.4458
   25.7804
   4.65464
   7.17513
    10.792
   14.9775
   15.3566
   41.2929
   34.6165
   11.2026
   4.13409
   26.2394
    41.964
   2.97021
   15.2403
   9.78347
   2.51039
   15.3133
   20.0923
   19.5606
   48.4925
   3.08596
   15.2742
   12.0544
    25.959
   13.5657
   18.8452
   57.8824
   22.3811
   12.3897
   14.0894
   20.9063
    23.664
   10.4329
   11.6247
    56.601
   21.0473
   11.1112
   43.0131
   13.5364
   5.50325
   35.0233
   9.17627
    26.215
   14.1854
   37.6997
   10.6513
    7.0416
   30.3804
   58.9106
  0.957095
   18.4577
   14.8832
    14.125
   13.2668
    0.7739
   3.60885
   14.1305
   20.3104
   15.6544
   21.7582
   18.0022
   16.4001
   14.2941
   52.9144
   6.56575
   3.99351
   18.7999
   3.38101
   11.6931
   21.7728
   15.4593
   5.35927
   19.8783
   3.73196
   75.6149
   10.5808
    4.5124
   10.0166
    6.1122
   17.5201
   1.81143
   38.3839
   21.1905
   4.78948
   23.3377
   21.5711
   28.3519
  0.595704
   12.2329
   32.3646
   15.8365
   19.6938
   19.4511
   16.7905
   16.5333
   16.0186
   26.6226
   4.58853
   7.24093
   34.2854
   8.46174
   9.89947
   36.4973
   17.9587
   39.9233
   22.3781
   15.5874
   15.0965
   5.88074
  0.970253
   6.01615
   11.6828
   20.3526
   14.3138
    12.894
    14.195
   17.7517
   16.9287
   10.3996
   9.25591
   16.4646
   34.2738
   46.2327
   21.0528
   12.6067
   51.4078
   6.00804
   40.7838
   3.10956
   33.8582
    15.411
   12.6618
   3.67057
   24.1536
   9.00255
   3.07286
   12.0246
   9.72432
  0.936159
   3.25634
    2.5314
   15.6052
   3.23085
   11.3059
   9.59369
   29.5138
   4.39563
   18.0267
   5.06866
   10.3594
   7.72976
   18.7065
   1.24693
   1.57846
   11.7012
   34.5042
   75.7869
   66.8892
   27.5347
   12.1917
   14.9202
   11.4424
   23.8149
   10.8688
   19.2514
   8.94172
  0.813511
   53.3283
   21.3564
   40.2376
   41.3854
   1.56042
   4.49481
   37.4717
   4.18481
   7.68968
   53.4516
   20.5193
   4.18341
   12.8605
   17.2906
    15.514
   13.8315
   3.43125
   21.7322
   3.39271
   6.45846
   27.1049
   10.7634
  0.782729
   34.4719
   6.85815
   39.9096
   7.85425
   15.1708
   8.59778
   9.00821
   1.29906
   2.61436
   14.0243
   13.2196
   24.5884
   9.90109
   7.45795
   22.7743
   17.2598
   6.30774
   6.90145
   15.0064
   15.0793
   25.4702
   1.00277
  0.244475
   5.33773
    22.659
   2.78617
    29.969
      14.7
   21.6376
   18.5195
   16.6334
   8.94154
   21.8828
    16.741
   10.0955
    24.433
   29.9216
   3.07789
   6.34829
   2.60579
   7.39552
   16.5223
   9.02281
    7.2193
   82.8038
   3.66021
   9.87442
   1.17691
   25.0233
   2.69382
   6.82284
    17.877
   13.0291
   47.8286
  0.436574
   4.57264
   28.6761
   1.56345
   27.2672
   16.9848
   25.0686
   41.5925
   14.0531
   10.8245
   12.3371
   14.2553
   12.2256
   4.41352
   9.95483
   22.8797
   10.3569
    8.6238
   24.6247
   26.5814
   36.3535
   19.2138
   4.13003
   7.04866
   28.4631
   7.68407
   6.41487
   44.3158
   71.4049
   73.2453
    11.912
   31.0556
   1.39111
   12.8222
   15.3427
   16.5256
   2.94409
   15.6826
   17.0523
  0.941131
   9.18251
    11.075
   22.9478
   12.8536
   39.1068
   13.0563
   40.5539
     6.223
   15.8851
    15.405
   2.14327
   25.3734
    26.669
   22.9785
  0.613981
    14.615
   24.6474
   20.8816
   15.2174
   23.6121
   16.5165
   7.88192
   19.3499
   2.35548
   1.14941
   12.5647
   26.1439
   49.7564
   41.0817
   20.1649
   3.60976
   26.3651
   28.6199
   38.3866
   19.7032
   19.4807
   22.3759
   15.4771
   21.8127
   3.40398
   21.2322
    18.989
   1.93529
   13.3541
   27.5145
   1.74267
   16.8708
   20.7644
   18.2444
   12.2211
   33.0979
   3.88112
   25.7713
    13.172
   6.89944
    23.094
   12.0139
   20.3014
   11.3599
   11.4069
   3.17136
   18.9393
   23.1088
   26.4492
   4.44549
   13.8618
    24.278
   39.6113
   12.7501
   15.9244
   47.9027
   44.9037
   46.8637
   2.74844
   8.55158
   8.12781
  0.974352
   2.07416
   5.23546
   13.9341
   16.7937
   19.2833
   33.4093
   19.5184
   4.57924
   5.68337
   3.48956
    19.098
   12.6712
   22.2141
   7.64362
   6.94392
  0.400511
  0.365269
   2.42117
    6.7014
   22.5132
   35.3885
   19.2506
   6.54803
  0.786975
   20.4175
   43.8313
   6.43737
   12.0095
   49.9705
   15.0866
   8.63729
   23.6055
   14.5628
   25.2415
   46.2124
     6.951
   13.1064
   6.25664
   1.16349
    19.252
   47.5455
   17.0107
   5.12911
   21.2506
   27.5202
   47.8109
   35.4528
   4.70369
   42.5568
   45.5938
   10.6074
   7.44206
    13.704
   7.94543
   53.1775
   3.10802
   27.7642
    24.959
   38.5871
   40.8673
   14.0463
    14.122
   12.0232
   44.7621
   3.51021
   64.5722
    10.146
   26.6037
   33.1125
   49.1855
   56.6654
   45.0142
   47.2544
   4.12298
    30.855
   3.89487
   1.16714
  0.537663
    47.091
   22.0654
    51.963
   6.18496
   14.1823
   55.4452
   29.2305
   3.24644
    6.2652
   17.6495
   7.77981
   45.4647
   31.8812
   41.1442
   45.1602
   11.8076
   47.3798
   52.3567
   31.7988
   45.9136
   44.3523
   13.8694
    45.726
   45.2332
   27.6774
   6.02355
   2.24394
   51.7645
    5.1589
   1.99868
   46.2694
   6.64551
   18.7286
   10.0388
   5.19702
   29.7045
   13.2968
   10.9984
   13.2543
   23.5257
   13.5949
    24.878
   12.7448
   23.5203
   35.2231
   8.87765
   19.3876
   49.4344
   32.7042
   10.4444
   8.52849
   7.31757
    1.1065
   32.9542
   28.0445
   5.51388
   26.0777
   40.0839
   14.0475
    37.882
   3.53398
   21.1849
   3.10216
   22.3604
   17.6666
   10.0585
    4.1396
   32.2751
    29.045
   31.2642
   2.94489
   19.7736
   2.41743
   22.7067
   27.6037
   19.3143
   29.5905
   49.1768
   21.0877
   16.6877
   8.37449
   52.1289
    30.072
   17.4681
   28.4214
    7.5154
   27.0395
   26.4926
   23.6465
   8.13577
   26.6863
   31.5025
    17.209
   2.19534
   40.3048
   18.6055
   50.7403
   10.5516
   13.4151
   2.46977
   7.00797
   9.27281
   6.40281
   9.95007
   5.02276
   32.1871
   1.02526
   20.2006
   31.3799
   6.50794
    38.228
        24
   73.8585
   8.89285
   40.0425
   28.1218
   22.6137
  0.521214
   1.85082
   7.10884
   14.2349
   14.4512
   25.5913
   10.1426
   39.1335
   19.2798
   19.2251
   7.51656
   33.2608
   40.3798
   21.7454
   49.8279
   18.2006
   68.6231
   25.0597
   6.37091
   3.89572
   6.68296
   24.3231
   2.19705
   21.8367
   13.5479
   11.0658
   15.9033
   12.7036
   31.3468
   24.3506
   11.7433
   26.9672
   8.79552
   53.4302
   29.2106
 0.0683877
    44.582
   2.50643
   3.10426
   4.00267
   30.6766
    11.011
    26.928
   18.4752
   47.2316
   13.9818
   23.6495
    11.549
   2.00216
   9.07433
    26.572
   1.28005
   20.2243
   8.57144
   10.7885
   23.6691
   17.6123
   20.7679
    27.087
   19.3421
   37.1829
   13.0927
   21.1626
   18.7285
   14.2325
   13.3523
   22.8127
   15.7155
   18.5611
   33.8447
  0.544685
   17.6201
   29.0735
   32.2484
     17.68
   1.09333
   2.66751
    20.169
    21.378
   14.0193
   22.6858
   30.0818
   7.06134
   15.3299
   6.90382
   19.8978
   18.4939
   7.58405
    3.1932
   39.2553
   30.7684
   4.05165
   34.1561
   6.86953
   32.1951
   5.19886
   5.09975
   9.53047
   1.99187
   17.0692
   5.69592
   2.49497
   9.98138
  0.639165
    25.064
   18.2538
    15.301
    15.483
   73.6343
   72.6469
   13.7272
   15.1411
   21.7174
   4.89453
   11.1758
   24.7529
   16.7709
   1.45083
   33.5135
   17.3468
   5.62913
   13.8676
   6.19466
   25.4147
   6.18964
   59.0751
   18.3412
   11.0125
   16.9607
   30.3746
   7.12001
   5.39684
   18.7882
   1.83439
   0.82867
   18.9071
   8.55595
   7.80476
   2.17956
   48.2022
   7.84289
   2.48522
   7.66195
   88.4507
   89.0076
   16.4777
    23.097
    1.7915
   50.1228
   11.7406
   24.4407
   11.8457
   17.8488
   1.35866
   13.0646
   16.0854
   20.1115
   14.1084
   9.75548
   1.87951
   5.99345
   12.2172
   52.4923
    69.655
    7.4698
    1.2078
   9.45784
   15.4245
  0.318865
  0.982422
   5.81363
   30.4542
   79.7219
   58.6082
   87.3881
   8.99049
   16.7402
   2.41013
   79.4397
   91.6329
   27.7806
   2.66121
   49.4656
   12.7525
    57.377
   5.65224
   8.24272
   12.2553
   1.92942
   13.0994
   78.2068
   31.8529
   19.6697
   8.58113
   8.30313
   3.59024
   8.57296
   9.11892
   31.1786
  0.610039
   78.7736
   81.6396
    84.086
   22.4579
   13.9674
   3.27936
   76.7554
    84.548
   79.0205
   80.9783
    80.876
   18.5061
   6.96109
   1.36572
   1.05786
   66.9494
   79.5972
   80.0195
   8.16461
   7.41857
   82.7838
   93.3244
    84.957
   83.1195
   11.4776
   12.7008
   14.1903
    11.931
   15.4729
    1.8558
    0.5316
   11.0598
   16.0353
  0.559227
   6.79254
   14.5263
   15.6713
   9.75054
   5.68251
   45.3469
   45.8461
    52.258
   8.28822
   11.4723
   23.9788
   13.1035
   78.2002
   81.6541
   88.4986
    4.5894
   9.49133
   1.85715
   11.8634
   7.04124
    14.824
   3.06425
   8.24854
     1.986
   3.15284
   7.31333
   2.64476
   10.3934
 0.0844193
   0.26265
   7.82962
   3.30832
   93.5222
   73.7816
   8.91243
   5.92357
   1.67885
   19.0594
   12.3586
   7.09088
   3.92201
   1.44745
   1.04937
    1.0766
   8.07149
   10.9876
   12.5733
   77.0107
   2.34783
   69.1375
   70.2043
   70.0812
   72.3072
   69.9304
   76.5597
   68.8655
   68.7013
   46.1428
   50.3626
    80.178
   51.4702
   80.8566
   83.1354
    71.043
   70.2885
   81.1471
   90.5181
   88.8214
   81.2747
   66.1983
   74.1251
   49.5926
   9.14757
   16.5663
   74.7504
   73.4839
   69.3344
   83.3811
   82.8549
   83.6363
   84.3115
   78.4762
   77.5015
   74.0279
   68.7729
    26.176
   80.4012
   86.2501
   86.9536
   55.1156
   6.88524
   82.9613
    82.857
   80.0514
    86.088
   24.0693
   14.2607
   26.2724
   82.1998
    58.738
   71.8924
   68.0363
   64.2517
   73.5926
   58.0098
   77.9596
   73.6611
   85.3239
   70.6984
   86.3652
   80.8329
    73.646
   47.2926
   49.5044
    60.647
   67.0092
   62.5238
   16.4785
   5.88735
   54.1756
   54.9482
   53.1282
   89.8455
   78.3547
   73.0226
   78.4761
   80.0329
   11.2309
   1.60038
   68.4028
   88.5963
    82.405
    62.063
   47.0109
   65.4793
   73.4509
   85.7361
   89.4452
   82.4187
   70.5043
   69.7999
   4.02363
   82.8242
   75.5238
   70.0812
   73.6888
   14.0963
   3.72493
   81.4157
   82.4076
   50.3968
   78.3987
   78.0162
   83.5575
   47.6721
   19.3475
   42.1086
    70.249
   69.1867
   73.4256
   68.4228
   8.55908
   88.5463
   86.4367
   74.3604
   26.3793
   70.9808
   69.3294
   91.1939
    90.391
   82.2168
   67.7108
   81.3003
   70.5222
   68.6976
   80.8648
   82.3667
    67.928
   69.6234
    49.345
   80.6685
   84.5373
   81.4203
   77.9227
   86.1626
   85.2039
   83.5061
    81.137
   67.6897
   68.8978
   14.4197
   10.8827
   77.7189
   68.1151
   68.3037
   10.9141
   5.62989
   10.8834
    80.439
   73.8979
   69.8419
   80.8168
   89.0862
   83.7341
   71.8749
   81.7696
   8.47475
   83.7964
   79.7071
   77.7449
    78.786
   82.3865
   78.8846
   74.2587
   76.7736
   73.2332
   67.6376
   45.1216
   79.1077
   89.6606
    59.526
   62.7519
   63.3023
   38.0591
    48.686
    12.517
   79.5611
   79.7589
   77.6952
   78.7273
   83.3943
   71.3528
   71.4526
     8.485
   15.1934
    83.611
   74.1671
   77.5661
   76.7359
   35.3742
   68.5827
   40.8908
   77.5892
   72.1467
   69.8149
    37.304
    52.052
   68.6845
   47.5591
   78.2894
   74.7719
   78.2346
   49.6343
   70.1319
   44.6895
   65.1356
   76.9632
   70.1534
   42.1025
   66.7574
    71.851
   66.1474
   76.3759
   71.1484
   66.0728
    62.633
   46.1294
   56.0419
   14.0795
   66.6824
   53.8851
   50.1868
   68.1985
   6.00097
    11.917
   4.05504
   16.6748
   42.4976
   63.4421
    54.144
   40.6724
   36.8857
   58.0776
   77.1591
   18.0979
   3.07813
   5.61241
   2.37118
    13.688
   43.5271
   10.7722
   26.8882
   27.9781
   64.9201
   63.3495
   60.5951
   31.7401
   14.3102
   8.27253
   50.6158
   15.0752
   19.0416
   42.3741
   54.4975
   22.6756
    21.076
   32.0059
   15.8498
   9.04749
   7.99855
   2.46061
   17.5103
    5.0679
   5.51198
   21.4941
   47.8765
   20.6431
   25.8508
   7.85515
   28.0391
    8.5763
   26.6977
   32.5439
  0.295523
  0.526504
   16.3009
   3.02865
   40.1381
   25.4676
   16.3181
   1.01789
   13.9238
   3.06317
   16.0895
   28.0346
   38.1362
   31.4386
   17.2817
   19.0416
   59.7247
   46.3414
   68.2541
    13.565
   13.0878
   45.8438
   51.7436
   21.1425
   25.8644
  0.981141
   24.9201
   1.72528
 0.0780692
   78.0064
   32.7029
   26.0781
   18.4461
   9.98016
   57.3936
   58.9759
   12.2183
   15.9959
   15.1432
   54.7211
  0.508491
   78.4793
   21.6942
   7.27548
   68.7345
   67.1197
   65.7015
   73.9484
   71.7061
   76.6784
   80.4215
    15.129
   4.00516
   13.6087
   67.6016
    66.529
   59.4233
   62.9013
   71.3749
   16.3127
   26.0551
   24.7792
   80.5789
   65.3618
   65.8362
   1.13774
   3.47535
   3.36143
   56.1024
    50.597
   66.0917
   73.5554
   17.9014
    35.335
   20.3961
   10.8642
   81.5484
   72.6441
   52.5036
   29.4648
   67.3918
   70.0758
   23.3757
   12.4942
    6.6091
   78.1817
   66.9737
   21.0971
   71.2733
   73.4149
   16.6144
   4.30931
   68.9112
   25.5309
    62.375
   65.0656
   73.4548
   14.9502
   73.8428
   73.2915
   23.0048
   67.5135
   21.2847
   20.8109
   46.0588
    24.138
   9.11031
   82.2935
   13.8023
   72.3134
   47.2133
   11.6217
   58.3702
   72.5619
    82.386
   51.5661
   15.3532
    3.1319
   14.0042
   6.73774
   56.4697
   60.5818
   18.9235
   67.2251
   50.1907
   81.7284
   21.7796
   76.3498
   11.6273
   84.6633
   31.3601
   34.6818
   17.2433
   68.5588
   50.8287
   98.5523
   1.56669
   4.28367
   4.60401
   76.7421
   7.67741
   71.2159
   64.7706
   71.7694
   71.8354
   76.0914
    82.386
   17.0629
   24.6972
   16.6821
   13.0988
   58.7518
   10.4333
   72.8522
   65.2391