  7.95413
  9.11212
   9.9104
  6.23312
  0.58941
  5.93426
  4.97099
   9.3026
  7.05591
  5.89264
  5.21702
  4.85007
  4.75705
  9.41359
   16.107
  11.8527
  10.3289
  8.24608
  9.85412
  6.64184
   8.3762
  10.2946
  20.8505
  15.5769
  16.8665
  20.2852
  1.66435
  13.2218
  8.11576
  7.99337
  10.1709
  13.7815
  12.7928
  14.4487
  7.35065
 0.187349
 0.749595
  7.61243
  10.7099
  9.14217
  16.1087
  10.3408
  8.08598
  4.95525
   7.8914
  12.5341
  7.67418
  2.87256
   19.603
  1.84969
  15.8757
   21.665
  2.65571
  16.9959
  8.30488
  6.48944
  6.46454
  7.06671
 0.361065
  16.2822
  15.1986
  16.4381
  9.10523
  16.6366
  5.77417
  9.27834
  17.1143
  4.48391
  6.65932
  6.75164
  7.41225
  9.42577
  8.71424
  3.99311
  9.77184
  4.69667
  14.9704
  5.92957
  8.82213
   4.2749
  9.97857
  18.8493
  8.68716
  5.26744
  5.30249
  6.31088
  4.21105
  11.6784
  6.97151
  6.56886
  9.12091
  8.93723
  8.43672
  2.40748
  9.98551
  10.4641
0.0701983
  8.35104
  5.69436
  18.2544
  5.63492
  12.9708
  18.1815
  1.13002
  18.2992
  2.00112
  13.9152
  18.1817
  31.6662
  33.8649
  15.9079
  21.8418
  9.68264
   14.692
  1.75088
  9.60096
  6.75579
  14.6522
  7.69664
  8.91696
  21.9495
  3.24972
  9.51649
  11.3967
  11.8957
  6.02912
  16.1215
 0.763916
  20.0146
  17.7365
 0.954903
  8.01103
  15.7254
  10.5476
  22.4291
  22.5902
  18.4227
  17.2259
  13.8464
  10.1613
   15.257
  14.9238
  13.1648
 0.492787
  11.5504
  2.81768
  6.69768
  6.93369
  5.83018
  10.5488
  7.88542
  10.2107
   11.606
  6.65443
  1.64709
  15.3138
  10.3834
   13.827
   15.696
  10.4701
  16.7056
  19.8542
  7.79789
  7.01774
  14.2229
  16.6731
  7.43376
  20.0841
  5.81952
   6.0151
  3.14507
  8.26761
  2.59134
  8.43932
  14.7692
  7.90074
  5.73036
  17.7147
0.0652279
   12.058
  5.57477
  9.53366
  5.29086
 0.995874
  7.46988
   7.4194
   14.498
  13.7433
  6.60711
  10.2901
  9.16077
  13.4919
  4.82553
  9.57623
  17.5728
  8.22404
  4.12497
  5.85306
  5.97881
  10.9511
   9.4224
 0.246293
  19.8191
  6.09331
  12.6438
  9.39576
  13.0868
  10.3938
  13.2931
  8.49883
  5.08357
  4.00018
  17.4045
  8.87256
  2.14472
  23.9603
  12.5468
  4.01365
  8.78626
  6.10915
  16.0879
  2.05693
  3.19632
  20.7688
  6.12872
  8.34157
  8.74045
   6.1896
   14.124
  26.2291
   8.4734
  10.0423
  3.29031
  3.50453
  5.36123
  2.64976
  15.0155
  6.64941
  9.55015
  2.64148
  12.3861
  6.47471
  7.44806
  9.64676
  22.1039
  16.9814
  14.2863
  15.8471
  14.3227
   1.0255
  1.12642
  13.0254
 0.386108
  9.53594
  1.16985
  16.1087
   7.6093
  16.2179
  17.6319
 0.141663
  10.3442
  5.17538
   1.8861
  10.9851
  9.36531
  10.9363
  17.2813
  9.81414
  7.41088
  17.4064
  9.75576
  11.6249
  4.99964
  5.40922
  13.3042
  5.23866
  16.5573
  14.5354
  6.86279
  9.30311
  5.44116
  12.9209
  2.55125
  21.1039
  20.0368
  5.47698
  10.3547
  10.9094
   2.3016
  7.98558
  16.3236
  14.0561
  16.4016
  8.93033
   10.898
  16.4886
  10.6648
  2.53812
  6.18885
  15.9211
  13.0185
  3.69705
   26.861
  8.45648
  3.60541
  15.6987
  13.4826
  7.06286
  8.77526
  9.89547
  3.74389
 0.304396
  4.93601
  18.6362
  13.3649
  13.3082
  3.70068
  14.1338
   9.3828
  3.42714
  15.7628
 0.603504
  9.91111
  10.8753
  22.9254
  5.48619
  6.88085
   15.832
  7.08972
  7.43742
  17.0145
  3.80249
  16.4337
  10.6942
  9.72847
  12.9012
  14.5014
  3.15947
  3.34112
  4.82553
  12.0157
   4.2695
  4.76004
  20.6675
  10.9532
  6.45113
  5.65029
  3.50955
  6.01029
  1.55763
  11.0957
  11.7115
  11.0438
  8.23317
  7.58022
  2.77068
   3.8619
  17.6757
  5.85978
  17.5372
  8.11357
  3.90656
 0.628638
  7.68703
   11.315
  16.3998
  10.5701
  15.5303
  9.48007
  21.2052
 0.737569
  6.40816
  14.6813
  14.9857
  12.7278
  4.26571
  5.79934
  5.18294
  12.2594
  7.89493
  10.9078
  13.7809
  13.9285
  10.3117
   2.2258
  3.55565
  12.4483
  11.5354
  2.87217
  2.07611
  20.3294
  14.4898
  5.41942
  7.86207
  4.17287
  12.2169
  11.1194
  2.22274
  7.20398
  12.4115
  4.64778
  18.6853
  20.6837
  14.0078
  16.9196
  17.5676
  8.48443
  2.87484
  5.98363
  2.24058
   2.1154
  15.5297
 0.645936
  13.4136
  1.49665
  11.2123
  1.49665
  14.3252
  8.39564
  8.15255
   11.846
  26.0056
  5.79354
  12.5806
  1.85347
 0.722398
  5.92597
  1.50539
   5.2713
  1.17181
  4.59474
  11.4859
  7.24875
  12.5548
  14.4473
  17.7527
  4.36511
 0.471118
  12.9569
  1.97067
   9.8919
  3.16399
  7.22448
  9.63156
  14.6489
  8.69782
  4.04894
  7.35844
  12.9909
  15.3045
  8.73178
  13.2092
  14.4869
  9.66964
   14.464
   9.0708
  1.52043
  1.95165
  6.28636
  4.13364
  9.27678
   26.928
  4.52734
  4.78566
  2.27425
  8.81238
  3.49553
  16.4682
  10.3329
  2.82127
  9.60548
  1.20353
  7.25794
  15.5666
  5.13765
  3.44574
   9.6094
  21.0587
  1.83142
  7.48908
   15.954
  8.61292
  13.4938
  2.29534
   2.2084
  11.7733
  4.37886
  10.7666
 0.255165
  16.4205
  8.22546
  4.87368
   11.631
  14.8218
  7.08057
   3.6452
 0.305765
  7.12546
  6.89063
 0.298349
  16.2276
  2.96005
  14.8939
  7.87339
  6.81312
  7.82543
 0.815098
  4.71413
  14.6949
  1.38546
  5.38997
 0.644032
 0.903676
  14.2799
  13.7244
  8.74417
  9.46991
   13.108
  9.87694
  14.9615
  10.1004
  1.45746
  5.65603
  1.58273
  2.07891
  3.11406
  21.1533
  5.96218
  2.51275
  2.81608
  12.5059
  1.11195
  12.4881
  3.03197
  10.7324
  5.14768
 0.787853
  2.52346
  3.09619
  17.1867
   15.098
   31.494
  1.21914
  15.8008
  15.9931
  12.2442
  12.6979
  6.94499
  9.82629
  1.50456
  18.3672
  5.57054
   9.3018
  15.8271
  3.91036
  8.38591
   11.952
  23.1208
  1.48586
  8.37809
  8.40181
  7.76688
  2.55879
  23.7049
  9.12921
   12.546
  17.3211
  15.1479
  14.8374
  12.3041
  13.8342
  12.1641
  15.4636
  17.7705
   16.534
  16.1524
  21.8416
   23.856
  26.7511
  11.5001
  17.6603
  10.3572
  16.9436
   12.342
  6.27434
  16.5866
  12.0798
  15.1078
  16.9025
  3.30535
  9.29069
  11.8793
  14.5517
  9.98617
 0.600979
  12.6445
  4.23892
  2.06328
  15.6748
  11.2807
  6.00145
  13.6372
  13.7628
  10.8169
  12.3253
  16.1275
  12.3307
  14.4551
  3.82093
  11.9551
 0.695595
  9.01617
  8.74419
  8.81088
  19.5268
  17.5628
  13.3479
  4.84344
  15.8746
  14.5955
  9.14629
  7.27028
  12.3813
  9.95792
  10.9647
   12.891
 0.648636
  18.8761
  11.7469
  15.3786
  11.5049
  12.8638
  13.2781
  11.1729
  3.04216
  5.16912
  0.68904
  1.01814
 0.463918
  14.0792
  18.8826
  17.8862
  9.89184
  2.55111
  13.3929
  4.83926
  3.56867
  28.5532
  17.9511
  18.2448
  7.02383
 0.747309
  17.4114
  13.2154
 0.195746
  10.0473
   17.205
  15.5075
   9.7272
  20.6663
  7.83303
  2.01298
   13.874
  14.1446
  9.16094
 0.233026
  19.0489
  10.2884
  15.9353
   13.803
  15.2119
  12.4735
  2.22593
  17.4657
  20.1252
  17.2549
  8.91236
  18.3906
  21.6476
  9.09118
 0.237851
  10.1004
  21.7614
  7.15668
  17.1165
  9.53379
  8.35075
  16.9541
  18.3495
 0.604747
  21.4558
  15.6534
  1.29028
  16.7233
  19.6513
  16.4374
  2.51871
  9.35417
  20.6634
  12.4319
  12.9493
  18.9607
  6.51501
  4.65365
  13.7346
  16.6641
  18.8375
  16.4928
  6.16999
  11.1807
  10.9884
  13.6619
    20.88
  19.0547
  16.1105
  18.4799
  11.9263
  9.39981
  18.6565
  12.8958
  3.70302
  6.62414
  10.9921
  11.5327
  17.3614
  5.60057
   9.0651
  8.50273
  15.7777
   9.4723
 0.173882
  16.0252
  15.5689
  3.91314
  19.6753
  12.1549
  6.12415
  9.03041
  24.9846
   3.3839
  9.83147
  19.6628
   29.128
  2.63352
  15.4315
  8.82614
  9.02977
  1.24109
  13.9133
  15.7413
  16.2387
  6.58573
  14.9998
   12.695
  11.2904
   14.372
  13.7554
  13.3399
  16.7722
  11.7297
   16.926
  17.0509
  7.21862
  5.90449
  8.63069
  8.15221
  12.3878
  10.9419
  1.70288
  11.9775
   2.1119
 0.554668
  29.7047
  11.1067
  26.1922
   13.631
  1.37565
  15.5195
  8.70174
  10.6008
  21.9601
   4.9269
  3.08308
  5.07033
  4.61685
  15.8485
  12.1048
  13.5506
  8.75848
  16.5618
   2.2247
  4.30923
  6.51996
  5.83941
  14.1266
  11.4826
  8.90808
  1.02208
  3.35591
  6.53287
  0.46387
  22.1138
  7.28859
  8.40501
  9.17843
  17.6277
 0.636622
  10.7541
  7.47286
  12.1753
 0.547877
  9.17865
  3.24649
   6.8808
  4.50825
   14.938
  3.17144
  9.64605
  14.8174
  5.28918
0.0531643
  4.02498
  12.3043
  10.0225
  6.88233
0.0144073
  11.8941
  1.60144
  14.4298
  5.41861
  31.2443
  30.5996
  6.32098
  22.3708
  6.31225
  11.6743
  14.8181
  14.3546
   21.057
  2.20776
  4.65912
  21.6433
  26.3706
  9.13013
  4.94869
  1.53319
  4.03458
  15.3772
   38.889
   43.537
   48.845
  44.4929
  17.5945
 0.888165
  23.0637
  2.74572
  4.84521
  1.71747
 0.316261
  3.93548
  8.16837
  3.33287
  9.82713
 0.611459
  3.17974
  21.5848
  29.8498
  16.5128
  10.7938
  4.78526
  11.8141
   6.2395
  26.4071
  38.3162
   37.499
  41.3352
  6.28087
  4.39491
   12.807
  37.3988
  42.5907
   11.104
  2.19161
  4.74595
  1.64174
  11.9725
  2.82825
  35.6402
  26.6397
   12.375
  5.13296
  7.45163
  24.2727
  5.18332
 0.362502
  1.38484
  35.1363
   40.708
  40.3949
  38.4615
 0.169399
  10.7151
   30.213
   33.462
   35.101
  42.8229
  35.1362
  1.43554
   10.657
  2.35867
   32.242
  34.5311
  37.7748
  3.25319
  12.5627
  39.4161
  43.6825
  34.2802
   33.579
 0.538403
  3.17523
  1.12751
  38.9812
   4.8432
  9.24907
  0.50278
  1.25123
  8.64514
  1.94024
  1.76701
  19.7364
  3.81066
  25.6325
  24.8027
  16.1606
  5.18731
    2.261
  16.9215
  41.0137
  42.2509
  42.5573
  43.5842
  39.5743
  36.9759
  8.82834
  10.4333
  16.6441
  6.60314
  11.1109
  10.3141
  2.61126
  1.29127
  13.1197
  1.86977
   15.116
  17.4803
  7.63682
  1.62433
  2.19161
  43.4393
    30.48
  8.20658
  5.06683
 0.859504
   10.192
    11.82
  2.83901
 0.971578
  8.03696
  2.96265
  11.1461
  29.5784
  3.53109
  37.6567
  29.6209
  30.7958
  32.6764
  31.6612
  39.6964
  38.9608
  31.4342
  27.8584
  38.1951
  29.0369
   23.529
  47.1115
  42.6868
  40.7234
  22.7024
   39.054
  37.3516
  30.2093
  45.7297
  45.3561
  33.3231
   30.475
  30.1579
  35.5458
  38.8383
  44.4267
  41.1394
  39.0806
  34.7819
   28.462
  46.0235
   31.276
  21.5298
  10.8576
  10.0909
  30.3578
  31.6559
  33.7252
  40.5683
   44.178
  46.8078
  34.7226
  40.4618
  38.8769
   37.537
  39.8281
  33.1869
  31.2487
   46.024
  45.7293
  34.2997
   12.972
  41.6662
  49.2119
  44.6798
  43.0964
  38.9556
  41.5383
  37.7972
  34.1065
  8.30659
  34.3687
  33.1949
  37.5304
   45.189
  16.8032
   8.8438
  4.07132
  44.9715
  35.4828
   40.694
   38.748
  28.7997
  30.7213
  4.57986
  26.2885
  24.8516
  45.6211
  25.2033
  36.7642
  27.5335
  33.6846
   31.431
  31.5816
  21.5298
  20.6999
  32.3996
  31.4795
  27.6461
  3.82348
  8.60459
  29.8249
   30.113
  19.8011
  38.8547
  37.8963
  33.1209
  30.3284
   35.136
  37.7894
   38.908
  4.07108
   5.5241
  36.5775
  33.6568
  33.8364
  23.5356
  25.2591
  29.7495
  27.9115
  47.3795
  44.8571
  46.5036
  45.5604
  31.4742
  31.7348
  2.01682
  35.9848
  2.40268
  37.7677
  42.3568
  37.3387
  36.0666
  36.3759
  29.9364
  40.8839
  40.6312
  30.7958
  35.1597
  36.7722
  4.38663
  34.5287
  36.9266
  27.4122
  30.4751
  35.6788
  32.9206
  38.5711
  34.7905
  28.7269
   12.312
  26.9295
  33.2209
  30.6527
  32.5509
  41.5394
   41.442
  42.2638
  33.4421
  34.7267
  46.9502
  32.6516
   40.003
  27.3013
  34.8366
  36.9473
  36.2455
  39.1402
  44.7698
  38.4152
  39.6505
  35.8829
  30.5761
   37.717
  32.4905
  38.1173
  37.6066
  30.4433
  33.2985
  34.8926
  32.3716
  31.2021
  34.8538
   32.944
  35.4794
  32.3292
   30.539
  32.6022
  34.4748
  18.2722
   39.543
  34.6838
  39.7067
  39.4574
  41.3071
  30.9505
   31.836
  45.0439
   38.716
  39.7698
  34.9974
  35.6759
  34.8304
  36.3151
  27.7625
  38.6207
  39.1144
  26.9867
  28.3474
  9.48444
   6.6183
  31.2556
  32.9393
  33.6964
  37.3842
  24.1204
  38.4862
  32.6843
   1.8335
  14.7012
  39.5312
  36.2518
  39.8562
  34.7295
  36.9297
  39.5103
  41.3759
   37.926
  47.2975
  19.5054
  38.9904
  39.6441
  39.8972
   41.919
  34.5601
   35.479
   41.626
   42.416
  39.0513
  39.2646
  39.5751
  34.3454
  45.2893
  43.6721
  36.6679
    34.73
   7.2265
  33.6546
  35.6256
    41.91
  41.4867
   36.744
  43.3007
   39.605
  39.5726
   34.273
  37.3373
  35.7573
  32.8092
  43.2025
  35.9686
  35.5798
  37.6714
  39.2741
  42.7234
  39.9442
  40.9638
  32.8507
  42.6339
  3.33443
  40.9743
   38.473
  38.6826
  40.7735
  42.1511
  35.2871
  41.7688
  42.3437
  32.2635
  45.5053
  39.7659
  39.7381
  31.9959
  32.2073
  27.6754
  39.3601
  43.2612
  40.7732
  36.1423
  36.2399
  45.3659
   29.732
  5.52628
  37.6204
  38.3735
  37.9795
  33.4804
  32.9653
  35.7476
  28.7315
  40.2454
  39.9438
  39.7616
  37.5969
  36.7877
  40.9664
  39.7876
  40.7576
  38.7414
  40.8349
  39.3179
  39.7193
  47.6079
  49.0663
  34.8114
  42.8945
  41.0675
  38.6104
  38.6894
  28.3545
  39.2219
  32.1817
  29.5773
  39.4105
   32.439
   37.384
  44.4064
  36.4257
  35.7157
  37.1304
  33.6319
  36.9733
  38.9714
   39.113
  38.8742
  39.9591
  37.8815
  16.5264
  37.8032
  31.3683
  33.5288
   37.941
  39.0656
   41.472
  14.7805
  35.8382
  34.3118
   31.393
  36.7492
  41.0975
  34.1372
  32.1281
  16.0257
  30.8954
  35.5018
    35.84
  41.2762
  22.7431
  26.5135
   40.652
  19.6547
  34.5005
  35.6152
  40.3187
  40.5842
  37.7456
  44.3899
  29.5902
   37.823
  17.3428
  30.7203
  36.9105
  25.3349
  23.7379
  37.4069
  41.3534
  28.2433
  28.1714
  29.4553
  34.3131
  28.5725
  29.3775
   21.903
  19.4849
  23.8449
  16.7931
  37.6163
  27.8368
  19.8684
  21.1633
  28.4196
  3.70318
  11.1218
  11.3111
  26.9502
  27.7854
  20.0839
  15.8027
  25.4874
  38.0848
   17.831
  13.7915
  26.9958
  2.94503
  4.12084
   35.919
  30.6248
  32.9751
  1.23817
 0.862711
  14.3847
  13.3887
  27.2188
  13.7385
  27.0794
  10.7804
  1.92364
 0.449393
   13.357
    5.875
  1.62492
   9.7176
  5.46654
  2.02667
  8.06413
  3.22867
  10.2813
0.0428313
 0.222121
  6.93369
   18.995
  4.31942
  8.42055
  24.0679
  5.09126
  29.7132