  12.6966
  10.0811
  5.51801
  36.2791
  20.4852
  19.4536
  6.14301
  12.0593
  15.0039
  3.28762
  11.3631
  15.8684
  3.77216
 0.489091
  19.2044
   8.3846
  3.55906
  1.53506
  12.8462
 0.197659
  13.5341
  8.78809
  24.2897
  16.8262
  21.1815
  16.2163
  35.9462
  30.4837
  20.8783
 0.160711
  8.15487
  10.8845
  14.0242
  8.04111
  1.13003
  30.5113
  11.0892
  14.2756
  19.1843
  20.6402
  13.9356
  47.2513
  18.6225
  18.5788
  20.7031
  2.58206
  28.6537
  21.4117
  36.7356
  16.6444
  14.8979
  19.4951
  34.2975
  28.4832
  2.42436
  14.1899
  3.79486
  2.15484
 0.534553
  2.30395
  5.59946
  5.39773
  10.9525
  17.4882
  21.5191
  12.0887
  19.5637
  1.59287
 0.246641
    5.838
  13.6048
  8.13898
  8.95987
   20.355
   17.179
  17.9931
  36.1165
  32.6694
 0.346011
   11.727
  2.64928
  7.64164
  13.1109
   12.313
  13.0074
  18.0148
  11.7528
  29.8454
  7.26583
  19.6681
  3.68937
  13.0691
  5.35149
  24.3233
  30.9413
  3.37697
 0.201962
  3.64759
    8.908
  8.74737
  13.7704
  14.3887
  5.41458
 0.907551
  2.00779
  8.94296
  12.5612
  4.63735
 0.778657
  16.1422
  30.3281
  5.33419
     15.3
  4.20538
  13.3034
  9.51292
  10.0021
  10.3837
  34.2168
  34.7454
  17.1508
  1.33592
  10.8809
  11.8976
  9.16942
  4.21185
  12.2371
  9.71095
  31.0473
  26.0514
  20.0981
  19.3566
  16.2932
  20.6655
  33.5427
  11.5582
  2.42453
  1.32815
  16.0524
  4.21619
  21.4143
  32.9973
  43.1532
  33.9383
  26.1987
  7.84382
 0.633666
  4.43158
  2.16188
  7.60862
  7.25221
  15.9248
  5.13472
  13.8774
  19.8349
  9.81875
  7.99856
 0.214667
  20.0051
  14.5176
  6.43805
  15.4629
  18.1699
   23.326
  16.9597
  9.89716
  9.64861
  5.11776
 0.120344
 0.291856
    1.951
  23.7134
  6.81038
  29.2256
  14.0327
  12.9395
  2.62153
  22.8472
   13.647
  4.97963
 0.545452
  19.7469
  2.46926
 0.581703
  7.79435
  6.53824
 0.321926
  0.78984
  5.79567
  3.29093
  5.34503
  2.04952
  13.0309
  2.49986
  31.6734
 0.260861
  6.47822
  25.6607
  12.1683
  10.1897
  17.4069
  27.7898
  21.0295
   33.358
  12.6076
 0.644057
  7.27212
  14.2608
  10.6247
  13.9937
  8.49921
   4.8656
  22.1793
  10.5696
  10.6594
  8.32842
   12.605
  13.5018
    11.42
  3.10463
  29.9858
  26.4082
  27.1444
  6.93999
  11.3238
  1.18425
  7.69768
  6.69983
   27.533
  2.43797
  12.5948
  37.2251
  3.83145
  2.89839
  6.73616
  5.10798
  10.8791
  30.5401
  40.8933
  28.4351
  16.8658
  16.7582
  3.23038
  12.3382
  5.96031
   11.811
  6.10769
  8.87626
    13.97
  4.68708
  21.1818
  2.74578
   4.6335
   13.767
 0.334114
  9.75404
  5.48939
  25.4914
  19.9909
  21.2574
  21.4775
  5.79461
  21.1295
  7.06757
  1.34639
   2.1161
   1.9387
  38.7667
  18.9137
  2.68058
  7.04008
  9.27533
  6.15768
 0.314349
   21.539
  19.8379
  2.77319
  3.06759
 0.356229
  13.2002
  4.81895
 0.829374
  20.0135
  8.14634
  15.0155
  6.36861
  0.61845
  2.70321
  3.28658
  12.1923
  7.95315
  7.53362
  29.7057
  4.90714
   12.778
  14.0335
   14.078
  2.60643
   4.9618
0.0252373
 0.860161
  10.2679
   2.7688
  4.12121
  32.8139
  17.5945
  2.91503
  3.68934
  1.22672
 0.206273
  20.7821
 0.896181
  20.3436
  10.8459
  8.40317
  1.29973
  5.51188
  13.2715
  7.56837
  3.12539
  4.60635
  1.09174
   0.8527
  1.62317
  7.01242
  5.75979
  14.6513
  14.0003
  11.5225
  7.46004
  7.18793
  4.68344
 0.967848
 0.251033
  14.0754
   10.298
 0.855344
  5.60968
  2.48051
  13.1045
  5.98847
  8.25754
  1.70442
  4.77559
  7.87208
  25.2135
  5.38053
  35.9585
 0.466044
   4.5796
  21.2487
  8.37738
  1.69364
  1.00175
  21.4952
  50.5981
   53.912
  6.18467
  1.73635
  1.62876
  3.65556
  28.6007
  8.49185
  3.69199
 0.400361
  27.5034
  4.50378
  2.46336
  21.3062
  33.4888
  4.32161
   6.7914
  10.2963
 0.127248
  7.45471
  3.47177
  9.64625
   11.671
  5.94723
  5.25602
  2.46098
  3.80173
  12.2901
  1.61349
  9.21894
 0.401889
  8.87565
   6.0709
  2.46885
  13.8856
  5.25069
  5.55484
    7.811
 0.921208
  15.2062
  2.85376
  6.32665
  9.62771
  5.96249
   9.4398
  1.47437
  5.00856
  4.88988
  1.93633
  10.8206
  7.71383
  3.77771
  9.77772
  9.49268
  2.03254
  21.0592
   1.8277
  5.96663
   1.1988
   2.0083
  0.32296
  17.6183
  4.50243
  7.74701
  6.88396
  10.1684
  1.91721
  4.06993
  14.8559
  9.59304
  2.54983
  21.7933
  5.35839
  5.80292
  4.78789
  18.9425
   18.286
  4.79104
   6.5334
  33.1301
  2.06426
  1.79838
  11.5911
  4.51617
 0.237749
  20.3079
  1.83256
  4.02528
   10.067
  4.17461
  5.80952
  6.33858
  29.2218
  4.44677
  3.21568
  23.8907
  5.86213
  5.62291
   5.4361
 0.171179
  3.88283
  1.34816
  3.39119
  31.6122
  3.54964
   10.924
  5.16254
  4.33572
  9.14069
 0.345875
   6.6053
  4.88891
  1.67401
   5.7768
  2.53384
  33.6973
  6.49367
  4.49928
  19.6116
  3.99999
  6.77345
  4.26326
  1.87523
  5.93688
  2.08324
  7.73762
  32.8338
  9.64884
  2.59753
  8.30597
  9.04555
  5.92841
  8.82249
  10.8578
  10.5797
  10.1596
  11.8519
  2.81083
   12.145
  19.2383
  11.2623
   13.893
   8.2206
 0.549778
  14.7828
  19.8962
  2.08617
  11.1758
  12.4662
 0.730426
  27.3003
  2.96596
   1.7177
  7.89708
   11.673
  1.78788
 0.301401
  9.14603
  13.1991
  7.95212
  17.2912
  12.8691
  18.9838
  1.95933
   16.532
  10.5018
  10.4696
  3.70079
  2.49732
  2.81567
  9.48042
  6.57942
  5.51409
  3.69125
    1.459
  3.66011
  3.71445
   5.2414
  14.5624
 0.171077
  7.97953
  21.0871
  12.5218
  14.3011
  3.41964
  10.8878
  5.83426
  1.15101
   21.345
  3.70203
  18.4776
  20.7687
  19.5687
  3.85336
  8.21103
  1.14036
   1.5336
   24.193
  30.4841
  22.2479
  7.32643
  4.68787
  4.00743
  15.3493
  5.92237
  19.0907
  22.4718
  36.0977
  2.66279
  5.54612
 0.806433
  2.97935
  3.97758
  10.1522
  2.23834
  6.12311
  5.26958
   4.8943
  6.71808
    1.615
 0.829407
  1.67705
   11.274
  6.25787
   19.803
  23.0278
  36.4715
   5.2615
  1.99989
  7.17581
  8.94968
  2.13462
  2.61875
  13.7228
  11.0849
 0.849526
   7.4235
  31.2451
  24.0761
  6.99705
   1.1321
  22.5308
  8.25253
  6.15645
  4.37974
  5.54546
  13.5969
  11.4609
  10.1318
 0.336187
 0.755869
  33.4403
  17.0218
  2.35274
  10.4199
  3.50436
 0.855589
  23.1562
  6.42068
  3.64323
  10.1002
 0.221742
  1.29821
  5.37572
  10.5092
  7.56522
   16.184
  15.8733
  10.3865
  0.26791
  9.76589
  22.5899
    6.926
 0.276871
  8.49692
  3.23599
  6.03177
  1.65412
  7.47325
  15.6894
  5.20969
  4.89744
  3.58619
   11.562
  3.59323
  18.5042
  4.61023
  8.99705
  7.22543
  9.78165
  11.1005
  2.50636
  2.66345
  11.7775
  21.8141
  28.2697
  11.0796
  10.6555
  17.0561
  14.5736
  38.0808
  3.98875
  27.3621
  3.30303
  4.90416
  22.0822
  5.55358
  17.2485
  34.9332
  15.4308
  40.5953
  13.3642
  6.52336
   1.9693
  15.3938
  17.9739
   12.988
  5.41392
  7.92207
  34.6194
  20.6342
   2.5052
  12.3075
  2.73427
  5.38761
  16.9274
   12.002
  1.17009
  3.02896
  13.7429
  10.2605
  17.8826
  18.0595
  21.5438
  7.57581
  21.2404
  2.45683
  13.1256
  19.0045
  4.58188
  39.0687
  25.0059
0.0685212
  14.1794
  17.3158
   7.8964
  1.07435
  12.2808
  12.0217
  3.31149
  19.6413
  10.7361
  12.9523
  6.94254
  12.6854
 0.808761
  10.5523
  13.9349
  4.72574
  1.37774
  1.05273
  8.91797
  10.2543
  8.25376
  1.38386
  24.7897
  33.5861
  25.3954
  20.3548
  14.0511
  4.62552
  13.3299
 0.209238
  16.1913
  8.02205
  15.6924
  14.2791
  9.44248
  45.4628
  28.6764
  13.0369
   12.744
  1.92264
  14.7945
  33.6323
   3.0121
  12.2962
  7.25106
  15.7771
  35.4903
  1.33372
  10.5923
  1.81106
  10.9086
  24.3069
   7.7608
  15.4594
   10.875
  1.13114
   22.137
  11.3682
  19.5849
  2.47114
  9.75348
  9.63045
  15.0744
  4.20566
  6.39991
  11.9612
  11.7892
  2.43205
  3.07717
  1.03025
  15.8056
  14.9461
  2.70941
  9.70263
  12.8526
  15.1389
  13.4745
  18.2963
   13.043
   1.6624
  4.33751
  7.08003
  15.4213
  13.5571
  14.7696
  18.4966
  3.40562
  5.52937
  12.7705
  10.0829
  15.0709
  14.1708
  12.9152
  12.3277
   19.823
  45.0234
  17.3144
  1.78591
  16.1805
  15.9657
  3.22248
  8.75674
  10.6146
  14.9814
   6.1339
   14.705
   15.519
  13.6374
  6.56989
  10.6198
  9.82137
  14.0791
  12.8086
 0.876582
  21.5207
  21.9927
  18.5328
  17.3974
  8.26406
  27.4926
  10.9785
  11.5508
  7.08839
  14.6264
  4.43476
   10.789
  15.3566
  15.3587
  1.06635
  18.2642
  19.1549
  19.5752
  7.82347
  11.8287
  11.3616
  9.13854
  11.6518
  5.34264
  6.35477
  4.26099
  4.41971
  12.9474
  21.1183
  15.0175
  32.5856
  14.6314
  1.90663
  26.0954
  13.6767
  1.67506
  13.4841
  15.1873
  9.49348
  29.0608
  31.3013
   5.6821
  4.22409
 0.736675
0.0561825
  1.63116
  28.9212
  7.31444
  23.7569
  10.2488
  13.6049
  9.09679
  9.13565
  23.2063
  11.3837
  3.90616
  14.6484
  5.89364
 0.506662
  16.8737
  9.52535
  10.7662
  9.75319
  12.3104
  9.08602
  7.60534
  6.39472
  10.6848
  17.5227
   14.141
   6.6608
  18.0999
 0.223557
  4.73517
  22.4941
  11.4932
  13.7337
  12.9668
  30.0538
  6.34315
  6.84435
  45.0705
  16.6584
  4.10546
  8.59831
  5.36968
  5.60405
  32.3635
  10.9815
  6.14636
  6.53268
  2.87545
   23.602
  15.3072
  12.8818
  10.6992
  3.96684
  38.8425
  3.00742
  7.06692
  7.68173
  17.3637
  19.8974
  8.34737
  10.8655
   11.487
   23.066
  8.86836
  10.1967
  3.61657
  40.6958
  18.3639
  19.3189
  6.85938
  33.0158
 0.293926
   29.792
  8.73935
  11.2299
 0.379636
  6.04688
 0.647499
  38.5371
  8.20657
  27.8075
  24.7135
  11.5941
  3.60271
  6.90629
  40.3232
   11.029
  5.13009
  25.2146
  12.1884
  12.3939
  4.52073
  16.3539
  11.5032
  19.6459
  11.7612
   6.6529
  14.5152
  9.07606
  6.43143
 0.115732
  27.1172
  16.3636
  38.1336
  13.1779
  29.7183
  3.32207
  3.58686
  35.8269
  4.82655
   21.463
  9.07353
  13.5266
  10.3388
  15.7194
  27.9988
  24.5432
  12.5878
  39.8617
 0.976565
  4.11658
  3.22094
  10.7757
 0.511481
  35.0174
  6.82736
  3.89468
  3.96792
  6.51898
  35.8391
  19.9902
  4.14545
  8.06788
  11.3172
  5.30055
   13.092
  3.19961
 0.158334
  11.9344
  15.7052
 0.869471
 0.846869
  6.42884
  3.16271
  12.8648
  25.1625
  7.25967
  5.14058
  18.2038
  19.5415
  8.94491
  13.8401
  13.2157
  19.6538
  12.0163
   12.982
  1.24565
  7.50382
  31.0404
  4.24704
  8.39306
  10.0962
    5.066
  14.2335
  7.80704
  5.23346
  20.6103
   16.541
  18.8186
  14.1534
  15.8083
    14.97
  8.91682
  12.5358
  34.9745
  22.0666
 0.324659
  5.26409
  1.80743
  12.0584
  13.8872
  10.2133
  6.32123
   11.186
  13.3195
  9.82733
  2.64351
  4.56543
  9.86463
  22.0677
  9.07421
  8.20628
   7.1698
  11.0896
  14.0558
  1.94969
  6.92708
  19.7288
  2.64645
  25.5263
  11.8811
  1.28448
  7.50171
  10.2067
  41.8725
  18.5423
  6.73658
  8.06788
  14.2633
  12.9168
  2.44984
  2.94574
  15.9207
  17.8189
  5.80768
  12.2513
  25.3122
  22.2023
  3.68389
  7.16396
  9.50559
  22.3347
  8.56535
  15.0889
   17.004
  6.17386
  5.37134
  10.7048
  4.59121
  40.4544
  20.3968
  22.8432
  16.5623
  16.1426
  17.7204
  23.1603
   17.679
  4.75766
  27.3613
   28.237
  20.2604
  23.5532
     18.8
  31.8309
  15.2362
  31.3257
   15.537
  39.6606
  12.1961
  31.3345
   12.689
  14.1829
  7.11191
  32.4681
  26.7538
  11.6823
  30.9505
  9.69819
 0.792654
  12.4144
  23.4914
   14.904
  24.4974
  18.5266
  30.8101
  13.8388
   5.0686
  1.95397
  31.3505
  19.9862
  22.4896
  27.1463
  24.9169
  7.46354
  17.6302
  14.2568
  19.8632
  20.0324
  24.0773
  20.0702
  16.4026
  20.4612
  20.5916
  12.8287
  8.98145
  28.2489