4.18727
4.77857
5.44971
5.76992
 5.8061
6.10226
6.20544
6.37812
6.41319
6.54402
6.64907
6.67117
6.71516
6.74922
6.76773
7.27255
7.65229
7.70496
7.75684
7.80995
 7.8702
7.93967
7.94779
8.12632
 8.2596
8.35734
 8.5123
8.72356
8.73898
8.75062
8.76857
8.79162
8.85237
8.88337
8.92075
8.96666
9.01659
9.05522
9.10157
9.19586
 9.4354
9.61832
 9.6419
 9.7441
9.83067
9.90451
9.92631
9.96935
10.2267
10.2476
10.2618
10.2917
10.3645
10.7026
10.7144
10.9734
11.2336
11.2381
11.3672
11.3935
11.4102
11.4427
11.4441
11.4451
11.4579
11.6791
11.6949
12.1705
12.4474
12.5603
12.7132
12.8056
13.0372
13.0438
13.1943
13.2197
13.3499
13.4565
13.4769
13.6407
13.6614
13.7091
13.8014
13.9513
13.9792
13.9874
14.2516
14.2756
14.2924
14.4809
14.7144
14.8569
14.9119
14.9664
15.2537
15.2782
15.3048
15.3448
15.3653
15.4365
 15.539
15.5878
15.7164
 15.791
15.8865
16.0472
16.1436
 16.165
16.2016
16.5696
16.6746
16.7647
 16.851
16.9395
16.9717
16.9856
17.1594
17.1779
17.1838
17.2337
 17.259
17.2805
17.7285
17.7845
17.7853
17.9984
18.0788
18.0846
18.3587
18.6909
18.7084
 18.838
19.0071
 19.028
19.0558
19.0937
19.1868
19.3436
19.4381
19.4984
19.6346
19.6956
 19.739
19.7704
19.7857
19.8836
20.0552
20.1848
20.3966
20.5601
20.5891
20.5915
20.6908
 20.934
20.9387
21.0864
21.1614
 21.216
21.4269
21.5069
21.8895
21.9881
21.9892
22.1837
22.2864
22.5096
22.5112
22.6167
22.6442
22.8858
23.1079
23.3755
23.4239
 23.453
23.5001
 23.641
23.7199
23.9297
23.9961
24.4104
24.4622
24.5912
24.6549
24.9696
25.1459
25.1788
25.3216
25.3453
25.4719
25.5501
25.6749
25.6767
25.7017
25.9452
25.9888
26.1676
26.2598
26.2718
26.3435
26.3571
26.3975
26.5991
26.6043
26.6419
26.8013
 27.227
27.3283
27.4321
27.4736
 27.628
27.6403
27.8139
28.0917
 28.116
28.4185
28.9661
28.9703
29.1192
29.3911
29.4394
29.4572
29.5279
29.5506
29.8008
29.8173
29.8763
29.9035
29.9036
29.9292
30.1764
30.3452
30.5025
30.5811
 30.789
30.8475
30.9471
31.0065
31.0848
31.2159
31.4256
31.6639
 31.821
 32.087
32.1117
32.2746
32.4054
32.9178
33.0418
33.1132
33.1325
33.2673
33.7215
34.3173
34.3785
34.4464
 34.508
34.6273
34.8082
34.8216
34.8498
35.3769
35.5134
35.6541
35.7346
35.7507
35.8344
35.8489
35.8516
36.1714
36.5637
36.6222
36.6494
37.0519
37.2678
37.4821
37.5722
37.6663
37.9227
37.9459
37.9471
37.9615
37.9717
38.0868
38.1173
38.2403
38.4409
38.5033
38.7155
38.7645
39.2765
39.3357
39.4246
39.4835
39.5479
39.5739
39.5957
39.9482
40.2156
40.3674
40.4113
40.4203
40.6172
40.8971
40.9327
41.1264
41.2321
41.2335
41.2781
41.4873
 41.592
41.6951
41.8064
 41.835
41.9472
41.9695
42.1473
42.1646
42.2163
42.2917
42.5987
42.6472
42.6845
42.7258
42.9031
43.0092
43.0247
 43.218
43.2949
43.6551
43.7064
 43.929
43.9398
 44.043
44.1215
44.1913
44.4498
44.5688
44.7318
44.8823
44.9389
45.0566
45.1703
45.2141
45.3352
45.3751
45.4758
45.5449
45.5762
45.8945
46.2057
46.2839
46.2846
46.4212
46.6157
46.6351
46.7256
46.7549
46.7726
46.9218
46.9875
47.1298
 47.136
47.2307
47.2678
47.2756
47.3687
47.3725
47.3734
47.6592
47.7698
47.9109
48.0979
48.1577
48.2362
48.4826
48.6362
 48.952
48.9789
49.4073
49.5373
49.5474
49.5646
49.7752
 49.954
49.9806
49.9964
49.9997
50.2426
50.5043
50.5902
50.7401
50.8539
50.9101
50.9433
51.2273
 51.256
51.3093
51.3322
51.3766
51.5003
51.5439
51.5551
51.5927
51.6055
51.8558
51.9504
 51.952
52.0981
52.1309
 52.572
52.5833
52.5884
52.6386
52.7607
52.7696
 52.797
 52.833
53.0654
53.0686
53.1279
  53.13
53.2053
53.3896
53.4123
53.4776
53.8249
53.9938
 54.016
54.0421
54.2018
54.2939
 54.325
54.3921
54.4466
54.5763
54.5781
54.6125
54.6934
54.8243
54.8723
54.9133
54.9411
55.4799
55.6531
 55.717
55.7943
 55.827
55.8842
55.9627
56.2348
56.4511
56.4858
56.9316
57.2215
57.2266
57.2517
57.4366
57.4581
 57.656
57.7457
57.9611
58.0148
58.1068
 58.224
58.2752
58.3216
58.4324
58.4384
58.4572
58.6618
58.7541
58.8698
58.9219
59.0171
59.1181
59.1897
59.2402
59.3172
 59.439
59.6324
59.6507
59.7441
59.7722
59.8517
60.0777
60.1807
60.3956
60.4028
60.4688
60.5347
60.6906
60.7241
60.7641
60.8046
60.8979
61.1599
61.2469
61.2955
61.6214
61.6601
61.6956
61.7202
61.7838
61.8061
61.8461
61.9893
62.2206
62.3077
62.3625
62.9422
63.2469
 63.609
63.7797
63.8145
63.9732
64.2217
64.2715
64.3752
64.4048
65.0412
65.2409
65.3267
65.4086
65.4575
65.6301
65.7352
66.1185
66.1548
66.1642
66.2962
66.4262
66.4525
66.4584
66.5773
66.6995
66.8321
66.8512
67.2685
67.3676
67.3911
 67.501
67.9281
67.9452
68.1259
68.2606
68.4078
68.5901
68.9689
  68.99
69.1628
69.3392
69.4386
69.5039
69.6889
70.0505
70.3038
70.7771
70.7785
70.8219
70.8237
70.8954
71.0855
71.1727
71.2329
71.5429
71.8302
 71.996
72.1142
72.1157
72.2434
72.3236
 72.413
72.5772
72.9737
73.2074
73.3748
73.7607
73.7967
74.3479
74.4154
 74.786
 75.153
75.2458
 75.478
75.5412
75.5413
75.6791
75.8053
75.8916
75.9643
76.0173
76.0407
77.1884
77.4251
77.5446
77.5854
77.6948
77.8428
77.9211
78.0303
78.0622
78.0956
78.1754
78.4598
78.4972
78.6626
78.6908
79.3562
79.7335
79.8464
80.1231
80.3265
80.7066
81.1048
81.3639
81.4284
81.4797
81.5101
81.5594
82.0444
82.5428
82.6147
82.6186
82.7141
 82.768
82.9316
   83.3
84.1895
84.1919
84.3257
84.4089
84.4687
85.2015
 85.287
85.3038
85.5929
85.8192
85.8695
86.2441
86.4382
86.6283
 86.634
86.8977
87.3391
87.8429
88.3669
88.3935
88.6096
 88.705
88.7377
88.7825
88.8636
 89.626
89.6729
89.6934
89.9181