  32.2561
  44.0509
  14.3328
   42.237
  27.4192
  26.8728
  37.6072
  42.1225
  40.8621
  36.4401
   48.831
  44.7846
   58.816
  44.6897
  54.6534
   54.834
  44.3643
  35.9261
   37.616
  60.2897
  55.3519
  26.0778
  45.0783
  43.7742
  41.1642
  50.1786
  40.7912
  51.1992
  41.3295
  50.6833
  1.62898
  34.5069
  36.9769
  35.1465
  53.9972
    35.53
  39.8854
  47.5798
  48.7503
 0.632293
  38.6771
   12.527
  1.72454
  45.5275
  53.2874
  55.6652
 0.597484
  6.23394
  34.0962
  1.93508
   10.297
 0.297989
  0.10662
  1.46747
   40.754
  35.4001
  40.4373
   37.429
  29.3294
  23.0297
  22.9527
   24.414
  27.4838
  23.0584
  27.4507
  48.5914
   31.677
  53.4263
  1.17472
 0.882697
  2.95476
  2.15599
   3.1357
  54.4535
  52.7594
  46.9079
  40.1404
 0.594395
  10.8074
  6.53786
  11.1364
  1.50498
  12.2233
  6.54805
  1.24437
0.0779774
  6.23389
  8.25927
  4.83315
  8.74763
  2.26975
  3.82754
  2.22926
  6.63416
  43.5344
  2.38799
  1.98678
  2.22379
  2.30179
  3.11315
  5.81118
  49.7023
 0.305097
 0.536226
  1.20297
  4.61636
 0.736928
  5.52848
  6.18804
  6.27762
 0.423226
  1.76846
  3.80265
  4.33284
   2.4061
  10.0121
  3.68217
  2.35297
 0.553097
  33.4467
   2.1707
  10.1293
 0.734766
  7.75164
  4.47982
 0.688822
  6.38854
  1.54426
 0.764205
  22.9833
  2.95486
  5.28144
  3.97693
  19.6893
  14.0092
  3.81425
  31.0267
  2.48463
 0.687587
  2.36525
   5.3498
  9.02085
   6.8455
  4.07759
   4.7586
  4.70437
  2.36943
  3.72046
  6.24692
    7.295
   24.373
  26.9991
  1.92316
  4.81127
  7.73003
 0.191726
  2.87721
  2.25588
  3.46188
  2.36698
  8.18376
  1.39701
  8.14383
  15.7792
  10.1137
  10.9053
 0.331102
0.0659918
  3.14139
  6.48843
 0.249032
   4.5504
  9.29623
  3.49153
  22.0599
  5.88545
  9.02119
 0.831954
  3.13369
  5.07497
  2.51626
  4.79713
  2.32023
  2.35161
  10.4582
  23.0639
   0.8028
  10.0712
  7.51133
  4.13257
  2.53197
  7.42207
  6.58654
  3.52466
  2.24378
 0.765267
  4.91269
  3.19051
  5.58742
  1.89001
  7.28902
  2.68214
  10.7944
  2.80752
  1.97886
  3.36643
  10.0468
  2.77321
  12.3546
  9.15462
  2.80438
  3.61599
 0.857072
   3.9318
  7.21133
  3.45482
  8.64133
  1.09582
  12.5296
  3.81302
  9.30599
  5.74097
  1.36896
 0.474368
  2.12739
  1.70614
  1.33056
  1.31273
  9.63071
0.0311585
  2.52557
  2.18884
  13.5998
  1.21321
  18.6495
  2.71168
  2.50928
  2.51523
  1.29052
0.0777583
  4.70466
  6.13794
   7.9075
  3.41443
  2.23197
  5.26287
 0.247085
  3.46093
  1.51149
  9.07868
  6.45307
  8.23055
  9.10425
  6.16371
  5.29182
   3.8581
  5.56954
  5.20739
  6.31335
  3.70085
  2.01847