  18.2243
  17.4247
  6.59356
 0.767619
  8.77735
   3.6605
  7.92353
0.0225156
   6.8583
  7.99887
  7.03645
   6.2029
  6.61234
 0.972427
  1.22624
  28.1231
  8.20617
  10.0787
  2.93355
  23.8529
  20.1259
  4.72634
  18.0258
  13.4138
  22.3194
  31.8999
   21.092
  10.5854
  21.1933
   23.672
  2.29206
   3.8058
  14.0275
  24.2844
  21.5745
  25.1047
  22.7647
   6.8583
  6.47868
  0.62782
 0.279023
 0.121707
 0.570225
  11.7124
  1.68838
  1.16951
  1.34979
  12.1703
  39.2542
  43.1727
  24.0035
    53.69
  10.9004
  19.9948
  6.86076
   3.3702
  2.36647
  5.29063
  10.6758
  5.38341
  14.5122
  4.55593
  40.5439
  16.6718
  20.5237
  38.6103
   27.076
  12.0495
  13.4985
  24.5674
  26.1254
  42.0278
  23.0524
  39.4724
  20.5239
  1.46741
  4.71466
  16.5114
  6.10628
   21.597
  3.94063
   1.5161
  5.06352
  16.4006
 0.616231
  10.1387
  18.3586
  16.3452
  18.4369
  16.0439
0.0818653
   9.3708
  45.9951
  9.07673
  37.7417
  36.7745
   2.1749
 0.824446
 0.207275
  6.17165
  1.21506
  20.8516
  6.59248
   26.682
  17.1231
  2.19336
  2.15926
  9.17288
  26.3812
  14.3281
  33.2787
  25.0666
  7.54604
   1.0246
  5.16363
  5.88361
  15.3131
  2.43885
  38.7973
  25.0828
  1.13233
   4.7647
  9.18201
  2.09825
  1.01971
  27.7278
  52.7005
  40.7068
  20.0928
  5.09664
  36.8984
  2.31792
  21.9144
  2.45437
  5.57604
  1.47106
  2.87118
  3.71495
  35.4414
  25.6455
  1.16467
  18.1229
   2.7972
   3.9839
  22.7935
  1.34474
  0.77517
  31.4242
  4.91313
  11.4462
  20.6326
  17.8401
  19.4896
  2.49128
  14.8666
  2.13982
  10.1028
  4.94755
  5.21669
  2.78911
  6.15106
  6.44487
  34.9876
  39.6744
  10.0085
 0.323071
  4.58439
  3.04438
  31.4076
  31.6556
  26.9162
  41.4754
  39.3675
  14.0303
  6.82384
  25.2043
  37.9504
  20.1808
  6.65855
  12.8347
  18.4918
  26.0791
  35.9201
  11.5877
  22.0379
   1.1151
  18.1788
   23.043
  36.3386
  36.4094
  24.0804
  19.8396
  6.53814
  17.1724
  23.8115
  35.1752
  19.6967
  6.53536
  16.1445
 0.648062
  34.1393
  31.8868
  23.4866
   1.9707
  44.3162
  39.9242
  37.6309
  4.64291
  31.6041
  34.0402
   42.949
  25.3476
  5.89366
  21.5631
  16.7045
  6.37346
  1.89949
  11.3972
  34.8208