  7.85356
 0.119745
  9.29841
  2.27906
  38.7546
  32.4753
  25.6401
  23.2194
  20.1892
  23.9677
  21.6061
  5.65017
  13.8925
  13.4739
  2.04095
  13.0111
  1.52034
  22.8699
  33.4865
  52.3698
   21.972
  8.72696
  17.9394
  22.3317
   14.166
   18.814
 0.568685
  14.3715
 0.464515
  7.04654
 0.746964
  21.2169
  20.4349
  23.9719
  11.0769
  19.3728
  7.21762
  15.1524
  16.8956
  14.5697
  15.2121
  9.03902
  9.75394
  23.4232
  31.0281
  30.2818
  4.07734
  29.5951
  12.0346
  10.3298
  19.6715
  10.5134
  14.4489
  14.7762
  16.9837
  13.3073
  5.22766
  22.7697
   35.494
    16.38
  23.3499
  10.9413
 0.866717
   27.248
  20.6265
   2.7914
  4.27127
  7.28968
  20.1807
 0.285725
  6.79982
  10.7954
  24.4879
  19.5332
  48.4072
  34.1657
  8.68834
  1.98963
  8.60991
  6.67689
  14.6357
  10.1853
  18.4898
  19.1734
  3.93465
  21.9576
   17.804
  45.0438
  18.0626
  7.67508
  16.4133
  29.2508
  20.4017
  4.08197
  3.52757
  21.1721
  8.08786
  2.22048
 0.463398
  10.3041
  16.4462
  13.0764
  7.06922
  31.4815
  43.2338
  20.1538
  8.73883
  26.0012
   13.146
  15.6912
  15.5232
   10.768
  32.7624
  20.2444
  20.9812
  17.3274
  27.6572
  5.91876
  18.7479
   20.178
  26.1065
  6.68425
  25.9661
  4.64184
  0.19526
  2.34766
  12.6685
  28.5225
  2.89005
  29.2246
  9.72513
  20.5377
  21.5833
  13.4123
  40.2594
  2.25006
  44.1471
  5.01551
  14.2057
  14.0235
  11.7999
   2.1935
  24.6739
  19.5047
  14.2493
  25.4905
  1.86726
  6.77445
  35.3032
   8.1898
  36.1793
  14.7592
  31.2709
   14.739
  20.2546
  1.02834
  33.2635
  19.7378
  22.3484
  11.3916
  14.4935
  28.2349
  12.2601
  25.8153
  1.38446
  7.61129
  18.6728
  29.1079
  19.0719
  19.4595
  23.3783
   5.4238
  6.62553
   6.1842
  16.7296
  13.9557
  24.0606
  20.1635
  18.0626
  4.43176
  17.2448
  23.0459
  35.9432
  14.4541
  11.3671
   8.6016
  4.60262
  15.4944
  10.7503
  18.3694
  17.8313
  13.5725
  23.5606
  29.0616
  15.9444
  15.9185
  24.5622
  11.6305
  26.2692
   31.594
  21.1053
  6.01936
  6.54962
   18.374
   9.4972
  9.72987
  14.2563
  43.0538
  18.8235
  5.44373
   2.3223
  29.6856
  26.4041
  19.9868
  26.3371
  5.80462
  7.65848
  31.9373
  2.32252
  5.10261
  22.2303
  6.59251
  5.74948
  25.1589
  4.54873
  23.4482
   13.599
  5.23541
  22.7329
  20.4887
  16.1092
  19.6733
  20.2497
  30.4592
  18.8528
  11.3021
  31.1357
  24.5303
  16.2396
  16.2185
  7.76341
  13.2238
  14.9717
  31.6456
 0.521643
  21.0829
  30.4913
  33.5383
  27.8953
  25.3099
  21.3575
  41.4791
  24.8081
  33.5321
   40.325
  40.0755
  39.8604
   17.867
  28.8258
  30.0414
  38.3503
  25.3798
  19.3703
  12.3476
  22.1619
  31.4482
  25.0652
  8.64008
  33.1974
  12.1684
  24.7764
  11.3191
   10.597
  19.0667
  16.6332
  20.1226
  38.3244
  26.7286
  25.2965
  18.1994
  48.6283
  17.7152
  41.2571
  25.4787
  5.99849
  15.7782
  13.5746
  15.9256
    34.11
  24.5045
  5.42461
   31.205
  23.3231
  37.0147
  3.32236
  13.9229
  37.0771
  37.2549
0.0454383
  2.18695
  20.0162
  31.5981
  17.2346
   21.596
  12.1344
  15.3848
  20.3487
  11.5559
  27.3479
  24.3622
  17.0951
  1.84116
  46.3213
  11.7513
   43.689
   13.453
  10.9821
  13.3533
  38.9376
   21.245
  45.7466
  18.5839
  48.7734
  11.0448
   20.494
  5.67309
  25.0237
  26.1593
  22.0021
  12.0003
  16.9277
   13.742
  47.8591
   13.827
  16.7755
  50.9685
  51.6017
  21.0507
  6.29297
  20.5171
   46.543
  7.77221
  31.8698
  25.8276
  12.6308
  9.01311
  2.69742
  14.4206
  29.6495
 0.767015
  5.10606
  18.7356
  3.04916
  1.16671
  16.3105
  3.54221
  29.4125
  5.58707
  12.9448
  13.5471
  23.3865
  20.5526
  7.44436
   24.211
  16.8168