  5.04293
  4.09897
  1.76592
  4.49617
  34.1958
  41.1887
  25.0398
  26.8454
  18.5424
  28.8562
   27.885
  12.5393
  19.1977
  19.5536
  5.84532
   10.521
  14.5697
  24.7438
  40.4139
  12.9841
   4.2207
 0.600583
  4.78773
  3.35797
  9.46225
 0.864066
  5.01326
   10.689
  4.16998
  5.89078
  7.69819
  10.5769
  24.2844
  15.6871
 0.646305
  1.17316
  2.59309
  3.59617
  3.10376
  2.65102
  18.5424
  24.7418
  5.69438
  24.8006
  39.3596
  11.0624
  2.18231
  7.58118
  14.8333
  1.24996
  20.0469
  1.70002
  20.6808
  13.0045
  1.27491
 0.194688
  18.6828
  20.8028
  2.08399
  25.1477
   40.574
  13.4472
  19.8609
  2.94433
  5.82027
  2.17502
  11.7149
  4.41389
 0.840617
  2.65454
  2.90295
  6.77423
  1.12246
  5.13515
  5.43056
  5.81995
  24.1585
  13.9036
  35.3927
  37.0767
  8.68332
  7.07787
  2.98802
  7.33912
  5.91234
  1.79081
  21.9304
  7.15064
 0.876318
    35.85
  5.04234
  34.5604
  35.2555
  4.73315
  4.88751
  7.76202
  14.4455
  17.4644
  5.43075
  8.69473
  24.4516
  41.7586
  9.55689
  23.1967
  2.25716
  9.74876
  32.8768
  30.9026
  14.1287
  20.5607
 0.939449
  15.8258
  8.19008
  6.78036
 0.582876
  5.42862
  12.3591
   2.0948
  8.51676
  25.1436
  2.47158
  17.9359
  14.0327
  1.18815
   13.397
  27.5117
  5.69749
  26.0701
  13.3934
  3.10161
  1.70205
  5.54273
  12.6311
  7.98051
 0.459145
  18.6998
  25.6715
  22.0293
  21.8776
  5.80012
  11.0083
  7.83265
 0.416337
  42.5051
  30.7518
  28.0008
  37.4711
  17.7239
  21.8302
  5.90724
  9.00828
  3.87152
  11.8285
  1.42278
  1.23587
  4.17313
  23.0854
  6.16028
  17.3843
   42.767
  8.51623
  31.6427
  1.60294
  38.2332
  36.9482
  18.6006
  35.9783
  25.6974
  4.05911
  9.47086
   27.383
  1.91331
  26.9821
  12.7007
  13.5319
  8.64875
   22.828
   30.577
  23.5684
  4.01066
  16.5163
  20.3442
  33.8092
  25.2701
  11.0785
  29.2007
 0.509012
  32.4731
  34.4972
  25.9612
   30.746
   31.602
  30.2958
  24.9525
  28.9118
  37.7123
  35.6046
  13.8203
  5.27141
  41.3415
  37.6003
  18.0814
  23.4417
  3.69346
  8.54053
  23.5216
  26.1796
  6.25636
  21.0773
  31.8813
  13.1216
  1.18131
  11.2567
  4.95081
  36.1431
  22.4019
  12.2096
  11.9155
   13.944
  12.1857
  18.0158
  1.42793
  17.3458
  24.0008
    6.434
  18.9674
  10.4557
  12.2812
  2.43387
  21.5437
  16.9912
  14.6481
   8.1103
  1.04598
   1.0592
  9.00255
  6.97457
  26.9789
  4.68424
  4.29447
  11.9426
  18.4565
   27.668
  10.1233
  23.0191
  18.3448
  2.48759
 0.812319
  2.64898
  22.3989
  3.73568
  9.17558
  20.1867
  7.01087
  26.4724
   27.099
  2.24003
  23.9762
  22.7338
  14.7486
  12.4836
  7.09052
  2.73132
  9.19325
  7.66471
  10.2496
  4.93243
 0.162969
  23.3751
  9.18989
  19.6624
     20.1
  22.5345
  18.6546
  34.3168
  12.4744
  6.10609
   6.8531
  5.51234
  18.2642
  3.31416
  3.01968
  11.6878
  12.1386
  21.1855
  8.76731
 0.506674
  1.10113
  21.2652
  8.54441
  5.05027
 0.367908
  10.0863
  2.29127
 0.831484
    8.093
  23.8279
  8.94591
  7.20637
  11.7402
  9.35179
  1.95997
  13.6713
  9.68146
  2.29287
  6.27074
  6.02907
  5.13676
  11.0373
  26.5213
   4.0118
  20.5357
  4.27792
  5.88172
  35.9506
  12.6583
0.0654537
  14.7522
  4.70772
  1.22785
  11.6933
  27.7969
 0.465801
  20.1767
  18.3453
  11.4922
  33.8061
  23.9784
  16.7338
  3.90657
  1.55915
  2.19897
  30.3154
  1.07468
  18.0861
  6.57657
 0.671462
  25.0743
   2.3044
  4.13161
  20.8768
  2.87124
  14.2958
  5.39667
  33.2701
  16.1104
  28.2833
  18.7551
  12.4412
  25.0662
  24.2011
  24.8157
  30.7367
  12.6424
  12.4615
  20.7884
  9.85117
  4.31714