    13.326
   2.15905
   5.88869
   11.4404
   43.8981
   21.5478
   16.9891
   13.3007
   19.0463
   19.0151
   21.2028
   9.54371
   21.4011
   13.9629
   1.19665
   15.8779
   2.23589
   16.6981
   42.7842
   42.0716
   11.9571
   12.8585
 0.0694091
   27.2322
   15.7364
   14.4351
  0.757379
  0.628885
     4.393
   18.5531
  0.961787
   2.89012
   23.9413
   1.55283
   10.4138
   2.55436
   7.75199
   13.1209
   7.08708
   19.0463
   11.0324
   13.4327
   6.83818
   18.5922
   8.02555
    9.6243
   36.2679
   12.1325
   30.2202
   1.05743
   1.41103
   0.98706
   2.85591
   8.58853
   19.8086
   2.10853
    15.606
   40.4978
   19.0711
    20.431
   8.17641
   6.12741
   25.2157
   26.0817
   1.75668
   20.0935
   7.23778
    12.038
   1.72714
   33.6786
   14.0426
   16.0553
   38.0787
   2.92536
   14.6278
   19.8806
   36.7612
   24.6058
    15.579
   1.18796
   2.24702
   7.75663
   10.7449
   15.4012
   16.6906
   9.47994
   18.1814
   11.9309
   15.3121
    7.5583
   31.0246
   2.21595
   8.96395
   17.0937
   7.70072
   5.63769
  0.423435
   18.8807
   28.0225
   20.6009
   3.25144
   13.3901
  0.147292
   5.80227
   2.28722
   12.7942
   24.4256
   35.4032
   5.06432
    2.4222
   16.6325
   5.19569
  0.835193
   4.69468
   25.2617
   24.5769
   3.94114
       5.2
   19.9664
   22.8777
   8.85121
   25.5828
   2.24422
   5.48493
    7.1014
  0.824775
   29.2631
   10.5614
   2.52544
   4.75265
   14.3851
   11.2068
   18.6469
   14.4328
   6.06889
   1.01548
   23.7402
   9.94533
   16.0112
   5.25494
  0.367437
   18.5855
   33.3799
   1.33119
   4.37792
   24.6496
   12.7147
   9.80879
   2.34495
   8.11771
   25.1757
    8.4786
  0.797708
   1.80849
   21.8156
   14.2434
   34.0823
   11.6841
   21.8178
   11.3201
   6.04876
   11.2825
   27.5708
   20.5062
   15.5021
   19.7276
    0.6547
   5.49108
   0.45881
   7.24574
   9.09515
   4.71337
   21.8254
   18.6346
   12.7067
  0.662055
   5.55593
    3.0707
   13.9079
     12.93
   23.0258
   18.2142
    24.989
   8.76618
   20.4232
   16.9689
   13.3735
   12.5718
    1.5225
   20.4032
    7.7764
   3.54671
   12.9938
   14.9218
   0.73418
   20.1868
   2.93523
  0.728059
    23.031
   9.00854
   6.38364
   22.7707
    7.0169
   19.2233
   10.7217
   12.7262
   5.71645
    9.9971
   19.9488
   4.76926
   7.65722
   9.28415
    34.102
   6.37243
   2.05733
   16.7641
   32.2843
   11.5081
   19.9627
   28.9868
   9.53118
   10.7094
   32.0637
   2.58808
   3.06708
   7.08769
   1.46072
   7.72069
   1.36025
   10.4218
   1.67863
   12.8385
   21.2018
   8.28861
   9.20541
   18.7279
   14.1032
   15.8276
   2.19424
   35.0124
   31.5675
   15.6409
   18.0767
   20.4526
   8.07748
   3.72636
    1.4921
   9.83461
   2.93221
   25.3733
    4.6616
   2.14205
    19.221
   31.9304
   17.0027
   15.3388
   30.2443
   22.7047
    28.786
   13.0047
   24.5307
   18.8479
   41.2777
   35.0338
    8.2752
   5.58306
   7.59586
   2.61976
   15.3172
   3.73182
   3.68311
   7.74439
   5.74576
   5.41303
   10.4479
   25.4782
   26.1607
   17.6601
   38.4727
   4.53622
  0.849422
    22.374
   4.16453
   38.1451
   40.6231
   4.44671
   8.99325
   5.56029
   2.70601
   52.2334
   4.24804
   21.1044
   9.20056
   6.09255
   13.7217
    13.652
    3.1744
   39.8698
    38.359
   22.5225
   1.15019
   15.1922
   22.6364
  0.806155
    34.584
   13.7666
   12.6354
    7.0854
   8.23556
   5.39127
   7.50644
  0.681711
   29.5356
   3.45783
   14.6106
   9.85459
   7.87415
   32.0307
   5.62347
  0.956007
   10.7959
   39.8673
   18.3584
   26.2867
   1.69563
    36.243
   4.27967
   47.6227
   14.8301
   6.22016
   13.9733
   12.8555
   2.21974
   35.9594
    12.761
   25.4578
   2.72068
   39.5469
   6.37652
    5.7633
   2.95705
 0.0338753
   43.1057
   4.26859
   5.82476
   4.80858
 0.0114659
   43.4688
   5.41459
   20.0952
   43.7111
   8.00533
    13.287
  0.472984
   9.12263
   0.29024
   1.33781
   5.76472
   30.8258
   3.99545
   6.66588
   7.41454
   5.83532
   11.6999
   1.27354
   8.20831
   4.08375
    21.065
     5.946
   3.74026
  0.304821
   3.19348
   3.87794
    7.4148
   5.98611
   8.23003
   3.92428
   1.36241
   1.81815
   6.71657
    24.162
   11.9352
   2.91804
   9.02403
   9.57414
   7.72796
   11.9914
   7.71929
   5.46496
    5.0529
   30.2661
    21.457
   16.3177
   1.74206
   21.8655
   4.27575
   11.8739
   7.45649
  0.731489
   8.21911
   1.78833
   22.2068
   4.06925
   4.07863
    5.3439
   7.70338
  0.347331
   10.0292
   8.35144
  0.127816
  0.425814
   4.69948
  0.183472
   6.42156
   15.3041
   8.67564
   10.9624
   28.4261
   1.83365
    17.368
   2.78032
   28.9593
   8.99627
   16.8291
   9.90357
   34.8579
   5.55209
   14.7912
   10.6196
   36.2786
   6.23165
   10.2168
   7.10187
   8.65164
   5.91097
    38.698
    21.194
   5.05193
   5.52647
   11.6475
   11.1113
   19.0265
    21.581
   10.6135
  0.085946
   3.30572
   3.94421
   3.99932
   14.5412
   7.58375
   30.3422
   11.1264
   18.6472
   6.31733
   13.5512
   9.46362
   1.36112
     34.08
   0.95457
    1.1702
   5.90678
  0.395232
  0.561089
   17.5937
   36.1218
   2.44268
   14.4324
   26.3412
   20.5194
  0.330632
   16.7452
   1.72827
   9.26866
 0.0440133
   5.51714
0.00630792
   19.2709
   30.7816
   19.0898
   7.55403
   29.8379
   4.30542
   6.93978
   11.1639
   4.06676
   9.84958
   9.52819
   17.7936
   2.76313
   1.63676
   28.6302
   1.80626
  0.307361
   17.9459
    28.855
   4.96904
   1.02651
   11.8891
   10.5137
    12.746
   10.4986
   4.00051
   0.95457
   17.7076
   11.1639
   28.3741
   5.94825
   22.1297
   3.03413
  0.167955
   15.4723
   16.0486
   5.01611
   4.60493
   10.1637
    2.6455
   13.8678
   3.77869
0.00734883
     10.49
   18.7234
   25.6308
   3.62869
     14.53
   13.1083
   15.3996
   24.2622
   6.19273
   37.4698