   8.51757
   16.1687
    12.693
   10.7231
   3.54574
   11.7407
   4.10057
   5.65192
   4.94593
  0.601985
    3.8937
   1.64766
   7.24224
 0.0521675
   12.4693
   11.9176
   12.0917
    23.177
   5.72203
   9.52565
  0.738023
   3.17531
   25.8859
   5.21745
   2.81698
   1.58826
   11.2233
   5.47227
   8.08837
  0.806439
  0.785259
   13.2565
   2.73319
    22.394
    3.8716
  0.473989
 0.0345068
   2.83322
   9.57749
   5.70807
   4.63326
   8.00671
   2.32171
  0.405455
   3.96361
   1.39138
   6.72146
   2.39409
   5.98653
   5.98744
   2.97894
   4.54842
   23.0084
   11.3422
   14.8765
   21.5467
  0.511522
   11.1538
   2.67416
   15.5427
   7.71763
   9.83969
   1.77901
   8.40056
   3.68315
   2.15363
   21.4452
   20.2276
   21.7122
  0.171168
   8.87994
   1.01594
   29.0152
   2.20242
   1.56927
  0.944758
   3.57189
   2.60384
 0.0790474
   3.21079
   8.62376
   12.6459
   2.71302
   1.12414
   3.15456
   8.62786
  0.848008
   2.11163
  0.293053
0.00932336
   9.29313
   1.30968
     22.43
   2.06055
   8.86364
    1.8971
   6.32026
  0.269098
   9.31929
  0.659704
   8.06486
   10.8723
   2.51624
  0.333733
   2.71976
  0.504762
   25.5925
   4.74591
   1.06522
   2.52448
   1.95942
   12.1487
   0.27401
   18.8206
   7.52632
  0.118123
   19.8721
   9.46536
    5.9883
   8.25211
   19.6184
   10.6343
   23.5932
   10.1955
   2.14567
    5.5601
   1.23837
   5.01019
 0.0199812
   10.9361
  0.131213
    3.8736
  0.137403
   11.7018
   4.55437
  0.222216
   25.6095
   1.62996
   17.3117
    22.349
   3.48997
   8.66713
   4.24877
   27.3209
   5.02211
   21.8642
   5.79107
   2.35071
   8.62963
   9.31576
   5.19299
   2.50931
   5.98613
   6.49152
   6.40579
  0.950804
   2.91995
   6.05269
   11.3114
   1.32424
   8.39106
  0.390737
   5.52963
   4.53411
   8.14843
   3.08236
   9.24244
   4.41457
 0.0529049
   1.40323
   3.33305
   1.05877
   10.7696
   14.5309
  0.128797
   20.4516
   7.62347
   13.3411
   4.57215
   4.12108
    3.8957
   16.1779
    2.9438
    4.5696
   9.91688
   8.47295
  0.472189
   25.0345
   1.38553
   7.34371
    4.8356
    8.6722
   5.71155
   5.73574
   6.03467
   8.04845
   7.17081
   4.25571
   16.0196
   1.67907
   9.21391
   1.98197
   13.2869
   3.72392
   7.85279
   1.41697
0.00293586
   4.60809
   2.95321
   5.39517
   2.47894
   18.7769
   23.8006
   14.1462
   8.78277
   10.8409
   10.2203
   2.78134
   11.3329
   2.79449
  0.645327
   9.26647
   3.56415
   1.93494
   9.09738
   2.34933
  0.384429
  0.260693
   10.5679
   5.52805
  0.832939
   8.22048
   8.30872
   6.20656
   4.61526
   3.47787
   11.9368
   6.04916
   21.9966
    10.788
   1.89745
   4.48285
   3.67203
   8.15183
   8.37126
   1.57185
   3.36036
  0.262995
  0.779458
   3.90589
   10.7249
   8.68281
   0.22739
   11.5647
   9.76489
   4.53081
   8.89922
   2.21256
   6.72442