  19.8511
  28.0232
0.0829059
  2.48164
  23.4339
  3.95701
  9.59176
  22.1524
  1.17034
  7.68746
  1.31877
  1.44987
  2.35104
  2.20948
  1.97087
  9.74885
   7.6614
  7.15495
  18.6576
  21.0137
  7.85528
  29.1222
  42.7016
  24.1978
  16.1301
   31.631
   32.543
  23.0944
  17.3449
  30.3966
  20.4351
   4.0344
  4.76744
  22.9988
  16.1703
  25.5988
  17.4984
  1.17034
  4.11084
  10.9151
0.0406398
  2.44398
  25.6175
  19.8916
  11.7439
  5.39495
  4.17621
  14.7207
  43.4491
  40.4494
  16.5298
  16.1056
   20.243
  1.03016
  1.96807
  13.7695
  5.16385
  2.44586
  13.9809
   20.652
  12.7769
  35.0115
  24.1782
  30.4808
  33.6214
  23.0067
  24.9573
   18.654
 0.223366
  24.6957
    20.19
  35.2876
  30.4807
  8.09732
  12.0249
  17.0462
  22.3704
  3.56535
  10.7847
  4.44823
  2.16656
  6.68472
   16.659
  10.9839
  4.91055
  12.6697
  15.5694
  27.5544
   28.643
  2.75476
  7.12681
  22.6517
  8.13472
  35.7575
  27.7405
 0.119763
  5.37611
  2.05812
  5.03538
  6.66817
  5.07345
  1.47241
  15.9863
  4.57058
   1.3168
  32.5752
  1.39268
  12.6103
  33.1556
  24.1985
  5.43775
  5.38848
  3.28839
  1.69191
  24.1032
  27.3369
  31.1324
  22.5137
  7.14735
  6.01084
  4.68288
  2.65885
  21.9458
  2.59136
  36.1649
  24.6889
  3.17017
  1.62318
   3.1717
  2.22366
  28.2362
  51.8619
  20.8322
  0.11075
  3.87705
  19.1045
  5.99029
  32.7594
  4.23647
  25.4392
    4.385
 0.287485
   2.5146
  1.83486
  5.86937
  3.25451
  32.4886
  27.1256
 0.446005
   21.222
  7.37071
  14.1658
  15.5964
0.0470161
   1.1989
  1.80848
 0.971923
  32.2917
  37.7941
  5.76474
  8.60242
  7.35522
  28.7113
0.0240231
  30.9549
  1.78196
  4.27525
  2.02285
  2.79234
  2.98635
  8.57649
  1.08423
  3.52619
  14.6618
  2.94469
  9.66421
  11.3352
  20.4698
  45.6459
  6.70452
  1.19112
  23.5133
  51.5023
  36.0629
  6.49299
  24.9595
  28.2875
  32.7958
  16.0746
  13.9577
  12.4049
  17.4034
  19.2121
  47.7293
  12.1776
  28.7887
  5.10421
  28.7732
  46.7166
  33.3259
  16.3383
  7.70284
  20.8327
  22.7851
  29.1691
  24.2277
  26.2576
  28.3517