  45.0819
  44.6805
  49.1556
  55.6527
  47.8131
  58.8656
  22.4657
  8.61103
  21.8276
  48.4445
  57.9752
  63.0237
  50.5497
  56.4955
   56.422
  45.3958
  43.8164
  49.7621
  45.8133
  45.1384
   6.0374
  13.1307
   4.9043
  9.87678
  64.5124
  56.8706
   42.473
  42.1911
  33.7448
  59.4774
  55.2491
  50.7126
  54.4123
  32.5004
  47.9661
  46.4282
  57.9395
  59.8579
  49.0651
    37.84
  45.4251
  42.4664
  38.2244
  9.65522
  44.5425
  60.0728
   57.994
  61.2082
  64.7303
  10.3971
  28.1323
  20.6557
  47.6134
  7.01114
  1.98336
  17.0978
  15.2355
  11.8209
  58.6221
  43.9472
  37.9841
  61.9746
  43.1066
  59.6168
  50.7221
  52.1894
  54.6195
  15.0925
  14.3262
  14.2033
   56.182
  54.0715
   34.778
  6.04254
  4.95765
   33.181
  32.4453
  40.9145
  70.3479
  60.6294
  51.7252
  54.3086
  10.3932
  11.0879
  1.67839
  2.42055
  7.83673
  26.6222
  2.17439
  52.6112
   59.963
  18.5623
  28.6046
  1.34213
  9.41164
  54.2857
  17.3648
  25.0137
  5.96307
  48.5464
  17.2798
  53.1353
  6.40295
  43.0387
  38.3324
  4.29012
  6.67407
 0.767009
  11.6122
   22.692
  15.1006
   16.948
  5.31288
  9.39523
  2.16405
  2.21373
  39.1078
  48.1871
  4.06472
  12.2217
   27.116
   16.585
  12.9217
  3.44143
  4.17201
  6.85585
  12.2185
  52.4681
  55.1475
  13.3224
  12.9409
  31.4222
  9.21908
  3.79237
  2.42618
  16.9205
  5.65956
  3.55021
 0.232278
  7.09329
  17.5867
  4.77903
  18.8953
  17.8456
  43.8584
  24.1521
  1.66409
  26.3796
  9.35794
  21.6578
  19.4066
  3.59693
  25.8294
  24.2127
  1.82638
  2.89431
  9.52731
  5.92137
  14.3191
  30.5011
  7.54952
  53.3891
  51.5911
  18.6544
  11.7458
  18.2761
  54.6532
  44.0084
  10.1706
  17.3296
  6.13103
  7.75739
  77.1005
  6.37965
  6.14703
  12.5982
   7.6098
  10.1543
  9.38271
  42.3755
  6.57976
   16.837
  10.0533
  0.61698
  8.15128
  16.1016
    12.75
  1.75241
  19.3644
  21.0836
  18.5389
  17.9256
  24.4058
  44.3753
  55.4734
 0.760261
  19.8759
  4.67206
  17.8053
  5.85774
  21.1389
  17.4164
 0.326804
  24.5489
  14.3899
  47.9361
  16.2581
  6.03272
  19.1244
  2.87773
  20.3117
  4.95748
  7.68281
  10.4575
  18.6771
  22.1376
  37.6714
  36.3446
  11.3004
  4.49273
 0.214685
  46.1906
  53.3162
  54.4831
    64.33
  8.76864
  50.6259
  11.0191
  12.2639
  9.50982
  3.33436
  7.78786
  5.12893
 0.818967
  43.3816
   16.104
  4.04614
   39.493
  23.4951
  1.81516
  32.4514
   20.299
   15.673
  22.2429
  23.4421
 0.114389
  26.5142
  24.9844
  39.1001
  2.02141
  4.83707
   7.3057
  4.57469
  5.37728
  13.3688
  17.7469
  2.28104
  46.9648
   9.9763
 0.455149
  43.1482
   36.429
  57.0033
 0.350954
  25.1293
0.0853362
  27.5818
  25.1531
  24.3263
  25.7518
  27.5196
  10.7993
  44.7958
  6.61747
  12.0778
  4.88374
  1.93038
 0.989453
  17.8924
   10.707
  12.9488
   10.972
  23.1062
  13.9476
  24.2799
  22.6732
  21.5567
  21.6925
  11.6744
  1.79425
  18.5311
   35.506
  10.3727
  6.82666
  2.53093
  15.6024
  7.35377
  19.8889
  14.9735
  18.0436
  34.7499
  30.2227
   11.954
  41.5715
  14.4577
  21.0846
  14.0416
   17.746
  14.9748
  17.3588
  13.7869
  6.37034
  7.68113
  45.4221
  20.5333
  18.2282
  42.2805
  18.3479
  38.8489
  17.0878
  15.7102
  1.56734
  23.8157
  11.1424
  10.1527
  10.5875
  1.84454
  17.9206
  22.5953
  14.5134
   10.449
  3.34963
  20.5602
  4.13292
  7.23781
  13.5728
  4.33732
  5.56511
  19.8417
  9.02273
  17.0308
  16.9098
  42.5033
  17.9726
  16.1126
  5.32581
  5.41203
  54.8717
  50.5475
  36.8442
  20.7049
  54.5143
  44.2665
  12.7642
  23.8278
  15.6791
  3.65447
  1.02886
   42.083
  1.96156
  23.3009
 0.304561
  24.5758
   16.164
  5.12905
  3.57799
  7.87384
  14.6719
  14.4997
 0.647133
  3.00385
   10.043
  3.10703
  24.9381
  16.4671
  48.6812
  7.40404
  5.57702
  4.21163
  9.87297
  49.7778
  11.8943
  37.8855
  10.7066
  12.1625
  23.7742
  10.9238
  29.0326
  5.45423
  59.0769
  1.44598
  21.6281
  17.1142
 0.135865
   35.183
  32.5255
  14.1798
  4.24726
  3.32254
  9.00519
  23.2808
  60.5173
  2.44698
  21.5807
  41.4908
   2.8827
  5.75672
    15.99
  14.1899
  31.8045
  16.9222
  12.2142
   3.7539
  27.9378
  13.4742
  15.1175
  47.3427
  41.9035
  37.2758
  21.6432
  36.1439
  23.1761
  33.9642
  14.0989
  4.04332
   37.125
  20.2109
  23.7888
  35.0214
  13.3882
  11.4771
  16.9455
  3.82557
  23.8029
  41.9712
  25.7024
   20.147
  9.57348
  27.8867
   10.829
  57.1921
  6.30145
  1.27561
  22.1154
  1.79145
  19.3282
  26.0261
  29.7945
  0.36887
  63.7463
  21.6354
  29.3569
  34.5068
  32.1509
  24.6424
  5.53651
  17.7916
  11.6044
  28.2848
  14.9721
  4.27502
  3.92926
  9.23569
  15.4103
  6.10173
  19.6853
  6.91421
  7.36893
  14.3693
  8.19482
  13.3861
  5.94175
   3.6993
  23.6141
  45.7665
  40.1045
  52.2192
  37.9868
  12.0544
   21.743
  2.49574
  6.12917
  18.3769
   10.584
   35.257
   7.8816
   1.5796
  8.05861
  19.2091
  36.6014
  8.23133
  10.5745
  26.5308
  11.1196
  20.3961
  12.3241
  10.9798
  1.45731
  45.5946
  15.3985
  4.04377
  2.74677
   10.395
  28.0069
  23.0646
  9.38023
  3.58064
  27.5098
  18.9171
  24.5767
  20.7611
   2.1403
  24.5753
  14.3051
  14.6772
  51.8673
  43.0971
  11.9977
  5.00889
  45.8845
  14.3183
  7.76449
  11.9514
  19.7458
  8.56901
  57.7969
  13.5914
  14.7705
  2.35111
  28.7529
   1.9842
  5.31411
  54.6554
  32.9128
  11.7392
  23.8158
  41.6641
   1.0701
  15.5791
  20.1879
  42.4568
  3.49119
  48.1854
  8.32191
  37.9088
  4.02626
  1.72211
  3.02041
    15.66
  15.2681
  33.6806
  55.3699
  7.73142
   26.706
  20.2554
  17.8696
 0.557763
  23.2038
  56.3088
  54.7748
  24.6753
  17.1874
  36.9963
  45.4296
  10.0665
  43.3386
  44.8089
  25.3561
    81.04
  15.6441
  2.43738
  52.5695
  46.6169
  50.4736
  38.6941
  38.7035
  6.08671
  1.17268
  19.5395
   25.143
   22.485
  81.6011
   59.753
  11.1673
  6.21194
 0.131674
 0.477009
  5.01546
  16.8717
  24.1613
  26.4123
  26.3983
  26.6126
  13.2654
  32.2679
  55.0091
  27.6812
  16.9704
   18.538
  4.47579
  4.34553
  39.0615
  13.1504
  9.73514
  26.2901
 0.123961
   63.266
  6.03723
  25.7528
  27.2012
  18.7532
  6.00022
  12.5353
  11.7631
   37.407
  13.6015
  25.5175
  29.2604
  18.5979
  20.9616
   52.896
  5.89699
  53.4557
  12.2237
  67.4163
  22.7414
  7.57912
  39.1205
  24.7891
  19.7246
  15.7821
  2.06831
  13.3801
  29.8881
  36.8518
  6.76608
  6.14381
 0.552923
  1.16553
  25.1352
  2.47393
  6.09064
  24.8593
  15.2881
  24.3746
  16.8929
  14.5725
  3.88393
  7.02388
   31.444
  30.5787
  18.8976
  7.06783
  3.75789
  19.6262
  15.6752
  23.8746
  47.4535
  25.4036
  20.1381
  9.44348
  4.93822
  13.0196
  3.39129
  3.88724
  16.8233
  29.7811
  29.9219
   20.553
  11.2975
  29.9661
  14.8288
  2.62235
  27.6225
  9.26057
  2.47315
  29.5645
  16.0771
  23.6625
  34.2223
  22.3657
  26.7948
  17.4124
  36.8177
  15.3838
  72.4802
  72.1542
  1.16927
  64.7697
  30.9627
  29.5104
  15.3973
  32.8963
   52.482
  62.0903
  51.7539
  54.4132
  53.3604
  17.8348
  23.1382
  7.22803
  8.04381
   32.732
    21.91
  1.12618
  20.1479
  19.4308
  12.0892
  21.7239
  13.6465
  21.9352
  37.6439
  14.2737
  26.6175
  36.3991
  1.35563
  24.4032
  13.5928
  20.1246
  21.2912
  17.9711
  8.31241
  11.8859
  16.7691