  57.6931
  54.4622
  49.7815
  55.5453
  54.5561
  29.2632
  27.9812
  27.6958
   29.563
  18.5458
  19.3851
  24.9878
  37.6166
  23.9441
  58.8667
  59.5153
  48.8241
  54.5561
   56.392
  60.7391
  91.6924
   49.234
  54.6184
   23.794
  25.7289
  27.8284
  26.4818
  34.5485
  36.7182
   51.239
  54.6579
  57.2352
   37.073
  26.4116
  59.2961
  50.7626
  51.9328
  54.9854
  42.5686
  58.8654
  62.0121
  18.4968
   90.466
  26.8487
  34.2714
  66.6863
   47.924
  54.4008
  51.1329
  47.7121
   50.201
  23.6358
  40.5503
    43.18
  12.6514
  51.3692
  24.7764
  58.1922
  56.0834
  33.3186
  25.8394
  40.6128
   18.615
  33.4243
  39.2592
  35.9539
  39.9768
  27.5037
  37.7681
  34.9462
  39.8264
  37.3353
  33.9312
  37.0685
  23.9955
  23.6614
  29.7917
  41.1031
  32.4126
  37.3865
  31.9032
  40.2786
  40.1619
  39.7607
  37.5306
  37.0375
  38.0865
   41.326
  38.4228
  39.5041
   24.675
  32.5775
  62.6001
  36.5661
   34.546
  28.5066
  91.7291
   36.498
  39.5456
  54.0066
  38.7199
  36.6043
  26.8982
  31.8986
  49.8205
   40.757
  41.9585
  38.0344
  28.5951
  32.0633
  32.1953
  33.9376
  32.4445
  40.7236
  38.7791
  34.7164
  29.1677
  51.3828
   43.856
  40.4937
  37.4155
  35.1472
  38.5574
  41.4344
  3.01091
  3.85325
  3.73107
  3.24366
  33.9768
   36.343
  33.2381
  41.0556
  35.1509
  41.2277
  22.4385
  34.9516
  38.7629
  38.1592
  37.5557
  41.7449
  22.8355
   35.028
  36.9004
  37.7715
   40.139
  36.9235
  39.1947
  34.1638
   35.591
  37.7135
  38.0607
  41.7361
  39.1169
  36.3263
  31.9304
  38.4517
  40.2054
  43.2668
  38.9794
  37.9527
  48.6365
  38.3005
  35.5781
  32.3723
  41.7528
  38.8398
  33.6563
  36.4181
   51.633
  32.6677
   34.149
  37.6668
   38.816
  27.6617
  33.3788
  34.7994
  34.1392
  36.0825
  35.5545
  30.7058
  32.6994
  32.5721
  23.3827
  36.7907
  33.5995
  34.5807
  35.9137
  32.3847
  24.7688
  21.3053
  43.4594
  33.6319
  48.5363
  51.5691
  43.4067
  36.2217
  16.8101
  19.2042
  23.1646
  23.1078
  24.0451
  24.6378
  32.0723
  25.3964
  35.0681
  41.6415
  36.0153
  23.1704
  30.5025
  17.1831
  21.9432
  23.4292
  33.9581
  34.9333
  12.7555
  34.0089
  39.8935
  23.6306
  31.9072
  65.7538
  38.5314
  26.4614
  17.8429
  28.0726
  17.9529
  34.7133
   24.048
  16.5587
  26.6757
  33.8435
  40.1126
  39.1841
  25.1131
  23.3799
  40.3436
  38.6308
  30.8492
  30.0959
  37.6499
  40.1857
  28.3166
  28.2102
  90.7619
  41.3585
  32.9668
  42.7728
  44.4892
  37.8062
  42.0758
  37.9339
  21.2858
  40.1404
  29.0856
   26.583
  26.9552
  39.8602
  2.61328
  2.47071
  2.48651
  2.64568
  4.12228
  12.0679
  8.26168
  38.1955
   38.391
  32.3767
  39.7573
   3.5495
  4.00048
  10.1774
  22.3645
  34.9856
  12.3564
  36.2654
   43.211
  8.87763
  1.87386
  1.32201
  21.1476
  2.39583
  3.66519
  1.62457
 0.953057
  38.7638
  6.13614
   8.2894
  8.53592
  14.7968
  2.59384
 0.345357
  10.8773
  9.58292
  10.1136
  7.92948
  6.80961
  12.3878
  13.2143
  37.8973
  20.4291
  34.5911
  10.6982
  12.2921
  11.8978
  22.4261
  22.7065
  33.6317
   8.5732
 0.161988
 0.507473
 0.815608
  4.49657
  5.07478
 0.768761
  1.18354
  4.93009
  33.3367
  1.67243
  1.67768
  13.6652
  11.6918
  12.1827
  11.3709
  3.60408
  11.0575
  24.7807
    19.86
  20.0604
  20.5935
  2.67152
  2.69913
  4.35307
  2.62428
  14.1519
  12.7515
  13.7554
  13.5785
  25.9924
  21.3967
  28.1895
   2.7815
   14.909
  15.4734
  18.9765
  26.2087
  5.81058
  7.07462
  8.16771
  13.2824
  20.4361
  36.9676
  27.8511
  21.6285
  91.0289
  8.91223
  17.9618
  31.9661
  41.3011
  12.3725
  14.3403
  12.2762
  9.97232
  9.19562
  9.11551
  14.1832
  9.47045
  10.5358
  2.71294
  1.00183
  2.69359
  4.22448
  8.21935
  9.68124
  4.63498
  20.1385
  26.7006
  6.63356
  7.98241
  6.27413
 0.990809
  2.27746
   4.6922
  6.64503
   4.1994
  6.20692
  1.21794
  6.56027
   19.229
  10.6059
  12.4925
   12.089
   5.6956
  8.03965
 0.108354
   23.458
 0.351448
   2.6292
  15.1034
  7.44208
 0.549586
 0.711819
  1.74197
  8.10641
  8.47011
  7.44208
 0.210815
  3.04138
  3.33753
   17.276
  14.9559
  1.12875
 0.352769
 0.168817
  9.97091
  14.9721
  13.5646
  10.8211
  13.1532
   1.1738
  7.22744
  8.19255
  1.55472
  11.8725
  9.52497
  2.60355
 0.556748
  17.5942
  10.9481
    11.09
  13.8295
  9.03929
   15.522
 0.276921
   3.9188
  1.91821
  11.8703
  9.59598
  14.6918
  12.1126
  8.47164
  19.7414
  1.23791
  4.14067
 0.510405
  8.30201
  1.15775
  3.26277
  3.83413
  8.33849
  4.79009
  6.15863
  7.29887
  1.23557
 0.804933
 0.488687
  13.8614
  14.7406
  35.6552
  36.3237
  7.53132
  8.53602
  6.52946
  5.94343
   2.8597
  5.04873
 0.109115
  1.84611
  4.17441
  2.09397
  1.48086
  6.44299
  6.04279
  11.9238
  6.46789
  1.34937
  9.63479
  4.40556
  2.48038
 0.640145
  4.99736
  7.15643
  12.6511
  4.03273
  7.24956
  3.81251
  8.35477
  1.63494
 0.364479
  3.58591
  3.52562
 0.819508
  3.56076
 0.788681
  1.06128
  3.21995
  1.44293
 0.869746
  7.87001
  5.95067
  18.3144
  36.1178
  38.3228
  23.2435
  8.82269
 0.597796
  3.25094
 0.944926
  5.03298
  3.73731
   4.6885
  3.32203
  4.55328
  34.2455
  2.49758
   23.204
  3.98626
  3.64462
  2.42872
  2.93225
 0.225216
 0.362374
0.0249264
  10.6108
  4.16575
  7.03366
  3.43512
  15.7719
  7.23722
  5.41557
   2.9589
  6.81589
  3.02591
   5.0277
  7.45278
   3.1248
  4.17191
  4.36827
  11.2745
  14.7866
  10.3202
  11.8928
  10.2436
  13.4169
  34.0009
   0.7029
   3.0752
  11.6509
  11.3904
  5.91593
    34.74
  19.1594
   2.0972
  12.3921
0.0765754
  1.23345
 0.783265
  1.77962
  4.28681
  6.95386
  1.39892
  3.85932
  3.74462
  3.02411
  5.26166
  8.13872
  22.7183
   3.4207
   2.5435
  1.23351
 0.480905
   4.6393
  2.51372
  2.59028
  4.79159
  4.66719
  5.79566
  8.07254
  7.67876
  20.1333
  22.4675
   12.257
  12.7196
  13.0188
  2.36107
  2.12067
  2.49149
 0.557088
  5.13615
   4.3502
  5.85576
 0.165578
  6.72669
  14.8509
  4.02259
 0.234321
  4.26933
  1.37465
  1.00258
  2.97696
  6.15771
  3.82297
  3.43308
  6.37871
   4.9524
  3.01974
  1.87423
 0.755834
  3.31677
  12.1809
  3.04181
  2.43075
  2.39121
  2.21875
  2.10611
  4.79319
   1.9694
  3.97374
  3.29369
  1.46839
  1.75091
  7.30462
  3.02766
 0.839487
  15.9092
  2.97145
  6.55596
  4.34827
  7.64729
  7.74036
  3.37956
  6.00275
  10.7919
 0.774903
 0.576644
   3.9821
  7.56489
  8.57583
  8.34818
 0.908145
  1.20786
  10.3881
  12.9865
  5.00826
  4.00748
 0.321391
  3.39841
 0.387781
  3.20083
 0.255397
 0.992095
  8.32583
  6.24738
  1.08269
  2.00459
  1.96528
  7.88915
  8.43687
  2.37145
  2.63048
 0.662336
 0.726411
  4.75984
 0.177455
  2.36239
  4.69277
  2.79457
  3.07109
  4.74288
  2.55984
  2.55435
  18.9261
  1.91817
  1.49011
  5.47595
  4.44592
  9.52793
  2.54644
 0.532489
  1.24125
  5.30212
 0.941258
  1.54816
  5.39257
  2.34708
  6.52811
 0.696493
  4.19138
  4.05623
   1.3078
  2.54575
  2.56715
  3.47152
  2.10159
  2.61611
   4.1498
  7.91492
  1.63533
  2.64098
  5.24887
  1.37342
   6.5005
  3.25688
  7.30692
  4.92388
   8.8091
  11.3898
  6.56126
  5.81124
  5.07043
  5.17174
  4.74364
  5.78853
  5.55469
  10.5225
  9.23887
  38.8595
  28.5274
  18.0385
  8.56135
  1.46486
  1.51986
  8.31661
   2.6236
  5.46168
  2.50675
  8.09119
  1.26844
  3.25399
   4.4028
  3.85954
  0.41859
  2.24201
  2.55782
   8.5384
  1.77902
  13.0442
  5.78273
   1.0174
  6.69565
  3.60812
  2.98228
  2.61736
  1.98663
  1.85244
   1.2687
  1.59542
 0.581803
 0.231683
  3.20213
  3.62728
  2.82293
  2.47491
  6.53616
  3.70023
  1.81313
 0.273911
 0.499384
   6.6408
  1.44779
  2.17974
  2.14556
  2.61434
  4.22793
  3.18635
  2.49884
  22.8822
0.0660628
  0.47006
  2.55166
 0.560791
  2.77744
  1.92955
  3.92133
 0.883386
  5.32493
  8.78497
    1.512
  2.30327
  1.60084
  1.28348
  1.38171
  4.25203
  1.31158
  1.74686
  2.57839
  2.76287
  7.22707
  2.46788
   3.9567
  1.85987
 0.536568
  4.66179
  2.80224
     5.28
  3.53968
   3.1732
  3.10962
  3.31966
  4.47985
  2.24469
  2.88832
  5.59703
 0.813846
  2.50495
 0.269304
  1.64457
 0.496185
  3.10213
 0.097042
  1.16201
  4.52471
 0.616011
  3.22427
  1.11965
 0.786548
   23.246
  3.99898
 0.499384
  4.12681
  3.03049
   3.2294
  1.40154
  1.57821
  16.2011
  3.87042
  8.56135
  8.28025
  8.29753
   8.4108
  3.14326
  3.37968
  3.26214
  3.04993
  13.0278
  12.9353
  3.33832
  3.28904
  1.42536
  5.24278
  12.5742
  2.70894
  5.09636
 0.421138
  1.80757
  2.63436
  2.16407
  2.37777
  6.10653
  3.47298
  2.47871
  2.84179
  2.40329
 0.994685
   2.7619
  29.2332
  2.38042
   7.1698
  5.60636
  1.40972
  16.2783
  19.3007
  5.53629
  5.36657
  5.16131
  4.17147
  3.54831
  4.96074
  6.48942
   3.8789
  15.9454
  7.78912
  0.74673
 0.475171
  5.08307
   2.9644
  1.03733
  2.98508
  3.41393
  3.04081
  2.81676
  1.34966
  3.39777
  3.23264
 0.549257
  0.82685
  33.8988
  1.67268
  3.78486
  2.00429
  2.53844
 0.688129
0.0334598
  3.18885
  2.99079
  6.29472
  6.14754
  6.14583
  6.18061
  5.75066
   5.8982
  1.36681
  5.09044
  4.27871
  12.2229
  9.24998
  7.46231
  10.4464
  11.3346
  6.64162
  5.97932
  4.92854
  2.82648
  1.01703
  7.08056
  2.98773
  2.06254
  1.87191
  2.31171
   2.3315
  2.39776
  1.02956
  3.54665
  4.53149
  1.28877
  9.68668
  1.28001
  1.02652
   1.1494
  2.84649
  2.01087
  2.22712
  4.04956
  3.15618
  8.19549
   1.2514
  5.40446
  3.30359
  3.17832
  3.39602
  9.46631
  5.72413
  2.63513
 0.468677
  2.07132
  6.37975
  4.10958
  3.46823
 0.654673
  2.37098
  1.56848
  1.02176
   15.305
   13.522
  5.88799
  5.82532
  15.1799
   5.2743
  3.92547
  2.13808
  3.57981
  2.89901
  1.14427
   1.0934
 0.976416
  11.9028
  4.16641
     3.99
  3.05856
  3.90928
  2.03838
  1.14536
 0.866551
  2.34621
  2.33597
  3.06674
 0.838907
   2.8127
   2.3122
  3.38095
  1.99824
  12.8329
   2.3876
  3.61178
  4.78529
  2.46215
  1.76319
  1.40911
  2.07166
   6.1634
  6.63394
  1.68934
  3.56641
  5.85998
  8.52612
   8.4786
  6.13563
  5.22583
  2.75624
  1.52918
  6.53119
  6.40702
  2.14613
  1.43925
  5.86135
  8.38239
  8.33458
  16.6373
  12.9431
  14.6294
  11.3357
  12.8753
  3.25122
  1.98745
  3.01428
   4.7163
  0.23447
 0.199572
  2.00952
  2.07581
  1.89114
  3.06383
  4.24129
  7.15747
  6.01924
  5.88984
   6.0483
  3.93899
  8.18021
  8.82712
  5.04026
   7.5443
   3.8983
  17.3217
  4.00246
  11.3842
  5.76394
  6.50523
  7.73649
  1.60448
  3.18799
  10.7277
  9.96063
   2.8162
   3.0075
  4.12868
  2.26189
  21.8426
  9.21804
  19.9982
  18.2801
  8.31812
  2.65063
  3.04965
  2.85798
  3.14652
  7.79391
  3.31171
  7.02514
   6.8388
  7.66354
  7.74036
  13.4115
  21.9156
  19.9448
  17.3755
  20.9874
  2.34624
  3.70241
  2.72933
  2.70901
   6.1015
  3.81301
  3.51326
   5.9378
  2.64485
  1.60486
  7.92875
  9.55424
  4.65245
  2.26553
  2.63266
  2.57689
  23.7517
  2.60675
  2.52455
  6.28214
  1.66364
 0.874402
   4.5016
  9.83257
   8.8177
  4.88819
  8.72028
  2.52862
  13.9838
  15.8398
  17.3249
  9.27671
   9.1696