  49.6158
  46.7201
  53.7432
  50.8606
  93.1945
  15.7793
  46.5808
  45.8271
  27.1341
  26.1895
  26.0044
  27.8105
  98.9275
   101.31
  16.7485
  17.8176
  23.7351
   26.196
  22.6969
  49.6182
  50.7424
  51.6752
  45.8271
  47.0018
  94.7645
  94.1674
   92.123
  93.2724
  50.3869
  90.4942
  49.3694
  101.241
  54.2835
  31.1117
  26.8375
   17.801
   16.644
  32.7481
  24.7419
  17.9373
  94.2375
  54.2158
  45.7949
   47.915
  25.8209
  18.5111
  96.7526
  52.9317
  56.2106
  20.5674
  94.6996
  53.4037
  92.1495
  93.2225
  46.2075
  29.2545
  46.3025
  49.4926
  23.9037
  94.4425
   98.261
  91.4683
  97.1071
  25.5231
   26.458
   93.258
  98.7889
  103.325
  60.5418
  50.8579
  57.5209
    54.86
   49.831
  55.3507
  56.0805
  52.4099
   49.528
  30.1128
  27.6032
   29.915
  98.7185
  15.5323
  55.8523
  24.0415
  49.1817
  49.0519
  45.9983
  33.0434
  23.7339
  27.5987
  98.2302
  101.313
  98.9479
   9.0681
  94.1674
  94.1407
  14.3621
  39.1116
  27.5423
  34.1533
  39.7621
  20.5167
  26.3683
  23.7159
    28.31
  38.0524
  32.4183
  25.6793
  22.7319
    23.13
   27.662
  38.7904
    16.73
  49.0034
  39.1825
  33.4475
   28.247
  38.9909
  36.7151
  32.4854
  37.1724
  41.1053
   20.002
  27.8471
  17.9126
  39.2339
  35.1854
  33.4184
  34.9203
  35.3592
  33.3258
  56.4038
  27.7489
  35.3421
  17.5371
  22.3101
   52.208
  32.4171
  33.5832
   36.414
  18.5479
  31.4101
  31.4468
  41.1039
  37.3224
  28.8296
  27.1881
  43.6392
  30.1314
  54.2173
  42.2525
  39.2964
  38.2614
   40.686
  32.7317
  35.4385
  0.99737
  4.43184
  4.33914
  1.00203
  31.7438
  24.9452
  32.5648
  32.1378
  35.1757
  29.2985
  20.7829
  23.8499
  38.1016
  37.5477
  36.7639
  29.7787
  22.1633
  23.9578
  35.9359
  36.8491
  39.2753
   25.767
  32.3569
  39.8309
  39.5947
  32.6174
  39.5234
  36.5683
  37.8006
  33.5748
  38.7826
  28.8309
  27.4804
  34.4774
  39.6535
  32.5404
  32.7795
  31.8874
   41.484
  35.1948
   37.075
  37.8767
  40.5327
  33.9907
  20.4308
  32.1941
  31.1407
  37.2878
  36.0934
  33.5348
  39.1431
  36.3719
  30.6032
  33.8321
  39.1805
  32.3561
  28.6445
  22.3011
  20.9605
  37.8328
  22.7128
  35.7513
  37.0295
  39.6512
  31.7842
  36.4374
  22.2887
  11.5953
  41.9338
  37.2763
  48.7611
  53.8063
  32.0598
  57.7386
  41.6248
  24.7076
  14.2658
   24.255
  20.4066
  12.7443
  23.4831
  24.5804
    30.36
  24.9417
  17.2337
  30.8989
  34.3523
   22.418
  21.2493
   13.706
  21.7795
  22.5405
  34.7877
  19.1401
  16.2387
   34.282
  39.2284
  30.7988
  32.4347
  26.9131
  17.5404
  17.5252
  26.8999
  24.1057
   38.762
  35.9468
   14.617
  25.0939
  98.8009
  32.3368
  42.3487
   27.952
  25.9655
  19.8179
  31.5484
  36.0567
  29.0698
  21.4665
  37.2059
  39.2317
  27.2171
  25.0952
  91.9495
  45.7519
  31.5889
  35.2304
  30.7331
  37.3481
   32.181
  36.7314
  19.2763
  38.8453
  28.0011
  17.8357
  17.4298
  31.0443
  1.03156
  1.06325
  3.93545
  1.03432
  3.19755
  9.73076
  5.79093
  28.6677
  34.2656
  30.5814
  35.7241
  1.70683
  1.79419
  11.1556
  21.9155
  36.5562
  9.89011
  39.5576
  35.5434
  5.57643
 0.832162
  1.34518
  20.4303
 0.710395
  5.36485
 0.560587
  1.31564
  34.9271
  4.72846
  3.92927
  4.76121
  10.7275
0.0440907
  2.77293
  8.29423
   9.0838
  9.17631
  7.17624
  10.1945
  11.9374
  12.4847
  38.4452
  17.7147
  34.3632
  11.1751
   12.817
  9.27982
  19.7975
  20.6438
  37.3448
   4.3558
  1.65355
  2.16048
  3.33259
  1.83535
  7.83319
  1.39184
 0.814766
  6.57091
  37.7214
  1.97922
  1.81991
  2.33364
  6.20131
  6.48143
  13.4324
 0.126753
  11.5262
  23.0179
   18.311
  18.0293
  18.9666
  6.31245
  1.77611
  2.27893
  1.31534
  10.7976
  12.8547
  7.16626
  10.0837
   17.778
  15.1849
  14.5806
  1.16275
  13.4916
  14.6492
  23.3719
  15.0746
  4.24283
  5.50683
   8.1576
  7.59702
  13.5532
  24.3631
  20.0011
  21.6145
   92.202
  9.25727
  19.1878
  33.1071
  41.1553
  8.93503
  11.0026
  8.91451
  11.1874
  9.44163
  9.86872
  8.17799
  9.85194
  10.9905
0.0172139
  3.28487
 0.137517
   2.2217
  8.23902
  9.69468
   5.3923
  18.5564
   13.107
   7.6807
  3.48007
  7.10077
  3.00108
 0.125247
  2.42556
  3.03955
  5.10121
  7.04585
  2.07696
  8.58233
  11.7989
  9.46368
  7.66612
  7.93943
  6.48685
  3.29314
 0.757708
  23.5057
  2.33872
  1.78493
  13.3932
  4.46839
  3.57744
  5.37326
  1.06748
  6.45112
  3.93955
  2.86412
  2.28097
0.0856931
 0.153572
  16.7401
  14.3791
  1.85985
  2.01208
  2.08564
  10.1509
  4.97791
   8.6146
  11.7194
  7.43245
  3.05241
  1.09668
  3.93083
  1.02641
  8.44892
  12.3106
  1.74396
 0.134465
  14.2743
  11.2034
  14.0689
  20.4133
  10.6057
  16.3539
  2.35299
  1.26246
  1.60128
 0.667879
  10.2638
    11.38
  12.8629
  8.85685
  7.02686
 0.378596
  2.55053
  1.04287
  4.77661
  3.13326
 0.223045
  4.00795
  4.27676
  5.68342
  6.98795
  3.38596
  3.07411
 0.624838
  6.09558
  8.40862
  10.0263
  41.2398
  40.0125
  4.29054
  4.76134
  4.97838
  4.31315
  1.13085
  1.79244
  1.72065
 0.325522
  2.19541
 0.898291
  2.89486
  6.43144
  4.57143
  11.9713
  6.92955
  2.33732
  10.4951
  5.66364
 0.342786
  1.92369
  6.11198
  2.07837
  7.26899
   5.5569
  3.93727
0.0550585
  8.19277
  8.37131
  1.41843
   5.0611
 0.287779
  2.75025
 0.491456
  3.16501
  2.82692
 0.497067
 0.603512
  2.99441
  11.3404
  3.47446
  15.1272
  32.1107
  32.3527
  19.8477
  8.10265
  1.95191
0.0525318
  3.04676
  6.68727
  4.64487
  2.45401
  0.87735
  2.14027
  33.1622
 0.865084
  21.4307
 0.343725
 0.765048
  4.90466
  4.44177
  6.21972
  2.67809
 0.723114
  11.6242
  1.91252
  1.05556
  1.23588
  14.1899
  4.67858
  1.56556
  2.16275
  1.94249
  1.63122
  10.5895
  7.30893
  2.51316
  2.56739
  4.83069
  12.1421
  9.47427
  11.6917
  12.3136
  4.73258
  6.54372
  24.7977
   2.5963
0.0638619
  8.95102
  3.64017
  3.77039
  41.6523
  24.2974
  2.65137
  13.0428
 0.671189
 0.852263
  1.40605
  1.11659
  5.18799
  4.43867
  3.12312
 0.382771
  2.82031
  3.05484
  2.17309
  21.8854
  0.46457
  3.03404
 0.980545
  3.63864
  1.67959
 0.712063
  5.90803
  5.48768
  5.40992
  2.35953
  3.71957
  4.92747
  18.1354
  20.9071
  12.6587
  13.1448
  7.16829
 0.721456
 0.797136
 0.827378
  5.26034
  6.79149
   4.8298
  6.68552
  3.16133
  6.81502
  13.9121
  4.85513
  1.97036
  16.4746
  2.41105
 0.120542
  2.57213
  5.89845
  6.49979
  5.23457
  4.86165
   1.1665
  2.37987
 0.256418
  1.43982
  3.30967
  10.0417
  4.04034
 0.418452
  5.68064
  5.93669
  5.18135
  4.05718
  5.96118
  2.96335
  1.83357
  1.25871
 0.953551
  5.25293
  1.81367
 0.380301
  14.8666
  5.35941
  8.89016
  2.40131
  10.1526
  10.0463
  10.2067
  4.00069
  9.84987
 0.765782
  1.38777
  1.72743
    3.736
   4.8128
  4.36027
  7.71086
  8.20456
  10.1395
  6.89118
  5.44138
   1.7918
   3.5251
  1.94924
 0.724216
 0.651351
 0.181122
 0.445188
  3.93246
  7.41487
  0.69114
  1.17805
  1.17331
  4.35066
  5.24235
  3.78865
  1.03301
  3.20868
 0.815053
  3.85494
  1.06573
  1.41499
  1.67912
  1.96813
  2.32273
  1.87465
 0.360589
 0.473054
  17.4806
 0.446542
  0.36351
  2.47083
 0.478056
  10.0254
 0.633687
  2.43065
  3.35199
  3.73032
  2.44903
 0.142694
   8.0594
  4.56656
  2.53185
  2.20643
  2.19693
  2.43899
  2.29791
  1.62683
 0.994384
 0.147696
  5.61448
  2.94579
  1.43488
  7.03903
 0.666015
 0.690121
  4.69175
 0.428214
  7.77102
  2.93986
  10.0281
  3.03855
  4.84242
  11.5953
  5.35079
  4.56219
  3.99247
  4.47563
  3.85887
  4.88948
  5.06495
  11.9107
  10.4164
  27.5611
  26.6847
   24.058
  10.5505
  4.30728
  2.41538
  8.73772
  3.98073
  4.98213
 0.457591
  6.44925
  2.85953
 0.344457
 0.827116
  1.10079
  1.99893
 0.911111
  4.00462
  2.44446
  2.15822
  1.65789
 0.612567
   1.3775
   7.4386
  1.01399
  1.08381
 0.336567
  1.02853
  2.64971
  7.04822
  7.67622
 0.220541
 0.187622
  1.65918
  1.38315
 0.285351
  1.12518
  6.34488
  0.25205
  3.53929
 0.056535
  2.37416
  4.23989
  4.86469
   5.7392
  5.69873
  2.36358
  3.74692
 0.236999
 0.907584
  21.3192
  1.57265
 0.724599
  2.33493
  3.66434
  1.26503
  5.02553
   3.2866
 0.582102
  6.81335
  7.54594
  1.12123
  5.76905
  1.75462
  2.60806
  1.24896
  4.07097
    1.731
  1.88322
  1.72489
  1.59809
  1.26934
   2.4121
  1.76745
  5.79806
  2.06644
  4.37875
  2.57003
  8.08087
  2.04439
 0.893185
  0.62178
  2.75643
  3.88652
 0.692252
 0.849975
   8.4693
  5.16233
  2.29158
  0.05196
  1.94572
  3.99428
 0.379285
 0.955924
  4.93771
  3.85265
   3.7983
  1.85868
  7.43052
 0.338885
  22.2156
  3.10719
  2.37416
   3.8268
 0.374714
  1.86571
  5.70188
  1.75263
  15.2389
  6.24029
  10.5505
  10.4566
  10.5393
  14.4261
  10.1519
  10.2067
  10.1616
  10.0187
  18.1686
  14.6378
  6.09576
  6.03067
  4.53605
  5.08662
  11.6068
   1.4934
 0.200005
  5.04066
  5.81428
  5.07928
  5.35392
  8.79318
  2.29867
  6.47941
  2.36202
  2.79924
 0.717599
  4.15802
  27.6078
  2.21942
  3.48275
  5.00526
  1.00222
  15.9404
  11.9456
  3.56337
  7.96703
  3.41388
  2.63773
  6.30601
  3.53721
  5.02268
  2.84798
  14.8275
  10.8997
  3.87722
  3.63442
  7.99334
  1.51984
 0.656422
 0.287094
 0.517535
  1.03993
  1.08513
  1.23945
  3.43037
  1.73165
 0.575383
  4.90827
  32.2245
   5.3111
  2.35428
  5.07536
  1.80833
 0.291191
 0.550944
  4.53383
 0.337173
  4.51027
  4.63856
  4.38841
  4.41301
  4.40576
  4.25025
  1.01294
  4.61459
  3.80229
  10.8677
  7.21878
  9.68523
  8.98163
  10.0988
  5.42183
  4.95271
  3.97597
  2.26713
  1.44343
  4.86846
  1.38315
  5.10902
  4.93761
  5.44834
  5.47039
  3.50557
  1.78399
  3.07456
  4.15026
  4.37357
  10.9913
  4.45743
  4.70652
   6.3383
  3.97776
  1.25687
  5.25169
  2.58077
  1.72203
  6.93906
  4.41173
  3.75267
  3.26234
   4.5719
  4.65123
  8.50303
  7.30432
 0.734138
  1.12823
  2.42861
  2.66066
  2.52755
  1.96207
 0.121408
 0.621754
  2.61782
  4.27588
  14.9963
  7.44831
  4.72887
 0.623737
  14.6689
  7.92656
  2.09795
  5.97898
  2.61407
 0.502173
  1.12367
  1.06551
 0.352548
  11.4903
  5.54757
  3.51493
  1.36363
  1.03527
  1.99064
  2.36667
  2.52244
  5.97195
  5.90954
  2.63817
  5.02095
  2.05456
  6.28034
  2.85881
  5.05541
  8.64369
   5.6844
  3.42286
  5.74959
  5.97375
  2.41479
  4.52676
  5.14571
  8.99547
  7.81664
  4.68857
  1.93621
  6.21838
  2.43547
  8.78827
  5.44792
  5.46613
  2.44605
 0.181189
  9.32471
  9.14812
  5.09809
  4.33622
  8.68015
  10.5612
  10.5206
  15.5522
  15.5885
   10.565
  9.84942
  14.6389
  6.10375
  5.92534
  6.01682
  6.09076
 0.944751
 0.330962
  5.05342
 0.396069
  1.99618
  2.49116
  3.91435
  8.80412
  8.69421
  8.82633
  5.53426
  4.16754
  4.79042
  7.88141
  6.10087
  5.49144
  16.3695
  3.10182
  10.2097
   4.7025
  5.84618
  10.9452
 0.856142
  6.14739
  7.97347
  11.2061
   6.0075
 0.926144
  2.65309
  5.42337
   20.026
  10.3971
  18.1447
  16.6564
  10.5322
  5.40451
  0.99635
  5.93123
  5.69479
  10.0942
  5.84768
  9.43383
  9.25692
  9.95795
  10.0463
  17.7085
   20.101
  18.4888
  16.7906
  19.1435
  1.62122
  4.10256
  5.91822
  5.86979
  4.77211
   3.6033
  3.53378
  5.06566
  2.13628
  2.12315
  13.9937
   7.7079
  7.31409
  4.85051
  5.79378
  5.72194
  20.3421
  5.82372
   5.7554
  5.02468
  4.83867
  4.04554
  3.16885
  7.90695
   11.065
  3.21612
  5.69628
  11.3441
  12.7736
  17.0265
  10.6183
   10.352