   9.0228
   2.2895
  1.36219
  1.18831
  2.11958
   8.7595
  5.10787
  1.81823
   2.7175
  4.22816
  1.87978
  3.49928
  2.95771
   20.749
  21.7811
  0.29965
  1.22909
  1.96651
 0.862126
  3.83933
  3.54299
  2.61203
  2.52886
 0.938136
  2.63787
  3.76622
  2.91415
  4.10777
  4.38858
  7.11995
  11.2037
  11.2054
  17.6218
  10.3501
 0.421229
  11.8439
  11.5875
  46.3057
  38.7356
  46.5076
   33.539
  32.4491
  2.87287
  11.1869
  8.32737
  14.0669
  23.7604
  47.3648
  38.2716
  18.6207
 0.586892
  2.31249
 0.348293
  3.50168
  3.59176
  9.15973
  2.83858
   7.7256
  2.74153
  8.84599
  2.13892
  6.38602
 0.324706
 0.277699
  3.58415
  3.30157
   1.1078
  2.36027
  3.25478
 0.745373
  2.92113
 0.114181
 0.672554
 0.984709
  17.9136
  4.33043
  3.44577
  1.05112
  2.36132
  4.30828
0.0375916
  12.3569
  17.6909
  1.37819
  5.13691
  3.06532
 0.956023
  6.02275
  5.81255
  5.09276
  2.33656
   9.1495
  1.08726
   5.7209
  6.63675
  3.46022
  5.80721
  0.76498
  1.83368
  8.11629
  1.36178
  1.66317
 0.279297
  1.23801
  2.02154
  25.2681
  2.53134
  3.57789
  4.61521
  3.04445
  5.84848
  3.31856
 0.913267
  4.38762
  1.62358
  10.5664
  30.6207
    9.441
  17.9993
  17.5582
  11.1896
  7.68755
  13.8278
  10.5752
  17.5704
  7.37203
  20.8345
  16.9936
  20.6243
  29.2293
  38.7273
  45.8331
   21.827
  11.2939
  17.7926
  26.4417
  23.8677
 0.134693
  20.9312
  26.0374
  1.33686
  1.52591
  18.1193
  1.06148
  22.5372
  17.1229
  5.71889
  7.78336
  9.40186
   3.8187
  19.7532
  14.9298
   18.221
 0.465558
  1.78884
  0.79922
  1.19837
   4.5657
  2.79283
  2.13892
  15.7008
  8.22865
   11.504
  9.23033
  17.3476
  15.0442
  15.0856
  12.8466
  15.8048
  13.4786
  37.7741
  44.6239
  10.3244
  25.3702
  12.1049
  18.1978
  44.5018
  36.3517
  11.5126
  12.2806
  12.9871
  10.1902
  16.7121
  15.2732
  14.7892
  16.4081
 0.901469
  7.00089
  8.89277
  4.45534
  7.46635
  5.47219
  1.07328
  0.84158
  5.43252
 0.658166
  2.00737
  5.45444
  1.20484
  3.49592
  3.79058
  2.34277
  3.95742
  4.62397
  23.8761
 0.705253
   3.4832
  3.00318
  1.72256
 0.970317
  15.6548
  3.58378
  8.11797
 0.492413
  3.05419
  9.22303
  4.52895
  1.78915
  4.68242
  3.07806
  12.7475
  16.5148
   11.932
 0.136154
  4.62315
  13.3134
  9.31017
  3.42716
 0.233932
 0.868634
  1.24431
  2.86569
    20.65
  3.38775
  3.08758
  5.42222
  3.39859
  8.42881
  1.46605
  3.73126
    2.899
  2.66328
  9.96548
  2.04391
  12.0521
  9.05754
  10.9628
  18.8338
  15.9724
  1.83458
  8.24705
  8.43883
  21.3814
  10.0295
  13.5416
  16.2353
  22.7468
  27.6665
  42.4623
  40.9116
  34.5019
  28.3239
  1.10416
  6.66495
  20.8354
  1.53336
  20.3622
  15.4821
  6.24756
   1.9002
  4.05736
  2.64025
  8.02159
  13.8343
  19.5613
  2.89706
  12.4714
  12.1436
  3.95217
  13.1479
  11.1077
  1.88011
   4.0575
   4.1919
  2.62106
   5.3244
 0.508089
  1.43847
  1.06724
  2.32708
  1.44198
  0.65398
  2.88945
  2.17619
  1.05377
  2.50084
  14.3635
  14.2028
  12.0571
  4.03874
   4.4279
  5.53702
  7.21068
  3.79534
    8.913
  7.17153
  2.18237
  6.09215
  3.63731
  16.7086
  7.82397
 0.603172
  1.17954
  9.89435
  24.7658
  3.18704
  1.35974
 0.734856
 0.996034
  7.02274
 0.805363
  9.31726
  5.80377
 0.778284
  4.70463
  17.9186
 0.413472
  16.6094
  14.0123
  47.0806
  8.59399
  14.9352
  7.16278
  3.06233
  12.1839
  9.79464
  17.9936
  34.5074
  35.1818
  34.1329
  38.9661
  14.3437
 0.344848
   27.184
  18.6235
  8.03804
  25.3908
  1.80912
  4.20544
   4.8763
  2.16286
  5.67002
   10.843
  32.0809
  3.40473
  15.5981
  11.6266
  13.1986
  17.3347
  7.37819
  2.38754
 0.525068
  6.31803
  7.84572
  4.02194
  1.85332
  1.25137
  4.53113
  3.32514
 0.142114
  5.78998
  4.29865
  9.92503
  2.13401
  9.54872
  5.12507
  16.8989
  5.80928
  9.95039
  1.05831
  4.30132
  5.62704
  4.35324
  9.98863
   2.8562
  2.90318
  6.11691
  1.15655
  7.69306
  18.1998
  18.6048
   13.276
  16.0225
  4.37215
  6.75059
  35.3887
  47.5903
  35.1162
  38.7897
  7.09584
  27.8962
  20.7646
  10.4714
  13.5198
  7.01265
  23.2829
  14.5448
  1.84798
  24.7824
  5.25355
  3.90981
  6.52611
  6.60294
  1.15299
  11.2771
  26.8582
   24.615
  15.6295
  4.94936
  8.33038
  11.5581
  16.9922
  27.5059
  7.65848
  27.3957
 0.728481
  41.3485
  3.03907
  15.0591
  16.2492
  12.7664
  3.19446
  16.9815
  5.05628
   19.269
  46.9129
  5.59399
  2.31974
  13.1527
0.0871743
   10.758
  9.15014
  12.6003
  3.55259
  2.45057
  19.6223
  27.5428
  20.6785
  17.1715
  3.90816
  15.9693
  16.9596
  18.8429
  17.7628
   11.907
   15.648
   16.537
0.0131618
  3.00586
  12.9901
  1.74956
  30.4429
  25.1164
  30.8082
  0.35805
  1.42382
  18.2807
  31.4323
  9.86985
   18.721
  8.44412
  13.6565
  17.1909
  14.2861
 0.288637
  18.7614
  8.46952
  12.1463
  25.4887
  28.2369
  32.6404
  3.61457
  30.3574
  11.3265
  1.60174
  21.5244
 0.571213
  7.36938
  20.7921
  22.5348
  5.65916
  6.14114
  3.02963
   10.525
  30.9948
  2.49064
  20.0243
  18.2162
   2.5206
  1.97291
  1.77525
   16.422
  5.29168
  7.91553
  1.64451
 0.264892
  19.4953
  10.6075
  10.9153
  15.8496
  8.65051
  7.11991
  2.99178
  20.3745
 0.858267
  38.7715
   0.2337
  4.28824
  14.8762
  15.3703
  38.0882
  8.85946
  29.4195
  7.51134
  25.0815
  13.9168
  4.98988
  26.3041
  3.55595
  14.9923
  9.77515
  1.30552
   3.2198
  9.90078
 0.925272
  5.21801
 0.951114
  6.48853
  2.52017
  2.96927
  4.15838
  28.5836
  4.98537
  15.2787
  12.7971
  19.1278
  16.2362
  2.53846
  20.2037
  4.98731
  13.5118
  3.01751
  2.46883
  4.07777
  10.3601
    9.215
  16.9577
  17.0203
   21.729
  10.5637
  6.92294
  1.63705
  2.78951
  3.85269
  1.36801
 0.049473
  10.9757
   18.302
  19.1351
  38.6456
  14.8394
  10.0047
  3.86025
 0.078165
  46.3393
  5.05987
   19.038
  10.0476
  20.2183
  12.1934
  43.3783
  47.1047
  13.6759
  6.94423
  25.9876
  6.46197
  2.13702
   22.248
  17.8323
  17.9713
  18.2688
  0.82467
  2.46608
  14.6846
  14.9554
 0.989734
  22.8382
  12.2979
   22.132
  4.63358
  24.3151
  8.03029
   3.2899
  5.03974
  12.1989
  7.11611
  1.87487
  1.76899
   3.3703
  20.1777
  17.7489
  2.21236
  18.2185
  22.6676
  22.4795
  23.4669
  2.74289
  1.06531
  4.07865
  20.5443
  4.26654
    11.95
   29.302
 0.603945
  18.5886
  1.77023
  1.18926
  31.7084
  37.1184
  1.17278
  31.2717
  13.1325
   5.1106
  29.6536
  12.6771
  18.6572
  10.9336
  2.00956
  18.0184
  2.47012
 0.894012
  19.8086
  3.77883
  1.66344
  19.9195
   27.265
   16.856