 67.7645
 54.3213
 47.1295
 62.5133
 48.6888
 13.5906
 8.97929
 53.2035
 58.0207
 72.3881
 72.9918
 64.5146
 67.6126
 53.9326
 65.5084
 64.6131
 29.8872
  28.171
 68.4526
 60.8083
 35.2905
 50.3162
 55.3708
 54.9368
 61.6769
 12.4999
 75.0317
 53.5176
 57.4382
 57.3675
 59.4044
 40.2124
 38.4664
  35.323
 66.6769
 60.4819
 74.5715
 55.2067
 26.1106
 17.5579
 27.8959
 6.99173
 69.6434
 35.4406
 60.9661
 64.2765
 60.4373
 12.6925
 38.0708
 40.9467
 67.1714
 24.4255
 55.3543
 56.2538
 77.4402
  51.642
  59.866
 28.0983
 20.3812
 14.1315
 9.60393
 26.5763
 65.6845
 57.8278
0.489286
 48.5836
  35.293
 25.0021
  10.282
 36.9941
 60.8613
 10.2687
  19.723
 49.0361
 34.4552
 16.6335
 13.9329
 7.39236
 51.9959
 6.96811
 4.65136
 46.2774
 30.7695
 18.0387
 3.59905
  36.473
 34.3526
 21.4089
 6.85588
 9.32087
 5.99661
 19.6351
 8.44087
 2.02648
0.788622
 10.2623
 3.44584
 1.55608
 17.4218
 14.5258
 19.8035
  22.191
 24.9208
 2.64866
 14.2892
  7.9601
 28.7831
 41.5968
 26.7029
 4.24423
 3.81217
 23.7911
  22.321
 13.3706
  11.805
 8.96852
 37.0314
 7.06759
 6.02495
 37.6935
 1.84384
 4.29652
 1.06392
  7.0972
 16.8633
 20.3292
 38.9193
  36.789
 16.1997
 15.9077
 6.67571
 10.3604
 42.2103
 48.4238
  4.0985
 1.16055
 9.03156
 6.93196
 44.2441
 7.43354
 47.6655
 36.0097
 38.1591
 4.44829
 8.49777
 5.66197
 41.6998
 32.5273
0.695514
 19.9836
 4.99934
 41.4732
 34.9517
 62.1909
 62.5121
 46.0434
 4.76398
 2.42276
 4.11947
 2.19109
 2.31927
0.822655
  16.832
 4.69183
 10.4582
 2.29405
 1.98599
 33.5961
 0.40969
 4.78611
0.431039
 30.6571
0.808274
 23.9549
 36.4732
 18.5094
 19.1919
 11.5063
 13.1672
 20.1169
 2.18622
 4.47686
 22.0022
 42.0544
 1.83472
 14.2362
 31.6527
 34.6576
 64.1755
 37.7436
 16.8498
 25.1869
 19.6422
 41.8007
 16.4974
 10.1496
 5.49779
 1.94762
  22.987
 13.1592
 12.5554
  8.0609
 11.0553
 1.00464
 11.8133
   9.429
 22.9683
 46.0018
 20.7755
 26.3116
 20.4814
 11.4584
   23.29
0.431788
 3.48742
  1.8422
 32.8089
 4.40332
 36.3409
 11.8463
 3.48531
  8.4087
 23.8842
  18.414
 14.0443
 4.74144
 11.8173
  36.581
 17.4194
 5.44182
 38.5277
 35.5987
 33.0599
 10.0168
 4.10089
 17.3001
 28.0546
 6.81259
 41.9519
 30.5359
 4.76243
  5.5388
 8.85927
 16.8081
 2.03193
 44.7916
0.190614
 13.5277
 14.0523
  34.061
 23.7191
 9.74322
  8.1061
 36.8632
 30.3271
 6.48549
 12.8042
 41.9356
 59.2503
 40.1559
 56.1232
 35.4455
 1.44758
 6.15772
 5.59504
 11.9628
  32.433
 11.9393
 6.37257
 22.5518
 36.3848
 14.8676
 4.25976
 18.3227
 23.7869
 12.8073
 4.73611
 11.6596
 8.08358
 6.32687
 19.5752
 10.6034
 20.8687
 43.1466
 22.8807
 39.6212
 21.5196
 30.8499
 52.3825
 5.13811
 30.3105
 78.9561
 5.55832
 30.2835
 22.3568
 38.7161
 18.3387
 31.0676
 66.7004
 30.6943
 32.9506
 21.4785
 9.39423
 37.8571
0.668084
  29.758
 2.58809
 13.5816
 6.08759
 20.9499
 5.72222
 24.9134
 52.5463
 47.6756
 31.3437
 15.8587
 14.5201
 26.2805
 42.1238
 19.7553
 36.1171
  23.467
0.998961
 32.6414
 2.24996
 15.3532
 30.3098
 26.1879
 3.91637
 12.9379
 5.52789
0.722734
 16.0227
 1.88145
 22.1238
  23.393
 9.33754
 54.9793
 18.0743
 15.2412
 34.3688
 2.92012
 17.8122
 20.4561
 21.3966
 11.3744
  20.931
 26.6986
 3.48651
 38.8966
 10.1201
 16.6269
 5.63801
 17.5919
 15.4645
 66.6766
  9.3765
 19.6738
 15.9718
 15.8022
 5.90047
 5.53026
 31.6813
 22.8102
 17.5538
 4.15316
 5.77266
 28.2958
  18.463
 43.8296
 4.53959
 10.9881
 13.6786
 13.8268
 11.6716
 5.03843
 30.6814
 11.8965
 3.32296
  33.692
 48.9725
 44.8953
 51.6753
  7.3252
   23.89
 19.0708
 12.6762
 13.7712
 19.7991
 42.7174
 13.0826
 24.9065
 12.8559
 13.8745
 36.6011
 21.1958
 24.3475
 11.7416
 1.85063
 11.0637
 13.4113
 50.4763
 17.4077
 8.73427
 35.5131
 19.5402
 1.25374
 11.9443
 1.75982
 22.0971
 2.61984
 41.0782
 16.7295
 21.9685
  35.424
 30.7379
 8.98109
 10.2556
 29.8573
 10.2312
 20.4488
 12.2963
 1.07915
 47.9379
 21.2109
 15.6534
 17.0505
 34.4254
 33.9936
 42.7216
 18.6323
 38.6487
 7.73288
  18.674
 26.4639
 24.0643
 31.8285
 8.98118
 15.1754
 16.0895
 18.1306
 45.0504
 5.46755
 5.92665
 12.5428
0.840663
 11.8993
 61.9466
 28.9414
 11.6935
 12.9513
 16.5326
 14.0706
 33.1031
 46.1452
 3.19279
 67.0703
 27.4641
 42.4687
  34.731
  33.843
 3.99684
 7.33496
 3.31471
 3.33706
 9.85075
 30.8391
 15.3346
 50.0928
 11.8767
 4.92808
   2.911
 41.3276
 5.05117
 20.1473
 16.7156
 5.54523
 47.5443
  6.1859
 16.4387
  13.548
 36.7141
 12.6653
 10.9168
  3.3047
 37.5371
 30.3144
 24.6156
  2.6836
 31.2574
  32.778
 20.9915
 12.0337
 16.9127
0.911452
 19.4594
  20.185
  8.0149
 19.9445
 76.4124
 15.8299
 2.41501
 8.52935
 3.73636
 4.90518
 7.35009
 10.3456
 19.2385
 64.7672
 19.5842
 23.5083
 36.5326
 24.1358
 2.92133
 14.9226
0.249826
  9.7684
 1.36894
 28.0319
 1.29112
 36.3516
 16.5208
 6.98203
 9.60834
  16.533
  8.1067
 22.6984
 2.05207
 7.91126
 38.9961
 13.0462
 15.8655
 34.4453
 2.51443
 11.4367
 9.60117
 45.8073
 30.4321
 5.89407
 23.4358
 0.93525
 7.28545
 9.29832
 39.0911
 2.84529
 7.26853
  9.8143
  25.071
  20.416
 5.28157
 18.8813
 19.2978
 24.1056
 5.22468
 36.9814
 1.19266
 61.9491
 22.2741
 20.7525
 25.1485
  9.8952
 14.4077
 28.2069
  38.795
 25.4327
 16.1105
 11.4438
 6.83233
  14.102
 22.1683
 75.7789
 50.6765
 5.27284
 5.23078
 12.3472
  24.763
 45.8994
 1.49992
 26.2527
 3.50047
 10.1967
 12.5774
 5.62743
 4.76826
 7.56504
 12.0489
 15.8687
 15.7719
 17.5405
 4.67285
 13.6454
 26.3864
 6.69896
 22.1972
 40.6961
 8.62952
 33.3818
 17.9811
 11.4147
 12.4073
 9.16544
  62.503
 18.0643
 3.52422
 17.7644
  22.916
 3.03255
 59.6577
 6.72409
 16.4988
 3.05782
 4.64053
 10.1079
 15.1544
0.143594
 22.3716
 15.0914
 14.9242
 2.44973
 19.2719
 16.2969
  22.821
 6.05227
  14.509
 14.4425
 42.9523
 19.3641
 11.7913
 14.6893
 16.5905
 4.82072
 22.5755
 21.2648
 30.6452
 21.5412
0.610033
 6.63186
 2.42531
 19.2144
 25.2403
 23.1467
 8.16818
 25.7128
 12.9376
 13.2262
 19.7285
 29.1043
 23.0636
  7.0935
 0.30993
  26.286
 13.4792
 12.4823
 22.5369
 33.1531
 18.1224
 25.6014
  78.378
 12.7994
 13.7365
 11.6684
 34.0006
 48.2504
 11.8538
 73.0578
  26.818
 10.4891
 14.8569
 4.65533
 27.7805
 9.14789
 13.7297
 67.1971
 31.9653
 21.2098
 22.7934
 3.76339
 31.7141
 15.6697
 34.6015
 9.50461
 14.9775
 22.8933
 60.2829
 13.3126
 14.4007
 5.51386
  40.255
 67.7044
 20.5228
0.859071
 9.68874
   14.83
 48.3446
 21.2498
 18.4301
 22.4578
 14.2906
 69.6307
 3.70007
 6.86218
 19.0457
 2.78357
 52.8243
 13.4815
 12.9323
 10.0721
 2.50905
 2.84041
 22.5316
 47.2243
 37.7794
 52.1003
 66.4607
 18.1573
 63.8808