  50.4454
  9.14651
  7.12692
  6.81273
  16.3945
  13.2313
  8.78931
 0.964504
  2.47098
  5.72933
  6.16395
   1.5742
 0.453604
  30.4652
  26.5477
  4.63038
  7.87504
   2.4356
  0.14633
 0.883147
  4.90228
  2.48179
0.0780151
  3.58591
  2.14678
  10.2411
  13.0137
   20.511
  19.9759
   19.144
  46.7929
  34.2339
  30.9037
  19.6748
  21.1381
  37.3132
   34.628
  29.8448
  35.1956
  72.8173
  54.8463
  59.7929
  57.5804
  70.6428
  29.0896
  60.5453
  40.2819
  39.8933
  150.302
   149.77
  59.6686
  95.4845
  89.2072
   0.7651
  5.11414
  20.8266
  18.7945
  22.4389
  6.97464
  3.91859
   7.7006
  3.50218
  8.04174
  21.4968
  17.7229
  17.1019
  17.2382
  7.61233
  17.8184
   10.736
   8.4624
  5.90022
  4.24223
  5.38491
  6.04008
   8.7744
 0.361062
   8.2403
  1.28788
  5.75366
  3.86228
  9.19178
  7.87836
  6.19437
  2.03319
  12.7822
  0.17367
  7.27701
  6.79563
  6.06284
  7.10214
  6.35416
  23.9774
  25.6101
   17.275
 0.189972
  19.7439
  21.9337
  6.19231
  10.7142
   10.052
  22.6773
  14.7668
 0.373321
  16.4965
  20.0948
  20.7072
  1.16388
  1.62032
  10.5207
  16.3245
  6.12773
  18.1851
  16.8442
  2.66587
  7.44962
  2.26197
  8.24238
  5.83767
   7.3244
   3.1737
   8.5136
0.0114136
  1.18371
 0.727434
  2.29762
  24.9168
  71.1917
  72.4454
  143.486
  142.835
  143.957
  66.0962
  32.6458
  25.1016
  42.8184
  41.0349
  58.8435
  51.1161
  44.0137
  23.1358
  23.0725
  33.9899
  42.9074
  66.6965
    69.09
   32.587
  48.0979
  46.0778
    50.65
  85.1191
  62.2282
  4.82988
  16.6911
  13.5655
  33.4419
  38.9999
  6.17843
  15.4723
  23.6742
  1.81105
  40.3172
  78.7446
  22.4034
  23.9703
  23.4357
  8.39862
  21.9504
   15.684
  39.1005
  17.9817
  2.08608
  1.28843
   8.4708
  9.18618
  5.83876
  5.90022
   57.475
    60.64
  19.3599
  50.1762
  17.5767
  47.5549
  51.0795
  45.1095
  35.0869
  35.9481
  69.4121
  60.3601
  29.5104
  71.7864
  39.4663
  35.8472
  42.0573
  64.1577
    61.29
  142.596
  38.9947
  30.6071
  142.876
  144.579
  144.329
  3.18794
  20.6155
  13.1063
  3.35561
  2.93332
  12.3408
  15.5693
  22.7261
  8.24561
  7.66613
  5.08666
  2.52145
 0.831198
  5.84089
  2.96552
   3.1134
  9.80555
  2.76482
  4.25336
  8.47481
   6.1918
    7.052
  28.6047
  11.8342
  4.53625
  1.84705
  8.69247
  5.17857
  35.0911
  26.0623
  16.6857
  3.70733
  6.67331
 0.194126
0.0695869
  18.0863
   24.413
  17.4946
  27.7981
  23.7727
  11.0751
  26.4288
  6.98286
  6.80622
  6.36932
  12.4674
  6.26233
  3.12937
  8.92447
  33.6653
   6.7335
  8.85598
   5.8703
  2.98055
    6.922
  0.87997
  9.04376
  9.50107
  2.05432
  7.10507
  25.1677
  6.48292
  22.8872
   16.786
  2.57269
   23.812
  140.874
  123.027
  142.831
  134.526
  72.1669
  37.5407
  15.4365
  32.0167
  46.9579
  20.8974
  16.3157
  17.9359
  37.6966
  63.3437
  69.2319
   63.787
  25.9688
  47.6179
  30.0407
  75.8605
  48.1237
  28.5356
  41.9278
  60.3963
  26.9215
  32.1875
  28.5156
  6.31585
   27.225
  9.24146
  13.9755
  3.82044
   7.8787
  20.3861
  38.7084
  10.1905
  4.72831
  39.7484
  36.5444
  52.2989
  52.4721
  30.3745
  19.0221
  39.2866
  63.9247
  49.6024
  2.78199
  4.24036
  23.9091
  19.8881
  1.66555
  6.75346
   1.2262
   3.4834
  3.53651
   3.5273
  1.01203
 0.220024
   7.9179
 0.373295
  1.16192
  8.69283
  1.49749
  6.55688
  1.38248
  4.71306
  12.8031
  23.8943
  16.8237
 0.894643
  13.7057
  14.6365
  13.0567
  22.6857
  8.25646
  3.08939
  19.8043
  18.1364
  11.5556
  25.8921
 0.681979
  14.3516
  8.78574
  23.6837
   28.118
 0.657008
  7.52356
  2.80891
  9.69431
  1.01877
  7.52176
  11.4522
   10.954
  15.4493
  14.8157
  2.24378
  12.7562
  49.7275
  124.785
  48.5003
  16.7367
  47.1138
  47.5276
  49.4925
  28.1359
  26.5518
  37.3449
  12.2495
  46.6425
  71.1993
  81.6154
  37.4857
  53.6288
  36.2248
  18.2049
  78.0685
   50.825
  16.7011
  55.6293
  38.7611
  1.07494
  20.3109
   33.985
  1.38964
  5.15262
  21.0274
  6.34563
  15.9404
   74.376
  55.2656
  13.4574
  31.1282
  14.5132
  39.6447
  36.1332
  16.4834
  3.07467
  4.09904
   4.8333
  14.4421
    3.369
  7.32759
  0.83134
  14.7483
  15.5553
  25.8827
   12.564
  5.01617
  21.5857
  1.56483
  13.7593
   15.397
  16.0283
  26.2771
  19.7487
  8.92283
 0.861316
  3.67532
  1.52907
  22.0682
  13.0279
  10.8456
  6.49285
  16.6489
  17.5625
  19.3164
  24.1449
   26.221
  8.73737
  5.99958
  142.774
   45.398
  52.8438
  73.8786
  65.1389
  10.5154
  28.9505
  29.6513
  25.5991
   73.402
   80.577
  56.1297
  72.8652
   35.571
  57.8455
  144.652
  142.831
  7.05759
  7.87894
  1.60206
  27.5689
  0.17367
  9.67126
  29.7296
   19.834
   8.8134
 0.773529
   23.278
  0.19834
   87.156
  38.7992
  8.45039
  22.9873
  34.9708
  4.22935
  7.90097
  34.2882
  138.034
  24.0036
  61.9847
  43.1628
  9.09676
  8.39853
   69.462
  38.2209
  60.3648
  5.49464
 0.465386
  12.6007
  88.4135
  10.6791
    16.43
  7.72368
  35.8191
  34.0514
  49.0236
  40.5301
  64.8733
  24.0568
  47.1233
  73.2501
  75.8115
  7.62095
  43.5545
  39.5739
  42.9245
  32.9503
   26.975
   53.703
  89.3757
  7.97696
  5.28543
  6.96399
  23.5005
  12.4542
  15.4999
  24.0186
  74.7064
  61.0535
  40.4221
  60.9072
  85.9814
0.0337385
   13.045
  4.97584
  54.0432
  76.3689
  22.5666
   70.393
  58.8785
 0.464079
  3.14096
  8.48144
   6.6502
  1.24464
  6.76294
  3.40711
  8.09637
  21.8427
  16.8223
  40.9848
  3.80515
     42.4
   21.632
  4.97593
  14.8825
  21.8083
  19.7405
  97.5053
  17.8306
  1.67362
  10.0506
  15.0243
  18.9914
  6.94399
  31.4019
  3.23867
   7.5574
  24.8251
  19.5406
   66.447
  20.5589
  21.4041
  63.9837
  40.5983
  37.8814
  9.75992
  90.7462
  114.122
   44.126
  41.7471
  78.1335
  44.1058
  46.3326
  19.7387
  14.7373
   78.835
  12.2373
  10.8991
  44.5006
  73.1839
  37.8881
  72.2487
  42.0763
  47.2848
  32.7425
  29.9452
 0.422616
  17.7169
  48.7291
  14.6042
  6.88947
  63.6241
  65.0652
  52.5026
  77.0123
  47.4399
  8.93949
  40.1275
  34.6148
  7.86564
  56.5938
  18.6709
  8.51852
  47.5294
  62.3628
  37.5652
  61.4531
   11.445
  14.3465
  2.09392
  3.93198
  14.1464
  16.1168
  59.0457
  28.0405
  75.5658
  11.6799
  80.2161
  39.0604
  3.17584
  88.1459
  1.87406
  59.8095
  3.97124
  40.5772
  53.2715
  47.5162
 0.552205
   8.5145
  9.66204
  68.6174
  37.5471
   47.224
  6.52605
  33.1992
  49.1491
  28.3462
  47.8848
  57.3883
   14.949
  48.9803
  53.2673
   1.0504
  15.4457
  79.6354
  12.5478
  37.2046
  31.7913
  16.7368
  20.6395
  11.5472
  60.7416
  19.5461
  38.6216
  38.5709
  49.8078
   31.249
  78.0412
  92.4774
  47.7347
   95.639
  67.8658
  41.2775
  20.8143
   37.349
  12.6967
  33.8478
  1.89194
  42.7818
  16.0156
  70.0351
  67.8538
  43.7247
  73.3511
 0.462724
   70.276
  9.42322
  5.74809
  29.7701
  39.7807
  46.9761
  53.1859
  9.12802
   5.5618
  2.76129
  16.3284
    6.645
   45.519
  37.6194
  44.4936
  39.3875
  46.1451
  33.9017
  44.3293
  88.4133
  2.07352
   30.668
  7.95759
  91.0958
  80.1393
  34.6654
  34.1632
  37.2387
  59.9723
  50.8003
  43.7475
  1.05716
  44.3858
  20.4691
  4.75505
  10.1149
  15.6009
  12.4392
  15.0508
  23.9962
  8.90233
  25.3023
  24.1177
  20.9321
  47.2713
  23.9128
  21.3701
  28.1686
  34.4856
  50.4151
   57.894
  54.8933
 0.796614
  9.47346
  16.7258
  34.0343
  53.0042
  71.4031
    43.77
 0.878009
  85.9361
  33.8937
  9.33577
  84.8825
   1.9268
  3.75667
  7.58663
  5.81005
  34.4774
  40.4408
  7.09518
  9.03013
   22.416
  14.4561
  14.3844
  9.36903
  30.8429
  24.0963
  6.10667
  1.07178
  21.0322
  17.5997
  28.2945
  33.9818
  7.20354
  24.3406
  24.7514
  14.7196
  59.7364
  2.34093
   19.885
  71.5515
  35.3119
   30.355
  59.5265
  59.4357
   31.752
  9.18007
  19.8752
  23.4434
  33.1619
  55.3117
  1.21302
   28.582
  80.3514
  51.4145
  65.0674
  4.47732
  3.93792
  124.122
  20.5629
  32.5138
  6.80527
  7.19006
  14.4833
  38.1711
  40.7155
   7.7211
  69.4387
  142.379
  34.2186
  51.7346
  56.0999
  25.7893
  10.9318
  12.7476
   10.509
  14.2993
  24.6041
  48.7889
  71.7453
  96.3014
  28.2695
  28.5741
   34.938
  35.6453
  82.2532
  5.53027
  14.9779
  9.46678
  4.90302
  40.6423
  51.0749
  8.89203
  28.6224
0.0207187
  22.4987
  4.67325
  12.9066
  62.4308
  28.6546
  39.1811
  35.5618
  42.4154
 0.592293
  54.3763
  26.9372
  8.29876
  12.0176
   45.635
 0.324972
  51.0592
  21.7966
  34.5796
  58.6958
   13.759
  17.2338
  12.7328
  8.29142
  42.5925
  8.48453
  68.8473
  7.19853
  21.3119
  71.8886
  8.29065
  39.4681
  50.0704
  15.3445
  41.9655
  50.3674
  5.22585
  1.15238
  25.1131
  16.2853
  8.31974
  50.3166
  64.7393
 0.864244
  7.60144
  44.2696
  48.3583
  34.2681
  8.39983
  12.4698
  14.5981
  7.71174
  7.75977
    29.35
  7.05252
  6.47619
  5.33547
  9.68863
   7.4257
  11.8032
  49.7653
  45.9857
  45.0258
  47.9937
  52.5462
  54.0984
  37.3008
  14.6019
   23.111
   55.386
  55.6736
  16.4735
  5.19936
   14.859
  17.6084
  5.54608
  15.9921
  15.2222
  9.05425
  7.82417
  14.4152
  41.7625
  8.41886
  81.7315
  8.63483
  46.3914
  17.2298
  47.3841
  53.0233
  44.1265
  52.5034
  22.2234
   23.587
   3.8668
  59.0344
  56.1002
   49.356
  7.71404
  6.76866
  15.5832
  23.5868
  54.1949
  45.7908
  43.1539
  15.9395
 0.353582
  6.57497
  58.7513
  89.6761
  56.9182
  52.1575
  29.9885
  47.9427
  56.8006
  7.21024
  18.9174
  14.1096
  21.5603
  13.9944
  14.5961
  16.8418
  25.6658
  28.6297
  1.71173
   18.883
  8.68905
   1.2438
  15.1437
  12.6283
  19.6305
  29.3716
   2.0472
  45.5107
  50.9642
  24.7325
    44.03
  23.6423
  8.41879
  62.7636
   48.083
  23.6043
  44.4405
   13.316
  8.97802
  8.60445
  58.0025
  10.1613
  15.6223
  27.7416
  43.4373
  74.9073
  7.17094
  24.9713
   25.498
  49.5387
  28.2308
  37.6012
  51.6661
  55.5217
  41.6753
  84.1442
  15.5852
  46.4805
  36.1505
  45.0068
  49.9057
  57.0677
  60.8195
  48.6415
  50.4069
   51.225
  6.75939
  4.77238
  46.0266
  53.2805
  37.8058
  8.00541
  1.08707
  9.78499
  36.7307
  27.1724
  20.2436
  51.0922
  1.05851
  8.11608
   11.993
   11.048
  9.70232
  13.0834
  7.67078
  35.3591
  33.4056
   3.7487
  4.91179
  19.1795
  44.0529
  61.3926
  18.0077
  9.65199
  19.1947
  29.3145
  50.9578
  17.9329
  38.1124
  34.7077
  6.37146
  8.82266
  79.7494
  54.5029
  2.74521
  104.318
  16.8161
  1.79856
  14.8316
  67.3835
  5.99821
  61.1315
  73.6972
  76.2762
     49.5
  48.3599
  17.4106
  48.1735
  1.00452
  49.4192
  22.7563
  1.01838
  40.5203
  36.2796
   46.545
   51.775
   28.548
  31.9967
  34.4851
   8.4151
  3.59432
  27.6878
  28.0525
  33.1296
  28.8551
  16.0107
  4.76812
   9.8943
  25.7098
   13.316
  21.4696
  34.7104
  18.8219
  33.6858
  31.3226
  27.8793
  22.2637
  37.5918
  19.3337
  59.0672
  16.7637
  2.73284
   15.011
  24.1478
  17.0594
  5.30606
  43.4925
  125.042
  4.44926
  15.8831
  11.4441
  26.5383
  38.7589
  20.4843
  26.0217
  9.48254
  1.34967
  26.5718
  30.1805
  50.3797
  59.1848
  16.3853
  44.8461
  62.3646
  27.2601
  67.6876
  8.28091
  8.83212
  83.9102
  1.61135
  18.8737
   15.383
  26.3923
  29.0438
  35.9004
  46.1311
  10.1431
  29.6997
  35.0525
  45.3071
   72.985
  28.0364
  20.8873
  19.6959
  142.586
  142.134
  132.847
  37.2934
  6.04499
 0.260258
  14.7585
  11.2558
  9.85937
  40.5904
  33.6159
   12.961
   6.9496
  3.09929
   22.767
  1.96243
  35.4508
  18.4067
  28.4796
  29.7524
  15.0297
   24.919
  28.9814
  21.6101
  123.023
  36.3239
  43.2842
  6.91456
  37.6018
  49.3359
  32.7253
  20.7962
  31.8011
  47.3912
  19.0105
  38.4741
   11.394
   13.913
  23.4375
  4.59094
  71.9247
  91.6679
  24.7085
  64.8446
  20.4285
  9.10116
  21.2099
  48.4005
  12.0172
  16.7194
  12.8518
  18.0815
  10.8416
  47.1397
  48.4395
  19.7904
  48.7623
  6.77027
   14.498
  8.11817
    3.295
  33.7725
  74.9104
  50.6174
   25.786
   34.998
  33.2296
  48.0285
  42.3142
  42.8003
  3.23533
  20.1391
  48.0283
  120.627
  45.7902
  9.94346
  7.28084
  19.5301
  31.3674
   46.232
  13.0626
  40.7476
   37.332
  14.4674
  39.2895
  34.2614
  20.6311
  11.6582
  9.52025
  87.7411
  27.6042
   55.998
  58.0152
  33.8363
  49.9149
  74.7664
  25.4806
  11.6635
  45.0764
  41.2251
   57.968
   40.551
  54.0745
  49.2661
  26.4574
  36.6117
  26.9814
  59.5709
  40.4172
  52.3774
  77.0322
  67.6067
  79.0322
  43.4012
  147.127
  20.0583
  59.0965
  57.1672
  79.3908
  120.196
  132.881
  21.1682
  47.3182
  132.623
  12.9599
  26.5924
  41.8858
  27.7922
  26.7464
  40.1022
  72.1086
  30.9703
  31.8161
  61.3841
  93.7905
  71.9258
  39.6294
  27.9923
  3.70809
  41.1486
  51.4446
  132.974
  42.0032
  55.0862
  42.4288
  32.0583
  50.6698
  136.316
   122.89
  133.248
  35.5257
   52.318
  44.8543
  142.552
  123.269
  44.8227
  124.601
  37.3022
  45.5358
  37.1497
  54.3248
  50.1332
  86.9152
  77.1921
  84.2369
  71.6161
  28.3549
   25.727
  7.87726
  65.5732
  46.5746
  87.0031
    21.65
  86.5907
  38.3599
  7.47798
  7.83118
  22.4784
  91.9909
   36.252
  12.5762
  3.73709
  5.89907
  63.9338
  15.6949
   39.115
  47.7881
  59.1317
  46.3253
  19.4795
  78.7292
  22.7031
  70.1991
  68.2466
  144.708
  60.8433
  132.432
  20.7263
  6.38214
  41.7749
   4.5845
   39.697
  40.8617
  48.6527
 0.582256
  50.1952
   63.873
  36.8465
  67.1945
  2.30559
  11.6607
  46.1719
  5.53104
  3.83063
  142.734
  123.837
  124.534
   72.878
  70.6821
  57.6499
  65.8084
  15.4321
  34.8268
  43.1276
  64.0797
  55.1283
  70.6782
  22.1362
  4.21701
  40.1678
  22.6071
  22.1881
  20.0032
  53.6405
  20.9696
  21.8077
  37.4449
  5.05059
  35.9472
  9.05519
  25.7351
   15.052
  5.89905
  19.2893
  42.3951
  24.2065
  14.5155
  13.6106
  3.23347
  25.4499
   114.65
  9.94596
  27.2516
  9.08669
  6.49297
  8.65815
 0.918645
  24.4825
  9.53738
  18.0296
  18.5127
  11.8737
  30.2589
   9.3846
  18.1078
 0.538027
  7.29996
  22.0134
  13.4677
  1.22807
  15.4402
  19.1574
  48.3911
  47.5617
  43.7669
  7.74488
  39.7734
   4.1616
   88.672
   3.9966
  16.5214
 0.463003
  19.2174
  9.94457
  1.16404
   24.541
  8.45565
  6.78855
  45.2478
  42.6797
   48.829
  23.1114
   40.636
  43.8776
  40.5451
  12.4514
  39.5846
  45.3074
  47.9481
  35.8544
   34.598
  10.8524
  2.19287
   37.606
  14.4496
  10.9908
  34.3529
  35.9199
   36.663
  13.2824
  2.81282
  3.97766
  42.4306
  41.0114
   29.493
  36.7141
  25.1587
   40.226
  19.7347
  47.4397
  29.5926
  10.9126
  39.6773
  16.9294
  5.22615
 0.236534
  13.3814
  8.89636
  36.0259
  34.4911
  31.4166
  66.7262
  31.6947
  34.5825
  3.08534
   41.246
  59.7661
  73.6942
  49.6109
  60.3455
  34.2931
  39.3217
  39.2288
  25.4898
    1.413
  5.65852
  2.79408
  1.31964
  54.9737
  16.4004
   31.461
  31.6198
  35.6774
  47.0509
  39.5426
  50.5716
  52.3655
  51.9141
  47.1729
   51.824
  11.6231
   4.2107
  16.5253
   48.477
  51.7789
   46.841
  46.6408
  38.3833
  46.7922
  66.8643
  20.7992
  59.3233
  39.3784
  26.2385
  3.83663
  37.1948
  1.31964
  7.36929
  48.0531
  34.7601
  33.6333
  31.1041
  37.5939
  9.31058
0.0438711
  37.4759
  42.5944
  51.8348
  55.2697
  49.9239
  144.609
  55.3522
  45.2836
  22.5659
  42.7809
  41.9963
  37.9218
  38.5037
   37.052
  32.5348
  41.5898
  9.03899
  35.6774
  45.1842
  41.4282
  39.7563
  44.9725
   27.088
  26.9547
  47.3235
  34.2433
  42.0051
  47.2797
  39.5912
  11.4575
  5.29669
  4.34311
  6.55041
  49.1942
  57.4681
  31.9808
  43.2707
  42.5344
  47.8124
  46.3392
  43.5834
  40.1065
  20.8668
  4.41547
   14.826
  40.8251
  13.0676
  11.9516
  63.9901
   86.392
  22.3521
  65.6025
  19.9569
  47.3857
  39.8614
  47.0772
   46.923
  26.7726
   43.059
  36.6013
  12.3454
  15.1775
    13.05
  67.0162
  40.1564
  65.2317
  41.5083
  33.9561
  22.5926
  21.0787
  32.8683
  41.5383
  14.7043
  43.8697