 12.9713
 10.1708
 11.5327
 32.3078
  25.591
 25.1063
 17.2136
 20.1346
 21.8976
 11.1202
  22.602
 27.6296
 28.4184
 24.9046
 35.1349
 54.4178
 53.5788
 30.0346
 28.2844
 35.8337
  24.985
 33.2739
 32.3476
 31.8577
 31.0608
 12.5132
 32.3906
 32.4626
 43.9369
 44.4183
 51.3831
 51.8197
 52.5993
 44.9338
 21.3544
 8.60835
 20.8118
 28.7546
 6.93571
 2.50244
 4.20186
 4.05593
  1.2539
 10.4384
 12.8928
 7.22062
 4.79051
 0.96585
 14.3967
 5.85996
 1.58059
 52.9796
 45.7626
 16.5011
 17.6094
 41.2502
  7.1124
 2.34315
 0.51024
  10.631
 11.2208
 3.65013
 42.0327
 49.4041
 49.2378
 40.6952
 28.6311
 28.2878
 37.2037
 25.4333
 45.3469
 49.7746
 48.1781
 32.9518
 12.8487
 47.0862
 52.5592
 16.5708
 19.3446
 19.0597
 19.4976
 19.2966
 8.00769
 16.1196
 28.4322
 26.1549
 7.17389
 33.8612
 42.0463
 48.5042
  37.418
  48.441
 22.9441
 26.6799
 22.9096
 20.3053
 23.7289
 10.5344
  24.705
 34.3722
 26.1201
 27.4832
 33.7571
 33.6085
 30.9537
 13.6413
 30.9345
 34.5656
 34.2643
 26.6273
 30.6622
 24.1907
 26.7692
 29.6464
 30.2111
 3.79239
 6.80989
 10.4797
 20.3349
 21.0938
 11.2424
  22.538
 13.7022
 15.1744
 16.2173
 19.2323
 9.98494
 12.8078
 11.9516
 14.9425
 8.67199
  13.349
 20.7871
 12.2864
 12.3732
 12.7654
 7.67381
  12.795
 27.4611
 48.9715
 30.7993
 24.5705
 33.7964
 29.9195
 17.3723
 34.1412
 35.0476
  35.888
 27.7321
 8.02736
 4.27755
 6.57724
 9.78447
 23.0342
 44.6749
 26.3935
 10.6511
 15.3241
 16.4414
 15.9264
 21.8702
  5.6734
 7.71298
 30.8875
 31.9467
 40.8063
 10.3077
 1.06745
 4.31001
  12.629
 2.29107
 8.09677
 9.19909
 7.53415
 3.08908
 27.2263
 57.9209
 40.9049
 3.18579
 15.2121
 27.9812
 5.06404
 21.4841
 27.9725
 26.7931
 29.9806
 12.7638
 11.3281
 18.1049
 40.3149
 54.2319
 62.5122
 23.2346
 7.03001
 6.01039
 32.8977
 15.5099
 35.9016
 39.7711
 41.1439
 47.4069
 48.6316
 6.02757
0.810793
 34.6582
 33.7594
 24.5199
  24.398
 27.2858
 17.4927
 32.9487
 22.9096
 12.9688
  9.0367
 13.7832
  43.172
 26.8331
 46.3869
 3.60892
 8.77481
 9.90359
 6.28849
0.958352
  2.4147
 10.3285
 1.62986
 9.76644
  5.4028
 10.1015
 6.57674
 24.6755
 31.8493
 2.59148
 48.5247
 8.79995
 3.37151
 6.87924
 1.78685
 46.2662
 47.8562
 30.1413
 8.69563
 32.0606
 14.2698
 13.8052
 12.0842
  6.2885
 7.75346
 26.1894
 30.1868
 8.75372
  10.497
 13.8151
 16.8463
  10.479
 13.4287
 12.5336
 14.9528
  47.136
 38.0878
 29.3475
 24.5352
  29.782
 32.5096
 26.4936
 22.8717
 15.3582
 21.0426
 27.8186
 16.3546
 24.8662
 32.3576
 32.6322
   22.88
 57.7416
 25.6784
 27.9151
 23.8395
  21.401
 31.8378
 3.50991
 8.50348
  13.271
  27.509
 16.7554
 20.3187
 14.7974
 16.0126
 13.8452
 9.87183
 2.76135
 8.42647
  1.4357
 12.9168
 18.3017
 32.1236
 25.3701
 29.0628
 30.0319
 23.0147
 33.0033
 34.5768
 49.4823
 24.4356
   33.75
 33.0508
 30.9281
 14.0059
 32.9701
 32.4262
 39.5502
 43.1282
 37.3977
 19.9442
 25.8481
 22.8741
 16.1548
 20.2655
 12.9555
  53.171
 32.5594
 43.2983
 47.0861
 48.4197
 37.3538
 9.53177
 40.2355
 11.3872
 37.2872
 32.7407
 38.9178
 11.1088
 37.6002
 3.15306
0.158592
 10.2732
 10.1195
 4.42376
 2.01064
 6.14775
0.372972
 25.9138
 37.8259
 49.6152
 3.38987
 5.33354
 6.89942
 1.61046
 1.20553
 13.2819
 12.5521
 39.4094
 5.93793
0.859831
 30.9083
 36.0716
 3.15647
 25.0969
 4.47717
 26.0446
 17.7187
 11.8983
 29.9816
 2.58256
 14.4424
 10.9049
  49.429
 56.8508
 28.9916
 12.2998
 33.3453
 9.38781
 9.89144
0.389073
0.589819
 4.66926
 4.73241
  3.5712
  3.1542
 2.19224
  7.6607
 8.63617
 19.8981
 18.5684
 8.26475
 15.6893
 26.0569
 35.4607
 35.3297
 29.4344
 14.2042
 18.5332
 22.9084
 25.5145
 29.1942
 25.1222
  31.921
 12.8047
 33.1711
 17.6951
 25.4666
 28.6161
 4.24513
 4.44024
 1.32881
 20.2703
 20.2134
 19.1837
  11.777
 16.9306
 20.7205
 8.70128
 9.95604
 17.6169
 3.22339
 4.55342
 16.1572
 11.5566
  21.102
 25.1668
 50.8519
 33.8532
 34.5419
 35.9608
 27.6055
 21.9997
  27.911
 39.3906
 22.7537
  28.271
  30.025
 11.0191
 9.62429
 10.0757
  52.282
 41.9295
 8.10905
 6.86827
 28.8892
 44.3059
 30.9774
 14.7988
 31.2489
 48.5415
0.749736
 6.63146
  8.2007
 1.40579
0.557711
 11.7882
 7.51916
 1.00212
 35.5429
 49.6852
 38.9113
 8.95106
 5.66728
 11.6338
 3.56474
 3.58067
 3.38987
 13.3645
 45.3704
 17.1217
 10.0273
 51.5349
 11.7407
 24.2773
 38.0455
 26.3108
  59.098
 32.5063
 21.0715
  18.284
 28.9546
 46.5761
 25.9604
 39.7185
 26.6517
0.485614
 16.4811
 11.0397
 7.53552
 1.47048
  2.8215
 1.52161
 8.36151
 4.13247
  14.165
 9.60232
 19.6652
 40.8957
 25.6505
 33.9733
 36.3406
 26.7951
 28.1264
 19.6837
  21.003
 20.8718
 18.6082
 19.4559
  18.669
 7.89973
0.256076
 5.00346
 9.66343
 25.5728
 20.1345
 35.5561
 12.4417
 39.0062
 41.3073
 22.9215
  23.118
  18.746
  25.344
 23.2849
 11.7817
 1.92903
 16.3451
 9.48008
 42.7747
 31.3075
 27.2292
 8.86545
 15.4792
 17.9713
 42.2036
 6.85692
   30.84
   18.79
  18.952
  2.8729
 16.7999
0.313991
 2.12902
 4.31423
 42.0713
 33.1169
   9.187
 49.1911
 27.1457
 13.7804
 4.50367
 17.2919
 28.0616
 38.0075
  22.729
 29.6087
 48.6422
 40.5072
 35.4429
 51.6611
0.724422
 7.96278
 9.59291
 16.4102
  13.873
 49.7647
 14.0193
 8.21512
 31.0697
 30.5788
  39.849
 18.0213
 6.34975
 35.5097
 28.0535
  1.5766
 25.8027
 43.5191
 8.11275
 6.24948
 34.5886
 42.3951
 37.7671
 30.1387
0.450024
 28.7991
 1.36899
 11.6169
 34.2281
  39.095
 35.2667
 8.43565
 4.26775
 25.2923
 9.63962
 27.7292
 41.1438
 40.9472
 10.1723
 11.8271
 6.39595
 41.4387
  16.942
 48.2894
 1.48461
 5.32878
  17.356
0.741603
 8.19141
 7.97125
 5.47841
 38.0261
 39.3483
 9.38035
 46.4847
 11.4044
 65.4232
 1.96638
 40.3585
 20.1185
 23.0374
 35.6807
  31.313
  10.062
 1.64227
 27.3813
 45.3034
 37.6133
 31.0924
 3.46157
 55.5812
 26.9972
 15.5827
 7.06153
 13.1548
 12.9123
   38.51
    17.2
 51.6081
 17.4602
 13.5832
   37.05
 18.4366
 34.4728
 50.1588
 22.7611
   38.53
  21.775
 18.4502
 18.5177
 1.99378
0.538954
 13.3225
 1.38208
 60.6982
 45.3108
 55.1311
 4.73497
  38.072
0.503068
 3.61841
 3.86652
 9.76463
 4.96763
 48.3428
 42.3287
 22.6607
 27.9829
 29.4271
 4.58736
 23.6106
 25.8245
 32.6029
 33.3963
 23.7373
 1.99058
 35.8743
 25.4164
 12.3889
  21.758
 10.6259
 19.6523
 30.9997
 33.2793
 9.45119
 37.2865
 9.09869
 1.63241
 3.73643
 28.6838
 23.0757
 27.8547
 22.7644
 16.5247
 1.35648
 13.2458
 37.3709
 26.9578
 31.0571
 36.8878
 3.65419
  39.417
 10.5039
 48.3486
 25.9471
 36.6147
 23.4733
   1.962
 14.5129
 32.8032
 31.4848
 39.5799
 41.0655
 36.0885
 30.6364
 6.61918
 34.0682
 28.2399
 33.2459
  4.4347
 6.66798
 32.4753
 26.4402
 42.6331
 40.8065
 17.0224
 2.32427
 32.7152
 22.0929
 36.7837
  49.048
 10.9655
  37.427
 30.0575
 35.2148
 21.4458
 31.1902
 19.1745
 5.41873
 9.08699
 47.5839
 36.4997
 28.6737
 54.9784
 30.8744
 13.6928
 29.5669
 12.2537
  33.256
 19.3566
 44.0519
 3.64585
 33.6037
 4.95037
 10.4288
 23.1104
 28.8652
 29.3455
 19.9036
 34.0235
 40.0254
 18.6098
 9.01257
 46.5787
 36.3839
 35.0573
  11.921
 4.29785
 38.2533
  6.9981
 23.9068
0.829353
 1.62885
 50.2211
 51.0601
 49.1162
 3.84739
  26.934
 23.5193
 40.9029
 38.0779
 5.68577
 17.0227
 51.9621
 31.0898
 25.1749
 23.1667
 14.4119
 12.9058
 7.34157
 6.74903
 2.19298
  9.5691
 14.2479
 65.3418
 12.4543
 50.1175
 51.0929
 45.4261
 16.0046
 12.4593
 27.2764
 50.8512
 35.1549
 25.7351
 20.3979
 18.7731
 36.9551
 24.7044
 34.0025
 4.05316
 3.00256
  9.6898
 11.1344
 10.2339
 52.0005
 35.1164
 43.1325
 19.3437
 8.37644
 40.6821
 36.4582
  18.673
 1.77874
 45.7884
 3.70615
 6.39995
 4.27723
 5.57017
 2.14135
 23.2808
 9.00286
 19.7359
0.114597
 38.5726
 38.3512
 33.8584
 6.93987
  28.108
 47.8127
 27.1664
  2.8582
  45.336
 43.9079
 1.95593
 26.1976
 58.8667
 10.3704
  25.281
 57.6827
 34.3221
 4.55265
 13.0096
 27.1122
 10.0242
 24.8479
 4.62094
 7.83768
0.207699
 27.3237
 49.0414
 7.22694
 36.4572
 36.1664
 6.31054
 39.7708
 21.7811
 33.4255
0.395063
 16.0782
 13.4486
 6.53141
 9.81408
 1.50067
 13.4558
 6.03888
    33.3
 42.2815
 42.0669
 34.1362
 21.4225
 43.3235
 17.8217
 50.3305
 19.6385
 54.1754
 3.90867
  37.166
 18.9111
 16.2275
 30.6653
 43.0282
 40.3735
 25.6471
 29.6779
 16.9858
 2.31415
 2.03784
 4.72039
 40.6602
 13.8292
 38.7173
 39.6332
 43.4198
  18.204
 18.4175
 50.0908
 11.5535
 36.2408
 26.3627
 27.9039
 34.7908
 18.5658
 24.1951
  42.805
 13.1916
 39.3486
 36.2386
 12.8801
 16.8295
 13.3398
  6.3521
 12.0058
  18.318
 9.64123
 25.6411
 13.7417
 33.8301
 19.6186
 20.1827
 8.24068
 15.0413
 31.9215
 37.3711
 27.2218
 31.1864
 45.3964
 14.5249
 31.7045
  34.126
 13.5663
 18.4238
 19.4316
 34.6802
 3.80006
  23.692
 13.9149
 5.51424
 10.2152
 39.2489
 34.0456
 2.70445
 29.8296
 17.0563
  27.685
 18.2474
 35.6954
 1.82177
 9.56238
 28.7545
 25.6308
 17.6541
 14.2544
0.733741
  18.277
 35.8683
 41.2243
 9.12826
 9.07744
 26.3811
 1.94958
  20.739
 7.50465
 4.28441
 24.4065
 1.33699
  17.552
 28.3927
 23.0399
 19.4316
 2.86341
 8.92257
 12.6795
 64.6133
 19.2648
 6.53216
 11.1873
 1.56997
 19.1857
 17.7665
  9.1745
  3.5742
 2.54378
 1.74973
 20.5363
 22.4514
  23.229
 24.0435
 3.80029
 15.5045
 10.4376
 7.37809
 11.8602
 25.8524
 14.5871
 26.6577
 13.3923
 1.45195
 30.5136
 21.0291
 14.5099
 14.5099
 28.3564