  57.1369
  68.1199
  79.0683
  59.6079
  8.71691
  13.2315
  64.5628
  66.4082
  72.8881
  66.3329
  61.9988
  65.6121
  54.2373
  45.8241
  50.4468
  19.3265
  12.9061
  8.43353
   27.964
  66.0968
   49.009
  43.4522
  13.2304
  61.6515
  68.3668
  66.1062
  68.2046
  6.18982
  65.1541
  65.8928
  65.9222
  55.7452
  41.3138
  37.2056
  36.0381
  51.5226
  61.9744
  56.6571
  55.9706
  22.1731
   4.6216
  17.7474
  31.9313
  9.06589
  21.6695
  39.4201
  52.5768
  59.6302
  55.2643
  59.4308
  61.4619
  4.52188
  13.9642
   27.546
  45.3204
  44.2117
  23.2124
  25.0966
   47.746
  48.8224
  49.0323
  57.6206
  55.9044
  57.5501
  5.51715
  21.6969
  10.7119
  29.8485
  18.2167
  2.88127
  66.3798
  58.7834
  12.8113
  6.13767
  1.10387
   19.873
  44.9567
   15.277
  25.8967
  11.4833
  70.4767
  19.4999
   47.336
   7.5673
  44.0572
  45.7016
  27.2258
   7.5952
  6.29446
  11.3788
  20.4451
   11.542
  14.0996
  1.32405
  9.38749
  51.8648
  46.7008
  8.25367
  9.68082
  20.9015
   9.5465
  7.88204
  4.75852
  2.64355
   6.3467
  52.2962
  51.2092
  10.6832
  14.3485
 0.476291
  13.5024
  15.7301
  10.5835
 0.275393
  4.10096
  12.8868
  5.97812
  6.54364
  15.1772
  36.9795
    25.59
   21.831
  37.8982
  30.7976
  4.20843
  23.4287
  30.6296
  26.3788
  9.59877
  4.36912
  3.88722
  11.9589
  12.7902
   25.816
  16.5516
  46.3266
  48.4831
  17.6073
  28.7427
  22.5349
   51.515
  39.6771
  27.0633
  26.9988
  30.2765
  26.2568
  74.9605
  3.40202
  24.2661
 0.169228
  6.19247
  4.97772
  48.2042
  16.0294
  11.1378
   5.1811
 0.396541
 0.132884
  17.4148
  18.4793
  17.9369
  9.52214
  13.3188
  18.8659
  16.3131
  4.81425
  51.3888
   47.195
  2.26866
  14.4607
  1.88534
   7.2457
  13.5056
   5.8719
  23.2969
  15.2195
   5.8666
  38.8105
  48.3585
  12.0364
  17.5629
  3.53259
  16.2947
  21.6039
  10.6343
  1.52884
  3.11254
  8.52048
  2.94631
  46.9199
  34.9644
 0.775364
  7.93609
  12.3847
  41.6794
  36.0685
  46.7093
   42.927
  2.61177
  43.4876
  8.94764
  8.09412
   5.5129
 0.653593
 0.561706
  12.5747
  5.83908
  37.6239
   1.6207
  1.54159
  18.8202
   21.695
  7.72858
   1.0406
  22.6844
  28.3626
   24.795
   13.349
  1.50275
  21.2778
  26.3857
  3.96602
  11.5998
  14.0493
   10.746
   12.435
  12.3769
  16.4287
  20.1698
  42.2712
  7.44413
  1.52811
  34.1406
  46.6028
  77.9001
  9.83005
  2.56458
  16.0475
  18.3719
  9.20812
  19.6056
  10.7407
  3.82103
  34.2426
   13.119
  41.3052
  11.4617
  9.15916
  15.1414
  18.3124
  14.7867
  15.5275
  20.4063
  22.1217
  2.69884
  3.43743
  25.0719
  20.8088
  20.5056
  25.3537
  9.86559
  2.26984
  16.8171
  30.5162
  17.7509
 0.106643
  21.6423
  12.3832
  17.4368
 0.836394
  19.3783
  20.3704
  29.8551
  40.6304
  28.8944
  20.0233
  19.3475
  24.0913
  17.8272
  13.7821
  18.0935
  21.7901
  2.21595
  13.8731
  40.6193
  48.3827
  4.84282
  44.3465
  11.0051
  1.87345
  12.3909
 0.784028
   9.2381
  5.07283
  19.6365
  21.1851
  9.38389
 0.186069
  23.3596
  10.4464
   27.666
  8.69693
  5.16636
  5.55992
  8.07087
 0.229936
  10.3809
   8.9826
  7.77212
  26.1841
  5.51102
  16.3568
  45.0716
  26.1585
  8.49362
  10.7788
  2.37792
  42.1337
  62.7696
  48.9278
  19.0283
  54.1059
  45.5192
  13.9571
  10.7513
  6.08636
  12.3925
  2.66411
  49.8583
  1.10837
  9.78183
  6.85742
   22.268
  15.4703
  25.0715
  23.9199
  3.69009
  14.3907
  16.8681
  13.1451
  2.36989
  4.63685
  2.16472
   18.892
  2.72875
  2.82298
   1.3759
  11.0303
  42.9207
  9.87092
  45.8853
  18.1846
  12.3328
    11.51
  28.5408
  18.9614
  23.6885
  58.9435
  4.30037
  13.5117
  4.53464
  39.1656
   24.053
  23.4121
  20.8469
   22.987
   15.029
  5.56891
  59.8256
  41.5009
  42.8438
  11.5168
  12.6201
  9.26502
  3.56287
  14.0681
  5.92289
  7.60668
  17.7262
  2.96084
  5.82441
  7.39265
  33.3421
  43.2176
  38.2726
  41.5744
  41.0264
  18.3224
  29.5095
  19.4257
  12.9392
  9.88859
  48.2787
  7.63797
  16.3067
  10.9736
  17.6642
  10.6386
 0.673957
   18.785
  25.3156
  7.73258
  14.1981
  5.11455
  3.65985
  26.5805
  54.3013
   15.602
  6.88562
  14.9757
  17.9656
  5.91611
  13.8967
  14.5237
  74.9899
  1.52006
  33.3491
  36.3156
  35.8471
  29.3858
  26.3803
    11.04
  8.73756
 0.941222
  20.6009
   8.6952
  23.9949
 0.441709
  13.3947
  13.3196
  7.97636
  4.63196
  19.3223
  5.79993
  3.59095
  3.32562
  5.91885
  21.1361
  9.76446
  11.8827
   42.916
  51.2813
  51.1497
  47.3766
  6.78471
  2.42427
 0.618932
   1.5371
  1.63335
  11.5684
  20.7905
 0.849748
  7.64383
   4.5929
  12.5855
  45.3983
  16.5083
  11.0178
  3.88981
  5.69073
  11.7485
  19.4051
 0.819478
  16.4376
  40.6733
    3.768
  1.99277
  2.55262
  16.6882
   28.486
  7.66946
  2.93736
  6.64848
  49.3514
  16.5342
   20.108
  16.9879
  4.50955
  15.1239
  28.4453
  19.6957
  35.2107
  40.2361
  9.76468
  12.0069
  47.5074
  3.19376
  6.43579
  10.9424
  13.3517
   1.1376
  54.0538
  16.9694
   13.142
  10.5278
  32.4784
   30.145
  23.5002
  10.4463
   45.762
  39.1029
   1.9232
  5.23377
  40.6316
  5.85336
  20.0909
  36.7538
  26.9499
  1.73573
   40.549
 0.588406
  6.70101
  15.9107
 0.829458
  10.2416
  10.5272
  26.5571
  21.3246
  28.7813
  50.7631
   6.9812
   1.2728
  1.44353
  8.32758
  23.3584
  4.48109
  18.2503
  69.1084
  50.1779
  35.1955
  22.4126
  46.8028
  40.0722
  1.14233
  50.5447
  44.7859
 0.795707
  80.4542
  23.1564
  14.6949
  48.6596
  52.2698
  44.3757
  47.6525
  47.6749
  11.6609
  12.2245
  17.0302
  13.3027
  65.4309
  55.7528
  16.8456
  16.1553
  6.21623
   6.0493
  6.32755
  10.0014
  6.85648
  27.0596
  21.8522
   26.089
  12.6362
  30.0474
  48.3433
  28.2029
  21.7947
  1.78218
  26.4698
  29.0762
  10.4075
  37.1428
  5.22618
  6.54632
  10.8445
  21.2365
  2.52788
  20.7598
  17.0081
  37.7959
  12.3385
  22.0443
  22.9701
  15.8117
  21.9992
  22.5641
  8.56417
  18.3583
  33.1955
  25.7642
   8.9292
  79.7862
  4.53627
  54.2678
  4.48391
  79.1745
  26.8909
  23.6535
   19.989
  34.9982
   25.475
  31.9121
    24.96
  21.2445
   25.308
  20.9557
  24.3853
  14.5928
  14.2408
  24.2161
  2.77137
  2.82878
  5.88812
  1.09126
  28.5259
  18.4274
  6.40805
  9.84708
  3.61723
  20.5071
  36.5671
  18.1745
  33.9618
  8.00242
  8.54623
  6.56441
  5.22108
  7.97314
 0.232469
  18.1157
  60.0676
  4.00031
  16.4142
   9.4044
  22.3778
   9.4728
   9.9487
  21.6877
  26.1273
  27.7306
   11.083
  25.3059
  19.9981
   4.2859
  5.54927
   33.783
  7.56294
  5.88812
   28.812
 0.310964
  23.2194
  21.5258
  30.7602
  36.2624
  29.1196
  8.33974
   1.3176
  48.1091
0.0333056
  67.2908
   75.353
  15.7283
  6.44966
  44.5445
   17.186
  61.9445
  74.0147
  50.5832
  63.3584
  50.8513
  3.56495
  14.9388
 0.361327
  1.20817
   8.6712
  12.3867
  2.36466
  10.5015
  38.3478
  16.6585
  9.10048
  3.67708
  9.25111
  24.9844
   6.1294
  50.9587
  23.6625
  2.50254
  7.73653
  29.4669
  27.8609
  11.3247
  3.00188
  4.92158
  8.33227