  3.30563
  2.28144
  12.9495
  19.4873
  9.28057
  14.1186
   8.2194
   8.4429
  13.4082
 0.108016
  41.6266
  14.6849
  14.5099
  17.7565
  15.5099
  8.38642
   15.248
  14.0194
  16.6707
  14.2966
  6.09624
  20.8056
  24.1643
  41.5529
  33.0693
   16.058
  13.9989
  3.53054
  3.07918
 0.515195
  7.09375
   6.8404
  16.2039
  14.6791
  3.86125
  6.66005
  2.22627
  11.8474
  10.8579
   12.253
  11.5345
  1.29589
  8.48471
  13.5916
  14.6144
  35.2816
  43.7532
  42.2759
  40.0332
  21.4649
  5.51745
  3.69185
  8.00584
  10.6471
  5.44812
 0.225459
  1.84722
  27.2748
  6.81591
  9.95762
0.0502381
  7.54299
  11.5392
  19.0585
  10.9501
  7.79355
  8.21266
  5.07946
  3.23527
   1.4334
  5.82086
  6.65933
   9.1241
  1.92835
  10.6752
  18.1448
  5.93911
  23.4897
  27.0789
  14.1591
   22.086
  31.7973
  11.7944
  28.1305
  10.2666
  4.12406
  2.06429
  2.82211
  14.1288
   13.669
  14.0766
  15.4537
  7.18355
  9.46578
  16.0764
  14.9971
  14.7689
  10.8065
  10.7802
  18.0158
  21.2435
   22.374
  15.1416
  18.9189
  7.92289
  6.58315
  5.01505
  0.43934
  15.8875
  4.48872
  7.78522
  4.69096
  8.18441
  3.87636
  4.09311
  4.36357
 0.648361
  4.38436
  15.2219
  1.72194
  1.98962
  4.44238
  4.48058
  7.08706
  5.75099
  17.7585
  8.27383
  15.1342
  14.1289
  15.2659
  16.3693
  19.8941
  7.98458
  2.37077
  8.26464
   10.373
0.0410527
  11.8285
  6.05082
  9.86741
  34.5907
  25.7251
  10.8549
   12.058
  9.53483
  2.97787
  2.21171
  10.9013
  6.49434
  5.39908
  26.3364
 0.868919
  7.35586
  10.7188
  6.39294
  11.6841
  12.2754
  7.62697
  15.4631
   7.4507
  6.10121
  20.3773
  19.5033
   51.793
  18.3072
  4.08149
   1.4944
  28.9706
  14.9945
  10.6974
    9.599
  31.3379
  20.4677
  1.12167
  7.24377
  5.19715
  16.5724
  13.4798
  5.40847
   8.6011
  13.6462
  9.92838
   12.126
  27.2536
  23.3366
  26.4998
  35.0849
  24.6109
  6.50479
  13.7384
  7.24466
  15.1254
  2.52399
  5.23151
  10.2666
  10.0951
  4.84167
  10.6566
  12.6796
  13.3099
  5.81814
  5.59349
  6.39294
  4.69899
  12.6559
   5.4839
   8.5236
  2.08684
  2.05965
0.0144072
   3.9155
   1.5628
  1.36116
  27.6828
  49.3758
  10.1199
  34.7534
  11.0975
  5.29094
  13.4276
  4.64504
  25.9021
  26.4405
   9.5624
   2.4927
  12.0336
  31.7437
 0.433606
  3.94183
  7.26505
  12.1766
  15.4441
  17.3731
  3.76156
  5.19143
  3.19144
   12.454
  4.50226
  7.60996
  1.13867
  7.78575
 0.816448
  19.3298
  23.3913
  15.5792
  25.9544
  9.63875
  18.8275
  5.94716
  11.4172
  18.2758
  1.04464
  17.8278
  15.7613
  16.8663
  12.9795
  28.6163
  9.51118
  23.6139
   39.912
  13.4448
  5.82338
0.0635625
  13.3394
   11.571
0.0157122
  2.11324
   2.8246
  1.00571
 0.583055
  17.6004
  17.5195
  9.12395
  4.33353
  1.77823
  15.3356
  10.1633
  3.49586
  11.4449
   13.692
    10.31
  11.0592
  7.04108
  12.6766
   20.551
  10.5642
  12.1703
  26.0008
  8.60187
  20.3126
  5.06702
  9.16081
  5.38531
  3.98709
  2.67526
  9.52611
  4.81223
  8.02172
  6.09447
  3.25669
  11.9493
  13.3582
 0.938682
 0.637271
   30.568
  9.33541
  27.2362
  9.34953
  10.4237
  12.6145
  16.0404
  16.8063
  17.9992
  1.96931
  9.10167
   18.735
  37.5593
  45.9267
  11.9426
  4.68373
  6.65075
0.0808757
  5.75071
  14.5458
  4.06779
  13.8122
  13.0926
  21.5912
  27.6425
 0.889122
  2.21712
  30.0297
  6.98929
  23.1442
  6.17002
  4.18529
  1.40789
  11.1671
  3.00507
  17.0872
 0.889027
  14.7527
  5.02946
  7.46545
  2.04416
  11.4898
  12.8556
  14.2078
  2.01809
  1.96143
  7.98529
   8.9073
  8.68051
  14.4191
  4.05368
  5.07186
    14.87
  10.4778
  12.1478
 0.731662
  2.14814
  20.1679
  20.4389
  15.3608
 0.403319
   8.2496
  13.9351
  4.32457
  15.2836
  7.89079
  12.6491
  15.6911
  11.0052
  18.6237
  12.1619
  16.1642
  6.68229
  16.9148
  9.51518
  7.14191
 0.259009
  6.66057
  6.74745
  5.25716
  5.61492
  4.76475
  3.73337
  2.60794
  3.22099
  12.5907
   3.3227
  2.83758
  23.8536
  10.3109
  16.7143
  11.0126
  24.0402
  23.7426
   16.226
   25.494
  20.0509
  9.35889
  10.4867
  1.44898
  13.7427
  9.32564
  9.66692
  7.63818
  16.7323
 0.289895
0.0498941
   7.8772
  4.64659
  13.8972
  5.12377
  7.52705
  4.30523
  10.9878
  10.1107
  5.63159
  15.1754
  6.58123
  5.18426
  4.22341
  17.0899
  15.0745
  53.2991
  51.1851
 0.269956
  10.1608
  11.5447
  3.07154
   4.6556
  6.00624
 0.846809
  12.3816
  25.5065
  4.94357
  3.32748
  37.9044
  30.6101
  4.20056
  9.69207
  5.78342
  30.0913
  18.4013
  27.2976
   10.315
  27.2631
  6.54626
   13.778
  7.19678
  3.55294
  6.32083
  13.6976
  14.7294
  9.90008
   17.885
  4.66072
  2.31595
  22.1722
  9.44563
  23.4722
  5.82319
  6.33783
  5.92942
  2.15129
  8.06083
  1.38156
  5.32685
  2.53377
  17.9688
  5.00791
  16.5221
  19.6954
  15.1448
  14.0891
  27.6709
  23.4806
  2.29988
   8.4476
  11.0753
   6.4928
  15.4994
  9.35911
  6.51622
 0.981574
  13.5149
  4.87967
  10.7534
  1.68699
  4.49413
  8.02257
  20.5452
  20.5274
   26.887
  9.06364
  13.5181
  12.8698
  10.9329
  1.57121
  44.5313
  57.5573
  6.22585
  8.89667
 0.450955
0.0549533
  9.22635
   39.998
  46.6258
  12.3246
  27.5445
  7.74619
  5.08677
  4.16097
  17.7601
  17.0013
   9.7458
  15.1714
   13.882
  3.95628
  5.15987
  18.6428
  15.1744
  25.2734
  16.0768
  11.0164
  12.9721
  8.36287
  7.67667
  2.63187
  5.53789
  25.2349
    13.51
  3.14891
  22.1885
   8.8242
  4.16672
 0.826804
  28.4768
  24.4148
  30.8278
  19.9706
  6.58591
  14.2835
  4.57069
  15.0597
  6.24352
  7.31859
 0.922732
  1.25695
  14.9692
  27.1215
   1.9758
  6.52924
  37.8518
  8.16722
  15.7214
  1.65943
  17.6839
  7.42239
  16.9845
  5.10709
  6.11426
   9.5333
  15.8084
  4.92897
 0.290936
  5.20736
  14.1676
  5.03856
   8.3824
  3.75325
  9.53306
  31.9614
  12.3122
   9.3428
  35.2936
 0.380078
  7.67544
   12.076
  32.2467
  5.24066
  5.04014
  8.50685
  1.43825
  8.31009
  20.7571
  19.3636
  20.2367
  5.72771
  12.0303
   16.187
   6.1985
  3.91097
  4.29085
  3.29792
  3.70082
  19.5659
  4.27795
  18.5057
  9.00068
  11.6254
  16.7747
  18.3897
  11.7262
  46.6806
  17.0437
  26.0588
  3.42188
  21.0318
  20.2259
  3.17872
  3.83652
  25.3152
  11.2641
  28.0528
  27.8863
    2.547
  5.99137
  3.47878
  1.74913
  8.61677
  1.59363
  25.6509
   27.854
  1.97295
  5.59612
  12.6711
  7.06278
  7.61952
  14.9191
  1.04007
  8.35933
  14.6113
  9.48524
  15.1611
  7.55443
  13.3019
  7.48765
   3.8267
  9.10535
  27.2862
  3.22998
  12.3061
  11.8393
  15.3546
  7.48918
  11.2507
 0.107179
  3.68889
  14.7072
   10.974
  16.2576
  6.02052
  9.00788
  9.34564
  29.2761
  7.88121
  20.4461
  4.47104
  22.6204
  17.0893
  41.2472
   19.037
  14.8068
  10.5727
  13.0443
  8.68694
    11.15
  3.44698
  7.48802
  5.86737
  4.37441
  1.42539
  2.79677
  6.54289
  1.61597
  11.1987
  10.4354
  12.1525
  36.8795
  15.3334
  7.20173
  3.26237
  14.6319
  34.0986
  10.9043
  8.54646
  18.1959
  8.97182
  18.1667
  0.86986
  8.62948
  7.75383
  12.2322
  5.31476
  16.3958
  14.1052
  19.9151
    19.05
  26.8612
  44.3361
  13.9507
  16.7449
  7.60118
  8.36505
  17.7258
  4.33358
   12.415
  8.83716
  4.56603
  11.3124
     22.1
  4.00289
  15.3584
  2.91064
  60.2738
  19.2755
 0.721835
  13.4044
  17.7477
  12.1365
  29.1006
  30.3206
  3.49709
  10.6426
  13.4425
  8.17536
  26.3887
  5.10925
  13.6183
  4.77863
  17.3736
  5.52533
  13.4574
  24.1083
  24.2056
  17.3927
  20.3928
  1.21704
  3.72851
  15.2791
  9.87102
   6.4652
  3.17373
  10.2615
  19.7619
  17.7027
  42.1217
  20.1664
  3.05848
  3.75006
  19.5422
  8.87348
  1.53755
  6.34631
  13.7656
  18.4232
  6.78672
  10.9368
  24.1446
  5.30144
  23.6844
  23.6693
  26.0766
  25.9189
  19.5579
  29.2535
  3.19079
  4.53233
  26.2135
  13.4566
   1.9721
  18.8701
 0.261798
  9.06942
  4.99052
  6.51885
  5.25084
  1.45118
  50.9263
  19.3304
  12.4128
  20.3031
  28.0669
  14.0031
  9.32314
  8.21572
   8.1496
  8.63181
  9.49766
  14.3415
  1.92716
  7.82276
   15.303
  10.5325
  15.9958
  13.3726
  8.30489
  9.54393
   18.093
  17.4353
   12.301
  15.3696
  1.83054
  10.3532
  14.5922
  23.9566
  7.77569
  13.7062
   4.8783
  6.05049
  7.05876
  7.57432
  22.9041
  17.2772
  15.4286
  3.98567
  6.47294
  1.70043
  12.1201
  25.8303
  2.63211
  16.9592
  11.8456
  8.70701
  29.3048
  8.86525
  24.9053
  8.51021
  23.9914
  9.08552
  30.2858
  43.5005
  35.9559
 0.983453
  5.44136
  6.74608
  58.0862
  12.0142
  24.6012
  14.6211
  15.9432
  23.7377
  6.17237
   2.2918
  5.40103
  8.00447
  10.8172
  13.9669
  27.9292
  30.6711
  26.9174
   2.0756
  2.52013
  13.7627
  23.2395
  11.6915
  1.27033
  4.44997
  12.4189
  3.69078
  5.84232
  18.8049
  4.15696
  12.5873
  3.24087
  23.5371
  35.5668
    14.05
  18.6111
  10.8669
  19.6696
  12.7434
  13.5559
  16.2168
  26.1606
  29.1628
  17.1103
  9.28995
  5.61496
  18.3788
   19.022
  11.7507
  21.6921
  19.3588
  7.43412
     30.8
  18.6849
  7.35509
  27.2472
  23.4057
  18.9696
  12.2047
  6.69092
  18.0617
 0.469969
  8.40969
  8.04937
  7.45695
  13.1511
  12.9344
  1.19669
  19.6682
  14.1108
  3.40115
  14.3454
   12.281
  15.8502
  9.32493
  26.6064
  18.6051
  8.97008
  17.4819
  19.3741
 0.815889
  7.24572
  11.9228
  17.6299
   20.009
  20.5737
  9.10656
  10.2217
  12.4925
   17.718
  18.9708
  13.9507
  14.7438
  12.3821
  3.38159
  13.8234
  7.06279
  11.3589
  26.7842
  26.8024
  12.1643
   17.693
   26.842
  16.1907
  7.17467
  5.24188
  4.48238
  11.5237
  9.14864
  17.6072
 0.423908
 0.470313
  3.03709
   3.7747
  1.47057
 0.562139
  5.43321
  1.42382
  18.3728
  17.2522
  5.39363
 0.977325
  7.73436
  9.24844
  20.6477
  22.5331
  8.94474
  1.41188
  15.0595
  1.74254
  15.9061
  13.7379
   17.931
  53.3123
  24.8091
  16.7851
  14.0241
  14.0073
  10.3371
  3.18915
   14.954
  35.2687
   27.032
  31.6203
  2.81838
  18.1445
  23.0026
   8.3074
  18.7485
  4.19173
  2.65418
  6.03232
  16.4825
   13.623
  1.76011
  2.44737
  27.0137
   16.003
  28.9421
  17.2114
  25.2455
 0.999697
  26.6661
  10.5432
  14.5208
  12.7721
  3.05652
  13.1638
  6.87596
   10.904
 0.613185
  5.96099
  18.1002
  10.3897
  20.9387
  30.9678
  4.79713
  17.3129
  17.7205
  3.54501
   22.064
   8.3703
  23.7061
   33.155
  22.7749
  19.7619
  9.15423
  25.0041
   2.4562
  23.0342
  5.52864
  12.2583
  27.8288
  12.4634
  23.1904
  18.5055
  8.76401
  12.5997
  11.5665
   26.619
  3.00804
  11.0257
  14.5248
  15.8627
   7.0159
  1.55999
  4.00385
   6.4737
  1.09039
  3.24618
  2.97539
  4.50421
  15.4028
  5.41417
  6.90097
  22.9703
  6.38504
  4.67118
  5.48345
  7.51469
  9.68506
  16.8407
  15.8514
  9.82373
  16.8302
  9.48065
  12.5403
  3.85498
  7.97902
  9.92529
  17.8504
   19.994
  22.4124
  2.77039
  4.17532
  34.9176
   27.908
  19.2361
  18.8449
  14.1761
  11.3263
  24.2095
  23.4477
  19.5881
  2.92736
  14.1592
  25.2088
  13.0543
  16.2999
  21.9328
  25.7089
   16.185
  5.36457
   6.2681
  3.75943
 0.110588
  14.4695
  11.6709
  40.8474
  19.0567
  8.62099
  12.3262
  15.9476
   7.1724
  16.1975
  7.04946
  31.7857
  32.8505
  4.31864
  14.5306
  19.2243
  6.83213
  15.5343
  13.6152
  6.73372
 0.980874
  39.9029
  17.0754
  23.0748
   22.052
  3.83473
  29.1503
  18.9698
  19.6368
  20.5352
  28.6804
   7.3218
  7.63441
    3.625
  15.2538
  9.65808
  35.8064
  24.4905
  2.09252
  15.8743
  6.88496
  16.0315
  33.5231
  6.01703
  27.0862
  8.36514
  12.4657
  15.1911
  19.6076
   6.0304
  29.4227
  19.9617
  2.10124
   10.903
  7.78209
  23.8388
  20.5533
 0.573699
  25.5436
  27.6721
  4.56813
  7.72252
  20.3232
  10.3258
  3.20238
  21.1068
   24.737
  4.56548
  22.2775
    22.87
  22.5395
  31.8223
  24.8951
  25.5094
  5.36843
    33.15
   27.212
  24.5668
  1.82313
  31.6093
  23.0378
  31.5351
  3.39971
  19.5641
  20.3034
  14.7684
  44.4435
  12.2357
  24.1434
  3.62862
  17.1601
  12.1678
   14.396
  31.7611
  32.6818
  11.7552
  9.73163
  19.5485
  5.91479
  6.01858
  25.0267
  21.5026
  6.69115
  2.58838
  15.3661
  12.8645
  15.2441
  10.0202
 0.588933
  18.3338
  14.4603
  2.31801
  24.6154
  13.5867
  7.21436
   35.959
  4.55928
  1.87266
  9.84984
  12.4511
  14.1098
  9.06548
 0.120478
  16.7636
  6.61795
  17.4471
  5.72003
  21.4199
  3.65861
  41.1788
  17.9066
  31.9753
  4.00694
  7.17878
  6.02557
  2.53134
  6.33499
  9.68632
  17.3557
 0.115101
  1.89051
  1.79012
   13.454
  8.91184
  1.46749
  8.22072
  8.58697
  26.7425
  30.3858
  1.38772
  13.9938
   13.206
   10.984
  5.06852
  9.12712
  13.7539
  30.6542
  8.77905
  13.2713
  14.8934
0.0913873
  27.4142
  7.18093
  13.7713
  7.41252
  15.6692
  6.48019
   2.4939
  4.27671
  7.32623
  26.6874
  13.8055
  9.42852
  7.04536
  6.10802
  14.7018
  6.00331
   2.9595
  1.55058
   17.589
  15.2835
   10.197
  13.3618
  17.2314
  8.59331
   36.949
  26.8497
  7.21621
  28.5702
  1.20915
 0.993292
  0.51016
  13.1722
  10.8041
  9.16234
   1.5173
  7.09951
  6.92746
  28.2426
  19.7282
  11.9361
   4.1814
  2.67455
  33.9345
  4.54159
  12.7507
   6.3623
  5.13355
  0.15479
 0.675328
  4.79673
  23.9888
  2.94593
  12.6588
  16.7498
  16.0367
   2.4674
  7.99836
  1.53184
  5.23889
  24.3544
  5.25056
  8.24226
  5.88506
  15.6122
   16.475
  15.9304
  21.8417
  8.06338
  10.2376
  17.2089
 0.548472
  0.27809
  6.36232
  11.9594
  12.8394
  1.85604
  1.41465
 0.174774
  11.5699
  8.11405
  15.7321
 0.096216
  14.5846
  17.1094
  17.3085
 0.875153
  22.6722
  14.9215
  9.70915
   34.547
  18.9067
  29.0614
  6.22701
  27.6577
  17.2288
  35.3572
  11.9017
  2.56372
  7.01662
  15.7615
  47.8945
  18.5295
  6.23529
 0.507977
  14.2894
  9.56626
  3.66755
  1.21399
  29.5513
  3.25566
  4.30184
  44.3732
  19.8218
   4.7202
  30.2641
  13.8504
  6.11284
 0.984408
  4.28003
  3.36136
  25.4176
  4.70368
  24.3971
  7.92372
  6.73718
  8.73368
  2.69469
  7.91864
  11.4912
  12.8083
  24.8081
  15.9778
  13.8172
  4.45481
   9.2428
  16.3198
  2.75012
  4.33807
  6.10458
  15.8599
   8.6363
  6.02186
  1.50372
  1.33445
  12.4012
  1.40366
  21.1323
  3.36465
  1.60193
  15.4356
  1.59485
   9.9663
  19.3031
   20.108
  13.6717
  16.1259
    18.32
  14.8112
 0.760941
  5.83019
  10.7702
  13.5515
  1.54532
  4.37756
    10.91
  13.6502
  30.9466
  1.37097
  25.3578
  3.58812
 0.506306
  3.18413
  9.08528
  5.70379
 0.811436
   12.458
  14.3128
  2.78042
  2.22359
  3.68756
  14.2861
    1.951
  19.3775
  15.4394
  11.9899
  4.08211
  7.60948
  9.61583
  35.7573
  13.6474
  5.15311
  30.2372
  30.1124
  6.47653
  37.6677
  18.4851
  2.38443
  4.58864
  7.22663
  3.68548
  3.05138
  7.34801
  5.15326
  6.40829
  2.50773
  8.37597
  9.39112
  14.5939
  57.3091
  45.4203
  5.06019
  6.03135
  36.5716
  13.4966
  4.62817
  17.6514
  3.39198
  5.81094
  13.9946
  25.9129
  19.7772
   5.4488
  8.04631
  1.33904
 0.332216
  10.1685
   12.474
  2.10531
   42.603
  2.68646
  11.6701
  3.55577
  11.1176
  21.9189
  5.42274
  15.6607
  14.5654
  13.6635
  8.38773
  13.5222
  16.9457
  6.23868
  15.5624
  13.9573
  6.97988
  5.74103
   4.8864
  1.57178
  11.0556
  4.77295
  5.74402
  6.74039
  18.0891
  17.4724
  7.23658
  5.58247
  33.4672
  4.09319
   7.7667
  12.5378
  2.87737
  16.0456
  7.66277
  15.4092
  16.5868
  4.99723
   3.1561
 0.655895
  5.66391
  3.92983
  3.98749
  4.48805
  33.1922
  5.20825
  2.63192
  6.06913
   7.1364
   2.8099
  28.9259
  16.3837
  12.6189
  13.3718
  18.3456
  16.8927
   28.381
  16.5575
  7.38263
  9.21008
  24.1592
  25.2562
  29.7717
  23.8276
  14.9059
  14.0314
  34.7614
  16.9154
   3.6969
  5.65701
  32.8008
  3.05292
  10.7506
  8.62392
  8.90979
 0.615458
  11.1715
  22.0852
  15.5241
  8.01062
0.0435604
  35.8631
  26.8137
   19.839
  60.1045
  6.67459
  25.6877
  29.2902
  31.0059
  1.61473
  3.62076
  33.3062
  4.76998
  6.76596
  2.46577
   28.423
   11.425
  15.5617
  19.9953
  12.1761
   28.963
  19.5658
   19.839
  33.6287
  3.10138
  13.5932
  31.2487
  12.7493
  13.7175
  13.7403
 0.872141
  13.2199
  35.0708
  3.91696
   11.041
  8.55174
   14.925
  3.77278
  32.3762
  22.4912
  20.4968
  4.96629
  2.93348
  11.0018
   4.4005
  7.66901
  2.13029
  6.55142
  5.56543
  35.5853
  19.1168
  23.1525
  28.3181
  6.74604
  3.27138
  22.9665
  16.8398
  18.9017
  21.3273
  8.23343
  20.7827
   22.174
  3.90859
  26.9025
  33.9105
  6.90096
  1.60563
  6.52771
  6.21242
  14.7429
  22.6275
  7.99192
     5.38
  5.41357
  18.2543
  20.3457
  7.84428
  26.5151
  5.93304
  3.98244
  6.49956
  30.4141
  1.14699
  3.67246
  5.83382
  4.26877
  7.70829
  7.77308
  4.59629
  3.95499
   14.055
  4.45581
  26.4074
  8.70101
   27.776
  6.83829
  31.0269
  21.3678
  13.3262
  18.4639
  29.3438
  8.18655
  0.14086
  1.19392
  8.17185
  8.81377
  21.9299
  16.4505
  6.59834
  11.2376
  15.0054
  28.4412
  5.30659
  6.68037
  1.62196
  11.8335
  12.1573
  18.4074
  3.79209
  7.54736
    15.11
  20.7123
  30.4188
  6.99944
  19.6104
  16.9774
  5.09374
  12.5401
  19.2803
  6.94915
  9.97887
  10.0559
  11.4728
  15.4994
  22.1142
  17.6306
  26.1632
  3.67138
  18.0284
  8.70826
  5.56206
  29.8003
  20.5335
  16.0458
   14.024
  4.79675
   9.8152
  10.3893
  20.2486
  9.90853
  31.5888
  25.2671
  25.0322
  28.0687
   34.664
  2.27276
  24.0053
  5.66851
  19.1573
  33.8249
  3.89804
   19.839
  23.0635
  23.8917
  29.8614
  10.4049
  14.2145
  7.42892
  32.1509
  21.7043
   3.4409
 0.671964
  25.5924
  7.15727
 0.197095
  4.63824
  3.67899
   0.5652
  27.0956
  7.36825
  17.0206
   11.027
  16.8774
  32.6136
  9.58434
  3.69092
  6.32973
  19.2934
  17.3494
    11.69
  11.2146
  27.7888
     25.2
  1.91142
  8.19996
 0.642484
  9.59412
  22.7041
  28.0526
 0.641978
  4.37879