  76.9518
  65.5848
  74.9532
  67.1599
  20.2782
  46.5231
  68.0566
  74.4615
  40.8601
  26.2614
  53.7544
  83.0812
   39.032
  79.7679
  71.8871
  42.2447
  80.9725
  45.8491
  53.2055
    46.54
  81.6739
  28.4939
  58.7004
  47.2624
  40.1022
  43.6376
  47.2103
   58.284
  77.4314
  33.4428
  48.9537
   60.565
  69.0559
  50.7186
  77.6381
  70.2342
  34.6478
  35.2849
  23.5289
  33.8277
  35.2706
  7.30107
  14.9786
  62.2573
  66.1763
  42.0525
  49.8691
  37.0288
  79.7178
  9.51163
  53.4373
  67.7174
  54.3211
  25.7113
   28.457
  9.96938
   33.912
    31.17
  73.3384
  21.1898
  33.9013
  66.0478
  66.0106
  44.6755
  7.99441
  7.45218
   10.674
  23.3416
  24.3624
  30.1148
  32.3678
  16.3294
  15.4134
  32.3981
  1.59551
  38.9307
   25.909
  35.8849
  37.8012
  49.6223
  37.5615
   57.655
  71.9163
  13.0124
  34.5117
  69.8132
  53.1848
  50.3584
  34.5712
  54.0541
  29.0963
   54.718
  40.2182
 0.547274
  22.9171
  34.6318
  31.9111
  46.0827
  38.5149
  27.7004
  42.1043
  65.2898
  70.2992
  34.0299
  28.6611
  58.2516
  39.5827
  14.2552
  35.3447
  35.9327
  31.7713
  6.94287
  11.8203
   2.8816
  52.2344
  39.4418
  6.87766
   14.536
  2.42785
  46.0373
  55.4988
  57.4806
  68.3554
  39.4604
  16.6857
  7.10071
   34.532
  20.6571
  8.50643
  13.0009
  47.7162
   13.533
  14.1807
  24.3567
  33.5576
  21.8128
  27.2474
  27.2724
  5.70649
  26.8112
  50.5897
  2.42558
  3.20484
  12.2587
   10.303
  7.64195
    21.49
  29.6439
  46.5736
  17.8973
  41.8251
  61.1148
  53.5266
  17.3865
  21.5574
  28.1114
  41.0699
  34.3998
  28.2439
    40.22
 0.579501
  50.4644
  19.6372
  6.19534
 0.223833
  8.13694
  2.18414
  1.67211
  17.3992
  2.40347
  26.8708
  42.7931
  53.2879
  28.2521
  3.00082
  6.62535
  25.6278
   21.929
  24.3145
  3.67546
  5.92016
  26.0424
  23.6974
  8.62472
  5.64595
  26.0884
  33.0598
  25.3471
  35.2096
  18.9933
  40.9594
  25.6366
  19.0907
  2.88448
  12.9416
  9.62687
  2.46463
  52.3833
  47.2041
   61.559
  35.8282
  6.63951
  13.0358
  51.5109
  9.65264
  14.0183
  21.8916
  3.93118
  6.81442
  25.2959
  29.1408
  7.46675
  22.4932
  18.1405
  36.4094
  11.5087
  35.1312
  4.10551
   19.511
   8.4107
  13.5777
  27.0781
  42.0347
  30.7342
  60.3414
   77.007
  44.3158
  13.2575
  50.9356
  26.0511
  25.3722
  10.3197
  3.93043
  4.68694
  58.4266
  15.1971
  25.9713
  24.7914
  20.3585
    21.51
  10.5765
  21.1031
   6.5881
  34.9358
  15.3159
  4.76087
    5.936
  4.14674
  2.30105
  4.05237
  7.23025
  63.0982
  5.36391
  58.4254
  9.51293
  14.7245
  27.5826
  9.84875
  18.5725
  1.17361
  17.1375
  6.52207
  63.2461
  36.2227
  49.5824
  32.3724
  48.3316
  2.29443
  27.6924
  5.22611
  5.15661
  37.0416
   18.649
  5.16028
  3.67867
  13.1577
  63.9448
  49.4453
  42.8035
  51.0759
  21.5155
  32.0371
  6.22669
  35.4812
  18.8314
  29.8287
  5.50315
  12.3222
  13.2018
  39.0185
  19.9848
   5.8218
  49.6356
  2.93007
  18.0883
  31.8228
  3.28032
  20.4924
  1.26008
   31.573
  32.1938
  66.7061
  8.97158
 0.194132
  16.3365
  43.1428
   7.2477
  41.6508
  14.1673
  14.8453
  15.6815
  57.6585
 0.394414
  1.20109
  18.9359
  13.0761
  6.60938
  34.4956
  29.7584
  35.0501
  38.2116
  8.13536
  19.9917
   31.985
  3.62222
  5.23266
  12.9828
  17.3718
  8.06723
 0.630702
  12.9791
  1.99123
  6.89954
  15.5133
  11.8438
  7.30899
  6.31674
  3.13062
  66.0084
  61.5127
  63.7479
  55.8661
  13.7647
 0.930458
  9.22845
  7.87148
 0.216427
  23.7951
  7.91836
  21.5277
  18.5036
  70.6037
   4.9562
  4.80495
  6.58218
  10.3738
  7.22363
 0.340854
  53.2526
  9.11764
  1.49545
  29.3866
  3.90173
  4.91081
  1.41244
  8.44109
  30.2287
   22.059
  31.4178
  46.8549
  27.6521
  2.64286
  55.4803
   51.825
  11.4074
  8.76244
  48.8939
   6.7154
  15.4936
  10.6705
  5.44084
  72.4361
  3.81739
  3.01709
   32.231
  23.4744
  63.3448
  1.63525
   46.032
  26.0667
  30.4643
  47.2063
  10.7916
  48.9017
  12.3577
  14.6674
  35.7455
   32.945
  1.40732
  27.7952
   61.589
  4.08594
  12.7229
  6.82076
  16.6161
  32.0602
   71.639
  61.7143
  30.4479
  31.1438
  56.8782
  48.8482
  4.44974
  62.6435
  61.2993
  1.70575
  60.0256
  56.2743
  57.7403
  61.5911
  9.92475
  20.1892
  20.9745
  41.1462
  23.4732
   4.3327
  21.3975
  28.1992
   32.806
  3.49733
   41.577
  32.3779
 0.937976
   28.036
  11.0233
  60.2185
  21.3493
  32.5559
  2.85623
  30.5239
  50.3164
  5.67583
  32.9542
   54.534
  23.1168
  6.27112
  14.0337
  45.6751
  32.8056
   32.617
  21.9693
  38.7348
  20.0649
  23.0862
  6.94699
  16.3125
  4.67829
  34.1686
  4.23787
  28.9634
  4.54703
  26.9815
  22.3363
  27.4754
  74.0312
   3.9867
  11.5518
 0.269276
  5.79291
  12.2479
  9.57688
  13.3228
  3.84294
  166.072
  8.04307
   28.612
  20.7593
  15.5797
  2.61794
  13.0252
  12.5323
  36.8857
  18.6118
  9.92758
  29.5956
  28.5285
  5.83918
  3.39794
  13.3349
  5.45238
  1.95511
  25.7264
  7.44692
0.0672399
  2.04003
  18.0454
  40.2352
  7.24742
   3.8373
  16.2888
  11.8008
  31.1812
  21.1994
  18.6856
 0.563521
  4.17517
  3.32953
  40.4855
  2.09338
  31.4344
  44.0868
  5.69025
  1.26273
  10.4191
  50.6763
  32.1471
  46.4296
  21.5722
  53.8073
 0.995468
  1.53741
  10.9498
  36.8665
  20.8995
  7.71499
  13.8369
  7.26985
   14.226
  19.0894
   24.631
  42.7812
  35.2699
  29.3299
  45.6949
   35.838
  6.54013
  7.79567
  13.7652
  12.5307
  16.9358
  18.4907
  13.1827
  15.1344
  1.74559
  18.0632
  30.1365
  39.4746
  44.4268
  1.28488
  8.98608
    4.003
  30.1744
  5.75128
  26.6273
  33.7608
  10.7509
  11.9585
  37.2613
  50.7244
  3.13929
  46.0688
  32.0741
  29.2451
  4.04237
  10.4224
  10.3164
  0.12257
  8.23918
  12.7005
   11.424
  6.40816
  21.1942
  46.2702
  70.9896
  42.6445
  38.7651
  2.44152
  16.4507
  9.55907
  25.2016
  6.06589
  8.51573
  7.64038
  16.6648
  16.9172
  50.5051
  14.1394
  5.34363
  6.65186
  60.7526
  4.59542
  16.9307
  19.7416
  42.5123
  30.1451
  15.7479
  44.7702
  31.4688
  11.2374
  40.8134
  41.0396
  37.8534
  42.1107
  8.42579
  29.7725
  24.8556
  34.5956
  24.7846
  50.6769
  8.57283
  45.2485
  19.0649
  38.8445
  40.1282
   7.2484
  3.29523
  37.2464
  1.38384
 0.623269
   3.2314
  9.68069
  10.1322
  34.2449
  14.1145
  7.11239
  23.6383
  11.4739
  7.97723
  2.18446
  12.5416
  23.8526
  7.22982
  40.4447
  14.7583
   8.8562
  10.1078
  21.2733
 0.565956
  8.62731
  2.27936
   2.1946
  1.69021
   15.467
  10.7981
  5.12836
  9.73736
  1.79936
  64.3052
  6.25746
   20.897
  14.2361
  11.7593
   38.201
  9.98266
    6.543
  74.1117
  67.5574
  5.35327
  6.32655
  70.1832
  62.9703
  30.8305
  0.17225
0.0765046
0.0165445
  12.5307
  3.13205
  2.80635
  28.2748
  60.4592
  8.71782
   24.731
  6.91435
  2.84603
  65.0064
  2.64162
  3.90482
  4.01925
  3.36897
  60.0033
  53.6149
  8.26562
  17.7463
  3.88086
  5.93211
 0.967522
  1.18893
  162.595
  48.7262
  35.6867
  7.41023
  3.38246
  7.66569
  2.99269
   2.0268
  19.4351
  34.9695
  9.21229
  14.2456
  44.6343
  4.94715
  2.91982
  5.21602
   4.0492
   7.2039
  7.71981
  38.1435
  8.82976
  7.13628
   9.6183
  8.07959
 0.754662
  6.09293
 0.327916
  7.64647
  9.55636
  8.62731
  3.36985
  32.1752
  13.1843
  13.5149
  12.7892
  9.28493
  35.9087
  20.4648
  5.83026
  2.82387
  9.00054
  5.26771
   11.713
  16.2325
  45.0748
  4.03891