3.52174
3.90549
3.99678
4.26306
  4.266
4.43518
4.50836
4.65396
4.99768
5.05245
5.15674
5.36001
5.55915
5.67564
5.74914
5.75528
 6.0119
6.41597
6.90068
7.18042
7.40567
7.46159
7.69511
7.72414
8.16073
 8.4013
8.55045
8.58304
8.71322
8.85687
9.03742
9.15937
9.21855
9.29267
9.31917
 9.3574
9.48971
9.49582
9.57367
9.58084
9.63998
9.81518
9.91887
9.96235
10.0796
 10.276
10.5429
10.5712
 10.773
10.7981
10.8059
10.8293
10.8623
11.3377
11.4904
11.5096
11.5459
11.5907
11.6264
11.8785
12.1283
12.2254
12.2421
12.3181
12.7307
12.8719
12.9388
12.9661
13.0918
13.1038
13.4697
13.4852
13.5714
13.6104
13.9743
14.0517
14.0925
 14.111
14.1615
14.1918
14.2222
14.3465
14.3995
14.4522
14.4799
14.6601
 14.834
14.8446
14.9132
15.1503
 15.158
 15.169
15.2075
15.4357
16.2392
  16.27
16.2797
16.3093
16.3817
16.4606
 16.577
16.6587
16.9277
16.9788
17.1345
17.1765
17.7604
17.7693
17.7736
17.9357
18.0276
 18.084
18.4246
18.5181
18.7066
 18.829
18.9706
18.9912
19.2331
19.5877
19.8594
19.9633
19.9823
19.9899
20.2199
20.4415
20.5911
 20.835
21.0332
21.2521
21.2699
21.2702
21.3051
21.3264
21.3941
21.5101
21.6197
21.7102
21.8207
21.9135
21.9739
22.0192
 22.104
22.1397
22.3414
  22.45
22.5629
22.5713
22.6486
22.6954
23.1678
23.2059
23.3331
23.4383
23.4785
23.6174
23.7323
23.7683
23.8587
23.8767
23.9797
24.2965
24.3231
24.3822
24.4029
24.8169
24.9801
25.0835
25.0908
25.2013
25.2202
25.2344
25.5341
25.5574
25.6985
25.7556
25.7592
25.8417
25.8855
25.9047
25.9628
25.9754
26.2365
26.2869
26.4273
 26.638
26.7676
27.0388
27.0479
27.0738
27.1163
27.2739
27.2797
27.4778
27.5264
27.5659
27.7525
27.8491
27.9515
27.9945
28.1395
28.1503
28.3169
28.3565
28.4576
28.7044
28.8113
28.8437
29.0719
29.1416
29.1792
 29.203
29.2284
29.2532
29.2728
29.2943
29.3995
29.3998
29.4436
29.4441
29.4704
 29.671
29.7273
29.7835
29.7981
30.2778
30.3432
30.5526
30.5696
30.5851
30.8029
30.8442
30.9373
30.9998
31.0319
31.2935
31.3196
31.3719
31.4324
31.8135
  31.82
 31.843
32.3126
32.3798
32.5362
32.7597
32.8172
32.8831
32.9878
33.1658
33.1961
33.4861
33.6121
33.7428
33.9267
33.9421
33.9648
33.9925
34.2033
34.4134
34.4141
34.4247
34.7511
34.7743
34.8064
35.0318
35.0448
35.2241
35.2429
35.2575
35.2803
35.3618
 35.564
 35.652
35.6836
36.3811
36.5567
36.5763
36.5914
 36.727
36.8969
36.9736
37.1307
37.3747
37.5852
37.9905
38.0741
38.3279
38.7526
38.8488
38.9348
38.9959
39.0487
39.0854
39.5386
39.7199
39.7279
39.8957
 39.898
39.9118
39.9795
39.9906
40.4094
40.4745
40.5025
 40.524
40.6021
40.6976
 40.704
40.8069
40.8282
40.9178
41.0746
41.3457
41.3963
41.6365
41.7138
41.7992
42.1332
42.1993
42.2025
42.2919
42.4148
42.4379
42.4511
42.4965
42.6169
42.6266
42.8081
42.9137
43.2596
 43.264
43.3485
43.3762
43.4003
43.5273
43.8174
43.8706
43.9987
44.0456
 44.131
44.2586
44.5525
44.6725
44.7034
 45.076
45.0895
45.3299
 45.397
45.5668
45.6143
 45.647
 45.919
46.4782
46.5401
46.6736
46.8393
46.9473
46.9485
47.0012
47.0303
 47.077
47.1339
47.1409
47.2585
47.3083
47.4709
47.6744
47.8434
47.9776
48.1199
48.2747
48.3447
48.5005
 48.515
48.5633
48.5642
48.6921
49.2141
49.2911
49.3554
49.3948
49.4822
49.6256
49.7564
 49.791
49.7964
50.1871
50.2359
50.2862
50.7888
50.8549
50.8792
51.0706
51.0943
51.2184
51.2447
51.3858
51.4145
51.5106
51.5477
51.6878
52.0002
52.0188
52.1735
52.3445
52.3577
52.4218
52.9085
 52.972
53.0528
53.3371
53.3604
53.4007
53.4569
53.5765
53.5922
53.7065
53.8344
53.8679
53.8846
54.1363
54.1469
54.1691
54.2471
54.2651
54.2824
54.2928
54.3923
54.6891
54.8173
55.0197
55.0902
55.1102
55.2088
55.2626
 55.286
55.3517
55.3541
55.3763
55.4577
55.7737
55.8167
55.9097
55.9255
56.2011
56.2919
56.2996
56.3112
56.6661
56.7187
56.7362
56.8385
57.0074
57.3196
57.3704
57.3829
57.5194
57.5994
57.6356
58.0115
58.2036
58.2088
58.2655
58.4287
58.4495
58.7437
58.8731
58.9307
58.9464
59.0615
59.1029
59.4929
59.5152
59.6676
60.0468
60.0923
60.1435
60.4088
60.5666
60.5675
60.6102
60.7808
 60.977
61.0513
61.1509
61.2498
61.3336
61.3755
61.6061
62.0104
62.3671
62.3711
62.4505
62.5733
62.7192
62.7756
62.8004
62.9255
62.9766
 63.008
63.0958
63.1294
 63.309
 63.378
63.3938
63.4111
63.5331
63.6199
63.6428
63.6781
63.7792
63.8935
63.9748
64.2186
64.2885
64.7958
65.0168
65.2924
65.3235
65.7117
65.7901
65.8586
65.9646
66.0689
66.2057
66.3997
66.5859
66.5957
66.9493
67.0651
67.1371
67.1571
67.2361
67.2783
67.4552
67.5207
67.6691
67.6828
67.7538
67.8649
68.0798
 68.414
68.4747
68.5966
 68.895
69.3178
 69.523
69.5458
70.1966
 70.271
70.4919
70.6052
70.6319
70.6552
70.7486
 70.798
71.0455
71.2558
71.4963
71.8148
71.9237
71.9719
72.1058
72.1226
72.3337
72.3343
72.3621
72.4635
72.9151
73.1712
73.2785
73.3661
  73.44
73.6204
73.7229
73.8706
74.1913
74.3827
 75.074
75.2858
75.3267
75.4718
75.4991
75.6775
75.7068
75.8162
75.9088
75.9172
76.4436
76.4533
76.5306
76.5369
76.6093
76.6588
76.8528
76.8718
77.0991
77.3172
77.3455
77.6357
77.7089
77.8154
77.8232
78.1028
78.1409
78.1492
78.3735
78.4573
79.3937
79.5446
79.5903
79.7281
80.0962
80.1158
80.3343
80.6224
80.9637
81.6191
81.8215
81.9676
82.0072
82.0329
82.1024
82.2171
82.3073
82.8079
82.9734
83.1691
83.5784
83.7802
83.8958
84.0453
84.7164
84.7667
84.9093
 84.979
85.0792
85.1563
85.1958
85.3644
85.4441
85.5058
85.5672
85.5772
85.9839
86.4177
87.5543
87.8996
 87.921
 88.024
88.1021
 89.319
89.5117
89.8843
89.9273