42.6632
39.5591
52.6234
48.9051
47.1435
43.1552
41.0487
41.5492
41.4354
34.7397
33.5427
38.5577
41.5187
40.9376
 40.223
42.3672
42.7922
43.5133
40.6989
61.8299
54.2111
68.6662
68.4645
55.8175
13.8787
43.7264
8.97117
6.21003
73.0834
19.7942
49.2598
47.0981
42.3433
49.6931
14.2687
12.4814
44.7686
47.2183
 42.282
28.0325
42.9791
7.82704
15.1347
64.3479
64.9338
67.1721
65.3534
46.7057
50.8355
6.88513
24.8478
 49.419
46.9853
 46.079
65.0723
60.7251
 55.803
63.1185
72.9149
40.6799
38.1581
38.6975
39.5378
 38.954
42.6336
41.2797
40.8276
39.9986
  38.32
39.1532
41.3945
39.7177
34.6719
35.1655
34.8998
35.2217
 36.925
27.6278
30.6761
33.9122
 61.012
43.0396
43.9852
42.5345
41.8429
44.7742
 44.872
45.0473
41.1555
35.6744
37.4668
40.2141
 39.453
45.3521
43.4007
41.8732
41.0484
39.1444
41.3797
41.1926
46.6838
43.8959
 43.284
40.8583
40.8573
 41.445
40.1005
41.0679
61.5582
54.9755
47.9941
43.8999
44.7329
46.6514
44.9559
  45.56
56.4097
58.3242
61.6064
 42.091
40.9293
40.9221
 37.551
47.1918
40.9052
44.5046
40.7849
34.6865
32.7298
34.6645
36.9219
35.4714
 40.319
45.8036
36.0141
30.2897
26.1858
 33.893
 27.017
29.1269
32.9839
31.9479
43.5337
 37.748
53.3979
43.0648
38.8626
40.1848
41.2759
43.3934
40.6722
62.4806
61.5858
46.3094
56.2862
65.7887
28.5482
32.4136
37.1026
26.3299
9.68207
43.8979
47.1678
5.74433
40.0419
 36.944
 26.378
16.4107
65.8213
62.2253
 79.032
42.8957
29.3115
30.6523
5.97114
51.2916
56.4589
55.9224
 29.605
42.1977
 40.162
42.5924
 29.415
 30.759
32.0367
45.5507
39.6899
 42.337
33.6183
  32.47
44.9072
43.2868
 35.936
35.4339
35.5625
40.9408
 38.439
37.3246
37.6002
40.1324
5.10135
21.5275
22.6142
28.1907
14.5133
35.8928
23.2642
18.0523
42.6633
44.8002
51.1923
22.8198
73.6902
 64.817
65.2254
87.9669
52.5909
28.3602
31.0572
 61.939
54.5873
 43.426
63.9216
41.0962
43.3267
60.6252
24.9922
40.0185
39.6324
38.1797
38.6564
40.5333
39.0968
40.7503
40.6968
39.7993
 43.076
43.7797
38.9288
38.6886
 38.812
39.9175
37.4016
37.5199
34.7888
35.6862
33.6289
35.7765
35.8998
45.5509
68.9152
39.9702
44.2072
45.1316
69.3582
36.2325
46.5321
43.3283
43.3369
42.6027
40.1005
41.0666
57.4357
58.0352
49.2841
47.5174
42.8496
47.6331
53.3772
 52.896
54.8149
54.0737
41.0215
43.5231
43.0819
42.2236
 42.118
42.0296
39.6374
40.6054
39.8804
48.1143
41.4161
40.2378
44.7912
42.5355
38.3573
39.4365
41.8353
55.0968
46.3969
56.2113
32.3692
32.9697
37.0127
34.3587
36.1972
 36.091
35.3816
39.3092
39.6689
39.8074
 43.032
40.2258
39.5109
41.3078
43.5453
39.8363
40.3115
43.6396
38.6471
 27.784
45.3532
48.5195
64.5853
 66.211
68.4646
51.0343
45.9402
55.9176
35.5952
63.9148
31.5591
66.3843
63.5968
43.8984
83.3896
25.7808
 38.588
56.8682
34.1209
46.3637
59.8129
7.68063
21.2721
11.6747
10.8129
10.7721
53.9725
83.8652
9.76972
42.1371
40.1617
35.1117
37.4351
48.1499
36.1445
51.2196
40.1118
41.6886
63.6197
52.9569
40.0434
40.8734
36.4022
42.7197
42.6654
35.9139
35.5059
 53.624
62.3033
11.6108
38.7708
 11.755
60.6406
22.3527
27.3379
47.0477
47.0134
29.6244
53.2346
61.8206
49.6604
43.0285
39.3557
38.7831
  38.54
 40.669
40.4619
41.3243
41.9901
38.5103
39.0882
40.3279
39.0732
 37.425
 34.242
34.9549
31.3644
 63.007
43.1861
44.8086
42.7815
43.7881
41.7593
45.1088
41.3069
43.3749
  41.33
41.4838
41.0576
 42.339
42.0173
43.6014
65.5393
59.7421
59.1974
55.3741
55.2806
46.3679
46.4969
45.6462
58.7885
64.3023
42.9461
41.4624
42.1448
42.2354
46.6421
40.6115
39.8806
39.6858
44.4264
40.4824
44.6627
42.5418
40.6259
 42.015
61.9328
34.8228
 37.518
32.7647
31.8538
26.8281
 35.436
34.7697
34.2093
35.7515
37.2286
 33.639
34.1862
39.6528
43.7497
44.0015
43.4312
43.6355
41.9123
38.1919
38.0206
41.3813
47.2905
66.2897
86.5441
43.5823
66.2168
49.9919
61.8764
53.9115
61.0461
36.4205
58.0497
 62.566
26.0114
47.4462
21.0267
24.1787
 50.598
19.1947
55.0252
53.9702
58.8943
42.5683
28.2519
 39.534
29.2215
67.5335
69.2804
47.9785
39.7252
40.8036
40.9294
52.9705
56.3067
 39.686
58.0799
41.7728
44.8628
50.2068
51.4466
41.3759
47.1936
46.5034
41.2873
 48.789
38.7924
41.3317
 43.384
40.4138
61.9072
 62.298
37.7131
37.2453
32.5325
36.1552
40.3453
40.6849
38.4328
38.2097
41.3424
55.6823
63.4239
66.2111
51.4521
65.1666
54.9379
56.5306
65.9926
64.7413
47.3804
64.5486
61.1804
35.8605
61.7914
28.6304
42.1426
42.3281
39.1475
39.4319
32.9405
36.9242
37.9711
34.6635
28.6452
56.5046
40.7882
41.0149
40.6073
43.8117
53.1599
51.6785
68.1705
56.1296
49.2562