   51.1853
   41.0523
   48.6736
    50.415
   42.6692
   42.6554
   13.6669
   6.08276
   94.5402
   6.38207
   45.0702
   53.6456
   44.4233
    16.459
    46.901
   52.3887
     45.98
    53.381
    53.782
   43.1146
   18.8082
   25.5933
    19.908
   102.239
   99.6711
    103.78
   25.3909
   18.2617
   22.8533
    36.314
   21.8247
   49.0032
   29.9682
   94.2668
   94.9924
   24.4099
    44.689
   44.6654
   36.5105
   50.7091
   53.5146
   47.3018
    10.874
   35.0568
   37.3385
   39.5554
   34.1482
   43.3704
   96.7354
   51.5227
   50.5239
   48.7684
   92.8338
   59.7126
    29.707
   42.4291
   44.1087
   45.1017
   47.5205
   16.1187
   53.2469
   35.7133
   54.8019
   24.1066
   19.8678
   34.9042
   36.1818
   20.0547
   18.7094
   24.3612
   42.5377
   11.3582
   59.3961
   18.1018
   27.8885
   88.6134
   27.1237
   48.3505
   8.17728
    25.994
   22.3828
   50.7159
    30.861
   16.9783
    38.608
    45.572
   95.5102
   46.4927
   51.5054
   25.5254
   55.3526
   53.9694
   44.8658
   8.66847
   6.74942
   48.8213
   47.4907
    53.052
   48.8025
   50.5496
   43.6893
   44.9451
    52.241
   39.9744
   42.5316
   39.3715
   35.1563
   7.37416
   62.8096
   99.0266
   46.2384
   11.9662
   49.2907
    24.345
    33.336
   33.7871
   24.7764
   101.639
   11.3238
   14.1307
   56.0485
   51.0679
   44.0453
   38.4777
   27.1278
   22.4093
   101.691
   106.617
   54.1639
   53.6926
   46.1158
   50.0874
   23.9113
   13.6997
   12.2846
   43.7431
   35.1993
   32.4188
   42.4685
   49.8213
   53.3609
   8.54263
   19.7974
   40.8208
   17.2234
   27.5994
   23.0618
   22.6405
   24.6751
    33.375
   103.822
   99.1354
   7.46309
   8.98735
   39.2528
   36.5205
   8.89954
   20.2802
    48.121
   55.4722
   56.5114
   17.7734
   15.8836
   11.7693
   5.07711
   34.0368
   44.9305
   53.8017
   51.7044
   34.7917
   96.2091
    48.627
   55.6944
   21.6475
   22.7217
   103.719
   101.522
   101.691
   5.94498
   11.8459
   10.3189
   43.9623
   42.8568
   42.4007
   33.3746
   44.4921
   39.4558
   31.6351
   30.0289
   48.4718
   37.2349
   28.7665
   26.8881
    16.323
   32.4594
    29.554
   48.6168
   38.6757
   21.7681
   34.8373
   41.5488
   39.1613
   19.6385
   40.5625
   52.1931
   40.4385
   38.0304
   34.0023
   33.4475
    42.474
    29.495
    36.262
   44.1535
    35.462
    36.652
   42.1949
    35.993
   37.8546
   43.3595
   36.3196
   37.3369
   28.6091
   38.1018
   36.5816
   38.5985
   37.1846
   41.2458
   45.7335
   46.4808
   29.0055
   35.5199
    35.272
   47.2207
   50.8712
   49.1408
   46.9674
   37.6011
   52.7856
   49.4918
   36.0086
   45.5844
   36.4267
   34.6404
   36.2433
   36.2882
   25.3832
   38.4289
   46.6172
   41.0136
   22.4217
   34.7515
   42.5224
   39.3253
   45.4768
   38.3062
   54.6202
   42.4608
    39.517
   45.0785
   47.5585
   42.3341
   48.8688
     44.46
   51.6643
   38.6147
   36.3371
   40.7799
   44.5134
   35.3292
   41.4106
   5.05495
  0.326173
  0.816844
   8.69442
   44.6544
   42.1769
   35.2189
   43.7075
   36.8871
   32.1965
   51.8132
   37.2393
   15.1149
   38.1876
   33.6862
   38.8895
   33.5539
   40.2782
   19.5274
   35.6177
   36.6821
   32.4095
   37.0922
   47.3803
   40.5802
   30.3732
   42.8955
   42.4713
   29.6437
   42.0735
   37.9588
    23.092
   33.9653
   28.5669
   39.3974
   41.1486
   44.2548
   36.5877
   48.1253
   44.6934
   39.0849
   39.5646
   38.8763
   22.0063
   19.6675
   47.6947
   27.1446
   45.5095
   27.0722
   51.3386
   50.2264
   32.4812
   38.7993
   46.6303
   36.9662
   45.3781
   38.1207
    35.065
   47.7228
   41.3419
   26.9041
   27.2322
   29.2568
   45.8811
   47.1055
   20.4857
   44.1134
   40.8545
   41.4516
   39.3434
   38.3068
   14.0142
   18.6817
    35.808
   41.4759
    39.709
   36.8949
   52.7747
   33.3143
   19.4831
   19.5226
   15.8022
   19.4712
   17.9116
   24.4108
   20.2262
   21.8781
   36.1502
   50.2734
   24.1198
   19.4833
   34.8812
   48.1337
   28.8165
   20.6291
   21.1221
   49.5563
   17.7239
   55.4855
   41.3228
   25.1161
   24.4243
   22.2322
   22.1745
   21.8965
    45.747
   32.2254
   20.6123
   31.1092
   20.7948
   32.5334
   44.5274
   44.0947
   50.8196
   24.5264
   22.0125
     34.94
   32.0222
   31.5288
   18.7345
    20.361
   35.7616
   39.7964
    35.477
   44.6927
   28.7435
   54.2747
   30.6678
   22.1907
   19.3332
    47.439
   19.1297
   27.3022
   35.8179
   44.8161
   28.5778
   41.9903
   40.8226
   34.3824
   36.6054
   39.3259
   17.9386
    36.234
   35.6382
   40.3155
   21.7181
   22.2498
   29.9574
   40.5565
    20.614
   89.4202
   24.1959
   28.3698
   38.4185
   4.16888
   49.6467
   6.38564
   7.40491
   1.63055
   5.60612
   8.17369
   7.29332
   8.53763
   46.4763
   39.5489
   45.1813
    44.075
   1.77338
   2.49761
   25.3651
   48.0994
   39.5219
   6.46841
   40.0436
   39.2643
    4.5721
   9.64439
   8.50591
   16.1179
  0.609411
    6.3235
   9.33023
   10.4134
   47.2601
   33.2041
   40.4671
   41.4979
   7.36989
 0.0389924
  0.567639
   3.01031
   9.28327
   9.87673
   7.07104
   35.2058
   50.6098
   11.9618
   4.48038
   3.17487
   12.8402
   2.61819
   4.48038
   45.2262
   18.1408
   44.4459
   34.7756
   40.4949
   3.89217
   9.49541
   9.85181
   16.3989
    23.059
   38.9468
  0.133757
   2.55149
   2.67417
   9.09093
    8.9945
    4.3253
   8.66242
   9.39419
   3.07368
   4.99716
    7.2558
   3.05374
   4.41514
   95.7058
   2.56728
  0.357252
   9.28808
     11.24
   25.0207
   35.5376
   19.8983
   33.1742
   2.81115
   8.98866
   6.98149
  0.927558
   5.12115
   2.51233
   11.3419
   17.4454
   13.2273
   11.5817
   2.87577
    15.023
   13.5011
   14.7064
   14.6601
   3.66537
   1.49473
   9.91003
   7.18259
   19.9034
   100.005
   2.23713
   16.7849
   35.6627
   42.0579
   11.2113
   40.4643
    2.2278
   1.73713
  0.156738
   10.9981
   2.24594
  0.770898
   2.24594
   1.65879
   6.55366
   11.0681
   10.0247
   7.88201
   3.77665
   3.96988
   1.19601
   29.5054
   11.5072
   43.8684
   34.8755
  0.157285
   5.91498
    1.2583
   1.16479
    3.4972
   10.4199
  0.945156
  0.875561
   1.24299
   7.42499
   2.90528
   18.6138
   6.02231
   5.39114
   1.20564
   2.37598
   6.54088
   14.3713
   5.79173
   8.10593
   4.86723
    1.8463
    1.8668
   2.11743
   5.75352
  0.707377
   5.86554
   8.47258
   2.73853
   17.5831
   12.2105
   9.63135
   10.2341
   2.40004
   4.82187
   2.70153
   9.74872
   2.84549
   3.24798
   1.61812
   3.05439
   4.53864
   4.97775
   8.08197
  0.475852
   4.67812
   9.20235
   5.28896
  0.190968
   18.6893
   9.59911
   7.73104
   5.99338
   6.45924
   2.18027
   2.25049
   8.33955
   8.31246
   7.18389
  0.161067
   2.00666
   2.23071
   3.29564
   5.48375
   8.34723
    3.0589
   2.19267
   1.51173
   1.51548
   1.84827
   4.74378
   3.46372
  0.619896
   9.38881
   2.85688
   38.6404
    44.932
   0.91607
     3.851
   2.52549
    3.7961
   1.45563
   1.23117
   2.59315
   3.12656
   1.86372
   2.51049
  0.674733
   1.14995
   1.32745
   95.7583
   4.70333
   5.63464
   8.04559
   1.81436
  0.481733
   10.2603
   0.40861
    2.8681
   3.01689
   1.96628
      4.83
   9.79522
    3.6408
   6.32148
   6.47293
   7.79703
   6.48958
   6.35861
    6.6814
   8.37305
   9.05655
   6.90146
 0.0105267
   5.31977
   9.57642
   11.2821
   13.4815
   4.88507
   12.0474
   44.5584
   22.6719
   2.30459
   6.10294
   3.60822
    7.9469
  0.253933
   9.04252
   7.84705
   10.3119
   21.3491
   6.47024
   50.3097
   17.0402
   1.52187
   10.1616
   5.34458
   4.94807
   10.8064
   9.97725
   5.83457
    4.7596
   0.24309
   10.8321
   10.6889
   5.62574
   1.26695
   3.57792
  0.105984
   1.42233
   3.17041
   2.95614
   4.40372
   2.16331
   2.19155
   1.79144
   3.02094
   4.37391
   35.4885
   1.49824
   4.97669
   9.69674
   7.92068
   1.67804
   42.7945
   16.4344
   3.91467
   2.95531
   11.5767
   10.3061
   7.74959
     7.074
   4.28052
  0.766338
   6.92939
    1.4853
   1.31482
     12.19
    7.4397
  0.486198
   1.88411
   24.0838
    33.663
   1.92733
   1.33147
   2.52871
   2.24581
   8.50914
    3.4663
   3.16196
   1.99029
   3.57661
   1.07886
     11.24
   18.7831
   3.40501
   8.76062
   7.16513
  0.514805
  0.587629
   2.47515
   4.79152
   6.82357
   8.67152
 0.0709568
   7.82351
    10.025
   4.82565
   9.90599
   8.02642
   10.4119
   1.81102
   2.46406
   3.08866
   1.89336
   3.69362
   3.94246
   6.37403
   5.13508
    5.6326
   5.71878
   1.85542
  0.361713
 0.0672243
  0.833655
  0.328488
   8.47107
   6.68195
    9.8654
   10.6616
   1.06412
   1.53112
   1.89849
  0.542568
   9.19417
   7.12904
   5.09725
   15.3135
   2.12693
   1.54361
   10.0307
   9.95636
   6.15158
   6.19809
   4.76683
   1.77934
   2.76132
  0.626613
    1.0357
   4.35545
   8.57277
   5.28956
0.00949285
   3.06821
   2.02527
  0.943871
   0.20067
   4.31903
   8.45066
   5.58896
   6.91135
   2.41822
    5.5842
   10.5374
   9.30854
   1.45348
   1.51443
   6.76298
    0.4245
   7.88857
  0.367356
   3.19636
   8.90992
   5.63326
   9.50024
   7.71506
   7.49275
    7.2992
   1.23392
   10.6382
   9.63831
   8.27521
   10.9142
   6.84375
   7.36656
   5.04305
   8.01525
   5.71162
   5.63184
   5.82867
   1.00038
   6.20497
   2.95367
   7.19811
   2.48814
   6.76866
   7.22964
   6.39999
   5.03542
   5.56523
   19.1675
   45.9266
   8.30146
   1.48935
   4.79302
   7.64916
   3.21627
   2.39216
  0.813252
   2.28206
   2.36452
   7.04011
  0.991312
   7.87279
   2.32038
   4.70365
   7.20672
   4.38476
   4.66446
   8.76097
   2.49797
   12.1444
   8.66421
   4.94483
   4.14361
   2.50541
 0.0692912
   13.1181
   13.7493
     1.714
   1.85485
   3.84379
   6.83791
   19.8618
   1.84407
   12.6137
   11.0204
  0.650565
   5.36726
   9.78626
   2.04398
   1.44399
   9.99167
   20.8428
   4.00306
    5.6055
  0.994759
   4.43729
   1.90522
   6.65391
   1.33261
   2.11739
   1.03298
   1.34874
   16.3255
   16.9715
   25.6927
   0.51274
   13.0972
   14.2111
   13.9633
   2.03574
   17.4596
   4.91068
  0.717136
   2.53295
   2.15715
   2.28614
  0.671863
   1.11752
   8.51774
   5.22682
   5.55858
 0.0883156
   10.2318
   5.53836
   7.28178
   2.56707
   10.2933
  0.806874
   6.73833
   10.8267
   2.15262
    3.0423
   10.7455
   12.7323
   17.3221
   17.2902
   3.82035
    1.8583
   13.9717
   16.4783
   26.1935
   13.3463
  0.990201
   14.3886
    16.556
   5.43224
   8.22911
     9.067