  17.1052
   24.303
 0.547629
  1.18987
  5.36567
 0.146138
  4.53855
  18.8304
  12.9246
  12.0791
  12.7268
  21.5981
  16.4119
  20.7794
  23.6218
  25.1414
  15.1453
  17.1421
  17.7085
   19.534
  28.7034
  28.3294
  16.6027
  17.2048
   20.206
  23.5463
  20.3226
  4.30871
  7.95843
  18.1096
  16.4684
  2.58175
   25.401
   25.184
   14.563
     4.56
  12.6644
  14.7341
  2.81619
  13.5356
  15.3957
   28.035
  6.93426
  5.74278
  2.30803
  21.3436
  9.62624
  16.1283
  11.2369
  5.04095
  1.54509
  6.97206
  9.99961
  4.25831
  1.10188
  0.85047
  4.78562
   10.687
  4.66641
  9.25836
  11.4543
  12.2349
  11.5789
  36.2802
  26.6939
  13.4088
  16.5665
  4.78827
  14.7831
  21.5052
  9.88334
  30.4425
  9.89856
  26.7525
  1.22807
 0.174936
  8.24786
  14.4343
  19.2032
  12.9804
  3.36237
  11.6831
  11.4896
  12.9676
  11.5932
  12.8171
 0.723237
  0.66787
  11.9932
  6.14101
  3.07002
  4.69647
   15.035
  19.6332
  25.6613
  24.9667
  21.6577
  23.7341
  12.3725
  12.2573
  10.8133
  31.4223
  12.0398
  14.8752
  18.0104
  20.1078
  33.9491
  31.4588
  5.13685
  12.4214
  7.23322
  4.48824
  8.59364
  4.42482
  5.22584
  14.9436
  14.1009
  23.9814
  3.14195
   14.081
  14.7536
  13.9824
  15.4871
   19.082
  3.86231
  6.71171
  8.25922
  22.2072
  5.66189
  4.99894
  2.71354
  5.21693
  2.78578
  14.3379
  22.3808
   1.8373
  25.8667
  26.4224
  18.5755
  7.02595
  19.2179
   25.957
  25.3098
  15.8006
  19.7857
  9.69783
   30.576
  7.63203
  25.9518
  7.98248
  12.8061
  17.2958
  19.7366
  11.4966
  32.9148
  22.9769
  25.0757
  7.43998
   1.1097
  13.6498
  8.87026
  2.12834
  5.87755
  27.0549
  20.5837
  10.7041
  15.0353
  5.55827
  0.27985
  18.2969
    8.127
  2.23447
  5.16504
  13.4778
  3.67915
  6.46805
  9.23104
  2.82573
  21.8999
  18.2334
  29.3939
  2.81161
  5.63318
 0.938828
  6.99948
  4.74641
  2.34346
  28.9926
  26.4795
  31.3295
  13.0149
  16.7897
  21.9355
  20.6675
  16.9083
  17.6562
   17.092
  15.8039
  10.7788
  17.8165
  21.3847
   10.466
  28.9971
  4.81955
   9.9834
  30.0186
  21.6316
  5.83837
  1.77341
   3.3942
  15.7083
  22.1708
  7.37898
  13.6077
  21.9293
   5.6959
   3.7124
 0.119553
  4.81796
  2.91797
 0.332793
  8.66631
  31.1364
  21.1146
  28.7589
  19.8034
  19.7254
  25.4858
  18.4885
  17.8425
   19.242
 0.899773
  28.6046
  9.28621
   9.2446
  5.98299
  8.41555
 0.893467
  13.3533
  32.3835
   20.236
  12.1748
  13.6243
  11.6245
  40.6381
   1.8335
  1.87701
   5.0882
  15.8829
  20.8871
  3.90944
  26.5823
  17.8209
  29.4312
  16.6943
  2.03156
  20.6111
  2.39862
  4.32894
  30.0019
  21.6658
  4.28529
  20.1913
  33.4257
  14.6092
  14.6265
  11.7884
   28.929
   5.0237
  25.1748
   7.0841
  14.3579
 0.739653
  30.6601
  28.7667
  31.4403
  13.6621
  33.2722
  4.61733
  2.30587
  3.71953
  3.21087
  27.0204
  9.52063
   7.5448
  35.2392
  11.9583
  14.2903
  1.88037
  28.7726
  5.42226
  15.9087
  3.21269
 0.801462
  27.7274
  14.3273
  18.6575
  3.12158
  4.72355
  4.20161
  15.6704
  5.13101
  10.8181
  21.6096
  18.0008
  29.2765
  15.3112
  7.00887
  11.7538
  1.42851
  33.8957
  15.1784
  9.02779
  19.5755
  12.1015
   33.657
  29.3108
  6.94918
  7.98407
  1.75868
 0.402798
  11.8435
  40.9643
  28.3073
  38.9284
   30.263
  13.2601
  20.5293
  14.2872
  2.58987
  14.2363
   24.113
  5.84623
  1.68474
  18.8636
  2.22838
   17.914
  5.86936
  12.3913
   15.424
  4.82177
  21.7305
  11.5916
  34.5527
  13.3394
  6.39127
  16.8806
  8.12263
  3.49173
  4.24878
  8.17505
  2.38287
  8.79471
  8.44247
  10.1628
  14.8397
  8.79804
  9.60449
  10.5745
  14.0892
   8.9591
  33.2728
  6.45662
  2.85199
  3.02196
  22.8095
  37.3742
   36.554
  40.7223
   9.2622
  4.17586
  8.31306
  27.0522
  12.9218
  4.51437
  10.0469
  8.10352
  4.54436
 0.213329
  14.0729
  2.20492
  21.8309
 0.715539
  1.41386
  19.8148
  2.41388
  1.01435
  4.63079
  2.42713
  7.81422
   17.669
  23.2391
  35.9188
  25.7306
  3.73673
 0.749405
   13.192
  0.82407
  18.0108
 0.880062
 0.811102
  4.65399
  14.8381
  6.48593
  16.8123
  7.64923
  29.9319
  26.4956
  8.40468
  13.8281
  5.37082
  7.47354
  3.70649
  9.67659
  8.17086
  14.4334
   1.9704
  11.6061
  14.0376
  23.7438
  6.52619
  11.1977
  22.0642
  13.3001
  15.7679
  3.22725
  7.24786
   10.577
  13.8231
  22.8327
  19.0381
  5.56573
 0.478703
  7.38532
  9.84725
  3.25287
  13.9466
  31.6466
  12.0483
  2.39053
  20.6735
  20.1148
  29.8783
  7.63919
  7.06426
 0.741772
  14.3478
   5.2395
  4.72046
  10.6063
  9.63268
  1.60893
 0.241743
  18.1808
  15.9355
  10.9064
  3.33474
  4.34532
   3.7489
 0.901925
  0.23232
  14.3218
 0.646292
  19.3299
  40.3805
   29.616
  1.23447
  5.51252
  5.74396
  29.9919
  12.0623
  2.39914
 0.345611
  14.0027
  23.6743
  3.47408
  7.40872
  1.95604
  5.89779
  2.02598
   29.731
  2.27393
  18.6194
  7.59089
  15.8139
  2.97266
  17.7324
  7.97345
  9.65839
  14.9956
  24.4155
  15.8759
  10.1485
  7.24418
  18.8632
  0.36834
  11.8554
  9.15905
   7.4054
  8.41795
  13.7199
  11.8436
  2.18219
  6.79245
  33.2899
  10.0973
   15.451
  17.9957
  8.23329
  13.9054
  24.2621
  8.80606
   2.2635
  24.6028
  16.4259
  31.0824
  7.72718
  17.5056
  13.0555
  13.3417
  5.68346
  4.96755
  14.8609
 0.479217
  14.0175
  16.8123
  30.7363
  6.14631
  1.85189
  4.02238
   1.5698
  14.2594
  19.3513
  6.27223
  18.5526
  15.0775
  3.99075
  4.47202
  10.0752
   6.9637
  7.40659
  17.6217
  2.18751
  7.57975
  4.39108
  7.65887
  2.70775
  3.18103
  20.5285
  13.1379
  29.4551
    21.67
  18.5428
  23.8802
  3.00333
   6.4281
   4.3708
  15.6733
  8.34064
  13.5211
  17.9689
    8.221
  10.5161
  2.49465
   7.9031
  15.6782
  2.48638
  15.7298
  4.98836
  17.0401
  2.21232
0.0159164
  2.74212
   24.376
  23.6859
  21.6363
  14.2017
  8.79393
  5.44766
  2.85085
  10.6519
  36.4395
  1.61494
  22.5302
  19.6906
 0.366343
  13.9346
  1.93361
  9.47082
  4.42936
  1.77572
  3.44233
  5.56625
   1.4783
 0.627704
    9.047
    2.989
  11.8771
  1.62904
  24.4818
  18.5804
  12.9879
  1.34005
  26.5164
  25.6192
  3.51046
  15.4629
  14.1353
  5.17242
  5.32292
  4.31432
  31.8073
  4.07587
  18.9477
   9.9906
  3.94457
  23.2953
   1.7783
  15.7498
  11.4608
    28.71
   27.883
  5.49149
  3.07039
  20.6662
  28.7026
  20.2496
  19.5816
  11.4958
  26.4787
  4.08185
  13.5995
  10.4706
  34.0383
  42.5912
  45.9321
  7.17047
  2.96094
  14.5089
  5.28684
  29.7588
  1.12104
  3.17473
  4.37217
  4.69148
  16.3105
  21.9175
  3.79748
  8.62184
  1.21712
  28.6295
  21.4065
  5.76494
   2.3589
  36.3456
  35.6391
  28.5452
  26.3853
  3.67214
  15.4778
  38.2279
  4.20548
  12.0162
  33.8428
  32.5432
  5.20862
  6.38221
  11.4245
  53.3877
  15.9514
   37.026
  17.0086
  29.5334
  1.39089
  2.57584
  24.5722
  12.5614
  21.7189
  10.2199
  21.4206
  12.8209
  27.9747
  21.5214
  42.3582
  19.8747
  8.67375
   23.528
  2.20184
  33.3597
  1.16947
  16.1771
  4.37933
  9.28621
  2.50243
  11.2097
  16.3659
  3.97627
  7.49454
   3.6423
  31.8704
   12.419
  10.9479
  9.05659
  29.5753
  6.93474
  15.1385
  32.4122
    7.072
  7.13043
 0.995858
  21.5229
  14.9112
  12.4335
  11.4786
   24.106
  2.63752
  21.2114
  8.83225
  32.6863
  9.71874
0.0612077
  18.0302
  15.8642
  16.0984
  21.5619
  39.8465
  22.2272
  6.86651
  10.7345
  10.5872
  19.2145
  19.9171
  11.0471
  7.24806
  27.3829
  27.8397
   13.735
  13.8609
  16.5821
  6.57935
  16.5594
  7.95945
  2.62886
  29.4355
  5.80342
  13.3127
  18.4257
    7.619
  19.9778
  1.71229
  42.2911
  27.2576
   8.3606
  21.2814
   9.4508
   2.6139
  7.62299
  15.6425
  6.03462
  19.5849
  4.01854
  8.61063
  17.5579
  18.3421
  6.58601
  9.55471
   7.2534
   6.8428
  11.8439
  19.0262
  1.23477
  19.8533
  7.24329
  5.58171
  16.6664
  10.4859
  14.7238
  5.61675
  2.66951
  6.79537
  26.5447
  1.48904
  2.52081
  8.73531
 0.274203
  9.15113
  9.30851
  25.9698
  14.9256
  12.4367
   9.3215
  19.1166
  12.7298
  24.4768
   9.9087
  7.65959
  9.20635
  7.00784
 0.252357
  12.8135
  30.2926
  5.09652
  6.93531
   23.209
   11.858
  8.43722
   18.713
  22.8055
  5.87297
  2.38877
   19.561
  11.8533
  45.2411
  7.34987
  11.0888
   1.8194
  3.72922
  30.0712
  18.9259
  33.1216
   21.384
  26.9482
  34.8156
  32.6523
  8.94818
  13.8959
  1.68082
  7.84459
  5.32486
  5.28859
  3.33314
  11.5294
  15.3916
 0.162069
  13.6405
  11.7958
  5.98422
  19.9535
  17.4137
  17.0553
  16.8243
  33.8861
  1.12689
 0.222742
  18.7046
  14.0648
   43.157
  36.3869
  22.5308
  4.41798
  1.81892
  6.59867
 0.446084
  12.9702
  33.2366
   40.219
  10.1151
  9.86791
  14.8515
  23.3621
   16.898
  12.9649
  13.8565
  28.1303
  32.3454
  29.1148
  4.94269
 0.829584
  3.62329
  11.3884
  34.9141
  1.75915
  8.81705
  15.4778
  22.6054
  18.2359
  6.28454
  1.59585
  25.1635
  19.0259
  28.6911
   32.346
  33.2234
  1.53293
  1.70563
  1.88245
  10.1827
  7.15084
  33.8884
  3.17326
  17.3785
  3.71718
  22.0357
 0.912488
  10.6211
  47.9737
  22.2364
  7.45795
  7.29798
  2.29151
  22.1864
  12.7335
  20.5109
  8.84731
   34.639
   44.608
  52.8965
    24.45
  20.2607
  11.7074
  22.2652
  7.46474
  6.76305
  14.4943
  36.1195
  7.36998
  19.0774
   51.975
  18.7999
   21.673
  9.50213
  10.1712
 0.133888
  5.61535
   13.003
  7.36268
  5.61226
  38.9374
  44.8133
  40.0538
  48.1838
  5.66918
  24.9562
  40.3413
  19.7769
  9.17603
 0.715516
   7.3577
  37.5309
  38.1792
  9.55557
  12.6535
  42.1865
  12.2646
  30.9549
  16.1075
  16.5884
  2.92599
  32.8404
  5.34003
  10.5722
   16.086
  22.7768
  45.9491
    40.28
  11.6261
  4.45776
  33.4942
  35.1136
  10.4556