   8.48818
   7.95926
   8.72311
   7.42829
   4.90387
   5.56646
   7.05727
  0.497425
   2.48047
  0.263723
   5.98465
   4.78048
    8.5138
    36.302
   32.2011
   11.2554
   33.4195
   6.94339
  0.517516
   25.5003
   9.90703
   13.1244
    2.2451
   2.90823
   7.71932
   4.53315
   5.41713
   16.1703
   29.5248
   35.2869
   11.8228
   5.99898
  0.523431
   9.90809
   8.76339
    3.6209
   2.67429
   15.8343
   14.6251
   2.90844
   6.98746
    9.3779
   8.32057
   2.31194
   19.4594
   11.7227
   2.42027
   12.7312
   2.67087
   14.0558
   4.21129
   5.58521
   1.58821
   17.4683
   9.73827
   1.40426
   10.1307
   1.82711
   7.19135
   1.34018
   3.73666
   7.12995
   9.15394
    4.2013
   5.06719
   14.5489
     5.362
   8.33339
   14.3208
   3.68186
   11.9193
   5.84603
   3.51821
   7.47779
   28.4985
   34.4621
   34.2809
   12.9685
   27.4378
   25.2296
   10.3112
  0.236763
   6.60793
   2.46468
  0.640797
   26.4836
     13.75
   12.5711
    2.5711
   13.3979
   3.16955
   3.70675
   1.59998
   6.54714
  0.609613
   39.8962
   8.35298
   23.2039
   17.8556
    5.5019
   10.0494
    7.7597
   15.7075
   2.01828
   6.62667
   14.9417
   17.2355
   6.08972
   3.75231
   3.85965
   7.37569
   9.80651
  0.451908
   1.55614
   5.56651
   7.95674
   3.58182
   11.6668
   5.37576
    4.0206
   6.00794
   7.59109
   5.20878
   4.92855
   1.61124
   5.32855
   1.24707
   5.08751
   7.62814
   2.35936
   5.76061
   14.0489
   26.0996
   11.6726
   7.43662
   2.45432
   15.8244
   24.1233
   26.9518
   11.4128
   8.71046
   12.8905
   12.4943
   1.07633
   14.0281
   3.18855
   23.7171
   14.3777
    2.5875
   4.32595
   12.9836
   10.0327
   5.91566
   5.41173
   1.02954
   1.68855
  0.275628
   14.7838
   1.53106
   1.85982
  0.312179
   10.1013
    9.9474
 0.0510219
   12.6737
   4.18038
   3.26765
   5.98134
   1.66901
   18.5579
   8.46897
   4.62527
   5.00575
   39.4233
    35.085
   24.0282
   10.7742
   1.27093
   12.1539
   13.8869
   1.96313
   25.9643
   29.7026
   31.7417
    7.9025
   4.25679
   4.23785
   26.8214
   7.95966
    20.081
   5.77076
   4.81375
   4.73981
   5.85404
   11.4426
   11.6484
  0.900936
   1.56586
    15.063
   10.7643
   12.9934
    9.2984
   3.38605
   2.50003
   5.52081
   11.4509
   13.2423
   15.8786
   12.3741
   7.86754
    8.5117
    4.8502
   9.54471
   9.47004
   7.56153
  0.333073
   7.27134
  0.369187
  0.885164
   8.49534
  0.709668
    10.131
   6.11104
   8.75651
   2.91945
   1.17475
   2.16391
   13.3489
   5.15529
   1.55284
   20.2059
   8.94544
   6.92896
   6.34644
   39.1663
   8.03533
   14.1813
   20.2299
   4.09677
    4.3963
    1.4835
  0.253463
   11.0067
   12.8175
    8.1479
   36.8485
   5.49804
   7.06535
   5.11516
   29.7809
   36.1521
   26.1232
   15.0165
   23.0939
   13.5987
   8.12901
   10.8254
   3.41094
   7.87589
    3.9368
   6.94793
  0.192365
   4.31583
   5.78015
   2.46008
   5.11233
   12.3628
  0.583768
    4.6569
   3.55414
   13.0106
    17.951
   19.4359
   23.7094
   23.6289
   30.5572
    14.371
   9.48244
   6.67201
   4.06712
   11.2464
   8.90653
   4.07691
   30.0337
   15.8015
   15.2925
   24.1615
   6.09402
   12.0941
   23.8135
   9.12793
   7.46944
   19.1558
   30.7376
   12.3749
   1.58729
   8.14439
   3.62139
   2.93924
   27.9632
      17.5
  0.213136
   10.4303
   10.1616
   18.5067
   3.56757
   8.66321
   5.24031
   12.0173
   10.8229
   4.84631
   11.6129
   3.12697
  0.112845
   8.26155
   15.7932
   5.61612
   16.6569
   13.9834
   3.85516
   3.18802
   1.07665
   7.47435
    2.7035
  0.370809
   11.5999
   7.57666
   2.75749
   3.23501
    14.141
   3.68516
   5.29267
   14.0105
  0.114578
   2.50517
   37.4693
   31.4093
   7.84944
   2.24755
   10.6842
    12.061
   11.6303
   6.58666
    15.242
  0.495619
   11.1749
   5.70335
   8.50003
   9.39788
   9.63049
   14.4224
   8.33014
     7.909
   9.71525
   26.4397
   1.44532
   5.16667
  0.150091
   5.67222
   8.87287
  0.131222
   1.88736
   6.39074
   10.9752
   8.01693
   24.9515
    11.316
   4.61818
  0.201186
   3.49401
  0.968651
  0.345392
  0.530011
  0.768935
   1.36598
 0.0369261
   1.66104
   5.49997
   22.6882
   13.2053
     5.176
   6.97587
    5.0126
   22.6145
   39.0479
   19.8404
  0.563513
    10.598
   5.01845
   1.19539
   13.2687
   30.7816
   31.5318
   6.86772
   6.37356
   4.34967
   1.76783
  0.112482
   28.1587
   1.54357
   16.0288
   5.65868
   1.66312
   7.92796
   8.76347
    8.0862
    7.9186
   13.9006
   1.34287
   10.3371
   5.40995
   11.8689
   2.59128
   4.47909
   10.1231
  0.267838
   4.26881
   17.3646
   6.78366
   11.9098
   10.0297
   5.56159
   7.93074
   3.00525
   14.2977
   6.27541
   6.31605
   10.7253
   4.39673
   9.27657
   16.7151
   39.9602
   19.5889
   16.8553
  0.376049
   35.0154
   39.8956
   23.6242
   15.4499
   3.11267
   27.2365
   14.7649
   17.3022
   21.8205
   14.1699
   2.37742
   1.40317
   11.5374
   17.4481
   20.0576
   8.84458
   7.21889
   8.21278
    11.573
   28.7224
   25.5829
   9.74092
   18.9632
  0.468498
  0.390745
   1.51413
    4.2523
   6.94227
   1.91227
   5.44347
   8.01011
   1.27363
   27.2774
   14.1475
   8.18681
   6.08229
   30.0339
   36.9447
   30.8521
   4.61715
   4.19695
    12.627
    3.5685
   16.2358
   9.90091
  0.737739
    4.2449
   6.01931
    2.4845
   12.7635
   1.14199
  0.704247
   4.65337
   12.9465
   2.71619
   5.82595
   7.31793
   11.2731
   12.1614
   4.35148
   3.66491
   6.45765
   12.9241
   16.6455
  0.060718
   2.72159
   2.99694
   14.4224
   8.80032
   39.3146
   34.9237
   2.35283
  0.644523
    11.446
   1.30337
   14.5569
   9.38483
   13.4827
    20.784
   1.72058
   10.5892
   3.74079
   13.8414
   8.80692
   35.9341
   25.0797
   3.39818
   12.0208
   36.3048
   26.3629
   34.1269
   3.41668
    30.062
    45.389
   1.10687
   13.0035
   16.1817
   19.8689
    11.159
   6.13387
   10.2506
   15.4889
   7.36474
   3.41982
   1.55453
   26.8704
   49.9841
   4.39259
   9.58139
   1.12251
   9.94859
   9.23904
   14.8635
   15.7345
  0.201829
   31.7248
   32.1015
   6.19024
   13.6232
   1.17097
   10.3601
   4.84202
   1.59261
   7.80527
    36.624
   8.01714
   29.3288
   1.12411
   44.4712
   14.1704
   1.00455
   25.3111
   19.9313
  0.488593
   6.37897
   9.13267
   5.97894
   9.15324
   7.82481
   9.63521
   13.4436
   6.41484
   16.1589
   26.7067
   26.0043
   16.8168
   24.2936
   11.6489
    16.337
   3.70789
   3.73869
    11.507
   3.06562
   18.8969
     24.43
   6.52028
  0.518313
   5.41329
   5.11622
   24.8487
   17.5806
   25.5265
  0.699971
   25.2812
   40.8848
   17.3083
   5.92923
   18.6846
   19.8319
   35.3159
   27.6204
   12.1162
  0.837638
   8.85379
  0.564151
    14.085
   11.3061
   29.3731
   11.7462
  0.748774
   18.5819
   8.20373
   37.5746
   10.3878
    43.572
   21.2134
   2.63289
   5.38793
    2.5246
   36.9693
   33.8577
    22.266
    5.2841
   6.54883
   5.81193
   53.9667
   15.3943
   1.86493
   4.90829
  0.705925
    8.5412
   3.31803
   15.3103
    10.498
   5.68323
   16.1723
   44.6045
   1.66261
   1.78827
    22.378
   35.5306
   31.4413
   3.00138
   8.38013
   13.6148
   1.08788
   9.46806
   9.83552
   16.2638
   31.6406
   4.99583
   8.37105
   8.62904
   9.20494
   4.02192
   6.60776
   55.2658
   15.2043
   22.3896
   19.0075
   26.1379
    21.717
   20.9408
   26.7476
   2.21359
  0.226542
   15.9613
   21.0924
   16.8705
   23.0739
   10.2434
   11.3278
   27.9772
   10.7582
   21.8713
   23.1859
   25.1152
   22.3462
   27.4836
   8.81005
   14.9401
    3.6477
   1.37376
   36.5376
   7.81539
   2.34028
   8.35494
   3.33123
   9.00703
0.00403216
   5.62743
   50.2932
   11.7132
   7.19132
   3.82931
   3.39687
   10.2964
   22.4939
   5.60549
    5.0029
   11.2061
  0.333702
   22.0398
   12.0031
   44.5976
   6.39237
   14.7215
   20.8438
   8.59424
   23.0329
   35.0914
    1.0492
   23.4675
   28.5871
   1.17292
    11.308
   16.2014
   4.78862
   11.0602
   23.2683
   46.0058
   1.97206
   15.2201
    20.304
   18.1562
   18.4899
 0.0351677
   5.15683
   20.7562
   8.23604
   36.4335
   19.7038
   35.9511
   25.7493
    36.039
   21.4725
   2.79061
    25.474
   21.1246
     41.35
   25.9714
   21.6312
   22.6907
   38.5911
   5.15354
   8.98927
    1.3978
   10.7839
  0.686131
   11.9758
   2.07535
    1.0894
   16.8905
   3.69974
   16.5059
   25.1326
   27.0767
   4.67687
   9.18786
   8.38966
    15.503
   3.68691
   3.60426
   12.8347
   2.15596
   8.32855
   2.56947
   6.05668
   1.97061
    1.6293
   18.8609
   5.84597
   4.19861
   24.4909
   8.39964
   42.6131
   7.56732
   6.30581
   4.07533
  0.741443
     30.86
   26.8539
   46.5644
   31.5735
    3.4778
   9.77392
  0.442479
   23.5897
   4.56408
   4.95328
   3.63385
   3.12741
   7.71068
    13.063
   24.6647
   26.6716
   12.5647
   10.3982
   14.0699
  0.670775
   11.8323
   6.51896
   25.4412
   30.5868
   23.1128
   54.0386
   17.5283
   18.9135
  0.880234
   10.1005
   15.7032
   53.9215
   25.5303
   5.24804
   11.6959
   28.4397
   24.6781
    26.686
   38.6203
   3.20074
 0.0735199
   1.54901
   10.9315
   4.58575
   16.3672
   21.7912
   10.4355
   5.85943
   5.01203
   25.0218
   22.5725
   29.9003
   14.2212
   9.08837
   21.1328
   35.2784
   7.00358
   8.08497
   9.17309
   67.8117
   64.6746
   64.0931
    58.343
   5.97077
   12.2342
   16.6332
   20.7038
    10.599
   21.0101
    25.642
   40.7311
    33.979
   17.5257
   8.46241
   28.9269
   30.9159
   22.2473
     39.84
   3.11799
   32.7832
   8.87627
   55.4402
   43.7932
   22.4376
   26.7299
   22.9328
   31.1263
   34.4887
   28.5969
   13.7039
   36.7693
   22.6756
   32.1246
   26.9474
   13.5253
   27.4621
   30.4078
   4.21839
   18.1178
   35.2398
   17.0541
   7.82627
   44.8249
   48.5448
   23.9267
   26.8098
   4.74702
    17.735
   12.2758
   27.6121
   33.1295
   25.5544
   23.0765
   23.2901
   22.9326
     30.87
   19.2728
   14.5348
   1.10375
   16.9251
   24.3468
   11.9701
   1.08687
   26.0522
   19.9751
   22.3969
   6.48571
   28.4914
   31.2026
   8.81443
   29.3548
   21.2839
   18.4994
   10.5112
   1.24422
   11.0881
   6.89651
   36.0339
   20.8599
  0.471841
   8.03935
   33.0645
   28.7578
   16.9723
   6.23017
   10.0538
    7.3319
   33.7543
   39.5063
   1.20915
   20.8509
   9.88555
    40.131
   24.9866
   18.7986
   7.47262
  0.125067
   17.7402
   20.4934
   11.0799
   10.1509
   41.5647
   39.6333
   24.0366
   41.3418
   42.3568
   15.8363
   10.6949
    5.8702
   56.4446
   3.35587
  0.431113
   39.4516
   1.14753
   27.9851
    1.6493
   10.1349
  0.928053
   26.0643
   1.88747
   30.6667
   13.4301
   10.9747
   7.26593
   3.41556
   14.1779
   8.71676
   1.30853
   29.9978
    2.2945
   15.4108
   6.20028
   12.8038
   7.23713
   11.6597
   0.28477
   39.5173
   44.9924
    16.743
   41.4942
   51.5722
   1.71819
  0.377399
   39.8694
   32.4832
   36.8693
  0.552934
  0.324294
   25.7664
    32.107
   12.1626
  0.665341
   6.75654
   26.7546
   35.9049
   4.75068
    4.7223
   25.6045
   15.2882
   10.9261
   9.75172
   15.6881
   9.47672
   4.23193
   1.60447
   52.4744
     2.999
   19.2819
   30.3304
   3.97865
   26.2395
   42.1688
   27.6919
   28.3331
   7.96224
   7.75064
   30.0992
   50.9303
   28.0446
   16.3373
   22.7336
   31.2513
   29.8021
   1.91205
  0.167152
   21.8292
   2.48447
   19.2673
   8.53131
   38.7296
  0.428087
   2.41384
   5.85043
   10.2668
   4.77845
    18.996
    12.065
  0.348435
   31.7088
   26.1756
   11.0673
   8.01797
   9.86135
    11.376
   4.71755
   10.2168
   18.2824
   38.3967
   37.4053
   12.2248
    16.909
    11.205
   1.45605
   29.5536
   2.56033
   5.92923
   24.2584
   4.49829
   10.3141
   6.09224
   6.01726
   20.9503
   13.5045
   3.21755
   1.44956
   11.1606
   25.5372
   25.9824
    7.8893
   51.8221
   43.7091
   6.62746
   1.61101
   9.31119
   6.89133
   3.88502
   39.3688
   30.2342
   14.5304
   9.24804
   27.6939
   35.3852
   9.29766
   15.5027
    5.8379
   7.78976
   36.0257
   9.00041
   14.1762
   27.6124
   15.3313
    1.0733
   12.3624
   7.38835
   9.31987
   25.2232
   4.23889
   9.89099
   2.57758
   5.11411
   3.39034
   2.04714
   27.6888
   31.0934
    32.698
   45.9548
   1.22575
    27.814
   14.0578
   5.82848
   17.5829
   30.6877
  0.528517
   35.6113
   19.5437
   17.0713
   31.4542
     20.88
   4.58142
   25.7052
   21.0295
   1.62703
   12.7865
   21.0544
   29.3339
   50.2704
   9.09301
   24.9887
   12.1087
   2.88067
   9.76508
   1.13961
   6.05639
   30.2972
   15.0605
    6.9605
   4.99222
  0.895297
    12.535
   4.86685
   13.9272
   2.63267
    23.864
   14.4914
   13.9981
   27.2013
   22.5094
   1.83676
   11.1235
   8.50965
  0.212899
   3.09053
   4.82716
   7.12812
   1.34665
   15.7873
   3.43675
   3.08726
   12.8218
   14.1444
   11.6848
   10.5097
   3.54043
   7.39299
    42.587
   1.31047
   15.6608
  0.243815
   13.2981
   8.92008
   4.90673
   8.18092
   61.9038
   62.9161
   61.4258
   66.4013
   4.64231
  0.395696
   22.3748
   3.89492
   4.51541
   19.8055
   3.80171
   10.6502
   39.2708
   35.6337
   21.8218
    10.345
   59.6853
   5.49641
   1.27151
   13.8796
   11.9625
   15.4354
   1.47563
   2.26337
   18.8802
   7.86741
   2.95162
   3.68008
   1.52704
   5.45241
   10.3066
   10.7309
   2.53234
   6.57403
   2.52887
   3.59843
  0.985691
   6.33204
    1.5916
     4.242
   1.12059
   13.7178
   4.84564
   4.04526
   9.99184
   11.8461
   5.77958
   19.4306
   37.6305
    20.758
   11.9491
   3.03095
  0.441462
   1.26427
   25.4297
   22.8976
   12.5332
   4.39595
  0.910931
   15.9525
   8.42244
   23.6628
    42.478
   24.3244
   9.33056
   1.37139
   2.32174
   32.4492
    61.839
   64.6422
   37.5862
    25.846
   28.9116
    8.4193
   12.1283
   62.9596
  0.892333
   14.2977
   13.7905
   12.9617
  0.465576
   15.8367
   22.4027
   15.6611
   2.15773
   9.63713
   1.90123
   9.16747
   9.43395
   5.80605
   4.51678
   2.13017
    26.429
   57.1754
   61.1101
   59.3557
   20.0335
   13.3389
   8.86264
   20.7975
   12.1417
   45.0837
   10.9516
   62.6333
   52.9136
   61.2318
   60.5982
   3.14203
   8.93518
   5.72503
   10.9131
   14.1447
   4.35748
   4.72703
   1.23773
   8.33634
   24.1548
   2.26881
  0.608865
  0.293257
   11.0907
   1.37151
   9.34095
   6.02484
   13.0851
   22.0849
  0.868148
   8.46693
   5.28968
   64.5342
   15.8587
   14.5207
   12.9212
    15.961
   2.94577
   22.3051
   2.31608
   10.7344
    1.5098
   8.42087
   11.8631
   5.72762
    1.2513
  0.312488
   7.38652
   53.0558
   48.4161
   51.7848
   59.2417
    60.922
   59.1341
   7.80561
   11.6262
   10.2067
   0.72208
   5.69878
   24.2689
    14.297
   18.1991
    21.913
   16.1207
 0.0264405
   4.78747
   15.2421
   7.14327
   1.20904
   3.28899
   11.5711
   16.9715
   3.34499
   11.3023
   4.48101
    2.7186
   58.6914
   55.3629
   20.0287
   8.94561
   57.3278
   58.6914
     27.94
   6.01607
   25.4313
   19.2434
   15.1515
  0.858613
   12.1574
   10.8891
   1.55679
   41.9443
   7.86905
   1.61356
   3.78435
   23.2543
   4.23146
   8.30813
   1.01019
   12.6728
   3.00369
   30.9458
   48.0178
    45.462
   17.8736
     45.34
   43.1032
    65.037
   63.0483
    57.819
   66.2464
   60.4241
   57.8135
   64.4016
   59.7529
   53.9044
   65.5762
   62.8857
   54.8776
   58.2613
  0.422157
   55.7771
   42.5608
   59.9412
   49.5206
    41.338
   36.2992
   42.3744
   38.2445
   71.2418
   59.6219
    43.481
   51.3598
   58.2079
   40.3825
   7.20202
   2.08076
   44.8402
    34.162
   34.1319
   67.7947
   49.2035
   48.4759
    47.344
    52.087
   67.4403
   69.8311
   50.0702
   40.6103
   38.5088
   12.4134
   39.2587
   35.9728
     33.15
   29.3286
   40.3153
     20.06
   13.0293
   13.3804
   16.3183
   49.5433
   41.7313
   47.2026
   48.0868
   43.3109
   3.80768
    44.525
   43.3109
   50.4626
    62.097
    69.946
   66.3829
   62.9541
   51.7445
   52.5942
   51.2719
   5.09171
   32.7644
   31.9716
   14.8682
   12.3867
   23.8078
   16.3391
   24.2101
   58.0474
   56.8038
    51.379
   62.5384
   56.8529
   64.9207
    58.168
    49.407
   64.4296
    65.154
   62.9237
   38.0382
   37.5674
   46.0113
   44.4377
   64.3607
   66.6072
   64.2161
   11.3794
    10.294
   37.1189
   61.3233
   60.9496
   17.6031
   51.4844
   68.7569
   69.7075
    67.173
   56.9259
   56.1326
   65.5572
   63.3686
   57.9433
   45.5355
   42.9963
   62.2902
   60.9859
   57.8361
   48.9614
   51.8805
   48.3769
     56.31
   63.4826
   62.2039
   62.1213
   61.4143
   45.4281
   43.9954
   64.2713
   63.1653
   50.3157
   47.5526
   19.9495
   43.3985
   36.8346
   47.0789
   37.7209
    71.142
   60.5201
    48.765
   49.4961
   49.2798
   46.2754
   41.0696
   63.2779
   70.9829
   69.3146
   49.3557
   63.5511
   60.2568
   31.3153
   54.6931
   55.6568
   54.8821
   56.3324
   61.1308
   59.5624
    63.342
   65.4345
   53.4769
    58.725
    51.106
   67.7399
   71.4064
   65.9307
   63.9644
    68.149
   71.2477
   69.8948
   68.1766
   60.4242
   67.9193
   69.6098
   2.82605
   51.0452
   55.9715
   58.1758
   52.1048
   53.6377
   14.8905
   57.3953
   64.7459
   56.4431
   56.9963
   46.3555
   51.7099
   41.2458
   64.2511
   62.9526
   52.8094
   65.0983
   71.6387
   65.3055
   68.9813
   63.4048
   61.0527
    2.7402
   61.0703
   60.4389
   62.6455
    56.839
   58.1946
   65.1499
   57.8585
    47.876
   60.5794
   64.0448
   61.2117
   66.4746
   58.2235
    66.218
   67.0007
   66.3044
   31.1445
   60.6506
   13.3647
    41.481
   66.7316
 0.0385652
   65.2414
   63.3136
    64.055
   69.1722
   51.2074
   31.1068
   78.8763
   67.9281
   69.9703
   67.1252
    56.842
   53.4008
   51.1479
   48.4488
   55.5899
   54.5819
   57.9529
    61.565
   60.6014
   61.1554
   62.8339
   43.2355
   72.3198
   50.1158
   60.0011
   62.3611
   64.6003
   58.0102
   69.9784
    78.003
   76.0259
   40.3316
   59.8214
   53.5892
   62.2583
   42.3428
   36.9968
   55.9635
   56.2077
   51.3785
   58.3685
   61.1418
   58.9618
   67.7984
   52.1194
   62.7732
   63.8709
   61.8919
    65.573
   49.6602
   69.3123
   67.4693
   69.1278
   70.1421
   65.6154
   69.9926
   70.5197
   71.0733
   57.0088
   61.2309
   61.8005
   57.6007
   50.8589
   50.5827
   62.4181
   61.7327
    63.641
   55.7523
   49.1383
   56.6326
   77.5372
   63.6335
    63.908
   67.2886
   52.4089
   62.4765
   63.7961
   62.0444
   64.6737
   68.4868
   66.9189
   69.5425
   62.2349
   62.6735
   42.6814
   68.5769
   63.3015
   46.8594
    63.385
   62.7443
   62.0379
    67.716
   60.3389
   61.8894
   50.5861
   69.5379
   71.8537
     72.09
   62.8553
   61.3832
   66.9861
   60.8551
   67.7758
   60.3464
   66.0319
   67.3664
   62.8654
    63.652
   47.0067
   45.3815
   45.9948
   63.7993
   64.2862
   64.6192
   69.2148
   67.4784
    71.567
   64.6804
   68.4839
   64.1991
   62.7313
    66.366
   65.5805
     61.49
   58.3131
   68.4684
   68.0896
   73.9584
    63.535
   70.8524
   10.4468
   7.01646
   2.05101
   33.2957
   68.2932
   64.8742
   68.5274
   72.9339
   75.9765
   66.6182
   68.3839
   67.8563
   63.9665
   64.2024
   41.9276
   10.3445
   64.9098
   66.0688
   66.3722
   51.2894
   69.8871
   67.5055
   68.5629
   68.3455
   74.1034
   66.8747
   79.3955
   65.0572
   60.6594
   60.9723
   57.5971
   67.0069
   76.2225
     75.21
   40.3154
   70.5636
   64.9274
    65.673
   67.6314
   5.40995
   10.7804
   49.6124
   43.0951
   57.9457
     13.69
   9.73867
   5.72647
   1.85385
   10.5091
   47.7301
   58.9106
   44.9574
   8.70409
   62.7789
    52.736
   66.7452
   63.0842
   40.0041
   58.8763
   58.9562
   59.3506
   70.6764
   13.8407
   62.7237
     45.64
   33.6582
   4.72495
    6.1478
   6.14237
   70.4368
     52.78
   71.1139
   46.8253
   46.4379
   42.0022
   49.1224
   4.44025
   10.0314
   25.8765
   15.2414
   6.14132
   38.7415
   48.1685
   44.7907
   45.1943
   46.0251
   47.6295
   11.3732
   11.7547
   6.24117
   1.21179
  0.683573
   13.4836
   13.6295
   2.72134
   44.5036
   53.0614
   49.2403
   48.6201
    6.6176
    4.7299
   6.49791
   0.72511
     61.54
   50.3531
   14.2473
   11.1044
   14.6191
   10.1585
   3.35089
    1.5084
   50.0783
   51.6352
   49.0225
   68.0094
    6.8145
    43.847
   51.4675
   4.63643
   5.41499
   8.98841
   3.59914
  0.493627
   2.54044
   12.1312
   8.20818
   8.51221
    8.0154
    11.429
   8.49997
   12.0709
   5.35233
   12.5445
   11.0161
 0.0449138
  0.901113
   12.5997
   1.38449
   3.25249
   4.53673
   9.82514
   7.01646
   1.78873
   48.6702
   45.2632
   56.0283
    2.8413
   27.7131
   9.47271
   11.8123
   3.81702
   9.73398
   6.04163
   7.23236
   4.02988
   7.03126
   17.5823
   1.61216
   5.84152
   10.4071
   30.1559
   11.2224
   45.5265
   5.04719
   4.38602
   1.94538
   36.4841
    10.594
   13.8988
   1.09473
   19.4208
     22.19
   6.29166
   12.0206
  0.545658
   3.22165
   7.90077
   5.90355
    22.784
   1.72429
  0.754984
   10.3277
   9.66971
   4.15847
   11.0777
   15.2385
  0.586891
    6.7315
   45.6892
   44.5354
   52.4571
   16.9479
   50.7119
   49.1335
   53.2049
   55.6773
   42.7095
   54.7042
   6.97317
   44.3914
   40.0609
    57.385
   55.4534
   38.6569
   49.4468
   53.6644