  32.8557
  27.9326
  30.3947
  30.5757
  2.66465
  25.2109
  29.4039
  18.8034
  28.9917
  36.2176
  36.5119
  37.1712
  37.4524
  59.6724
  61.6725
  27.9444
  22.9032
   35.474
   39.904
  27.5757
  28.6245
  20.3152
  36.6391
  26.3013
  27.6335
  41.2028
  48.8319
  55.1403
     54.4
  53.5362
 0.790317
  150.127
  5.16345
  3.30208
  47.6184
  46.3106
    17.99
  44.5926
  56.1548
  7.88018
  29.8252
  14.5865
  5.30431
  13.9968
  17.2994
  53.2635
  38.1916
  57.2481
  28.6356
  24.4776
  6.99485
  7.98679
  8.95969
  9.47027
  2.89396
  15.3241
  10.7874
   52.086
   51.356
  58.9165
  33.7151
  59.4298
  38.0535
  36.6227
  32.5727
  24.8524
  24.1189
  29.0756
  37.3044
  24.9542
  28.3812
  40.8205
  31.7725
  25.7982
  21.0036
  26.4438
  26.8533
  30.2314
  38.6755
  37.9583
  35.5252
   34.987
  36.8186
  35.8179
     36.4
  18.1356
  17.0114
   22.295
  20.1133
  20.3018
  9.70067
  20.4293
  17.2993
  8.95284
  6.48575
  22.0916
  20.0497
  21.1438
  18.2259
   7.4188
  22.9975
   17.728
  16.1362
  6.97264
  20.4176
  8.22346
  10.5233
  44.6132
  35.0773
  27.9118
  26.1759
  24.0007
  23.9449
  30.0296
  21.8582
  40.2309
  40.3152
  38.2006
  14.5334
   10.898
  64.3583
  49.2809
  143.369
  140.048
  36.4504
  149.246
  13.1128
  10.3954
  139.543
  148.596
  148.036
  2.75622
  4.77614
  25.0697
  19.4126
  56.5048
  40.6973
   26.278
  20.3898
  17.2465
  50.5516
  54.0875
  39.4841
  20.7592
  45.9775
  59.7622
   69.264
  35.3899
  2.11421
  18.1423
  28.5307
  18.2321
  58.9898
  47.9582
  49.2817
  57.1617
  34.8286
  11.5007
  9.64633
  73.6753
  50.3516
   26.381
  24.6102
  29.2406
  21.7553
  24.5118
  32.5727
  43.3611
  38.6736
  9.77891
  4.28795
  7.98345
  2.57552
    35.03
  148.373
  24.5951
  52.5793
  6.18107
  45.7584
  6.31789
  15.6923
   24.025
  7.69586
  41.5352
  55.8822
  142.961
  141.848
  41.2826
  21.2075
  143.337
  7.09693
  144.412
  7.39379
  2.31877
  12.6105
  16.1105
  4.75552
  57.8425
  47.6708
   36.519
  34.7018
  21.8939
  38.2463
  42.8698
  26.3084
  30.9801
  20.7972
  21.3202
  29.4882
  37.3385
   40.675
  31.4146
  25.4718
  58.2441
   43.076
  33.8498
  32.4505
  38.1983
  26.7605
  6.83601
  1.43767
  4.56887
   29.193
  23.1906
  21.1116
  20.9854
  19.2297
  7.18972
  8.62226
  18.4416
  18.1375
  4.15505
  3.32478
  20.1726
  32.2823
  21.4684
  38.7353
  35.3881
  35.3589
  34.9332
  66.7757
  26.5091
  27.3045
   36.192
  24.3923
  39.1866
  29.4669
  35.4121
  39.9601
  35.6448
   33.696
  7.73997
   9.0625
  45.4742
   37.154
  59.9088
  46.8601
  150.736
  4.08846
  147.344
  147.817
  5.74825
  2.69237
  5.10597
  13.1777
  51.8611
  45.6549
  56.3888
  10.8235
  47.1526
  24.1255
  150.812
  147.847
  51.5763
  10.3332
   13.298
  8.37302
  24.7863
 0.395889
  37.2671
  11.6655
  27.9854
   23.426
  53.6302
  63.6734
  36.6277
  47.4855
  32.1348
   15.651
  20.6503
  7.55854
  9.18446
  18.1534
  2.89814
  19.9186
  29.7087
  4.96022
  11.7441
  35.1986
   29.274
  40.5894
  23.9436
  23.7905
  23.7536
    19.03
  28.4655
  33.2209
  31.9384
  41.3515
   25.292
  24.7361
  20.6601
  36.2348
  21.0541
  18.1351
  7.83215
  20.4798
  25.8881
  10.6439
   15.439
  11.1609
  23.6658
  24.3931
  20.0675
  19.6281
  1.62954
    19.32
  21.3608
  10.9441
  38.1639
  52.4019
  57.9357
  28.9771
  31.7899
  38.7808
  21.1602
   25.926
  37.2797
  37.6609
  37.1006
  41.2898
  40.9486
  26.6397
   1.1189
  139.942
  42.8599
  12.0101
  10.4356
  13.9992
  12.8628
  2.53877
  149.248
  148.757
  4.96583
  19.3472
  49.2486
  50.5107
  56.0382
  40.9322
 0.513791
  33.8197
  32.1101
  54.7522
  66.7735
  28.0623
  31.6209
  7.76365
   42.437
  58.0979
  50.4455
  66.6355
  32.4803
  149.554
  7.07407
  150.755
  14.4473
  1.67165
  27.9819
   23.564
  20.0691
  57.4066
  29.9708
  36.3233
  38.8337
  40.6981
  32.5568
  2.43194
  11.8367
  16.8394
  22.4101
  23.1038
  23.5351
  5.82497
  10.5384
  1.81569
   9.9056
  35.7544
  161.411
  40.6996
  24.1113
  53.1981
  39.1409
  37.0126
  33.7437
  2.47838
  22.7364
  14.5778
  9.92838
  53.4752
  40.6541
  141.258
  143.043
  5.49493
  145.325
  45.8801
  36.9144
   44.517
  54.7713
  21.9445
  43.1546
  19.6249
  139.293
  5.42062
  23.3398
  25.1593
  21.4095
  56.0888
  37.9583
  39.6684
  58.2551
 0.405102
  13.8789
  22.6356
  19.2994
  25.6774
   57.511
  6.22496
  15.7789
  12.2922
  35.8451
  20.0468
  40.6109
  36.4578
  24.4714
   9.8708
  42.1361
  16.1582
  50.4214
   50.922
  8.95768
  17.1222
  8.18686
  32.3257
  45.0566
  52.8387
  55.1285
  58.0069
  6.02967
  22.0786
  18.2528
  13.7592
  11.1005
  8.89341
  10.0508
  21.4206
  25.6029
  12.4186
  63.2624
  35.9802
  16.1031
  18.2981
  21.2496
  30.8001
  25.1329
  35.7065
  13.2496
  48.2968
  49.3414
  17.7952
  1.13707
  3.78187
  13.3181
  12.4887
  11.3807
  7.73743
  8.90119
  26.6754
  17.8762
  55.8997
  14.4939
  15.3426
  24.9335
  27.7479
  29.4637
  7.21968
  9.63744
  31.1831
  4.66718
    9.047
  21.0768
  26.5824
  29.9552
  19.8907
  16.0131
   12.044
  18.0566
  11.5848
  26.3893
  20.9495
  9.84406
  4.12147
  24.9333
   22.963
  20.0217
   66.419
  57.6644
  50.2943
  28.8695
  9.76761
  46.5745
  54.7256
  23.2428
   6.0481
  22.1146
   41.924
  55.1507
  9.17818
  14.5177
  15.3473
  9.40123
  19.7448
  27.8281
  37.5135
  18.2285
    14.09
  24.0758
  26.6732
  28.4728
 0.425593
  4.03682
  2.29859
 0.756149
  3.10961
  51.1521
  51.0549
  21.1889
  14.3824
  17.8903
  26.3781
  19.4962
   1.7651
  23.3444
  24.0111
  26.9139
  23.0188
   15.956
  23.7458
  53.1299
  13.3105
  18.0326
  1.49955
   8.8522
  37.7826
  16.1328
  1.63147
   16.725
  31.3403
  58.0624
  51.9393
  3.89133
  8.26896
  6.20935
  52.8496
  55.7818
  2.92531
  35.3137
  45.0801
  9.76332
  14.3269
  26.8446
  5.55976
   14.222
  2.36348
  24.0231
  26.2894
   51.112
  34.9479
  14.8543
  21.0029
  4.21462
   25.814
  11.0884
  32.7163
  22.2296
  19.2588
  28.8685
  25.5421
  21.6084
   22.976
   13.566
  13.1175
  18.0231
  14.1762
  13.5537
  52.0982
  29.1856
  16.1548
  28.5423
  52.2131
  59.1574
  30.5142
  25.5483
  25.6795
  1.01054
  11.5962
  16.9412
  11.1714
  1.82626
  35.5476
  17.8917
  25.0629
  0.12573
  37.9118
  15.7604
  17.7565
  68.3064
   51.474
   27.367
  10.0983
  9.43597
  28.2513
  3.04946
  27.2808
  0.79843
  9.70907
  59.4338
  18.3989
  8.94782
  8.60188
  31.2317
  9.04989
  41.0525
  41.5307
  11.8425
  18.5202
  26.7723
  19.4979
   57.336
  55.7442
  23.1487
  4.15506
  1.06437
  17.6531
  2.32199
    21.98
  26.4758
  1.94324
  26.2038
  31.5121
   12.218
  24.8445
  14.5343
  46.0861
  11.0637
  12.1941
  16.7013
  9.27849
  8.11431
  15.3272
  12.7174
  38.9388
  4.93283
  65.8579
  33.7036
  36.4551
  12.1343
   30.944
  31.4681
  54.2253
  26.9357
  7.54683
  7.71122
  15.4178
   9.1445
  53.8936
  11.9712
  14.2073
  11.1636
  39.9267
  9.91974
  21.6061
  25.5372
  26.1224
  13.7959
  15.7446
  18.9004
  9.89068
  19.1289
  28.1911
  27.7187
  30.0976
  7.99119
  4.97854
  6.63099
  75.7358
  30.2391
  3.08161
  47.7065
  52.9847
  22.4631
  4.56782
  29.4881
   28.893
  2.63703
  26.0151
  39.8303
  39.4669
 0.885796
  17.4147
  19.0618
  24.4329
  5.48319
  2.26361
  8.57806
  10.7737
  36.1996
  21.3811
  61.9485
  56.0576
  33.9524
  164.908
  4.20725
  8.67865
  37.8858
  15.2542
  3.38274
    25.88
  72.6595
  57.5846
  65.6373
   60.127
   16.673
  31.4516
    8.166
   17.961
  3.85984
  3.96288
  39.6829
  40.0985
  31.5039
  5.55735
  4.77724
  2.92022
  39.7735
  26.1871
  55.8896
  1.73228
  20.9749
  22.4988
  53.3535
  142.207
  4.25357
  5.66429
  18.4433
  62.3559
  54.3236
  55.6822
  53.9132
  57.8281
  10.7521
  30.1891
  67.0426
  60.4031
  25.3369
  20.1367
  18.6274
  20.4955
  66.7987
  26.1573
  46.5116
  38.5971
  48.8115
  5.16931
  22.9149
  17.8591
   10.358
  21.6461
  6.22336
  41.3572
  34.9239
  13.4217
  62.1467
   15.236
  10.5816
  43.2773
  7.81762
  53.5706
  41.0407
  3.75642
  8.37513
  27.9243
   12.827
  2.44938
  11.1322
  30.8946
  54.9329
  57.2173
  1.06701
  36.1015
  36.1943
  51.9946
  8.53904
  37.7867
  49.2267
  22.7127
  13.4623
  29.0309
  44.5512
  17.0968
  9.30198
  35.1662
  8.75358
   52.517
  56.4955
   59.106
  21.9979
  26.9945
  17.3627
  49.6566
  14.1037
  26.1885
  68.2246
  49.1519
  51.8422
  52.8779
  56.3178
  38.9461
  60.2919
0.0675193
   35.991
  53.9145
  57.6147
  56.1123
  39.0672
  7.58919
  24.8739
  19.6042
  6.23015
  7.79063
  20.2348
  20.3231
  43.4832
  10.5266
0.0349956
  6.04789
  2.17119
  57.5405
  46.1204
  56.5431
  58.4339
   40.922
  55.7332
  59.4422
  58.2917
  57.6674
  3.26467
  34.8381
  4.46461
  23.2758
 0.181786
  40.9542
  2.62239
  19.0893
   10.977
  18.8205
   25.052
  1.72466
  8.27303
  29.7511
  2.30314
 0.734389
  10.7081
   57.329
  51.7934
  41.4059
  8.27325
  42.6649
  19.3548
  18.2826
  57.0189
  43.7494
  33.8023
   2.5849
  6.61891
  7.64425
  11.5481
  2.57766
  2.65535
  37.4207
  56.8809
  14.3196
  58.2898
  55.9005
  56.2415
  50.8683
  55.0556
  55.4824
  34.6719
  55.7901
  37.0965
  7.66045
  32.0998
   24.257
  23.7892
  62.1466
  23.3381
  9.46093
  14.9347
  60.8699
  58.3243
  51.9548
  4.58562
   18.045
  58.2365
  14.6355
  52.6013
  42.9957
  49.6143
  1.13108
  59.1776
  56.9885
  8.04081
  20.9919
  0.81075
  11.5424
  53.0105
  51.8185
  63.3955
  15.0779
  9.45184
  13.7889
  13.0645
  4.04823
   54.868
   19.991
  8.41736
  17.3748
  17.9988
   12.915
  6.57776
   5.1401
  42.4202
  29.0023
  13.4777
  14.2246
  13.0094
  19.1871
  23.6565
  32.5959
  65.7069
  12.3705
  2.61604
  7.19223
  24.3823
   42.027
   52.102
  52.0269
  52.1795
  21.0933
  43.8897
  73.8704
  72.4614
  20.3693
   22.683
  9.66611
  22.0644
   51.627
  54.0847
  59.2304
  16.4614
  2.70192
  17.1952
  2.63428
  13.8988
  14.4621
  42.3176
  24.6242
   59.816
  22.0169
  54.7268
  36.7543
  4.78783
  9.42928
  21.1609
  45.1005
  55.7577
   39.161
  23.0598
  56.5588
  52.7759
  9.67665
  18.6344
  6.39378
   28.014
  22.2964
  70.9941
  75.2204
  25.7488
  25.8163
  71.9248
  73.5099
   30.031
  24.0189
  59.1464
  56.5396
  58.4808
  1.15232
  34.1892
  37.4445
  56.4348
  47.4401
   66.821
   20.199
  17.2122
  72.5076
  60.0347
  17.8193
  23.6771
  56.4904
  24.3502
 0.793773
  6.12129
  11.2888
 0.983868
  19.3969
  38.0006
  24.6736
  36.1606
  55.7829
  25.2623
  56.1596
   69.648
  56.8592
  67.1028
   29.963
  29.2059
  54.2479
  58.7296
  7.12083
  50.6958
  63.4528
  63.4716
  65.6944
  22.2061
  22.4817
   56.353
  29.7577
   56.145
  57.3063
  65.9909
  11.5662
  8.63652
  1.76414
  3.39061
  32.5893
  59.7593
  28.0463
  51.2837
  54.3438
  25.8658
  21.8378
  11.6425
  39.5305
  52.8556
  18.0328
   75.461
   59.925
  37.9529
  24.0044
  28.1506
  52.0116
  3.47402
  37.4562
  62.8707
    5.009
  5.94231
  41.3314
  17.1543
  6.67549
    59.56
  3.64093
  22.5595
  32.8814
  17.0497
  147.159
  3.77832
  57.0626
  64.2572
  21.6608
  7.27191
  76.5097
  54.5295
  55.4964
  49.7882
  19.7715
  4.69078
  69.8357
  11.8341
  33.2077
  59.4553
  49.5935
  15.6846
  26.9504
   56.154
  58.3258
  38.8473
  58.7952
  39.0659
  1.28328
  33.3221
  56.7625
  11.8639
  47.1259
  40.0461
  34.6451
  31.4586
  14.7218
  40.9358
  30.3108
  14.1061
  25.3848
  7.85943
  18.3091
  26.2895
  7.92496
  24.7385
  9.30311
  19.5029
  50.1265
  39.2953
  63.5321
  72.1194
  24.1975
  51.5713
  21.4539
  3.23703
  40.6866
  18.5179
  22.4049
  60.8049
  22.5027
  44.9389
  5.57609
   33.454
  60.0398
  25.8087
  21.2893
  19.6025
   45.801
  24.3891
  7.83002
 0.610263
   146.35
  10.6828
  15.5304
  6.68823
  15.5467
 0.415992
  6.29795
  21.9829
  30.9277
  33.4676
  27.7608
  15.0712
  45.6074
  14.5276
  56.8938
  15.1131
  18.6086
  2.33295
  2.28623
  20.5704
  144.964
  20.2339
  3.23884
  65.8717
  60.1979
  46.1346
  55.4109
  51.4883
  13.2288
  15.9177
  21.3359
  29.3353
 0.942389
  26.9318
  16.0675
  28.8517
  10.0622
  32.1674
  32.0998
  16.2938
  37.1858
  132.611
  30.7215
  24.8162
  26.5763
  20.5026
  10.8929
  9.57394
  2.12633
  66.3657
   64.435
  10.3112
  8.71849
  3.56315
  37.2084
  20.6406
  18.8661
   60.704
  69.0901
  35.1531
  44.1668
  3.52655
  25.7338
  8.70315
   28.555
  19.2345
  1.37191
  8.03726
0.0530865
  8.89352
  18.1918
  9.00741
  11.6729
  16.1778
  39.8379
  15.7329
  2.50373
  66.9889
  36.2162
  36.4127
  17.4539
  8.39139
  22.9434
   4.6236
   11.079
   29.338
  31.7207
  28.0652
  8.89929
  17.6793
  12.2101
  16.2909
  4.10757
  20.0042
  28.6238
  17.6426
   9.0484
   1.1078
   18.782
  25.8717
  6.52921
  12.4272
  8.39918
  21.6383
  12.7183
  1.35746
  24.0049
  19.6468
  15.8044
  26.4385
  12.6294
  13.5348
  19.2343
  4.11552
  4.29279
  4.80159
  16.0274
  31.3954
  31.2194
  1.49598
  17.2975
  43.6655
  3.45539
  3.40773
   7.6003
  2.57498
  7.27858
  7.69253
  46.5583
   4.1298
  17.3649
  21.4562
 0.700329
  29.1886
  14.1127
  19.1716
  11.2612
  11.9288
  32.4373
  27.5717
  70.5403
  27.2363
  13.0658
  22.3037
  22.9547
   25.397
  27.8233
  16.0384
  39.7379
  79.8559
  77.8036
  86.5205
  17.8855
  75.9384
  79.1124
  79.0278
  80.6648
   86.538
  74.6877
  23.0849
  25.9758
  70.2077
  56.7975
  3.99362
  66.2289
  65.9626
  27.3813
  77.9285
  71.8034
  61.8797
  61.8688
  66.3892
  60.7117
  82.5753
  12.8267
  68.7442
  3.39841
  18.5291
  39.3745
  44.0354
   28.336
  24.6419
  9.91927
    33.43
  80.4424
  58.3764
  39.3113
  37.0841
  21.9459
  19.1672
  59.9986
  66.8297
  87.6705
  83.0445
  86.6851
  84.7731
  82.8261
  81.4505
  21.9896
  85.8309
   81.506
  81.3778
  11.1494
  27.0105
  67.4123
  19.1672
  28.0837
  43.5987
  26.8668
  69.1823
  33.5672
  5.04302
  1.62496
  73.6192
   64.836
  18.5505
  13.8716
  65.9479
  66.8297
   80.172
  76.9414
  77.6091
  17.2699
  76.7888
  83.4975
  32.2226
  45.5421
  87.1883
  69.8527
  44.0693
  82.0479
  86.2525
  79.6099
  72.4601
  70.9535
  18.7314
   18.752
  22.0973
  9.40797
   82.274
   32.343
  66.3973