  10.8295
  20.3131
  7.34798
  4.06343
  7.27839
  11.3558
  7.39393
  10.2211
  21.5803
  13.7704
  4.10934
  16.6373
  11.3631
  18.8735
  21.7663
   7.6659
  9.97095
    10.84
  15.8404
  13.9859
  18.4702
  17.7753
  14.2882
   13.608
  31.8548
  28.5383
  25.3058
  2.06293
   5.4792
  24.9299
  24.0021
  3.19049
  19.2159
  18.6799
  3.28225
  13.5339
 0.091975
  14.3828
  12.2177
  5.67522
  3.45682
  11.2033
  6.80552
0.0328654
  18.2811
 0.366919
  7.52605
  1.34731
  3.42129
  9.13367
  16.5643
  3.36491
 0.399971
  9.44056
  16.5231
  1.02174
  10.1759
  5.09199
  8.12097
  9.75094
 0.255744
  4.98588
  3.73175
  3.32963
  6.56331
  11.1003
  25.0879
  17.3817
  23.3024
   18.977
   0.5089
  30.4052
    12.63
  3.11018
  7.91369
  1.89053
  31.8503
  6.99139
   7.8745
  11.9462
  8.57392
  11.0257
  0.77527
  10.4642
  2.53267
  2.36204
0.0148408
 0.710638
 0.815391
  5.39108
   6.6524
  1.07347
 0.331137
  5.11733
  5.73698
  10.2309
  15.0437
  20.3765
  20.7593
  20.5703
  7.20559
  32.2503
   29.897
   5.3302
  20.3853
  0.84266
   21.954
  23.7053
  26.4618
  27.1075
  24.6994
  13.5537
  15.6167
  12.3969
  9.37305
  12.1882
  1.33918
  8.84137
  13.4448
  1.99152
  14.8361
  10.6078
   12.261
  12.7465
  3.44794
   15.823
  14.6387
  3.36893
  13.6571
  16.2538
  4.25363
  13.5177
  7.86037
  10.6627
    5.678
  4.65324
  6.98558
  3.91422
  22.4739
  5.93891
  21.5774
  16.4099
  31.1833
  7.99167
  4.76373
  20.6033
  18.2153
  11.0556
  14.2101
  5.53377
  19.2337
  1.47256
  17.6745
  4.21817
  25.3489
  22.4163
  11.3896
  26.4941
  21.9219
0.0361791
  5.90479
  6.67664
  3.32205
  8.25952
  10.9819
  6.94506
  7.98766
  11.5075
  16.1475
  26.4003
  25.6206
  3.33617
  12.4915
  5.18417
  13.1508
  13.3605
  6.58121
  12.6932
 0.512553
  14.3803
  12.5272
  16.4641
  4.02459
  8.60915
  38.1362
  9.61864
  19.9886
  3.39916
 0.992292
   5.0378
 0.110539
  3.16345
  17.6898
  18.6697
  17.3166
  20.4168
  14.2243
  11.2764
  17.8365
   16.401
  9.62003
  3.72961
  3.37804
  27.3459
  2.14447
  23.0054
   13.065
  15.8092
  19.2985
  15.8199
  2.26562
  24.9692
  17.1812
  10.9892
  1.39653
  9.33673
  21.2597
  27.8523
  5.46121
  15.0336
   1.5328
  17.3415
  28.4336
  28.0165
  10.1407
  6.49817
  11.8126
  9.69238
  9.15701
  6.31447
  3.54145
  20.8841
   35.252
   23.591
  16.4903
  12.5841
  20.6902
  19.1614
  30.6113
  31.6655
  6.66087
  18.4043
   24.162
  14.2985
  19.9581
  7.93669
  5.13098
   3.9291
  6.62615
  25.7456
  23.4049
   8.4312
  35.4697
  16.4237
  5.37392
  6.94359
  14.4974
  14.3993
  4.96825
  1.04666
   22.215
  17.4553
  9.68648
  29.5606
  3.76777
  4.84902
 0.468291
  9.36517
  1.29132
  1.61406
  3.51322
  2.43738
  29.6943
  17.3572
  11.5224
  7.91763
  19.0864
  9.70955
  20.8655
  22.4411
  14.1641
0.0904276
  7.69238
  8.97822
  11.3981
  12.6153
  30.3777
  17.5688
  16.5965
 0.376431
  7.33223
  9.61277
  11.6276
  9.52157
  13.5154
  14.5666
  18.0562
  4.96278
  18.6938
  19.4725
  9.82493
  6.22915
  3.40698
  23.7527
  6.84764
  20.1069
  6.10806
  26.6912
  24.3091
  19.0947
  2.75962
  8.92528
  5.94295
  9.57488
  1.35218
  24.9897
  10.4748
  9.90148
  15.1314
  15.3415
   29.692
  2.88098
  9.15983
  16.0562
  1.28714
  31.7978
  18.5456
  22.7227
  5.17614
 0.751626
  25.0811
   20.373
  9.06195
  13.5877
  7.36482
  16.8729
  18.4706
  13.2198
   6.0455
  15.6824
    7.751
  22.5085
  5.19765
  3.82396
  8.60965
  4.43472
  24.1936
  3.69479
  4.50354
  10.4825
  19.7668
  14.5875
  13.3709
  1.08586
  9.28903
  19.9118
  6.86266
  1.32584
   10.552
  7.47564
  3.16627
  12.8304
  12.7444
 0.663006
  4.65349
  5.80325
  5.68228
  11.3538
  2.76434
  5.12578
  30.9313
  1.68146
  12.3878
  6.78097
  18.9404
  13.7153
  14.5749
  18.1367
   14.906
  6.45157
   18.472
  20.5564
  3.02286
  8.12975
  8.38838
  17.6447
  14.2288
   9.3195
  3.52719
  10.6748
  4.74739
  17.6214
  5.02346
  15.5992
 0.799996
  5.45324
  2.23609
   8.7758
  8.04525
  5.13888
  8.26338
  7.87622
  32.0543
  24.3228
  10.2327
  3.58532
  25.6643
  2.33013
  19.8142
  4.18613
  1.38201
  8.17915
  9.79107
  4.51066
  7.69392
  18.9491
  6.19778
  17.1619
  16.4625
  19.0344
 0.673289
  20.0372
  1.52403
  5.81217
  11.6746
  7.46383
   6.3776
  16.3963
  17.8587
  37.2339
  3.29826
   15.925
  8.55391
  2.08999
  12.7608
  6.94629
  10.8507
  6.01056
  4.65412
  9.99309
  3.99554
  14.8707
  11.1987
  5.75812
  2.49227
  12.9141
  4.33051
  10.0246
  7.42578
  9.80969
   12.163
  33.9569
  6.59629
  2.10525
  1.18853
  3.10105
  18.5085
 0.432087
  1.37217
  6.56983
  1.88377
  3.84709
  7.15184
  11.1467
  23.8185
  21.7256
  9.60662
  14.6765
  14.3265
  1.32531
  15.0656
  11.0099
  7.24336
  3.81615
  2.39772
  17.5667
  16.2859
   7.6159
  1.61078
   6.5933
 0.451262
  5.95803
  5.14894
  2.88081
  3.54394
  6.94152
  13.9177
  3.70438
   4.6414
  4.04191
  6.32872
    4.899
  7.14937
  7.58247
  5.59098
      2.6
  23.6772
  3.41874
   16.115
  12.6913
  13.2423
   7.7772
  4.44349
  2.71834
  24.8054
  4.49135
  11.1621
  1.51585
  2.41484
  4.27981
  8.87925
   18.861
  12.3322
  25.2405
  8.01297
  1.58675
  12.7771
  2.05185
  4.00575
  10.0385
  12.1222
  5.80156
  20.5892
  19.4629
  3.90445
  22.0687
  7.28448
  7.46995
  22.6234
  3.26174
  11.3615
  11.1116
  16.3236
  19.1077
  4.23781
  7.93787
  3.78983
  4.72516
    20.39
  27.1332
  3.14319
  2.74776
  9.19221
  30.0625
  4.84999
  4.49892
  16.8415
  5.25454
  11.4449
  7.62862
  16.8181
  10.6424
  9.70895
  30.4422
  20.5938
  21.9538
 0.686944
   6.9424
0.0577834
  11.3141
  5.27964
  2.67616
  10.8024
  5.31991
   11.867
  1.80893
  2.98824
  8.14623
  13.9157
  2.80694
  6.83694
  6.13039
  3.19324
  9.08366
  4.25794
  18.2295
  2.98667
  3.97678
  2.35224
 0.237509
  5.90107
  1.10815
  2.03472
  10.3416
  13.3804
  3.98635
   21.061
  2.61077
  16.1901
  1.12804
  23.2214
  4.56797
  25.2595
  1.94804
  1.44007
  14.0303
  3.35858
  10.2963
  11.5927
  6.76938
  10.8403
  2.16917
  13.0503
  6.11201
  2.22843
  2.92302
  6.13167
  36.7753
 0.369531
  13.9153
  8.69729
  11.4663
  28.1677
  7.12276
  29.2141
  14.9139
  15.5558
  0.24815
  9.05111
  16.2812
  10.8799
  9.94618
  4.95527
  3.22279
  12.3507
  1.45696
 0.969908
  5.74698
   18.003
  18.0976
  1.63527
  7.96251
  19.6595
  11.8573
  1.92247
  5.58291
  28.1261
  7.29446
  1.71831
  6.28523
  14.8919
  8.60794
  1.99704
  32.4027
  40.2132
  43.8606
   22.265
  5.38827
  5.47884
  16.7429
  19.2471
 0.385804
  1.24739
  5.74096
  7.94748
  22.1557
  20.3434
  9.41232
  4.63737
  3.48657
  18.5322
  3.04366
  18.5601
  22.4162
  23.2545
  7.18784
    23.63
  1.79616
  20.9198
  38.1457
  4.33562
  2.47753
  35.8506
  34.5059
  4.26132
  1.97495
  5.25583
  41.5424
  1.19485
  36.0908
  13.9707
  18.3361
  7.77765
  7.70526
  3.53649
  5.75348
  7.81882
  10.5911
  37.5368
  6.15151
  13.0591
     6.46
  31.3729
  50.2556
  25.4565
   3.1775
  28.7016
  15.4577
  11.2497
  1.08883
  26.9006
  4.41945
  3.88814
  7.87429
  10.0636
  0.97145
  1.84255
  20.7365
   31.938
   5.3985
  7.35859
  19.3423
   27.267
  12.4925
  30.3947
  3.10942
  9.84848
  17.6807
  7.34606
  11.0837
   23.235
  21.1571
  22.9565
   17.428
  5.54723
  24.0324
  8.03261
  3.22528
  22.3759
   12.348
  21.1982
  18.3452
  36.1896
  21.7108
  1.50612
  7.36335
  2.86784
  15.7973
  16.3948
  19.5859
  2.98525
  27.6442
  28.1758
  3.06581
  14.0449
  14.7515
  21.1893
   13.566
   5.2264
  6.63539
  32.6816
   16.031
  7.94689
  24.1148
  5.51263
  15.3605
  5.74377
   18.155
   5.7157
  8.84417
  18.4901
   12.311
  4.45096
  11.8261
  16.0602
   20.515
  11.8762
  22.6805
  22.4939
   17.388
  15.8264
  22.2807
  6.44938
  11.1694
  11.0351
     2.42
  4.58053
  5.80795
  18.1164
  5.04233
  17.0264
  15.3121
  6.44931
  19.6873
  5.09858
  13.3647
   18.553
  27.4558
  7.44445
   6.5413
  21.2255
  1.56448
  10.8369
  13.3081
  19.0225
  19.7728
  3.71774
  6.58984
  4.50289
  6.63206
  38.1982
  14.4503
  5.31334
  9.26525
  8.63159
  14.4969
  17.1521
  22.1252
  9.30877
  18.0952
  14.9862
  8.86632
  13.0212
   4.3389
  32.9678
  15.9156
  13.7573
  18.1987
  17.4071
  41.7829
  1.15547
  3.37861
  12.8422
   1.8456
  30.1027
  18.0892
  30.0769
  13.6408
  19.0664
  13.8347
  12.3642
    13.05
  7.66136
  18.9002
  6.08894
  0.71082
  8.73781
  8.68199
  8.10278
  11.6826
  13.1296
  3.15895
  13.5291
  8.53339
   4.7295
  17.0676
  9.29678
  3.76489
   21.551
  7.57857
  2.49014
   13.808
  6.23206
  5.08863
  7.24882
  41.1997
  34.7421
  30.4873
  2.74615
  6.14791
  9.46324
  10.6175
 0.501258
  22.1062
  39.8794
  27.0696
  24.2938
  2.26296
  20.3767
  13.9419
  10.8864
  11.6744
  35.4815
  30.2907
  15.4534
 0.558834
  13.5819
  7.53981
  12.3083
  12.5798
  3.52037
  6.71825
  8.08333
  18.7019
 0.502964
  5.70418
  1.00281
  24.2394
  18.2153
  28.8406
  32.3323
  21.9343
  5.87655
  6.16867
   13.169
  6.12569
  5.28639
   22.205
  32.9688
  7.75439
  14.3816
  10.0181
    20.99
  4.05489
  14.7574
  55.7316
  7.21233
  5.81772
  11.3269
  2.99759
 0.397175
  11.1378
  19.3848
  5.61265
  35.8171
  45.3655
  51.6465
  22.9125
  18.9928
  7.11984
   21.249
  5.80515
  4.78484
  16.8841
  37.2967
   8.0965
  18.6795
  50.7291
  17.2378
  17.6008
  10.0981
  5.54408
  7.66523
  3.93819
  14.0828
  1.21523
  5.77144
  39.8957
   38.355
  46.9942
  4.41649
  21.8429
   38.027
  15.4728
  11.6817
  7.24905
  12.4303
  35.4099
  46.9254
  7.93379
  13.7613
  50.5095
  2.78874
  27.2412
  14.5956
   15.282
  5.14067
  33.9405
    17.45
  2.69409
  15.2951
  8.97713
   50.085
  16.4456
   7.1617
  35.8141
 0.648702