   11.4228
   13.1401
   20.7855
   2.21328
   1.05493
   2.16344
   11.4538
   9.41981
  0.143053
   2.30116
   16.7662
   13.2657
   15.2851
   1.06065
   3.47403
   26.2936
    23.818
   2.07977
   2.24863
    6.0911
   5.11645
    2.9401
  0.815281
   3.08279
   1.22216
   3.12902
   3.02822
   5.65003
   15.3359
   21.0352
   21.0649
   29.9834
    15.452
  0.312255
   12.7873
   9.32708
   2.09241
   2.78178
   1.88159
    15.332
   18.4624
   16.6516
   10.1131
   23.3337
   175.376
   176.027
   5.72663
   9.79922
   12.2735
   21.3691
   5.40172
    7.7303
   19.0157
   22.1255
   6.70119
   2.78648
   13.3296
   3.57245
   6.58718
   1.75769
   2.51791
   8.31465
  0.487963
   3.32627
   6.34778
   2.98136
   9.97328
   10.5837
   8.18668
   8.14186
   3.53921
   7.99435
   4.61409
   8.34681
   24.1245
   15.6433
   23.4713
   23.3847
   30.4634
   0.47661
   15.4047
   4.63211
   5.75704
   3.76963
   3.44319
   2.58365
   3.19126
   3.59726
    5.1552
 0.0905319
     3.578
   7.41756
   3.89638
   6.55511
   3.23748
   1.21176
   5.55816
  0.749354
   3.07911
   15.6025
   1.86859
   16.0277
   12.0806
   16.9961
   2.47579
   5.57881
   5.22739
   11.7412
    4.7135
   7.59243
   7.24068
   1.93053
   6.59989
   0.16499
    5.9171
   14.5026
   8.03885
   2.25357
   2.88396
   3.49617
  0.329533
   2.90272
  0.400149
   2.38879
   9.22077
   9.89703
   11.7009
   3.47909
  0.716177
   4.46831
   3.44439
   1.61763
   6.35469
   8.92344
   2.08022
   1.56719
   4.76942
   11.9502
   28.8401
   171.323
   2.90627
  0.693204
   168.541
   9.68889
   11.5825
   16.4543
   13.4118
  0.839038
   1.88381
   7.95687
   12.5086
   20.7308
  0.263682
   11.7662
   23.3315
   8.77822
   13.5056
   171.944
   12.2254
   21.9608
   12.2126
   9.01863
   11.4847
    31.444
  0.105991
   6.65397
   14.3205
     31.08
   5.07537
    7.5146
   10.1415
  0.799476
   17.8187
   18.7959
   20.6967
   25.2231
    7.3996
   19.2218
   5.06288
    28.573
   8.92526
   5.86808
   3.26632
   2.57561
    2.9209
   3.44628
   2.44212
   5.58495
   12.3876
   9.84412
    21.809
   18.8108
   23.6967
   20.6588
   8.36525
   5.91274
   2.22323
   6.99609
   18.8791
   16.5375
   18.2508
   18.7723
   5.36741
   10.2291
   23.1993
   6.36748
   2.07141
   2.92607
   16.4062
   8.84883
   13.9604
   4.99744
   4.94186
   10.4864
   12.3731
   16.1772
   16.7652
   10.0219
   4.91999
   10.7729
   5.15671
   13.9253
   29.2961
   21.1348
    3.5121
   13.7138
   2.93766
   7.30574
   1.36319
   4.94402
   2.92536
    1.2738
   1.87084
  0.195091
   2.63323
   3.02095
   2.62549
   6.30464
     24.67
   7.44596
   11.0454
   11.0726
   17.8115
   14.8069
   23.8774
   13.6372
   3.51315
   4.13152
   12.7802
   3.04716
  0.674951
    14.265
   5.74758
   4.56359
    21.345
   21.9283
    1.7747
   3.25513
    3.7758
    2.7193
      5.41
   4.89401
   7.83292
   4.74585
   1.16235
   6.11474
   14.9598
   5.65727
   5.74488
   1.36689
   1.02859
   2.37921
   5.91837
   15.8785
   6.37936
     6.099
   10.2016
   9.88643
   9.80538
   8.81933
   4.65596
   19.7284
   170.122
  0.979267
   8.32196
    169.87
   5.34776
   9.57277
   11.1306
  0.912343
   5.37953
   16.3976
   18.1937
   8.20314
  0.593476
   14.9205
   13.5788
    9.5926
   16.6865
   7.02435
  0.216059
   2.96766
   163.347
   6.97387
   175.415
   16.4224
   20.5374
   3.48579
   12.5413
   11.0871
   8.50245
   16.0527
   22.3096
   4.81828
   8.29131
    12.119
   10.4209
   5.66857
    1.3232
   14.2111
   32.7012
    1.3175
   9.57354
   11.5573
   165.243
   22.3367
   2.39096
   1.16741
   6.72147
    1.9048
  0.405295
   11.3655
   12.5099
   3.45943
   2.00183
   3.34127
    6.1488
   5.51141
  0.968836
  0.347217
   2.96665
   1.05523
   3.22051
   13.6723
   4.44375
   5.85158
     1.925
    5.2507
  0.884983
   19.7154
   27.5355
   4.50631
   8.78597
   8.31117
   1.57795
   9.70584
    4.8328
   5.04634
   7.60411
   9.95583
   10.0312
   9.58646
   13.8693
    2.8106
   4.18066
   17.4898
   26.9445
    16.529
  0.432506
   2.24754
   4.01414
   1.79142
   3.98589
 0.0198958
    11.683
   8.31653
   8.61403
   10.2099
   5.28863
   3.44156
    10.695
   3.27929
    1.0619
  0.761255
   19.8993
   6.76235
   22.0055
   14.9329
   1.83517
   17.7076
   13.1664
  0.813589
   19.3738
   8.80002
   12.9397
    9.0833
   3.41387
   6.66314
   15.5969
   10.8513
   29.5268
  0.146528
    22.795
   2.11572
  0.897043
     16.59
    30.084
  0.647128
   6.80472
   3.08263
   1.46329
   28.8188
   29.4503
   12.1444
   8.39562
 0.0972729
   23.1746
   3.84073
   25.2077
   1.42294
   12.4789
  0.997213
    6.0681
   0.95199
   4.68846
   15.2534
   2.50859
  0.405367
   5.86895
    3.2156
    3.5408
   4.25616
   1.78538
   3.60349
     5.969
   9.39252
   10.0257
   24.9373
  0.442447
   8.83888
 0.0770134
   1.30212
   4.20964
   1.76247
   2.96483
   25.9557
   22.0097
   8.42926
   13.1325
    4.4996
  0.464675
   11.1302
   4.49307
   1.10654
   7.93566
   10.6387
   5.59818
   17.8775
   7.59961
   14.5465
   14.2735
   5.18247
   13.2613
   9.66424
   19.1953
   5.80792
   6.58016
   15.8348
   13.5271
   1.68315
   2.26129
    1.9048
   5.26867
   22.9843
   5.55816
   24.3047
   25.8647
   7.44539
   4.55669
   4.81358
   7.41369
   6.88333
   35.0211
   175.499
   14.2928
   5.77869
   5.86176
    4.5659
   3.32022
   11.2389
   35.9226
  0.157421
   10.9558
    7.6429
   12.8698
   14.1611
   12.9363
   3.33757
   7.56562
   21.3951
   13.7841
   20.2877
   1.91338
   3.05269
   2.63982
   6.25558
   8.04434
    2.3938
   3.42366
    2.8051
  0.417138
    26.305
   6.64969
   172.398
   30.4392
   10.5882
   14.0474
   9.65221
   10.9297
     14.91
   8.59171
   1.65603
   1.87473
   10.5586
   8.71281
   9.55609
   2.43737
   1.13074
   1.99609
   25.4936
  0.721702
   8.24532
   5.94229
    2.1505
   4.81352
   14.5442
   36.8952
   5.53641
   6.12446
   9.58469
   1.99907
   18.7849
   6.23541
   7.37684
   5.21317
   10.0146
    0.4302
   2.12035
   22.4354
   6.65551
   2.27186
   14.1364
   5.83605
   7.53459
   1.01865
   167.028
   4.28091
   7.05907
   17.4238
   2.54136
   7.85641
    8.0463
    19.537
   15.3966
   24.5445
   12.6481
  0.488006
   2.95363
   12.6591
   12.9212
   3.26959
   9.27872
   2.32243
    4.4777
   22.3086
   0.58441
   2.77733
   25.4809
   2.52626
    2.7995
   9.29039
   2.14282
   2.38299
   4.93924
   13.8579
   19.2284
   3.24466
   1.71771
   3.13222
   0.95284
   7.96817
   9.89542
   10.2512
   4.28628
   1.96783
   5.83484
   18.9762
   11.5188
     2.038
   15.1074
   22.8316
   5.48797
   7.43191
    3.2274
   13.6153
   8.09648
   19.9834
   21.1804
   12.6985
   27.6252
   1.14612
  0.729379
   4.39399
   2.75282
   7.96824
   7.59223
   14.7554
   26.8556
   7.73403
   15.8783
    6.4111
   19.9208
   2.48977
   1.41181
   11.7736
   10.8441
   6.98036
   4.93493
   4.12005
   2.87042
     7.838
   9.73949
   6.03768
   19.7588
   15.6616
   7.80857
    1.1913
   15.7562
   16.6348
   11.4821
   15.6273
    18.945
   1.57012
   175.843
   12.1844
   2.04098
   1.62301
   3.02434
   18.1269
   10.5601
   5.47002
    14.491
   4.82719
   7.04812
   4.88419
   1.00257
   15.6915
   36.9681
   14.3784
   19.1653
   24.9977
   2.51343
   14.7107
    3.6855
   14.4738
   4.20639
    13.952
   6.36184
   8.60124
   2.57864
   8.98064
    36.306
   18.1826
   7.21426
   4.25221
   3.62197
   4.90093
   6.67649
  0.013906
   14.0798
    24.876
   8.38855
   11.6566
   8.65191
   3.68266
   1.75649
   6.34927
   8.90144
  0.159789
   7.78362
  0.374639
   2.47239
   2.77486
   17.3828
    8.7778
  0.206696
   7.69019
   1.52526
   15.0046
   8.32454
   19.1017
   10.9709
   4.58229
   4.45512
    33.253
   3.85432
    5.8735
   3.49392
   8.43398
   6.74139
    19.161
   5.56927
   7.43518
   15.1825
   14.3732
   11.8632
   3.70794
   4.82089
   5.25291
   23.5604
   7.89568
   10.0967
   18.6549
   2.01034
   3.85872
   20.4698
   2.85278
   2.19548
   2.73536
   2.19539
   19.4218
  0.175456
   1.09794
   37.0751
   16.9964
   18.2228
   4.66642
   3.87754
   4.31244
   17.8246
   2.24452
  0.069532
   1.16851
   3.04155
  0.102322
   1.61615
   13.6811
   3.53339
     26.07
   3.24432
   13.0271
   8.00783
   4.63145
   20.2077
    3.8388
   5.17516
   1.52457
   17.2846
   3.27936
   6.02367
   3.40317
   9.17441
   1.30947
   4.15674
   18.5666
    19.185
   16.2159
   23.0171
   3.05242
   5.60507
   13.8284
   9.52246
    18.939
     6.176
   2.30073
   16.0431
   6.64795
   15.5085
   4.65916
   3.84232
   1.06741
   29.8122
   15.6294
   29.3324
   14.7458
   1.72639
   7.89301
   11.5457
   1.44673
   4.69933
   19.6774
   4.81621
    0.2633
   7.38577
  0.239293
   18.8744
   9.13727
   6.52453
   1.10592
   19.8525
   13.6905
   3.44409
   7.26356
   10.5256
   10.8136
   7.93789
   5.38353
   7.06293
   23.6871
   3.79094
    16.218
   31.4979
   21.7567
   21.0643
   8.18622
   5.42687
   15.8742
   31.6947
   3.75231
   6.52074
   11.3362
   21.2825
   5.79969
   4.46664
  0.598234
   14.4679
   5.43735
   3.32028
   5.22615
  0.861898
   26.4787
   11.5867
   15.2137
   7.36623
   14.2917
   4.23955
   25.1976
    18.104
   5.69051
   6.40735
   15.8864
   7.30671
   2.18769
   1.99334
   2.65539
  0.102639
   4.88238
   4.38021
   6.58391
   4.84717
   18.0141
   45.7293
   45.0854
   41.1137
   54.2459
   55.9285
    56.752
    60.203
   3.02968
    2.7862
   15.5268
   20.8173
   5.45099
   17.3891
     1.997
   14.5831
   1.27202
   4.93768
   4.01018
    7.5467
   27.4075
   8.37365
   15.9144
   15.3092
   11.7401
   1.21674
   12.3722
   13.0536
   10.1271
   28.6445
     10.55
   17.2528
   5.02289
   15.6648
   12.0546
   29.3963
   1.82807
   5.76144
   19.2874
   15.8851
    15.316
   13.9864
   2.34133
   3.85282
   1.90028
   13.1985
   14.0507
   15.8092
  0.627669
   12.2406
   1.22725
   23.9475
   5.68836
   7.07258
   18.3457
   2.84338
   18.0308
   22.9667
   7.89933
    4.2067
  0.788693
   8.92706
   1.45292
   12.9385
   3.48832
   4.71636
   7.24272
  0.457396
   11.5965
   12.8189
   12.7965
   11.9518
   8.69535
   16.4511
    7.7502
    11.596
   18.1183
   21.7233
   2.07724
   16.5546
   10.9521
      3.14
   2.12834
   1.51441
   14.1859
    19.004
   12.2319
   22.6598
   26.1772
   6.39635
   4.47106
   15.0783
   26.4795
   28.7692
   3.19281
    18.535
   14.6018
   9.96395
   4.89742
   16.7343
    3.2353
 0.0875924
  0.624033
   3.41671
   8.93479
   16.6082
   3.07097
     10.55
   6.14777
   1.80314
   7.30892
   4.25091
   17.2447
   18.8184
   4.87452
   6.00948
  0.624032
   13.4023
   12.6492
   21.2105
   26.7453
   5.90412
   5.15557
    8.0989
   5.92565
   0.38512
   14.9995
   4.64577
   6.30218
   7.25822
    18.328
   10.7986
   9.17182
  0.647508
   9.11453
   3.42103
   18.1904
   15.7907
   2.21451
        13
   2.84498
   28.2431
   15.5099
   6.18868
   12.7878
   2.58254
   32.8138
   31.0781
   3.03103
   1.12114
  0.969271
   12.1973
   20.2186
   4.36568
   13.5514
  0.764827
   18.0721
   6.19904
   14.9017
   10.4052
   12.0896
   4.27692
   19.1575
   1.93117
   19.3763
   24.8183
   7.26453
   7.01798
   5.15145
    12.706
   16.7282
   10.2538
   13.2617
   27.5937
   6.51863
   25.1019
   22.5161
   7.74056
   17.1265
   7.19842
   3.09862
   4.20513
   28.7485
   34.8358
   5.78632
   16.0563
   9.76953
   31.0417
   33.0417
  0.598723
   2.70427
   25.7241
   29.3538
   21.6545
 0.0641723
   11.1274
0.00521292
   28.2657
   24.3598
   23.4565
   10.4136
   14.9705
   19.1591
   21.1121
   29.0074
   1.95177
0.00660364
   28.5699
    11.288
   4.83532
   4.30934
  0.139731
  0.954557
   7.00146
   17.1226
      42.2
   33.6832
   17.2042
   2.59008
   2.44634
   12.6797
   12.7587
   29.4269
    27.668
   24.9877
   26.3883
    1.3991
   7.42329
   22.0428
   39.6934
   23.3048
   14.4746
   16.0667
   22.9883
    23.151
   20.1535
   30.0529
    24.766
   36.3837
   7.53975
   6.23652
   3.43743
   23.5078
   179.942
   19.4268
   33.4568
   8.08021
   7.68123
  0.847686
   14.1957
   13.9597
   28.7092
 0.0228485
    18.465
   15.9179
  0.461502
   14.9085
   3.60827
   2.81983
   7.08665
   2.04083
   20.0465
   19.3836
   36.8403
   22.5529
   10.7061
   2.56733
   5.41213
   1.31018
   11.4266
   24.7337
   7.02916
   9.27872
   2.60658
   9.25671
   19.7951
  0.674023
    2.0256
   12.8143
   10.6581
   9.19171
  0.651707
   20.3927
   1.22328
   3.32651
   23.1887
   24.2699
   3.32959
  0.666725
   34.2447
   19.1272
    6.6271
   1.74101
   28.0621
   7.43443
   9.13131
   27.4319
   5.76736
   22.0218
   3.70542
     17.02
   12.4796
   8.25707
   20.5909
   2.26878
   4.20339
   12.7654
   17.6856
   3.06582
   7.02546
   9.98919
   13.8197
   2.45922
   18.4365
   5.02685
   15.0293
   10.2634
    1.2246
   15.5412
   40.7399
   9.96684
   2.92738
   11.3244
  0.788885
   8.92872
    0.5868
   7.17958
   6.37906
   13.4533
   35.6391
   19.6583
   17.2106
   4.72364
   7.84062
   15.5141
   7.18284
   8.38974
   16.6634
   4.86684
    28.852
   34.4042
   20.0283
   24.1665
   7.01826
   24.0252
   1.31587
   21.3781
   5.10093
   6.80916
   4.93672
   8.22007
   19.1078
   26.5046
   9.45178
   8.76382
   15.7301
   17.8784
   22.7087
   5.17731
   12.4057
   9.66611
   162.351
   164.179
   0.22486
   2.22685
   5.76795
    1.6704
   29.8044
   20.9419
   13.4529
   11.8668
   12.4503
   17.9837
   9.76081
   1.20829
   27.1903
   39.1567
   5.13418
  0.310465
   17.0204
   8.80305
     6.003
   3.36203
   164.844
   29.5908
   2.29561
   4.55725
   55.8894
    55.902
   57.0326
   55.6511
   56.0017
   34.1487
   27.2701
   33.6932
   37.0477
    36.389
   3.50156
 0.0551716
    17.377
   13.4384
   6.47677
   7.70423
   2.47578
   49.6779
   51.9047
   45.8559
   44.3032
   18.1428
   172.416
   20.5466
   10.5668
   4.32362
   8.26062
   14.4551
   5.67998
   4.29998
   10.0378
   1.00074
   9.94184
   7.08895
   3.41793
   12.1068
    1.0925
   165.385
   11.4976
  0.419263
   14.0985
   12.8291
   167.424
   3.55544
   14.3289
   13.7775
   5.94847
   13.7415
   164.514
   4.36558
   14.6243
   11.9034
   13.0785
   172.303
   166.271
   1.32541
  0.748479
   7.77648
   20.8324
   2.91996
   11.5547
   3.91189
   4.63899
   6.36326
   16.0388
   5.13993
   21.2089
   14.2292
   19.6115
   48.3521
   50.9708
   32.6438
   2.62664
     9.552
   10.2426
   1.65379
   46.2183
   14.3796
  0.311942
   2.09943
    7.9905
  0.562691
   24.8012
   2.66907
   20.5896
   12.0905
   6.89597
   5.45106
   1.26538
   6.69592
   23.9899
  0.450871
    24.163
   38.8083
   46.5697
   48.7888
   21.1085
   50.9015
    53.731
   55.2889
   59.1475
   56.2138
   25.4147
   6.05308
   21.6992
     6.476
   12.2176
   32.9297
   12.7772
   55.7752
    57.203
   58.1326
   55.6137
   57.2395
   2.03077
   9.62016
   25.9038
    3.0987
   8.61588
   7.11368
   11.9339
   8.48652
   3.27249
   3.68637
   8.11895
  0.158832
   14.5732
   2.69689
  0.805138
   5.31675
    167.96
   12.7796
   15.3066
   13.5859
   5.97329
   3.12488
   10.0586
   14.4154
   8.52685
   21.5326
   49.0313
   49.9808
   55.1429
   10.8065
   17.3902
   6.90136
   24.9818
   14.7098
   21.6278
   165.598
   7.89962
    3.3768
  0.949752
   9.79394
  0.609706
   13.4909
   9.43583
   52.0698
   48.8455
   47.6422
   56.5214
     56.51
   45.4604
   9.52574
   17.1237
  0.900188
   11.3103
   19.9197
   6.27389
   13.1234
   5.53567
   19.9652
  0.562691
   9.46077
   3.21904
  0.683467
   4.50629
   13.9951
   25.7691
   2.66103
   5.26986
   6.70857
  0.725236
   4.18375
   9.23341
   5.23299
   5.04631
    45.726
   43.2134
   38.7982
   43.9939
   11.4555
   8.25418
   44.9678
    45.726
   41.8436
   5.11411
   8.78386
   13.8591
   12.5362
   10.7324
   16.7978
   14.2974
   17.2757
  0.984824
   3.13609
   32.0348
   47.6424
   0.71899
   22.4706
   17.3577
   31.6068
   7.33642
   3.56984
     2.692
     34.22
   35.3209
   28.8817
   4.30415
   34.1003
   8.63865
   0.71899
   6.24188
   5.72333
  0.400235
   8.24091
   45.7098
   38.2615
   48.6418
   6.47939
   32.2688
   31.9312
   34.1694
   36.0244
   46.6879
   32.2459
   30.7884
   14.6646
   54.8325
   55.0549
   56.2424
   56.1945
    56.781
   58.3454
   56.1518
    55.837
   57.5705
   56.6785
   58.9969
   62.4143
   57.4439
   49.3816
   50.9326
   29.5811
   54.8877
   56.8466
   47.0109
   45.6838
   4.81363
  0.152796
   1.03606
   47.0685
   46.3277
   59.7729
   54.5056
   36.3127
   29.1493
   14.4423
   29.2799
   16.8967
    55.764
   52.1486
   49.9348
   50.5409
   46.1222
   43.1472
   51.7429
   47.5528
   45.6293
   44.4002
   46.8582
   47.5792
    15.789
    3.4186
    5.8286
   39.2407
   41.0324
   43.7675
   45.4972
   31.6371
    23.315
   4.69921
   32.1672
   11.2949
   30.3786
   31.5816
   2.08515
   37.0288
   38.9374
   28.3672
   37.3843
    18.887
   46.1091
   7.82555
   33.2386
   19.1186
   1.43639
   7.91934
   11.6518
   6.56462
   3.89868
   9.46628
   2.24665
   45.1282
   2.32787
    2.7745
   4.73723
   6.51636
   21.5074
   30.4517
   48.2051
   42.9896
   41.4382
   43.6765
   45.9372
    46.651
   7.68488
   42.8428
    46.651
   42.5944
   58.7546
   63.6247
   55.7419
   59.9825
   1.18208
   44.1706
   45.5426
   50.6272
   51.3875
   7.24854
   32.9684
   20.2438
   50.0598
   47.1944
   30.3794
   15.2738
   2.51298
  0.651548
   2.50819
   11.4219
  0.138267
   47.6082
   48.9362
   51.5612
   56.6785
   57.8602
   63.5636
   57.2943
   50.5472
   50.2086
   56.3852
   55.8199
   57.7364
   31.0584
    0.3543
   8.35032
   4.77632
   2.29235
   3.31775
    36.238
    41.917
    43.143
   38.2959
   43.8089
   43.7926
   52.4134
   56.4699
   49.1131
   53.2875
   54.8216
   10.2814
   1.30282
   31.3764
    27.909
   1.42659
  0.417095
    48.945
    49.507
   55.9832
   57.0537
    56.032
   32.7314
   30.6609
   57.6326
    60.724
   57.1597
   57.8656
   55.3271
   42.5304
   50.5769
    48.137
   45.4236
   43.9789
   46.6377
   49.0382
   57.8519
   56.1734
    48.448
   58.2142
   42.2696
   42.9208
    42.731
   3.21288
   47.4388
   57.1897
   56.6146
   49.0512
   38.8971
   45.0099
   1.63534
   10.4342
   42.7447
   31.9312
   41.0847
   48.1275
   36.0664
   39.1228
   36.1296
  0.746876
   2.93868
   4.28789
   2.49521
    46.481
   47.0513
   52.5753
   43.3124
   51.0855
   9.55794
   10.6702
   6.17012
  0.252271
   1.31143
  0.977559
   50.9108
    56.567
   54.3224
   56.0798
   43.0429
   1.88989
   7.50291
   37.3053
   4.17018
   174.776
   31.8328
   42.0445
   48.8491
   14.8701
   7.81156
   56.5849
   56.0438
   59.3206
   51.6421
   43.7219
  0.449684
   13.4462
   3.42847
    3.9578
   2.97468
   1.40275
   1.56571
   7.22423
   17.4891
   48.8788
   45.7158
   43.6902
   50.5763
   53.6564
   51.6316
   59.4333
   45.1621
   38.2059
    47.941
   51.9012
   49.1061
   48.6912
   5.13839
   1.52516
   3.29287
   4.22046
   56.2564
   8.45402
  0.531751
   51.7969
    55.638
   49.7528
   51.4807
   53.3744
   61.1641
   2.75268
   7.37754
   6.94586
   57.9789
   54.4943
   41.4997
   43.0858
   56.0137
   55.1281
   55.5574
   59.2235
   57.7318
    59.423
   22.5435
   44.0409
   47.6601
    36.964
   52.0509
   19.2314
   34.3364
     29.91
   42.1989
   50.9413
   46.8532
    52.272
   47.6999
   46.7388
    63.581
   49.5283
   63.5617
   14.5715
   53.0022
    54.249
    55.365
   53.3851
   51.6947
   22.1164
   5.72992
 0.0961198
   3.18452
   48.3663
   46.8508
   48.1085
   47.0133
   46.8709
   45.1348
   6.08409
   16.0674
   57.6987
    56.457
   59.1024
   55.7594
   47.9992
   44.6842
   39.1102
   50.1729
   50.5178
   49.6183
   14.1739
   32.4863
   32.3513
   33.3202
    14.008
   9.52247
   51.3684
   47.9246
   49.8001
   55.5324
    55.499
   51.7398
   50.4187
   30.1598
   15.7158
   47.9758
   47.6523
   43.7126
   44.6687
    56.252
   58.1362
   54.8429
   48.8911
   49.3198
   51.3456
   51.7398
   57.1349
   54.4048
   56.7056
   49.9286
   174.998
   173.272
   56.7017
   2.37915
  0.617198
   46.4388
   60.1859
   56.4299
   56.4648
   47.3137
   43.4802
   51.3644
   52.0244
   56.9258
   53.9483
   45.6208
   41.8751
   51.3164
    47.847
    50.442
   50.5566
   53.8212