  1.71216
  10.1844
  5.63851
  5.25341
  24.9614
  25.3624
0.0454713
  6.60752
   6.1649
  14.3871
  32.1202
  27.9696
  31.2667
  12.9862
  16.5634
  11.4504
  24.2693
  26.3968
  27.2112
  27.2408
  25.1451
  9.45411
  16.0024
  8.21185
   39.201
  37.0427
  33.3093
  24.5998
  17.3034
  2.31225
 0.198389
  11.4516
  7.80431
  7.81541
  6.17152
  2.83944
  11.4761
  12.4226
  0.04557
 0.966823
  9.13035
   9.5413
 0.356084
  8.79481
   29.514
  46.5911
  39.2637
  39.3172
  43.9686
  1.34051
  1.42126
  8.03052
  3.12204
  10.9794
  3.68015
  13.9718
  35.5531
  45.1347
  2.78121
  3.87909
  10.6257
  3.14281
  11.4015
  7.09515
  2.25979
  9.10941
  9.31168
  7.31624
  8.86586
  13.0834
  8.53724
  3.34611
  2.38491
  4.65633
  29.5025
  37.1542
  40.8809
  39.2336
  39.6266
  43.5854
  29.7276
  16.3112
  8.37592
  12.0596
  8.55208
  19.9787
  22.2875
  29.1029
  29.2767
  30.2073
  10.9312
  12.7913
   10.556
  30.5162
  31.3593
  30.9436
  29.1179
  30.5731
  34.9483
    3.168
  2.96842
  5.58161
  7.94364
  10.6194
  10.3077
  16.0415
  7.53056
 0.323283
  17.0139
  16.4398
  17.2309
  11.3938
  11.8455
    12.88
  1.80811
  11.6254
  13.0355
  15.3773
   5.8472
  8.92235
  2.72688
  12.9187
  16.8224
  7.91993
  14.3819
  29.2334
  28.1665
    29.91
   9.6324
  3.60557
  15.2964
  23.8879
  4.75722
  11.7801
  3.91462
  5.32184
   9.2193
  13.5615
  17.3591
  5.38563
  3.66364
  1.07944
  4.09871
  2.89623
  1.93745
  23.3417
  5.95247
  4.38073
 0.805603
  2.32626
  8.05975
  39.2637
  32.9909
  36.6359
   6.4253
  12.6906
   22.805
  21.4703
  11.1488
  23.2858
  24.7104
  12.8745
   4.9744
  31.4766
  31.2508
  8.34171
  9.82968
  20.7882
  10.7174
  9.99761
  27.3234
  31.5084
  23.9825
  5.96328
  8.54867
   8.3726
  15.6078
  16.3112
   20.337
  25.6334
   6.5222
  1.28847
  2.96684
  3.20574
  9.49373
 0.662152
  12.0936
  5.36765
  5.78717
  12.2385
  5.36168
  4.24941
  3.03988
   27.918
   37.386
  1.72961
  37.3805
  2.78562
  12.2762
   8.3277
 0.804861
  35.5531
  36.8961
 0.830202
  13.9052
  22.3115
  25.5137
  17.6332
  16.9229
  13.9834
  27.9776
  12.9432
  12.4056
  15.2556
  13.0169
  3.66727
   15.108
  11.2101
  39.0534
  43.5658
  41.8684
  27.7925
  11.5502
  27.4127
    28.93
   3.2766
  6.52952
  9.50958
  17.4156
  16.3145
   20.328
  24.4438
  27.8205
  9.47847
  17.6194
  26.4556
  30.4094
  3.47908
  10.6157
  7.27068
  19.6559
  6.36087
  18.1993
  7.81934
  12.3008
  3.07398
  3.13038
  23.8682
  2.22055
  2.98781
  11.7765
  5.55785
  21.5455
   21.305
  12.7502
  30.5512
  12.0379
  20.9302
  25.8855
  10.2882
  28.3023
  26.1371
   28.086
  27.4759
  6.46313
  13.5913
  0.96846
  3.32299
   6.3261
  2.02052
  1.15114
  5.17359
  7.79377
  9.73493
  8.98711
  31.4933
  1.22083
  4.51854
  2.73376
 0.139831
  7.77167
   2.4222
  1.81807
  12.1078
   35.587
  28.0209
  26.7716
  3.21931
 0.688079
  10.4326
  8.57568
   13.018
  47.1263
  15.0984
  5.36346
   2.5561
  31.3676
  2.64301
  22.5501
  24.9753
 0.239856
  22.7656
  3.22091
  4.29227
  10.5303
  41.6866
  28.4671
  3.04106
  1.97591
  1.13889
  7.46574
  26.3884
 0.293405
 0.802489
   8.1871
  8.12267
  1.64923
  6.52881
  12.2948
  12.5651
 0.724854
  3.64963
  3.07957
  1.37027
  19.2441
  27.7961
  6.48451
  9.11659
  11.2798
  2.76945
  29.1031
  27.8746
  30.0426
  22.7884
  5.49079
  6.07819
  7.71249
  32.8828
  30.1513
  3.42416
  5.54656
  6.92464
  8.51152
  3.09953
  8.92255
  9.84669
  2.23508
  9.10008
   17.147
  10.0193
  2.89118
  7.45184
  3.78311
  2.15726
   11.175
  10.1565
  24.8213
  16.9429
  4.76442
  11.1896
  39.0461
   40.733
  38.1074
  42.2687
  1.96036
  9.80602
  1.03561
  9.36593
  16.0048
  1.19381
  2.85737
  10.2516
  3.73429
  2.63042
  11.1743
  12.6588
  4.94597
  11.8333
  11.1488
 0.607595
  4.72474
  10.9467
  10.6106
  38.2334
  46.5535
   45.329
  2.07257
  1.18346
  5.36274
   1.9034
   2.6103
 0.486463
  42.1631
  12.1757
  1.16749
  32.1687
  23.4197
  4.80288
  23.6704
  12.6957
  13.7614
  36.9479
  27.5703
   19.767
  6.79684
  16.3053
  5.17968
   3.0489
  11.6941
  2.76765
  16.9903
   11.907
  2.92362
  23.8884
   23.711
   26.072
  28.7416
   15.991
  9.98752
  16.7985
  1.00349
   14.945
  2.81185
 0.389532
  7.82332
  8.80218
  12.3742
  19.2427
  14.9599
  28.2666
  5.41247
  32.6105
  29.7761
   41.198
  37.4272
   14.488
  6.49094
  14.0082
  3.89292
  14.8514
  3.50964
  17.3811
  3.83694
  6.18218
  1.42476
  8.89473
  2.46667
  42.2225
  34.6796
   9.5749
  2.68812
  10.8999
  11.9926
  13.4371
  42.2711
  47.8632
  4.19471
  43.4431
  18.7508
  24.2275
  22.9024
  7.20229
  9.19815
  11.7658
  7.28427
  10.3805
  2.82834
   13.204
  14.1021
  7.71843
  22.0968
  6.92039
  2.79546
  33.8739
  26.4795
  7.71932
  17.9088
  1.31565
  18.3323
  12.2272
  21.9105
  43.0162
   42.392
  10.4471
  4.51057
   8.8565
  30.1777
  26.2043
  37.2219
  14.4025
  33.4556
  37.9413
  9.20995
  9.37524
  3.52341
  19.9105
  21.1387
  5.66716
  15.6271
  6.24943
  18.6194
  16.0786
  24.7504
  14.5862
  17.0967
  30.7825
  11.5018
  4.40148
 0.993315
  11.8008
  2.98386
    15.46
  24.1623
  4.55799
  35.6087
  40.9541
  8.30092
  18.1369
  4.96365
  9.87609
  8.32095
  20.7906
  11.7315
  10.1283
  12.1369
  15.1443
  23.9404
  16.4322
  8.97525
  3.77293
  15.0263
   7.1416
  12.3439
  6.25664
   18.956
  25.4336
  24.5722
  1.89105
  34.1165
    8.337
  9.02534
  11.6154
  1.67098
   11.996
  26.8525
  30.1158
  15.0666
  17.0673
  14.6638
  14.8494
  16.2507
  26.3823
   15.543
  29.3267
  2.88847
  8.83331
  6.98203
  11.3324
  15.1061
  7.70643
  21.8267
  38.5346
  9.58857
  7.35223
  39.6798
   35.626
  23.2999
  24.3838
  18.4336
  29.2799
  62.5134
  17.4245
   14.097
  14.7728
  3.68411
  0.66098
  15.3082
  14.6627
  15.3639
  17.5696
  36.0515
  22.6625
  9.93216
  4.62584
  16.2088
  9.70153
  19.1026
  12.6883
  16.9598
  14.2271
  18.8637
  10.2626
 0.149422
  5.69887
  23.2639
  43.7819
  36.5827
  19.3413
  22.3252
  18.8761
  23.5205
  12.8853
  23.9319
  7.04234
  7.38104
  13.3588
  9.56067
  11.4556
  19.6776
  17.3803
  6.32658
  9.28892
   35.623
  8.05726
  18.2797
  18.8566
  18.0849
  22.8398
  1.00438
  2.44597
   43.436
  16.4133
 0.582403
  12.4734
  18.8379
   21.232
  31.5403
  34.0024
  21.5799
  39.7304
  12.1677
  15.0734
   23.179
  13.5127
  5.47699
  12.5043
  14.5093
  12.8677
  16.4659
  8.51216
  17.3475
  14.8535
  28.9468
  11.0295
  6.87899
  21.3856
  15.9366
  13.8769
 0.002917
   5.9358
  10.0338
  12.2198
  22.3081
  1.39431
  9.58906
  22.7489
  18.5887
  34.8968
  2.49314
   11.678
  15.3612
  36.8782
  8.10474
  42.5571
    11.63
  18.2608
  3.63025
  3.62743
   14.807
  15.1507
  11.5209
  1.12105
  18.6005
  6.05475
  17.0227
  9.15676
  20.7796
  33.2062
  21.1949
  3.06512
  24.0566
   10.619
  16.9633
  18.0664
  14.2945
  6.27501
  5.47001
  29.0826
  13.2167
  33.7034
  10.7286
  19.4018
  19.8187
  15.9702
  13.2545
  21.9012
  21.8571
  26.2553
  29.1706
  17.8038
  12.4906
  14.0692
   39.406
  33.7712
    24.21
  11.0127
  29.9075
  8.75965
  10.6955
  20.7423
  9.76766
  20.6731
   2.1891
  10.1375
  23.6562
  1.37417
  18.6734
  6.85419
  36.3094
  15.1454
  5.84853
  1.22371
  15.9616
  4.29578
  5.42462
  29.4844
  29.2614
  28.9011
   40.982
  20.9352
  1.16372
  43.9105
  24.5724
  27.9655
  47.2438
  4.86798
  3.15515
  17.3272
 0.425295
  2.68305
   26.953
  29.2906
 0.897697
  13.2728
  32.2932
  7.56328
  7.29351
  12.1438
   9.1445
  1.82961
  24.1817
  13.7626
  21.8306
  35.1458
  40.8874
  2.86064
  25.7142
  17.5261
  11.0842
  4.86344
  4.16471
  40.6588
  12.0526
  7.76462
  20.7882
  9.97552
  14.8154
  13.7008
  7.95734
  42.5456
  14.9152
  19.4748
  21.7221
   16.676
  10.0529
  6.63547
  16.3534
  20.6281
  30.7907
  8.70788
  7.32132
  22.0549
  13.5305
  21.2919
  20.2707
  40.5867
  28.7728
  18.2538
  14.8165
   3.0939
  3.43232
   14.105
  19.1221
  19.0636
  36.8308
  13.2406
  16.6961
   23.528
  11.9612
  30.6025
 0.487486
  7.82433
  21.9795
  5.34616
  23.0261
  13.9854
  17.3766
  10.0149
  16.1179
  20.7062
    1.484
  13.5491
   8.9647
  2.83925
  22.3166
  28.1917
  30.4858
  39.4975
  14.9906
  13.9882
  2.61598
  7.45706
  30.2299
  20.1551
  17.0387
  39.3086
   13.753
  4.65143
  22.6608
  20.3875
  39.9878
  20.5804
    12.67
  13.1111
  14.8884
  8.65654
  17.4155
  13.7361
  13.5152
  23.7756
  8.96591
  28.1682
   25.954
  17.5062
  6.00253
  3.34431
  30.3327
  3.82606
  1.28624
  1.87078
  19.4795
  32.2034
  20.5102
   9.0746
  10.7316
  42.6209
  16.5104
  9.96404
  34.7693
  30.9554
  39.1719
  36.9528
  34.7846
   47.081
  19.9414
  26.0271
  31.5976
  36.7985
  36.4527
  21.1939
  32.3885
  2.77713
  8.92658
 0.690884
  9.91858
  32.6959
  10.5042
  19.2636
  37.2611
  27.8689
   21.352
  24.3538
  9.14653
  25.0667
  22.4723
  1.36399
  22.2314
  6.41617
   6.3424
  1.79065
  10.5864
  10.2918
  3.96364
  41.6829
  11.0528
  5.47991
  2.61877
  32.3975
  27.3224
  22.7698
  6.39621
  9.09629
  23.1834
  23.6414
  7.66271
  17.0134
  23.2327
  6.99919
  22.1755
  49.3027
  50.3295
  22.6184
  37.4669
   18.867
  4.58605
   8.2167
  40.6689
  5.65606
  17.8786
  35.6578
  6.69211
  21.8931
  21.7602
  1.05444
    51.41
  34.2997
  11.5236
   27.228
  26.2041
  0.59006
  13.6271
  12.3909
  11.7001
  15.3114
  23.5117
  17.9428
  22.2969
  4.48384
  18.9413
  5.56617
  0.98555
  2.05655
  17.2349
  16.2718
  14.4011
  11.7922
  25.3817
  34.8652
  10.7948
   21.612
  4.31724
  5.60119
  25.1503
   15.925
  17.6612
  26.9461
  30.4258
  31.4376
  4.26736
  20.7873
  4.97446
  14.4012
  27.8685
  26.0458
  25.3183
  30.6957
  42.1555
   3.6371
  11.0586
  7.21385
  18.9692
  12.6277
  10.7414
  13.9569
  55.7632
  46.4278
  6.93227
  37.0386
  39.3948
  41.2066
  35.2345
  7.50256
  10.3491
  8.49196
  5.12035
   22.196
  1.06093
  5.52592
  2.75679
 0.150029
0.0489814
  18.1012
  8.92597
  4.35462
  21.9153
   40.009
  19.2744
  16.8822
  10.4184
  33.4708
   18.742
  37.7444
  21.1349
  26.1416
  8.12831
  12.7723
  29.5515
  12.9316
  39.7061
  1.68437
   5.6994
0.0302418
  6.37389
  26.0557
  25.3733
  18.0726
  14.9458
  13.5921
  16.8381
  34.6093
  16.4724
  16.3243
  2.62015
  15.3341
  23.9739
  13.3808
  19.4732
 0.797544
  12.3044
  34.8809
 0.591356
   17.031
  15.6621
  20.6528
  41.0437
  22.9834
  7.57185
  26.2954
  34.8307
   3.7901
   20.273
  40.3143
  22.0092
  9.76231
  27.5671
  3.29145
  23.1224
  28.0187
  27.3395
  20.0131
  7.40242
  5.94389
   3.6044
   6.7694
   20.101
  16.5124
  20.2188
   24.085
  21.6303
  3.51788
0.0125296
  39.1343
  30.8169
  23.4391
0.0552096
  9.86375
  2.11921
  8.10013
  31.2872
   10.937
  42.3298
  20.6142
  14.2349
  9.00001
  10.5646
  26.4475
  23.3463
  4.56277
  21.2483
  26.9693
  28.1592
  25.9158
   12.645
  18.9581
  18.6633
   19.699
  10.3576
  9.26595
  5.54074
  24.3668
  2.09157
 0.828316
  11.6694
  10.9383
  19.8481
  19.6097
  24.3155
  6.65256
  15.0308
  3.04022
  2.18938
  8.60356
  10.3108
  17.4213
  19.8786
  24.9746
  3.83796
  21.7563
  28.0029
  19.5749
  22.7556
  3.81426
  6.90171
  13.9393
  8.43766
  34.7227
  6.39546
  33.3241
  13.8093
  1.99815
  11.4945
  34.7942
  1.11334
  3.83149
  11.7135
  2.08605
  30.3384
  11.5138
  1.79268
  12.5311
  31.3147
  17.6036