2.99278
3.00041
  3.782
4.32463
 10.386
11.5274
11.8869
12.0976
12.1553
12.4911
12.5253
12.5858
13.1599
14.2318
14.2357
14.7344
15.1191
15.9522
16.8286
17.5149
18.0445
18.0999
18.3571
18.5179
18.6383
19.4912
20.9994
 21.042
21.6385
22.0588
22.4971
23.4854
23.6715
23.9206
24.0814
24.2585
24.2696
24.4592
24.7234
25.4515
25.5526
26.0025
26.4731
 27.036
27.1397
27.3793
27.4942
27.5334
27.6802
27.9272
28.0636
28.1584
28.3128
28.4556
 28.524
28.6804
28.7664
29.3522
30.0064
30.0732
30.5579
30.7507
30.9911
31.0774
31.2346
31.2396
31.7106
31.7784
32.1432
32.3779
32.6973
 32.744
32.8129
32.8805
32.9371
33.1479
33.2228
33.6667
34.2408
34.5107
34.7212
35.0701
35.1156
35.1598
35.2537
35.7014
35.7186
35.7255
35.8606
35.9882
36.0322
36.1227
36.1298
36.6659
36.9479
37.2664
37.3568
37.3662
37.5357
37.6388
37.9833
38.1985
38.2076
38.2504
38.3239
38.4857
38.5367
38.9017
39.2284
39.4154
39.5108
39.5781
39.7684
39.7883
 39.851
40.3313
40.4622
40.5085
40.6222
40.7978
 41.154
41.3841
 41.542
 41.798
 41.878
41.9309
42.1139
42.1145
42.3775
42.4352
42.4947
42.5534
42.7578
42.8591
42.8737
42.9498
43.0278
43.0465
43.1013
43.8616
43.9313
43.9963
44.0722
44.3697
44.6817
44.8176
44.9551
45.1946
45.3829
45.4025
45.4442
45.5128
45.5712
46.0052
46.0908
46.2538
 46.291
  46.33
46.7617
46.9873
47.1851
47.2517
 47.648
47.6659
47.7483
47.7598
47.9037
47.9072
47.9273
  48.11
 48.172
48.3277
48.5298
48.9164
48.9593
49.1919
 49.219
49.2662
49.4173
49.6945
 49.895
49.9047
50.0166
50.1171
50.1269
50.2028
50.3431
50.7778
50.7863
50.9568
51.0482
51.1079
51.1992
51.3663
 51.541
51.6896
51.7089
51.7203
51.7388
51.7561
51.7579
52.0074
52.0913
52.1058
52.3776
52.3979
52.4862
52.6192
52.6638
52.6741
52.7373
52.7469
 52.756
52.8056
52.8303
52.8671
52.8764
52.9661
53.1212
53.4198
53.4491
53.6468
53.6675
54.0296
54.0678
54.1143
54.1275
54.2819
54.3212
 54.357
54.6257
54.6499
54.6912
55.1116
55.2787
55.2942
55.3702
55.3798
55.5107
55.6465
55.7172
 56.079
56.3152
56.3373
56.3859
56.4508
56.6106
56.6727
56.7412
56.7441
56.7909
56.8045
56.8143
56.8501
57.3005
57.3261
57.5164
57.5174
57.7579
57.7697
57.7734
57.8249
57.8306
57.8467
57.9704
58.0789
58.4083
58.4122
58.5418
58.5477
 58.562
58.6958
58.8784
58.9363
59.1747
  59.29
59.2967
59.3133
59.6915
59.8458
 59.874
59.9628
60.0402
60.1814
60.2286
60.4053
60.6917
60.6993
  60.77
60.8829
60.9603
61.0203
61.0779
61.0994
61.1368
61.1537
 61.267
61.2875
61.2887
61.3257
61.3478
61.4217
61.5273
61.5462
61.7043
61.7341
 61.909
62.0802
  62.44
62.5807
 62.583
62.5897
62.6044
62.6526
62.8351
62.8368
62.9381
63.0287
63.2609
63.2737
 63.421
64.0415
64.1178
64.1873
64.2538
 64.293
64.3486
64.4199
64.5461
64.6455
64.6783
64.6903
64.7678
64.9347
 65.038
65.0676
65.1464
65.1596
65.1727
65.2244
65.2603
65.4895
65.5664
 65.636
65.6576
65.7517
65.9434
66.0358
66.0432
66.1895
66.3137
66.6133
66.6941
66.7328
66.8285
66.8521
67.0338
67.1642
67.2542
67.2827
67.3244
67.3652
67.4324
67.4642
67.5802
67.5891
67.6388
67.7786
67.8103
67.8265
67.9053
68.0164
   68.1
68.1864
68.2189
68.3309
68.4096
68.5058
68.5194
68.6572
68.7303
68.8347
68.8439
 68.878
 68.931
69.0958
69.3599
69.5048
69.5546
69.7117
69.7999
 69.943
70.1771
70.2567
70.5519
70.6802
70.6823
70.9275
71.4496
71.4841
71.5462
 71.828
71.9045
71.9273
72.2217
72.4173
72.5127
72.5367
 72.581
72.6621
72.7305
72.8826
72.9927
 73.216
73.2958
73.4253
 73.627
73.8556
73.8975
74.0539
74.1124
74.1781
74.2169
74.3818
74.6035
74.6954
74.7066
74.7267
75.2687
75.2794
75.3694
 75.428
75.7947
75.9178
75.9888
76.2385
76.4796
76.8317
76.8335
77.2381
77.3003
77.7129
77.8932
78.2609
79.2304
79.2955
79.7207
80.0316
80.2712
80.5014
84.2959
84.6496
86.4423
86.5111
86.6274
87.3624
88.1209
89.9567