  6.49457
  2.84023
  5.15756
  6.16692
  27.4978
  14.6293
  11.3745
  11.1593
  13.1108
  13.7507
  14.3955
  13.6957
   46.544
  27.4727
  13.4045
  26.7684
    26.77
  23.1078
  27.2462
  3.50613
   1.0477
  3.56859
  9.45881
  35.4529
  40.0339
  41.5245
  38.1022
  4.22373
  3.77354
  15.0639
  5.14442
  2.04575
  15.0965
  33.9339
  30.9979
   35.378
  23.8616
  34.9593
     25.4
  30.3562
  28.0408
  28.4335
  42.7675
  43.0966
  44.7317
  3.49297
  7.19001
  4.96958
  2.28147
  6.87654
  4.01876
  3.23604
  2.43471
  3.54488
  2.67009
  3.11231
  3.16936
     2.23
  14.6403
  11.9963
  10.1223
  15.1316
  14.8233
  13.4732
  6.11827
   16.088
  8.09264
  34.6927
  48.4685
  48.4438
  48.6442
  42.5164
  13.3533
  5.44339
  4.79302
  3.79336
  3.66733
  16.0897
  11.7242
  32.2354
  30.2426
  44.7796
  30.5358
  29.4189
  44.4988
  30.9359
  31.5919
  33.7406
   31.702
  25.1136
  32.5298
  5.20467
  5.77796
  32.9286
  31.9654
  35.6319
  36.1418
  13.5836
  7.43725
  11.7447
  2.75342
  13.1922
 0.688241
  4.24825
  4.98186
  8.45086
  2.29242
  9.29256
  5.52965
  8.84863
  5.48704
  5.44765
  1.36435
  5.71689
  27.9818
  19.4901
   17.662
  41.6154
  39.0504
  36.5406
  37.0628
  9.42596
  9.58429
  9.94225
  9.47226
  27.1569
  15.9552
  26.9269
  26.7535
  19.1822
  3.58404
  11.4978
  14.6434
  26.9648
  20.2207
  20.7643
 0.438156
  28.2455
   27.684
  28.8683
  6.64494
  8.57331
  9.68264
  9.32668
  7.88066
  8.18001
  4.19547
  4.08612
  14.4204
  5.89804
  14.8769
   6.1669
  13.0612
  6.82133
  13.1507
   13.296
   11.585
  14.4834
  14.6057
  3.38911
  9.73408
  9.39578
   9.6409
  6.85914
  21.5328
   30.038
  16.3496
  15.6205
  2.04837
  10.2482
  8.39027
  12.2094
    25.58
  4.83413
  34.3757
  27.7364
  3.11929
  1.94987
  9.28726
  8.49265
  4.37528
    9.463
  14.5376
  11.1017
  17.2421
  5.51626
  13.5972
  22.3919
  39.6336
  21.7409
   25.049
  20.7706
  32.8004
  33.3379
  35.5405
  25.1498
  44.7093
  28.7195
  31.1662
  15.5105
  3.60146
  3.48619
  15.6954
  20.2898
  22.9232
  22.9719
  6.11306
  4.94881
  1.36889
  24.0357
  19.7576
  59.9301
  46.6737
  14.4366
  15.5316
  14.5754
  16.3373
  1.97556
  22.0294
   28.442
  28.1595
  37.7926
  37.3264
   38.972
  35.8754
  4.23792
  8.04559
  11.9024
  9.74431
  22.8878
  61.8207
  55.3988
  27.8643
  5.97708
  6.16027
  19.2402
  56.0462
  1.06576
  13.1943
  40.7735
  28.4466
  25.6904
  20.6435
    30.28
  6.04551
  9.76548
  11.9716
  11.9937
  28.6589
  26.5619
  8.34233
  9.88117
  4.17857
  16.0202
  0.71392
  9.94557
  50.5837
  27.9098
  20.2898
   39.088
  31.7805
  35.0587
  44.6071
  39.6197
  5.56274
 0.130625
  5.40545
  14.8908
  41.1347
  36.7732
  7.98101
  10.1835
  6.43827
  6.43163
  15.4399
  17.6103
  7.27609
  2.23027
  9.26785
  2.33717
  48.5398
  48.4438
  5.22251
  3.23857
   38.892
    38.53
  3.35789
  4.02342
  40.7936
  4.63968
    4.895
  37.3983
  21.2186
  44.7793
  34.4996
  29.3921
   39.646
  7.72571
  16.0128
  21.1813
  20.7004
  34.8281
  34.5309
  27.2878
   26.395
   4.4535
 0.656609
  26.5902
  12.3594
  5.47014
  12.6648
  13.1538
  13.3359
  13.4176
  5.80233
  1.03433
  9.77304
 0.425364
  19.9169
   25.426
   21.301
  38.4929
  41.4762
  25.8605
   1.6536
  21.8192
  4.82896
  12.8667
  11.1088
  11.8334
  9.07081
  4.61743
  15.8823
  18.8521
  19.5008
  7.37807
   9.7857
  21.3792
  26.9931
  8.40958
  3.97881
  11.1855
  18.0886
  16.3707
 0.948529
   11.395
  15.5455
   6.1738
  2.15742
  2.87187
  2.99769
  8.11882
  3.47032
  11.3714
  14.9875
  2.37964
  11.1304
  15.3606
  21.5588
  32.2107
  19.0013
  11.5859
  29.1242
  1.86404
  4.04886
  17.0653
  19.2454
  40.0101
   9.2877
  8.50069
  26.0764
  8.54952
  18.2415
  39.1989
  18.0887
  28.4054
   39.682
  7.13359
 0.754992
  3.35268
  12.1855
  11.1195
  19.5374
  13.3714
  19.7707
  16.3049
  17.9423
  7.70228
  13.2185
  14.9839
  9.43495
  10.0995
   2.2571
  30.0024
  33.4498
  31.2746
  32.9284
  32.7058
  4.26833
  34.9223
  43.5435
  31.3986
  29.1433
  38.0509
  23.9459
  25.7349
  25.8976
   34.881
  30.6594
   20.083
   14.859
 0.675823
  18.9429
   18.742
  4.85444
  4.80322
  4.95415
  11.1575
  28.5367
  46.8143
  43.3072
  15.1088
  4.58817
  5.56299
  5.43788
  15.0453
  17.0917
  1.80248
 0.907278
  14.4051
  7.70228
   1.8922
  11.7494
  13.9788
  22.3719
   44.774
  10.3513
  12.5761
  22.2004
  36.8258
  5.96535
   19.632
  28.1735
  14.9511
  26.4969
  24.5726
  8.53875
  11.8352
  1.02029
  12.6216
  3.01443
  39.5214
  55.8899
  9.66485
  11.6161
  6.25277
  3.94313
  61.8264
  50.5196
  10.0019
  13.3883
  23.0321
  10.8031
  11.5847
   7.1018
  24.9613
  2.11113
 0.377615
  11.0263
  25.2222
  11.5898
   32.209
  33.8508
   19.813
  21.8034
  15.5633
  10.4962
  3.46197
  5.60838
   29.522
  33.8951
  1.91147
 0.784866
  32.4124
  25.7262
  13.7993
  5.84939
  1.41233
  5.31931
  5.68811
  4.54915
  11.5659
  6.96265
  2.30634
  7.04458
  13.5493
  13.6418
  2.49327
  25.7981
  23.3918
  20.5992
  15.1515
  10.5344
   5.1837
   26.089
  12.4426
  31.0154
  17.0883
  6.05012
   2.4449
  10.1525
  14.3914
  3.97881
  10.5632
  8.52535
  2.22657
  13.0566
  3.01164
  10.7179
  13.2971
  17.2027
  14.2875
 0.929533
0.0800562
  7.11088
  9.20011
  9.77097
 0.708246
  13.0446
  13.5315
  37.0057
  9.81371
  18.5941
  13.2829
  9.35779
  11.8206
  20.7928
  28.7805
  42.8186
  42.6253
  40.5329
  19.9457
  3.56053
  15.6361
  11.3492
  8.69232
  13.1841
  12.4268
   8.7104
  12.9962
  34.4381
  31.8122
  43.5046
  45.3652
  36.4598
  45.1039
  45.0007
  40.1099
  36.7076
  39.2541
  25.2557
  28.1735
  18.1169
   16.071
  4.74463
 0.853917
  9.44329
  15.9933
  22.7035
  37.7993
  7.50357
  9.66933
 0.288218
  18.3914
  58.2746
  49.6666
  4.14129
  3.01078
 0.331803
  18.3913
0.0439164
  11.7397
   3.3857
  10.1115
   7.5655
  19.5362
  20.3568
  15.3431
  44.7068
  7.72075
 0.632482
  12.7941
  34.6309
  4.55211
  36.2601
  23.5154
  35.6137
  3.33937
  27.2238
  33.0649
  27.2844
   8.5521
  5.60348
  4.39188
  39.3363
  12.1494
  31.4512
  7.46563
  17.0654
  24.8997
  6.45746
  37.8021
  20.5289
  19.2936
  15.0174
  8.59973
  11.9136
  26.7589
  28.9178
  5.17024
  4.16889
  9.06735
  2.89774
  3.98751
  4.62699
  17.7432
  10.9728
  25.8162
   29.545
  12.7974
  0.35628
  19.2955
  7.68041
  2.60546
  4.88162
  8.69663
  8.83572
  19.3818
  15.8905
  20.6546
  23.0006
  14.4731
  30.0279
   31.698
  9.98257
  12.0128
  8.81921
  5.36305
   16.147
  5.93993
   8.9125
  1.69185
  14.1643
  7.28602
  13.7267
  27.5501
   9.6531
  12.4755
   28.353
  12.5512
  13.5593
  13.6416
 0.450671
  8.79794
  25.8963
  28.3738
  33.6777
  32.2315
  8.20047
  10.2341
  8.67743
  12.3266
  8.13895
  10.6292
  3.35374
  15.8588
  5.31505
  1.56698
   16.174
  12.8292
  3.23151
  8.97993
  4.91272
  12.2957
  6.57815
  11.1259
  10.6915
  2.67949
  35.4191
  12.2159
  9.62286
  28.8495
  33.8995
  31.9816
  2.12986
  7.70291
  26.0838
  20.7204
  23.6202
  28.4257
 0.897596
  3.14588
  15.6245
  25.0425
  22.6007
  48.2408
  55.7581
  5.06793
  1.41668
  17.4628
  15.6418
  2.91873
  27.5691
  20.7471
   20.316
  18.6661
  32.3251
  30.5156
   24.363
  42.8357
  1.34443
  20.7379
  4.38492
  25.9332
  28.3961
  33.9366
  11.5907
  6.16136
 0.419219
  39.4435
  12.0114
   12.608
  42.2629
 0.692262
 0.668342
   5.7289
  2.33823
  2.72239
  24.0857
  28.9887
  24.3945
  5.96418
  7.00496
0.0539548
  23.5726
  35.3747
  8.88037
  6.71493
  16.9445
  22.0823
  7.76141
   52.453
  2.64129
   5.3215
  16.0367
  14.5233
  11.3558
  15.0687
  12.4032
  14.1214
  14.8223
  38.3972
  4.00878
  4.42301
  2.52409
  3.17525
  40.8564
  32.4194
  39.9319
  11.6258
  14.7121
  7.42117
  1.02566
  14.9808
  2.11952
  6.68979
   67.193
  20.3351
   8.7792
  6.30143
  4.24466
  7.74756
 0.549503
  2.09521
 0.241435
  34.0734
  15.7545
  37.2938
  4.55262
  10.3873
  29.3139
  29.3265
  15.4505
  3.02313
  29.2744
  28.3518
  14.1984
  36.6779
  4.26874
  24.5598
  24.0928
  4.69353
  12.9631
  2.02645
    3.829
  4.37391
  4.58355
  21.4326
 0.766199
  10.1931
  8.75165
  30.3376
  54.5132
  17.8037
  34.4529
   12.936
  6.84067
  1.94855
  3.67062
   9.3853
  18.8193
  2.76765
  20.4385
  7.42407
    23.61
  3.77165
  63.9696
  27.7754
  37.2938
   27.185
  5.43713
   22.082
 0.709871
  3.65601
  24.0607
  35.7721
  32.4672
  2.89347
  7.24243
  15.8721
  12.1184
  9.33003
  8.19891
   15.934
  65.1041
  54.4386
   6.2442
  19.9399
  7.67017
  10.8812
  20.0238
  3.74282
  5.63531
  40.4667
  8.21058
  69.4401
  24.6906
  6.64549
  8.38624
  19.5522
  6.41371