  12.7963
  6.43494
  5.38245
  16.3705
  1.57847
  10.5973
  5.31476
   5.4142
  16.5702
  1.35134
  24.1356
  8.28655
  9.56394
  12.9603
  14.1789
  14.7459
  14.3955
  17.1714
  1.80183
  4.85147
  17.0535
  12.1059
  19.8312
  15.9682
  32.4199
  18.7932
  30.0424
  2.56145
  1.33296
0.0166737
   13.154
 0.542669
  1.12357
  22.0218
  12.8826
  22.8974
  1.31975
 0.526124
  2.61742
  13.0449
 0.515188
  20.7965
  14.6301
  9.79034
  7.15464
  10.6184
  7.45337
  19.7161
  14.2862
  16.9758
  10.1893
  12.4421
 0.663153
  12.1304
  18.2609
  32.7579
  1.89389
  0.80194
 0.146484
  1.26988
  4.78428
  14.1379
  9.42358
  14.2539
  4.92146
  10.8778
  2.76068
  1.42354
  5.07513
   16.515
  5.95538
   9.4096
  20.8072
  12.8317
  26.4518
  11.0246
  6.93593
  3.60533
 0.478127
  2.64921
  18.8603
  5.27038
  11.8746
  11.6748
  14.6749
  1.16813
 0.546042
  29.1872
  4.29258
  23.5584
  5.68124
  6.58765
  4.78931
  4.28539
  2.02969
  2.75869
  2.54511
 0.852461
  6.29389
  5.71037
0.0846931
  12.1455
   2.5732
  3.34401
  8.84539
  3.42187
    8.091
  13.2396
  3.68658
  10.3425
  29.4177
  28.9358
   6.3698
  17.7864
  6.47441
 0.718847
  3.20349
  4.08318
  33.2581
  26.9881
  0.53585
  3.36966
  4.39141
  10.7214
   2.0947
  4.49911
  15.6475
  10.8125
  5.66185
  17.8929
  6.49499
  6.92515
  6.05977
  16.3714
  15.2635
  8.71073
  16.2336
  4.99453
  1.05854
  1.93068
  12.6291
  17.8084
  25.3869
   9.2002
  6.40876
  5.65174
  10.1838
  6.25558
  1.18789
  5.51131
  10.0393
  19.8262
  7.09178
  3.78936
  7.27237
  1.45798
  1.59369
  2.71813
  2.55812
        6
  18.7525
    17.65
  13.1841
   3.9022
  13.0973
  7.29116
  1.82569
  13.7418
 0.940788
  3.29181
   18.504
    20.35
  1.15112
  1.42602
  12.0086
  2.46178
  1.76346
  7.53905
   4.1753
  8.73203
  2.55482
  3.54785
  1.07975
 0.198125
  2.84361
  14.2402
   8.8336
  5.33585
  8.69622
  2.83536
  2.35884
  5.61498
  4.28323
  5.95518
  1.81936
  15.0194
    18.28
  19.0129
  18.0836
  2.81637
   1.8707
   21.771
  15.2271
  19.7607
  5.87514
  15.7577
   14.435
  11.2916
  14.7676
  9.80039
  13.2567
  14.5166
  1.71774
  9.33517
   2.7915
  2.40372
  1.53447
  2.37204
  3.68609
  14.0414
  35.1159
    33.95
  5.36793
  1.56663
  16.8751
  5.22071
  12.7506
  13.8055
  10.2782
  17.1863
   31.504
 0.114186
  4.60104
  25.0131
  11.2339
  23.4483
  19.8445
  17.3403
  19.8375
  12.7286
  15.9595
  4.73118
  14.0197
  15.7674
  32.0991
  13.2649
  8.47433
  12.5492
  2.20446
   10.127
  9.05571
  15.8405
  12.3062
  7.61979
 0.260865
  3.06804
  33.3825
 0.495306
 0.179438
  13.9603
  9.02517
  10.2153
  3.11731
 0.198613
  3.90346
  8.04072
  8.63591
  19.8923
   46.614
  4.45331
  15.8548
  9.88032
  9.16519
  14.6518
  34.4399
  32.0929
  1.39653
  27.1476
  7.70252
  7.28182
  8.69981
  9.82388
  17.5295
  16.6665
  22.0338
  6.09114
  18.7588
  4.04411
   11.699
  2.86645
  17.8343
 0.516269
  3.55263
  3.57881
  15.0395
  7.83986
 0.465266
  26.6771
  29.1398
  34.7579
  7.47922
   8.0699
    6.048
  6.00558
  23.9843
  8.21036
  7.95818
  8.37025
  17.3779
  6.90166
  13.7934
  8.97241
  5.77744
  9.77986
  2.82876
  1.92593
  9.00819
  4.84841
  13.9459
  23.4387
  6.68176
  1.66373
  29.8717
  3.95777
  6.89282
  3.76071
  5.43926
  1.54272
  8.52255
  4.51138
  23.7111
  8.78342
    21.43
  2.02006
  18.2102
  23.0624
  6.70317
  6.76814
  9.25034
  6.01114
  3.76838
  52.0229
  3.88003
 0.238328
  53.4141
  2.75387
  5.00445
  13.5276
  24.0876
0.0143979
  2.09827
  3.63346
  16.1096
  28.3252
  6.22183
  3.91591
  16.8491
  1.01312
  27.0968
 0.499642
  1.37239
  25.3086
  35.1311
    33.21
 0.367944
  7.11888
   8.5366
  6.45219
  12.5716
  2.87814
   9.8226
  2.84136
  4.61404
  1.06969
  6.74617
   7.9773
  19.4977
  3.40946
   1.9765
  17.2507
  7.96547
  2.99154
  9.00717
  3.52272
  1.15581
  9.59696
  6.22132
  8.05961
  4.63856
  3.15086
   3.2505
  12.0639
  5.53925
 0.964785
  2.99725
  2.24885
0.0775142
   1.0404
  20.6793
  13.6875
   2.1143
  21.2993
  1.14981
  2.50055
  1.13715
  23.9628
  5.28368
 0.105329
  1.68193
  2.56652
  8.77094
  35.9468
  14.5734
  24.7372
  3.39868
  8.85342
  8.52617
  3.57295
  3.64636
  7.29758
  36.4062
  8.83754
    7.869
  8.08721
  33.7837
  10.3284
  7.70283
 0.680378
  45.3992
  20.2887
  11.8654
  4.91038
   2.4318
 0.518234
  6.90234
  5.65006
  4.60865
    10.04
  10.1006
  19.7925
  4.25662
   1.7964
  18.3431
  42.0306
  22.7148
  29.5205
   3.1413
  6.50677
  43.1616
  8.81084
  7.90401
  7.58003
 0.568679
  17.6267
  2.17768
  4.32322
  5.49497
  1.72165
  4.29859
 0.512179
 0.385249
  8.79243
  7.22025
  6.11567
 0.335911
  8.42066
  5.17155
  2.50842
  31.6709
  38.2673
  29.1312
  4.97424
  18.6393
  3.93753
  4.14091
  6.90556
  5.37508
  4.41486
  4.55277
  9.55863
   4.8222
  4.73011
  2.20264
  7.43679
  7.62011
   8.8035
  1.84511
  18.8659
  2.65118
  18.3724
  6.31457
0.0328585
  20.6601
  12.3607
  1.79368
  2.23555
  2.14778
  4.15449
  2.67925
  1.82334
  6.09253
   3.2487
  6.67869
  3.19515
  5.80103
  4.52836
  8.75142
  22.5605
  14.0296
  14.0176
  7.24608
  5.56902
  6.30428
  27.5651
 0.708764
  28.4176
  8.30738
  3.92994
   3.0008
  2.69193
  31.3088
  8.70678
  33.0803
  28.7293
  4.22822
  24.2934
 0.112917
  28.1206
   14.403
   3.6193
  2.48882
  2.08667
  5.80496
  29.5242
  8.31079
  9.63912
   8.6732
  36.3819
  25.9854
  9.74747
  7.05533
  5.04061
   35.743
  9.38927
  42.3667
  14.5557
  6.04397
  5.16159
  12.8638
    6.041
  15.2485
  6.59036
  1.78942
  1.02673
  9.37066
   7.7949
  4.17983
  7.76682
  2.01334
  48.3946
 0.953293
  3.30816
  1.93262
  19.7168
  2.45103
  1.45941
  9.12145
  4.22487
  12.4671
  7.74719
  4.23935
  6.83976
  7.09846
   3.5566
  9.04967
  4.52864
  6.65629
  3.24461
  13.6625
  1.53254
  6.61156
  5.30406
  1.29557
  7.52617
  3.92065
   6.2264
   1.5188
   5.4899
  7.35789
  5.71395
  7.47178
  5.15669
  3.74546
  8.67898
  22.1643
  8.29813
  17.7694
  20.0374
  8.47857
  22.5362
  25.7913
  6.65604
    1.826
  5.50476
  33.1794
  27.5361
  4.68724
  7.91512
  2.86453
  31.9506
   13.517
   1.6077
  6.64102
  8.57341
  31.2784
  5.83792
  38.2031
   6.2648
  4.89081
  16.9562
  9.83758
  18.1292
  10.8137
 0.619352
  2.22671
  8.36497
  4.85993
  10.0778
  4.08684
  39.8789
  29.0403
  36.6906
  36.8158
  13.2078
  1.45409
  5.01563
  18.2839
  19.1771
  11.5863
  14.1716
 0.994198
  7.30778
 0.544425
  4.11525
  6.36147
  11.2186
 0.238373
  12.9314
  27.5587
  2.65057
  8.97021
  1.85381
  1.73387
  2.27779
  26.8412
   11.655
  22.0584
  14.7914
  5.97283
  10.7943
  26.0178
  24.4984
   6.2567
  17.6969
  5.10962
  9.04276
  1.62652
  6.16931
  9.43538
  6.26936
  4.22582
  3.89849
  17.0556
  19.0833
  6.51905
  1.40264
  12.7106
  12.2099
  10.8311
  5.91377
  36.0281
  26.9173
  3.80003
  12.4421
  2.80566
  28.4107
  16.2349
  17.9992
  8.49133
 0.198366
  20.7632
  2.26897
  1.38484
 0.860818
  24.8957
  6.12186
  27.7086
  1.52534
  2.55871
  6.19482
  19.1854
  31.1005
  6.88266
  19.8542
  4.70558
  11.6825
  8.06004
  17.8917
  15.8159
  5.81663
  33.8191
  5.38424
  15.4446
  20.0536
   2.3989
  3.18509
  22.3662
  31.7323
  19.8069
   1.2279
  4.26821
 0.429018
  33.1262
  36.5953
  5.24122
  1.09028
  1.98411
  3.67638
  10.1614
  24.2242
  4.68278
  11.7267
  36.1662
  5.03358
   29.915
  11.6443
   10.049
  15.1581
  1.55266
  18.5816
  28.7932
  1.76593
  6.90485
  29.1326
  2.15596
  1.86576
  13.9038
  1.60221
  1.13806
  3.36235
  11.6988
  19.5362
  38.0216
  3.83917
  11.0094
  1.78081
  13.3341
  6.96447
  11.6847
  4.30689
  4.65437
  1.05989
  1.03782
  23.1993
  32.8072
  35.2557
   12.349
  22.6002
    3.592
  11.4211
  11.4767
  44.9466
  2.18041
  28.0697
  19.4316
  13.4158
  4.55415
   15.254
 0.752706
  36.2738
  2.36179
  30.0583
  15.5979
  2.54613
  21.3859
  3.80237
  2.31855
  1.75136
  13.8264
  20.0102
   1.7041
  19.7957
  1.04871
  25.2232
 0.956721
  2.06601
  29.6179
   20.152
  8.76447
  2.78326
  17.6738
  14.4361
    1.799
  19.1322
   37.215
  1.17229
  1.81912
  17.3359
  20.6365
  19.0616
  13.4338
  13.4878
  39.0826
  10.4654
  1.03594
  1.97357
  1.90794
  4.56713
   2.9176
  19.9047
  8.11112
  12.8647
  1.77551
  23.0739
  19.4145
  13.0003
  3.11869
  13.9401
   6.6104
  17.7941
  9.38128
  37.3413
  16.7406
  7.20482
   19.793
  14.6721
  24.1351
  5.45073
  3.79129
  14.6628
  1.99819
   1.8895
 0.767592
  4.28085
  34.8241
  20.0115
  37.4083
  44.5715
  4.72392
 0.182182
  35.3193
  30.3827
  5.00961
  2.89816
  14.0961
  17.2056
  10.7378
0.0700373
  13.2141
  25.5274
   28.028
  5.17454
  4.23449
  10.7408
  1.39033
  11.1794
  15.4289
   37.663
  6.18512
   12.666
  33.7213
  35.8225
  11.2319
  6.34738
  21.1363
  27.4933
  7.82949
  4.26014
  12.2277
  8.83588
  9.15128
  11.0359
  5.97322
  9.24777
  36.7522
  21.9775
  37.4599
  14.6651
  11.3859
  28.6333
  8.35046
  17.3592
  10.2176
  8.39749
  9.88528
  16.4014
  10.5872
  15.0858
  17.5337
  7.49796
   5.8958
  13.3197
  7.51816
  12.2225
   2.8004
  25.2636
 0.969512
  9.83964
  9.96059
  4.00839
  3.52613
  6.55375
  4.56312
  1.26987
  12.5639
  8.17609
  5.62411
  7.43987
  3.71124
  8.10591
   38.541
  3.18806
  3.38993
  30.0318
  6.32098
  16.8246
  17.2351
  38.6166
  7.79138
  24.1985
  30.8154
  7.17087
  11.3817
  6.36364
  18.9752
  8.62614
  7.29702
  14.5089
  28.8485
  21.6056
   1.4497
  6.71428
  28.0774
  1.58643
  1.96348
  3.27476
     2.79
   8.0889
  3.58967
  6.69194
  3.91204
   3.7399
  19.9413
  27.9739
  17.5204
  31.5714
  34.3996
  5.65666
  13.2999
  1.75959
 0.485792
   7.6176
  18.0529
  19.7308
  29.1339
  1.01754
  32.9118
  24.5591
  7.85773
 0.914899
  17.1626
  11.4219
  16.7942
  19.6927
  6.54554
  7.69214
  8.11302
  5.05472
  6.40731
  3.73785
   54.098
  18.5923
  13.6341
  14.7115
  30.5637
  15.1016
   9.7685
  1.10211
  23.6629
  1.23668
  34.8805
  14.9209
  8.36205
  10.0884
  41.3151
   12.526
  13.0933
  31.3036
  4.19316
  4.98327
  14.5742
  11.0126
  15.7953
  35.3563
  6.91944
  32.4776
  7.96808
  21.6829
  21.9011
  23.5227
  3.00101
  5.55692
  13.9475
  22.8751
  10.0968
  6.84526
  15.9233
  8.06908
   16.438
  8.50983
  11.9509
  11.3803
  8.20504
  5.18304
  5.83575
   6.7226
 0.279293
  34.1025
  21.4078
  3.15445
  5.74918
  2.76095
  1.54777
  23.2792
  46.7861
  36.8773
   31.438
  14.2375
  8.74994
  12.7901
  31.2377
  5.46273
  5.61917
  4.91417
  15.4499
  10.6415
   39.099
  18.2732
   26.661
  28.1876
  16.3374
  15.2033
  8.65031
  8.02733
 0.850534
   17.908
  7.94437
  21.4288
  37.2784
  8.34294
  4.22156
  13.4583
  22.4595
   14.244
  1.22853
  13.0752
  1.03304
  6.56989
  12.2646
  20.8901
  1.70718
   14.494
  21.4137
  21.0801
  2.32919
  25.8916
  4.30897
  5.11202
  38.9613
  10.8953
  32.9145
  7.43551
  3.66966
  2.57048
  15.7853
  13.4705
  3.85182
  28.4419
0.0619167
  14.9617
  27.3621
  2.32415
  31.6573
  17.9101
  38.9825
  25.3633
  32.9596
  38.0084
  27.4966
  3.41841
  5.90146
  14.9765
  21.1782
  22.1376
  5.31497
  21.6293
  28.2497
  4.74137
  16.3927
  10.8801
  25.5339
  25.6059
  3.36215
 0.833929
  25.6981
  1.04713
  25.5544
  1.60729
   19.037
   35.614
  18.3307
  7.50828
  26.0477
  0.89017
  28.8297
  6.04429
  1.29082
   16.726
   23.569
  19.6603
   25.061
  13.4676
  13.4281
  3.61333
   2.3376
  1.50981
  5.63626
  24.8932
  34.8224
  8.74669
   16.247
  17.8484
  39.2777
  23.7992
   2.7517
 0.920292
   24.672
  55.4997
  17.2392
  2.89901
  20.1467
  20.1129
   4.5936
  4.76562