  25.1196
  32.1182
  0.47742
  1.60106
  4.01775
  9.57368
  7.38316
  7.29836
 0.695165
  7.53046
  14.9047
  5.99994
  5.18945
 0.108762
  13.6388
   3.5821
  5.31652
  6.56403
  13.9482
  1.30023
  9.91747
  3.75249
  10.4143
   2.4642
  14.1977
  6.45436
  24.3831
  26.2988
  30.2483
   29.522
  1.82017
  5.21781
  7.90372
 0.564216
  4.66795
  20.6777
 0.592199
  3.09342
  28.3579
  16.7978
  7.91123
  6.84635
  19.4542
  11.8201
  22.5052
  16.5544
   29.842
  12.1448
  15.3462
  13.5929
  14.3099
  12.0592
  9.48956
  0.23394
  12.5429
  24.5144
  26.8111
  30.4622
  22.2068
  32.8431
  21.6436
  33.7478
  30.9486
  11.0543
  13.0858
  21.6611
  14.8483
  29.1689
  23.2965
  18.5287
  15.7393
  4.22711
  3.85775
  14.8359
  18.7806
  28.7446
  6.45106
  0.45594
  9.07645
  3.10399
  9.96827
  10.1255
   5.8163
  10.5285
  6.44337
  4.81262
  3.79225
  8.65048
  13.4341
  3.15025
  1.95053
  15.2043
  3.27183
   6.9892
  18.4248
  4.41892
  12.3302
  20.0661
  16.6334
  2.52251
  22.5429
  9.00405
  8.18095
  10.6447
  9.25374
  14.6925
   5.1611
  1.73965
  1.23956
  14.7455
  3.89559
  11.2251
   2.2379
   14.668
  19.7831
  9.84904
  5.29113
  12.9789
  5.32775
  11.6287
  12.8149
  6.93949
   12.231
  7.90418
  1.36989
  13.8381
  7.17247
  23.7556
  7.36872
   4.4042
  1.25122
   6.6752
  11.9995
  12.7923
  3.48779
  4.41805
  2.29139
  4.61301
  14.2624
  4.06199
  5.65343
  3.03284
  1.78616
  16.5794
  30.4391
  39.2403
  27.4313
   19.208
  4.78844
   4.2507
  19.1238
   34.441
  18.0013
  13.7966
    19.66
  15.4391
   27.216
  6.98003
  25.2111
  25.0586
   6.4001
  12.4325
  12.5253
   3.0927
  10.7878
   21.455
  34.1712
  33.0408
  28.9347
  15.1483
  29.7147
  11.6952
  6.20312
  12.5315
  3.21328
  10.1128
  5.52877
  6.55677
  15.9844
  10.4168
  18.9881
  9.10427
   2.5953
  10.7454
  8.12747
  3.20281
 0.591447
  1.89224
0.0917555
  31.8466
  35.8154
  1.86106
  24.0438
  0.10686
   4.3675
  19.1064
  25.6581
  5.22371
  31.3221
  7.82019
 0.523216
   9.8441
  6.75781
  4.35804
  5.86651
  4.79469
  17.2838
  5.49835
  7.55569
  14.7829
  19.7548
  7.96363
   11.562
  31.2243
  19.1806
  29.5541
  21.0243
  25.0969
  19.6748
  12.9704
  18.9912
  2.24359
  4.14875
  13.7526
    8.272
  14.2782
  1.35059
  9.81981
  5.66685
 0.312994
  9.85126
  4.67217
  12.5071
  2.99776
  3.32517
   7.2801
  23.9655
  18.5505
  20.5148
  4.91947
  5.88869
  3.94596
  5.10665
  9.74005
   8.3054
  18.5505
  10.1652
  28.3391
  17.8033
  19.6185
  17.3995
  23.9003
  12.7799
  12.9233
  6.90821
  14.7093
  8.92254
  5.82061
  11.6271
  12.7173
  16.6616
  12.7868
  5.19405
  16.5763
  17.4022
   6.7547
  9.37096
  30.6528
   20.929
   1.1168
  6.64852
  3.39412
  14.2846
  11.4754
   2.0985
   15.296
  9.64077
   16.583
  2.99228
  3.76604
  13.2545
  3.55283
   9.2743
  7.05279
  20.6478
  26.9334
  23.7206
  19.4306
  7.36259
  18.2928
  20.0577
  26.9451
  15.7746
  26.6768
  3.62663
  2.10993
   35.528
  5.23129
  16.6676
  22.6526
  7.64361
  20.3447
 0.386479
  12.8448
  16.9584
  28.3815
   25.732
  36.8825
  12.2981
  10.5196
    9.975
 0.180835
  1.19825
  2.85005
  8.18904
  8.86753
  3.80879
  3.68214
  14.2526
 0.868868
  20.5258
  22.1275
    16.37
  29.3267
  7.10932
  13.9355
  8.89161
  7.34036
  2.03123
  13.4454
   3.1243
  11.2318
  7.33651
   13.244
  30.3536
  28.4417
  23.4694
  14.8652
  2.68848
  2.95411
  4.25937
   8.3671
  24.1072
   12.574
   16.845
   2.6655
  5.83634
  17.6238
  11.4869
  10.4874
 0.937411
  15.7785
  14.2888
   15.944
  10.8603
  33.8671
  16.6799
  19.3379
  23.9784
  31.6841
  22.2581
   21.785
  25.2662
   5.4215
  11.4122
  17.2274
  28.9049
  3.18021
 0.758256
  2.62092
  5.74158
  10.3938
  28.5703
  14.3012
   11.012
  5.02759
  4.07839
 0.121988
  32.1051
  4.35796
  11.9921
  21.2605
  15.4069
  22.2966
  8.88309
  15.5661
  1.25146
  17.5633
  1.62496
  12.3332
  3.46916
  10.0485
  6.71793
  12.2167
   12.981
  2.48485
  11.4129
  5.03193
  33.3045
  13.1504
  1.69154
  11.3796
  3.86244
  10.0325
  5.39883
  4.21157
  8.12587
  9.25231
  5.99902
  11.5032
  6.28235
  13.7388
  10.4559
  1.84114
  8.37116
  14.8052
  14.2775
  19.1649
  15.3781
   4.4349
  14.3094
  27.5317
   17.311
  20.5688
  27.1533
  17.0754
  16.3676
  18.4592
  23.9044
  9.04872
 0.455184
  14.8328
  12.5009
   7.3227
   14.863
  5.23729
  4.14449
  2.10328
  5.93487
  15.6586
  11.2759
  6.44564
 0.526313
  32.0369
  2.55781
  12.8962
  18.5858
   8.9054
  18.8657
  3.37122
  9.26464
  11.9796
  24.2668
  9.74698
  9.20555
  7.55913
  10.4813
  10.4633
  18.2135
  3.77886
   11.894
  14.3659
   13.117
  32.4135
  18.3225
  28.0432
  3.18927
  11.7516
  11.3692
  6.73229
   24.243
  27.6282
  9.90754
   10.773
  3.15429
  8.25595
  15.1594
  5.50648
  2.23677
  34.1298
  43.5063
  15.2401
  31.4058
  17.0119
   13.748
  20.0045
  11.6518
  7.71566
  40.2362
  17.4324
  26.2302
  18.0334
  20.8867
  25.1477
  14.7132
  8.49438
  23.6531
  11.9056
  7.95711
  7.95146
  1.69499
   14.017
  4.56143
  8.91759
  1.47163
  6.36472
  11.1167
  27.8921
  4.96181
  24.1677
  22.5117
    19.77
  12.0143
   13.149
  25.2402
  8.87048
  17.5209
  8.07972
 0.424815
 0.758714
  2.95416
 0.975184
  15.2798
  3.98768
  35.1204
  14.7873
  14.9664
  21.8877
  16.8025
  15.4801
0.0321796
  9.88121
  20.3547
  1.35124
  13.9727
  9.85659
  5.06928
  6.25456
  6.63679
  16.5205
   2.6811
  4.87146
  25.4936
  8.24922
  4.12565
  16.8364
  1.32376
  13.8416
  5.05452
  9.88119
   8.3737
   4.5275
  4.97384
  29.2131
  17.9097
   11.299
   34.325
  16.6119
  23.7089
  22.0971
  17.1138
  16.3772
  3.21113
  10.9848
  19.5985
   22.873
  2.06243
   11.016
  2.34212
  18.8209
  29.2289
  10.8739
  30.6248
  3.70788
 0.477446
   36.557
  1.09137
  9.12261
  7.43577
  16.6854
  3.73499
  18.4384
  11.4039
  13.0904
  7.04785
   19.133
  20.5472
    20.81
   17.737
  14.3724
  43.8159
  2.40907
  1.66278
  11.6005
   14.241
  16.4598
  14.8832
  18.7255
  22.1833
  17.7985
  31.7268
  14.8401
   2.4818
  9.91103
  16.4418
  8.33959
  11.6333
  19.9164
   16.119
  7.04618
  15.5643
  20.6352
  21.2844
  15.2216
  8.84509
  13.2204
  31.3075
  17.7348
  23.4057
  20.3186
   4.7286
   28.114
  10.3054
   6.7378
  14.8714
  17.8834
  5.28966
 0.902627
  15.3957
  20.8898
  27.6597
  17.4627
  16.6657
  16.3685
  13.9045
  22.7107
 0.385496
  8.64577
  24.9502
  12.3459
  7.41047
  3.86225
  14.7386
 0.443754
  16.1366
  21.3106
  21.5806
  20.6536
  14.4733
  1.92912
  14.0632
  19.1451
  20.0799
  17.7494
  30.8688
  6.49175
  12.6361
  11.0322
  20.9701
 0.487053
  17.0652
  13.1619
  7.87018
  8.94503
  18.8432
  21.9447
  5.76907
  13.0688
  18.6393
  12.7832
  5.94887
  14.1648
  5.59886
   19.298
  9.58819
  1.58522
  5.48616
  3.89742
  3.56802
  2.16736
  15.6668
  9.71407
  15.8282
  9.07207
  7.09486
  17.5998
  7.17873
  6.26897
  2.36292
  0.10943
    15.05
  3.45342
  24.0678
  24.0801
   3.9465
  19.0632
  24.9503
  33.8504
  26.8067
  21.6746
  26.6927
  12.0439
  15.2124
   18.047
  2.56564
  13.0312
  6.89325
  20.9235
  23.4051
   16.651
  7.16834
  18.2807
  20.4217
   1.3389
  1.90289
   5.9469
  4.34848
  15.1138
  21.6157
  8.00732
  1.23053
  11.8729
   5.0295
   17.191
  20.1747
  6.77006
  17.0475
   20.283
  14.4434
  2.62608
  35.8626
  15.4852
  1.50646
  19.9422
  19.1135
  23.7234
  10.8429
  18.0919
  19.0484
  5.28274
  20.6552
  14.0373
  18.8038
   26.732
  21.0956
  22.4773
   22.676
  3.74538
  9.65612
  29.4052
  17.8675
  24.2607
  23.0473
  4.98185
  3.41546
  19.3505
  23.5802
  23.2544
  13.9319
   21.409
  22.3082
  43.4385
  12.7511
  16.5285
  17.9522
  12.6962
  1.49611
  5.22792
  23.5002
  1.13941
  20.7645
  11.8995
   16.598
  29.8396
  19.9193
  23.6356
   24.454
  13.7916
   23.421
  32.5284
  26.6927
  21.0627
  4.85403
  20.1169
  22.5428
  7.44697
  31.2354
  22.4913
  25.8625
  13.3055
  12.4494
  14.0738
  29.0055
  5.34585
  3.67866
  5.57729
  6.71834
   15.676
  13.6316
  29.2406
  33.0641
  19.2443
  18.2155
    1.808
  21.0047
  12.3425
  16.9019
  23.0619
  20.2875
  10.6647
  2.36009
  16.5497
  16.0426
  5.79601
  1.25746
  14.5169
  14.6299
  17.5412
  18.5667
  47.2727
    17.49
  14.0955
  16.7796
  13.1755
  19.9782
   13.262
  13.5037
  14.2579
  17.2072
  24.3694
  23.2907
  3.00727
  14.8613
  26.3722
  11.7973
  44.8895
  34.1696
  43.0046
  16.8936
  20.0781
  19.5074
  25.2936
    21.69
  20.9394
  7.47024
 0.907636
  25.0777
   10.083
  18.8812
  13.8618
   1.8483
  9.15671
   3.7343
  8.52586
  19.5179
   20.343
  16.3154
  17.4791
  2.95108
  22.4863
  32.6708
   16.914
  7.00819
  20.3299
  3.12895
   26.094
  21.9353
    15.88
  2.44111
  3.56225
  10.2228
  45.2462
  21.4183
  19.8921
  24.0129
  25.4099
   15.266
  7.52589
  19.8767
  19.7287
  3.91547
  10.0775
  23.8151
  25.4492
   18.326
  16.9997
  8.63576
  10.2945
  27.2218
  14.2354
  26.3036
  17.0492
  12.1748
  28.8555
  27.3179
   24.894
  8.65223
  7.53092
  23.8889
  4.90963
  7.83579
  13.6208
   10.745
  22.6853
  25.7132
   24.128
  30.5354
  10.7173
  1.78118
  7.25272
   8.9751
  22.0426
  18.4384
  11.0523
  7.12971
   19.175
  17.9578
  29.8542
  18.1278
  21.4876
  32.1788
  18.1352
  29.6498
  4.27146
  13.0476
  21.2436
  11.5393
  2.68005
  34.1171
  4.28166
  48.7344
    27.73
  29.2718
  28.1321
  30.8392
 0.989076
  27.7542
  18.2276
  16.9656
  12.1448
  28.4135
  24.0743
  14.8702
  30.9611
  12.2516
  3.57091
   8.2568
  12.1751
   2.2989
  2.31765
  14.4281
   19.596
  8.64336
 0.908121
 0.453341
   24.919
  31.7514
  18.6346
  13.5094
   13.429
  12.1096
  17.9776
  14.0578
  4.28205
  28.4395
  15.7688
  26.2428
  11.3538
  8.23893
   9.4902
  15.9549
  17.6706
  12.7011
  28.1211
  5.38965
 0.979506
  20.2578
   14.057
  16.3168
  26.8238
  19.0918
    25.02
  23.6231
  29.8323
    27.01
  18.2704
  25.8087
  23.1711
  13.4059
  17.8641
  29.8333
  4.85465
   21.586
  14.0682
  24.2903
  17.8557
  16.7061
  14.8515
  11.0213
  14.5208
  21.3097
  8.09403
0.0102505
  26.2826
  20.5862
   31.387
  26.5028
  4.39271
  25.5016
  5.35987
  4.93241
  3.03086
  23.6207
  33.9427
  18.4751
  24.8593
  12.8763
  8.95443
  12.7696
  6.79217
  18.3716
   10.701
  31.3388
  47.9175
  27.9515
  8.30033
   15.585
  1.70912
  36.3137
  46.3368
  2.84923
  7.01986
   5.5547
  6.46082
  18.4509
  26.1169
  31.5342
   16.063
  0.97027
  8.35065
  15.4665
  10.1726
  6.84581
  21.2373
  24.2211
  20.0413
  22.0437
  21.7046
  24.3197
  25.2234
  23.1419
  2.07181
  14.8142
  6.84964
  1.35386
  16.5878
  41.7288
  25.2299
  12.8886
  22.8808
    19.85
  3.97033
  2.48179
  25.4538
  16.8607
  11.2811
  3.81979
  10.0815
  36.2722
  12.4878
  11.3212
   1.4692
   20.072
  27.0906
  2.12016
  32.5689
  20.2947
  3.30427
  28.1703
  6.04479
  2.51249
  15.7559
 0.970942
   33.687
  2.48033
  6.10822
  2.22827
  25.1039
  22.4489
  8.41804
  12.8981
  15.8173
  27.5738
  15.3796
  13.4224
  4.38761
  33.7798
  14.4529
  10.3754
  16.5006
  2.66896
  27.9962
  37.9822
  44.4847
  14.2859
  11.2697
  3.48089
  15.8512
  5.68162
  19.2079
  22.3745
  3.54606
   25.974
  5.58388
  11.8971
  16.9051
  41.8596
  26.7842
  15.9822
  33.9123
 0.150102
  12.2188
  7.98737
  16.7018
  34.5681
  12.7305
  13.1356
  20.7355
  10.4064
  6.45529
  6.91133
  2.48819
  16.3259
  9.34921
   13.983
  13.1281
  16.4433
  13.4783
  16.5811
  12.9199
  5.13254
  8.74653
  10.6092
  21.4644
  3.57534
  7.11841
  5.14781
 0.169727
  18.0762
  3.33574
  8.57623
  9.16835
  3.25434
  2.45148
  11.0273
  2.91107
  32.0885
  33.5255
  57.1692
  54.4422
  49.3057
   2.6746
  32.3099
  52.9488
  55.2916
  5.86086
  11.8557
  17.0456
  3.32269
  2.63878
  9.78119
  23.4064
  44.1084
  19.3027
   12.658
  25.7401
  24.6475
  0.37821
  13.7625
  16.1512
  7.37776
   2.3292
  57.3661
  53.9121
  61.3904
  51.5518
  47.7942
  43.5113
   44.868
  44.6005
  55.9801
  48.3435
   45.897
 0.105385
 0.610736
  46.9016
  47.0877
  49.7557
  42.9023
  43.4325
  24.7099
  38.1003
  43.1239
  52.6023
  3.87055
  3.86675
  3.80007
  57.4064
  47.5714
  50.6512
  26.2626
  13.7554
  6.42863
  47.7039
  52.9445
  54.9822
  53.8706
  51.7047
  14.9218
  5.76752
  16.5217
  34.8194
 0.129587
  39.5331
   45.957
   54.587
  44.6984
  22.0168
  18.4215
  28.0979
   64.479
  61.2128
  50.3918
  37.3883
  43.6897
   1.2015
  37.3808
  40.4403
  29.5483
  26.7532
  28.6559
  43.4823
   54.159
  59.0736
  38.9571
  8.93339
    31.31
  43.7825
  42.1768
  40.5429
  49.0255
  36.1358
  30.2336
   55.483
  48.9959
  43.6737
  47.0825
  36.6109
  39.8802
  34.7034
  37.7096
  28.5386
  54.8582
  49.7882
  51.5786
  52.2875
  4.97362
  54.3687
  49.5527
  41.3905
  36.6533
  48.5415
  49.1489
  46.7873
  48.5134
  52.3888
  40.2832
  40.1541
   21.876
  17.8445
  10.0635
  52.0382
  58.0775
  57.2631
  47.1963
  45.1847
  48.3587
  47.4665
  53.3342
  53.6919
  39.6264
  28.2267
  55.0208
  58.8844
   39.178
  42.4784
   42.412
  40.8859
  63.8717
  27.7228
  27.4901
  57.4543
  53.6506
  50.9282
  49.6097
  54.3644
  50.9084
  51.4736
  52.1057
  48.6162
  58.0996
   36.823
  52.4114
   52.514
  54.8663
  43.5784
  49.6729
   51.356
  37.4636
  52.4667
  46.5839
  46.0146
  43.2983
  44.9398
  47.9422
  48.2735
  25.0954
  35.7706
  54.0408
  55.0438
  54.1753
  50.6764
  42.7037
  47.2445
  44.5556
  34.4929
  43.0307
  40.1638
  37.8906
  39.6734
  42.0068
  39.0966
 0.211864
  1.77022
 0.714034
  53.8196
  43.5038
  6.98581
  6.14837
  27.9802
  41.2651
  38.7392
  47.2469
  46.6568
  53.8428
  53.7363
  45.3451
  53.4857
  54.2257
  50.1766
 0.744244
  60.5328
  60.6602
  54.7511
   44.302
  44.8307
  27.6096
  60.9673
  1.50824
  35.3726
   10.705
  24.0844
  45.5975
  55.4178
  50.8647
  57.4024
  34.2852
  31.8142
  59.2624
  62.3934
  60.7993
  50.5907
  21.9411
  28.6615
  53.9954
  56.1215
  53.9406
  59.8685
   57.825
  58.4374
   64.162
  59.2091
   44.662
  51.0203
  53.5285
  60.1954
  55.6733
  41.3275
  43.3493
  48.1887
  56.6239
  48.0363
  39.4307
  54.6318
   53.903
  55.9027
  44.1022
   23.257
  24.5517
   58.337
  61.4426
  50.4166
  58.6189
  59.1036
  63.8107
  61.1647
  58.4373
  61.6291
  61.2798
  45.3879
  21.1455
  55.4705
  54.1404
  39.5628
  50.7535
  45.5332
  39.1214
  15.8558
  63.8794
  30.2786
  43.8393
  41.5875
  45.8398
  46.5967
  49.8713
  43.8755
  44.3854
  54.2972
  59.4854
  63.7699
  56.6542
  58.7639
  50.6152
  59.0331
  58.1527
  55.1301
  59.4447
   41.358
  4.78691
 0.255435
  45.1106
  47.2177
  50.4755
  50.3635
  51.9838
  52.9488
  48.4094
  44.0141
  38.6959
  4.83995
  51.3746
  53.5418
  60.9584
  54.9469
  48.0369
  43.6882
  47.7097
  44.0626
  48.9208
  47.5869
  43.7093
  47.6801
  39.0964
  41.2553
    62.84
  52.5446
  59.3443
  62.3898
  62.9534
  64.0132
  27.6096
  46.0944
  49.6292
  59.7845
  37.0166
  45.3359
   52.298
  26.7532
  58.9235
  62.1237
  57.8324
  60.4904
  48.2007
  42.8872
   5.3812
  57.3271
  66.0644
  55.6196
  30.9136
 0.832996
  26.3028
  24.3189
  29.1729
  47.2254
  59.2453
  59.6763
  60.3818
  65.3035
  46.4456
  44.5167
  54.8842
  51.9629
  62.9505
  52.1126
  50.4842
  52.6849
  53.5891
  54.2693
   61.396
  37.8723
  45.0885
  50.6419
  37.5023
  31.7242
  29.8298
  39.0419
  52.6926
  23.1214
  60.2667
  55.5351
  55.6983
  50.0843
  45.8767
  55.0812
  32.5949
   35.673
  36.1325
  40.4476
  34.9468
  27.2183
  27.3733
  26.4507
  50.2752
  47.6555
  58.7388
  57.3173
0.0562528
  5.19843
  53.3688
  40.6547
  47.7012
  51.3067
  59.9565
  52.2843
  47.8164
  62.1667
  47.0963
  52.2079
  46.5032
  39.0248
  42.5917
  45.8063
  31.3203
  32.3203
  53.0046
  51.7967
  58.3103
  47.6376
  54.7828
  47.6609
  45.9163
  60.3973
   52.983
  60.5083
   62.693
  53.9398
  40.3563
   39.456
   58.118
  56.5235
  58.6718
  58.1732
  64.7925
  62.8775
  57.3718
  38.0246
  59.5108
  67.9903
  61.9158
  3.53937
  57.9776
  57.8911
  43.5823
  46.1225
  55.5189
  3.40625
  54.9684
  57.8137
  59.8629
  60.4922
  52.2728
  61.1521
  59.8607
  62.0205
  38.9848
  50.1703
  8.93139
  55.8658
  27.3055
  52.8618
  52.9985
  27.0544
  51.0581
  62.0023
  59.9743
  69.4485
  68.3712
  62.4635
  41.6155
  68.7395
  65.9073
  54.5716
  49.3858
  56.5603
  58.8844
  54.0945
  82.6438
  60.0292
  57.3162
   59.199
  59.5803
  53.6496
  34.5495
  30.4483
  57.3419
  60.2533
    52.15
  62.1614
  62.8775
    39.39
  58.9091
  3.76637
  19.5502
  13.6505
  13.8889
  17.6491
  19.1386
  56.9437
  84.4941
  38.7632
  35.2432
  63.2047
  57.6987
  40.5082
  30.4489
  42.0115
  59.4898
  57.5354
  61.2791
  50.8104
   59.522
  63.1221
  40.7887
   67.307
  42.8133
  41.4274
  55.5088
  36.5002
  54.0698
  51.2622
  33.1645
  4.75238
   55.286
  43.6591
  50.4998
  53.6544
  27.3447
  32.9988
  33.5149
   52.631
  44.0807
  17.7664
  24.8148
  11.5271
  31.0032
  30.3327
  13.0125
  36.1553
  49.3114
  22.8157
  25.2482
  18.4692
  14.2918
  7.14761
  14.2204
 0.757901
  57.4359
  23.1982
   40.151
   53.156
  51.6007
  27.9551
  13.9702
  13.4816
  10.1857
  36.6569
  2.60535
  9.54546
   3.6112
  4.92102
0.0126185
  7.92261
  13.9094
  11.3014
  26.1787
  30.8542
  8.53475
  6.20929
  13.0897
  26.7532
  1.55579
   7.8537
  24.7907
 0.943476
    23.62
  55.9173
  39.7193
  47.1803
  26.9861
  1.58335
  6.69416
  49.6618
  54.9713
  48.4997
  49.0878
  22.7967
  21.3247
  3.87082
  20.6495
  24.9207
  7.85051
  5.56801