 5.17309
 4.55122
 38.8298
 35.4655
 10.9635
 50.8473
 55.8715
 68.6094
  36.095
  34.552
 50.2035
 50.6424
 56.2446
 56.3634
 71.1917
 70.3758
 76.9827
 77.8399
 50.8262
 51.4957
  54.923
 54.9045
 69.9872
 57.2917
 56.5848
 47.2316
 47.2043
 52.4728
 52.0383
 18.1619
 9.03529
 7.95614
 61.0857
 60.3421
 69.3051
 68.5955
 67.7101
 69.3826
  69.058
 68.8633
 70.5729
 71.1826
 63.5238
 59.1344
 67.0178
 63.5543
 4.76358
 4.91566
 3.86346
 7.83336
 5.38208
 5.20157
 5.29694
 5.56423
 5.50791
 31.4398
 6.01275
 7.86245
 36.0845
  18.114
 18.8643
  16.941
 8.91288
 6.79494
 42.2941
 40.9965
 27.2749
 21.2057
 67.9628
 68.2326
 66.8359
 9.88033
 8.00099
 18.2746
 22.7582
 6.92832
 4.52225
 61.8409
 67.9394
 78.2782
 68.3771
 83.1806
 69.2762
 70.0984
 65.6704
 71.2767
 67.2722
  68.955
 54.0134
 44.3966
 69.4729
 68.6763
 64.2158
 61.6924
 71.5412
 20.1529
 17.9495
 10.5715
 10.7674
 14.9035
 21.8913
 27.4213
 23.9555
 40.4358
   38.66
 38.5784
 36.0874
 38.3487
 52.7374
 54.7974
 37.1236
 70.6239
 72.2956
 71.2404
 72.0561
 70.4775
 73.3163
  81.311
 84.8884
 48.6823
 48.4927
 47.5468
  48.844
 58.3131
  70.366
 69.9908
 54.6028
 69.4169
 53.5123
  50.272
 48.9032
 52.6591
 57.7251
 65.9563
 65.3319
 56.5998
 53.4131
 56.8933
 57.0028
 31.1848
 29.1846
 38.3051
 39.2071
 29.5368
  26.655
 49.3732
 43.0004
 34.3117
 50.0706
 49.1663
 49.1594
 49.9879
 50.1431
 50.0543
 37.8824
 51.4467
 51.0553
 44.4139
 38.3129
 47.9949
 32.5282
 25.7752
 65.5953
 76.5735
 57.1928
  51.793
 50.9314
 47.7085
 50.9208
 51.8932
 51.8922
 50.9924
 57.6147
 70.2356
 56.9084
 59.0038
 55.7106
 19.1353
 33.9827
   35.99
 26.6055
 39.7819
 20.1286
 43.2962
 10.5894
 31.1321
 11.3619
  6.7087
 33.5834
 63.8258
 57.0932
 15.0201
 66.2452
  62.267
 55.6495
 56.2143
  66.127
  69.208
 65.1012
 67.7851
 13.2306
 11.5967
 17.2246
 53.6652
 6.98081
 6.78047
 68.1681
 66.9424
 69.4515
  74.048
 46.0129
 5.96108
 42.2947
 29.6346
  46.048
 10.2064
 5.95611
 49.5702
 37.7787
 32.5517
 36.1128
 67.2454
 41.3986
 56.1864
 65.6655
 56.5888
 79.2782
 74.5768
 17.6955
 14.0238
 69.7661
 60.8134
 53.6024
 14.9217
 31.1583
 49.0288
 26.1529
 68.0383
 28.1755
 14.4106
 65.9732
 66.5707
 68.2485
 49.9738
 43.4608
 52.5453
 48.6823
 39.4199
 7.46261
 20.7249
 12.1407
 68.8545
 73.7227
 54.3517
 62.2045
 83.8087
 61.4052
 80.6076
 63.5602
 15.0936
 28.5537
 14.2325
 26.8595
 7.05605
 34.1788
 31.8471
 7.36857
 7.12679
 4.84468
 6.37258
 11.2551
 9.62945
  17.289
 36.0844
 65.4541
 65.6067
 31.6475
 27.2613
 8.08354
 19.0071
 3.56117
 9.22554
 83.3227
 67.9381
 63.5531
 60.1585
 30.0265
 74.1559
 37.0694
 61.6497
 50.3908
 65.9216
 68.1935
 68.5332
   67.77
 49.6673
 47.0894
 63.1739
 59.7211
 57.1537
 70.6918
 71.7822
 25.5336
 13.3292
 20.3199
 6.89785
 3.23198
 27.0919
 14.2123
 38.2507
  40.502
 37.7205
 57.0981
 75.5187
 57.5805
 70.1515
 50.2225
 70.9643
 47.3412
  44.899
  47.017
 46.5533
 46.0556
 47.7254
 58.3109
 57.2782
 69.3293
 47.0386
 79.0415
 66.1437
 58.8277
  57.051
 29.0216
 29.7536
 18.7227
 52.8368
 50.6558
 45.9019
 48.2771
 39.2445
 45.8324
 37.2557
  34.785
 27.2781
 29.9029
 30.1537
 19.1073
 15.9735
 53.5302
 50.6993
 73.1229
  58.849
  49.537
   52.62
 48.7091
 48.5612
 55.3143
 65.3439
 62.0279
 73.2393
 25.6575
 48.3746
  22.146
 37.1027
  17.187
 16.3438
  18.933
  28.808
 9.74721
 16.5746
 5.47547
 17.8708
 26.1559
 3.48566
 74.5696
 73.2019
  65.825
 69.4729
 57.6303
 67.6598
 55.1763
 53.5179
 63.4354
 58.9746
 71.1027
 68.7305
 63.9376
 47.0399
 31.5387
 12.3249
 34.3986
 18.7426
 68.1676
 66.0547
 34.7739
 15.4219
  13.351
 36.8569
 17.0346
 7.00208
 30.4228
 5.82941
 8.27211
 9.01855
 6.73659
 2.72807
 7.19868
 30.7796
 8.91286
 20.1981
 71.0418
 25.1801
 34.7243
 46.5961
 8.12956
 38.0266
 25.8832
 51.8116
 68.2951
 9.16551
 28.9666
 47.3929
 60.4591
   32.96
 45.1491
 42.5392
 86.7335
  18.942
 40.9965
 26.4915
 8.01307
 9.11583
 69.0797
 68.5284
 31.3001
 38.7792
 49.5286
  11.255
 17.4701
 15.2149
  35.518
 28.0082
 38.5273
 5.38401
 22.2482
 6.42828
 3.84232
 69.3587
  44.479
 60.7848
 57.5519
 60.3007
 35.8503
 23.7944
 50.4387
 46.1122
 21.6899
 47.3817
  46.975
 46.5089
 47.5677
 55.0065
 46.4279
 46.6456
 59.2979
 28.3224
 24.0028
 26.4613
 29.3819
 41.0788
 24.3927
 35.3505
 33.6787
 49.6716
 41.8165
  27.454
 30.5472
 32.1656
 28.0103
 22.0165
 57.1121
 65.5579
 80.8017
 48.2493
 50.6953
 51.5685
 46.0431
 45.4297
 47.9504
 81.9316
 62.6297
 58.5091
 47.3599
 37.4291
 14.0575
 9.61188
 18.7577
 7.95799
 3.44765
 5.95608
 7.20955
 10.6049
 68.8567
 72.7048
 62.8206
 67.4681
 53.4836
 89.1378
  64.189
 65.9782
 69.1586
 58.9911
 69.8547
 81.7143
 29.4228
 5.03688
 26.5105
  29.893
 10.2532
 14.6328
 21.9242
 35.0605
 60.4413
 60.7101
 5.86648
 23.9391
 14.5379
 13.1516
 7.54028
 5.37498
 11.1111
 13.8065
 6.95048
 40.8319
  13.351
 16.1557
 69.2493
 47.0796
 7.08178
 33.8954
 53.1205
 67.2973
 49.3361
 63.1792
 64.5833
  72.006
 41.9423
 73.9639
 47.0301
 27.9718
 19.0163
 78.5702
 25.4323
 69.5806
 75.5956
 73.8135
  57.644
 38.6034
 34.4978
 60.1636
 15.3012
 69.8476
 24.9853
 6.24312
 6.87649
 37.4785
 3.87914
 5.32829
 71.6257
 45.9819
 34.2076
 45.1759
 45.1408
 46.1274
 44.6304
 66.6527
 47.1757
 71.3577
 44.4242
 57.8671
 58.1043
  31.367
 25.6987
 45.6763
 32.5411
 38.0661
 30.3968
 18.6593
 30.9243
 27.5152
 23.5859
 48.5135
 47.3803
 65.3603
 81.8754
 24.4452
 12.4591
 34.1435
 46.6329
 28.1274
  34.668
 2.23511
   19.51
 37.4291
 8.47982
 6.34604
 11.6893
 12.7236
 36.7664
 17.6481
0.305828
 6.30982
 10.0853
 5.79427
 69.5622
 53.6134
 46.1302
 64.3797
 47.7912
  45.828
 76.8004
 40.5357
 63.8875
 26.4771
 37.8967
 18.6223
 68.0553
 65.2538
 8.30917
 6.96801
 11.6061
 8.11779
  8.1652
 63.6641
 71.1317
 39.4253
 38.8713
  64.189
 85.0679
 52.7381
 49.3807
 60.1305
 47.8739
 69.2838
 66.2269
  67.477
 37.1844
 49.3436
 82.3242
 66.5194
 51.7785
 80.7488
 3.64712
 40.2128
 44.7777
 27.0374
 49.3212
  65.781
 82.2049