  5.45124
  7.58868
  21.4949
  13.9713
  17.1696
  16.7652
  3.26679
  10.6753
  17.4947
  20.2262
  17.2456
  7.05732
  9.76977
  9.60691
  9.32391
   52.215
   53.536
  10.2575
  8.25968
  15.0271
  16.4137
  9.07294
  8.24215
  10.6949
  10.4781
  8.03597
   10.949
  18.7361
  20.0103
  35.3906
  37.1269
  35.9168
  39.2352
  36.5967
  37.8246
  20.4098
  7.53618
  4.67408
  6.92189
    6.574
  8.08117
  8.27516
  8.07726
  10.6366
  5.37639
  1.24219
  6.86052
  7.31346
  3.03985
  9.47238
  9.32628
  8.70625
  58.7641
  47.3896
  60.5345
  11.6872
  47.4892
  3.21677
  6.89362
   3.8221
  3.96501
  4.97972
  7.98683
  6.87163
  4.40611
  36.7942
  49.0564
  2.37851
 0.320798
  5.42741
  5.05287
  33.5993
   19.207
  10.0837
  31.7393
 0.631969
  2.56596
  7.11695
  7.20754
  6.56244
  11.8609
  13.1115
    11.66
  5.46674
  19.0739
  30.1642
  37.0028
  36.2115
  35.6648
  20.6882
  26.4263
  9.53765
  5.76634
   9.1089
  11.3968
  7.76759
  7.55278
    15.21
  20.3963
  11.2158
  12.6753
  14.2394
  8.98048
  10.6393
  15.3813
  33.9519
  24.2072
  23.9425
  16.5183
  7.94143
  8.95788
  12.7457
 0.616085
  4.30896
  11.0894
  6.91325
  11.8667
  6.99168
  19.3674
  2.22826
0.0330563
   1.2897
  12.5195
  8.99719
  12.5444
  11.5945
  15.3473
  7.32263
  6.69993
  18.8392
   13.054
  12.1332
  14.2334
  9.08515
   12.169
  22.0871
  36.8478
    4.646
  17.8862
  18.2748
  16.2387
  5.27615
  3.69446
  17.4879
  5.34012
  31.9913
  5.19102
  7.01655
  16.0279
   15.497
  17.9211
  15.3615
  17.9219
   23.163
  8.28529
  10.4092
  4.05727
  6.34286
   3.7491
  1.11255
  1.97473
  6.41381
  2.19237
  10.1241
  7.67105
  1.06093
  7.60114
  19.8112
  4.56232
0.0444282
  13.2045
  25.6761
  34.0728
  35.1213
   7.9001
  8.23363
  22.6797
  19.4573
  26.5096
  18.8306
  20.0682
  18.4492
  7.01233
  17.9748
  6.76097
  20.3061
  53.7964
  60.1351
  30.9271
  3.56337
  7.81822
  9.92409
  6.33945
  31.4857
  25.3587
  28.0132
  32.2381
  34.7097
  7.76009
  1.95106
  20.9945
  32.0016
  13.6081
  14.2831
  17.9106
  17.6092
    18.95
  9.53765
  20.5238
  4.68476
  4.39924
  1.32828
  4.70293
 0.628712
  4.62454
 0.692873
   2.7088
  1.86298
  5.17636
  9.68096
  5.93688
    4.811
  7.20173
  4.21748
  4.71598
   9.3808
  8.18326
  18.6173
  56.0863
  7.41732
  59.5818
  6.37269
  3.69202
  3.90568
  4.03304
  1.58657
  61.2459
  46.1058
  5.76225
  6.69063
   3.6732
  9.17311
  15.3433
  3.31452
  13.8502
  1.04191
   13.035
  17.4573
  9.62031
  20.8431
 0.315425
  10.1309
  3.59206
  4.82679
  14.4021
  34.6108
  25.5594
  30.2006
  24.0351
  6.40329
  13.0226
  14.4023
  7.89652
  9.09286
  12.9575
  18.4309
  12.9681
  16.8711
  8.15374
  11.2257
  8.84904
  17.5005
  47.2267
  3.90629
  6.86066
  18.6653
  16.1244
  14.2833
 0.420063
  11.9176
  3.98366
   12.619
  8.60052
  14.1644
    6.055
  14.9757
  1.71501
   1.5831
  9.06237
  1.41449
  5.75501
  4.51027
  7.00911
  18.7247
   9.4044
  3.41207
  16.8286
  6.63477
  30.4891
  5.99546
  13.7455
  17.6401
  16.6754
  11.5771
  6.85428
  17.4982
  17.5584
  25.4026
  31.0152
  24.7317
  27.5343
  5.24787
  9.55743
  13.4566
  13.9647
0.0730217
  41.7582
  35.1185
  39.8631
  31.7393
  25.0573
  0.04103
  5.29448
  9.64374
   8.4608
  6.11778
  54.7723
  3.63126
  6.48954
  18.8483
  22.6547
  3.94608
  6.01128
  5.76055
  5.47183
  17.0511
  23.2971
  58.6553
  51.8251
  8.23549
  3.69055
  4.61312
  4.91603
  9.02948
  2.45927
  48.4134
  26.9983
   4.9186
   27.068
  44.4174
  7.75598
  19.5819
  28.1715
  9.45894
  4.53799
    8.112
  29.2618
  2.96274
  13.7882
  12.2102
  36.7694
  50.9625
  8.58569
  5.19509
  7.33262
  9.46254
  4.46395
  27.4018
  9.11274
 0.819568
  24.2773
  8.42928
    8.941
  7.25148
  6.22397
  3.20129
  9.85245
   3.7906
  12.0469
  9.85933
   18.665
   17.404
  15.2244
  10.2745
  14.6127
  15.5117
  13.9387
  28.5468
  9.85469
   15.178
  18.9384
  9.41169
 0.200067
  1.19436
  4.98222
  7.26591
  22.2173
  3.27818
  4.83577
  2.32473
  6.39488
  8.65776
  7.84637
  2.70773
  3.77327
  2.73317
  5.04831
  7.96039
  15.5004
  20.7157
  48.3008
  16.1466
  12.8299
  16.0022
  12.6632
  5.71414
  13.2118
  28.0615
  27.8432
  26.4853
  30.4514
  19.8214
  16.7951
 0.345539
  10.2171
  32.4885
  1.46941
  4.53031
  9.29167
 0.443683
 0.545329
   4.1145
  10.8917
  13.6811
  7.90776
  2.04413
  4.20594
  8.76871
 0.607465
  1.07305
  1.78037
  37.2696
  44.5875
  38.9824
  9.16018
  1.66502
0.0611968
  7.02338
 0.435109
  7.71733
  8.23549
  8.71349
  57.1241
  11.8193
  23.3634
  4.31771
   43.349
  4.81323
  8.96374
  22.0387
  40.9909
  49.7097
   10.481
  5.00535
  19.9118
     16.4
  32.7084
  18.4339
  12.4384
  7.32454
   5.3462
  10.3726
   1.7939
   11.022
  13.7526
  5.75724
  4.91579
  1.76654
  13.3537
  10.7813
  7.70204
  29.4507
  10.4933
  13.5368
  12.4591
  28.8359
  19.8961
  20.5628
  5.74286
  6.69717
   4.7699
  5.95355
  3.94129
  4.83164
0.0873994
  10.3987
  7.93101
  15.5094
  4.90118
  13.3988
  30.5116
  17.3679
  28.1961
  4.52684
  13.1576
  9.01615
  5.64825
  6.06013
  9.70891
  2.78097
   6.9602
  40.4977
  3.59577
  7.03988
  8.24664
  25.5452
  4.42356
  3.28683
  6.76032
  7.91405
   26.919
  23.7763
  13.3783
  34.8036
  5.91294
  3.93005
  6.70842
  3.77254
  4.99749
  41.9188
  51.7605
  14.7584
  21.1033
  9.29217
  5.63068
  11.3674
  13.0557
  19.9281
  5.84522
   9.6538
  45.7393
  51.2271
  14.9703
  48.2132
  3.27207
  6.19614
  10.1007
  17.6562
  9.46708
  21.8704
  14.4981
  7.38891
  10.8658
   4.3989
 0.443675
  18.2188
  26.5477
  45.4084
  20.7622
  9.96458
  6.16229
  19.5664
  23.7399
  52.8561
  13.0582
  41.7695
  32.0846
  12.4005
  9.71278
  17.8485
  8.44379
     15.8
   1.4716
  7.14064
  8.20787
  19.8095
  2.50331
   17.843
  20.9608
  12.6068
  32.1556
  36.7334
  54.9048
  31.9951
  2.54432
  9.10294
  6.62945
  2.10669
   17.301
  5.40964
  5.31101
  1.13676
  17.2568
 0.926816
  30.9401
  2.01704
  29.2502
  25.0978
  1.61813
  16.3961
 0.889435
  7.89769
  19.2766
  25.6159
  18.1482
  5.13274
  3.03749
  2.29228
  7.25123
  26.5543
  6.63668
  8.35953
   53.159
  31.2234
  7.19891
 0.220813
   7.6426
  11.1065
   26.854
  5.05249
  7.03694
  8.75522
  17.6291
  5.48172
  16.6629
  8.95225
  1.34668
  25.4174
  30.1515
  15.5789
  23.9238
  46.1619
  25.6007
  3.03271
  5.03344
  1.71471
  7.19762
  16.3961
  23.5248
  24.7028
  7.72695
  8.39452
  21.1205
  11.7081
  1.60864
  3.96531
  42.4781
  4.74551
  9.18326
  2.43914
  11.6197
  5.35253
  26.8694
  23.6137
  17.2549
   11.466
  4.37374
  16.0784
  51.4431
  2.59712
 0.325154
  3.91306
   25.738
  1.04594
  12.9493
  13.9284
  13.3439
  28.6278
  8.14937
    24.66
  27.6273
  36.9935
 0.776161
  20.2528
  9.90861
  16.8425
  13.5337
  6.64755
  33.9229
  18.3405
  19.6048
  35.2807
  6.41123
  14.5152
  6.12108
  16.6701
  5.54971
   11.057
  15.3645
   25.552
  21.8865
  5.21959
    27.97
   11.245
  17.4046
  22.0034
  11.5091
  7.87395
  33.9514
  15.7784
  22.1483
  27.4158
  2.13472
  13.6105
  16.8637
   31.376
  11.4601
  29.4769
  23.8266
  18.1729
  15.7217
  35.2908
  16.1714
  29.2115
  48.0773
  9.23019
  5.49349
  42.9452
  24.0247
  3.37272
  6.58828
  1.27128
  5.11978
  32.9354
  6.76341
  17.8215
  25.4522
  1.63839
  11.4598
  3.49641
  35.1123
  16.0208
  21.8422
  26.6084
  21.0712
  15.7957
  28.9894
  7.53128
  26.1325
  30.4267
  27.2387
  5.48576
  31.0427
  28.2323
  2.74097
  21.0339
  13.4201
  2.11747
  6.25814
  6.79235
  1.34502
  26.3412
  38.6801
  28.2764
  10.3565
  57.2975
  11.8927
  34.8494
   42.301
   17.281
  12.1131
  16.6938
  2.74876
   17.391
  21.6551
  51.4801
  16.8555
  1.22018
  10.2807
  1.58767
  33.0972
  23.8013
  43.2441
  49.0238
  20.8988
  2.03909
  50.4294
  49.4018
  24.9095
  59.2404
  18.2435
  23.4725
  28.7418
  45.1598
   8.3976
  6.13324
  8.51414
  6.08267
  5.76685
  10.4901
  29.3838
  21.5085
  3.79131
   16.565
  37.9709
  46.0666
   32.003
  3.31506
  17.2137
  7.61095
  30.6154
   20.151
  17.0801
  12.4935
  29.0476
  47.3318
  1.72538
  44.1341
  30.3451
  7.48887
 0.128332
  35.7606
  4.23576
  28.4073
   6.6365
  34.6224
   47.317
  46.9978
  7.03384
  11.4296
  12.4906
  32.2982
  19.9255
  52.9554
  36.6726
  15.8164
  4.77299
  6.16878
  17.0539
  25.9602
  15.6934
  42.1712
  5.12203
   43.649
  29.2015
  60.3391
  24.0354
  39.2186
  18.4176
  34.7149
  32.6837
  15.5532
  25.7561
   22.902
   9.8335
  10.1815
  49.9319
  27.6944
  22.8016
   24.463
 0.310734
  25.0408
  21.6242
  38.6311
   20.589
  42.6511
  12.9228
  23.4596
   25.464
  13.8128
  0.32242
  1.03666
  10.8007
  18.3999
 0.544179
  4.57065
  3.61856
  19.2244
  4.72868
  4.56327
 0.243672
  9.23368
  44.2066
  23.0087
   23.472
  38.2817
  11.6227
  30.8394
  8.93311
  10.1083
  2.51617
  31.0944
  53.6546
  36.2156
  11.0972
  5.81856
  20.4361
  1.72689
  52.6651
   11.936
  4.15723
  1.38063
  30.6667
  13.8464
  24.7411
  21.3849
  38.1067
  4.41489
  6.22759
  10.1156
  2.60622
  30.2733
  1.77484
   6.4118
  8.88502
  34.5271
  3.98122
  50.6722
  2.90784
   4.0539
  1.04041
  29.7107
  59.4099
  5.17701
  47.2191
  3.25127
  31.7204
  26.5439
  5.25262
  5.64413
  33.5483
  20.3598
  60.7682
  8.44083
  30.4834
  3.27699
  22.0607
  11.5169
  2.00999
  7.25614
  6.16079
  3.98344
 0.481883
  2.11694
  5.30064
  31.4334
  13.6115
  14.8203
  7.37351
  20.9562
  12.1617
   14.205
  7.91228
  7.58527
  2.47656
  1.06578
  15.3867
   1.8743
  3.26344
  10.7336
  7.57741
  22.4581
 0.310746
  5.97473
  23.5774
  2.30428
  25.6773
  1.60033
  3.80944
   3.5303
  2.33678
  27.5966
  18.1271
  23.1066
  4.17255
  4.20544
  8.96499
  17.8559
   60.807
  11.0123
  34.6475
  45.1683
  47.1628
  9.33142
  1.62144
  8.00825
  3.05944
  7.41757
    9.437
   9.3703
  3.91016
  2.74983
  16.0191
  13.5476
  5.19965
  35.5334
  20.1714
  7.07162
  27.9497
  8.13099
  9.99696
  4.68009
  2.65592
  2.74983
  6.57088