   11.2812
   9.09509
   3.66483
   1.76968
   14.8984
   8.29286
   3.10145
   4.23815
   6.19139
   15.5618
   14.4782
   16.5449
   9.49498
   9.50625
   12.9141
   4.62454
   10.5559
   17.4805
    12.316
   9.15316
   12.0877
   13.9155
   16.4658
   12.5437
    12.055
   3.35535
   1.25308
  0.800025
   12.2479
   24.2069
   26.4868
   3.97673
   10.6872
    6.2901
   7.67032
   6.23065
   4.60582
   15.7789
   8.96063
   4.54635
  0.362388
   10.8877
    10.737
   5.86285
   9.06723
   7.48002
   6.91773
    3.4508
   26.9671
   24.3433
   18.0068
   40.6312
   25.7749
   4.36547
   8.44854
   5.61779
   4.82944
    7.3375
   9.26134
   24.0545
   16.9663
    23.125
   16.1695
   6.11769
   1.95483
   7.40882
   3.88514
    2.0899
   6.53381
  0.774596
   1.53132
   4.74397
   4.66475
   3.72524
   1.19079
   4.30574
   8.79454
   12.0832
   6.39975
    18.957
    2.5812
   9.85196
   3.46733
  0.120845
   8.83302
   9.28101
   9.95156
   14.7968
  0.111369
   9.35158
   12.4067
   15.3882
   8.79264
   10.3036
    15.488
0.00852842
   1.58308
   4.93187
   8.60123
   10.2628
   16.8009
   15.2782
   14.0041
   3.29072
   2.72664
   4.04456
  0.230613
   5.63842
   3.49716
    6.1823
   16.0584
   1.61309
   8.99973
   8.13304
   6.20777
   2.31593
   3.69863
    3.3288
   5.70655
   4.01992
   9.86937
   9.70482
    3.3379
   6.22846
   3.14816
   5.25049
   13.7837
   11.6933
   6.98958
   10.6275
   14.5169
   17.4689
   9.42952
   14.0167
   17.3946
   7.15429
   8.37354
   15.6222
   23.5557
   5.53573
   9.04882
   7.95857
    2.5688
   1.95515
   8.53618
   8.27466
    2.4955
   7.10565
   7.46258
   5.21681
   1.77901
   10.1478
   10.6515
   13.0844
   11.1199
   5.13858
   5.28145
   5.64868
   11.2066
   16.9101
    27.171
   35.7934
  0.383876
   2.69856
   9.50026
   6.57088
   9.90089
   17.0568
   20.1364
   2.89004
   6.16043
   11.3081
   25.7692
   15.6877
   6.26434
   5.31215
   1.25756
    9.9181
   5.88246
   11.9432
   10.4172
   1.96276
   3.58726
   4.48273
    2.6656
   9.44892
   8.80645
   11.5807
   15.1322
   6.26747
   11.1019
   8.29964
   12.9841
   5.71327
   7.89089
   11.1158
   5.61779
   8.66734
    7.0038
   2.99198
   6.03996
   10.5848
   10.5974
   7.96059
  0.793259
   1.23797
   1.10306
    35.309
   19.7294
  0.485281
    26.064
   1.56658
   5.93128
    3.6166
   4.31181
   8.32466
   25.0471
   22.2114
    1.3786
   11.8643
   8.34686
   13.5465
   9.80131
   11.5736
   6.15903
   6.82772
    12.141
    5.3577
   9.50875
   8.27684
   3.09415
  0.120866
   7.89292
   8.46809
  0.839869
   11.2331
   11.0945
  0.338769
   5.64798
   14.4719
   11.1719
   8.95587
   15.3242
   5.29677
   14.5782
   12.8146
   9.21378
   7.07023
   11.6427
   2.72721
    9.1792
  0.221973
   12.8832
   4.16425
  0.134561
   4.70398
   13.9185
   15.1126
  0.632818
   4.38774
   1.11916
  0.328508
   8.63561
    7.7498
   4.49045
   12.0287
   6.93062
   8.27815
   6.84945
    16.458
   7.25629
   14.9988
   13.5526
    12.208
    19.962
   10.7323
   11.7394
   13.9225
   12.2808
   15.0923
   9.94484
   5.44644
    11.374
   16.1016
  0.852368
    5.4397
   6.68778
   16.2542
   7.22841
   5.67002
   8.93569
   3.96636
     9.387
   6.81612
   4.60721
   4.41965
   11.8136
     9.945
   19.4347
   5.64404
   11.3606
   4.39396
   8.62195
   3.93702
   3.77055
   2.23248
   7.40876
   7.90418
   17.4486
   29.8578
    15.808
   9.61858
   4.11843
   9.70201
   8.29754
   5.62971
   5.23481
   18.4141
   13.3855
   2.95012
   5.19336
   21.6104
  0.478698
    8.1356
    2.6521
   11.5426
  0.113654
   7.61942
0.00198389
    6.8466
   1.35535
  0.442867
    24.058
   7.48698
   9.50196
   5.55883
   2.21123
   2.08139
   7.22886
   3.62372
   3.27238
   9.08752
   1.84783
   9.83514
   5.06212
   7.09931
   6.59013
    3.5785
   2.18764
  0.137165
   6.47358
   15.1575
   13.0301
   16.1884
   16.6835
   9.49186
   11.3578
   11.3722
   13.9036
     7.323
   6.01219
   0.28848
   9.98986
   10.5682
   17.7403
   6.76618
   2.50777
   2.95286
     4.137
   6.68109
   8.56494
   1.24861
   6.75863
   8.48157
   2.45442
    5.0775
   9.80542
   3.90408
   7.08567
   6.93239
  0.449293
   16.5636
    9.2421
   6.71334
   3.26627
   15.4604
   2.34439
   2.81842
   14.1191
   4.15997
   3.73246
 0.0151554
   11.6545
   3.75642
   5.00346
   3.91431
   4.13497
   5.00473
   8.84008
   3.93239
   3.79652
   9.12533
   3.78072
   8.33545
   24.6538
   6.03341
   8.86456
   10.1218
   3.03335
    4.9877
   2.68365
   3.77538
  0.190493
   31.8114
   37.7577
   23.1981
   4.05022
   8.95163
   10.3933
    8.7863
   3.18226
 0.0331438
    2.2883
  0.159725
   28.6659
   7.91582
   2.91798
   6.06565
   17.2558
   8.67755
   11.7189
    15.086
   17.3469
   2.21333
    4.4821
   3.23245
   13.1738
   2.37719
   14.3113
   21.6763
   6.71196
   2.66282
    1.3111
   7.71624
   2.79221
   2.08383
   10.4985
   5.95829
   1.62609
   2.04004
   6.90218
   1.47491
   10.6498
   7.95343
   15.3353
   7.71513
   5.30325
   6.06677
   7.52251
   5.64542
   4.20405
   8.92434
    7.6859
   1.48707
   6.49727
  0.382466
   1.57591
    13.353
   2.10558
   16.6834
     15.77
   13.9979
   7.62007
  0.143526
   11.8307
   1.40392
   4.05066
   7.63852
   6.28241
   8.69989
  0.302893
   12.0025
    15.026
   8.57687
   13.3672
   4.07149
   6.30267
  0.929097
   5.05193
    2.4474
   9.55016
   1.38788
   27.2685
   41.4763
   10.9625
   9.63043
   8.00791
   8.39351
   9.89655
    24.206
   29.2337
   3.14724
   15.1988
    7.3317
   9.35542
   11.4205
     12.45
   10.7741
   11.5367
    9.0775
  0.844644
   10.4016
    16.286
   11.5421
  0.446191
   1.43438
   4.42257
   2.71286
   5.78699
   21.9702
   19.1865
   9.25809
   9.63343
   1.98562
   25.2728
   1.31124
   8.02835
   5.22653
   7.29945
   5.65356
   4.98475
   7.92128
   11.4212
   14.2271
    5.3554
    21.524
   1.47701
   3.96108
   16.1802
   7.22732
   8.86791
   8.17215
   7.95849
   11.8621
   8.28753
  0.087697
   5.33637
  0.416301
  0.928748
   6.17173
    2.7024
   1.39584
   1.39427
   26.1098
   26.0114
   18.2044
   27.5732
  0.488531
   5.53037
0.00100075
   15.0397
   8.92163
   10.4048
   29.6898
     25.25
   10.5623
   2.20789
   9.74869
   9.84072
   8.12434
   8.91609
   3.01038
   17.4613
   17.3679
   8.50422
   5.08945
   9.85489
   12.5735
   12.0234
   26.6997
   6.62006
    13.083
   11.9105
   4.37178
   13.3954
   21.9817
   16.1516
   1.70813
   12.6666
   6.93721
   7.26952
    10.142
   2.76475
    8.2232
   7.86699
   1.02083
   20.8154
   7.95674
   19.8707
   3.47376
   9.06176
   11.9727
   2.17344
   1.92049
   7.61262
  0.141979
   24.4948
   7.67282
    12.755
   14.2981
   3.02911
   9.00335
     7.442
   5.63142
    13.427
   7.70012
   20.5022
    17.835
   7.97718
   8.52062
   15.0027
   19.9401
   18.8744
      14.7
   8.34508
   11.4731
   23.1541
   17.9636
    7.3247
  0.113312
   12.6493
   9.72232
   3.54917
   5.66811
   3.97923
   6.82043
   10.2171
   8.96814
   13.6294
   9.76165
   8.62283
   11.2259
   7.29713
   7.51007
    15.556
   13.1286
   24.5523
   11.6857
   25.1879
   4.46857
   14.0935
   13.7985
   20.5018
   15.3455
   12.4387
   5.73206
   2.77287
   15.0633
   17.1322
   14.2459
   6.05687
   5.73063
   3.05596
   16.5387
   29.2751
   10.9555
   17.3896
  0.494052
   5.53762
   26.3983
  0.586502
    0.6009
   4.47272
  0.871889
   13.7506
   11.3279
   4.13291
   12.1695
   21.9584
     22.36
   8.22691
   23.2731
   9.79241
   6.59373
   6.26448
    12.103
   12.8173
   15.9868
   5.64473
   15.2354
   12.4954
   12.3301
   18.3184
   6.25841
   28.3378
   18.3009
   12.8285
   24.9033
   15.1769
   15.8676
    11.441
   16.7224
   22.0743
   21.6397
   12.6263
   12.7249
   15.8815
   14.9067
   18.0859
   10.3875
   8.59403
   13.2845
   1.70876
   8.02817
   15.2308
   9.85362
   26.9359
   1.18782
   5.45964
   4.88972
   15.4198
   5.07209
   5.85648
   21.1703
   18.0074
   3.38358
   8.02913
   15.3681
   12.6153
   6.03683
  0.851957
   29.1858
   2.82831
   7.65452
   11.1485
   9.91303
   7.12869
    11.455
   16.2734
   7.87209
   10.6039
   15.2709
   14.9808
   9.82358
   17.6875
   12.3187
   27.9429
   23.0509
  0.970321
   7.69846
   18.2455
   8.28431
   11.2941
   9.95888
   25.6698
   12.4985
   17.2393
   9.36498
   17.5209
   29.3748
   4.55804
   23.9095
   28.0227
   7.36053
   3.60954
   11.5839
   13.9062
   13.6259
   18.3126
   19.8182
   16.4847
   21.9584
   17.6954
   8.96402
   15.3141
    25.382
  0.810938
   9.99272
   7.34566
   9.54971
   13.2612
   17.8755
   15.9568
   6.23648
   10.3731
   7.63767
   17.0062
   11.8835
   18.9815
   8.61844
   12.4387
   20.3475
   20.4811
   11.7036
   1.25345
    14.407
   4.83636
   1.79071
   6.15845
   7.10642
   11.9429
  0.230498
    3.4845
   11.8192
   21.0368
   8.69154
   2.16333
   5.02222
   25.2161
  0.825597
   11.1119
   14.7925
   16.5064
   17.7343
   9.74848
   11.0642
   4.47418
    16.193
   5.66872
   7.91781
   3.42802
   14.7841
   13.6253
   9.78168
    11.036
    14.289
   16.5023
   14.2117
   12.0219
   14.7198
   6.61405
   3.49098
   10.0296
     6.001
  0.819663
   18.1986
   17.5428
    11.769
    7.0634
   9.33258
   20.2424
   9.26642
   5.65749
   10.7407
   9.32244
   8.36228
   25.3053
   23.3279
   11.5784
   10.5601
   18.9586
   24.2067
   1.01949
   11.6257
   6.41879
   12.0365
   0.68178
   16.2803
   29.3674
    18.847
   9.05698
   16.8065
   9.68248
   1.56803
   14.5872
   26.5295
   21.1729
   12.1581
   38.8232
   14.6675
   9.50767
   22.2731
  0.255358
   13.5362
    7.8278
   12.1337
   1.75683
   6.15288
   7.09209
   14.1797
   4.15554
   35.9841
   9.86345
   5.71168
   13.9441
   18.6997
   6.67924
   10.2984
   7.79404
   9.25195
   4.14239
   37.0897
   28.0544
   1.10911
   2.78711
   4.58803
   1.91728
   18.5971
   6.64805
   12.2392
   12.0596
  0.902149
   6.56939
    2.1951
  0.855999
    8.1836
   6.22676
   8.47668
   1.45848
   3.96518
    1.4061
   15.4898
   9.02957
   9.90692
   14.3371
   7.55414
   17.5636
    5.3207
   1.15656
   3.96211
   12.4455
   10.8589
   21.1453
   17.4787
   13.4511
   8.82259
    2.9436
   5.79142
  0.569083
    10.645
   15.4653
   18.0889
   10.4215
   1.62809
   10.4595
  0.225611
   4.87187
   11.1453
    9.8016
   6.85844
   11.5825
   9.52222
    9.3459
   5.42658
   4.00569
  0.878996
   2.36025
  0.612784
   6.84364
    1.7642
    1.0698
   12.7507
   9.13615
   18.9815
   3.27816
  0.220182
  0.445859
   1.37562
    8.2115
   14.9369
   19.7663
      10.6
   7.14516
   4.77073
   13.6548
  0.889903
   10.3616
   20.4139
   20.7253
   10.7104
   1.57716
   11.0159
   5.44823
   11.4545
    6.4421
   10.4699
    13.775
   18.1915
   16.0897
  0.590359
   9.88719
   7.74769
   7.93706
   7.71203
   7.95814
   6.41948
   13.5833
   1.68074
   18.7687
   14.7763
   26.8749
   15.9301
   19.0802
   5.19548
   14.1185
   19.1251
   1.06593
   10.0804
  0.123479
   9.85978
   10.6768
   11.3431
    10.011
   3.89238
   2.16225
   21.6802
   12.1734
   17.2559
   1.06234
   18.3028
   12.2257
   5.55748
   4.35386
   13.6136
   14.5354
   3.13015
   2.17062
   6.74016
   7.89864
   2.42414
   15.7805
   2.58119
  0.298432
   3.81442
   19.2858
   1.01199
   2.83992
   15.7799
   14.4582
   16.4116
    15.867
   13.1938
   5.02728
   24.8218
   13.6069
   15.1637
   11.4643
   4.92345
   11.7324
   9.65707
   2.20777
   2.79522
   1.61791
    4.4648
   13.8083
   19.3862
   2.31531
   7.19533
    3.9788
   5.70572
   3.34741
   10.0033
   1.21628
   1.21277
   21.8499
    17.248
   19.0339
   24.2473
   9.53601
   16.0556
   15.8582
   6.44318
   15.4081
   7.14008
   24.8628
   17.3853
   20.5995
   7.83291
  0.903412
   9.23941
   18.5388
   10.2161
   8.24736
   10.6736
    17.012
  0.815646
   6.12375
   5.02266
   16.3062
   10.7492
   15.3804
   14.3493
   6.61563
   32.0645
   3.90794
   5.40962
   4.98666
   6.24852
   12.0153
   30.5275
   16.5971
   12.8394
   6.16691
   1.37029
   26.3312
   2.43403
   1.15674
   4.78704
  0.172617
   4.38816
   6.06753
   2.97989
   1.42423
   1.77149
   8.74996
   15.7788
    33.291
   12.4863
  0.500796
   14.8645
   4.55367
   1.25681
   4.94448
   4.15862
   7.89658
   4.77829
   2.52498
   3.16906
   1.84701
   10.0846
   3.08078
   10.1942
   1.10528
   0.42864
   4.30049
   2.92988
   4.66111