  21.7541
  22.7722
  17.9599
  14.3563
  15.2574
  10.8866
   3.8903
  2.51426
  28.4442
  22.3037
  18.7682
  18.6804
  14.1873
  8.12426
  5.72173
  6.61999
  5.25746
    18.62
  23.5732
  37.9251
  16.2978
  4.02361
  10.4194
  24.9226
   28.937
  2.50455
  2.00523
  9.14069
  6.60443
  21.4862
  11.6592
  11.0035
  26.2398
  14.0622
   16.186
  15.5773
  17.2945
  21.7031
  22.9009
  18.1255
  27.5806
  3.45982
  9.68487
  3.22407
  6.87267
  11.4922
  8.00801
  11.3503
  23.3659
   9.8121
  40.1462
  27.7864
  13.1733
  19.1606
  23.1628
  14.8302
  17.6405
  20.0522
  5.57145
   3.8242
  3.03392
  20.4808
  29.7749
  8.50937
  2.65752
  9.30553
  20.6038
  21.1136
  22.8149
   25.236
  25.3186
  16.0937
  23.3523
 0.921675
  9.32011
  12.0461
  7.28672
  2.43088
  6.06115
   1.0287
  5.84135
  13.8069
  1.47112
 0.887653
  5.07715
  5.39396
  9.58583
  1.97887
 0.243416
 0.901685
  149.766
  3.39348
  7.86392
  9.14267
  4.63017
  148.396
  2.59584
 0.302727
   10.084
  1.49386
  7.83772
  5.80434
  2.17902
  8.76715
   10.612
  4.04124
  3.69572
  6.91447
  3.62806
  3.93771
   4.6487
  3.55408
  149.537
  149.662
 0.865468
  8.08955
 0.825709
  4.80056
  11.1658
  18.9198
  6.74541
0.0168287
 0.439629
  3.19572
  135.961
  4.55803
  4.69283
  4.45792
  145.628
  149.888
  4.34608
  149.216
  3.08545
  1.96693
  149.614
  148.421
  147.944
 0.235373
  14.4755
  18.9232
   3.4615
  10.5575
  5.00766
  1.35695
  9.11954
  7.82884
  13.6319
  6.72023
  7.43262
    11.74
  14.0506
  13.8512
  8.57037
  2.95743
  1.16172
  7.59638
  5.29695
  6.59652
  5.96342
  147.303
  13.1292
  4.60607
  10.0384
 0.391384
  3.31533
  2.06319
  9.19366
   8.6691
  4.40969
  5.07825
   2.8236
0.0638792
 0.369471
 0.179834
 0.360119
  8.08908
  1.03678
  8.97273
  12.7696
  3.38379
  5.96115
  149.726
  148.673
  7.36099
  3.56039
 0.621743
  14.6483
  5.29835
  9.14809
  4.06981
  1.27125
  4.34294
 0.374191
  8.13794
   6.3602
  5.04876
  1.90169
  2.27405
  4.07824
  2.94213
    136.8
  2.64438
  27.4935
    28.23
   136.25
  146.749
  4.45185
  1.57785
  0.53882
  147.372
  4.71627
  9.95473
 0.865117
  11.3361
  2.85038
  12.8535
 0.679698
  20.0369
  11.1264
  1.36532
  7.59626
  5.38364
  7.51592
  13.5429
  6.20943
   9.1978
  0.64692
  5.01199
  2.07881
  2.28724
   5.5287
  2.18879
  0.21957
  10.2032
  9.73354
 0.674118
  9.56689
  20.1018
 0.156061
  10.2253
  2.52926
  3.25779
  2.25701
    5.218
  2.10683
  7.34889
  5.27721
  3.36992
  13.4255
  17.0433
  3.66638
  3.43237
  3.14369
 0.212802
  8.94449
   6.6036
  5.20021
  8.27881
  5.78407
  3.31412
  2.05188
  10.8279
  6.62268
  1.19661
   4.9443
  6.16529
  9.19158
  2.91426
   9.1415
  6.49427
  4.66092
  15.6218
  7.46339
  1.62871
  9.72287
  3.87361
   2.4999
   6.6613
  3.24651
  145.466
  147.428
  5.63287
 0.957641
  12.0336
  8.85361
 0.233907
  11.0659
  13.7912
   4.5369
   20.375
  3.35091
  11.0754
  3.09312
  2.59663
  1.52237
  5.20861
   7.7303
  8.64076
  144.823
  6.81957
   3.4412
  17.6815
  1.31639
  11.2163
 0.143108
 0.352687
  14.4875
  4.71273
 0.706356
  1.35464
 0.921215
 0.917764
  4.82343
  4.07044
  5.34781
  2.94949
  1.31841
   2.7583
  148.136
  147.808
  1.97186
   17.703
 0.485224
  8.95099
  1.55208
  148.189
  5.13291
  27.7818
  8.96339
  7.67888
  5.10238
  2.77148
  6.78288
  3.84549
   4.0164
  9.21267
  11.4778
  2.63696
  11.1778
  3.37045
  4.75925
  2.82742
  9.65385
  2.29743
  5.04501
  16.2473
  15.6894
  5.60899
  20.4504
  12.1689
  3.48788
   2.0317
   33.667
  24.7853
 0.591941
0.0656652
  1.16845
  5.67559
  12.8537
  8.71106
  7.95858
  4.47412
  6.92332
  11.0213
  13.6684
  8.18755
  19.2443
  134.168
  2.48067
  3.65356
  1.99216
  15.2235
  9.40289
  3.72618
0.0821344
  6.36037
  9.86782
  4.62257
   2.3116
  6.43791
  1.25368
  21.7079
 0.224023
  7.98451
  3.25771
   4.1836
  134.152
  6.71794
  13.0918
   12.011
  9.73759
  5.75822
  3.46165
  15.9407
  7.71722
 0.138529
 0.413709
  11.5775
  12.1665
  1.66549
  8.22684
   3.1568
  7.66962
  10.5622
  10.8269
  10.1456
  6.26567
   11.867
  2.66424
  6.50428
  21.3101
   4.3455
  13.2972
  17.1313
  9.39939
 0.780244
  16.9899
  9.14522
  10.0771
  6.72801
  7.33951
  2.52533
   18.519
  8.25386
  13.7276
   18.492
  12.5875
  7.23658
  6.87845
0.0514121
  8.53767
   9.7225
  1.56824
  9.09769
  1.39566
  11.9719
  10.1516
  7.75533
  6.16722
 0.448906
  5.58366
  10.8764
  4.13106
  7.74319
  2.17642
  27.6252
  13.8878
   13.683
  3.52975
  8.91018
  7.27205
  4.62665
  11.7958
  6.84464
   1.4741
  22.5803
  11.1805
  12.1368
  11.8444
   132.61
  20.3665
  14.3543
  7.67187
   15.005
  6.91959
  6.21358
  1.85096
  10.8673
  8.53518
  11.9171
  7.83923
  18.7319
  8.46681
  2.69113
  19.2175
  8.30343
  12.7169
   14.949
  11.9499
  1.09452
  24.7394
  30.3964
  9.03309
  9.19794
  8.56353
  7.46635
  7.58895
  15.5289
  5.66586
  8.00022
  2.26072
   10.945
  10.1354
  13.1819
  10.0184
  8.70405
  18.1421
   11.265
  1.72292
  7.79297
  9.97199
  4.66957
  6.92286
  122.123
  0.60357
  13.7281
  3.86942
  13.7286
  11.1879
  8.02129
  30.4662
  3.15219
  2.38105
  13.4769
  12.0796
  24.0286
  3.30568
 0.406217
  5.56098
  11.7508
  12.9075
  0.47923
  2.70852
  11.6496
  9.63711
  9.22683
  8.25931
  13.0574
  8.51145
  2.60842
  13.8741
  9.07448
   3.7223
  10.3341
  3.99317
  2.13357
  10.8678
  13.7874
   2.6969
  37.9156
  1.51457
  1.72546
  9.28078
  11.3792
  23.6474
  9.58625
  10.5254
  9.19549
  6.84119
  8.00757
  12.5036
  9.77897
  2.25897
  11.4797
  6.76968
  0.45523
  7.43014
  8.35294
  2.82804
  4.95416
   19.924
  20.1846
  11.0317
  8.84654
  8.06528
  10.0816
 0.329059
  2.65403
  13.7888
  10.1103
  1.77589
   1.9645
  5.29256
  2.84191
 0.430663
  10.2703
  6.86178
  8.69995
  9.97309
  10.1162
  7.02082
  4.38573
  9.92158
  16.0862
  10.9922
   16.902
  13.5587
  5.53754
  6.73449
 0.677643
  13.2959
  1.73892
  1.49627
  27.3415
    5.114
  10.1171
  15.3579
  2.97908
 0.462989
  3.79196
  3.74226
  11.2942
  13.5572
  13.7121
  8.00723
  122.069
  11.2875
  5.83378
  17.2076
  5.88351
  5.83478
  11.8738
  24.4874
  8.90657
  8.31711
  3.69716
  2.19217
  2.13762
  7.63921
  8.12505
  8.31573
   13.403
  9.87179
  12.1616
  17.7148
  7.85652
 0.505562
  8.69848
  6.15269
  13.8417
  13.2053
  15.7706
  12.5584
  10.3541
  11.7834
  3.08011
  5.77765
  6.33469
  7.49035
  5.83254
  3.25129
  11.3639
  8.63069
  5.65689
  6.02634
  2.52689
  6.31985
  5.76898
  14.5353
   5.6588
  14.0294
   11.878
  17.6244
    8.907
  10.0581
  10.6069
  1.29102
  7.40729
 0.799663
  5.73705
  8.06589
  9.10243
  5.89437
  2.35991
  1.06137
  3.62398
  8.46714
  5.14402
  4.61599
  12.9386
   5.7637
  5.79094
  5.82304
   5.4195
  3.63853
  9.62576
     3.28
  12.0729
  3.01102
  5.79215
  5.23481
  12.8608
  17.7707
  15.6459
  6.50772
  27.6008
  13.5763
  3.42811
  10.9484
  1.88924
  3.55427
  12.5138
  4.83237
  3.61948
  4.59472
 0.580322
 0.264009
  11.1257
 0.477972
  4.93106
 0.990798
  0.36139
  2.79002
  8.34453
  3.40092
   13.962
  25.0942
  17.0499
  15.7131
  8.14359
  7.16542
  8.28699
0.0856458
  18.4122
  8.30358
  6.56843
  11.0764
  6.79574
  5.95291
   10.321
  8.57348
  11.7864
  4.29409
   3.1924
  0.20604
  2.52516
  5.31865
  5.31865
  6.74753
 0.373856
  8.76986
  5.99519
 0.617416
  7.11422
   8.5297
 0.465644
  16.8204
  2.02239
  5.15157
  6.59031
  5.84636
  7.16542
  11.9791
   5.0237
  8.17034
   1.3232
  6.24645
  5.92776
  15.2596
  7.93713
  13.1464
  3.06861
  3.85575
   5.4681
  3.24995
   17.399
  10.2699
 0.400521
  7.12474
  3.13903
  8.53637
  1.49655
  26.6367
  9.85956
  11.0814
 0.686855
  2.88495
  19.0847
  5.21677
  14.5054
  5.84612
  1.97123
  1.88928
  13.1303
  6.02885
  2.03715
  22.6061
  8.52083
  11.6239
  12.7509
  15.9471
  4.93098
  3.91558
  2.70977
  7.52976
   6.1347
  11.5005
  17.2134
  9.18812
  6.40717
  12.7966
 0.504988
  4.48396
  18.0611
  7.46458
  7.81629
  6.98726
  12.1013
  19.5534
  17.7652
  2.60633
  17.5837
   13.495
  4.73011
  3.13293
  6.66335
  1.74616
  17.8388
  4.48853
  8.08634
 0.440898
  4.26533
  8.55759
 0.134161
  14.9833
  5.31013
  10.7607
  15.9373
  14.1314
  12.5272
  2.79348
  6.32097
  10.1676
  17.2426
  2.91285
  5.57216
  5.25555
  18.7207
  11.7553
  7.51049
  17.3912
  10.9732
  1.04165
  10.8526
  6.57383
  2.33677
  6.37482
 0.901534
  1.53794
  7.54144
   9.8369
  10.3304
  10.7161
  6.10345
  4.24504
   1.9594
  6.02895
  10.1274
  1.74981
  8.90865
  6.49128
 0.896726
  6.73594
  11.4938
  4.70096
  14.9027
   1.3464
  10.7976
 0.798957
  9.03606
  6.08626
   4.1085
  1.96683
  14.1354
  11.5809
  3.41324
  12.6599
  10.6869
  15.1072
  11.7006
  4.17475
  5.40786
  11.6613
  5.88976
  9.86946
  4.54162
   14.049
  3.76159
  8.45263
  4.00899
  9.17459
   6.8935
   4.9019
  4.07537
  14.9027
  7.13597
  5.47799
  4.89581
  10.0498
  10.0864
   10.221
   6.8935
   10.467
   2.2009
  18.3986
  18.6832
  5.87357
  9.98426
  5.39033
  2.35388
  21.9147
  20.8932
  21.4214
  19.9334
   7.0609
  18.4873
  28.8644
  7.69097
  2.51835
  15.7742
  2.16597
  133.601
  12.7526
  14.5829
  10.9411
  10.4183
  8.70537
   7.2807
  13.8175
  4.75156
  4.18036
  6.80267
   2.0335
  12.5416
   1.9793
   16.984
  12.7924
    9.452
 0.105583
  4.38259
  5.51797
  6.63827
  2.21846
   14.045
  10.8786