  27.3698
   22.345
  34.3542
  30.6563
  41.3522
   33.437
  36.3796
  34.9377
  3.79014
  9.54391
  27.7469
   19.519
  17.4095
  25.6248
   26.802
  36.4762
  3.76454
   1.5535
  1.87816
  1.24943
 0.851314
  19.2492
   12.763
  24.4881
  47.0823
  21.2417
  9.91394
  29.1195
  2.43866
  1.09585
  1.34513
  4.26075
  15.9143
 0.926599
   35.833
  38.3922
  33.6669
  31.0295
  32.1858
  39.5217
  4.04578
  4.14456
  5.91106
 0.680203
  8.85643
 0.851161
  10.9017
  31.6363
  23.8027
  23.6743
  3.13789
  6.08481
  2.04599
  4.07949
  8.38215
  27.9401
  9.60479
  6.87648
  3.34748
  1.59182
  7.36899
  1.35126
   28.935
  6.75832
  4.14414
 0.921702
  5.28613
  6.98393
  2.51972
  9.61193
  10.6685
   4.8025
  5.67189
  7.38117
  1.28471
  20.6623
  3.27657
  4.68007
  6.89757
   6.4505
  2.38468
  16.1311
  1.72545
  4.87422
  18.3715
  28.4695
  13.4413
  28.0828
  3.32405
  3.88371
  3.26622
  36.3198
  30.3526
  14.1703
  31.4956
  10.3372
  14.7279
  8.24961
  14.3621
  38.2533
  21.9362
  25.3701
  6.90128
  5.34456
  5.20713
  35.5562
  5.57168
 0.152267
  3.38199
  4.35957
  2.81669
  10.0917
   1.3683
  11.3216
  5.68555
    0.425
  11.1894
  12.4699
  9.22541
  5.26068
  10.7268
   7.7712
  27.0852
  6.10623
  1.25576
  1.49935
  10.9454
  3.59733
 0.792876
   1.8866
 0.927637
  4.84456
  21.2057
  2.55668
  5.83408
  12.2794
  25.0599
  22.7804
  11.2941
  6.87875
   10.672
  11.3915
  14.2162
  1.34064
  2.86471
  5.89239
  2.12181
  0.54416
  9.54507
  12.3542
  2.97359
  3.58391
  2.23944
  8.62184
  10.6646
  1.89989
 0.395756
  4.79062
  2.50255
   4.5572
 0.774031
  10.3752
  5.74219
  3.71334
  3.95718
  27.6028
  2.73332
 0.100625
  18.4402
  10.9623
  7.86332
  28.7221
  12.9134
  3.53642
 0.167322
 0.216715
0.0846329
  7.73863
  1.95086
  12.9698
  23.7417
  2.37044
   5.3068
   11.073
  5.63276
  16.8841
  2.92526
  1.25617
  44.6042
    10.98
  11.5526
  9.08932
  10.6912
  9.25374
  6.62664
  12.1003
   7.6461
  21.2198
 0.910667
  1.30015
  1.00286
  27.4153
  24.7481
  6.31381
  13.6373
  4.30081
 0.801259
   7.5003
  12.7814
 0.874728
  1.29077
  11.0901
  11.9852
  9.33429
  31.4101
  2.07429
  12.0971
   6.6711
  3.61604
  2.49826
  7.48852
  6.61476
  5.62459
  2.38491
   6.7607
  5.50894
  11.5804
  2.76529
  2.49279
  11.4399
  6.05163
  28.7446
  40.6873
  9.88789
  4.17589
  6.10054
  14.0438
  11.8067
  9.33031
  14.7804
  13.6942
  6.01559
  4.40385
  19.5727
 0.445615
  6.10298
  2.83857
   2.0959
  3.30398
  3.78593
  5.89291
  7.98765
  1.33072
   45.569
  32.4793
  1.58407
  12.4479
  2.18879
0.0665852
  1.75791
  5.37249
  5.90851
  3.68147
 0.690807
   7.8964
 0.924008
  5.12412
  29.3561
  2.51548
 0.845167
  18.0941
  11.5573
 0.233206
  1.58056
  3.14503
  2.74638
   1.7173
   27.056
  43.6284
  30.2703
  2.73488
  1.14809
  10.1621
   1.5448
   13.915
  25.1863
  32.0322
  3.29485
  13.4118
  7.71786
  21.8312
  4.76017
  7.61298
  31.2017
  27.6979
  28.6949
  9.24435
  16.1647
  16.5087
  27.2193
  15.0827
  21.6358
  15.0645
  17.2802
  16.7634
  9.21537
  14.1318
  7.86801
  21.1197
  9.22487
  11.4034
  3.40379
  10.5843
  16.0521
  3.66512
  7.02786
  4.46111
  4.09735
  17.6373
  2.17711
  15.3436
  4.58677
   27.449
  34.5479
  9.99362
 0.875722
  3.15509
  2.27604
  37.0013
  1.51462
   27.194
  4.51684
  31.7344
  30.1411
  17.1393
  12.6598
  27.7034
  6.40423
  1.40241
  5.19498
  1.32183
  4.55155
  27.8764
  14.5376
  29.9965
   4.3541
  1.96436
  5.66297
  35.9952
  9.32639
   9.6745
  1.40464
  3.75634
   3.9384
 0.777752
    6.686
  6.88107
  34.1124
  4.90646
 0.492449
  10.2654
  13.6509
  6.11608
  2.19097
  9.18985
  7.59757
   2.7113
  42.8969
  31.8951
  25.1942
  29.7559
  31.6316
  36.0587
  7.51685
  7.70305
  16.1398
  4.09018
  30.5054
  47.1369
  14.6874
  23.7913
  14.3165
  5.57344
  8.63833
  13.6585
  28.1148
  25.6095
   3.0307
  1.26297
  3.16875
  29.6113
  3.28696
  25.6074
  1.22128
   12.243
   4.5119
  34.2113
  35.1933
  29.1791
  14.2511
 0.731964
   2.1503
  4.54387
 0.084458
  6.28122
  3.90707
  32.8937
 0.386177
  9.64597
  3.54429
  1.22401
  7.62944
  4.61641
  6.16646
  12.2215
 0.695107
  15.6899
  9.03357
  5.77157
  28.0465
  12.8781
  23.6288
  3.98753
 0.841299
 0.802576
  7.11267
 0.666444
  9.37202
 0.492898
  33.3906
  25.8008
  3.04418
   7.3835
  23.7695
  1.14939
  2.66063
  6.11394
  3.60827
  22.4847
  10.5566
  24.0405
  24.1515
  28.0435
  18.3772
  28.9818
  3.09456
 0.687402
  7.25741
  5.46589
  8.12224
  4.98055
  2.62389
  8.55854
  4.73029
   2.2572
  16.0126
  11.3053
  14.1734
  12.9596
  29.4792
   12.648
  1.25526
  24.2978
  16.9378
   4.4097
  6.90775
  27.3018
  27.0429
  14.8636
  11.8287
  21.8992
  28.9719
  8.50402
  13.4523
  4.50574
  11.9669
  6.99473
  3.85063
  3.85063
  10.9941
  8.64814
  28.6192
  25.1122
  7.89774
  1.20551
   2.4034
 0.162445
  4.17119
  7.65087
  5.87452
  16.3036
  12.9596
  9.66685
   1.4808
  15.3501
  20.9382
  1.27957
  21.0108
  42.4189
  32.7642
  17.0162
  24.4424
  32.9904
  36.8186
  14.9433
  8.77724
   7.8964
  22.1452
  7.40943
  9.83524
  5.00427
  5.10376
  27.6349
  7.42921
  7.40837
  7.55418
  1.68286
  5.50043
  7.77887
  10.3611
  6.01647
   8.7625
   24.296
  20.5934
  27.0173
  5.77157
  11.9233
  15.2391
  14.0449
  16.8123
  1.81362
  6.03245
  2.27834
  2.79572
   8.8896
  21.6972
  13.4943
  18.0479
  3.55522
   3.8456
  11.7994
  3.00936
  7.11552
  1.46935
  5.01937
  31.8698
  8.41395
 0.243642
  10.3856
  2.42733
  9.22775
  11.2216
  1.55935
  14.4985
  21.5806
  22.5298
  22.2442
  11.8612
  1.46612
  3.02784
  29.2577
  4.59037
  4.77543
  12.2475
 0.892974
  26.3255
  7.48856
  5.35443
  3.68205
  1.09362
  16.9502
   11.278
  3.72289
  3.32586
  18.7752
  13.6158
  19.1156
  2.23727
  2.98012
  26.6753
  9.20284
  25.3931
  6.49798
  35.9909
  20.6898
  6.31951
  24.9526
  21.8486
  29.7411
  19.7295
  32.3091
  8.31174
  4.18116
  11.1251
  3.96001
  2.66613
  9.15511
   25.961
  18.4642
  26.5154
  7.09502
  26.7454
  8.64333
   4.6465
   3.4123
  27.7079
  23.2903
  18.5493
  15.0928
  10.5487
  21.4853
  11.4321
  29.0481
  29.8795
  31.8373
  2.14832
  16.8109
 0.287932
  4.15022
  14.0523
  15.2955
   27.937
  29.6076
   19.197
  33.2376
  31.0401
  20.1368
  10.5733
  2.51484
  10.0441
   24.792
  20.3584
  24.7591
  23.2209
  33.6661
  37.6893
  7.13065
  4.47921
 0.205773
 0.236979
  1.38106
  31.8124
   18.815
  20.1762
  5.36218
 0.871738
 0.689419
  15.8449
  26.1738
  12.0882
  7.07175
  2.98202
  22.4733
  24.9447
  21.5736
  3.59808
  5.24656
  31.7429
  22.7961
  19.6078
  8.53886
  11.3224
  10.8825
 0.678778
  5.05008
  1.24362
  7.34266
   2.3407
 0.894804
  9.27243
  2.76744
  5.89239
  25.6307
  21.5082
  18.9393
  23.1516
  7.65002
  4.22332
  2.04377
  9.11551
  10.2286
  2.83118
  8.74835
  20.0801
  7.13065
  23.0388
  18.0945
  7.16951
  0.82881
   22.582
  15.8229
 0.107252
  23.2129
  23.0316
   10.706
  4.22332
  4.35547
  3.18395
  2.23682
  6.33258
 0.201616
   12.107
  1.53888
 0.156623
  12.2571
  10.6855