  3.83126
  1.95751
  10.3004
  19.4449
  18.3272
  18.8612
  9.80299
  8.40666
  12.2386
   12.614
  22.3528
  4.97108
  7.39936
  11.2891
  14.5735
  30.6994
  35.6852
  19.4306
   17.017
  3.28504
   3.6791
  14.5406
  15.8721
  3.16995
  5.15579
  6.09157
  3.91671
  1.94267
  17.6182
  48.8263
  21.6138
  49.2775
  39.2924
  14.0723
  14.2562
  11.7883
  8.63916
  4.23754
  4.11473
  7.53696
  10.0582
  6.38692
  9.27769
  1.73485
  5.29815
  33.8464
  9.94873
  7.92743
  69.5381
  58.7017
  33.4769
  8.11546
  10.6873
  0.19649
  18.2418
  6.66357
  13.1518
  2.75678
   2.6889
  18.3451
   31.343
  213.993
  214.236
  214.687
  8.23989
  9.78247
  1.74919
  1.82919
  4.68294
  4.43439
  8.38971
  7.16813
   6.3848
   4.9485
  4.24939
  28.9743
  10.2421
  38.4736
  38.6612
  37.0241
  9.19764
  13.5206
  16.5212
 0.828511
   17.246
  1.64004
  4.58069
  9.06457
  13.1132
  4.77098
  16.9296
  4.24587
  11.3228
   10.881
   1.0469
  3.72717
  12.3977
  8.58877
  23.4645
  9.72102
  6.93228
  5.26889
  9.18456
  12.6976
  11.7706
  14.7748
  15.2138
  6.62841
  4.26929
  9.06695
   11.206
  8.29632
   15.013
  11.8145
  3.63226
  3.54038
  4.10581
  3.77244
  10.3764
  15.0242
  15.4605
  13.2759
  6.28621
  3.42456
 0.907903
 0.782748
  6.58745
  44.9771
   10.909
 0.628692
  8.67846
  17.8623
  9.10669
  21.3565
  10.6188
  15.2669
   13.001
  5.37358
  3.61153
  19.7804
  27.7201
  217.274
  217.021
   217.72
  6.98376
  215.885
  214.579
  11.7369
  1.52916
 0.339571
  35.8302
  2.53385
  17.6607
   6.2585
  37.6061
 0.935759
  2.95867
  24.1669
  18.2631
  65.0024
  15.2301
  3.58307
  8.42166
   22.461
  30.8103
   33.893
  224.766
  24.8369
  14.4845
  8.84061
  27.7873
  47.2442
  56.5208
  11.3255
  11.8439
  5.96888
  23.8092
  12.3679
  7.50748
  35.4529
  22.9932
  30.3648
  33.5148
  6.96748
  26.5462
  12.0411
 0.692657
  9.90099
  14.9651
  15.1104
  3.56025
 0.615459
  16.5212
  7.00291
  6.05801
  222.682
  214.064
  8.84044
   13.143
  10.4888
  8.61517
  7.71309
  12.2116
  8.04099
  5.96588
  10.3537
  8.76987
  2.29515
  4.01387
  48.0865
  29.2544
  5.09353
  44.9982
  11.3436
  3.80113
  7.36885
  36.1459
   8.0159
  12.2849
  28.9747
  12.5221
  4.14445
  10.1816
  6.99723
  10.1935
  2.66292
  11.5594
  5.89613
  19.7327
  1.68068
   6.7905
  12.1268
  5.65913
  14.0727
  48.6766
  21.6217
   20.278
  9.89106
  8.67864
  14.0286
  7.71467
  17.9261
  4.16693
  2.34242
 0.377404
  13.5499
  4.93258
  4.79615
  2.53034
  16.0897
    12.18
  42.1437
  2.11826
   21.283
  18.5721
  13.1585
  18.7954
  36.8336
  12.7851
 0.059757
  20.1071
  20.3446
  4.17289
  9.25675
  14.1125
   5.5817
  15.8907
  11.3236
  16.9023
  6.64316
  2.37701
  4.82437
  13.8916
  19.7333
  14.7882
  14.0187
  16.4294
  10.8685
  10.7153
  4.43144
  12.5543
  12.3486
  15.0183
  8.44784
  13.3636
  2.89816
  15.5695
  22.9261
  4.87985
  20.9162
  13.4329
  11.4072
  15.9481
  5.50233
   20.195
  30.1973
   27.648
   217.44
  217.636
  34.2588
  223.382
  48.9392
  28.3725
  9.26772
  35.8926
  12.1046
  1.02544
  3.50496
  10.3834
  10.1801
  29.5954
  16.3329
  9.60374
  65.0843
   219.85
  215.772
  7.77407
  3.68608
  32.8702
  5.03384
  6.46503
  11.3792
  2.33613
  30.2766
  57.1627
  1.29713
  17.5504
  13.7976
  10.3637
   5.4103
  12.7229
    9.782
  8.91197
  5.89477
  26.6639
   53.086
  12.8519
  12.4086
  20.5202
  2.72264
  1.41665
   15.439
  24.8134
  4.41245
  1.98306
  9.07755
  4.71321
    19.38
  38.1133
  17.8117
  10.4673
  1.60939
   9.8456
  11.5309
  12.5681
  11.8941
  13.0856
0.0908213
  13.6286
  18.3836
  1.62911
  8.78554
   14.921
  13.6268
  12.8892
  7.76135
  17.0921
  10.3695
 0.762945
  13.0113
  1.70977
  4.75892
  14.9532
  4.84654
  9.17141
  6.26659
  1.31226
  10.9779
  9.14855
  5.03123
  3.21844
  4.52287
  12.6532
   7.9116
  36.9225
  4.46742
  18.4902
 0.804698
   13.639
  9.64732
  15.7647
  22.8382
  19.2399
  17.1924
   20.535
  6.02655
  5.74973
  14.3073
  217.577
  217.705
  12.6173
  220.409
  221.825
  214.231
  13.7227
   21.961
   9.0499
  12.3048
  26.4928
  8.71298
  1.66593
  29.2793
  8.58913
  42.0519
   25.126
  47.8527
  1.00252
  6.10326
  18.8218
  1.34431
  2.08825
  2.20029
   219.85
  8.15626
  14.3046
  22.4637
  10.1408
  3.46606
  71.3246
  14.5763
  7.29889
  21.9624
  32.9553
  23.8498
   16.145
0.0685018
  5.95602
  47.1371
  20.6831
   17.022
  20.9543
  8.59322
  1.14409
  10.4952
  11.0109
  10.9418
  31.5207
  38.3563
  2.58265
  8.43392
  1.65887
  1.67782
  4.62153
  12.7332
  14.7895
 0.972432
  29.4727
  17.9439
  4.48406
  7.41256
  2.03526
  2.76086
  9.91557
  10.7243
  23.7056
  13.1805
  14.4725
  5.73581
  8.85621
  13.7991
  8.92896
  23.1303
   25.766
  19.5455
  6.33081
  16.3823
  11.2602
  8.64231
  7.76535
  11.3348
  18.7381
  14.4466
  11.2279
  11.3187
  222.028
  213.782
  6.00655
  8.72747
  29.5095
  12.7477
  36.6886
  10.2503
  6.21451
  12.1531
  8.44071
  2.77451
  9.28768
  53.4137
  33.0283
  30.1761
  21.8765
  220.409
  2.88175
 0.525057
  5.99255
   5.7218
  11.7933
  32.5174
  4.19776
  3.95091
  34.1001
  10.4057
  5.38332
  15.6367
  2.91454
  9.98865
  27.4754
 0.886974
  36.3217
 0.551795
  4.69716
  9.33884
  10.8584
  55.4698
  10.6272
  13.4986
  2.27734
  31.1545
  37.2048
  27.2959
  8.98299
  6.51698
  0.82764
  23.1683
  28.5926
 0.164923
  14.8152
  3.34467
  22.3369
  7.08498
  31.6993
  1.75814
  21.9971
  9.11735
   213.14
  54.5277
  2.66948
  20.9284
  68.7981
  5.81513
 0.333402
  4.86327
   11.422
  21.6181
  15.1361
  10.8389
  8.24911
  28.8037
  16.0914
  14.7716
  10.7049
  1.73256
  1.12709
  12.7387
  16.3739
  66.7716
  3.36054
   3.9822
  2.97526
  3.67341
  31.3932
  3.08645
 0.113946
  39.4442
 0.479424
   7.3103
   1.7585
  5.33901
  5.88049
  6.87957
  2.75768
 0.207367
  27.2769
  4.89248
   2.4986
  1.41593
  5.59394
  11.9749
  20.9245
   22.833
  66.1527
   1.8831
  11.0997
  9.44272
  1.77416
  5.50771
  4.87545
 0.129312
  20.6059
  5.51627
  9.87681
  36.2713
  4.08588
  6.41574
  10.2455
  26.0276
  31.0915
  220.434
  7.96234
  14.4888
 0.925152
  1.10893
  13.4828
  69.2396
  2.47664
  7.51764
  3.53334
  5.91063
  4.21735
  11.1899
  13.5495
  30.7997
  8.73211
  9.70655
  70.7993
  24.3461
  9.37677
  17.0188
  17.8994
   10.631
   2.3176
  2.48228
  20.1837
  11.9016
  4.14756
  52.9254
  7.48032
  12.1145
  31.0283
  17.8519
  19.7804
  13.9926
  23.6432
  10.1811
  36.3022
  11.9937
  28.6853
  10.9118
  21.9204
  3.75788
   59.787
  29.3689
  33.8757
  26.9642
  4.84621
  2.27627
  14.8869
  11.4611
  35.7064
  22.6434
  3.30803
  36.7741
  13.5701
  27.5712
  59.5254
  5.90557
   42.913
  5.26092
  39.8103
  23.8252
  18.6969
  1.45587
  16.7243
  9.34059
  13.5355
  72.9936
  15.4948
  3.44958
  13.1788
  16.3005
  11.0183
  35.5887
  33.3136
  35.1797
  27.2922
  25.8047
  2.16421
  32.0034
  36.3794
  36.2609
  8.71836
  15.4423
  6.39557
  15.3756
  28.6033
  1.03058
  35.9316
  2.26657
  10.0808
  34.3335
  23.3028
  9.05051
  1.34336
  41.7675
  12.3653
  47.7794
  28.1735
  5.96334
   33.139
  51.4111
  15.4315
  1.84265
  16.1687
  45.0905
  6.73494
 0.403525
  44.4778
  5.95202
  48.7276
  19.0496
  46.5928
  42.7958
  33.8774
  4.50219
  44.9516
  69.8813
  33.8677
  44.8648
  28.2168
  26.5065
  20.7795
  38.7551
  20.9759
  10.6515
  5.15073
  6.25265
  36.8427
   36.717
  69.9895
  12.4069
 0.622826
  3.99681
  41.5916
  38.5494
  33.2809
  12.5372
  13.8443
  6.05419
  45.7747
  6.88241
  49.7437
  11.5693
  25.4398
  39.5774
  8.04807
  48.3916
  35.1047
   6.2373
  12.0424
  62.4567
    7.612
  2.39259
  9.27383
  24.8269
  68.7466
  44.2234
  39.5747
  9.91337
  29.2313
  23.3134
  10.5791
  37.3186
   22.989
  20.9137
  6.50586
    32.32
  48.6317
   25.756
  49.5167
  63.8494
  9.58912
  8.60318
  46.7632
  23.7539
  35.8318
  70.4646
  12.4478
   51.659
  26.7732
  3.19941
  62.8756
  11.6533
  75.4379
  209.727
   16.519
  16.5576
   5.1577
   6.4973
   4.2271
  31.0671
  31.9853
  12.3166
  8.20062
  23.3295
  33.3994
  11.7943
  8.82752
  9.98315
  214.697
  8.78696
   4.4277
  8.27383
  4.68249
  23.6098
 0.495793
  11.8725
  8.82094
   18.052
  30.9049
 0.460147
  35.3245
  30.8846
  13.2957
 0.905849
  5.14982
  1.24204
   35.453
   46.763
  62.9408
  18.6009
  7.56389
   15.964
  18.9135
  223.489
  6.19679
  3.96155
   16.547
  26.1541
  1.79014
   47.028
  1.50075
  3.30134
  7.15347
  35.0845
  7.72085
  1.16246
  8.00764
  28.7917
  1.45046
  41.4353
  5.79395
  1.88626
  14.6835
  27.0188
  22.2109
  6.75703
  39.2799
  25.3291
  1.96861
  5.00914
  23.0394
  10.6006
  45.4864
  1.77945
   11.284
0.0524026
  29.5684
  6.49343
  35.1732
  215.298
  38.7252
  28.8849
  1.95975
   11.188
  8.10202
  215.182
  217.333
  1.99433
  4.87732
  31.4938
  34.7745
  1.53838
  223.473
  21.8387
  2.49706
  215.192
  5.51516
  5.96138
  31.8115
  12.1503
  2.22806
  223.492
  220.542
  10.4212
  23.9308
  10.3947
  21.9271
  6.63665
  4.49222
  223.932
  21.3539
  31.9511
  12.3967
   13.675
  56.0225
  18.4101
  3.96488
  4.90972
   19.549
0.0979452
  7.33068
  5.91247
  2.52957
  5.03004
  3.73645
   1.0712
  2.52957
  2.56955
  15.0328
  8.54739
   15.756
  3.56086
  18.3096
  4.92961
  18.4681
   21.655
  2.12935