2.11564
2.63417
2.77677
2.81419
3.72356
3.75181
 5.5417
5.55808
5.69853
5.70059
5.82786
5.97652
  6.052
6.41707
6.75202
7.07858
7.15565
7.20415
7.24809
 7.4742
7.63871
7.69834
7.70492
7.74821
7.75585
 7.8676
8.19624
8.19896
8.26319
8.35064
8.35769
 8.6079
9.46851
9.66782
9.94498
10.4078
10.5252
10.5713
10.6994
11.1018
 11.192
 11.208
11.2234
11.6268
 11.761
12.8799
13.1987
13.3351
13.4904
13.6616
13.6766
13.6796
13.7448
13.7526
13.9914
14.0218
14.0762
14.1942
14.3811
14.5226
14.6449
14.7358
14.8118
14.8304
15.0022
15.0111
 15.192
15.3191
15.3931
15.4222
15.4408
15.5327
16.1002
16.2589
16.3477
16.6272
17.0704
17.0806
 17.117
17.1433
17.2071
17.2464
17.2485
17.3933
17.4355
17.4922
   17.5
17.5322
17.6562
17.6734
17.6846
17.7365
17.8147
18.0115
18.0136
18.0324
18.0354
18.0794
18.0811
18.1009
18.1573
18.1756
18.1768
18.2215
18.2938
 18.364
 18.393
 18.488
18.5471
18.5917
18.6298
18.6424
18.6919
18.7461
18.7819
18.8656
18.8695
18.8915
18.9666
18.9788
19.0207
19.0476
19.0949
19.1833
 19.223
19.2586
19.2619
 19.409
 19.446
19.4668
19.4965
19.5959
19.7689
19.9152
20.0525
20.0533
20.0669
20.0762
20.1411
20.1672
20.2008
20.3462
20.4163
20.4434
20.4647
20.5399
20.5663
20.5981
20.6052
20.6102
20.7295
20.7985
20.8552
20.8655
20.8806
20.9058
21.0095
21.1058
21.1087
21.1087
21.1547
21.2097
21.2212
21.2234
21.3554
21.4733
21.5247
21.5697
21.6584
21.6823
  21.79
 21.813
22.2077
22.2294
22.2574
22.2708
22.5949
22.6576
 22.664
22.7813
22.9232
22.9278
22.9771
23.0996
23.1037
23.1269
23.1323
23.1395
23.1576
23.1796
23.3883
23.4166
23.5842
23.6336
23.6407
23.6567
23.6823
23.6829
23.7063
23.7775
23.8711
23.9308
 23.969
24.0392
24.0642
24.1821
24.2001
24.4808
 24.492
24.5431
 24.607
24.6227
24.8698
24.8956
24.9359
24.9524
24.9544
24.9768
25.0096
25.0418
25.0977
25.2207
25.2371
25.2396
25.3046
 25.327
25.3395
25.3855
 25.392
25.4805
25.4894
25.5755
25.5933
25.6004
 25.611
25.6406
 25.654
25.7835
25.8056
25.8253
 25.908
25.9586
25.9747
26.1749
26.1926
26.2032
26.2867
 26.312
26.3209
26.3382
26.3825
26.3907
26.4957
26.5738
26.6595
26.7861
26.7913
26.9139
26.9165
26.9558
27.0192
 27.083
27.1246
27.1874
27.1913
27.2042
27.2049
27.3611
27.3843
27.7535
27.7692
27.7998
27.8755
 27.952
28.0639
28.0672
28.0739
28.0809
28.1469
28.1544
28.1975
28.2551
28.2585
28.5809
28.6742
28.8424
29.0329
29.1293
29.2545
29.2636
29.2722
29.3134
 29.339
29.3598
29.3681
29.4508
29.6247
29.6402
29.7054
29.9858
29.9884
 30.057
30.1113
30.1543
30.1671
30.1827
30.4168
30.4637
30.5245
 30.558
30.6204
30.6308
30.6482
 30.663
30.7878
31.0192
31.1275
31.1539
31.2899
31.3225
 31.359
31.4781
31.6439
31.6606
31.7878
31.8727
32.0483
32.0658
32.2033
32.2698
32.2719
32.3005
32.3264
32.4844
32.5704
32.7196
33.0473
33.0665
33.2765
33.3163
33.3672
33.4352
33.4766
  33.51
33.7325
 33.813
33.9638
34.0401
34.1673
34.2979
34.3634
34.4567
34.4917
34.6372
34.6528
34.6788
34.7367
34.8358
34.8583
34.9312
34.9932
35.1367
35.1983
35.3593
35.4379
35.4466
35.4503
35.4676
35.4895
35.5132
35.7246
35.7393
35.7953
35.8187
35.8444
36.1147
36.2733
36.3627
36.3665
36.4626
36.6585
36.6939
36.7067
36.7093
36.7672
36.8451
37.1052
37.1269
37.1291
37.1404
37.1776
37.2037
37.3269
37.3889
37.5405
37.7352
37.8931
37.9206
37.9668
38.0145
38.0751
38.1003
 38.121
 38.344
38.3552
38.4201
38.6525
 38.688
38.7021
38.7042
38.7094
38.7348
38.7747
38.9015
38.9954
38.9957
 39.074
39.3274
39.4933
39.8033
39.8091
39.8936
40.0142
40.0668
40.0987
40.1914
40.2216
40.4072
40.5979
40.8088
40.9531
41.0007
41.0803
41.1482
41.5502
 41.778
41.8471
41.8744
41.9177
41.9196
41.9452
41.9702
42.1062
42.2592
42.4054
42.4702
42.4725
42.6287
42.6844
 42.801
 42.816
43.0651
43.1639
43.2395
43.2617
43.4001
43.5265
43.5575
43.8013
43.8016
43.8967
44.0729
44.2636
44.4072
44.4508
44.6953
44.7908
44.8209
44.8384
45.0314
45.1326
 45.223
45.3316
45.3511
45.3696
45.4374
45.4851
45.5204
45.5545
45.5664
45.7221
45.7642
45.7699
45.8303
45.9153
45.9531
46.1448
46.1567
46.4446
46.5609
46.6306
46.6466
46.6576
46.7988
46.8301
46.8499
46.8934
46.9371
47.0307
47.1084
47.1538
 47.342
47.4625
47.4669
47.5011
47.7012
47.7542
47.9565
47.9646
47.9691
48.0973
48.2415
 48.293
48.6374
49.3557
49.4428
49.7845
49.8778
49.9508
50.0254
50.0732
50.1206
50.2967
 50.457
50.9342
50.9649
51.8765
51.9116
52.2149
52.4133
52.5216
52.7414
53.2418
53.2498
53.4172
54.2095
54.2996
54.5505
 54.647
55.0872
55.4014
55.8265
 56.241
 56.478
57.0989
57.4881
57.7293
58.4832
58.9139
59.1214
59.4174
59.4399
59.5373
60.2456
  60.55
60.7994
63.1707
63.2744
63.2949
64.0872
64.5491
64.6271
  65.23
65.3479
65.4301
65.9605
66.0025
66.2154
66.3246
66.3734
66.6766
67.0037
67.0849
68.3502
68.3966
68.6754
69.6262
69.6839
70.0347
70.8158
71.1275
71.1782
71.2111
71.3175
71.3304
   71.7
73.1228
73.3334
73.3598
73.6179
73.7434
 74.137
74.3947
74.4598
75.1759
75.5002
75.6637
76.1858
76.8985
77.0022
77.4624
77.6003
77.7811
 77.943
78.1118
78.3233
79.4626
 79.693
81.1045
81.4902
81.7137
82.7553
83.3147
83.6018
83.6505
84.3203
84.8067
84.8386
85.4153
85.6031
85.7004
86.7134
89.0246
89.0835
89.2501