  7.15179
  15.3335
  6.19747
  33.5234
  34.7226
 0.404093
  10.3989
   14.408
  21.2023
  20.4582
  8.34999
  8.42351
  12.2398
  21.0776
  14.8447
     8.99
  20.7908
  16.5803
  10.6795
  16.3781
  8.02881
  9.37919
  13.3656
  14.5448
  20.8507
   27.544
  28.1323
  12.4274
  21.2518
  15.9269
  22.4155
  21.7477
  19.4992
  3.15979
  2.68269
  1.99076
  24.0029
  2.70849
  4.29648
  12.7563
   12.813
  1.86831
  17.4062
  27.5768
  42.4329
  24.0359
  6.63884
  42.2134
  21.8075
  16.5555
  6.55831
  5.24455
  12.4094
   7.8793
  21.1777
  10.7834
   8.5528
  19.5479
  10.7369
  8.90177
 0.372829
    10.32
  10.0011
  22.1248
  9.91112
  8.16069
  4.40684
  2.58633
  9.71718
  17.3855
  17.9346
  1.91364
  11.6248
  17.1975
  33.5146
  9.44553
  10.9574
  2.47152
  4.20919
  5.68232
 0.892173
  1.56167
  24.7015
  32.0577
  21.2029
  15.7337
  25.7393
   24.119
  2.19423
  6.14882
  24.1092
  21.0893
  43.1426
  11.2874
   1.3862
   14.382
  16.5908
  4.02285
  10.2374
  18.1256
  15.9269
  17.5714
  19.6404
  5.89615
  3.53214
   17.083
  22.5292
  7.45965
  21.5745
  17.3854
  9.20185
  35.9566
  23.7662
  8.85092
  19.3689
  8.06237
  17.8154
  22.3281
  20.0795
  21.9243
   13.089
  12.8867
 0.255689
  14.1613
 0.758681
  7.96029
  17.5929
  21.7149
  4.41674
  20.2234
  16.7263
   5.2446
  19.7723
  19.3396
  18.9007
  14.9817
  21.4691
  32.2306
   23.234
  22.2999
  39.4019
  24.1515
  23.0972
  19.0473
  2.83872
  15.7163
  2.81432
  7.59624
  22.9759
   17.829
  15.9826
  16.9684
  5.38242
  4.94417
  18.9226
  16.0571
  12.3887
  20.3316
  8.04372
  21.5361
  15.1335
  30.9491
  15.4085
  10.8714
  20.9716
  8.07017
  18.6228
  14.8841
  22.3806
 0.590651
  8.31221
  4.76225
  11.2772
  22.2933
   2.9607
  3.65757
  15.3573
  12.5976
  10.7714
  10.8044
  12.4318
  1.98523
  6.86015
  13.7543
  23.3269
  13.5919
  16.5649
  24.6428
  12.9885
  23.5265
   12.717
    25.93
  0.23535
  20.9736
  39.1878
  18.2934
  24.3155
  9.94873
  12.7642
  9.69147
  10.6957
  7.40494
  7.51366
  6.47269
  2.41476
  36.3774
  7.95256
   19.208
  15.3924
  23.3106
  11.7513
  9.52681
  6.30187
  10.8854
  19.4769
  33.4297
  21.6489
  19.2264
  9.18023
  20.0138
  19.4089
  18.5402
  15.5784
  17.3365
  9.90521
  21.4044
  4.09861
  12.1695
  12.7469
 0.584073
  2.85901
  21.0039
  2.64249
  3.31091
  7.78101
  18.0132
  11.2203
 0.686742
  5.55153
  15.0245
  14.7601
  17.6211
  7.57163
  24.2015
  17.0795
   27.958
  18.9776
  22.4778
  19.3159
  17.9911
  23.4219
  33.2912
  6.86299
  16.0208
  16.3313
  2.57197
  18.1194
  13.1107
 0.944491
  4.73053
  20.6746
  16.7055
  8.03906
  15.4733
  21.1076
  10.1024
  20.3681
  26.2733
  3.92265
  4.30438
  2.47853
  9.10134
  11.4427
  15.7567
  24.2641
  5.08262
  9.80759
   46.691
  21.8213
  7.81841
  10.7438
  3.07212
  39.8876
   14.202
  21.8246
  21.7224
  11.6367
  14.2264
  14.9847
  8.42495
  8.36253
    18.57
 0.382311
  11.2856
  13.2113
  4.50064
  2.51018
  3.30893
  8.68389
  22.2377
  42.2645
  39.9039
  23.0454
  42.5767
  38.9031
 0.471274
  23.5815
   7.1004
  17.8788
  20.0654
  16.4352
  34.2409
  29.8708
  26.5651
   10.898
  1.96861
  1.17846
  1.59665
  6.85521
  6.23767
  30.7106
  8.26641
   20.167
  20.1307
  1.04891
  4.99017
  15.3608
  7.13029
  2.09465
  4.25925
  6.40788
  5.17649
   6.2023
  24.8199
  14.8242
  3.14197
  3.53746
  7.51525
  1.94824
  1.41978
  2.45674
  37.2394
  9.87734
  21.1698
  16.5692
  6.49125
  20.5087
  18.3871
  24.3146
0.0744604
  19.0482
  5.83259
0.0731684
  15.8477
  32.5289
  2.28349
  24.6468
  2.20772
  11.6958
  8.45164
   20.082
  0.52084
  7.86598
  2.47505
  3.15865
  1.54801
 0.714366
  17.0536
  6.04076
  15.1496
  7.34193
  9.51405
  7.42059
  7.93544
  10.4253
  24.0885
  27.8805
  22.4653
  11.9496
  5.65574
  1.15519
  6.67213
  8.81009
  1.83629
  8.22215
  16.6653
  3.06461
  3.73827
  5.02377
   1.5748
  11.1872
  5.13796
   8.0097
  7.22225
  3.53288
  59.3211
   15.714
  1.38134
  2.47449
  2.73625
  4.06579
  1.97028
  1.15001
  33.4952
   10.357
  2.71049
   2.0973
  14.0969
  15.5881
  15.7461
  5.03429
   16.981
  68.2091
  10.3448
  53.6451
  36.3381
  24.6053
  5.17467
 0.842193
 0.629991
  13.5361
   28.063
  64.3432
   13.239
  19.1617
   13.448
  2.99593
  10.9251
  10.9656
  9.04401
  7.65706
  17.7085
  14.8599
  33.7934
  11.0832
  12.6359
0.0583751
  12.0885
  9.37387
  11.1234
  7.27614
  14.6712
    16.44
   17.621
   5.1341
  1.99833
  7.75901
  3.46766
  10.8242
  9.89279
  14.0247
  16.8926
  7.63722
  18.1228
  12.6476
  6.31952
  11.6656
  3.58084
  17.1196
  3.21832
  7.20718
  2.98999
  2.35253
  10.1538
  38.2142
  7.90767
  40.4668
  16.7738
  33.5445
  37.7522
  19.0017
  13.0241
  2.04534
  7.49741
    19.79
  34.0485
  19.5181
   22.053
  20.3231
  1.33046
  3.96832
  21.0706
  2.86441
  7.68095
  7.83683
   15.137
  4.76244
  6.07316
  7.26833
     12.8
  1.67151
  1.77693
 0.626573
  12.6902
  1.09443
  8.63613
  15.5897
  3.11639
  10.6149
    16.52
  9.45236
  11.3716
  21.5991
  12.8575
  7.91345
  24.3435
  20.2118
  4.77638
  42.4474
  48.9248
  4.67512
  6.07746
  3.89663
  1.19904
  27.8891
  15.5812
  5.97839
  12.5859
  5.97317
  34.3635
 0.675729
  3.35952
  8.15418
  18.3124
  3.15034
 0.295709
  11.6349
  2.79166
  3.81557
  12.1712
  5.47658
  12.2447
  9.16817
  4.06579
 0.777965
  6.70415
  15.7432
  36.8094
  9.48905
  1.26856
  1.72973
  9.83831
  8.61627
  4.14146
  36.4054
  33.6453
 0.289416
  16.6737
  20.1243
  1.48726
  8.12337
  42.7121
  21.1101
  11.8201
   8.2274
  6.55792
  1.15085
  11.5292
  17.1178
 0.545042
  5.20935
  1.52704
  6.26522
  52.9235
  1.09033
  31.0689
  30.4952
  13.2232
  4.73555
  29.8175
   33.495
  11.9131
  11.1583
  31.3364
  23.7045
 0.218534
  12.3015
  39.5382
  8.57872
  1.37809
  5.26449
 0.882804
  2.58768
  9.07654
  16.1219
  3.19717
  12.0675
   13.423
  9.15722
  35.7579
  17.9307
  13.7174
  7.53765
  25.8608
 0.982871
  2.70731
  11.9608
  8.28102
  18.4654
   48.323
  11.4171
  12.7856
  44.9115
    3.571
 0.998009
  4.22784
  9.90673
  2.71731
  3.71526
  33.0367
  7.38792
   5.1512
 0.748608
  40.4646
  7.17695
    10.36
  2.04082
  20.0164
 0.332254
  8.74135
  17.5971
  7.89402
  16.5892
  18.1176
  9.13929
  42.8545
  20.5826
  12.6557
   9.5724
  2.69138
  3.49805
 0.389404
 0.511907
  11.5443
  16.1394
  6.47534
  32.3088
  8.71112
  35.7098
  14.1192
  5.20821
  17.9539
  4.11738
 0.331784
  16.4151
  6.93063
   1.4309
  5.40638
  7.36525
  27.7137
  5.42614
  16.4151
  22.0504
  9.04673
  11.8936
  17.8915
  33.6642
  2.02201
  6.97378
  3.40312
  49.2297
  33.5016
  11.3564
  6.79077
  5.75857
   8.6306
  11.3162
    2.453
  16.9205
  15.5925
  13.3331
  6.74162
  0.47523
  11.9044
  1.73429
  2.27461
  26.6109
  22.8279
  19.8606
  12.9465
  20.9666
  26.9875
  4.84886
   11.452
  12.1999
  1.92483
 0.578433
  3.52476
  10.7321
  12.2736
  7.29325
  5.42209
   16.237
  5.06761
  8.26313
   17.516
  1.87873
  39.5022
  46.3513
  6.15154
0.0614379
  7.71006
  21.4887
 0.985105
  7.65524
  23.7029
  2.90249
   7.8751
  25.8473
  39.1178
   1.0696
  12.9451
  58.5359
  47.8631
  5.61127
  11.7375
  24.6893
  16.3957
  5.65268
  20.3722
  37.6925
  9.41052
  12.0081
  21.0638
  26.2826
0.0406092
   7.6875
 0.741077
  2.65812
  17.6627
  1.44469
  6.05275
  44.8098
  14.2126
  26.0573
  34.0697
 0.881945
  2.56961
  17.1541
  22.7759
  35.9281
  1.60294
  35.1415
  11.4416
  2.16389
  31.3954
  3.91532
  21.5649
  31.4819
  8.64416
  19.1821
  12.0981
  7.35471
  35.5154
  13.9062
  15.9994
  7.81123
  14.8605
  19.8378
  24.6731
  12.7919
  17.2155
  13.4776
  7.48847
  1.94188
  4.32927
  5.19345
  15.6598
  27.1433
  15.6722
  26.4447
  15.2039
  22.6199
   19.536
  47.6541
  18.1745
  20.2028
  23.7449
  2.84224
  4.47139
  3.94391
  19.6258
  34.3814
   12.528
  12.4368
  47.3444
   6.5688
  5.38982
   9.2822
  5.44352
  1.01795
    7.037
  5.34796
  1.60903
  23.2151
  22.2083
  5.93534
   8.8061
  5.15399
   12.768
  3.51921
  25.7845
  19.3878
  21.2174
  4.02836
    4.049
  23.3129
  27.1593
  15.6907
  46.2366
  26.4228
   36.901
  25.2634
  15.1727
  3.22831
  8.00196
  6.54729
  2.72893
  3.87554
  5.04944
  5.66994
  19.0047
  4.48367
  1.49068
  7.84274
  1.51015
  5.21419
  24.1744
  43.6821
  21.4446
  20.8936
  11.3302
  15.5715
  17.3977
  2.69784
  12.4368
   11.775
  9.86593
  19.4794
  6.62223
  21.8313
  17.4321
 0.609692
  11.9916
   26.837
  21.1106
   13.777
  18.3343
  14.8999
  44.3798
   27.678
  23.4142
  13.2665
  11.5095
  11.9429
  3.99228
  2.87285
  42.7536
  11.8185
  40.4459
  19.0321
   2.7603
  33.7886
  25.8384
  7.13375
  12.0162
  10.7425
   21.437
  4.91817
  6.68496
   2.9386
  5.02428
  1.20268
   8.4917
  19.6797
  5.08824
  7.94968
  8.80419
  13.5565
  20.2361
  12.0928
  3.58624
  6.78129
  1.60582
  12.1662
  10.5399
  8.07541
  3.03606
  5.69171
  4.24391
  8.26988
  3.66075
 0.382675
  11.6838
  2.44716
  2.79461
  13.5894
  3.93418
   5.9678
  8.66642
  23.4808
  24.3683
  1.39513
  25.6697
  18.4836
  12.1267
  1.04278
  6.03073
  2.49123
  20.9607
  11.1676
  11.3446
  21.0174
  3.65843
   3.5857
  13.1639
  22.1832
  18.7789
  16.6296
  6.09329
  6.32449
  5.73362
  5.80815
  8.21454
  7.61155
  5.97151
  8.39899
  1.82171
  1.24544
  9.60828
  10.0065
  20.9831
  19.6488
  16.9531
  8.41176
  10.5076
  21.5392
  10.5077
  16.9236
  11.4819
  5.89592
   5.6321
  6.45588
  2.90796
  8.36244
  10.7717
  22.0453
  8.47332
  1.54599
  4.94017
  1.23218
  3.63698
  29.3859
  36.9908
  14.6793
  11.8658
  3.55116
  26.9695