   0.43585
   1.24763
   19.9116
   9.43328
    14.681
   14.6346
   7.69042
   8.79024
   9.80108
   2.82278
   9.43737
   10.5823
   11.2925
   7.73066
   18.7906
     7.286
   8.05375
   12.8016
   9.21946
   9.79293
   13.4296
   1.62805
   18.5337
   20.2479
   20.7003
   14.6982
   7.77023
   2.86755
   8.74167
   9.54293
   4.92018
   5.68331
   1.79771
   14.9633
     24.51
   24.2627
   5.28178
   1.75237
    9.1598
   6.30923
   12.9803
   1.38086
   5.84631
   2.34215
   6.28439
   15.4758
   5.03956
   42.3875
   57.6012
   51.9209
   52.6893
   45.8167
   2.20314
    11.484
   16.3223
   13.0965
   16.4167
   11.8462
   34.8392
   23.5165
   31.6257
   36.5228
   7.54397
   2.59914
   3.26793
   1.47115
   13.0723
   5.15193
   6.97815
   14.3108
   1.66662
   12.3968
   4.35998
  0.370358
   3.30981
   3.29806
   2.51018
  0.699813
   8.01859
   5.86442
   4.15705
   20.7997
   21.3371
   18.7761
   21.0568
   16.5705
   22.1658
   14.1086
    16.297
   20.1653
   9.35384
   9.21056
   6.03524
   10.2785
   7.41573
   9.23949
    4.6149
   7.27656
   14.5926
   9.85001
   1.52928
   10.9826
   10.5029
   11.8438
   6.17224
    6.6718
   1.22715
  0.633102
   8.68098
   1.69651
   10.4861
   7.28677
   5.41376
   6.22714
   7.43286
   3.76915
   4.53126
   4.42198
   5.05187
   8.34261
   2.32821
   1.05164
   1.86856
   8.58863
   9.87328
   16.3117
   5.41836
   12.5405
   3.47916
   18.5202
   18.4863
   1.72756
  0.718239
   10.6897
   13.6465
   4.52852
   11.1227
   1.31305
   4.53415
   6.12237
   1.52148
   1.36921
   7.87332
   32.5981
   32.7145
   13.1439
   1.83458
   10.9471
   12.6665
   6.15431
   13.1629
   33.2322
   23.6465
    29.869
   17.9604
   4.10557
   15.5812
   4.19189
   3.42007
   17.1842
   8.41623
   16.8839
   24.1481
    22.278
   9.28556
   27.3162
   37.3818
   51.3517
  0.879623
  0.805162
   4.32439
   35.9674
   28.0436
   26.2558
   23.7588
   18.3098
   15.5824
   8.99292
   8.68075
   3.90473
   8.83427
 0.0163878
   2.72429
   9.65446
   5.72953
     13.39
   11.3718
   24.5103
   12.9739
    15.811
   17.7432
   20.4567
   9.56779
   15.9711
   10.6848
   14.0101
  0.161438
   13.3575
    16.297
   12.4628
   18.2521
   27.1589
   2.42164
  0.012988
   7.77804
   1.09759
   13.1972
   9.42178
   11.2344
    7.5404
   7.45261
   3.96124
   7.29953
   6.44147
  0.534667
   7.24132
  0.929603
   6.48062
   39.9798
   46.3069
   10.4457
   35.2687
   11.8638
    1.2731
   8.62672
   4.79201
   4.64415
    28.773
   34.5888
   6.53096
   14.6632
   19.2671
   33.2762
   10.7699
  0.512661
   9.30742
   0.98439
   23.0357
   10.7275
    0.3581
  0.201787
   7.30016
  0.952557
   12.1667
   9.05663
   2.25463
  0.421303
   1.98279
   15.6801
   18.3509
   18.9763
   22.1061
   16.7224
   8.43058
   15.4268
   19.2771
   13.4885
   1.86021
   16.1366
   17.3861
   6.25595
   11.7526
   8.48773
   6.58486
   14.0379
    7.0967
   4.28479
   6.85591
   0.48766
   4.72376
   4.13222
   2.82821
   7.07049
   4.56969
   4.54304
   6.36557
   5.43704
    9.0065
   12.9811
   7.84431
   10.8599
    9.5358
   7.81545
   16.7263
   11.6892
  0.187565
    0.1443
    16.863
   15.8211
   1.31464
 0.0516964
   20.4211
   4.50468
   11.9368
    19.117
   7.58241
   5.20378
   10.5789
   18.4743
 0.0675408
   12.5243
   10.7024
   9.60885
   8.81506
   10.0773
   2.14987
   4.02407
   2.64153
  0.529145
   32.3645
   23.4561
   12.0904
   46.8142
   15.9589
   14.1044
   18.2171
   19.3292
   23.2307
   11.1302
   16.2045
   1.91115
   12.1616
   25.8308
   48.7215
   38.2438
  0.229951
   8.78504
   5.54629
   10.4006
    5.4681
   9.35092
   15.7574
   8.80418
   46.9976
   21.3404
   11.0738
   9.83346
   24.3863
   6.58196
   32.8659
   35.7739
   5.87771
   3.17643
   9.57693
   13.9184
   6.33276
   6.65305
   4.55323
   20.8332
   5.98164
   9.26788
   13.4815
   6.97127
   12.3173
   19.2613
  0.712572
   9.94823
   23.9365
    26.301
   9.46874
   13.9423
   1.90457
   2.28769
   11.2782
   6.65787
   2.72387
   14.8983
   5.48452
   7.30813
   4.83885
   11.7775
   15.8775
   14.1319
   7.68786
   24.3768
   8.70879
   5.60213
   11.1288
  0.608951
   11.8133
   7.01758
   5.21477
   14.2873
  0.261652
   10.1247
    3.8783
   9.58125
   19.1857
   2.52385
   2.30476
   11.3695
   5.50511
   5.94058
   18.5759
   1.03331
   5.90134
   13.8816
   13.2116
    6.9405
   18.9023
   16.0373
   18.8884
   4.30238
   18.4217
   13.2382
   16.3192
   18.8706
   1.26475
  0.463296
   9.50437
   10.9005
   4.16781
   10.7812
   13.2451
    2.7141
   10.9058
   5.67453
   8.31816
    3.2651
   32.4979
   1.21556
   32.2179
   31.3095
   1.05677
   7.48489
   31.6021
   22.7757
    9.5467
   8.73925
   4.52511
   13.0727
   1.20645
   13.6376
   16.2404
   47.4515
    37.762
   50.2714
   13.6316
   5.99896
   14.7224
    14.121
    2.2409
  0.823881
   8.05762
  0.229951
   4.41942
   53.0404
   8.34538
  0.307204
   3.59935
   37.8658
   28.7612
  0.210768
   7.47213
   8.95043
   16.4229
   13.6647
   33.9259
    31.445
    15.224
   7.54536
    4.5758
  0.816768
   9.84146
   15.1715
   13.7137
   1.84467
   5.35584
   3.08217
   7.01018
   6.80111
   5.00085
   21.1366
   16.5651
   11.2637
   5.54046
   2.59408
   5.51745
 0.0225152
   17.6112
   4.55865
   6.23976
    9.7594
   8.46412
   8.62485
   2.54739
    7.7207
    13.098
   19.3244
   19.8824
   13.6035
   11.0707
   6.87787
   1.20171
   6.23847
   1.76127
   13.0772
  0.463296
  0.772266
   9.95727
   5.91196
   15.4248
   10.3752
   8.75955
   11.7962
   7.74631
   12.2369
   16.3487
   5.56153
   31.7376
   6.67135
   3.59952
   7.75721
   7.38441
   2.34208
   9.56243
   21.6365
   57.3563
   52.7952
   5.53345
    1.3395
   12.5907
    11.251
  0.159635
   53.0104
   43.2618
   16.6767
   35.6529
   1.21556
   25.6635
   7.26086
   2.66427
   14.5227
   6.67452
   14.6536
   10.0364
   4.36303
 0.0251323
   2.78645
   2.06854
    37.229
   32.9361
   4.75715
   18.0686
   9.05244
   4.69758
    26.068
   25.7085
   11.9347
   10.8844
   7.63389
   15.7649
    6.9119
   20.2039
   14.8286
     33.56
   32.9916
    10.958
   12.8023
   23.6945
     2.908
   22.2251
   30.6087
   45.0627
   1.97789
   25.0001
   14.6085
   24.4507
  0.338719
   1.04949
      1.59
   22.1132
  0.727973
   12.8142
   8.68224
   11.8573
   1.27095
   23.2361
    4.5884
   2.06528
   4.24676
    26.224
   8.51666
   25.1348
   1.15701
   10.8003
   39.3861
   17.8418
   9.39851
   20.0451
   7.72021
   9.58886
   4.62026
   12.6368
   23.0691
   3.01683
   3.06852
   21.7787
   27.4317
   0.39244
   11.3922
   12.0925
   13.6452
   8.56836
   17.5915
   2.00302
   30.7253
   27.0492
   2.16927
   3.60728
   10.8256
   16.5324
   48.7284
   3.44297
    19.227
   27.3007
   13.4714
   31.5091
   14.1401
    9.0399
   47.4922
   25.1915
   12.2281
   19.3599
   12.4374
   16.3453
   9.29031
   4.37489
   15.2574
    16.233
    14.949
   19.0739
   13.9123
   23.2629
   28.4517
    27.201
   26.2027
   30.2342
   5.60611
   7.78899
   15.9365
   33.9961
   17.6537
   41.6574
   20.4012
   16.7242
   12.2159
   21.1168
    24.054
   22.3269
   20.2903
   25.2491
   20.5765
   12.9891
    24.327
   16.2826
   19.3823
   37.7145
   7.54437
   11.8747
   32.2467
  0.912993
    3.1762
    11.719
   4.63453
   10.5702
   11.4796
   15.4786
   4.83297
   5.71645
    35.554
   21.7971
    7.3959
   4.21119
   10.5019
   2.73141
   24.4625
     14.98
   10.0572
   22.6266
   27.1591
   3.31213
   3.80827
   5.12644
   22.4192
   8.80787
   14.1701
   2.69418
   4.53137
   13.0942
   6.70116
   4.27275
   8.58594
   4.18185
   5.55576
   19.2848
   4.41108
   42.2568
   10.0679
    23.016
   15.0415
   11.8588
   1.77542
   19.2582
   5.72305
   19.7099
   22.6986
   10.4783
   14.6488
   1.32473
  0.998189
   14.4309
   17.4702
   4.37592
   3.00021
   25.4832
   6.49458
   24.0728
   31.4328
   16.2033
   9.21981
   32.5335
   28.7166
   16.6944
   4.84277
  0.442453
   14.4427
   20.6067
   16.5858
   14.9223
   5.07695
   17.4001
   10.4996
   11.4968
   2.96959
   3.69513
   21.5529
   20.9243
  0.924328
   17.5463
     19.96
   30.3616
   11.0983
   8.48245
   8.10288
   30.1229
   15.1151
     20.32
   12.1923
   12.7118
   5.00955
   13.5159
   19.2147
   13.4541
  0.325011
   4.04317
   11.1626
   20.4043
   17.4169
   24.5443
   28.4793
    22.567
   5.04763
    4.6221
   17.2287
   2.13255
   8.66425
   11.9328
   11.6629
   5.04739
   13.9133
   11.1345
   13.2809
    10.086
    25.969
   18.1352
   26.2181
   8.22807
   2.51394
   17.6964
   5.07495
   9.42098
   5.31362
   18.3051
   22.9893
   11.6351
   15.1513
   41.6537
   37.9511
   7.38195
   20.4964
   31.4526
   1.83348
   5.38639
   26.1507
   17.8594
   16.2031
     48.82
   12.3304
   2.05359
   18.7519
   25.4642
    16.883
   27.7018
    57.133
   8.59417
   51.1961
   25.1135
   36.8644
   11.6904
   7.89369
   12.7482
   9.69334
   13.1528
   11.9343
    18.946
   21.8357
   8.57285
   24.7548
   24.3139
   12.9094
   13.5722
   16.9173
   9.25513
   25.9665
   19.1345
    39.166
   2.05336
   40.1529
   20.4219
   50.8407
   37.1586
   9.37823
   8.65126
   36.0661
   8.86254
   18.2674
    3.2562
   39.4199
   52.2637
   44.8237
   28.9634
   30.4927
    32.812
   7.50657
   10.0628
   35.3776
   15.6679
   4.63622
   20.8715
   28.6468
   32.0776
   25.9243
   38.1495
   12.3652
   37.5051
   13.3738
   30.3673
   27.9551
   40.4065
   36.3976
   32.9258
   34.5407
    6.4211
   26.7648
   9.04143
   32.4985
   8.74354
   26.8883
   21.4787
   32.0231
   17.4074
   19.2384
   20.5087
   15.1478
   14.1316
   16.6821
   3.18307
   24.2571
   8.31688
   9.99638
   9.23498
   1.31279
   11.0659
    6.0447
    15.669
   4.70958
   4.98395
   7.52043
   32.3416
   16.8122
    2.1821
   8.19345
   8.56361
   8.03319
   28.5841
   34.0475
  0.565005
   16.6959
   1.20559
    24.569
  0.869197
   17.1836
   25.5633
   33.8687
   4.87622
   22.9782
   24.9937
   14.6304
   24.8623
   12.8874
   8.17114
   10.1562
   23.4143
    26.907
   18.7823
   19.1186
   15.8716
    26.846
   16.0739
   10.3388
   3.98441
   13.7173
   18.0173
   12.2514
    7.4907
   26.4491
    21.817
   18.2097
   7.29519
   19.4981
   28.7515
   12.1907
   21.8427
    27.863
   15.7285
  0.770027
   12.9929
     15.73
   5.05861
   33.6911
   50.1038
   11.5773
   14.3267
   14.3442
   31.2508
   34.7641
   17.8424
   9.86346
   2.50691
   13.4999
   25.3125
   1.84214
   9.27178
   1.98067
  0.287186
   10.1171
    29.955
     9.569
    15.017
   24.0511
   13.0737
   10.1432
   3.55174
   5.60216
  0.420621
    1.7216
   14.5994
   8.30739
   6.61277
   15.9111
   3.17194
   6.26212
  0.501273
   27.2893
   9.70714
   12.5639
   2.82817
   10.2048
   6.85096
   8.79279
   12.9975
   9.59174
    6.7881
   29.6215
   5.01175
   12.1321
   5.22234
   15.3957
   25.8401
  0.411929
   5.06963
   3.23248
   31.2525
   2.11686
   2.59451
   10.3586
    11.848
   2.19856
   6.81409
   22.2758
   1.70413
   51.1629
   19.4655
   1.19336
   48.8606
   32.7665
   11.3394
   5.19682
    3.2362
   1.77269
   2.38775
   5.73278
   3.51421
   9.31311
   11.4991
   8.07646
   21.5573
      10.1
  0.704616
   9.42199
   1.34133
   22.0253
   10.5544
   4.08194
    8.2826
  0.818278
  0.636363
   7.62078
   14.6574
   18.3309
   2.00341
   1.50087
   10.0413
   8.54702
   1.25652
   1.50044
  0.405216
   1.34602
   22.9542
   5.12453
   10.6851
   0.31768
   15.2912
   6.34946
   20.7164
   2.37763
   9.56517
   11.0286
   5.88185
   6.14925
   21.1751
   1.65708
   6.43055
   1.33179
   12.9969
   9.35259
   23.8586
   14.5621
   12.4008
   2.32391
   12.1934
   5.43729
   3.45641
   2.94315
   4.07901
   2.35216
   9.96838
   4.62725
   2.48333
   9.96821
   1.74859
   12.7707
   4.15944
   31.8121
   4.13142
   1.42792
   13.0984
   14.3023
   1.27417
   2.87563
   2.87563
   14.4539
   6.61467
   10.0594
   7.24312
   29.2051
    8.6772
0.00141476
   10.7756
   2.88768
   1.20526