   12.922
  10.0743
  25.9354
  8.34691
   27.241
  27.3206
  7.81232
    6.075
  13.6115
 0.294205
  12.9701
   13.835
  16.6823
  26.0355
    26.71
  46.7941
  48.0662
  6.18492
   6.1908
  18.4917
  19.4999
  21.4976
  21.7169
  25.6457
  25.9533
  8.48293
  10.5662
  8.63835
  9.79792
  27.0797
   28.639
  28.9955
  32.3515
  43.8599
  44.9225
  42.9727
   28.981
  21.1237
  20.9426
  14.8038
  9.09306
  12.5262
  11.6955
   12.539
  6.71757
  15.1923
  8.78456
  4.58875
  16.0325
  9.08235
  5.49483
  12.7284
  48.5656
  63.3209
  49.5928
  53.7046
  67.5291
  11.7099
  1.40716
  14.6043
  27.1794
 0.253741
  11.4108
  37.0977
  49.9712
  55.7977
  29.6335
  17.8059
  13.4354
  6.60403
  37.9353
  33.1295
  42.1168
  40.2883
  15.4999
   3.0186
  50.7811
  48.0938
  8.03657
   4.0021
  10.4586
  7.09847
  6.74237
  2.30627
  2.07367
  4.07995
  15.7664
   4.8474
  2.92096
   3.5658
  25.7012
   25.932
  23.2993
  24.9908
   33.315
  20.8819
  23.9603
  13.3229
  6.64559
  9.22151
  10.5537
  16.6782
  18.7132
  23.5912
  22.4154
  23.6632
  17.0693
  11.5405
  8.66537
  4.77187
  14.9332
  25.5144
  28.5934
   11.338
  14.0773
  16.6637
  13.1437
   18.162
  2.80085
  5.53993
  5.59323
  1.86449
   14.839
  16.7463
 0.702816
  13.2327
  11.1594
  6.05109
  9.06857
 0.555621
  1.85528
  1.32759
  3.69449
  11.4226
 0.569652
  10.0775
  6.56632
  2.54348
  12.5178
  3.52989
 0.846386
  27.6544
  29.2423
   24.115
  7.04404
  4.00058
  2.62884
  9.92547
  6.93174
  21.3978
  24.5239
   15.393
  4.34048
  16.8837
  8.39169
  17.7174
  14.2309
  6.10417
  30.5813
  30.0912
  30.3809
  34.2368
   41.397
   28.225
   31.825
  20.8952
  42.6117
  23.2739
  22.0222
  23.2304
  5.85389
  25.6913
   16.565
  2.88993
  26.4822
  40.2505
  3.33853
  9.53338
  20.3457
  42.2364
  48.2439
  54.9317
   48.487
  14.5118
  4.51775
  6.36098
  20.8651
  41.4867
  37.7659
  29.6228
  34.0418
  12.3583
   2.8128
  6.01381
  10.8606
  19.8968
  48.2304
  49.1929
  17.6387
  6.97563
  8.68326
  16.8831
   10.096
  44.1121
  28.9332
  31.8349
  24.4565
  27.5486
  8.91386
  17.7316
  25.8863
  23.2167
  21.9105
  21.3569
  25.8609
  0.21618
  8.77131
  13.3229
   8.9656
  42.9912
  28.4301
  12.7718
  8.87774
  32.9735
   15.122
  10.6346
  6.97879
  7.63087
   4.0778
  14.7729
  32.5826
  1.92734
  1.04089
  5.52049
  4.06338
  6.87348
   7.1247
  62.2651
  74.6765
  8.33929
  69.5343
  24.1259
  1.71447
  7.49608
  12.3709
  7.74741
  53.8045
  22.5942
   33.584
  38.2943
  33.1548
  37.6519
  38.3141
  11.8485
  16.4961
  6.65226
  9.06416
  12.5216
  12.9646
   7.9625
  11.5732
  10.1348
 0.591803
  12.7401
  13.0621
  12.7953
  32.0258
   33.567
  17.0054
  21.5615
  24.3061
 0.103035
   18.742
  26.5141
  8.34339
  13.4651
  1.32426
  15.1123
  1.97142
  16.9286
  25.6775
  22.1137
  12.8784
  42.3359
  25.5518
  24.5115
  24.0979
  20.6584
  23.6708
  1.41676
  14.5843
  13.5478
  25.4236
  25.3788
  9.25824
   10.365
  4.81168
  5.21514
  3.77173
  15.6237
  17.9377
  7.38719
  14.0985
  17.3944
  9.99782
  6.52923
  17.6608
  22.3164
  14.3756
  17.1634
  24.0996
  19.8384
  11.3657
  17.4322
  14.7653
  18.8468
  6.25263
  5.38474
  19.3464
  15.1749
  23.1967
  32.8165
  4.06955
  1.16733
  11.8955
   13.796
   10.829
  10.7749
  3.00504
   41.888
   25.674
  29.5085
  50.7809
  40.2915
  37.4635
  31.5894
  22.9685
  4.66427
  47.8987
  31.0666
  9.81071
  69.8102
  10.9621
  17.3271
  23.9145
  5.40479
  12.1188
  10.3822
  14.4998
  14.0946
  46.5194
  73.1348
   71.471
  67.4044
  5.08831
  8.43237
  6.14076
  17.0589
   7.9811
  12.0968
  66.7933
  34.1284
  6.91039
  29.3032
  54.4198
  1.90223
  40.8132
  26.6068
  12.4591
  14.8734
  14.4218
  25.2061
  10.5339
  11.0977
  7.61951
  30.3018
  55.5751
   17.625
  9.26418
  21.2426
  19.7787
  14.6516
  6.69208
 0.781155
  6.16289
  11.0544
  31.9475
  34.3468
  39.6383
  42.6792
  2.07162
   1.5921
  1.13587
  14.1809
  14.3532
   16.657
  5.09113
  4.05715
  1.18036
  22.5017
  1.38111
  14.9528
  3.08095
  9.21804
  23.6026
  25.3259
  25.6221
  19.9251
  7.86212
  10.7686
  8.13988
   17.123
  16.4242
  1.10218
  3.03858
  14.9336
  2.40262
  15.9273
  6.05977
  16.0928
  8.53874
  10.5708
  12.4552
  1.91822
   10.955
  9.87357
  2.16924
  2.85578
  16.2019
  20.1179
  26.2669
  42.3455
  14.0112
  17.8744
  18.7266
  14.9083
  6.05814
   2.9272
  33.3757
  22.6615
  12.7966
  16.6026
  11.9775
  4.98395
  10.2951
 0.759164
  2.29277
  12.9873
   4.2967
  8.06823
   30.192
  44.1259
  29.5825
  42.6261
  42.6345
  30.0878
  23.1707
  38.3816
  17.3823
  35.0353
  13.9602
  7.02367
  37.1014
0.0725606
  27.6126
  4.48749
  24.9599
  55.1199
  57.8229
  54.7311
  17.1787
  15.6575
 0.265705
  11.3158
  2.31019
  14.5741
  5.08831
  20.3799
  75.5548
   40.502
  28.8272
  13.5957
   58.535
  27.5663
  7.94509
  29.2064
  18.6116
  44.7487
  17.7695
  22.2597
  7.13913
  19.7432
  30.4356
  31.5436
  26.1155
  12.6931
  12.1614
  1.13178
  5.44465
  9.57298
   11.052
  13.0989
   13.622
  9.90761
   10.959
  8.89227
  5.24605
   20.928
  21.1478
  16.0537
  22.6322
  15.8493
   23.754
  19.2634
  11.3361
  13.2354
  12.4116
  6.27982
  9.72238
  11.9888
  4.99761
  13.4706
  9.31496
   3.3815
  22.1795
  9.73621
  1.29365
  15.4659
  34.9758
  22.9538
  21.0298
  3.66541
   4.8898
  15.0047
  14.6344
  4.75012
  3.94803
 0.408232
  12.9831
  3.80086
  10.5357
  1.18841
  51.1096
  36.7202
  13.5497
  2.28739
   29.051
  21.9275
  20.4466
   14.583
  3.16128
   2.6089
  29.1754
  28.1492
  57.4137
  50.9854
  17.2569
 0.241851
   9.5928
  17.1077
  8.90504
  56.4543
  65.0971
  21.1556
  71.5259
  19.6999
  42.6349
  29.7244
  9.66252
  11.6442
  26.9051
  1.19291
  39.1354
  11.1857
  39.5642
  19.5197
  20.6815
  41.9922
  16.0551
  9.01898
  3.89996
  9.94378
  3.19252
  40.8841
  39.9262
  10.2409
  31.5202
  11.8727
  27.4875
  25.4827
  21.1748
  22.6195
  6.05715
  9.94742
   7.5114
  18.6996
  13.9994
  23.6973
  42.3595
  24.4351
  42.2574
  23.8001
   8.5232
  10.4229
  11.3775
  22.1644
  10.4081
  21.7544
   26.572
  19.2282
  25.8976
  24.8003
  13.3673
 0.303007
  23.1557
   14.638
  37.2599
  10.6118
  34.2956
  6.52569
  26.2037
  14.2333
  35.3824
  25.8466
 0.106286
  19.8197
  21.2941
  19.5491
    34.18
  35.4554
  1.00372
  25.2177
  24.9026
  1.58211
  11.2294
  12.6815
  16.9849
  45.3059
  13.8568
  11.1193
  21.2077
  18.5046
  29.7858
  25.0512
   17.951
   50.534
  33.0216
   17.515
  8.29837
   24.573
  8.63652
   14.506
  22.5389
  25.3854
  18.2708
  18.1871
   20.793
  33.8178
  29.8667
  39.8333
  17.9376
   21.948
  25.2361
  37.3782
  70.9678
  33.3716
  3.16235
  19.8413
  25.4461
  26.5793
   22.434
  14.8173
  12.2552
  16.6632
  11.4815
  11.1542
  26.9828
  6.50099
 0.499198
  35.5491
  24.6488
  28.5694
  13.3269
  38.9235
  18.9711
  3.37876
  15.5037
  1.49594
  8.55395
  6.49622
  20.2367
  4.65448
  4.71799
  4.57096
    7.732
  18.3296
  2.58716
  2.42826
  2.39123
  23.3298
  32.9635
  39.1794
  46.2657
  18.9838
  9.82903
  7.21147
  1.89461
  7.10905
  2.65285
  15.4138
  4.38255
  2.57387
  49.3731
  41.7719
  24.2295
   3.3001
  10.9838
  12.1742
  2.09048
  7.75742
  39.3195
  21.2512
  16.7234
  13.7019
  29.0991
  8.85929
  43.0109
   38.379
    33.39
  32.6789
  26.9776
  43.6603
  20.6657
  44.4418
  4.84173
  14.4839
  35.4118
  27.5899
  8.72279
  42.6606
  13.7731
  29.1695
  22.8109
  13.0493
  1.22621
  49.1125
   13.231
  19.8562
  38.5677
  26.8484
  16.8384
  12.4727
  15.0266
  46.2339
  25.9262
  29.5994
  25.2092
  27.4637
  23.1778
  29.2968
  13.4499
   11.133
  17.6842
  34.0552
  33.5911
  25.9078
  41.3451
  42.4487
  25.0702
   28.543
  24.7562
  49.1573
  23.0283
  7.05303
  14.8449
  30.1918
  14.4221
  8.52296
  44.4375
  9.12757
  6.70384
  4.14159
  7.51949
  28.2013
  40.5328
  20.6888
  36.8467
  31.8526
  47.8798
  38.4832
  3.18061
  39.6535
  10.4132
   7.0592
  7.32512
  49.5704
  11.7239
  22.5308
  26.2452
  14.1957
  50.7166
  3.32935
  20.3727
  49.7714
  49.8137
  38.1776
  7.40661
  22.1364
  16.9946
  21.9931
  32.1914
  74.2432
  30.3001
   22.222
   49.856
  7.80233
  9.75329
  10.8814
  5.98207
  12.8061
   20.926
   17.255
  2.71566
   19.797
  52.5415
  48.0903
   43.744
   18.486
  3.98967
  52.7977
  27.5559
  13.6265
  16.9689
  20.2175
  39.0548
  11.3212
  51.1737
  26.2678
  24.3429
  9.50321
  37.8591
  69.1889
  68.5419
  60.9267
  26.1312
0.0943784
  9.28805
  15.8466
   49.205
  36.9101
  16.0677
  8.76156
  24.6002
  13.1032
 0.268773
  9.43754
  13.6164
  58.6662
  15.6954
  25.3453
  6.77645
   41.836
  61.5084
  20.7605
  13.5904
  15.4114
  12.2035
  21.1053
  19.7119
  74.0615
  11.6794
  10.3988
  16.9326
  18.0082
  20.1167
  38.8328
  6.09044
    14.49
  6.06157
  4.72155
  11.0191
  17.7096
  25.8194
  45.4079
  8.19617
  3.46384
  18.7066
  61.7621
  14.7324
  4.72155
  13.3519
  4.92498
  15.6598
  42.6632