 29.1419
 29.0932
 8.60948
 9.16904
 31.8017
 31.4938
 17.6258
  6.6224
 19.6267
 19.7008
 10.2164
 9.85699
 7.87596
 8.30121
 7.82073
 22.9217
 23.2684
 23.3385
 25.3119
 25.4041
0.949137
 17.0108
  42.516
 43.4231
 6.43141
 6.92549
 4.73122
 19.1243
 19.3015
 18.5554
 18.7057
 20.0222
 5.90097
 9.20032
 9.26178
  8.3034
 8.87693
  36.256
  37.036
 36.2419
 37.4822
 19.2366
 20.3459
 14.7749
 14.2504
 9.99435
 10.2259
 32.8787
 32.6501
 33.1348
 32.1589
 31.9854
 31.3657
 24.1852
 23.8014
 37.5959
 33.7658
 32.1438
 29.7048
 29.9078
 29.6455
 3.54288
 6.38514
 3.36754
 3.90541
 12.1927
 8.93659
  8.9128
 28.5098
 28.1084
 28.9886
 8.70691
 29.1784
 27.8063
  8.9134
0.413125
 4.84512
 20.5237
 1.49059
 19.3605
 19.5348
 8.21785
 8.13368
 19.4208
 8.75372
 4.47326
 46.7383
 44.1731
 49.9293
 55.9289
  67.685
 11.7377
 10.1987
 10.4169
  34.923
 35.3239
 30.4401
 30.2125
 24.3175
 34.4282
 29.5855
 28.6412
 32.1188
 32.0507
 31.1708
 23.9419
 25.8002
 23.9619
 26.6439
 33.5785
0.433702
 17.5135
  25.031
 26.9271
 29.1692
 29.3962
 33.9451
 25.4703
 8.97175
 10.4091
 9.65391
 9.83129
 14.5026
 15.9812
 14.1509
  5.1263
 5.99145
 5.99364
 21.5551
 19.3812
 19.1569
 21.8067
  19.727
 2.01776
 2.98964
 19.5657
 19.5276
 37.6965
 25.9593
 26.9679
 24.8255
 24.9224
 24.2209
 19.1378
 20.1492
 9.59499
 10.1025
 9.64553
 10.3074
 8.92757
 8.33072
  15.805
 17.0632
 18.7996
 19.8045
 19.0683
 5.33612
  7.5738
 8.28965
 5.85771
 7.25817
 5.96501
 12.8825
 12.6326
 23.8014
  23.194
 26.0822
 27.8204
 24.7796
  25.979
 25.9835
 12.6125
 14.6275
 9.76456
 10.4074
 5.51082
 5.26171
  8.5663
 7.57651
 7.81426
 10.1661
 10.5017
 8.36288
 8.33794
  8.0075
 8.62677
 8.30863
 9.14067
 8.75704
 8.03947
   9.137
  9.9942
 8.09024
 10.3217
 12.1094
 10.3454
 3.54829
 11.3683
 20.6051
 18.6281
 6.15292
 8.03376
  8.9997
 10.3735
 1.61577
 20.4622
 7.44897
 17.2898
 5.65739
 1.15619
 9.62953
0.873024
 5.09055
 20.4539
 4.89479
 5.30152
 6.82274
 9.10902
 12.0153
 13.1934
 7.03279
 18.6055
 20.2819
 5.66171
 53.9116
 34.6465
 28.7563
 35.8652
 40.4382
 41.9038
 40.0522
 20.8136
 42.7979
  21.274
 21.1522
 41.6897
 27.3189
 25.5582
 28.3918
 39.0235
 33.8538
 33.7604
 36.9265
 34.3144
 26.2543
 21.9901
 31.8714
 30.8305
0.337408
0.277147
 1.03109
  44.298
 30.1759
 61.6344
 57.3088
 4.32864
 10.8762
 10.1682
 29.7881
  12.804
 20.9609
 13.9567
  12.122
 5.62304
 13.4869
 5.10047
 22.8469
 2.79221
 34.4679
 36.2132
 35.5662
 29.5729
 22.1601
 14.2276
 30.5173
  2.7672
 8.00805
 6.39331
 18.0722
 25.5518
 51.7218
 27.6161
    11.7
 12.6786
 17.5797
 16.4292
 3.35164
 25.0354
 6.66357
 4.62033
 32.1334
 34.3549
 30.7824
 33.0151
 18.5662
 7.80013
 12.9082
 20.6987
 16.1916
 13.6855
 19.2033
 6.18162
 3.37836
 8.09435
 11.3397
 9.59499
 21.4763
 16.0316
 6.98045
  33.271
 26.3223
 32.1556
 22.8524
 31.7475
 27.4899
 29.3398
  43.644
 34.5608
 29.7406
 34.4318
 29.6241
 31.8278
 27.1479
 18.2053
 2.22446
 12.6965
 12.7087
 8.92513
 16.4177
 36.5162
 36.6934
  7.8419
 16.2135
 19.2822
 10.1611
 61.0546
 50.3184
 7.00086
 7.31068
 2.50906
 53.6431
 27.5451
 35.3485
 30.4669
 25.7467
 3.28286
 9.96579
 18.7607
 33.7273
 35.8429
 29.8949
 28.0579
 24.5691
 36.8641
 31.5265
 35.6112
 25.0646
 31.4597
  21.929
 34.2739
 24.6119
 14.2619
 22.2203
 4.00652
 9.29678
 30.5206
 26.5491
 17.2974
 10.1595
 3.98166
 8.53838
 10.1405
 6.85837
 18.0239
   19.82
 5.15608
 17.1659
 7.80696
 5.32848
 4.84208
 17.9273
 7.98841
 22.0352
   20.93
 11.9254
  17.375
 39.0829
 4.17068
 7.95317
 3.18958
 10.2087
 6.88531
0.624866
 1.37778
 5.77069
 6.83161
 15.8998
 14.2919
 19.9216
 18.7815
 10.2237
 13.9173
 11.3074
 38.9301
 44.5901
   22.24
 23.4576
 20.0641
 28.6767
  20.704
 15.0434
 15.5937
 10.4573
  20.357
 20.2867
  4.9425
 6.62237
 4.65357
 2.25557
 1.53531
0.632198
  11.306
 5.28063
 13.6921
 11.9443
  11.224
 11.6667
 23.8837
 12.4505
 17.8616
 19.9661
 3.20212
 17.8893
 14.3397
 27.2915
 17.5661
 27.5165
0.632912
 27.9924
  14.151
 13.6075
 42.4293
 43.8274
  11.989
 7.28216
 2.19441
 13.8882
 13.4351
 7.34464
 2.19131
 23.4452
 34.7959
 15.1299
 16.2684
 6.76933
 11.2581
 12.2754
 1.28087
 6.74233
 9.17864
 12.2612
 4.69978
 5.17967
 22.6575
  3.4754
 5.18324
 14.4511
 2.91311
 10.4895
 20.4126
 20.8513
 34.9646
 23.4404
 14.3708
 24.4804
 25.0309
 24.4133
 9.96775
 30.9456
 26.9357
 25.9859
 30.3462
 32.8464
 20.9237
 32.8953
 39.6676
 31.5933
 30.2773
 42.1953
 27.3135
  29.087
 16.8288
 27.3495
 35.3377
 3.93274
 2.73994
 12.6536
 4.50092
  44.337
 46.7907
  46.536
 49.0219
 11.6224
 32.7835
 35.3365
 8.50718
 5.22466
 25.4157
 12.6821
 10.5331
 8.66841
 10.3331
  15.116
 3.81731
    19.9
 8.20528
  41.194
  48.789
  6.7168
 21.2052
 36.8248
 29.5068
 6.61032
 29.9934
 22.5712
 4.93142
  28.086
 26.3841
 2.84771
 19.5465
 4.38073
 11.0684
  14.149
  22.499
 51.6684
 24.9403
 20.0094
 2.68426
 1.11375
 11.7585
 51.0388
 2.07232
 3.77107
 19.5141
 11.1885
  10.584
 11.5164
 15.8817
 14.4374
 2.45071
 4.40077
 7.84438
 36.4538
 42.6068
 33.7536
 24.7522
  23.391
 22.7932
 39.7998
 43.0009
 2.87538
 31.5335
 11.3975
 5.06777
 31.4535
 24.4565
 5.06075
 9.72575
  23.058
 27.9301
 18.3412
 1.50818
 5.39482
 17.0831
0.527206
 1.78574
 1.37518
 3.25692
 22.2736
 7.07778
 6.25453
 3.18361
 1.64799
 3.13472
 8.61145
 18.8158
 23.2998
 26.4831
  10.081
 24.1535
 22.8052
 20.8112
 25.0176
 15.3504
 6.48816
 1.63222
 14.3818
 2.01476
 9.78432
 2.36471
 30.6603
 29.3931
 26.8003
 26.2759
 16.2778
 22.7115
  9.2565
 5.14138
 11.8047
 4.63805
 15.7326
 13.2742
 7.46574
 13.4745
 4.54301
0.225837
 13.3511
  11.224
 2.22634
0.232289
 16.4278
 8.17332
 20.1458
 4.36249
 2.10084
 4.92982
 3.56625
 28.6025
 26.6902
 16.7066
 24.4862
 11.1967
 19.8442
 37.2317
0.803624
 8.61466
 17.3668
 5.75368
 6.22383
 3.44847
0.376648
 32.3021
  9.9405
  23.399
 15.8793
 26.4303
 24.9069
  26.052
 26.2869
  1.7786
 17.7507
 14.8978
 6.75912
 3.51465
  14.596
 15.1599
 20.8878
 3.10571
 14.8761
 7.29197
 30.0017
 32.0379
 29.0595
 29.3453
 24.7782
 23.5741
 10.0617
 27.4261
 37.5789
 30.1595
 43.4077
 30.3024
 41.1236
 30.7918
 27.6553
 39.1497
 39.6908
 17.6172
 33.4502
 28.8901
 24.6771
 15.2671
 31.1313
 24.5094
 14.3655
 25.8084
 35.7557
 39.4118
 8.81731
 8.73577
 9.81831
 54.8731
 65.3655
 65.1159
 6.44866
 3.15361
 21.0874
 18.8138
 26.4758
  19.854
  31.667
 3.16469
 10.1625
 18.5024
 3.59577
 32.7835
 30.3668
 58.2105
 2.61968
0.350506
 21.2852
 31.1654
 2.92737
 39.8147
 28.9574
 12.2508
 2.94178
  19.245
 20.9407
 29.3117
 28.9852
 4.49792
 6.76783
 15.6268
 16.3989
 13.7801
 5.11817
 41.2396
 17.5597
 18.2828
 29.2662
  5.4947
 2.30474
 23.7843
 32.7343
 21.3386
 10.2176
 35.8226
 41.8256
 9.10895
 2.46389
 25.0814
 21.1944
0.844156
 29.0491
 41.7491
 6.81328
 3.43416
 13.4615
 13.8841
 2.46049
 31.8674
 31.2816
 3.80048
 18.5168
 24.0751
 30.0214
 11.2145
 2.87759
 21.7512
 36.3628
 11.4568
 3.48571
 6.48866
 6.05455
 22.9878
 21.6825
 12.0226
 8.69651
 9.54881
 9.80322
 20.2053
 13.5367
 2.41099
 25.1161
 19.0314
 29.5021
  21.534
 26.2755
 27.7441
 17.9719
 13.2989
 2.34025
  4.2254
 5.42893
 4.92032
   11.24
 11.1699
 4.92054
 8.31936
 29.0235
 3.66376
  12.397
 14.8911
 26.1814
 27.0855
 24.6111
 2.35222
 3.35134
 9.41822
 1.85705
 2.73278
 3.69498
 3.13471
 6.29823
 1.63126
 34.8564
 21.2974
 26.5081
 16.4232
 5.45751
 13.2259
 2.54344
 22.7208
 6.86901
 23.6263
 19.7953
 17.7476
  4.9005
 14.8978
 12.4049
  16.788
 7.46714
 12.8854
 15.3664
 13.2563
 10.3557
 4.48902
 2.48659
 14.7949
 20.9875
 14.8911
 34.0733
 7.97285
 2.92165
 33.9934
 26.7267
 25.1655
 23.4634
 3.22186
 1.91817
  31.842
 36.3867
 25.2542
 33.7165
 37.6675
    18.4
 30.8598
 2.88143
 35.8182
 33.3943
 45.3333
 64.9336
 19.7753
 13.8383
 6.81015
 28.7858
 25.2182
 1.85789
 26.4214
 16.7772
 34.0575
 43.8306
 43.9939
 41.5962
 22.3787
 22.7279
 25.2235
 33.9765
  41.124
 38.3564
  28.265
 21.2048
0.990531
 12.3061
 2.82954
 31.2051
 33.2141
 10.7588
 3.34327
 4.38402
 12.7347
 28.1869
 10.4862
 7.54368
 44.4056
 20.5004
 13.6683
 36.6333
 6.81393
 2.50821
 3.31503
 9.13196
 7.80976
 6.87669
 32.6745
 20.1393
 20.9796
 9.51725
 27.5944
 12.6585
 6.07879
  39.596
 10.2395
 20.9456
 39.5211
 8.60233
 10.3483
 6.76858
 2.69304
 12.1505
 12.8694
 25.1716
 14.1273
 8.94931
 1.04287
 7.63169
 2.74091
 13.6768