   14.3204
   9.43188
   8.49335
   6.19277
   3.90637
   3.37359
   5.73611
   2.32016
   1.31353
   2.62837
   3.10771
   2.86832
   4.62065
   2.62236
   5.08593
   7.96356
    1.1877
   3.50348
  0.929808
   5.75002
   6.32852
   9.25873
   6.77214
   6.01444
   4.60495
   4.84234
   6.83922
   6.02036
   8.41628
   13.3465
   6.93777
   11.8053
   3.46479
   9.02413
   15.0085
   39.2812
   46.0399
   40.3072
   40.4665
   34.0191
   2.41094
   4.17134
   14.7709
   14.6002
   27.0002
    18.043
   28.6876
   22.0539
   3.01444
   6.45373
  0.211392
  0.638774
   3.52178
   9.66285
  0.736539
   2.29789
   7.05882
   10.0462
   3.87333
   1.61932
   3.25191
   10.4183
   12.9172
   9.80733
   7.27297
   3.57266
   8.81188
   5.56862
   7.41245
   6.32748
   3.82804
    7.0871
   7.57359
   6.85419
   4.53817
   11.8069
   6.23195
   2.82626
   2.38485
   6.56885
   5.46241
   13.1975
   13.3655
    9.8465
   13.1433
   1.55011
  0.106408
   4.45159
    2.3016
   1.37077
   6.39015
   1.35994
   7.46004
   2.88167
   7.08186
   4.41533
   2.17225
   4.40579
   3.95821
   12.7781
   2.82995
   11.5855
   4.12675
  0.259266
   5.31077
   24.2121
   3.46131
   5.81384
   5.96397
   7.43346
   4.94679
   6.08614
   9.15809
   3.78276
   4.80162
   3.07651
   18.1122
   24.6233
    14.402
   15.8578
   10.9149
   1.34441
  0.293867
   10.2888
   5.62675
   7.75226
    8.4278
   13.4428
   4.90074
0.00614841
   2.46954
   21.8064
   28.4991
   20.5339
   40.7268
   7.91405
   12.4887
   12.4852
   19.3434
   4.93289
   9.03634
   18.8855
    1.1069
   3.09492
   17.2877
   3.84912
   5.09509
   21.6291
  0.821593
   1.04696
   3.82279
  0.312929
   10.6579
   2.97918
   6.17399
    5.0607
   3.37659
   9.55892
   4.02092
   13.1892
   6.51077
   9.26221
   2.58934
   1.96264
   10.0272
   14.7709
   7.59238
    6.1699
   14.4258
   14.8716
   42.8044
   42.2568
   8.54834
   23.1779
    8.4822
   3.08921
   16.5406
   29.0128
   4.41388
   11.7046
   6.23827
   9.17139
    9.4666
   7.93902
    9.4645
   15.7323
   3.25791
   11.4892
   3.09808
   12.2719
   5.43559
   8.61693
   6.07559
   6.32322
   9.67357
    11.518
   12.2838
   5.40317
    8.7583
   12.6563
   4.07294
   8.47218
   5.40228
   5.62698
   4.72667
   11.9298
   4.91598
   2.87957
   2.59441
  0.583633
   10.1627
   5.62183
 0.0381201
   1.68039
   1.28646
   2.80669
   7.38136
   9.00565
   3.54179
    5.4685
   3.96307
   11.1489
   17.2541
   3.99249
  0.113852
    1.4302
   2.13625
  0.831217
   2.82435
  0.585451
  0.676085
   2.04207
   14.8846
   6.03193
   9.40035
    1.0326
   4.74328
   12.3636
   8.52532
   2.28202
   7.51791
   4.94806
   4.08686
 0.0884202
    9.7721
   15.4549
   5.70875
   22.4468
   12.9243
   1.26786
   16.1547
   7.37618
   1.83913
   1.49209
   4.85387
   11.4333
   17.1794
   24.9787
   34.7546
   35.5185
   41.2624
   24.2988
    12.847
   18.7287
   1.17366
   6.87246
   6.16757
   9.00083
   3.22716
   2.24205
  0.866624
   7.91254
   9.19645
   1.68111
   18.7147
   8.93939
   3.64423
   6.13641
   11.0488
   3.12881
   9.72342
   5.61337
    2.1623
   6.99359
   2.95859
   7.94162
   5.48881
   11.2128
   7.50097
  0.132717
   5.44374
   2.08673
    4.5182
    4.2059
   5.81207
   6.13302
   1.74012
  0.848275
   12.7656
   3.45754
   16.8114
   13.7492
   6.82295
   1.61039
   2.71263
   3.80557
   3.04406
   2.18823
   2.36167
   2.15284
   3.41649
   6.77237
 0.0867799
   2.05598
   5.84026
    9.4409
   5.93343
   4.13727
   4.80179
   2.89044
   5.42183
   8.87332
   9.14246
   1.85386
   4.96889
   1.65415
   3.17945
   16.2178
  0.797989
  0.443436
   12.0687
   4.79446
    16.244
    11.949
    9.4792
    9.0994
   3.35821
   11.2677
   12.6121
   3.22681
   44.7218
   42.6915
   44.8373
   31.2866
   16.1072
   9.07524
    5.7629
   17.2928
   16.3729
   14.2622
   9.54732
   6.74628
   13.2627
   4.28052
   3.40406
  0.123048
   25.1767
   6.64731
  0.398202
   8.59118
   17.8235
    9.6692
   8.73889
   1.82662
   6.53349
   5.90397
   5.72887
    8.8351
  0.848644
   1.34545
   4.47783
   5.05019
   6.91343
  0.283434
   4.44819
   1.91784
   9.30283
   1.56804
   6.77213
   3.27814
   16.4431
 0.0850904
   7.59762
    2.4077
   6.07175
   2.30664
   11.2128
   2.60126
   4.59263
   10.2899
   4.38181
    5.3572
   12.9014
   9.30033
    12.452
   14.5689
   4.14607
   16.3483
   3.74785
   5.61508
   8.72568
   34.2234
   32.3634
   36.7959
   33.9032
   11.8344
   26.9524
   6.00153
   2.65926
   6.93166
    9.2515
   11.6581
   8.08579
    11.124
   5.60338
   13.3131
   7.46008
    7.7886
   4.08582
   5.32313
   13.4549
  0.893138
   5.17765
    22.918
   29.9926
   18.2416
   5.33009
   5.60065
   28.7811
   8.15781
   6.62477
   9.94784
   10.7325
   8.17755
   10.9885
   16.7852
   2.85038
   12.9144
   15.5799
   19.0501
   22.7503
   6.36416
   3.71667
   25.6217
   0.33416
   15.9436
   10.6075
   10.4788
    11.463
   7.19033
    5.8039
   6.92006
   3.97957
  0.214195
   12.6559
   4.77004
    7.7079
  0.432176
    1.9287
   29.7533
   24.4412
   21.2818
   16.7677
   4.22683
    26.738
   6.04702
   16.4271
   20.8841
   21.7577
   13.4536
   27.5065
   29.4366
   13.4798
   2.60681
   7.02107
   10.6358
   1.03714
   18.7036
   15.8197
    4.2061
   21.9876
   22.4689
   6.62963
   17.5672
   22.3803
    24.343
   19.7006
   22.5803
   5.79394
   24.4491
   23.0376
   26.6057
   15.7746
   17.1309
   27.1209
    8.2996
   2.45069
   2.48557
   12.4301
   4.96965
   10.2865
   15.1876
   5.95013
   4.54503
   18.0089
   1.50848
   14.4552
   9.82423
   6.01288
   5.00323
   4.01948
   13.3256
   6.89635
   5.25343
    10.804
   17.0466
   20.9501
   16.0913
   16.1691
   9.45226
   18.6343
   3.62773
   16.7436
   12.4095
   7.96887
   23.4672
    11.655
   8.33448
   10.3772
   10.7669
   16.9751
   16.4308
   13.5174
   8.74237
    12.229
   6.45315
    18.407
    12.384
   6.72936
   2.91635
   9.56056
    11.887
   11.6016
   15.6378
   10.3102
   6.86137
   27.6591
   22.9128
     24.79
   11.5293
   21.0762
   17.3257
   9.56956
   13.7858
   7.94965
   16.6154
   17.4014
   17.6551
    8.9503
   17.8609
   18.1989
   11.6546
   12.0989
   24.6755
   18.8711
   28.1955
   2.13508
   1.20927
   12.6352
   1.49565
   18.4102
   27.8468
   16.3759
   5.74122
   17.2135
   22.8612
   20.0721
   8.22115
 0.0535476
   16.1247
   3.88407
   5.63997
   3.76447
   0.21272
   16.3048
   19.5169
   2.25996
   1.82105
   6.52945
   19.4981
   21.5265
   16.2867
   7.73601
   15.4761
   15.9102
   18.0905
   13.5637
   17.9586
   8.58772
   13.2584
   1.55948
   9.68379
   19.6778
   15.0058
   9.25004
   25.6017
   27.5975
   9.83957
   11.6596
   39.0199
   16.1764
   19.9715
    20.703
   23.8889
   27.8511
   18.3213
   16.3671
   18.0384
   9.42816
   12.2006
    10.636
    11.773
   13.3676
   10.4424
   13.7037
   9.87908
   9.46395
    0.0852
   9.99582
   2.85963
   11.1094
  0.987231
   4.75314
   23.8041
   20.8772
   2.50422
   2.69416
   9.89922
   8.53406
 0.0529437
   1.06955
   25.5813
    3.0455
   4.01053
   3.55981
    12.297
   2.34189
   10.1226
   9.04001
   16.0507
    12.668
   8.73781
   17.5706
   17.0116
   25.9371
   20.4711
    16.483
   27.2761
   22.0323
   20.5831
   23.4576
    1.2848
   12.4046
   22.4115
   7.56923
   9.98494
   26.6516
   15.4911
   9.21647
   1.37289
   16.5818
   26.0432
     2.795
   14.9489
   20.4491
   10.0388
   8.67414
   8.13101
   11.3185
   19.2133
   18.7438
   28.9296
   8.69836
   36.2641
   5.88895
   8.90895
   16.1549
    18.052
   1.77818
   22.7019
   18.8478
   13.5164
    17.233
   9.63426
   15.9305
   15.9101
   10.3555
   12.8518
   8.47955
   10.0489
   12.9349
   16.3226
   24.6755
   12.3587
     13.14
   15.2117
   9.26406
   10.6962
   24.5469
    22.551
   7.91671
   26.2171
   17.6445
    19.233
   1.52131
  0.622173
   23.4234
   20.9883
   5.33437
  0.411764
   3.67136
   22.0766
   7.09253
   10.5143
   24.2131
   12.9645
   13.8683
   14.9593
   11.1502
   1.68405
    13.023
   10.1602
   7.41741
   15.4268
   10.9034
   14.2602
   8.06398
   5.49914
   8.29961
   7.61538
   14.7194
   7.94012
    5.7125
   6.45709
   1.58727
  0.373762
   3.37741
   6.79962
   1.65408
   17.2013
   9.05566
   9.16164
   8.35242
   2.08946
   9.71097
    13.023
   3.00258
   3.55223
   4.59635
   7.12048
   22.5404
   10.1327
   6.04941
   21.2246
   14.1123
   3.19409
    7.5054
   6.68784
   8.53708
   5.96108
   5.55682
    12.434
   9.63264
    8.9385
   9.55525
    12.078
   2.91441
   12.7067
    21.664
   7.52946
   1.20119
   5.24101
   5.63107
   9.46445
   5.00331
   5.65518
    4.4734
    1.6708
   1.33021
   10.2979
    14.304
   1.97678
   5.58348
   4.67546
   6.52733
   39.5745
   1.06629
   2.94045
   16.4511
 0.0880494
   4.31508
   8.92336
   4.87069
   12.2516
   9.80539
   8.85165
   13.0232
   7.75181
   14.9886
   4.21158
   4.16245
   4.60275
     7.901
   3.12611
   7.76156
   5.08405
   6.10969
   7.94113
   9.50897
  0.410433
   6.48949
   8.78267
   22.6684
   13.4409
   8.61878
    12.541
   5.83646
   7.70698
   6.49552
   5.96393
   18.6326
   17.2708
   19.5287
   8.90416
    3.6519
   3.36742
   6.04476
   3.92294
   2.37619
   9.03544
   11.7394
   16.6929
   13.4719
   10.7903
 0.0867585
   26.0195
   10.1898
  0.934665
    8.8879
   15.5898
   13.0084
   11.6817
   11.9073
   13.5761
   7.61792
   26.0195
   6.63834
   4.01286
   5.19408
   5.52833
    4.8268
   3.18739
   22.1004
   2.32196
   5.83386
   12.0025
   8.64878
   6.18105
   6.96363
   2.69372
   3.19797
   1.55822
   10.6577
   14.8351
   5.01074
   1.06583
   4.09303
   4.95816
   13.1224
   3.55943
   2.87058
  0.826788
   6.57265
   10.9124
   5.36851
   7.87187
   1.22868
   15.1005
   1.30111
   6.81506
   13.2581
   17.2325
   13.2519
    7.7974
   7.52425
   12.1625
   2.81399
    2.1496
   3.00746
   14.0899
   16.2023
    1.4261
    3.8805
   6.12283
   22.4769
   16.8254
   14.1759
   8.79408
   1.18661
   12.5486
   8.72367
   7.85237
   11.8872
   4.54298
    3.1804
   13.6482
   3.51527
   6.35477
   3.16455
   17.9475
   16.5324
   6.79763
   12.4259
   9.51634
   1.11145
   1.36987
   3.52152
   2.77513
   16.9565
    8.9212
   30.5589
   3.38956
   4.17641
   5.97147
   3.93062
    2.1366
   8.34874
   11.6122
   6.74629
   11.4675
    7.7403
   9.11846
   1.91765
  0.518647
   17.5688
   17.3092
   17.8823
   15.0074
   6.67826
   4.19253
  0.189742
   1.39245
   28.5335
   23.5946
   14.2068
   15.9248
   12.8192
   14.6683
   21.8487
    11.945
   29.2659
   21.2469
   15.1415
   5.61506
   6.22685
    21.782
   8.70894
   9.59324
    1.9196
   11.0965
   1.56052
   5.06616
   2.95711
   8.56942
   4.58132
   3.85906
   10.8183
   9.22035
   16.4223
   11.7884
   2.26066
   9.45911
   33.0987
   3.98747
  0.195048
   1.44417
   25.7473
   16.1943
   16.8814
   27.5756
   12.2837
   2.87647
   3.96538
   14.9402
   12.3142
   25.3463
   18.1633
    19.097
   13.2254
   2.80896
   2.08829
   5.96471
   20.2954
   18.3379
   4.50747
   5.92254
   4.38332
   7.94906
   8.66043
   18.4472
   15.8902
   15.7053
   16.9104
   16.7238
   30.5107
   1.79879
    5.7322
   7.58061
   3.83995
   4.46769
   1.77326
   16.3486
   5.44802
   6.10121
  0.228129
   19.4105
  0.372534
   1.85169
   2.06083
   17.9044
  0.687848
   24.4839
   17.3713
   15.9563
   2.82783
    17.307
   9.44602
    2.6816
   2.82762
   11.6254
   4.31858
   4.36625
   10.2333
   1.31179
   9.74951
   2.19539
     1.465
   10.1871
   5.16074
   6.64389
    9.9337
  0.578588
   7.11385
   24.5489
   20.9954
    1.3735
   1.16055
  0.959745
   7.14665
   2.17356
   2.20263
   2.08812
   6.47297
   4.95221