   4.50673
   2.86839
   6.00315
   3.33609
   4.83756
   4.68307
   4.94771
   2.60528
   5.93283
   7.51972
 0.0807798
   0.60964
  0.607012
   29.3181
   30.1828
   1.03155
 0.0871369
   3.77547
   4.73723
   0.92941
   1.22511
   1.13865
   1.20101
   1.49557
   3.24762
   7.17485
    8.0463
   20.1613
   21.3796
   21.6211
    16.907
   22.6239
   11.6752
   4.27303
   12.0015
   11.6789
   8.05369
   4.72304
   25.1598
   11.8158
   4.17104
   1.15154
   6.04722
   2.45574
  0.324105
   6.10501
   3.63013
  0.920199
   4.09829
   35.1135
   28.8615
   35.9739
   38.2503
   29.1025
   7.74086
  0.764311
 0.0681713
   7.12295
  0.709022
   5.75926
   18.6598
    11.579
   26.7719
   31.8723
   4.40386
   9.77075
   7.31232
    3.0592
   8.57394
   19.4675
   8.82271
   2.33063
    0.6036
   10.3394
   4.88899
   4.92827
   4.32042
   1.91845
     6.148
   5.52321
   5.81014
   13.3068
   13.3333
   10.7975
   12.0925
    9.1399
   13.7483
   7.88914
     1.365
0.00375625
   2.18257
   3.47716
   6.48992
   7.44256
   2.47716
   7.52557
  0.826522
  0.252549
   4.06733
    1.6151
  0.728795
   4.30853
     15.61
   9.12212
   9.07586
   2.17431
    8.6811
  0.754353
   3.11456
  0.646014
   1.90636
   5.61902
   7.06861
   7.44545
   5.61774
   4.55675
    3.8498
    9.5055
   1.62828
   1.10386
   3.21397
   1.76643
   8.25407
    5.8435
   4.40386
   3.71827
   5.15319
  0.182133
   6.38374
    16.568
   18.7183
   4.57562
   4.23623
   7.31544
   6.23308
   8.30989
   7.30969
   6.08554
   8.87301
   10.1615
   5.62241
   5.40844
   22.1871
   20.2362
   4.39496
   6.13579
   9.77048
     3.593
   5.05399
   11.1975
    12.266
   14.2742
   12.2652
   12.9573
   2.43943
      6.23
  0.923551
   4.25438
    16.826
  0.972732
    4.1455
   22.1017
   5.10317
   16.9147
    34.334
   37.1991
   37.1282
    6.3342
  0.320107
   15.9882
   16.2946
   13.0473
   21.5383
   20.1096
   8.79666
   4.39427
   4.03703
   6.08271
  0.878289
   32.9382
   24.5577
   13.5153
   8.10626
   1.76405
     6.269
    2.7634
   16.2279
   6.86318
   9.23385
   19.2704
   21.2657
   1.17217
   6.11484
   15.9398
   14.4817
   1.44421
    1.8023
   4.57047
   7.39056
   7.34749
     1.365
   2.59687
  0.504378
   4.90445
   6.90274
   4.51165
   6.09702
   8.16485
   9.26621
   6.82463
   7.35828
   4.97294
  0.251482
   8.97098
   7.87583
    5.9136
  0.610229
  0.783784
    2.4848
    1.9253
   27.5889
   33.7358
   9.54655
   31.5215
   5.58112
  0.215182
   3.38088
   7.53128
   3.99901
   39.8538
   30.4823
   12.6742
   6.92696
   9.41768
   20.0819
   22.7952
   9.33968
   6.67534
   9.10461
   5.38538
   9.17032
   0.37898
   6.27619
  0.253149
   1.01173
   1.27261
   8.35418
   18.7068
   11.8914
    6.1792
  0.489429
   3.99338
   4.13024
  0.268736
   2.06021
   4.41209
   7.52364
   4.12249
   6.87685
   6.72158
   1.43346
  0.807129
   5.82651
   25.7132
   15.3092
   2.01748
   7.30224
   9.75318
   4.06108
   1.25599
   7.65861
   3.68039
   7.40696
   3.29063
   4.15317
   8.03675
   1.96707
   17.2521
  0.869832
   4.88992
   6.12698
    1.5744
   2.20959
   4.60709
   15.4807
   11.3726
   13.1849
   7.48788
   12.0762
   5.20696
   5.97572
   1.59487
   7.84632
   5.87725
   5.50052
    11.737
   5.56951
   2.04093
   11.2978
   9.55767
   3.89507
   3.06696
  0.983041
   3.34677
   22.5695
   16.7225
   20.3587
   7.91535
   4.96294
   1.23683
     1.559
    13.395
   5.07024
   5.12922
   31.6908
   9.35415
    2.0331
   5.07046
   5.45557
   23.5697
   22.4836
    13.198
    7.6736
    19.156
   32.3937
   33.9922
   31.0763
   1.20621
   3.40732
  0.270002
   6.42391
   2.97374
     4.077
   29.5596
   25.4235
   3.37905
   6.62736
   40.1604
  0.439035
   14.4065
   21.2697
  0.406091
  0.201139
   6.40987
   3.87017
   4.69582
   3.89949
   16.9789
   29.6612
  0.848184
   7.47627
   1.77493
   2.05231
   4.28501
   9.24272
   9.61792
    8.8326
   10.0436
   4.44733
   3.49096
   0.82028
   8.19185
   9.35773
   3.17678
   6.66128
   5.32684
   4.25064
   6.95147
   8.42789
   7.43169
   6.00328
   8.64178
   2.72273
   2.25088
    2.4658
   2.27652
   8.87698
    2.0156
   4.29481
   2.38913
   13.1702
   6.30653
   9.37697
   4.66014
  0.928397
   10.2771
  0.456765
   9.10531
   4.10833
   7.53316
   8.74151
   3.31967
   9.24255
   3.38626
   9.33385
   7.25755
   7.59622
   6.38973
    26.501
   5.15092
  0.233683
   4.53293
   3.91061
 0.0338694
   3.51417
   11.0187
    13.932
   8.62017
   11.6101
  0.077594
   5.41785
   3.02249
   5.99784
   11.1722
   3.96943
   12.3653
   10.8774
   4.49019
   12.9618
   9.00232
   9.69805
    41.718
   13.0457
   7.62797
   6.64665
  0.478166
   2.79176
   7.25124
    4.8497
   19.8573
   39.4323
    26.923
   40.1281
   5.08883
   6.63489
   9.58866
   3.55079
   9.06155
   6.54857
   1.20621
   10.4864
   33.9673
   15.9872
   19.2781
   10.0112
   25.8325
   4.28535
   1.53318
   20.9939
   12.2992
   27.3744
   5.37331
   1.80474
   2.49903
   3.98334
   6.70659
   22.7874
   15.2566
   0.83217
   1.17793
   6.31273
    10.043
   10.2745
   12.1381
   0.95781
   8.56685
   5.60867
   4.46284
   2.96608
   1.17211
   13.9224
  0.921698
    2.9778
   7.05575
   1.56788
   8.34006
    13.979
   9.41116
   10.6987
   8.11498
   2.91556
   6.93554
   10.0442
   22.0231
   5.57345
   2.15619
    8.9827
   7.74595
   8.64178
   8.68129
   3.77429
   5.66147
   12.3794
   5.54955
   14.4596
   6.62768
   6.14113
   5.49734
  0.263197
   5.29617
   1.18321
  0.918529
   21.6577
  0.480791
   5.05387
   4.81376
  0.866217
   11.6446
   7.91676
    7.1303
    4.8493
   6.59307
   7.18586
   39.9752
   37.4505
   6.80928
   9.36985
   3.57776
   7.13238
    2.7343
   25.8452
   30.6004
   3.93355
   32.8868
   15.0735
   10.8777
   18.4129
   5.33294
   4.28312
   10.9126
  0.515215
   18.2372
   1.52807
   31.7697
   11.5973
   12.8934
   26.5006
   3.52539
   2.79764
   2.62416
   4.11526
  0.336364
   18.5541
   15.0365
   2.30876
    13.446
   14.9186
   12.1281
   7.82061
   8.51256
   23.0926
   3.45369
   20.7528
   4.28718
   9.01146
   7.02532
   15.9084
   34.5923
   6.45209
  0.204048
   13.1472
   2.33085
   6.86957
   6.45259
   2.28521
   6.22415
   13.0242
   2.48254
   1.30063
   16.5306
   15.3144
   2.37335
   21.5116
   4.33308
   34.3077
   21.2558
    10.971
   3.07737
    17.724
    9.6034
   5.81922
   2.67462
   21.0048
   2.17865
    3.2082
   24.5887
   7.12718
   15.1496
   16.3731
   1.96186
   11.2441
   11.6677
   5.68045
   8.10431
    7.4209
   11.1862
    39.355
   6.10187
   7.33111
   24.9906
   24.9305
   21.3159
   26.6666
   11.0736
   27.1723
   22.1916
    5.6409
   5.57833
   26.7139
   10.0252
   23.9559
   2.74278
   26.9075
   11.2726
   10.6188
   7.80018
   14.9689
    22.994
   14.9089
    16.037
   9.83729
   12.7354
   28.5922
   13.3372
   38.9589
   10.9948
   24.4541
   16.3164
   5.00184
   26.3962
   7.69034
   8.18351
    10.544
    13.793
   12.0017
   7.09444
   17.2182
  0.334055
  0.210572
   13.6412
   6.05542
   11.8467
  0.553235
   1.29337
   11.2493
   10.0211
  0.374944
   7.65248
   6.50611
   13.3692
    2.6882
   7.13357
   2.93623
   23.6017
   10.1349
   7.79744
   2.50238
   4.36161
   2.93773
   1.65836
   2.30613
   28.4984
   17.1131
   10.0411
   5.32627
   4.61489
   6.12084
   3.84639
   1.97458
   2.18234
   1.18318
   31.1112
   16.1565
   1.49339
   11.4119
   4.74067
   7.64277
   7.18557
    3.6552
 0.0347041
   15.5828
   7.43924
  0.342182
  0.116443
    8.3057
   17.0974
   14.0851
   16.1712
   16.6328
   7.09457
   3.21851
   4.92793
   1.13783
  0.883347
   19.5891
   13.3016
   5.21664
   23.7935
    1.3055
   14.2556
   2.05638
   27.3555
   2.16502
   24.1416
  0.314993
   4.35239
   15.4166
   23.5569
   3.22481
   19.1804
   19.8124
   22.2172
    22.119
   22.1855
   20.2889
  0.148858
   16.8495
   17.1137
   18.7659
   16.1148
   17.5485
   6.26552
   20.0881
    18.995
   34.2184
   16.6959
   3.26716
    2.4832
   18.6029
      19.9
    3.9803
   15.2483
   7.43864
   6.84901
   6.01609
   7.09487
    17.837
   16.5522
   2.46667
   4.28525
   3.04529
   13.2311
   24.7734
    28.768
   5.89679
    23.666
   23.0617
  0.605095
   7.20769
   7.39333
   34.6271
    13.326
   9.59759
    13.506
   10.6992
   5.91446
   7.67768
   4.93538
   6.76633
   29.1985
   1.99165
   28.7205
   30.8538
   34.7767
    11.663
   9.38468
   6.82592
   9.71577
   14.9185
   37.3075
   24.6691
   13.8566
   28.8395
   2.83933
    1.3948
  0.554118
   3.16191
  0.951076
   5.83427
   3.51072
   6.41976
   11.1017
   18.0009
   24.8116
   16.5868
   8.98633
   4.59695
   27.6434
  0.894558
   2.90849
   32.6626
   7.21811
   38.3371
   21.2562
   4.33418
   7.15372
   27.2171
   4.67627
   12.3781
   13.2521
   25.3647
   32.8325
    26.074
   28.4251
   22.3676
   5.09333
  0.998668
    33.043
   2.25861
   25.8599
   24.7468
   5.64543
   1.94703
   7.17077
  0.169646
   5.91792
   12.1678
   12.8632
   38.7025
   5.48385
    5.0314
   5.31901
   20.3308
   26.6067
   4.03827
   0.10088
   2.53996
   7.68254
  0.494019
   5.79489
   5.19849
   34.9154
   13.2759
   11.6873
   5.85298
   1.43829
   24.2923
  0.491323
   21.1922
   6.58837
  0.516964
   8.75452
   4.03741
   9.66017
  0.677726
   5.82812
    9.7309
  0.496282
   5.42833
    9.7309
   13.8584
   14.6172