   14.1448
   12.1706
   33.4478
   10.3959
   6.47481
   5.01194
   7.71684
   8.00694
   5.40503
   2.92164
   5.42856
    6.6468
   10.8504
   10.8203
   5.06455
   29.9512
    25.129
   9.23264
   3.99593
   6.46954
   4.60075
    0.3217
   2.54273
   1.86718
   5.61275
   6.52227
   10.8193
   6.12951
0.00859726
   31.8152
   18.7808
   46.0359
   37.5312
   13.8126
   12.2523
   4.28874
   22.3484
   22.8579
   3.55169
  0.174602
   6.89043
   6.34343
   2.17574
  0.231904
   4.60176
    2.4818
   8.28136
   15.3259
   5.97935
   2.60079
   1.36024
   0.16335
   57.5806
   42.2891
   31.2869
   35.9365
   71.5467
   1.74429
   13.0595
   1.20628
    18.295
   4.42693
   13.2629
   1.77358
   16.4906
   22.5568
   21.5198
   18.9187
    11.294
   20.5013
   13.6894
   9.34042
   6.88909
   17.4606
   8.36035
   6.46459
   17.4516
   19.2199
   17.7584
   19.9939
   18.2026
    16.125
   6.11408
   11.0219
   28.9374
    19.314
   29.1381
   25.8545
   33.3798
   32.5217
   44.8635
   18.4384
   25.6524
   9.54786
   1.45345
   5.16958
   6.25155
   3.11647
   8.88822
  0.969884
  0.755202
   6.27103
   9.89561
     9.453
   5.73253
   2.62417
   5.56527
   16.6836
   3.33255
   23.7955
   14.7799
   10.4949
   24.5062
   13.6453
   2.95521
   23.0051
   1.84502
    18.769
   16.8228
   6.01525
   11.9903
   5.85751
   22.4771
   20.3806
   15.7821
   4.45089
    7.5822
    4.9398
   10.9696
    15.758
   3.26238
   12.6843
   5.77051
    6.8975
   9.96214
   11.6323
   11.9447
   2.63988
   8.67452
    3.1623
  0.325265
   8.69741
   3.84179
   23.7157
   34.5498
   9.12289
   4.39295
   6.85011
     26.77
   3.01188
   26.5088
   22.6636
   7.85911
   19.6977
   69.9173
   2.31963
    21.999
    2.6895
   11.4266
   26.4534
   30.3779
   10.6499
   25.1198
   25.6828
   35.3055
   3.29624
   17.5898
   15.3926
   29.6036
   1.70935
   5.72715
    20.628
   30.9956
   49.1471
   62.2657
   9.03086
   8.91078
   30.8554
   25.0698
   38.5183
   20.3221
   20.0371
   5.15313
   20.2622
   6.04425
   25.1877
   20.5548
   46.9138
   53.1777
   17.0419
  0.419412
   34.7638
    18.663
   1.90582
   51.6515
   21.0326
   24.4596
   28.5737
    31.784
   28.1755
   35.7285
   16.7806
   12.1535
   3.03728
   4.67045
   17.8167
     8.254
   9.54786
   4.76189
   19.0271
   7.09956
   19.6839
   14.9938
   1.86567
   4.60865
    13.953
   6.85607
    39.799
   10.3056
   7.98982
   14.1116
   12.1267
  0.270555
  0.606194
   11.5357
   9.94532
   15.7423
   26.8423
   3.42324
   45.8738
   16.2247
   3.36645
   8.01175
   3.45901
  0.923523
   21.2122
   13.0875
   1.18935
   15.0381
   1.83103
   24.3139
   4.00751
   6.45361
   3.56052
   25.5413
   18.3617
   11.9007
   16.6845
   14.2197
   4.37157
    17.154
   11.3497
   10.8394
   17.1802
   4.86381
   43.9542
   20.0493
   30.5762
   22.7453
   8.50204
   11.3236
   5.41853
   1.36254
   9.97494
   6.35547
   2.05705
   10.2705
   3.53832
  0.307938
    3.3041
0.00355562
   28.3711
   1.02991
    4.5295
   2.59131
   17.2524
   1.37687
   43.7107
   3.28619
   3.65884
   4.24099
   5.50417
   10.6732
   21.5847
   22.5147
   22.5729
   13.9342
   9.92616
   44.3662
   34.1156
    10.342
   3.47964
   2.13353
   11.9787
   20.4322
   10.7171
   2.99244
   16.3042
   9.44008
  0.698011
    9.9414
  0.960569
   7.32205
   2.97014
    7.1953
   16.6394
   22.5063
   14.8524
   25.0777
   24.3704
   11.7939
   16.0302
   11.4933
   14.8766
   13.0145
   2.54332
   14.6975
   11.3611
   12.2751
   6.65511
   17.4606
   14.4852
   10.1946
   4.27946
   6.27989
   39.4199
   27.7188
   4.58579
   2.94641
   33.8656
   2.65031
   2.74893
   10.6356
   10.0725
   25.4015
   27.0477
   55.5373
   47.1655
   9.10841
   10.4814
   16.4233
   5.46407
    6.7225
   14.4728
    37.433
   39.1768
   5.49042
   4.89997
    29.411
   4.90792
   26.9213
   36.3778
   23.9087
    11.368
   15.9388
    1.1756
   20.2152
   11.0088
   11.0902
   23.4375
   51.5555
   23.4882
   10.2016
   3.08339
   4.92122
   40.8516
   7.74898
   11.8878
   8.65863
   11.1819
   8.05602
   12.5763
   10.4148
   0.28216
   1.47301
   15.2336
   3.22025
   6.08268
   8.26751
    16.482
   17.5021
   14.6749
   5.12659
   8.80087
   10.4664
   6.03577
 0.0981404
  0.738936
   5.85175
   5.24404
    2.1576
   2.99435
   18.1261
   10.2358
   20.7626
   25.3937
   9.62898
   15.5791
   1.33613
   7.26953
   9.10818
   18.9052
    0.5934
   12.6539
   13.9197
    22.935
   19.3799
   18.1725
   8.91608
   10.0509
   16.4125
   12.5093
   23.3784
   6.36747
   9.52896
   5.34209
   2.29532
   5.16423
   11.6873
    24.503
   25.3669
   25.2869
   30.6957
   17.7228
   10.7029
   2.22448
   4.85822
    4.9635
   3.95639
   20.1721
  0.568779
   8.20198
   15.5866
    30.654
   24.2732
   46.6956
   7.44984
   42.8444
   31.2468
   5.78938
    28.142
   24.5405
   3.75103
   66.6889
   38.7062
    68.009
   5.17334
   9.65188
   5.63865
   11.4623
   10.4036
   10.9532
   13.2136
   9.10841
   32.2665
   47.5569
    18.515
   28.3977
  0.435517
   27.2568
   3.79797
   17.7473
   4.58508
   20.0957
   18.6994
   36.6004
   7.13739
   4.51248
   41.5897
     32.48
   11.1684
   6.64977
   35.9761
   8.40763
   15.8433
   6.10263
   9.78965
   30.8246
   6.33795
   2.59072
   10.7104
   6.56864
   7.42984
   9.96013
   7.47665
   9.03564
   12.3362
   18.5735
   15.6875
   5.56057
    7.7396
   18.9742
   15.7801
   21.5878
   23.4515
 0.0162801
   3.01075
   6.57299
   13.8132
   3.75784
   3.74067
   28.1203
   25.8771
   18.1322
   27.1087
   28.3745
   7.02673
   19.0839
   2.48492
   16.4796
   22.2634
   9.85857
   23.0727
   6.05645
   9.61922
   14.6151
   14.3085
   1.00717
   10.5708
   7.73427
   0.56966
   11.5753
   0.89709
   5.41034
   36.4331
   11.9875
   67.8758
   3.57327
  0.968769
   4.13517
   13.6525
   0.12956
   71.2216
   46.8374
   26.2926
   30.4509
    8.2016
   8.83073
   9.38211
   16.4591
   9.33994
   3.23536
   22.5129
   32.7495
   9.05768
  0.207164
   32.9105
    12.075
   1.36202
   4.03367
   9.59933
   9.35326
    16.742
   22.2257
   5.03707
    26.392
   8.76714
   37.1498
   44.0255
  0.313502
   23.8262
   13.2921
   12.9211
   9.01843
   19.7783
    29.986
   5.08582
   3.35302
   6.12671
   43.6163
    5.5437
   38.3113
   56.7134
   5.14464
   15.0469
   29.5049
      34.6
   15.6885
   27.2775
   25.7792
   13.6767
    23.599
    2.0279
   7.18025
   4.04557
   7.34864
   4.51207
    11.024
   11.5357
   30.6636
   12.4436
   14.5081
   35.5116
   2.08466
   7.39999
   52.2853
   17.0683
   31.2166
   22.1852
   16.9099
   5.02141
   12.0194
   7.21423
   4.37048
   5.32036
   5.31493
   23.0548
   42.7668
   29.3287
   27.4849
   7.36752
   7.84679
   22.0386
   2.77144
   36.0988
   7.46316
   16.0485
   21.1813
   22.3181
   71.5781
   2.51304
   5.19849
   13.8986
   10.1343
   30.6602
  0.103624
   3.50654
   55.6313
   4.06012
   1.84154
   7.05477
   7.36234
   10.1786
   1.18368
   2.50489
   1.67289
   41.3239
   10.2109
   17.5573
    1.8544
    32.464
   38.0319
   28.8589
   22.0338
   29.7777
   22.1334
   5.03313
   47.9819
    18.069
   4.82101
   3.82318
   2.86564
   5.83221
    16.075
   25.7175
   16.2086
  0.775313
   28.6227
   11.1653
   2.95349
   3.79889
   30.2747
   32.6527
    13.087
   13.0902
   14.6751
   10.9307
   2.05828
   2.81584
   15.5192
   8.48636
  0.288652
    12.318
     28.96
   5.05504
   17.6169
   6.07609
    27.006
   12.6887
   26.0665
  0.913678
   3.13302
    17.904
   7.62948
   1.57716
   9.45218
   7.40023
   35.8922
   27.4307
   7.76968
   2.51845
   7.69754
   11.2965
   2.77851
    6.9691
   0.47669
  0.947387
   4.84133
   6.31562
   8.04061
   32.8497
   9.61399
    19.672
   37.3657
   29.2066
   4.53736
   3.13268
   6.15608
   27.1752
   7.65442
   5.72132
   3.71164
   23.0187
   2.76705
   35.8239
   2.68397
    43.238
   4.62336
   28.7261
   35.8301
   22.6579
   35.7223
   21.5117
   45.3615
   6.19995
   6.01432
    40.121
   0.11664
   7.53377
   23.2025
   9.08645
   20.1119
   34.9733
   30.1779
   9.40602
   6.56701
   41.3175
   10.9334
   21.1918
     24.39
   7.18679
   37.5108
   7.44419
    42.106
   30.3022
   10.9645
   2.68843
   10.4144
   10.3944
   3.83505
   6.68846
    16.731
   3.85849
   1.20041
    2.2443
   9.39246
   24.6409
      30.4
   3.60851
   21.9356
   12.1511
   10.3378
   40.4157
   20.0721
   6.41356
   34.3548
   28.7077
   5.91288
   46.9129
   27.4265
   34.4627
   24.8709
   3.89545
   3.11031
   44.1943
   4.56208
   8.59229
   7.53749
  0.811096
   43.2538
   4.86352
   16.2256
   21.5486
   4.78152
   37.4839
   11.2803
   11.7118
   16.9798
   34.8997
   16.7605
   47.3271
   37.6225
   8.11478
   22.0211
   21.2343
    21.261
   37.7868
   19.2228
   47.6386
     9.546
   9.27354
   16.0026
   1.59309
   39.4113
   16.1606
   43.9679
   45.0305
   20.7605
   20.2351
   9.99343
   40.4183
   24.9633
   17.9279
    18.164
   34.0535
   40.1246
    22.787
   46.3839
   36.9204
   8.58328
   10.8101
    16.003
   5.95273
   8.11365
   41.2061
   43.5964
   5.08868
   5.26994
   22.1355
   43.7204
   49.3299
   32.6592
   5.24332
   18.2792
    4.2946
   34.2056
   53.8688
   31.6907
   31.0956
   16.1606
   30.2852
   5.85421
   73.6641
   4.72571
  0.752061
  0.537081
   24.1201
   9.37325
   36.7626
   4.82064
   11.6894
    46.405
    16.953
   33.5161
   31.2755
   21.9855
   19.9851
   38.3568
   40.7294
   9.16114
   44.6402
   27.4264
   28.2087
  0.903581
   22.2306
   35.2074
   23.4839
   22.0002
   3.08344
    60.658
   8.38393
   29.5149
   18.9201
   40.9006
   28.9907
   17.6721
   22.3052
   1.70042
  0.209444
   43.8809
   12.5664
   22.3827
   23.6773
   35.6452
   11.3495
   10.8254
   12.7517
   8.14905
   22.9972
   39.2041
   1.51243
   22.5445
   31.6184
   21.2631
   21.1122
   10.9611
   1.91958
   24.4193
    9.1015
   14.8925
   21.2952
    20.141
   7.04865
   9.00899
   3.60559
    10.734
   4.94335
   15.9627
 0.0808827
    2.0861
    8.0573
   32.8081
   36.2964
   25.8132
   10.8485
   27.3296
     10.98
   13.5694
    29.925
   28.0211
   15.1668
    25.008
   22.9942
   4.25584
    41.605
   23.7088
   4.38679
  0.247074
   21.9724
   1.01318
   7.95718
   20.2049
    57.076
   7.52717
    2.9023
   13.0877
   41.4962
   4.06844
  0.928002
   6.91155
   15.6831
   24.9645
   13.2448
    37.939
   41.4758
   1.38041
   2.08937
   3.38492
    18.061
   3.70722
   37.9287
   34.7256
   9.55691
   7.45751
    4.6199
   3.88462
  0.502563
   33.7772
   13.9537
   65.4629
   3.27378
   44.7722
   10.6956
   19.2209
  0.474688
  0.184429
   6.22953
   14.1268
   33.9892
   11.0675
   8.51876
   20.5007
   7.08156
   1.49834
   6.65432
   35.7473
   9.16186
   35.5049
   29.5939
   4.45677
   7.43055
   19.3736
   10.5587
   3.87608
  0.693286
   13.5071
   3.08317
   6.61729
   14.2777
   4.33797
   12.0567
   23.2992
   14.3951
   9.55402
   3.74473
    4.7073
   7.43377
   7.52555
   22.1543
   8.48115
   52.1993
   43.7906
   39.7991
   43.5803
   22.9784
   4.35798
   5.78149
   4.16707
   5.32796
    3.5837
     10.47
   1.85042
   26.6876
   53.5182
   17.5139
   63.3479
   10.3195
   70.9339
   35.5703
   10.6148
   3.48131
   7.82419
   12.4536
   52.3428
   13.5255
   18.3723
   22.9122
   22.4762
    1.2823
   2.11364
   8.50808
  0.770184
   6.59438
   35.1983
    36.921
   49.0484
   5.53511
   49.6313
   41.1086
  0.801042
   45.6249
   47.8475
    10.547
   10.4162
   5.85183
   20.2697
   44.9937
   2.70435
   15.1179
   18.4319
   46.1568
   13.5741
   17.9445
   44.1433
   46.3133
   40.9204
   41.1891
   49.2619
   12.7465
   8.30034
   18.6673
   48.5048
   7.26184
   13.0606
   43.8164
   49.5947
   42.5425
   20.4497
   13.2934
   51.7463
   11.2036
   52.2892
   49.7957
   46.9286
   10.5342
   8.28897
   12.9389
   4.61718
   33.6248
     43.57
   28.8194
   56.0564
   37.8309
   48.1753
   2.03196
   47.2479
   43.3381
   50.3011
   5.03752
   4.15008
     3.114
   50.7343
    11.997
   35.1666
   22.2765
  0.897166
   10.8847
   22.1823
   13.8701
   33.3769
    32.182
   28.3025
    36.338
   3.87201
   9.99885
   6.57834
   4.87233
   12.1537
  0.472355
   36.7246
    2.8882
   3.29759
   1.17183
 0.0235717
   4.50182
   7.03934
    10.848
   4.50141
   10.5183
   8.23497
    17.395
   45.1209
   6.88785
   3.85979
   14.9507
   5.02943
   4.88547
   1.93515
   41.0513
   24.4735
    25.238
   2.19468
   6.87892
   24.4735
   17.3712
   15.4764
   18.1668
   2.55233
   6.55941
   5.57943