  20.3584
  17.7165
  12.9612
  10.8494
  7.73144
  8.55314
 0.346321
  2.10312
  9.36266
  8.85586
  10.6548
  13.9437
  6.43009
  2.71506
  1.33512
  26.3952
  31.1462
  9.14995
 0.555735
  2.33669
  3.89308
  8.20893
  1.59174
0.0148655
  1.99461
  4.95791
  8.29286
 0.966053
  2.48873
  18.8178
   21.524
  18.6862
  13.8514
  25.5016
  11.2949
     21.8
  16.2444
  20.6227
  15.7062
  13.7697
  13.7502
  5.87066
  2.85735
  21.8611
  16.9559
  12.6281
  22.2017
  8.58773
  16.4624
  5.12161
  59.9971
   46.588
  43.1747
  47.0281
  60.0045
   11.966
  16.7992
       13
     7.38
  9.83491
  17.1806
  37.6678
  46.9474
  7.50212
  13.5019
  14.2362
  7.30758
  13.1868
  12.5491
  6.07545
  10.0079
  9.45226
  12.6385
  11.3868
  11.1241
  7.70263
  3.66159
  1.72077
  11.0341
   21.862
  19.9198
  13.0295
  14.0347
   20.328
  10.0292
  6.62623
   1.6408
  9.77758
  9.18538
  4.23775
  7.12358
 0.788387
  8.96895
  8.36885
    1.953
  8.05698
   10.647
  10.5203
  4.51158
  3.85668
 0.236985
   14.249
  12.1955
  5.25067
  14.9046
  9.87661
  7.23193
  6.80573
  1.16714
 0.930649
  2.43805
  7.10249
  2.16299
  1.67632
  9.41795
  4.37975
   3.4055
  3.26113
  3.69555
  2.56971
  3.38812
 0.735616
  5.51296
  7.48769
  4.20586
  4.34216
  7.59752
  10.8942
  3.61958
  15.4115
  25.9225
  8.21227
  4.29713
  4.69546
  1.05812
 0.124375
 0.828907
 0.045637
  8.10927
  4.77446
  1.67185
  5.01431
  36.5236
  28.8554
  8.87151
  8.56267
  12.9605
  12.0321
  11.4509
  18.4035
  13.8378
  32.2429
  34.9568
   35.724
  21.0114
  16.7254
  9.05025
  18.5548
  5.18368
  5.95661
  8.85632
  8.27962
  3.01191
  37.2695
    26.09
  46.0809
  57.7694
  12.8854
  12.7068
  23.6174
   11.179
  15.2723
  33.5968
  38.9354
  2.26716
  2.99807
  11.1308
  29.0219
   27.006
  14.4867
  9.46694
  15.8569
  13.7666
  13.3438
  28.0216
  17.0706
  18.9121
  18.1129
  19.9707
  9.43923
  13.8625
  19.9984
  5.40402
  8.30129
  9.25059
    2.146
  3.76228
  1.82357
   1.6408
   14.229
  38.3638
  13.8171
  10.3924
  10.3649
  11.6914
  8.28728
  20.4971
  5.29184
  17.0855
  20.2217
  16.1988
  6.86435
  4.25503
  18.0711
    12.55
  22.3721
  17.8129
   54.093
  40.1683
  11.2381
  39.1206
  5.35859
  11.3395
  13.7536
   10.398
  17.5811
  56.3388
  44.2241
  17.5594
  19.0444
  22.8306
  40.2813
  8.25035
  6.62702
  18.1496
  20.0609
  5.42431
  3.21914
  9.63036
  5.39882
  10.8223
  1.36065
  2.51741
  20.3177
  16.9733
  10.1638
  4.57991
  6.86838
  2.01778
  1.61588
  8.77558
  11.7212
  6.68098
  7.05011
  7.23689
   4.7626
  7.52916
  1.01258
 0.868012
   4.8503
  32.0948
  13.8396
  14.1573
  12.9438
  12.3998
  8.28274
  15.5493
  5.89116
  6.15841
  10.5213
  11.0269
  13.5198
  2.89513
 0.584411
  5.46145
  4.81734
  3.03828
  11.0316
  14.3823
  18.1312
0.0216558
  2.44852
  3.63419
  9.46579
  11.3983
  15.1646
  13.7088
  1.33181
  6.27472
  9.34853
0.0286969
 0.324491
  8.05865
  8.37505
  2.87485
  18.2011
  16.9319
  14.8115
   23.485
  10.1268
  6.88157
  12.7803
  9.41759
  3.61001
  23.7306
  7.86518
  13.5729
  7.09404
  24.2794
  7.17275
  36.6747
  12.3164
  54.3022
   20.237
  17.2557
  12.3807
  10.4062
  8.29263
   8.0978
  14.3602
  8.33588
  5.26292
  23.3851
  54.1512
  49.4349
  17.4621
  20.0451
   11.914
  7.45817
   7.6229
  6.33591
  42.2003
  11.4205
  14.4068
  26.7285
  54.0687
  22.5944
  21.7899
  17.2637
  5.20752
  6.17921
  6.60965
  15.8508
  10.6977
  11.5984
  20.9413
  29.3415
 0.208563
  1.51829
    1.952
  21.6567
  21.4077
  18.0034
  14.6834
  17.4565
  17.5622
  20.8451
  17.6448
  18.0268
  9.37693
  10.6553
  5.19975
  9.76423
  7.06626
  5.30822
  2.23407
   5.6771
  6.39697
  7.43112
  4.18722
  9.45137
  5.81445
 0.502629
  5.99597
  2.46306
  2.07298
  3.57065
  14.8233
  16.5577
   15.021
   8.9782
  14.0205
0.0289212
 0.474682
  7.89859
  3.49291
  23.5262
  2.05962
  2.97964
  3.03313
  6.93618
  14.7436
  8.65518
  4.80526
   5.4715
  11.4942
  15.8373
  31.2609
   7.0193
  6.53463
  4.15665
  6.94643
   4.1902
   7.0747
  20.9588
  20.3809
   14.443
  9.84194
  2.70828
  3.15946
  1.88404
    17.37
   21.847
  32.4858
  15.6965
  41.6705
  36.1914
  18.0411
  17.1292
  7.45889
  22.3834
  18.5693
  13.7227
  16.2114
  18.2256
  10.8945
  5.51199
   41.973
  42.9092
  39.7758
  4.41973
  21.3715
  16.0459
  18.9558
  8.59873
  13.7272
  17.4621
  12.2436
  48.3273
  35.7001
  10.6478
  18.6173
  46.0331
  35.5324
  1.69137
  11.3184
  27.2506
  13.2718
  10.6603
  2.75507
  6.67199
  17.3274
  37.4823
  30.9902
  17.1243
  5.70133
  7.60928
  25.2287
  12.2506
  3.41637
  6.14068
  13.0755
   22.235
  10.2296
  6.08955
  1.47591
  17.1574
  1.55358
  2.73409
  7.42941
  5.62418
   15.006
  10.2157
 0.503011
  6.75109
  4.34526
  5.27146
  5.65024
  5.39528
  16.4653
   17.679
  13.5565
  5.05207
  9.03249
  7.98188
  1.46155
  16.9112
  23.4138
  20.9847
  7.13728
  7.81831
  8.11743
  1.04555
  1.67397
  3.83857
  8.06291
  22.6943
  0.94299
   4.0999
  34.5122
   9.9369
   21.301
  13.8051
  5.31776
  21.6302
  26.7701
  14.6519
  52.4305
  42.2204
  4.34456
  11.4607
  9.70609
   9.9525
  16.3085
   40.066
  48.1468
  12.3626
  22.7692
  15.6967
  5.28626
  16.2483
  4.09719
  9.07044
   7.3733
  1.46715
  29.3012
  3.95372
  29.7384
  10.7149
 0.398334
  2.51964
  1.55424
  14.2498
  31.8955
  23.4206
  11.8475
  25.1892
  4.24635
  9.51893
  17.1403
   6.7704
  32.2499
  3.35273
  16.5591
  4.61756
  6.51792
  8.45808
  18.3629
   26.603
  9.38188
  18.9525
  7.23798
   12.597
   14.972
  14.6004
  13.0586
  10.7749
  13.7376
  7.39894
  10.5417
   18.363
  15.2349
  7.02936
  23.4895
  10.1663
  22.9273
  19.1376
  28.9124
  4.51615
  28.2423
  8.52597
  8.02967
  12.4557
  5.96531
  5.48507
  8.95122
  16.5891
  9.77772
  25.1059
  37.5196
   36.283
  31.9483
  6.08518
  2.13172
  5.38426
  20.5956
  19.4425
  24.9309
   7.3057
  13.4237
   6.2151
  15.2179
  23.7138
  16.7049
  17.0194
  42.6216
    28.98
  14.3678
  15.2076
  8.02967
  2.86026
  13.9611
  2.92603
  13.8656
  14.4938
  16.3162
  14.8202
  25.8553
  25.8556
  39.7034
  15.7546
  15.8929
   24.768
   31.738
  57.2865
  34.4277
  13.2879
  12.0531
  3.41269
  15.4478
  7.03929
  13.6717
  14.7237
  16.9669
  24.2593
  6.99062
  9.50407
  4.25187
  6.35975
  8.16882
  39.1862
  31.3115
  6.57062
  26.4267
  9.83276
   7.6278
  2.56117
  2.32331
  11.9833
  7.38884
  2.76911
  14.2427
 0.819869
  3.45208
  22.0454
  13.3272
  2.05974
 0.206249
  11.7579
  19.2046
  24.8745
  43.0651
  2.90966
  2.33991
  3.87852
  13.0999
  7.99777
  13.7094
  6.68143
   5.4426
  4.03617
  4.66223
  49.6427
  26.4185
  17.4097
  6.65455
  8.01655
  3.20952
 0.790145
  4.74165
  13.4332
  9.56828
  17.2677
  2.37773
  6.40129
  17.5591
   2.3812
  24.9399
  19.8805
  36.5713
  38.7249
  6.81856
  12.3087
  3.32258
  16.3269
  22.7504
  6.68608
  30.6802
  12.6942
  19.9675
  9.74666
  16.8997
  29.1409
  9.32351
  27.9551
  9.07181
  6.38709
    17.99
  34.1316
  7.89634
  12.6966
  21.7928
  33.9309
  10.6617
  7.62743
  26.4163
  20.2182
  17.1819
   26.452
  18.3906
  24.7933
   18.574
  21.4004
  7.13293
  20.1467
  19.6368
  37.3598
  23.9708
  9.79148
  5.08891
  16.9022
  14.2874
 0.230532
  39.5232
  2.47026
  10.5885
  7.36405
  15.7906
  25.5812
  29.2982
  3.75631
  11.5617
  3.90995
  27.7955
  32.4631
  32.0967
  5.18967
  27.7779
  1.66091
  15.1091
  4.73631
  33.7561
  15.2081
  7.59867
  12.6617
  15.0763
  32.6425
  3.50883
  14.4044
  31.1868
   33.332
  23.3923
  21.0784
  2.95243
  18.2601
  3.55974
  13.9965
  25.5189
  24.4593
  6.92927
  27.1682
 0.348468
  6.07667
  4.24508
   1.4097
  5.57912
  10.5465
  14.8565
  3.24862
  2.63656
  27.6263
  33.1834
  19.7387
  4.83017
   26.485
  29.4521
  11.9034
  8.17645
  12.0517
  55.0739
  14.2054
  41.8547
  29.1202
  4.69484
  21.5187
  2.16997
  16.6547
  13.2985
  27.0359
  11.0506
  5.17054
  20.8336
  60.9931
  49.5479
  22.7973
   1.0199
  5.32141
   12.033
  26.3713
  29.0759
  6.19625
  7.57848
  6.08478
  16.6484
  4.31276
  7.07048
   38.727
   6.1615
  11.8237
  28.3742
  34.5824
  39.0163
  14.7703
  13.6801
  6.11805
  15.4712
  10.4827
  16.3839
  60.5231
  11.9233
  10.5599
  5.48865
  33.4704
  4.98524
   9.6612
 0.353936
  7.26087
  23.0125
  23.0126
  38.1792
  14.2334
  18.1137
  22.1896
  18.9236
  17.9691
   1.6124
  20.1965
    2.919
  3.66339
  39.4445
  9.08227
  14.1399
  25.1687
  30.6317
  17.5376
  26.4912
  5.34597
  17.6031
  2.04577
   26.324
  14.6003
  1.89235
  29.3618
  11.8769
  18.2329
  17.1542
  13.6193
  7.98634
  19.5553
  16.3932
  23.6572
  14.5115
  32.2203
  9.84305
  8.48855
  33.4209
  32.8399
  3.25186
  18.9236
  2.50635
  24.5136
  21.6256
  17.5001
  10.5713
  21.1711
  1.35551
   5.0532
  36.6129
  11.0429
   21.317
  12.7928
  15.8759
  16.9516
 0.148168
  39.1896
  4.27041
  19.8347
  30.8272
  1.10492
  12.5607
  15.9974
  1.08547
  17.5264
  1.17588
  7.32617
  17.9649
  1.17588
  7.85551
  12.7487
  2.74187