  34.4479
  35.2004
  32.0116
  34.7517
  13.4398
  1.12984
  36.4601
  37.5677
  39.7839
  37.7793
   36.171
  37.6385
  36.8994
  26.3782
  28.2689
  31.3287
  28.9626
  12.8308
  9.86308
   17.223
  44.1489
  31.7554
   2.0604
  35.2051
  35.7134
  24.4436
  12.6998
  37.8556
  47.9728
  39.8186
  25.1345
  33.4752
  29.4461
  7.97231
  27.9687
  14.5335
  26.1047
   25.657
  39.6937
  43.1566
  44.0669
  37.8182
  1.64991
  4.31317
  8.80425
  2.18277
  13.3809
  1.92646
   39.631
  20.1363
  34.7722
  45.6946
  43.5367
  1.17836
  22.2472
  3.19656
  30.6662
  36.8899
  27.9451
  8.16085
  15.2579
  20.2926
  28.7742
  25.5714
  43.3877
  36.9671
  40.0519
  47.1799
  2.75275
  13.3028
  16.9274
  11.4652
  10.5038
  31.1606
   2.9876
    13.74
  23.6638
  10.4938
  2.21302
  3.34898
  9.92572
  3.31428
  20.4315
 0.407681
  9.00106
  15.9348
  46.4074
  46.1186
  1.51601
  12.9296
  13.0854
  21.8564
  9.51197
  14.2778
   35.864
  38.4249
  49.1065
  70.9037
  52.3769
  2.76512
  8.38153
  3.45484
  26.8371
  31.2266
  14.9919
  5.19105
  6.48247
  14.8393
  2.91426
  3.17562
  10.1225
  27.3074
  61.6732
  39.7708
  14.3395
  44.1914
  56.7047
  42.2972
  23.5817
  51.3373
  20.0844
  22.2717
   14.027
   24.948
  21.9697
  34.9018
  26.8898
  7.15501
  6.90849
  6.31939
  1.02445
  10.5255
  9.85477
   5.8094
  16.1992
  18.6927
  17.3758
    20.01
   2.9741
  20.7234
  0.69568
  18.4029
   52.433
  20.4795
  8.42025
  27.2275
  55.6712
   54.518
  52.8455
  57.7179
  46.4132
  47.9001
  53.8693
  51.4222
  13.3238
  16.9766
  17.4307
  11.5478
  16.3299
   14.625
  10.3411
  5.97515
 0.226406
  5.79257
  17.9181
  22.7877
  2.46768
  21.0002
  35.8743
  22.6383
  10.4308
  63.7164
  52.5808
  59.5334
  35.4039
   40.092
  15.1165
  18.7427
  15.1892
  43.3277
  9.79651
  6.81829
   24.263
   4.3773
  43.4631
  66.1353
  69.1482
  41.9618
  33.9162
  2.23968
  4.10399
  1.48352
  60.5056
  66.4638
  54.7479
  18.8774
  3.32914
  4.37694
  46.0565
  49.7654
   45.182
  46.9403
  57.2217
  67.3274
  46.4793
  65.2942
  46.2806
  42.9282
  65.6602
  54.0679
  57.4907
    51.85
  48.8313
  32.8203
  66.2547
  59.7301
  25.3111
  8.39223
    2.187
  25.3791
  20.3149
  3.09318
  22.6249
  23.0111
  56.5416
  25.9374
  40.0315
  16.5171
    17.44
  14.3329
  5.76395
   7.6725
   51.001
  5.22535
  30.2269
  7.88581
  35.0854
   11.968
  13.4022
  10.9121
  20.0576
  5.91907
   52.228
  44.6238
  66.9097
  44.4792
  53.7862
  17.3516
  16.0613
  23.4975
   17.828
  42.6935
  56.6953
  60.5775
  43.0941
  46.0631
  44.1448
  14.3642
  47.3673
  61.4132
  26.8878
  36.2038
  12.7335
  16.2779
  36.8351
  44.2852
   53.952
  54.1157
  54.5619
  45.2848
  61.6079
   50.172
  48.8699
  15.0468
  5.13337
  6.14141
  37.8035
  61.2615
  51.9168
  49.2663
  39.9267
  18.1612
  56.5285
  48.9405
  14.6958
  1.36352
  22.1568
   5.9213
  42.6854
  59.8618
  28.1705
  7.37581
  21.1446
  69.6052
  10.0224
  15.8961
  12.5337
  42.3729
  43.4269
  5.10333
  3.12982
  6.51895
  44.4614
  30.8672
  44.3356
  42.3607
  30.6142
  25.6941
  24.6808
  39.9414
  34.6129
   54.062
    32.14
  22.0278
   35.454
  39.9266
  36.1245
  31.5627
  31.7134
  42.0248
  27.0576
  24.6302
  36.5107
  23.6323
 0.146863
   33.801
   61.936
  51.8733
    36.29
  31.1643
  15.8073
  2.41363
  36.1406
  25.2505
  14.2182
  11.4929
  40.3845
  25.4907
  16.1748
  42.9282
  48.2098
   6.1229
   43.216
  23.7913
  41.5993
  36.4972
  35.7637
  27.2671
   22.642
  39.1164
  18.9965
  11.9824
   24.292
  29.5965
  38.7983
   19.075
    15.34
  3.87211
   33.964
  41.1827
  25.5687
  38.1625
  32.5721
  46.9731
  32.3186
  21.4752
  4.67743
  27.7079
  34.3264
   30.498
  12.0916
  25.5351
  20.4464
  34.0414
  5.64582
  29.8277
  14.7826
  24.1654
  6.26516
  18.4162
  17.8616
  37.2675
  24.0227
  28.3685
  6.20833
  44.4957
  26.5791
  29.0426
  24.4292
  21.6986
  33.0622
  28.1159
  10.9336
  35.7701
  22.9882
  29.5979
  33.9802
  23.0806
  12.1753
  17.2165
  29.9785
  27.8322
   32.141
  21.5382
  26.2061
  29.6941
  44.2012
  36.7237
  2.90526
  22.8986
  16.0215
 0.640207
   3.5664
    11.91
  14.8684
  13.2627
  33.0633
  15.0876
  16.4758
   14.055
  22.8604
  13.9828
  7.23854
  20.3387
  40.7999
  20.0717
  58.4009
  38.4292
  23.0734
   39.832
  28.8106
  27.0637
  43.9655
  43.3042
  4.36156
  30.9389
  31.0958
  36.6657
  27.7035
  39.6753
  26.1883
  25.5675
  37.5793
   7.8013
  18.1919
  16.8647
  5.13674
  21.8171
  15.8695
   26.673
  10.1539
  30.4066
  28.4566
  33.9149
  13.4976
   27.487
  60.2248
  40.2357
  7.55803
  5.23323
  11.5843
  30.3792
  20.9287
  15.6296
  16.6595
  15.4152
  17.3833
  32.8449
  55.7241
  66.8494
  4.39341
  48.8604
  39.1836
  34.0522
  18.6641
  26.2693
  35.8182
  5.54966
  13.9183
  5.39111
  4.44717
  5.83707
  48.7029
  62.6556
  13.2241
  23.0621
  11.1018
  10.6447
  16.7226
  32.6542
  47.4452
  20.4467
    12.78
  5.62702
   40.627
  51.9852
  51.2253
  10.3374
  7.20671
   5.9804
  9.05718
  4.90378
   4.5007
  5.92943
  5.08831
  4.16725
   2.8879
    21.83
  1.93346
  39.9552
  30.8234
  40.7536
  46.8534
  28.0155
    28.96
  4.61117
  29.0888
  30.1603
  38.8177
  7.58366
  20.3032
  9.83254
  8.76529
  5.89612
  5.37538
   5.2074
  22.8106
  49.8758
  66.0724
  61.8331
  6.24262
  17.7337
  13.8169
  29.0302
  52.8026
  20.6076
   26.347
  10.8818
  39.0895
  6.32093
  22.0611
  2.98014
  52.8867
  19.8924
   34.543
  29.7508
  2.67163
  43.3871
  34.8178
  26.2239
  52.7658
  54.1278
   47.615
  34.2547
  39.6831
   53.995
  2.42642
  5.60056
  2.82067
  13.1877
   18.595
  13.7916
   34.358
  16.8629
  16.8515
  2.99611
  12.1719
  3.49376
  8.37502
  18.7352
  9.51498
  17.6454
  22.2481
  11.1813
  9.55679
  19.2904
  4.22162
   7.9702
  9.25061
  4.83859
  5.29851
  3.86826
  59.2745
  45.6064
  54.7304
   4.8517
   43.958
  58.7717
  65.0087
   17.573
  38.7449
   13.643
  15.8515
  19.6142
   16.861
  17.2775
  7.72595
  6.87677
   5.4292
  22.8177
  19.7387
  27.8406
  23.2775
  4.94441
  25.9717
  35.3141
  5.00264
  27.3422
  33.6007
  18.0884
  36.9444
  31.2944
   23.293
  58.4361
  44.1129
  26.8927
  38.2198
  23.7888
   7.0987
  7.66769
  8.94911
 0.906695
  12.8147
  13.1798
  1.60844
   2.2029
  46.3511
  25.8179
  21.9948
  69.1553
  35.6536
  9.55973
  34.8481
  50.0693
  2.04139
  15.1833
  62.5597
  36.7335
   4.7659
  23.8336
  32.4689
  3.60844
  4.73533
  39.5537
 0.482047
  16.4382
  23.6001
  13.3272
 0.117775
  24.3635
  9.60185
  7.32138
  2.48034
    11.12
   8.0292
  35.2572
  3.32566
  27.8031
  28.9183
  41.8079
  41.8079
   44.663
  58.7748
  65.7152
  54.9918
  34.0831
 0.868986
  26.0508
  14.9043
   2.5842
 0.612168
  26.7951
     41.5
  19.9617
  37.5378
  32.3608
  10.3954
  3.60844
   40.307
  5.59519
  10.3952
   34.735
  13.5351
  19.5979
  5.78354
  5.12829
  5.99017
  4.86334
  5.66479
  8.82275
  9.89652
  4.40768
  24.5144
  16.0496
  27.3083
  2.17415
 0.574558
  35.0433
  29.1358
  33.0221
  27.2584
  16.0385
   30.019
  23.9154
  22.5077
  31.7378
  22.4437
  41.5034
0.0655919
  25.2982
  33.8104
  3.52955
 0.906695
  6.21645
   4.9218
  1.67212
   7.1756
  35.1473
  33.2755
  31.8314
  31.2334
  24.6971
  38.3707
   4.1662
  22.8101
  6.46835
  4.95076
  51.0738
  59.0636
   32.645
  9.15423
  36.0312
  24.2754
  28.5596
  27.2303
  18.3061
  9.93905
  19.9785
  16.0539
   6.4876
  19.9083
  22.0812
 0.138494
  22.9854
  19.2101
 0.322132
  47.4528
  45.4522
  20.8902
  33.1409
  10.1607
   6.4073
   3.7944
  36.1213
  25.0848
  50.8853
  44.4376
  6.68785
  49.5754
  1.93247
 0.469786
 0.112986
  14.0831
  20.0499
  14.9105
  9.34703
  4.54852
  18.0794
  6.67248
  13.4038