 20.2107
  23.435
 15.0556
 21.1794
 1.85988
 23.8194
 25.2318
 5.19049
 5.05422
 20.1686
  21.717
  12.402
 29.7696
 9.44418
 21.6278
 24.7365
 14.5589
 13.6799
 17.8683
 12.9541
 22.8551
 12.2711
  23.074
 28.3251
  2.8627
 14.0759
 11.6502
 7.98866
 15.0088
 10.7093
 9.71048
 22.9272
 21.8401
 14.9362
   15.77
 10.5638
 40.0934
 13.8511
 10.8623
 18.5036
 2.45538
 10.9189
 24.6692
 26.6699
 11.5299
 18.4399
 51.1551
  50.648
  54.682
 45.2539
 38.7964
 10.7012
 16.3406
 22.6408
 12.8144
 1.11368
 43.8832
 50.5046
 2.98674
 22.8171
 14.8464
 7.44688
 20.3926
 5.46496
 18.5562
 34.9962
 18.1804
 36.2536
 27.0801
 54.1869
 20.2628
 21.7043
 23.5923
 16.5967
 16.0278
 14.6422
 22.5873
 16.6891
 18.4027
 12.0203
 6.71073
 1.84598
  7.5889
 5.83548
 9.72412
 4.19137
0.276226
 17.8126
  12.719
 6.40657
 6.26298
0.808759
 33.6764
 24.9225
 20.5457
 23.9063
  6.5261
 3.13922
 2.20343
 35.8591
  15.046
 23.2146
 25.1571
 24.1292
  17.321
 10.2284
 16.2647
 7.81247
 16.9733
 4.43594
 4.24756
 40.6061
 8.88466
  14.172
 1.03992
 18.7637
 1.72129
 4.08391
 10.7093
 12.3682
 19.6643
 14.3146
 26.5416
 16.3472
 26.4058
 14.8039
 16.5055
 21.4307
 13.2949
 27.3811
 3.62725
 30.5396
 24.4625
 9.67684
 21.6073
  23.078
 13.8678
 7.05449
 19.9824
 11.1822
0.862747
 2.63131
 33.1597
 41.8561
 17.8715
 25.5342
 42.9659
 44.4443
 41.3111
 25.1149
 28.7577
 42.1977
 26.7843
 10.1628
 1.29477
 1.14581
 26.9071
 11.2788
 9.54448
 29.5466
 21.4434
 21.4149
 16.8475
 19.7414
 2.92421
 18.2632
 11.5677
  25.901
 54.6086
 20.8358
 19.6904
 20.0938
 25.3398
 16.3448
 12.4242
 7.28001
 10.1831
 10.7344
 10.4532
 14.7433
 15.9159
 22.1434
 18.0978
 15.1495
 19.5199
 28.6978
 22.4278
  18.174
 7.15147
 13.5412
 15.0993
  7.8534
 15.6184
 10.5521
 13.7294
 17.1087
 17.0941
 25.4534
 26.8323
 20.1135
 2.64722
 11.6826
 1.89463
 18.3357
 5.06804
 3.89104
 20.3997
 11.0732
 28.9992
 23.9751
 16.1471
 19.3526
 14.3402
 23.3786
 20.2596
 23.3175
0.251848
 21.2109
  14.897
 21.5045
 42.1587
 52.2728
  16.226
 6.29595
 24.2017
 5.13671
 20.9333
 14.0279
 5.10689
 23.6814
 20.1519
 12.1093
  12.046
 3.40156
  22.615
 28.0668
 27.3914
 19.4571
 16.2924
 20.9879
 16.6279
 19.5965
 22.7798
 29.5343
 12.4285
 11.6793
  8.8766
 18.7237
 5.55547
 18.7859
 9.61508
 17.7804
 30.8996
  6.6158
 26.0413
 15.8914
 11.9464
 16.7498
 10.1148
 25.6002
 2.33146
 33.2549
 1.27396
 16.0307
 13.4358
 13.4172
 18.7171
 17.0795
 12.1633
 15.8884
 1.09304
 19.9765
 29.2071
 22.3457
  5.9426
 24.7153
 1.22211
 13.2011
 4.88636
 7.16887
 29.7268
 14.4616
 12.5249
 15.3463
 12.5892
 24.3479
 17.6411
 5.04408
 19.1631
 21.1982
 24.5704
 10.3537
 20.0534
 18.9213
 19.3024
 47.6636
 5.40903
 23.0664
 6.86141
 17.0723
 25.0645
 3.35331
 9.43134
 24.1459
 23.5854
 44.2758
   33.58
 22.7287
 20.6099
 13.2405
 22.6436
 14.6328
 28.8406
 23.5761
  21.934
   32.41
 18.2149
 12.7288
  13.002
 14.6149
 25.3461
 24.7274
 22.8246
 6.83616
  21.742
 24.8729
 15.4715
 13.9854
 30.0559
 16.6228
 6.42467
 8.41254
 16.8106
 9.57421
 3.94429
 9.15481
  21.816
 7.78759
 40.2916
0.244738
 24.4676
 8.56099
 21.4417
 28.5522
 50.3363
 54.7716
 5.52648
 4.13143
  2.5159
 7.11759
 4.23081
 40.4905
 6.31354
 12.1403
 21.4803
  3.8268
 8.48839
0.599823
 15.2171
  12.173
 5.18645
 9.23859
 3.75852
 3.00523
 5.33557
 2.12643
 17.9048
 27.1553
 20.1011
 4.86652
 51.2403
 43.4326
 1.16383
 28.6645
  34.105
 28.9519
 26.7386
 42.7393
 30.9867
0.474671
  5.6374
 4.12544
 0.71498
0.277763
 9.26945
 19.9614
 5.25998
 14.8999
 1.46706
 24.2528
 15.5109
  1.3773
 2.28494
 4.29276
 13.8374
 8.99387
 8.64134
  4.0011
  7.6362
 28.6192
 6.24149
 2.10914
 14.0043
  10.866
 13.2241
 11.3512
 3.17601
 28.7268
 14.9686
 6.90097
  38.091
0.236804
 16.0978
 17.6604
 10.0641
 23.8943
0.848327
 3.25976
 37.1792
0.725157
 5.96734
 4.28787
 15.0167
  3.2844
 20.6888
 38.8875
 5.38169
  14.367
 19.0301
 18.9545
 1.64463
 11.4809
 6.27692
 6.92286
 13.1017
  2.6314
 7.35126
0.283671
 23.1353
 14.9979
 21.2251
 11.5432
 6.20204
 17.6226
0.621224
 1.55161
 55.9609
 38.8912
 33.9613
  2.6213
 10.4492
 8.47057
 2.55517
 1.96026
 2.78646
 15.2592
  23.202
 13.3691
 3.98428
 3.85533
 12.2071
 4.94135
0.632517
 2.30572
 1.59601
 54.2904
 21.4431
 11.1787
 13.1017
 3.66981
0.272661
 12.9917
   20.61
0.638331
  2.8315
 16.8671
 2.57695
0.634529
0.549032
 10.0311
 51.2022
 50.6432
0.319931
 24.6924
 8.96665
 13.6072
 19.9686
 1.00964
 8.13343
 11.0318
 23.7002
 13.5527
 24.8042
 24.0684
 22.8515
 11.9633
 43.6463
  28.128
 18.4698
 26.2516
 25.1181
 7.51249
 9.89503
0.754358
 2.40575
 38.2002
 7.40337
 13.0696
 27.1037
  15.161
 6.97258
 7.50964
 23.6124
 14.1185
  10.666
 18.8844
 21.1124
  6.3126
 22.0041
0.786544
 2.24355
 15.2728
 3.05362
 13.8486
  38.053
 27.5042
 25.0798
 36.9721
 19.8509
 29.7292
 9.80308
 32.4294
 24.7109
 47.8772
 23.3488
 29.8206
 20.1334
 31.2576
 10.2355
 56.6931
 59.2947
 2.29639
 27.1141
 15.3381
 25.9581
 3.00947
 1.94936
 7.59971
 6.65694
 20.5088
 36.9517
0.800028
 1.73358
 2.25817
 7.69698
 7.91556
 25.4796
 11.5885
  3.7776
 23.8843
 16.9699
 31.0568
 19.8813
 29.4072
 12.4522
 19.3832
 8.89084
 52.6635
 2.54942
 3.72184
 9.28997
 24.4715
 2.17153
 7.12343
 10.6628
 37.8861
 26.2839
 9.30052
 4.16053
 10.8916
 20.3399
 12.1734
 4.35306
 18.1148
 5.70804
 2.32921
  2.3866
 1.92365
 11.0987
0.179071
 35.8922
 1.15626
 9.34231
 9.50918
 2.80601
 32.9801
 2.15752
 18.0699
 30.7025
0.873505
  6.0218
 1.07196
 16.6446
 36.5469
 39.2507
 44.7645
 4.64881
 6.84595
0.738953
 15.2772
 22.3475
 12.3411
 15.5015
 6.22679
 2.00644
 10.6818
 27.1701
 24.2621
 19.7713
 2.59768
 5.45971
 13.9213
 20.6097
 22.5189
  18.924
 25.0008
  21.065
 3.49477
 4.33113
 3.47137
 1.88834
 32.8407
 5.59296
 3.09277
 6.47953
 9.81814
 1.07849
0.431184
 21.5353
 5.74874
 7.82031
 30.8468
 2.31963
 1.46051
 9.15179
 6.28853
 2.60496
  1.0897
 23.7078
 2.81844
 6.62493
 1.85281
 20.4856
0.952883
   7.864
  28.804
0.835071
 6.41994
 9.36799
 2.07483
 24.6051
 6.34627
 2.34173
 2.15091
0.796261
0.831937
 9.75595
  3.7254
  18.508
  21.652
 12.3975
 26.7819
0.612446
 25.1265
 11.7065
 1.65065
 1.40533
 6.05296
 8.40302
 2.05263
 25.9349
0.712206
 7.11173
 5.64725
 4.39177
 5.75249
 9.05507
 20.7443
 2.16949
 13.2796
 10.6088
 20.5009
 7.00866
 3.09361
 3.88692
 14.9426
 6.94868
 5.64415
 7.18631
 1.15168
 15.0991
  28.972
 24.9955
 6.66102
 9.74069
 21.3184
 5.60937
 1.24829
 5.73341
 11.5949
 2.26393
 5.23538
 1.08216
 11.7358
 3.39188
 3.09597
 4.81298
 23.2574
 26.6381
 6.49523
 7.14892
 25.6188
 9.29252
 8.17502
 3.16478
0.177867
 17.2374
 9.53783
  11.208
  21.544
 7.30437
 4.38814
  21.695
 3.34462
 6.63818
 4.72445
  21.996
 20.2082
 8.82997
 7.71808
 1.20622
 34.9509
 4.33223
 8.78983
 34.3891
 19.5502
 24.0791
 5.20872
   33.49
 2.94171
0.596315
 4.97997
 2.40982
 10.6907
 5.34216
 4.22054
 10.9444
 27.3858
 30.5533
 17.8324
 7.07206
 0.59373
 5.87804
 4.09739
 4.93326
 8.87868
 3.36378
 23.1665
 9.05697
 28.5136
 23.7982
 13.7271
0.407358
 11.2282
 31.5282
 11.4303
 1.15635
 17.9581
 33.2248
 5.96597
 2.69896
 4.13533
 6.57177
0.125174
0.154142
 0.85944
 21.8447
 21.0923
 19.5814
 26.0309
 19.2481
 1.63315
 4.14303
 1.75746
 11.0497
 9.06643
 11.7165
  10.531
 8.65101
 12.7936
 13.2379
 4.92873
 14.9609
 11.0646
 20.9099
 3.15521
 3.36569
 25.3001
 6.88787
 6.33847
 5.72053
 1.90159
 15.2868
 9.15554
 8.96842
 4.90273
 20.8243
 12.9403
 10.9816
 44.2127
 31.3584
 3.38193
0.885697
   15.72
 5.47004
   33.37
  19.212
 4.64643
 14.6054
 20.4935
 9.31779
  9.6175
 27.6186
 11.0014
 14.8961
 21.1692
 4.73456
 5.30273
 8.99416
 21.9721
 1.47025
 10.5662
 11.0589
 0.82401
0.220669
 33.0099
 2.39069
 24.2354
 13.7867
 12.6105
 17.4022
 10.4485
 12.7559
 16.7264
 1.65778
 8.02005
 3.45246
  26.313
 7.96518
 1.19461
 35.4933
 8.26821
 14.2793
 33.5078
 22.3885
  22.256
 7.36812
 26.0371
 9.06262
 9.18842
 9.09854
 24.2071
  51.399
 24.7761
 29.6092
 15.6661
 23.3404
 23.7932
 20.5482
 16.7192
 19.2652
 8.44875
 23.3072
  21.093
 5.57505
 23.4132
 10.4592
0.828672
 11.8552
 11.5606
  20.335
  27.786
 21.0953
 9.03493
 14.0831
 2.65932
 40.7173
 31.2915
 45.8287
 20.0098
 28.1825
 19.7626
 27.2035
 15.8698
 27.1644
 4.12159
 5.59148
 21.0971
 19.6599
 20.3096
 44.2606
 16.2018
 11.8611
 14.0115
 29.3617
 28.4588
  34.375
 28.7081
0.609935
 1.22139
 23.6639
 20.0495
 23.9556
 22.0684
 2.53993
 18.9405
 4.76862
 22.5318
 23.7193
 8.89409
 6.83295
 0.80236
 16.3667
 14.7162
 11.7338
 28.8164
  40.205
 2.64394
 2.96354
 19.5424
  22.821
 28.4988
 35.4067
 32.1918
 18.5887
 43.9997
 2.59594
 1.81607
 20.8699
 10.4206
 6.48453
 13.7073
 26.2037
 26.5376
  24.124
 2.30245
 11.1068
 34.4046
 24.7063
 1.71975
 5.81521
  17.056
  2.9977
 10.9192
 14.0262
 21.2997
 2.48119
 7.40033
 11.1247
 27.9998
 26.0073
 6.01624
 14.1147
 4.01389
 39.1945
 8.00731
 5.11063
 10.4128
 12.1034
 3.44443
 10.4064
 37.8949
 1.51306
 9.41078
 20.2505
 27.7774
 16.0458
 3.09206
 3.50552
 9.34413
 2.98658
  12.507
 15.3812
 12.9201
 20.7131
 27.2077
  27.428
 5.04916
  19.392
 24.2626
 26.9576
 5.25187
 4.20587
 16.2766
 16.0572
 10.7064
 19.2391
  10.294
 15.3855
  8.8597
 4.83416
 1.64249
 3.45489
 24.4755
 28.8361
 15.9363
 6.68471
 10.3211
 14.3169
 22.8276
 5.53699
  11.064
 28.1307
 27.2096
 10.2859
 9.09448
0.946071
 4.17097
 29.9334
 28.4626
 2.65752
 18.0676
 10.2653
 16.3191
 2.07803
 20.5367
 18.8624
 21.6321
 12.1787
 12.2132
 17.2123
 11.2371
 25.9405
  22.115
 2.97893
 9.19457
  10.587
 27.1823
 2.14066
 22.3096
  17.162
 4.31223
 13.6424
 17.4205
 15.9156
 16.0143
0.331532
 8.25601
 16.9577
 46.4653
 26.6165
 2.95764
 13.3472
 11.3128
 20.4567
 7.84635
  3.0603
 9.34815
 5.62591
 27.0601
 10.4414
 3.72052
 9.24807
 5.39907
 17.4029
 9.09691
 15.8204
 8.41766
 11.0286
 11.2661
 11.3764
 8.43862
 17.6583
 5.94672
 15.5072
 15.8061
 7.15361
 3.63127
 1.98758
 7.62066
 10.8532
 25.5972
 13.3062
 9.71182
0.444039
0.444182
 35.6749
 9.06836
 20.1452
 19.3078
 26.6113
 17.7743
 3.42475
0.939291
 7.06253
 1.94031
  5.0166
0.287577
 21.1672
 22.7329
 23.2527
  12.836
 11.1909
 20.0081
0.379198
 15.3023
   1.393
 14.2717
 7.81769
 10.3815
 13.1659
 4.92241
 17.9549
 28.3689
 44.7647
 1.51908
 13.6511
 4.54835
  13.119
 11.2359
 18.1443
 24.1499
 13.0656
 2.82736
 16.6861
 13.6153
 16.8323
  19.052
 3.94855
 3.06356
 12.9369
 13.1203
 15.1292
 21.0226
  1.6697
 8.25181
 5.61994
 17.0167
 23.5412
 10.2071
 5.21903
  15.957
  8.8292
 13.5331
  19.054
 25.1521
 26.6398
 9.79634
 22.7104
 21.8947
 7.88429
 8.74125
 20.8557
 14.6938
 18.4465
 9.96766
 1.64039
  11.235
 1.05766
 32.0647
 2.95431
 42.6975
 11.8833
 25.3809
 23.3738
 14.2649
 17.4364
 12.9026
 2.36702
 2.70463
 31.9649
 38.1579
 41.3094
 34.7697
 27.0444
 2.13664
 19.9362
 2.50653
 10.9339
 1.82051
 2.29016
 3.77658
 5.50377
 22.0659
0.669756
 28.3697
   22.21
 23.9756
 32.4809
 13.6278
  37.067
 33.9895
 35.3943
 24.1319
 28.6627
 16.7082
 18.8855
 4.21835
 11.4831
 2.12888
 8.79888
 23.9718
 10.2303
 4.23646
  3.0651
 25.0119
 12.8992
 1.80444
 8.82395
 33.4058
 36.1195
 12.0977
  4.8195
 9.16928
 37.2558
 15.3474
 8.86777
 7.35439
 21.0973
 20.5251
 40.0427
   36.32
 13.2423
 50.4583
 24.3178
 26.4757
 33.1351
 33.1697
 35.8607
  35.586
  31.192
 19.8752