  12.8067
  19.5274
  32.4813
  21.2993
  26.3387
  24.8642
  45.1919
  32.1967
  40.1985
  9.06166
  12.3464
  22.8577
  32.1699
  23.5157
  20.4541
  28.8431
   34.701
 0.492933
  10.2949
  1.09605
  17.3088
  24.7386
  21.5172
  6.64673
  30.6659
  49.1483
  8.19691
   17.586
  17.1146
   4.5633
  3.61541
   1.3356
  21.8788
  8.62027
   31.864
  36.3461
  34.2899
  35.9211
  24.2304
  34.0678
  1.69765
  7.38379
  1.71085
  4.79061
  13.4823
  21.9084
  31.1827
  34.9688
  36.6973
  9.97359
  3.53237
  16.4606
  14.7719
  36.8537
  16.0887
  11.6305
  8.70299
  5.67636
  27.2031
  2.96488
  9.95831
  3.78116
  28.8937
  9.85357
  10.2234
   3.8736
  2.62069
   11.959
  1.12721
   3.2326
  3.69279
  8.03827
   5.3469
  23.4428
  18.2512
  30.6098
  11.2817
  3.41395
  18.2228
  17.7404
  17.6342
  18.7121
  2.40752
  2.44416
  31.0863
  34.9536
  16.7124
  26.1724
  7.37193
  22.3925
  5.23216
  18.6853
  31.9422
  27.1937
  24.0985
  25.6127
  2.27506
  34.9976
  8.54509
 0.754877
  5.95491
  4.33733
  0.72226
  19.8589
  22.6354
  8.18883
  6.72363
  1.71076
   4.1192
  5.49522
  6.72021
  10.8136
  4.82543
  1.05882
  31.2107
  1.00005
  13.2368
  14.7851
  14.5374
  7.89956
  3.59623
  31.6744
  8.62318
  7.58611
  14.8505
  13.7982
  28.0332
  29.0337
  8.07899
  11.5638
  16.8692
  4.69455
  13.8275
  18.1622
   12.882
  11.8662
  4.15618
  6.63252
  21.9805
0.0251494
  4.16541
  8.91779
  3.05528
  8.04038
  19.7279
  3.98878
   2.9151
  1.07641
  10.1243
   12.358
  4.71014
  13.9968
  22.2636
  1.91412
 0.300398
  21.5473
  3.47824
0.0818989
  17.0615
  15.9257
  23.2634
   10.652
  9.90672
  10.4827
  2.13875
  3.57601
  31.3998
   25.764
  26.6519
  7.56369
0.0277746
  13.3113
  4.72828
  2.73332
  9.79805
 0.455249
   2.5248
  44.5516
  14.5088
  19.0447
  2.76906
 0.506065
  1.69474
  1.23604
  6.60981
   2.4798
  22.1497
   10.577
  29.7544
  19.4154
  27.6412
  16.9737
  16.9471
   5.9925
  8.14484
  1.16936
   2.7695
  5.31157
  1.20388
  14.1382
  14.2264
  12.7173
  3.69952
  3.24169
  32.4344
  21.7377
 0.113394
  1.22355
 0.744378
  13.2276
 0.984698
 0.455023
  1.05785
 0.303954
  3.13081
  28.3306
 0.601072
  14.9604
  3.52223
  5.34575
  5.44098
  13.7721
  4.79441
  13.6185
  5.60575
  29.9336
  34.0921
  12.1647
  9.84243
  2.42287
  9.19475
  1.41777
  28.9872
  1.81189
  1.21139
0.0195677
  16.8211
   2.3352
0.0501286
  10.8146
  6.95518
  15.5813
  6.72483
  9.03292
  12.8284
  8.77184
  49.9677
  38.3099
  1.06189
   6.8085
   2.5194
  4.09792
  2.68719
  11.1023
  5.79095
  2.85639
  7.64449
  12.0385
  9.63556
  12.9041
  34.0197
  1.87159
  1.70787
  5.27318
  1.26365
  1.66472
  1.02129
  11.1321
  1.48686
  3.39187
   27.642
  47.0746
  26.3705
  30.3501
  13.4818
  10.3263
  3.31936
  12.8666
 0.270496
  3.56484
   16.105
  12.1026
  7.16011
  25.5769
  8.45961
  38.9863
   18.466
  30.1867
  12.7409
 0.717001
  5.08642
  25.6662
  25.4246
  20.3117
  15.0375
  7.35113
   16.474
  24.5009
   4.7372
  2.86223
  6.90938
  9.46795
  5.58609
  9.87898
   4.5813
  5.42668
  4.36603
  5.31609
  9.11632
 0.834118
  10.2458
 0.647515
  2.78648
 0.792511
  6.46763
  3.14835
  14.3288
  19.9093
  23.1885
  4.33347
  31.4953
  38.7541
  4.88759
  6.74731
  3.91794
  7.20577
  7.34038
  32.5516
 0.862171
  28.6363
  13.7361
  36.9074
  38.5263
  11.1438
   7.4033
  28.0698
  15.2579
  5.84674
  5.41779
  1.71692
  1.14822
  33.8699
  7.37496
  30.5132
  6.82297
 0.721198
  6.98372
  20.2523
  2.81404
  16.3225
  1.90925
  6.11858
  6.27636
  13.2337
 0.996063
  14.6879
  7.81808
 0.842894
  2.83884
  8.19159
  28.2164
  1.81449
  9.74214
  29.5662
0.0449125
  33.3447
  32.9009
  26.6369
   34.369
  36.8701
  33.9945
  3.30243
  14.3033
  20.1314
  6.40698
  35.7593
  41.7445
  16.5274
  24.6874
  8.29885
  12.9698
  3.86063
  9.76825
  23.3057
  27.1087
  17.8622
  1.20808
  17.4326
  38.0482
  0.79444
   2.1601
  33.1003
  2.91149
  9.44632
  3.57706
  40.3706
  30.7528
  36.4551
  9.86604
    1.048
  6.15214
  1.71512
  13.3993
  4.54893
  2.45402
  26.6084
  2.39199
  9.51197
 0.703121
  1.08055
  9.35756
  2.93242
  10.3948
 0.345847
  1.84331
  20.7918
  4.40926
  10.8109
  33.2166
  27.5782
  7.08398
  12.7832
  2.53408
  7.23088
  2.91399
  11.4594
  11.2854
  0.44509
  3.15079
    33.21
   26.613
  9.40984
    4.369
   28.112
  8.39084
  5.83445
  4.86985
   6.6273
  1.48308
  15.6295
  9.93042
  2.78176
  15.7641
  17.6674
  14.2999
  15.0054
  5.96878
  30.4817
  32.9573
  28.0373
   14.853
  28.8629
  1.95647
  13.8927
  9.98586
  21.9551
  2.45036
  1.61225
   1.8229
 0.842098
 0.225851
  4.18816
  0.67211
  12.4867
  3.64054
 0.861209
 0.909051
  5.12756
  3.01915
  6.34602
  30.6621
  3.56616
 0.313059
  5.93829
  24.6654
  4.62865
  5.58765
  28.6079
  36.8471
  4.41551
  13.9823
  23.0755
  5.63546
  10.5225
  1.86872
  10.0887
  2.97362
  1.07903
  7.82667
  7.82667
  1.24845
  2.37507
  6.38288
  7.94068
  22.9682
  31.7755
  8.52874
  2.85793
  7.21948
  7.70807
   4.1679
   8.0231
  1.13836
  6.94219
  6.34602
  13.5603
  2.83482
  7.98703
  18.8723
  1.72364
  24.7826
  33.7726
  34.4366
  7.28639
  32.0227
  33.2187
  21.2827
  1.55119
  1.63318
  4.76559
  12.0389
  17.6824
  14.9933
  6.70526
  14.8898
  5.18388
  9.31966
  23.1665
  5.18571
  4.06608
  3.63118
  6.94956
  9.13115
  5.71976
    3.996
  2.50818
  18.3626
  5.47415
  32.5537
  10.8109
  10.0078
  14.6471
  1.21583
  9.38191
 0.747592
  3.51467
  1.36026
  2.69461
  6.38992
  22.4956
  7.38195
  8.60756
  3.97272
 0.628572
   5.3781
  29.2735
 0.402226
  7.67646
  6.90275
  5.98677
  8.78508
  22.5182
  7.11698
  4.91641
  16.1926
  4.40721
  4.02281
  1.16703
  1.41894
  7.26732
  3.95367
   5.7278
  8.73766
  20.0874
  28.0989
  7.82411
  6.65158
  21.2315
  10.8945
 0.194026
  5.32262
  24.6201
  9.99357
  4.03942
  9.70619
0.0675254
  36.4875
  7.20508
  5.46349
  7.96711
  16.4292
  11.2092
  15.9893
  13.6167
  6.28255
  18.2597
  5.97997
  2.37693
 0.452914
 0.596364
  26.4688
  7.60335
  29.3605
   2.4451
  7.68596
   4.7506
  6.06613
  17.7331
  27.4616
  44.2381
  6.18644
  2.84371
  20.7085
  26.5409
  25.6464
  7.63918
  1.62552
  21.8923
  11.2088
  18.9403
  19.8128
  14.9072
  36.4622
  30.4734
  3.87564
  1.36163
  12.2496
0.0431537
 0.943365
  3.42945
 0.276525
  12.7198
  3.12516
  33.3501
   35.221
  3.50302
  30.2189
  1.09142
  7.01199
  3.87698
  5.38907
  26.0617
  28.4162
  17.1743
   2.8407
  5.05379
   21.983
  27.5243
  28.6976
   14.427
  21.6119
  29.1285
   30.339
  27.1272
  35.7196
  18.1694
  17.1581
  15.5507
  8.41391
   2.4301
  1.92886
  2.66036
  23.1359
  25.7556
  12.2457
  10.0307
  4.97167
  10.1099
   26.411
  20.5027
  26.7556
  21.5852
  31.3532
   33.448
  31.1852
  16.8981
  7.02009
 0.879062
  20.0903
  20.1155
  12.9492
  11.5639
  6.26944
  27.7685
  29.3444
  21.7476
  24.7358
  5.36485
  24.6365
  6.40114
  3.82895
 0.906942
  15.2305
  2.10017
  1.78351
  17.6789
  4.64675
   22.384
  22.1158
  4.98544
  24.8536
  2.20944
   9.6819
  6.07906
 0.681066
  13.8927
  9.38656
  8.16957
  5.61156
  21.8488
  25.0372
  1.37096
  20.5525
  7.41276
  34.3587
  36.9523
  4.71599
  17.9153
  15.3424
 0.778614
  5.43263
  3.91148
  27.8863
  31.6253
  32.8956
  9.10411
  17.5015
  19.2207
  7.17606
  9.89468
  10.7454
  9.86791
  17.6662
  7.40195
  3.62407
  21.3318
  8.84359
    3.073
  5.84303
  3.72944
 0.339501
  3.71561
  32.2138
  14.0599
  33.6434
  2.77442
  26.7423
  18.3974
  32.1467
  20.6538
 0.856541
  27.6134
  21.2304
  5.32659
  9.21472
 0.982215
  10.7015
  25.9625
   21.809
  22.5276
  9.72823
  2.70681
  4.28821
  4.23862
  18.9586
  21.6654
  20.1871
  25.2346
   17.847
  5.36485
  16.3682
  3.30413
  4.67656
  11.5975
  26.0512
  22.2334
  18.6172
  5.36774
  16.0518
  18.1482
  4.05281
  26.8537
 0.845378
  8.95921
  3.61505
  12.1557
  3.12744
  9.28645
  9.35623
  8.96279
   7.6418
 0.982215
  1.10007
 0.295909
  26.2002
  14.1262
  22.4715
  1.22037
  2.22008
  6.37879
  13.6889
  2.37787
  6.72061
  11.8536
  6.63181