2.90543
3.67952
5.85139
6.32592
 7.7511
7.98315
8.73928
9.68059
10.3872
11.0485
12.3375
12.5367
12.8764
12.9439
13.0232
13.0761
13.1589
13.3803
14.0471
14.7256
15.1319
 15.292
 15.361
15.4615
15.6916
 16.029
16.4486
16.4611
 17.726
17.9343
18.0269
18.2158
18.2701
19.0298
19.4624
19.4946
19.5588
19.8476
 19.936
19.9769
20.1159
21.5004
21.6313
21.9584
22.6106
22.8911
23.0523
 23.473
23.7389
24.8332
 25.035
25.2339
25.3112
25.4952
25.5163
25.5847
25.7343
25.9344
26.1801
26.2296
26.2845
26.6165
26.6611
  27.08
27.0858
27.3433
27.4507
27.7868
28.0236
28.2682
29.3762
29.5289
29.5891
29.7605
 29.886
30.1986
30.2528
30.5915
 30.593
30.6669
31.1206
   31.2
31.4236
31.4609
31.4858
31.5719
31.7631
 31.769
32.1912
32.3269
32.8089
32.9534
32.9784
  33.18
 33.593
 33.648
33.6554
33.9065
34.0158
 34.056
34.4152
34.9515
35.0243
35.3521
 35.817
35.8432
36.2655
36.3222
 36.371
36.6127
37.0506
37.5655
37.7208
37.9643
38.1164
38.1267
38.2101
38.3399
38.4037
38.5886
 39.066
39.2576
39.5608
39.7781
 39.872
39.9296
39.9386
40.0635
40.1468
40.3278
40.4128
 40.521
40.6434
40.6604
40.6677
40.6865
41.2555
41.3437
41.3533
41.6325
41.6567
42.0194
42.0239
42.0378
42.0594
42.0718
42.1649
42.2442
42.3863
42.6825
42.8197
42.8963
42.9894
43.1383
44.0871
44.1185
44.1269
44.1804
 44.234
 44.236
44.4684
44.6037
44.9883
45.2874
45.5802
 46.054
46.1245
46.1984
46.2714
 46.303
46.3908
46.5986
46.6584
46.9156
47.0304
47.1225
47.5925
47.6211
47.6289
47.7769
48.3281
48.8389
49.1031
49.1469
49.1807
49.2199
49.2872
 49.328
49.5435
 49.612
49.7317
49.7964
50.1115
50.1599
50.3142
50.4599
 50.526
50.5829
50.7292
51.4725
 51.645
51.7975
51.9133
51.9788
52.2012
52.5438
52.6288
52.9035
53.0538
53.1459
53.3416
53.4775
   53.6
 53.606
53.8175
54.1012
54.1736
54.2433
54.3045
54.3687
 54.611
54.7179
54.9342
55.0178
55.0208
55.4694
55.7372
55.7898
 56.389
56.7265
56.9821
57.0175
57.0632
57.1916
58.2181
  58.35
59.3347
59.6755
59.8517
60.6216
60.9847
61.0195
61.3468
61.8626
61.9688
62.0591
62.0698
62.1881
63.0544
63.3849
 63.394
 63.485
63.6025
63.6984
64.1995
64.4317
64.4925
65.0755
65.2503
 65.533
65.6288
65.6992
 66.195
66.7413
66.7684
67.0367
 67.726
67.8118
 67.812
67.8183
68.0991
 68.168
68.3846
68.8312
68.8853
69.1891
69.2844
 69.422
69.5227
69.6266
70.0701
70.3156
71.0594
71.1535
71.7483
72.1215
72.1284
72.1446
72.7228
72.7999
72.9557
73.2707
 73.526
74.0701
74.5288
74.5622
75.1649
75.2512
75.2575
75.5507
75.6239
75.7699
75.8308
76.1922
76.4532
76.4568
77.0891
77.2056
77.2173
77.2372
77.2986
77.3409
77.4835
77.9831
78.3361
 79.199
79.4733
79.5498
79.8617
79.8923
80.3656
80.6721
80.7837
81.6293
81.6356
81.8083
82.0528
82.5486
82.5699
82.5842
82.6992
84.0268
84.1019
84.4002
84.8358
84.9682
85.0781
85.1441
85.3904
85.3968
85.9635
86.2505
87.1818
87.3892
87.9559
88.1122
88.2509
 88.354
88.6859
 88.887
89.0586
89.9209