 15.7137
 13.1916
 25.6664
 6.68389
 10.9032
 10.9288
 9.38798
 6.59858
 11.0038
 12.5034
 10.9085
 11.5428
0.795823
 7.96921
 8.76408
  40.192
 31.9311
 4.53797
 4.36157
 14.2471
 15.2364
 4.47149
 4.56999
 8.55648
 8.95021
 8.26874
 6.01025
 8.81732
 7.32883
 1.18256
0.730535
 14.1396
  5.0263
  31.086
  32.212
 40.9871
 30.3914
 23.2955
 25.0758
   14.89
 28.8695
 25.5838
 25.2189
 14.7758
 28.5469
 18.2319
 12.4169
 27.3061
 18.6316
 10.9997
 28.0797
  15.101
 81.9136
 68.1558
 80.1948
 85.5204
 67.5247
 12.5795
 21.1928
 16.3563
 27.8131
  19.837
 12.2154
 70.7231
 77.7859
 32.6175
 21.9946
 16.8778
 29.7682
 19.8301
 20.6566
 29.0462
 27.5925
 2.50938
 9.43797
 37.8092
  24.137
 5.34406
 7.61588
 27.4747
 24.1485
  8.7034
 4.39251
 4.18392
 9.86539
 2.39204
  7.4904
 6.44803
 10.7729
  10.514
 10.4909
 19.7048
 20.9436
 18.0419
 5.28174
  8.7032
 3.32142
  9.9587
 7.33931
 5.70332
 12.7032
 14.7291
 7.19423
 4.92816
 6.78135
 14.5391
 9.24014
 8.34521
 3.37395
 11.7076
 9.71526
 12.8977
 9.27641
 11.5065
0.777032
 10.8883
 2.27118
  21.799
  24.646
 10.0354
 2.63808
0.151397
 13.4923
 1.67461
 3.47437
   10.36
 11.1428
 8.10724
  1.4332
0.602525
0.191992
 2.16563
 5.72149
 12.3764
 6.97019
 8.68749
 3.06438
 3.54835
 3.90778
0.464772
 23.9402
 24.2976
 8.04697
 5.85103
 2.60729
 1.69297
 8.26304
 6.67725
 4.02923
 7.21849
  13.185
 9.89604
 13.6432
 6.61997
 2.71563
 1.61965
 4.39768
 8.72493
 52.0573
 50.9364
 32.6129
 16.2784
 22.2181
 28.4618
 13.4115
 22.8302
 18.2377
 22.3797
 26.2192
 49.6098
 28.8888
 25.7368
 17.4314
 23.4794
 24.0249
 17.7259
 44.6485
 21.7612
 34.4423
 21.8168
 49.9648
 82.7513
 81.0363
 15.6093
 27.1681
  45.536
 41.5539
 17.2748
 46.6633
  55.323
 15.1012
 21.8918
  2.2985
 6.35582
 1.90705
 41.7661
 41.2036
 1.70853
 26.4538
 27.8374
0.771829
 27.7017
 41.7956
0.990787
 4.46345
 9.43205
0.819408
 28.2921
 17.5222
 10.1182
 7.25468
 5.49908
 5.13915
 9.67424
0.100004
 8.73069
 3.32142
 5.08477
 18.4465
 26.5391
 16.1956
 31.7903
 15.7258
 19.3649
 12.5685
 27.8819
 28.5863
 24.6108
  15.576
 31.3771
 5.50479
 2.87376
 27.0871
 26.4666
 28.6791
 30.0624
  64.514
 76.6533
 23.3063
 43.8037
 25.0672
 21.4343
 27.6392
 13.1724
 28.0447
 66.0874
 75.4845
 26.5963
 12.9881
 16.4767
 31.3382
 15.2411
 16.2909
 12.9895
 17.6698
 10.3316
 11.6571
 6.41673
 6.20603
 3.96224
 2.84217
 27.1661
 17.2404
0.658006
0.231362
 1.31633
  16.711
 6.00338
 1.45306
 6.19543
 7.67231
  1.1019
   15.01
 9.84868
 8.11699
 3.12654
0.386288
 1.46936
 1.41971
  12.964
 8.66058
 5.02088
 10.5551
 45.1779
 22.0624
 9.09155
 8.57981
 4.89425
 8.26647
 20.6331
 0.58689
 29.8551
 9.92327
 9.72587
 7.75263
  6.5532
 12.3869
 12.1532
 2.34161
0.338999
 19.0662
 26.4967
 14.2179
 15.0305
 9.04561
 4.61069
 2.02383
 6.30286
 11.7583
  1.2299
 5.94854
 3.14819
 9.28759
 14.3226
 10.9724
 1.88865
 4.97544
 5.04407
 3.64667
 22.8396
 5.62929
 5.39924
 20.2501
 11.0971
 2.04838
0.183643
 7.96707
 3.78675
 5.87514
 38.6465
 10.3965
 27.1796
 37.8089
 27.6791
 18.5886
 14.7447
 24.5444
 26.4563
  28.001
 32.0833
  45.724
  12.339
 18.0256
 23.9359
   47.37
  22.623
 22.6106
 28.5623
 40.0326
 24.9858
 47.1875
 74.6843
 72.0848
 27.2364
  31.407
 29.0207
 19.1677
 29.2607
 2.76975
 10.3225
 67.8637
 33.6151
 26.4898
 50.1105
 33.8552
 17.0484
  42.346
 50.5365
 11.5227
 14.5947
0.438216
 9.10941
 10.0588
 5.38873
 7.89171
 27.3033
 38.6149
  1.9259
 4.39817
 4.28723
 2.53581
0.659375
  9.2996
 5.47908
  27.925
 14.3084
 11.9207
 32.7175
 17.9315
 20.5407
  22.123
 22.0233
 20.7799
 14.9008
  1.8313
 2.70289
 9.14269
 8.30075
 11.3126
 5.30659
0.999747
 1.16875
 2.52095
 7.05567
 7.13725
 8.15612
 8.82201
 2.16262
 9.04892
 8.70701
 6.07254
 1.23646
0.592085
 21.0005
  21.866
 15.1263
 3.20797
0.977321
 4.22749
 1.35097
 8.03405
 6.35162
 4.44283
 3.21555
 4.01612
 9.50581
  20.742
0.924771
0.290193
 4.35333
 22.8166
 45.1441
 11.3202
 1.79164
 14.6254
 1.69126
 10.7755
 15.2296
 6.10984
 7.03181
 10.5841
 1.03371
 1.15005
 1.46023
 4.14414
 17.4178
 5.60722
 1.73102
 7.86002
 10.5605
 17.6701
 23.8262
 32.7436
 18.0528
 23.4901
 33.2563
 27.3414
 18.4303
 20.6579
  68.937
 35.6162
 14.6481
 27.7083
 16.5327
 19.3255
  27.465
  46.334
 35.9424
 60.0368
  61.946
 60.0252
 1.46813
 18.8501
 20.3127
 14.2396
 24.7952
 15.5582
 27.2364
 23.2541
 76.0859
 20.5626
 49.0217
 13.8447
 37.1371
  48.439
 6.10841
 17.3419
 3.13758
 38.3811
 1.69914
 6.81865
  6.1419
 14.9834
 15.0278
 53.1493
 46.9404
 10.3043
 13.4846
 20.1747
 8.67374
 25.6024
 29.3045
 14.2739
 14.2268
 11.1039
 5.54691
 7.24714
 10.4405
 3.78576
 3.62984
 12.2798
 4.38912
 11.4839
 8.37514
 3.65124
 4.13882
  2.0509
  4.3312
 6.23525
 7.29947
 3.04638
 25.1895
  3.4029
 28.4408
 3.21252
 6.63031
 7.75571
0.542906
 22.9942
 8.14615
 7.34313
 5.63801
 11.2223
 8.28505
0.943303
 3.93923
 7.47624
 23.0347
 18.9672
 11.5755
0.907907
 7.05748
 8.99237
 2.07684
 37.5979
  24.093
  16.181
 10.3875
 28.2951
 22.1724
 22.6613
 18.5698
 23.5272
 22.6861
 50.0248
 27.6495
 36.2683
 82.7113
 18.8615
 22.5084
 11.0977
 18.9016
 12.6045
 61.8596
 68.6957
 21.6489
 46.1684
 44.3522
 23.4902
 27.4439
 30.0674
 2.32721
 15.0257
 11.3684
 24.7257
 10.3239
  42.895
 3.42164
 4.11488
 44.7932
 15.5227
 8.47801
 4.57125
 8.51437
  1.6919
 36.7862
 41.6949
 29.6301
 28.3173
 21.6726
 27.2098
 9.27658
  21.091
 42.4107
 11.0337
 13.9622
 6.65405
 14.5978
 24.3284
  31.485
 39.9218
 8.48897
 29.5274
 27.4868
 27.4058
 1.94826
 5.63844
 5.92187
 29.2998
 5.53536
 36.2951
 2.97998
 9.72262
 32.3606
 9.79494
 12.4147
 42.9592
 17.4865
   37.37
 14.6467
 18.4423
 10.4844
 26.7483
 23.8788
 15.8413
 26.8101
 12.2732
 3.63717
 32.8494
 14.2086
 30.6293
 56.1592
 6.16497
 45.1141
 33.6768
 3.52905
 6.45009
  10.299
 1.32095
 44.4134
 3.63377
 26.2191
 35.8775
 34.9457
 55.4197
  36.068
 32.0269
 48.5866
 52.0491
  8.5108
 23.3556
 36.0842
 9.24105
 18.3465
 37.1702
 36.3912
 32.3437
 15.5909
 11.3683
 52.8996
 15.6827
 15.9117
  2.0731
 6.21255
 51.2215
 35.3725
 42.5881
 50.9175
 2.77778
 34.9591
 22.8724
 22.3506
 35.5825
 12.1314
  27.158
 31.2493
 9.19543
 25.7628
 24.0861
 4.68913
0.913173
 12.9947
 45.8789
 48.8124
 3.54455
 37.0367
 2.72726
 11.2836
 2.14369
0.611732
 7.49649
 10.2501
  4.6152
 8.29681
 16.3828
 2.26562
 10.2295
 2.48716
 23.1118
 1.82124
0.669679
 7.98492
 12.3943
 16.2583
 50.3463
 25.4696
 7.83966
  9.5373
 1.41976
 9.75923
  1.7134
0.725872
 12.8012
 1.46175
 82.7697
 17.8658
 8.24849
  2.3238
 5.59853
 4.59356
 10.3279
 5.55629
 15.8288
  21.409
 13.7205
 11.5292
 28.9631
  7.0601
 29.2852
 24.4622
 29.8272
 18.4817
 48.7492
 42.0578
 5.22605
 31.7744
 6.90727
 12.3409
 31.6959
 13.3301
  7.1667
 27.9648
 11.7009
 14.9317
 6.81215
 31.8018
 0.45988
 42.2378
 10.4414
 3.76094
 38.7162
 26.5274
 1.35495
 14.1163
 6.79592
 33.6157
 11.6739
 55.2042
 24.9208
 50.1243
 42.7576
 27.0244
 10.6264
 6.28173
 1.40797
  30.392
 29.9131
 23.1321
 27.5934
 28.7092
 4.79417
 25.4725
 32.1243
 34.1766
 30.8678
 5.31366
 11.5938
 2.69974
 26.2315
 6.72447
 42.1528
 7.84154
 6.74116
 4.31166
 25.6548
 25.4238
 25.9507
 4.37407
 16.8215
 55.5144
 40.9601
 21.4452
 13.9632
 41.0597
 11.3724
 10.2437
 9.85885
 34.3658
 6.53425
 22.4831
 18.5418
 3.13741
 35.6687
 4.37837
 4.55504
 34.6072
 34.7921
 38.0204
 25.5996
 22.2043
 17.7473
 22.2977
  32.078
  48.169
 54.2764
 6.42588
 34.7083
 9.52042
 7.30108
 6.09145
 11.5991
 4.09344
 4.96361
0.943552
 1.27281
 16.5638
 38.1871
 41.1389
 29.4345
 36.5401
  2.1542
 38.1962
 50.2851
 10.7645
0.813356
 4.40211
 41.2168
 25.9104
 53.4274
 48.8777
 22.0923
 28.1504
  40.388
 44.6876
 72.1548
 38.8058
 49.0357
 1.44361
 7.78639
 12.9072
 42.2061
 39.5488
 34.8953
 27.8616
 8.35565
 10.5005
  1.2648
 27.9877
 21.0526
 61.6812
 34.8344
 22.4284
 23.0271
 21.1925
 64.9643
 5.13103
 10.9608
0.789852
 9.71618
 5.07751
 3.50788
 48.5938
 6.45362
 21.0566
 11.7574
 1.34051
 19.7247
 33.4368
 4.09656
 17.7116
 3.89379
  4.1692
 8.17534
 17.8506
  9.9232
  20.718
 30.1937
 1.51847
 18.5579
 49.8335
 33.6568
  4.1692
 32.1778
 4.40957
 34.5287
 39.1158
 38.4813