  5.13535
  4.28036
  17.1822
   17.166
  28.3652
  28.3835
  19.7347
  25.7102
  28.1433
  25.4854
   28.965
  29.2661
  29.0359
  21.9766
  24.6934
  23.8224
  26.2913
  27.3567
  29.7092
  22.2521
  24.9267
   26.268
   20.954
  22.6536
  22.1679
  20.6683
  20.7638
  26.2309
  25.9107
  24.8424
   28.646
  28.1268
  27.4003
  35.8069
  26.2433
  25.7927
   28.956
  21.4425
  3.92082
 0.514098
  17.7247
  15.7883
  17.9208
   16.541
  21.6963
  9.40719
  3.92397
  14.5075
  14.6954
  17.7333
  19.2991
  15.7993
  20.3784
  15.6854
   6.8041
  12.8711
  15.9697
  10.6478
  5.97358
  6.55637
  29.3365
  31.1902
  27.4491
  9.67183
  9.03461
  11.3175
  12.9371
  1.48625
  1.82489
   2.9839
  7.82934
  1.07345
   5.8767
  35.3873
  19.2684
  29.9124
  26.4697
  4.45175
  2.04804
  3.76101
  9.14048
  8.64171
  9.55982
  2.96137
  6.55377
  4.69197
  22.3855
   13.821
  7.39446
  5.70182
  3.55132
  14.4139
  15.1433
   18.503
  27.7148
  28.6959
  23.5133
  24.1501
  27.0277
  10.8348
  7.18591
  25.2491
  18.4032
  22.5686
  35.0521
  27.1017
  28.1116
  28.2672
  23.7971
   30.512
  7.96439
  6.62127
  7.36094
  8.22513
  14.6108
   34.814
  34.8134
  21.3802
  20.5085
   20.975
   21.548
  24.1902
  11.0905
  11.2493
  29.8442
  31.6463
  28.2688
    26.49
  29.1704
  35.4597
  28.9478
  30.6765
  6.72505
   14.091
  2.95674
  2.48869
  4.31148
  5.83544
  13.7171
  18.9055
  30.9614
  29.8794
  29.6522
  27.3131
  16.9569
  29.8135
  30.4784
  21.2279
   20.134
  34.6951
  32.2027
  26.5917
   22.958
  32.2831
  30.9627
  13.3403
  25.9767
  3.36845
  5.94361
  5.00484
   8.8017
  26.1072
  16.8963
  31.1768
  38.9078
  20.8337
  25.8647
  5.33344
  20.1942
  16.4816
  17.6802
  3.31184
  1.64679
 0.474431
  4.27129
 0.894928
  5.60321
   38.632
   41.072
  13.8572
  41.6479
  36.0646
  5.25076
  40.4955
 0.935716
  4.79169
  1.92619
  3.55885
  34.3053
  5.63927
  2.65921
  33.9192
  4.14747
  12.8566
  5.35009
   4.0706
  4.56265
  3.31586
  31.5852
 0.498478
  21.4138
  4.87948
 0.166077
  1.30953
   24.599
  24.1524
  40.4498
  2.99907
  5.53574
  11.5888
  1.95209
 0.806302
  13.2873
  16.3322
  18.4383
  9.62613
  28.9772
  1.45103
  3.72456
    2.009
  20.2478
  3.96671
  27.3426
  13.8574
  3.50011
  2.62598
  4.59974
  28.0144
  31.8432
  16.7644
  23.4422
  6.65595
  25.7391
  2.42985
  34.5951
  3.47382
  7.09556
  3.47782
   3.7252
  4.25747
  12.9467
   4.0987
0.0936118
  9.47626
 0.762311
  13.2723
  3.78622
  35.5191
  34.7699
  2.16279
  29.7581
  23.1914
  27.5097
  2.12095
  33.6665
  22.3083
   28.313
 0.341108
  30.8949
   3.4791
  3.58277
  9.06593
 0.867442
  29.6637
  7.25698
 0.603647
  2.41413
  25.3305
  10.5764
  6.26621
  31.1412
  1.91215
  3.54578
  3.98184
  37.6646
  6.94155
   8.6656
  36.7306
  37.1091
  4.62344
  8.55405
  10.2104
  6.79441
  3.94956
  20.4726
   1.1575
  4.19414
  3.59654
  6.39447
  35.3246
  10.3581
 0.358242
   2.4485
  23.1505
  5.12646
  5.59722
  6.16042
  6.81611
  31.5491
  2.65524
 0.576202
  2.46354
  44.7496
  27.5142
  3.18204
  15.8999
  22.5837
  33.1084
   29.795
  4.27899
  43.1024
  1.17174
  2.03325
  1.92784
  1.69559
  2.17775
  1.30314
  4.65673
  2.54315
  2.22016
  4.54693
  1.02866
  3.78575
  43.5815
  21.1001
  18.3828
  6.96053
  26.3216
  27.2543
 0.240588
  7.38764
  8.78598
  4.81217
  3.42868
  44.0213
  10.5522
  1.28923
  37.6361
  41.4184
  46.1689
  42.2751
  14.6923
  5.59922
 0.514906
  5.84567
  1.61997
  33.7486
  48.9204
  4.68019
  1.77017
  8.06287
  38.5587
  7.05618
  26.2869
  4.08515
  33.1007
  32.0462
  45.7913
  35.9118
  30.7444
  11.8985
  4.93758
  30.2747
  8.61301
  3.21603
   9.2034
  5.74826
  1.89924
  28.1395
   2.2489
  26.9278
  4.15901
  1.27989
  1.90321
  3.69798
  2.12706
  1.44891
  3.02067
  5.27002
   7.0924
  1.04557
  2.38623
  4.08249
  4.07355
  36.0566
   5.7548
  34.5928
  5.41947
  7.09069
  36.3899
  42.5719
  5.29291
  3.20532
  7.00579
   20.857
  7.88637
  5.69786
  11.7469
    5.576
    44.86
  4.76797
  8.63753
  2.07056
  1.12535
 0.966668
  18.1977
  13.9315
  23.0132
  1.81223
  8.02804
 0.340603
  4.21953
 0.386948
  2.17669
  2.29171
  2.96314
  2.10406
  7.82194
  8.96058
  3.90923
  13.0117
  32.7984
  2.70502
  31.5387
   27.383
  37.5204
  7.09365
  4.74753
  44.3303
  30.8428
  32.9511
 0.492519
  1.41199
  30.8544
  36.3596
   31.954
  44.4646
 0.618236
  37.3127
0.0222444
 0.593244
  6.38805
  42.0857
  34.2392
  40.0279
  35.1647
  27.4136
  7.25636
  1.01112
  46.0096
  7.02899
  6.41108
  34.5027
 0.351937
  16.6761
   3.5112
  3.99033
  2.62467
  30.9532
  2.29485
  4.67697
  19.0345
  1.84737
  8.84056
  8.57068
  6.30963
  8.70958
 0.803349
  2.47104
  1.18154
  3.66446
   34.657
  26.7391
  48.0759
   43.912
  3.69703
  5.91106
  1.68368
  45.4705
  43.3153
  32.7598
  43.3147
  35.3265
   24.671
  2.44934
  4.69954
  31.1227
  32.8406
  24.1731
   5.1653
   2.1042
  21.2551
   4.1044
  9.94774
  32.1257
  42.8449
  23.3261
  21.1707
  6.11396
  38.8321
  1.77031
 0.992256