  7.07764
  4.20681
   14.736
  19.3044
  27.2454
  28.1302
  22.3089
  20.9333
  23.9705
  23.7021
  27.0499
  27.9928
  22.3782
  24.9656
  22.3401
  22.7639
  24.0177
  25.6041
  21.8784
   21.078
  25.2832
  21.3938
  23.3342
  21.4284
  21.6878
  20.0382
  20.1856
  27.2116
  28.1122
  26.8236
  25.0669
  27.7776
  35.6594
  26.0169
  26.3818
  26.2104
  21.3009
  1.11991
  2.14163
  15.3137
  15.7513
  17.4926
  16.8736
   21.787
  9.29131
  1.29719
  15.5472
   12.365
  17.6512
  19.5731
  18.6588
  21.1559
  18.4489
  7.61351
  13.8843
  13.2779
  10.9111
  4.61159
  5.98789
   29.739
  28.4848
  25.7009
  10.0592
  8.32215
  13.8259
  0.75609
   3.7024
  0.61293
 0.151389
  1.12278
  4.17121
  30.2551
  30.7401
  30.3593
  26.5901
  2.89891
0.0822323
  1.10943
  7.26191
   9.9263
   3.0892
  4.06301
  2.39754
  20.1347
  13.5982
  8.56846
  6.56447
  1.79256
   13.565
  14.5431
  18.5627
   21.261
  27.4077
  28.7587
  26.6583
   27.299
  11.7316
  6.58418
  27.3042
  17.6432
  22.2941
  30.5933
  25.8592
  26.6297
  23.8205
  21.9634
  27.9491
  31.1473
  1.11575
  6.05169
   3.3826
  2.41997
  16.9042
  35.7697
  32.6217
  20.5283
  21.8008
  20.2715
  20.9772
  12.7484
  13.0479
  26.9013
  28.0552
  26.8883
  23.9554
  30.7281
  35.6069
  26.6976
  27.9451
  7.32974
  12.4492
  4.38097
  1.90917
   1.8706
   15.499
  14.0215
  27.8263
  29.1167
  28.4868
  26.8125
  17.5282
  18.2273
  28.8879
  27.0199
  30.5275
  21.8519
  20.3855
  21.3924
   28.814
  30.0802
  29.4412
  27.0222
  20.6883
  28.8928
   29.972
  14.1633
  20.2586
  4.38911
 0.202866
  2.84134
  6.29111
  24.4442
  16.2679
  31.2728
  37.1967
  20.3833
  21.8273
   1.0901
  15.5986
  16.7686
  12.5678
  2.53031
    3.967
  2.84254
  2.81964
 0.710538
   3.3963
  34.3041
  39.4616
  14.5767
   39.915
  36.8271
  4.46907
  41.0995
0.0349353
  2.23883
  2.66423
  35.9618
  4.33626
 0.605779
  47.7862
  31.9102
  3.75183
  3.48827
  3.98356
  6.01472
  5.00712
   28.053
  1.42432
   17.509
  4.70957
  3.06763
 0.714726
  25.8649
  25.5376
   37.633
 0.680275
  4.78709
  11.7739
 0.400439
  1.05065
  13.9063
  14.3375
  18.0428
  11.6683
  28.5086
  2.70176
  5.79542
  3.87945
  19.7214
   2.7296
  28.2234
  27.2216
   21.394
  15.8418
   5.7216
 0.248129
 0.574862
  7.11916
  25.8528
  33.4122
  30.0473
  15.9237
  20.4234
  9.76989
  26.1643
  1.22577
  33.2138
   3.8676
  7.05496
  1.27396
  5.69243
  4.65726
  14.4612
   4.9083
  2.53187
  13.2141
  0.33708
   13.701
  4.98167
   32.163
  34.6353
  0.77559
  29.7642
  22.5206
  24.0511
  1.68939
  1.37102
  33.8354
  22.1416
  26.5486
  1.36718
  30.4827
  3.91077
 0.949625
  7.95744
  1.53192
  29.3602
  7.02759
   1.5349
  26.6684
   2.3287
  3.57213
  29.6777
  5.28277
  3.62437
  31.8285
   3.8048
  7.83804
   35.987
  37.6299
  3.84495
   9.1156
  9.22802
  6.29709
  1.32213
  23.6542
  1.58643
  5.56378
  4.05364
  37.5523
  10.5372
  2.19159
   1.8366
  26.0574
  4.90448
  5.23351
  4.10047
   7.8557
  31.4458
 0.441755
  2.95876
   3.2909
  46.0357
  24.6315
  2.37787
  15.3067
  21.2149
  30.5129
  30.6604
  3.66291
  39.5106
   0.6263
  3.34216
  3.00574
  2.50582
  3.67504
  4.98872
   4.0003
  3.46058
  4.80961
  2.54321
  5.52091
  42.3053
  19.6971
  5.86421
  24.5208
  28.5598
  2.15461
    7.404
  8.93476
  5.54839
 0.577524
  6.28112
  2.21541
  37.0949
  41.2603
  46.6643
  43.0367
  12.4391
  4.10645
 0.609412
  5.05747
  0.57062
  28.7197
  44.4505
  5.15525
 0.177074
  9.04863
  44.8681
  9.30303
  2.67029
  34.9224
  29.2869
  46.1788
  32.0727
  11.9728
  4.90343
  29.0895
  9.31844
 0.541829
  8.64196
  3.76908
 0.596889
  26.2574
  3.56913
  22.9024
   5.3083
  1.38035
 0.933698
  4.28489
  4.04332
 0.517196
  1.83913
  2.63349
  4.28911
   1.6649
  3.73436
  2.52172
  2.41749
  32.4321
  5.80706
  36.3274
  5.89508
  7.04255
  35.1459
  40.7196
  19.3539
  3.15712
  5.78478
  3.67019
  21.4595
  1.58171
  6.02517
  11.0486
  6.70595
  43.1656
  5.79697
   8.5021
  2.21561
 0.600523
  17.9365
  11.6979
  22.7127
  3.49933
  1.43969
    1.061
  4.61997
  1.96309
  1.45378
   4.2856
  1.07823
   2.5193
  3.20166
  7.73361
  4.72036
  13.4488
  30.7179
  4.81039
  32.7039
  33.3264
  30.1003
  35.5931
  10.0586
  25.7789
  29.0532
  34.0778
  4.59579
  4.92793
  40.7502
  30.9654
  29.8012
  3.53889
  3.41067
  31.6354
  31.7715
  41.0329
  2.75035
  38.0504
 0.735837
 0.528361
  5.47356
  5.31865
  39.6405
  35.9623
  37.9411
    35.17
  26.3328
  7.44032
  45.5299
  5.36647
    7.134
  32.2997
 0.433466
  13.3545
  2.24666
  2.52174
  2.56084
  33.5268
  1.87246
  5.07801
  15.8123
 0.746055
   7.2174
  7.59667
  4.51548
  5.70026
   2.2872
 0.822089
 0.938485
  7.76264
  4.72198
  33.7501
  26.7087
   45.511
  3.23677
  6.67319
 0.334989
  43.6669
  45.2013
  34.1087
  40.4787
  35.1951
  21.3835
  1.92289
  14.2095
  32.4419
  30.4578
   7.8297
  22.3325
  6.70932
  1.29574
  12.4147
  33.3927
  43.9553
  22.4654
  22.7863
  4.11755
   36.776
  1.59204
  2.46929