  1.62823
  10.2762
  17.2815
    29.46
  24.6364
  10.3382
  23.8213
  21.5007
  24.9184
  26.4296
  26.8468
  25.8349
  24.4632
  15.9379
  22.1884
  20.4241
  21.4656
  21.0227
  23.1558
  20.4221
   22.501
  21.1408
  25.9345
  26.6212
  26.9723
  24.2226
  26.5588
  34.9919
  25.0501
  25.2061
  24.7584
  24.6711
  22.4279
     4.69
  18.3015
  14.8065
  14.0718
  13.8471
  13.5758
  20.0228
  11.3676
  1.37299
  14.1279
  11.5603
  16.4321
  16.8367
   19.704
  19.8783
  15.5359
  9.38037
  15.0035
  15.8606
  7.59441
  4.86572
  3.69216
   1.1686
  26.5416
  28.8514
  19.6529
  6.81075
  8.29995
  11.9609
  10.7496
0.0963953
 0.431628
  4.17166
  2.28716
  36.3476
  17.3605
  30.4793
  25.2599
   1.4799
  1.04699
 0.226484
  6.01819
  5.17772
  8.97112
  2.32046
  2.36628
  1.86562
  19.9762
  11.4858
  8.87697
   24.041
  8.69372
  6.47458
  12.4415
  8.37095
  11.0898
  23.2254
  26.3504
  26.2121
  26.9358
  28.7811
  22.6229
  25.4978
  8.66363
  4.53594
  25.2039
  17.4309
  21.0959
   30.001
  36.8403
  24.7228
  26.1235
   23.927
  28.9969
  27.1196
  31.1858
  2.76015
  17.5208
  30.8505
  30.9502
   20.081
  20.5802
  12.8043
  9.39097
  20.7671
  35.3196
  35.6931
  31.3046
   12.346
  10.8818
  28.2456
  24.4594
  27.4157
  24.7063
  25.7329
  34.2303
  25.6656
  27.5532
  5.01326
   11.382
  4.96202
  1.81713
  11.0511
   15.168
  27.4639
   27.047
  26.9792
   24.909
  16.4708
  17.0426
  27.9455
   27.811
  24.6768
  28.2579
    23.87
  22.2148
  21.6449
  19.6781
  28.2343
  35.3089
  27.5127
  24.9987
  27.8006
  10.6609
  18.7044
  18.6338
  3.03259
   6.0081
  2.82068
  23.2858
  16.2833
  28.7093
  19.9121
  31.9303
  19.2717
  20.5031
  5.54871
  12.4173
   17.675
  12.9575
 0.995978
  3.39839
  4.75247
  2.36814
  3.12074
  2.47032
  32.5698
  43.1628
  12.0651
  37.3979
  34.6517
  6.53595
     35.5
  1.30419
  3.78798
 0.143052
  32.4242
  3.27141
 0.126535
  34.6222
  46.2339
  27.1114
 0.541404
  3.28247
  1.40938
  3.61014
   27.262
  1.86947
  16.7555
  6.48554
  4.04764
  1.13862
  24.1174
  24.2397
    34.32
 0.754566
  2.36829
  14.4332
  0.77964
 0.115997
  11.8382
  11.9092
  18.4497
  7.85439
  26.9472
  3.67281
  5.68759
  4.03553
  16.5444
 0.380197
  28.0877
  15.5486
 0.169437
 0.507227
  5.07216
  13.3053
   22.598
  32.0116
  13.5159
  20.4009
  4.79755
  22.4147
  1.40892
  28.7917
  4.60242
  5.94755
 0.180191
  5.07354
   3.6163
  12.7239
  4.44104
  3.98436
0.0430535
  13.0256
  4.92051
  38.3993
  30.5167
  1.04238
  20.6813
  6.54855
  25.3148
   21.302
  5.05228
  27.6696
  2.86055
  2.23848
  31.8302
  26.4048
  24.5676
 0.692896
  28.3307
  4.05671
  7.09181
  4.60813
  3.93736
  28.7672
  4.88099
  4.13456
  1.63995
  21.3902
   6.3413
  4.73717
   29.869
  5.47985
  2.26305
  4.85526
   28.226
  3.03603
  4.83557
  32.4242
  34.5533
 0.565537
  6.73495
   7.6462
  9.33132
  19.7049
  3.33363
  6.34272
  3.77572
  34.7655
  7.20513
  2.31198
  19.1215
  3.10858
  3.36837
   2.8845
   6.6313
   33.654
 0.219666
  3.28354
  3.61925
  40.3263
  24.0852
 0.678899
  7.23544
  13.3766
  20.8531
  31.6143
  29.5272
  4.55332
  37.6964
  1.06628
 0.365341
  3.74682
  2.92686
  3.16813
  6.15185
    5.371
   4.4023
  6.36834
  6.25982
  36.1785
  28.1635
   6.4201
    6.854
  18.0982
   22.501
  27.9624
  3.34018
  1.83525
  6.59841
  6.50959
0.0181132
 0.652604
   37.258
  9.70921
  2.81279
  30.2356
  35.8341
  42.1053
   39.295
  20.0175
  3.25727
  1.06875
  7.47364
  1.73223
  43.0893
 0.183609
  5.87976
  38.0168
  8.84447
   24.594
  1.29406
  32.2017
  27.3692
  41.4299
  31.7336
   9.4653
  4.23678
  27.2691
  29.8159
 0.884036
  3.87297
 0.943312
   3.1657
  20.5783
   23.637
  5.25134
   4.5822
  0.25547
   5.0921
  3.00077
  1.45847
  1.71954
  6.27783
  5.39286
  2.07297
 0.948449
  0.22099
 0.200057
  31.8887
  9.78098
  32.5596
  21.8841
  6.27462
  33.6065
   37.069
  16.2543
  2.07782
  1.99378
  2.88553
  21.6613
  5.67015
  4.96323
  8.78501
  34.4771
  6.08412
  39.5383
  7.42814
   6.0968
  0.88019
  1.93837
  22.9258
  17.7686
  10.7198
  21.7593
  12.1218
  31.5126
  35.3749
 0.442988
  1.81955
  0.76416
  1.15597
  6.29897
  1.71187
  3.92864
  6.92699
  5.87981
  8.94776
   31.895
  5.44286
  28.8003
  30.5593
  26.9419
  31.2199
  9.43589
  30.5952
  3.25217
  21.3616
  31.6574
  18.2748
  2.06663
  11.4638
 0.363351
  40.0356
  28.2829
  27.2766
  2.65034
  30.2718
  32.1073
  41.3703
  4.65108
  9.88087
  32.6964
  2.98861
  1.09279
  4.58542
  21.8438
  3.66215
  40.2847
  31.9223
  33.1279
  30.8041
  23.8126
   5.3289
   40.065
   1.7187
  4.08167
  35.2673
  1.81589
  11.1935
0.0956985
 0.301449
  2.52933
  30.1559
  2.44273
  5.10838
  3.75946
  1.34694
  6.91738
  4.51728
  2.50966
  4.10844
  1.98291
0.0193358
  5.20289
  2.05981
  7.11872
  4.01757
  31.6516
  31.7566
  31.2175
  43.8399
  0.73213
  2.36356
  1.48727
  40.7187
  42.5169
  1.98632
  32.3796
  41.0636
  41.6634
  31.8013
  38.6514
  34.7565
  23.0887
  28.0462
  32.9996
  5.49505
 0.789482
  31.9656
  21.6118
  42.1403
  29.7065
  3.48171
  1.40245