  17.2738
  17.1263
   11.473
  15.3177
  15.9718
  14.3905
  11.1893
  17.6054
  16.4954
  17.8136
  21.6444
  18.1579
  18.6392
  16.4237
  12.3148
  12.9457
  16.5397
  19.2187
   16.155
  16.9927
  10.9311
  10.9771
  15.5423
  11.2913
  11.5029
  16.2205
  10.5117
  11.9011
  18.3916
  1.76594
  17.6252
  3.36066
  9.20277
  5.27735
  4.98427
   3.9138
  18.2317
  15.4214
  8.47045
 0.683204
  2.58698
  17.4937
  17.9098
  12.8377
  12.1306
  23.1259
  7.27277
  5.47208
  14.2719
  12.9445
  10.2425
  8.93767
  18.9065
   1.0321
   8.6747
 0.390262
  18.3354
  3.83289
  16.0543
  17.8224
  21.7775
  17.8936
  6.56899
  4.37694
   1.3158
  4.49927
  2.73836
 0.440825
  0.97783
 0.752634
  22.5975
 0.508617
  1.09133
  1.22784
0.0887798
  9.87731
  6.41208
  7.80553
  2.86951
  4.59687
  1.69574
  7.85471
 0.880722
  18.6506
  6.22309
  14.1803
 0.702614
  12.7783
  12.2445
  17.1748
 0.416038
  1.09157
  16.7526
  8.77817
   8.0378
  4.55641
   24.442
 0.499138
 0.647769
  1.13745
  9.40089
  8.07504
  3.05689
  4.01519
  8.69269
  6.15996
  1.58791
  14.4259
  3.87818
  9.77996
  12.0216
  13.0882
  4.64697
  18.2601
  8.31911
   14.189
  6.47928
   9.3411
  4.75056
  13.6346
  13.2889
   1.5262
  6.65527
  20.2158
  7.81386
  9.09715
  3.86723
 0.569027
  2.72502
  2.42967
  1.63019
  2.78347
  2.56179
   12.092
   3.3119
  17.7611
  18.1642
   12.123
  6.12096
  7.36244
  1.14678
  3.15558
  9.65389
  4.51812
 0.850607
  1.97302
  3.32322
   9.4151
  9.14042
  2.99996
  14.7434
  9.90372
  13.4711
 0.475226
   10.243
  5.14837
  10.2594
   10.352
  9.03928
  16.9314
   13.297
  13.3679
  3.67055
  2.48256
  1.01994
  1.17206
 0.850416
  9.80873
  3.84664
   6.5529
  14.4549
  5.93406
   3.7064
  6.63991
   19.708
  13.9932
  12.9213
  5.51604
  11.6649
  16.7296
  7.77177
  3.46219
  18.8069
   5.4148
   14.534
  16.3878
    17.94
  8.53234
  1.70026
  4.06564
  10.3805
  5.02976
  11.6223
  11.1158
  13.2989
  18.8153
  17.6047
   9.5086
   2.8135
  14.9355
  10.4585
  6.02734
  10.4634
   9.8963
  10.1658
 0.347772
 0.259119
 0.149042
   1.9802
   5.6171
  11.9429
  18.0811
  1.27331
  1.05254
  5.26546
 0.079483
  6.37173
  10.8385
  9.06305
  12.3946
  4.60339
  4.30994
  4.97951
 0.141811
   1.0476
  3.76207
  17.6696
  17.2155
   16.738
  8.09339
  7.95528
  11.5048
 0.913157
  12.9616
  6.96574
  12.9851
  11.0968
  4.84358
  1.97529
  0.48684
  10.6048
  10.1607
  17.4507
  15.5971
  8.41991
  1.85851
  3.22255
  18.0909
  1.67015
  4.48823
   3.4181
  3.58471
  3.08237
  6.87708
  2.25745
  1.59998
  3.85876
  4.88702
  10.0777
  9.44389
  7.99487
  14.1251
  4.95042
  10.1728
  8.37714
  11.4851
  6.86519
  17.3277
  11.2713
  2.78101
  3.96727
 0.872263
 0.842299
  3.11815
  12.4824
  15.2607
  2.24885
  4.39808
  3.63522
  6.49219
  5.63289
  11.3657
   4.1479
  13.1409
  8.22888
  6.20143
  13.2508
  11.9473
  11.9059
  4.08862
  11.5039
  5.60066
 0.623314
  12.7219
   9.7097
  10.5073
  11.8333
  2.71944
  2.33835
  2.48369
  1.32325
  9.16356
  10.1463
  4.89768
  10.9954
  6.82241
  11.0498
  18.2337
  12.2222
  1.11342
  2.92692
  4.07453
  5.50432
  8.54222
   7.6277
  8.13123
  1.28335
  2.46868
  13.4316
  9.88282
  1.29326
 0.914284
  10.2456
  1.58834
  5.26171
  4.90194
  9.47255
  13.0909
  2.59348
  19.0401
  17.4772
0.0650359
  4.16494