 1.7243
2.21664
2.43863
 2.6251
3.46939
3.84913
4.07294
4.67177
5.52731
7.14201
8.13815
  9.591
9.86146
11.1371
11.6309
11.7824
12.6653
13.4922
14.4665
14.7837
14.9371
15.5494
17.4927
18.8779
19.4892
19.9815
21.7145
22.1996
22.8014
22.8231
  23.15
24.3687
24.5169
26.4819
27.4847
27.7024
29.0636
30.1771
30.6784
30.7074
31.3747
31.6026
31.9848
33.2137
33.3714
 34.051
34.0981
34.5859
34.6093
34.8526
35.1996
 35.897
36.4946
36.6323
36.8855
36.9392
  37.14
37.3503
37.5061
37.8302
38.4218
38.4981
38.5059
38.5886
41.0022
41.1173
41.5597
41.9921
42.4413
42.6003
42.6188
43.1636
43.3044
43.3994
44.2075
45.1381
45.2945
45.3239
45.6565
45.8107
46.0256
 48.164
48.5057
 50.075
50.4996
51.0813
51.6308
52.4775
52.7268
53.0938
53.7119
54.0305
54.9896
57.9538
59.8613
60.6952
62.1096
63.9849
66.1461
68.6647
68.8424
70.4358
 74.086
74.4243
74.6781
75.7281
77.0032
80.5633
82.9327
83.6673
88.6483