   21.9265
   21.4321
  0.473464
    1.5808
   1.05097
0.00403221
  0.627565
  0.503668
  0.783986
   1.32919
  0.323918
   1.78389
   0.17398
  0.966052
    7.5669
   5.77299
   3.38933
  0.396873
  0.810807
  0.426631
  0.641897
   3.05909
   2.27443
   3.08923
   2.87816
   2.74764
     3.154
  0.337209
    3.0501
   1.54598
   2.69677
   2.20007
  0.819678
   2.16418
   6.96137
   3.16325
   17.4572
   16.2053
   3.15755
   2.84051
   3.23019
   1.13586
   1.41268
   5.30322
   5.39243
   4.57035
   6.28634
  0.351984
   12.3311
   20.4926
   20.8765
   25.3915
  0.815193
   17.2826
   17.2052
   4.62373
   7.05681
   11.1321
   14.1585
   19.7456
    19.395
   26.6289
   14.6204
   9.52714
   1.70163
   6.80114
   3.12728
   21.0051
   22.3815
   22.5582
    16.686
   21.7579
   13.8463
   18.5401
   15.4639
   21.1534
0.00570041
   10.3857
   3.73522
   3.96547
    5.1677
   2.43636
  0.873391
   1.43584
   1.93615
   4.85662
   4.10942
   15.4093
   1.52789
  0.173615
   0.23903
   1.01285
   6.77186
   2.89823
  0.441177
  0.901124
   2.97831
   3.80736
   4.99703
   24.6367
   1.41236
     1.798
   4.66199
 0.0626155
   1.32347
    0.5076
  0.305087
   5.53043
   5.58305
   2.42662
   2.39181
  0.925707
0.00437119
   2.17585
   1.49722
  0.996159
   5.54119
   21.6711
   21.5353
   19.5539
   24.5456
    4.9323
   1.48565
  0.640849
   3.01206
   4.34451
   2.59511
   3.00875
   4.62315
   4.37179
   2.29431
   3.01704
   4.31477
   3.54155
  0.514266
   8.58925
   4.01928
   4.13765
  0.925845
   3.54474
   7.62243
    1.3083
   1.08791
   3.43915
  0.782482
  0.270312
   22.9561
   19.0007
   19.2009
   21.9289
   1.84009
   4.68126
  0.884761
   3.78585
  0.625224
    8.1192
   24.1993
   26.5273
   19.7825
    25.119
   23.0446
   0.43432
   3.04819
   4.70198
   4.06866
   3.49425
   28.6567
   6.25112
   24.9299
    27.688
   27.2551
   17.3968
   2.15442
   24.6988
   26.2467
   19.7694
    18.732
   0.79341
     8.551
   1.90234
   11.5745
   24.1556
   26.4681
   21.3744
   22.0837
   20.1766
   2.12968
   14.8298
   10.1354
   21.3444
   27.2319
   23.9169
   1.36145
  0.266084
   3.17893
   21.2128
   17.0821
   22.7461
    23.165
    16.002
   2.41089
   28.8069
   11.9466
   28.4005
   2.44271
   1.36372
  0.422726
   21.1491
   5.21712
   27.1028
  0.531382
   1.58624
   15.9893
   4.45748
   28.0427
   4.15271
   5.79495
   30.0923
   21.7489
   27.6466
   25.1398
    26.286
   24.9876
   18.5931
   24.3409
   1.21901
   6.50014
   18.2384
   2.11584
   3.99437
    2.1712
    9.7165
   27.2231
   5.45018
   7.36517
   29.7314
   30.5155
   3.27901
   24.2296
   1.03462
   29.9275
   20.2876
   21.6946
   2.64032
   4.98891
   23.5722
    19.376
   19.5934
   5.67407
   15.6128
   14.9106
   32.1331
   16.7152
    19.425
   4.34211
   4.68597
   3.47711
   11.4981
   27.3115
   26.8861
   2.66394
   20.0972
   5.00475
  0.172399
   32.1919
   24.1259
   1.68942
   25.2663
   24.1511
   8.95971
   23.7871
    22.757
    18.384
   23.0233
   26.1024
   29.9614
   21.5503
   5.68408
   31.6786
   3.35379
   21.8582
   5.90731
   16.1721
    15.478
   22.4492
   22.1566
   6.63984
  0.869757
   19.7719
   21.8201
   28.4057
   7.65135
   21.8639
   4.58567
   1.62873
   31.8501
   3.40174
   4.07716
   20.6387
   20.7704
   26.6234
   5.66817
   3.11175
   14.7428
   6.28844
   5.18998
   3.52779
   17.1155
    1.3877
   24.4396
   23.7002
   23.8774
   29.8403
   3.62616
   1.76709
    5.2731
   2.38782
   9.96463
   30.2815
  0.513857
   1.89363
   2.94937
   26.6255
   26.9142
   23.0323
   31.9462
   28.5001
   29.0621
   27.0131
   32.5154
   30.8364
    22.698