  29.0585
  19.6954
  2.04979
  1.23016
  2.37204
  4.20544
  4.01075
 0.580363
   2.6242
 0.474324
 0.896663
  1.09865
  7.47703
  5.83491
  5.57919
  6.88437
  1.12329
 0.643036
 0.979893
0.0586557
  1.77883
   1.7148
  6.57587
  4.45896
 0.527307
  2.87634
  5.83886
  7.03095
  5.53467
   7.4608
  7.03195
0.0300019
  1.65427
 0.450741
  15.4339
  19.1585
  2.68035
  4.57239
  3.56357
  2.43197
  2.67752
  4.18876
  12.9639
  3.66942
  3.56074
  4.42832
 0.264231
  1.15059
  1.80293
  1.72001
 0.563569
  3.58052
  6.52298
  2.45017
  4.03679
  17.7429
  19.7733
  19.6094
  3.45825
  8.18082
  6.65933
  9.03645
  17.2334
  15.8243
  14.3086
    14.35
  19.4642
  19.6469
  20.5998
  20.6814
  25.7652
  5.87353
  1.45068
  12.9057
  15.3119
  3.51665
  8.18844
  8.73607
  21.3273
  23.0691
  22.4748
  19.5261
  19.0069
  13.0092
  19.0419
  18.3584
  21.4532
   9.1693
  14.7113
  3.05778
  4.52966
    6.885
  14.7923
  4.77904
  6.50998
0.0546734
  1.88354
 0.297552
  1.34139
  8.89236
 0.526434
  2.01339
  6.33511
  2.76138
   1.4913
  1.49305
  5.03888
  12.9972
  16.6377
  2.21265
 0.845692
  5.50796
  8.44543
  1.84268
 0.865919
0.0951735
0.0103758
  7.11187
  7.64116
  23.2581
  24.2071
  26.0616
  8.40508
  8.12058
  8.23431
  3.79544
  5.20488
 0.275688
  2.17978
 0.135463
 0.270111
   1.1358
  7.50405
  7.10147
  4.75858
   4.3547
  1.82353
  3.72666
  2.07942
  2.48161
   2.6071
  3.44142
  25.0571
  25.4651
  22.3703
  5.24635
 0.836477
 0.506894
  6.12281
  6.27952
  3.66258
  2.74512
  3.71841
  7.23155
  4.73379
  7.24542
  5.55324
  2.52688
  2.71291
   1.0771
  2.52634
 0.275863
 0.335138
   7.5243
  4.98421
 0.163185
  1.90017
 0.227498
  7.83689
  4.99638
  7.31245
  7.25822
  7.52432
  1.36997
 0.594338
 0.999982
  26.2177
  25.7219
  24.6088
0.0239312
  3.32313
  6.29273
  5.10561
   1.3088
  2.25217
  7.43266
   2.9063
  1.83731
  6.73928
    4.684
  2.12869
  4.34041
  6.04568
  2.16191
  3.13468
  2.34923
  11.7051
  1.53289
  1.72963
  17.5196
  22.2928
  26.2325
  18.7695
  29.6302
    22.66
  9.14044
   5.2782
  28.0891
  20.7867
  3.47554
  29.2813
   14.478
  25.5434
  10.6787
  4.32434
   1.4999
  6.26725
  1.83984
  22.4114
  24.5236
  31.8635
  17.5846
  1.40147
  1.26222
  15.0679
  24.4832
  15.4511
  18.9552
  19.8088
  0.40277
  3.25849
  2.34846
 0.959982
  2.48868
  29.2764
  13.1397
  24.9718
  4.27233
  14.5049
  19.0557
  14.8733
  24.2914
   19.483
  31.0441
  26.9643
  6.68262
  5.19965
  3.22729
  20.4434
   18.666
  19.2028
  12.6408
  5.42938
  24.1285
  24.6847
  21.0404
  1.61649
  2.63303
  6.68589
  2.65647
  27.2978
  14.6024
  25.1024
  2.27829
  16.6837
  1.20831
   19.529
  10.8147
 0.531996
  25.6308
  22.0095
  18.9938
  29.9398
  24.1317
  30.3736
  20.3164
  14.2583
  25.3483
  4.26247
  3.16961
   5.4223
  1.73448
  2.58026
  22.0566
  1.76514
  19.0007
  1.21879
  7.61426
  26.1224
  26.8399
  25.2806
  28.9766
  26.5457
 0.666983
  27.8044
  28.4317
   30.437
  28.5329
  31.3324