5.50823
8.98038
10.3035
13.5341
13.5743
14.1999
15.7397
16.1395
 17.205
17.5322
17.9284
19.2074
19.2275
19.6754
20.5192
 20.917
21.2819
22.9165
23.9637
 24.018
24.2326
25.0901
25.7235
27.0392
27.1592
27.4639
 27.542
27.7505
28.2307
28.2369
28.5016
 29.404
30.4094
30.4466
30.5806
 30.644
31.3961
32.8941
32.9532
32.9646
33.0922
33.1052
33.1759
33.6579
33.7231
34.0538
34.0549
 34.174
 34.194
34.2592
34.5428
 34.706
35.8794
35.9073
36.0712
36.0899
 36.288
36.4752
36.5644
36.6118
37.0115
37.0642
37.1519
37.6578
37.7352
38.0977
38.3863
39.0913
39.5786
40.3531
41.3953
42.5649
42.7012
42.7251
43.9097
46.7422
49.7289
50.1215
50.8984
52.3636
52.7197
52.9301
 54.418
55.0546
56.7755
58.1128
58.1886
59.4117
61.5944
61.6441
61.8166
 62.791
63.0424
63.4389
64.0948
68.6889
69.3115
69.8355
71.1762
 73.164
81.4766