   33.0482
   9.17115
   8.09735
   5.44212
   1.76633
  0.438136
   1.63322
   3.85134
   3.31959
   1.47647
   1.93746
 0.0351598
    0.3491
   2.81393
   2.13798
   3.86163
   4.05149
   1.91533
   3.48858
   3.19061
  0.716109
   1.72154
   1.16837
  0.763716
   2.60455
   1.71229
   2.84427
   2.15073
   1.90899
   3.35297
   5.38395
   3.27878
  0.948619
   2.36559
    1.2087
  0.426382
   1.98472
   25.3633
   25.1133
   4.12309
   7.98672
   8.26966
   5.86539
   4.48405
   13.2109
   11.6562
   8.24215
   9.99826
   5.73589
   5.70119
  0.587248
   3.30771
   1.68289
   4.03308
   3.86059
   13.4159
   9.16173
    5.2345
   19.9755
    25.882
   24.4127
   29.5209
   2.72653
   2.52658
    2.7839
   21.2471
   20.9921
   15.0419
   17.8723
   19.6193
   29.6348
   28.0254
    28.667
   38.4172
   36.1909
   24.0576
   16.5815
   1.48553
   8.30231
   1.77181
   4.49677
   26.2269
   30.4978
   30.3367
    20.897
    21.955
     18.37
   23.5381
   23.2412
   27.4132
   7.36973
   16.9197
    9.2469
   14.5725
   14.4939
     12.06
    11.478
   10.4276
  0.180381
  0.227436
   1.23316
  0.044385
  0.651374
   4.65938
   2.17077
   1.09943
   2.54365
   4.18954
   2.21207
   17.0834
    20.967
  0.508419
   4.14163
   2.16749
    2.1238
   8.69562
   1.95098
  0.702773
  0.343677
  0.700972
   6.88549
   33.2255
   34.6855
   4.76568
   28.5949
   31.7022
   2.70844
   12.3708
    2.8522
   8.03147
   2.94688
   2.54908
   1.53008
   1.00012
   4.14411
   3.91266
  0.436446
  0.458771
   2.78009
   12.9599
   11.8837
   2.80558
   2.44073
   1.07045
  0.841121
  0.376726
    8.4497
   1.21271
  0.877918
   11.1626
   13.4212
   32.7125
   34.7141
   28.7946
   37.4244
   12.1463
   11.7916
   2.67879
   1.70806
   1.07633
   2.05195
    8.4842
   7.90683
   7.47917
    7.7143
   8.10026
   5.73729
   8.48257
   2.03822
  0.464563
0.00475154
   3.51514
   4.33085
   2.45019
   1.16072
   6.98623
   9.53492
   9.28824
   6.30198
   1.71051
    3.6969
   9.28759
    1.3813
   1.19985
   3.33668
   15.5686
   7.79944
   5.16481
   31.3044
   26.4134
   29.7716
   33.3283
  0.384826
   2.63443
   8.29977
   4.87579
   3.15798
   6.57455
    5.0079
   0.48064
   7.60499
   6.47383
   7.01588
    2.3258
   3.29766
   9.91385
   1.14741
   3.96745
   2.86392
   19.7797
   3.07399
  0.245138
   3.53978
   3.11524
   29.1471
   34.7085
   26.1012
   38.8271
   31.8841
   27.9808
  0.854551
   12.3935
   30.9236
   12.8562
   2.51208
   31.5901
   4.27631
   32.2931
   39.9122
   22.1223
   43.4998
   32.5631
   34.8991
   24.7713
   9.25967
  0.611047
   7.88522
   31.9659
    32.331
   34.3856
   33.3093
   12.9923
   24.4701
   21.7136
   35.2242
   27.8413
   25.7967
   25.9069
   3.13519
   2.07417
  0.280299
  0.336803
   1.52406
   22.1591
   28.4724
  0.270871
   25.7942
   31.6742
     18.99
   25.7622
   32.1373
    29.023
    3.1807
   2.32382
   5.62024
   9.98804
   38.4125
   7.65059
   9.86919
   27.2961
   19.0878
   2.00829
   36.3386
   36.5028
   28.8291
   30.0601
   2.20524
  0.172544
   1.56548
   4.59414
   20.0129
  0.186778
   32.8648
   18.4768
    4.9048
   33.3846
   39.6922
   7.95833
   18.7128
   3.09835
   1.87705
   1.12348
    1.1052
    0.1381
   27.6404
   8.87846
   29.7993
   2.33175
   2.48732
   2.42807
  0.255239
   1.89856
   40.2383
   35.7244
   38.8362
   37.8383
   36.9445
   40.6666
   41.2959
   28.2175
   20.0854
   5.22289
   9.43087
   4.60578
   28.4602
   16.1231
   13.5277
   35.8973
   43.4462
   34.8461
   7.76659
   34.3708
   37.3659
   31.7287
   29.8821
   40.1449
   3.10751
    34.087
   38.4943
   29.7766
   2.48872
   8.68238
   35.5275
   34.3656
  0.592958
   37.2878
   34.8759
   36.3619
    25.882
    26.972
   37.4377
   1.15243
   5.76217
  0.431204
    19.905
   15.9562
   43.2395
   36.2452
   3.97319
     16.19
   22.9407
   19.4056
    23.649
   39.8968
   37.1885
   33.3596
   3.05334
   34.4177
   30.9408
   37.1012
   34.6185
   34.8039
   37.8459
   33.3373
   23.0832
   24.3579
   24.7108
   22.7221
   28.9574
   39.8916
    8.9013
   2.99045
   35.8479
   35.6466
   1.65535
   21.9949
   26.6918
   21.3945
   20.8501
   28.2377
   26.7607
   38.8922
   31.4613
   40.0673
   24.3161
   10.3035
   19.2884
   5.59564
   33.3867
   40.3185
   39.1189
   23.8694
   1.05416
    25.252
    4.5785
   5.22571
   35.9313
   28.1593
   28.5082
   44.8334
   29.3935
   44.3168
   44.1604
    1.9751
   19.5429
   23.8335
    6.9285
   32.2757
    23.742