  5.35716
  25.2421
  27.3088
   27.558
  33.0159
     32.5
  28.5102
  32.9889
  32.2917
  30.6832
  30.4466
  25.9596
  29.6578
  30.2439
    30.94
  27.3016
  29.5718
  31.0539
   31.514
  32.7878
  32.0861
  31.6315
  32.1953
     33.5
  29.9537
  26.6037
  30.0276
  10.3771
  11.3301
    26.53
  23.7581
  21.9754
  27.5074
  24.4797
  34.5678
  28.5609
  22.4939
  17.8154
  27.6841
  29.9807
  29.6966
  30.7082
  30.2471
  30.7569
  20.7286
  20.5519
  25.4651
  39.1484
  2.89416
  2.76329
  1.01621
  31.8481
  31.5629
  10.4935
  4.75514
  5.60435
  3.83756
 0.954185
   3.4826
  3.91887
 0.972992
  9.07518
  6.34269
  25.7384
  37.7333
  5.20602
 0.777943
  1.11256
  6.24263
  24.9518
  9.52301
  3.57977
  25.9843
  27.6291
  22.4858
  32.4558
  21.6041
  15.0189
  18.7867
  19.7304
  20.3594
  27.1245
  25.9987
  26.6899
  35.2607
  29.4734
  28.0897
  26.2772
  30.3959
  31.0606
  29.4914
  34.1763
  26.6604
  26.2432
  25.9434
   26.815
  31.2702
0.0928987
 0.337229
  4.27777
 0.467119
  26.3017
  6.46788
  6.34864
  28.7128
  27.2339
  29.9808
  28.3962
  28.8623
  22.9193
   18.459
  28.0343
  30.5962
  33.7083
  32.4303
  20.1104
  3.53554
  2.61635
  8.28894
 0.442761
  17.9852
  23.0101
  29.0187
  31.2071
  26.6329
  31.4336
  22.8834
  25.0213
  31.0991
   28.033
  31.8631
   34.316
  30.1728
  37.4744
  26.3687
  31.0627
  36.3404
    32.46
  33.2738
  20.6332
  26.6144
  27.8652
 0.127106
  4.80531
  3.18976
  2.68758
  32.7846
  36.7636
  32.8934
  29.1884
  28.4277
  32.6275
  36.3371
  28.3981
  31.0436
  16.1104
  28.8643
  32.4629
  24.4148
  2.47295
  3.22429
  6.55231
  2.25955
  3.06795
  3.86421
  19.2044
  13.7652
   5.1543
  7.29064
  5.35368
   1.7869
   5.3664
  5.89619
  38.2139
  31.9182
  30.6685
  23.6765
  3.22595
 0.557819
  3.88743
  2.42193
  5.86688
  31.9714
  6.19802
 0.255615
  3.44416
  28.8863
  30.9042
  6.23367
  1.59254
  2.65426
 0.593173
  21.9425
  4.96655
  1.67099
  31.1393
  30.8311
  29.7804
  5.25979
  16.9907
  21.9777
  5.71028
  6.39772
  1.92506
  2.02114
  33.1034
  31.4807
  31.3259
  6.59005
  1.84115
  5.92777
  3.99053
   5.9414
   3.5041
  6.38123
  9.85317
  27.7856
  30.7944
  25.1589
  7.75614
  4.46345
  6.19285
   4.4744
  4.86612
 0.913051
  11.2477
  30.9068
  36.9467
  27.8818
  7.32375
  7.31539
  4.84479
  5.75746
  3.64124
  3.81463
  28.6602
  2.13451
0.0572517
  2.65926
  34.3875
  24.2029
  8.40476
  3.96936
 0.183006
  11.8801
  30.0084
  11.1659
0.0620454
  15.8742
  28.9161
  13.1202
  15.3031
  25.9535
  10.9259
  8.51798
  15.6306
  31.2155
  7.00754
  4.35086
  4.58186
  29.5535
  9.58594
0.0375408
  29.2241
  2.40148
  12.5168
   9.2877
  33.7331
  5.28453
  4.48959
  4.27393
  1.04747
 0.236917
  8.91732
  2.74165
  3.36651
  5.16071
 0.345911
  23.4319
  5.56009
  32.8603
  7.63559
   24.593
  24.6889
  24.3088
  31.4293
   10.672
  40.0164
  7.67575
  27.1081
  1.19503
  4.70958
  5.89157
  5.84613
  1.29099
  11.6929
 0.612539
  1.25993
   1.6243
  5.68859
  2.64887
  11.1198
 0.829047
  9.34446
  5.46615
  0.75255
  4.23239
  27.9257
 0.575605
  1.10407
  13.9818
  5.64701
  3.64029
  4.48542
  25.3416
  21.4356
  8.32231
  21.8551
  10.5488
  36.8298
  6.42263
  5.52831
   32.411
  2.67911
  6.60524
  5.54779
  6.72608
  32.6898
  0.89371
  5.48985
  6.14894
  4.14896
  5.99527
 0.572549
  1.99101
   5.8259
  4.00575
 0.135388
  3.46486
  30.1048
  16.1826
   12.783
  15.8949
 0.200821
  10.9856
  24.2211
  23.4799
  32.0823
  27.6683
  31.9251
  33.2191
   6.0931
  1.12227
   12.554
  0.33113
  4.64006
  28.9429
  33.8873
  5.31745
  5.94369
  1.14657
  2.39443
  6.86041
  31.8924
  5.40996
  6.63671
  33.2951
  33.9951
 0.811264
  7.31817
  2.24288
  4.39299
  5.41068
   29.127
   9.4983
   1.8599
  6.80427
  36.7655
  11.5325
  21.6618
  2.31918
  3.26077
  4.71073
  4.83387
   17.095
  9.70681
  5.09328
  4.76077
  4.91134
  28.8281
  6.65451
  4.60156
 0.775856
  26.2781
   30.353
  5.34735
  36.0571
  30.8639
  34.8092
  10.3436
  33.0133
    5.622
   8.4389
    8.476
   28.519
  7.14251
 0.857865
  2.90694
   3.7025
  25.1131
  29.9982
  4.79976
  4.31626
  5.96762
  24.1833
0.0201468
  4.41289
  6.79521
  7.67244
  3.00735
  1.96624
  2.61344
  33.4699
  16.4635
  16.0013
  5.58567
  3.41798
  21.1946