   43.8969
   30.1057
    10.878
   9.91765
   7.74794
   2.31657
   1.53873
   6.58709
   3.25794
   4.79717
   3.76669
   0.52798
   1.56577
  0.850714
   5.12546
   5.69627
   4.57624
 0.0812093
   1.49348
   1.70807
   2.32908
   1.70991
   2.65535
  0.826828
   2.35301
  0.709804
   6.44626
   8.04946
   28.6608
   29.1739
    11.286
   11.8315
   11.2379
   8.12787
   9.63307
   14.2435
   17.3015
   7.93898
   5.66093
   4.95311
   6.82338
   4.77967
   7.80654
   2.54088
   16.9911
   9.17486
   11.5232
   24.1495
   29.8231
    29.194
   4.64651
   15.0808
   27.3691
   29.0022
   19.0979
   31.1103
   31.2491
   32.6846
   47.3874
   43.4608
   44.6626
   46.0881
   22.6316
   92.0107
   20.7887
   23.5518
   4.85985
   19.7973
    6.2623
   31.4546
     27.25
   28.4428
   23.4912
   28.1886
   26.8619
   31.2505
   16.4512
   2.83192
    25.074
    24.868
   17.0838
   5.19304
   4.85882
   1.31794
   1.39093
   1.07149
   3.75995
   4.56209
   3.60522
   3.32441
   1.85437
   5.25679
    0.9338
   23.2406
   6.64289
   3.23849
   7.18617
   7.58499
   1.45711
   1.90957
   2.26175
  0.266118
   3.34298
   4.38432
   6.96195
 0.0143217
   40.9534
   41.4108
    2.2088
   37.9464
   43.4058
   4.43837
   1.80522
   9.21352
   9.43208
   2.62486
   6.34921
   5.44158
    1.5845
   14.5687
   15.2517
   2.44816
   2.10877
   2.58045
   4.64685
   5.75515
   2.21039
   2.87688
   36.4828
    35.226
   35.4515
   42.1724
   16.7712
    13.563
     3.738
   3.32887
    1.6539
   3.82152
   9.97252
   14.9347
   4.03894
   5.99787
   4.51172
   5.30169
   1.89391
  0.242532
   3.34195
 0.0234766
   2.57995
   5.38466
   3.20099
   1.35548
   3.50738
   5.14615
    3.6553
  0.264039
    3.1173
   4.32719
   5.72052
   4.56537
   4.03216
  0.591051
   41.4095
   31.7398
   39.3508
   39.4813
   1.80296
  0.521338
    3.8823
   2.63143
   3.46645
   7.52543
   7.10856
   3.14928
   5.24055
   4.45011
   6.83616
   3.01024
   2.80976
   5.54395
   3.40091
   2.69434
   4.21646
   2.54025
   24.5859
   2.21829
   15.6399
    2.4919
   15.0065
   4.31003
   4.66641
   2.60876
   102.968
   33.7828
   49.7008
   106.467
   49.3287
   45.8648
   43.2949
   49.8447
   50.6163
    36.819
  0.724432
   3.60785
  0.477736
   24.7292
   42.2295
    45.166
   1.18677
   3.15193
   8.35189
   5.10888
   32.6993
   48.7441
    4.9473
   104.643
   39.7333
   1.77725
   1.42416
   1.81155
   39.0754
   2.88714
   31.5667
   45.3157
   24.6618
   1.97796
   36.7069
   2.24924
   7.38136
   1.94576
   4.44682
   5.65706
   35.3729
   28.5592
    11.269
    92.545
   48.8135
    6.0276
   12.1565
   12.8864
   5.95934
   3.46122
    1.4073
   27.6089
   3.18982
   36.4522
  0.170724
   50.7632
   25.3443
   33.4187
   1.34162
   1.28469
   14.1741
   48.1568
   49.4915
    46.499
    50.962
   34.9138
   104.009
   5.62697
   9.13846
   27.2927
   38.0083
    34.919
   41.1602
   17.5179
   41.0852
   43.8259
   49.6585
   15.8989
   48.9704
   49.7884
   38.0897
   8.16224
   32.4592
   5.84248
   1.80344
   1.10124
   49.4226
    49.105
   27.3203
   12.1795
   29.3326
   30.0456
   7.44482
   17.6201
   3.18664
   4.20407
   32.3412
   20.3489
   37.2776
   50.8753
   5.23228
   25.0464
   27.3215
   31.5245
   28.5879
 0.0765902
   26.1856
   42.6256
   48.1725
   20.8347
   103.419
   33.7499
   30.5997
   8.43577
   37.8632
   1.38194
   30.8017
   27.8722
   7.11489
   40.1941
   38.1177
   24.8001
   43.1044
   30.1291
   38.4041
   36.1409
   22.8885
   20.1806
   23.4917
   20.9102
   25.5908
   7.75634
   31.7496
    1.7652
   30.9906
0.00210224
   6.27851
   5.32992
   38.5543
   29.2477
   37.7735
   39.3435
   39.7767
   37.0661
   39.4992
   37.1545
   39.9514
   40.9878
   5.60999
   5.10376
   8.75418
   42.3052
   42.9543
   7.97149
   3.14652
   30.9447
     42.33
   45.9364
   42.0558
   43.1997
   30.1765
   29.0347
   37.9777
   33.9656
   35.0405
   12.9639
   29.8083
   14.0634
   28.1886
   3.78314
   33.4799
   3.76497
   3.13763
   94.0856
   1.13641
   35.4451
   93.1506
   12.9263
   5.49127
   36.2607
   6.84297
   7.99881
   32.6024
   96.2193
   38.1478
   46.9837
   3.96895
   25.1008
    28.744
   28.9939
   48.9298
   42.3172
    38.229
   32.5607
   26.9658
   23.8645
   2.29986
    9.0642
   4.50771
    3.1939
   42.5927
   33.5999
   22.4886
     2.558
   45.5288
   49.2243
   26.6495
   36.9458
   38.2196
   3.46841
    1.7148
  0.808745
   37.9554
    38.136
   108.792
 0.0350604
   1.07869
   4.09898
   1.12597
   28.8532
   28.8388
   1.43634
   42.0828
   37.8865
   45.7189
   36.2518
   45.8907
   48.7172
   46.8636
   15.0123
   14.8837
   46.0206
   1.44747
   35.0778
   39.4309
  0.479341
  0.109275
   3.40926
   6.94955
   6.10747
   5.53673
   1.87815
  0.553161
   48.8146
   2.93877
   31.9513
   44.4595
   45.9779
   50.4411
   34.0556
   41.2102
  0.329955
   8.44527
   7.45083
   4.91788
   4.60602
 0.0877028
   12.2966
    4.3242
     37.07
   4.74953
   36.0768
    28.801
   40.5106
   37.5863
   34.0265
   50.3858
   40.1391
   47.1904
   43.0911
  0.546548
   29.8042
   25.5568
   37.7261
   14.9784
    5.6715
   3.55584
   4.18434
   22.2761
   7.16715
   25.6474
   3.77247
   35.6478
   41.4228
   1.50673
   10.0401
   30.4364
   49.6285
   40.1818
   6.23352
   37.3677
    3.6444
   4.71752
   27.8091
   37.8581
   6.13973
   7.37797
   15.5802
   39.3475
  0.382877
  0.448669
   40.5473
   50.2031
   8.70013
   94.7042
   2.69105
     2.061
    8.7884
  0.910446
   12.9716
   25.3605
   25.8766
   23.9956
   1.35079
   7.52198
   24.4049
   48.6938
   51.3107
   6.76046
    34.238
   4.55161
   36.5181
   32.5441
  0.653571
   29.3582
   31.8869
   103.275
     103.4
    39.798
   40.1014
   10.6662
   1.26967
   24.5569
   39.9017
   21.8872
   49.1189
   47.3648
   50.4456
   33.2191
   40.7861
   35.1791
   33.0972
   25.5782
   1.71935