  3.12684
  14.6235
  18.3893
  21.5086
  69.9726
  67.8343
  22.3011
  25.4298
  24.7924
  22.9293
  22.3962
  26.0763
  23.5487
  24.4348
  22.5012
  23.5136
  20.4251
  23.7049
  22.5477
  21.0249
  20.9461
  20.1846
  19.3407
  60.1603
  23.0969
  23.6763
  21.1508
  27.7503
  26.6797
  25.4209
  30.7585
   24.056
  23.0621
  27.1683
  21.8658
  17.4165
  16.1237
  4.44784
  7.55255
  17.8083
  17.6849
  17.0332
  14.7631
  20.3099
  15.7936
  15.1091
  16.0446
   15.372
  19.6192
  15.7395
  21.9127
  22.5293
  21.2223
  16.7395
   18.478
  12.1412
  7.07228
  18.5661
  5.98929
  3.69541
  5.54886
  1.88733
  27.0166
  27.5248
   30.965
  5.98546
   7.4489
  16.0075
  17.1978
  4.17911
  2.12402
  5.07825
  8.56855
  14.9432
  15.2124
   10.275
  7.38544
  27.9388
  37.0997
  3.84082
  1.81572
  3.43602
  4.35057
  6.46982
  20.7791
  5.82252
  6.48212
  5.82692
  13.7437
  21.9928
  2.84981
  20.3607
  2.99021
 0.446724
  16.8842
  15.5709
  16.5921
  16.6985
  21.7008
  21.6417
  18.1359
  28.1167
  27.3494
  24.8461
   24.711
  25.4632
  20.8258
  18.9694
   22.589
  55.3534
  22.0859
  69.4831
  20.5983
  8.05235
  4.89489
  13.0648
  18.9532
  22.3281
  24.4549
  16.4217
  22.1239
  18.0224
  17.3768
  11.3334
  11.6108
    21.45
  25.7548
  27.4359
   26.694
  26.6718
   61.209
  59.4878
   14.414
  17.6348
   2.4571
  1.86085
  1.25605
  8.59028
  14.3697
  18.8117
  26.1253
  27.4357
  20.7401
  16.4265
  14.6766
  70.6052
  17.5578
  11.8469
  19.3351
  22.2021
  24.4597
   19.226
  26.9891
  21.0023
  77.5666
  25.1089
  19.9749
  16.2395
  16.0988
  11.3069
   4.1771
  3.94745
  8.69867
  22.4094
  17.5431
  17.5936
  16.8466
  23.6285
  19.6924
  20.0241
  16.1214
  70.2665
  4.53706
  12.8897
  23.4443
  11.2514
  3.57999
 0.680142
  2.32947
  15.8894
  7.89109
   10.252
 0.291494
  2.95923
  2.84555
  15.1711
  31.8142
  3.09221
  15.6663
  10.3788
  11.2964
  1.91511
  6.08994
  6.38291
  3.05901
  28.4132
  11.5274
  36.4508
  23.6688
0.0824412
  5.05543
  4.22321
  15.0305
  15.2555
  1.12233
  2.75971
  23.3425
  1.99289
  11.7806
   3.5194
 0.756252
  1.99945
  25.1447
   26.882
  35.8065
  2.59224
  16.7004
  13.1869
  2.04128
 0.797927
  15.3154
  10.9377
  22.0605
  5.28091
  27.5788
 0.657012
  4.71208
  11.0807
  6.30471
 0.816312
  23.6118
  14.2649
  11.4978
  11.2968
  11.0469
  2.78373
  13.3269
  2.42154
  11.2877
  9.04298
  28.9618
  14.5143
  20.7937
  7.52361
   4.9967
   29.006
0.0738789
  17.8951
  5.75831
   2.7261
  2.05587
  8.93056
 0.935712
 0.318656
  11.5833
  14.3347
  7.37867
   14.928
  0.36456
  2.32757
  16.8456
  10.5405
  10.8619
  5.00391
  26.1107
  5.72618
  26.3986
  3.73185
  4.76572
  12.3403
  16.9398
  12.5654
  13.1534
  10.3469
0.0623936
  5.56749
  4.00188
  5.38467
  6.73746
  30.0122
  4.29392
  5.02139
  5.37037
  63.8332
  6.30245
  9.20345
  9.15463
  28.8101
  3.35583
  4.08806
    4.599
  29.3642
  4.17985
  7.05576
  7.97518
  5.95386
  3.58939
  19.7612
 0.456557
  2.23172
  1.78945
  6.26233
  2.36108
  1.20025
  10.8136
  7.05742
  8.10534
  13.1084
  13.4998
  3.09657
   25.377
  3.19155
  29.7303
  10.9806
  5.54656
   1.4233
  5.15671
  1.53958
  1.91755
  1.55717
  9.36739
 0.321406
  5.90566
  3.64071
  1.33553
  6.06529
  5.88796
 0.904997
  27.9828
  19.9364
  18.0299
  67.6607
   67.525
  12.6821
  3.84657
  6.67633
  4.94832
  6.72279
  2.82729
  2.42025
  16.0248
   16.692
  32.2576
  3.49727
  17.2005
  5.47181
 0.131599
  2.16213
  2.22123
  1.08592
  62.7935
  5.87469
  5.92168
  22.7964
 0.345176
  5.51121
  1.69998
  2.97214
  4.95585
  3.89025
  5.88155
   4.0909
  2.83274
  20.9804
  1.76925
  19.1962
  20.0604
  2.93417
   3.6794
  4.06789
  2.48516
 0.573298
  4.22731
  2.73658
  4.71988
 0.504667
   13.279
  6.49865
  16.2255
  23.0629
  2.39396
  19.5708
  16.7239
  8.69184
  19.2303
  3.10081
  6.25874
  2.68099
   17.377
  6.65733
  12.6508
  20.1824
  21.5276
  67.9945
  11.0469
  15.8445
  25.6697
  16.7391
  7.17629
  10.1957
   3.2919
  7.85898
  3.67986
  7.34791
  20.6554
  12.2185
  8.03754
  10.7627
   19.117
   6.4496
  16.5615
   21.323
  17.4292
  8.77366
   12.155
  11.1631
  8.24777
  4.36812
  12.8744
  16.0668
  20.0504
  1.85822
   18.823
  10.5586
  1.29451
  6.79119
  1.27309
  14.9316
   2.7291
  10.6384
  7.84702
  19.4078
  8.38558
  6.45507
  4.92723
  11.5861
  1.18559
  19.6395
  2.03588
   68.403
    2.946
  13.6373
  17.6916
  6.29709
  18.6314
  13.7887
  13.6344
  17.8834
 0.757077
    9.513
   2.4757
  17.0785
  10.7298
  7.88009
   1.8616
  70.2416
  20.8016
  6.12678
0.0195437
 0.658776
  69.2621
  12.3564
  5.49889
  4.97656
  3.21659
  33.0467
  7.08724
  8.03849
  11.9354
  11.1285
  15.4163
  22.9621
  13.8843
  13.1862
  5.19787
  1.25931
  59.8165
  2.99212
  6.94461
  5.38615
  29.7848
  1.44031
  10.6002
  3.10695
 0.765849
  17.7591
  2.24754
  3.10007
  1.30155
  5.17467
   63.568
  26.5406
  7.26581
  1.90228
  2.07021
  2.83815
  15.6742
  4.51443
  13.0985
  5.40139
  1.27927
 0.380675
  3.71313
  3.71434
  12.7332
  5.15268
0.0850061
   26.076
  5.26311
 0.307917
  8.15271
  9.18974
  2.45955
  2.59293
  3.84419
  7.08051
 0.835339
  9.56043
  34.2647
    3.882
  6.52828
  4.38531
  1.25828
  7.36721
 0.190647
  33.3459
 0.506029
   1.3492
  3.88665
  5.05637
  4.56815
 0.953994
  61.2045
  3.31596
  3.13074
  17.0914
  3.00757
  1.09478
  8.46966
  18.3577
  20.1688
  3.86384
  4.37695
  26.1071
  13.9778
 0.476831
  8.85309
  5.33659
  5.41416
   6.9604
  4.31815
  31.7939
  9.28912
  7.45798
  27.3813
  21.6941
  16.4537
  4.87785
  7.97598
  3.71349
  3.23881
  3.63288
  0.40711
  1.16261
 0.033036
  8.27724
  16.5095
  67.7997
  11.0913
  5.51527
  15.4505
  26.0146
  67.5937
  2.10477
  20.9171
   1.4975
  3.56401
  2.00719
   1.7548
  4.23877
  3.79725
  8.35744
  11.3014
 0.172716
 0.411926
  2.77635
 0.532504
  20.2314
  14.2868
  8.73944
 0.086903
   28.609
  2.38576
  3.35215
  9.02145
  9.40913
  18.8655
  19.0563
  3.12086
  8.54605
  16.6435
  15.7045
  20.5117
  14.1498
  29.3503
  8.73048
  14.1208
  16.6324
  6.62987
  26.8006
  19.2289
  7.40117
  6.56506
  4.48284
  14.9083
  11.1042
  9.36962
  2.33812
  4.36614
  4.84379
   7.7297
  10.1812
  16.7656
  33.5746
  1.13943
  7.42137
  4.50712
   5.0688
  1.64566
  15.2813
  5.29718
  29.7565
  19.3419
   5.9232
  4.18817
  8.00428
  1.52942
  11.2224
  5.13679
  35.6269
  7.30529
  5.84079
  3.10522
  16.8267
 0.132996
   7.9178
  1.35269
  6.42878
  4.85174
0.0578098
   1.5068
  3.03054
  29.7151
  16.7209
  2.72424
  18.5876
  3.31155
  2.19805
  22.6002
  23.1259
  21.7878
  22.1847
  9.41206
  4.75506
  16.1686
  13.3648
  17.7819
  6.93577
  7.87012
  11.3764
  30.9995
  4.46906
  26.9305
  68.5488
  3.87244
  5.53784
  29.8489
  25.3939
  18.4138
  16.9545
   16.082
  20.6261
  16.9928
  5.69505
  5.62652
  56.9634
  13.3681
  21.6729
  20.8602
  18.7946
  37.7914
  20.9686
  21.0056