  87.7488
  20.5675
  7.15761
  4.14842
   67.464
  5.95286
 0.230767
  2.62764
  4.30073
 0.740611
  4.14573
 0.256456
  1.21985
   2.6097
  3.17958
 0.133627
  0.75338
  0.11433
 0.376884
 0.183146
  2.59091
 0.503614
   1.3369
   5.4171
 0.155968
  0.90102
  66.4529
  1.55517
 0.628786
  1.11102
  2.56496
 0.144327
  1.58992
 0.975895
 0.545453
  3.20037
  19.0297
  23.2599
  3.26909
  6.52024
  2.57656
  5.09359
  4.96947
  9.73817
  10.6437
  8.80635
  2.36592
  2.72691
 0.427743
  1.78519
  1.68218
  6.06147
  10.3819
 0.682571
  5.32146
  5.90866
  1.87421
  1.39102
  1.04636
  16.8415
  15.8456
  25.8571
  8.61096
  10.3607
  39.4146
  38.3812
  34.5933
  36.1661
  6.22053
 0.968786
 0.879685
  20.9397
  7.15508
  8.97982
  8.99112
  21.6428
 0.908768
 0.559038
 0.993647
  5.86382
  7.39303
  12.6544
  8.24912
  2.60062
  70.9838
 0.793257
 0.574581
  0.80004
  1.35221
   3.4173
  3.05897
 0.610719
  2.61937
  7.32048
  7.32372
  1.25872
 0.714364
 0.405035
 0.219075
  4.54366
0.0602399
  3.56689
   3.8327
 0.282766
   5.1519
  5.39657
  3.71723
  33.8022
  34.1581
 0.758084
  26.2125
  29.9247
  1.49404
  5.96908
  6.95298
  1.94958
  2.65026
0.0999308
  3.68781
   2.4356
 0.435305
  1.73241
  4.21045
  7.46159
  2.48572
 0.794897
  3.27153
  4.99513
  5.21763
  76.2513
  9.47195
  8.56073
  30.6584
  32.6659
   26.691
  32.4758
  35.9796
  6.67946
  1.66966
 0.324468
   1.4254
  2.99314
  4.58914
  6.00107
  5.72907
   2.8449
  2.21808
  1.24466
 0.205364
 0.534325
 0.133386
  1.56098
   12.121
  10.1744
  9.48066
  6.09238
   6.6111
  2.18799
 0.561306
  1.91319
  1.88499
  7.42375
 0.131856
   0.7648
  3.13672
  7.71098
  3.14179
  5.12423
  4.25342
  1.82574
  5.11549
  5.56517
  34.4568
  45.4557
  29.1573
  30.7423
  3.01034
   7.6075
0.0099298
  2.88056
  3.92026
   4.6293
  2.43881
  5.21899
  3.85373
  3.89597
 0.774118
  9.53875
  2.99165
  68.7327
  6.55049
  2.23241
  4.73586
  1.00285
  1.48329
  17.7294
  4.01538
  10.2113
 0.317244
   14.002
  7.18733
   38.451
  70.7678
  37.3819
  75.5688
  24.9831
  3.47457
  94.8015
   5.0637
  3.76375
  38.5019
  25.7847
  26.0672
  25.5287
  95.3297
  25.5869
  24.5243
  7.83794
  11.2595
  6.25199
  9.02727
  2.07626
  23.8117
  84.9304
  71.8804
  1.62218
  24.9241
  95.4121
  33.2928
  1.29545
  1.71695
 0.117668
  2.20743
   3.4138
  25.0955
  22.7208
     72.6
  34.2768
  15.3566
  34.7832
  78.7327
  36.6595
  19.0436
  76.6477
  3.87637
  3.12906
  26.2509
  1.30542
  9.76576
 0.818783
  1.49908
  10.8431
  9.80737
  95.3837
  25.5335
  7.80025
  12.0498
 0.915495
  1.69781
  0.32569
  5.58737
  71.1807
 0.316116
  71.5971
  5.84904
  25.7577
  26.8981
  25.7201
  9.85676
 0.769188
 0.641652
 0.230104
  8.56501
  25.0134
  82.5479
  31.0807
   90.147
  76.0763
  6.73444
  9.31177
  8.49691
  1.85475
  14.8123
  25.6053
   10.584
  35.6793
  24.8177
  85.3391
  25.3959
  17.8481
  25.5266
  26.6802
  1.75941
  7.64439
  27.5541
 0.530855
  5.54035
  1.13193
  25.3394
  25.5283
  21.5898
   1.3108
  4.23646
  81.2125
  28.8917
   3.1376
  4.24182
 0.268438
  3.38686
   12.292
  25.4827
 0.713322
  25.6403
  27.1326
  26.7045
  30.4595
  24.9946
  26.4322
   22.654
  29.8121
 0.196852
  10.1473
  5.54833
  36.2856
  72.6981
  33.9394
   17.099
  30.7218
  65.3247
  12.0774
   12.638
  6.98443
  6.62348
  17.6696
  1.16089
  3.63517
  3.37783
  19.1337
  25.7937
  22.7122
  24.3603
  16.0658
  24.8781
  36.6623
 0.762079
  3.37328
  5.48135
  11.1366
  30.2218
  29.5739
  63.6424
  11.5234
   13.564
  9.26646
   22.121
     4.64
   29.137
  17.8903
  25.1867
  6.77072
  1.30389
  95.4857
  2.80771
 0.878904
 0.729912
  76.8298
  79.3094
  1.10685
    82.28
  21.1882
  16.9586
  20.7006
  3.18733
 0.890547
  6.11473
  0.96976
  25.8729
   25.091
  27.7568
  9.79433
  9.33256
 0.929538
  16.0907
  1.98191
  2.90284
  78.2338
  86.8369
  22.0181
  36.1467
  1.93788
   1.3298
  79.4451
  37.3955
  1.29181
  6.28039
  4.08487
  8.75917
   8.1991
  33.8357
  25.5367
  9.52988
   19.891
  30.9265
  25.6639
  4.35321
 0.304267
  2.49805
  1.64571
  5.40016
    0.357
  23.8015
  2.67431
  4.62002
  25.3032
  19.9701
  34.5749
  38.3281
  8.57255
  79.3485
  1.29209
  1.56459
  1.18095
   3.0243
  5.68669
  8.25818
   73.249
    33.34
  5.67427
  1.29524
  3.79028
  34.8112
  66.3359
   7.6968
  2.29814
  4.52594
  78.1921
  14.4074
  0.58925
  10.1056
  3.39985
  22.6696
  6.19912
  2.92606
  3.17108
   3.2156
  5.29427
  21.2245
  2.77288
  25.8233
  36.6899
  3.41836
  2.10649
 0.150149
   5.0853
   28.853
  9.35859
  2.06392
  10.8221
  90.7778
 0.308303
  33.6217
  4.55445
  1.71791
  7.01218
  11.3815
  8.41164
  27.3315
  36.9466
 0.231503
  4.27385
  2.61504
  2.69465
  2.11983
  5.66767
  17.8991
  9.87316
 0.251135
  1.18436
  10.8615
   25.948
  19.5218
  16.9144
  40.0022
  1.28709
  35.9225
  31.7638
  37.4693
  29.9201
  23.8535
  10.5267
  0.82492
  25.7853
  38.9337
   22.778
  34.0171
   39.526
 0.412373
  2.13197
  12.7128
  36.8042
  21.9757
  11.3098
 0.140875
   6.0188
  4.15656
  28.1847
  26.5456
  29.5146
  7.39334
   9.8346
  6.32985
  4.45937
  2.47881
  9.07181
  3.35434
  1.69805
  3.62447
  1.33565
  75.1875
  25.5281
 0.347559
  32.0513
  10.5528
  37.5726
  44.3358
  76.6711
  1.36829
 0.174093
  10.0217
  36.8813
  11.4708
  0.51132
   3.5462
  28.3527
  22.2201
   25.487
  34.9631
  77.5669
  32.3663
  2.06799
  25.7681
  10.2308
  5.08162
 0.639703
 0.776191
  2.51776
  85.0527
  1.24076
  38.2394
  4.29179
  1.15648
  9.54042
  0.55098
  6.06302
 0.934522
  65.7971
  35.9497
  19.0564
  90.6344
  7.53026
  1.14341
  2.63067
  31.0668
  30.9631
  23.0529
  35.5835
  3.36851
  2.23232
  6.29874
  1.55794
  10.6201
  24.9338
 0.233581
  11.3343
  12.1097
  27.1898
  6.52793
 0.621812
  2.00322
  3.01939
 0.705053
  1.29197
   36.615
  10.9574
  10.9305
 0.494146
  0.72211
  19.9174
  12.2613
  30.1434
  32.4363
   27.017
  29.0382
  9.30296
  15.3637
  2.29525
  9.74384
  7.31016
  5.70955
  34.5533
  31.2267
  8.23127
  3.06015
  39.0576
   3.7702
   70.964
  2.86954
  19.8089
  21.9416
  18.4721
  90.9143
  20.0276
  3.78422
 0.195151
0.0669222
 0.408641
  1.95674
   1.5152
 0.132061
   31.573
  31.5433
   25.555
  29.1311
  29.8211
  2.41443
  28.6907
  27.3203
  13.9158
  12.7962
  3.74407
  3.05784
  1.42588
  8.76866
  6.18862
  29.6456
  15.0232
  3.34071
  6.06609
  20.2196
  72.8898
  2.98436
  2.11931
  2.28874
   2.6173
   31.583
  26.8986
  3.10465
  4.18577
  1.25189
  6.32065
  78.3478
  4.74908
  83.8246
  25.8626
  76.4253
  1.28434
  39.9392
  5.37272
  37.5946
  27.3291
  28.4124
  28.4085
  18.5522
  18.5868
  19.4162
  2.80218
  19.9095
  28.3485
  76.3224
  2.19101
  26.1405
  0.46192
  2.15192
  1.03593
  8.57616
  26.7165
  31.2948
  8.33938
  5.24985
  30.9602
  32.1854
  2.80022
  6.44637
  3.45468
  1.06089
  73.8044
  75.9502
  0.86937
  20.0351
  25.9268
  10.2268
  18.3833
 0.918057
  1.06435
  34.5885
   38.142
  22.2607
  85.2607
  35.5746
  7.62971
  8.16275
  85.1311
  7.20976
  2.50886
  1.65358
 0.511069
 0.734647
  3.11264
  7.10404
   2.1745
  1.07336
  10.4392
0.0686735
  2.92949
  28.9584
  36.2624
  38.3691
  27.0028
  25.9803
  38.9359
  38.1574
  12.0253
  10.3093
  19.4236
  3.37218
   1.1954
  35.7967
  3.05445
  4.98334
  2.04814
  9.72307
  3.26171
  1.44332
 0.617302
  1.69388
 0.106305
  2.45414
  1.47252
  8.00236
  5.11875
  5.28752
 0.808893
  5.34117
  88.4462
  9.96642
  35.9505
   68.318
  78.4682
  1.60095
  1.66051
  38.4018
  37.9972
  28.5287
  30.8324
  8.09052
  17.8671
  22.1706
  22.4004
  24.8671
  33.2795
  28.0732
  14.9311
  1.41148
  36.1148
  36.8922
  85.4878
  29.7431
  28.9124
  30.2749
  17.9037
   27.137
  28.5917
  16.8481
  30.3516