   25.7336
   25.9865
   4.29033
   1.85819
    1.9912
   0.43836
  0.244642
   7.74434
   3.78956
   5.57515
   1.13163
   0.31049
  0.443343
   4.34018
   4.66918
   4.33928
   3.67079
   2.48822
0.00147887
    2.1891
   3.33094
  0.580923
   3.00989
   2.34203
    3.5429
   3.52022
   3.52489
   4.24554
   2.67671
  0.480924
   1.91044
   2.20642
   3.42388
   4.18111
   3.11384
   1.53157
   1.27197
   16.3941
   16.6134
    1.6705
   2.55344
    2.5898
   2.54568
  0.514491
   6.47078
   8.03553
  0.947983
  0.354375
   2.54114
   1.19195
   3.75055
   1.88717
   6.19912
   6.41143
   4.17144
   1.31933
   23.6391
   25.1308
   26.7173
   25.9747
   27.9062
   29.7547
   30.1635
   2.23688
   1.39652
   25.0881
   22.2178
   4.00177
   10.0247
   12.6329
   11.2374
   17.1858
   26.4382
   26.1833
   27.5348
   25.8559
   5.56484
   27.6181
   7.91455
   7.69855
   23.0844
   2.08042
   16.8128
   26.3038
   25.4233
   26.7149
   18.7585
   22.3654
   25.3704
   26.4158
   8.79476
   21.3509
   6.16946
   2.70025
   10.9395
   14.7375
   4.80467
   1.64329
   11.1155
  0.938507
  0.766456
   6.38181
   3.58152
   1.02049
   2.64552
    7.0469
   2.09445
  0.486246
  0.520008
   2.45208
   6.61983
   9.43117
   6.29216
   2.37633
    2.6577
   0.27821
   1.50354
   4.08766
  0.410612
   3.60889
  0.825059
   1.09852
   3.68834
   4.75228
   9.57307
   26.6987
   23.8428
   1.59671
    13.182
   1.26686
  0.838236
   3.53673
   3.29444
  0.684785
   0.17001
   3.39291
   3.61459
    1.2521
   0.95512
  0.851512
  0.286996
   5.59861
   9.24563
  0.745089
  0.024128
  0.558142
   1.35178
   1.41992
  0.434147
  0.868047
   7.47694
   9.30686
    25.528
   25.8807
   24.5736
   27.0111
   7.67139
   8.68815
   6.22278
    3.9627
   1.13289
   1.07676
    2.7123
  0.980827
   1.77278
   1.06735
   1.15821
    4.9834
  0.945302
   2.91085
    7.4945
   4.31797
   3.52574
   3.24819
   2.56502
   1.74832
  0.703313
  0.286507
   3.42264
   1.50011
   4.87469
 0.0635203
   1.93766
   2.82525
   2.33266
   3.26387
   4.91384
   7.71368
   1.91286
  0.462706
   1.72659
   1.24864
   10.3459
   8.68333
   7.28303
   7.95884
   1.76075
  0.989446
   4.15524
   4.27961
   3.77186
   17.6845
   24.1773
   23.5899
   28.1145
   27.9973
     23.47
   2.79243
   2.66974
   15.5358
  0.891671
   7.69213
   8.56475
   5.45058
  0.744214
  0.309676
   1.18001
  0.508154
  0.541691
   3.08288
   2.62462
   2.37316
   7.08403
   9.27111
   1.40541
   8.64319
    7.5554
   6.76268
  0.880283
   1.95698
   1.53687
   12.8735
   3.34047
   28.4279
   4.75522
   30.5229
   30.8323
   27.4713
   29.1019
  0.675501
   0.94365
   4.34474
   30.8971
   33.0004