  7.53247
  7.86934
  1.13461
   3.3085
  5.12412
  7.40461
  14.6681
   14.888
  10.9099
  14.5956
  11.2034
  14.3207
  13.4742
  11.4927
  2.49756
  5.53106
  1.79464
  5.63205
  9.86776
  12.3713
  13.1277
  7.41637
  5.29983
  7.22015
  7.82903
  4.22325
  5.26073
  1.73605
   5.1534
  15.3399
  12.8443
   19.788
    15.91
  11.4976
  9.75553
  10.2641
  12.7596
  13.4533
  20.2787
  2.35706
 0.696798
  3.49704
  4.37201
  13.6269
  5.39317
  2.70453
  15.3971
  2.16445
  1.51885
  12.0556
  11.0367
  4.29982
  10.8987
  9.36355
   8.0827
  4.02279
  1.06413
  3.44162
  4.25576
  6.90424
   6.3727
  7.59629
  4.66366
  6.20407
  5.66604
  7.37446
  9.92468
  15.0682
  13.7325
   13.756
  12.2968
  15.5483
  4.09061
  13.6933
  7.81308
  1.59477
  2.63055
  13.2845
  5.08335
  3.89725
  6.37868
  5.73758
  14.5613
  8.43733
  8.00881
  5.10413
  12.7647
  1.45483
  6.99138
  6.83393
  5.94045
  7.35798
  3.50398
  11.5344
  11.7944
  8.07799
  13.3972
  14.2761
  14.5455
  8.76722
  13.4458
  1.30449
  6.67781
  3.13866
  1.31595
  5.16883
  1.97183
  10.8832
  14.3957
  10.6264
  14.0364
  1.14622
  4.30258
  5.74853
   1.0197
  12.9303
  12.3614
  11.3275
  3.75942
   16.259
  4.69521
  6.25276
  12.2748
   6.1512
  5.61568
  20.5019
  9.34577
  17.0633
  5.07938
   15.426
  12.8096
  18.5887
  14.5688
  9.46147
    8.009
  13.2708
  7.59515
  27.1974
  5.84546
  13.2981
  6.49771
  6.89795
0.0385969
  5.37976
  10.1694
  10.3827
  19.0734
  9.26145
  6.02813
 0.201624
  6.85525
0.0106996
  12.4964
  7.51757
  3.56547
   9.6911
  9.98329
  11.7963
  2.95055
   13.084
  2.39249
   8.7207
   8.1257
   14.636
  13.8346
  10.5424
  12.4606
  5.37106
  15.0835
   16.356
  5.76909
  2.65411
  8.65004
  7.78234
  12.5046
   10.533
  15.6084
  30.0021
 0.965233
   6.0911
  15.2781
  18.0734
  3.10049
  5.40628
 0.840745
  12.7603
   14.505
  4.64031
  65.1419
  2.30978
  7.63388
  6.01605
  8.59952
  5.71791
 0.832455
  12.5557
  13.0429
   16.539
  3.26862
  6.69874
  12.9019
  12.1459
  7.30776
  8.29798
  3.56669
  6.52548
 0.308238
  4.54044
  5.50096
  10.9093
  7.56371
  6.29647
  22.1367
   15.016
  21.6119
  13.0757
  12.5167
  7.64802
  18.9137
  1.55137
  18.6415
   18.413
  14.1994
   10.452
  10.0478
  13.9455
  23.3578
  24.4988
  19.7036
  2.78395
  4.74106
  13.7985
  22.6363
   24.939
  26.5872
  28.1273
 0.551854
  4.92514
  20.7071
  25.1481
  10.8955
  14.6778
  5.60779
  10.7906
  7.91776
 0.291671
  7.46911
  17.7391
  26.4693
  1.69498
  12.8636
   22.714
 0.795517
  12.1594
  7.72319
  2.45774
 0.916081
  14.5009
  3.96505
  15.1795
  10.6034
  14.0278
   15.746
  3.29218
  4.45267
 0.961699
  11.7591
  5.10507
  6.22496
  9.47367
  10.4089
  16.5507
  64.9996
  7.27839
  11.7517
  5.57035
  3.68907
  6.28034
  0.27885
  14.3017
  11.4046
  5.58605
  13.1113
  11.0453
  15.5293
 0.667223
  12.7042
  15.0672
  16.1113
  5.32237
   4.5491
  10.6521
  9.00972
  1.78565
   8.0879
  8.66559
 0.635034
  15.4784
  2.06468
   3.8489
  7.71174
  2.44567
   12.589
  3.33155
  8.07697
  8.82276
   6.3152
  12.5171
  14.4518
  1.36363
  7.24432
  5.53867
  5.23102
  23.8328
  16.7191
  4.52257
0.0853185
  5.16329
  14.2651
  5.68768
  2.31393
  22.0444
  7.84574
  14.5578
  22.2647
  17.7559
  5.08631
  12.1486
  15.1794
  9.65628
  14.7333
   15.234
  5.98532
  28.0474
  13.8786
  11.6782
   12.294
  17.0776
  9.36797
  7.98553
  15.5988
  9.82717
  1.57371
 0.585265
  4.04423
 0.362752
  11.0733
  25.3508
  28.5926
  27.1361
  2.57859
  17.8795
  9.61953
  8.70673
  15.7638
  11.7226
  11.3261
  3.84967
  13.9555
    17.43
   7.1356
  7.63959
  7.98792
  2.81133
  4.15649
  25.9297
  14.2148
 0.650453
  5.12591
  19.8653
  6.46774
  1.96934
  13.5591
  15.0109
 0.897979
  16.3768
  15.2276
  8.10929
  24.0744
    24.11
  12.5589
  11.5164
  25.8181
   14.591
  18.5776
  23.5984
  18.6328
  17.1813
  18.9266
  27.7937
   24.869
  11.4951
   8.7114
 0.361056
  4.44983
  20.0701
  16.0499
  6.62602
  15.8236
   10.802
  3.30179
   7.0313
  7.32664
  14.2222
  10.7303
  16.1062
  17.7205
  19.3622
  20.9548
  18.8632
  17.4646
  17.0807
  15.5111
   13.421
  9.18303
 0.184418
  25.2095
  25.7136
  21.9833
  6.30875
  3.34343
  7.13473
  12.1152
  16.9294
  19.1058
  4.18069
  4.35197
  16.4803
  17.9048
   10.289
  5.99845
   27.902
  6.22467
  4.21425
  6.94087
  5.95995
  1.94545
  5.44701
  26.2183
  26.4649
  6.05036
  7.18409
  26.4732
  22.6445
  9.27632
   7.8248
  6.67427
  6.16193
  9.16237
  26.4012
  17.2337
  18.2447
  12.8721
  12.9536
  14.1524
  7.40151
  18.6892
  1.75617
  8.41545
  8.75974
  5.68568
  19.5718
  6.56241
  4.97049
  15.6306
  15.2989
   18.274
   25.238
  8.46368
  17.9437
  24.1556
   23.469
  23.9202
  15.0537
  2.35306
  1.80575
  9.87203
  13.8256
   9.9612
  3.04317
  19.1458
   6.8558
  11.0866
  8.36762
 0.747345
  15.9909
  15.7528
  20.4068
  12.6022