   33.4841
   3.70647
   6.43498
   2.97456
   3.95855
   4.33609
   3.90681
   9.74949
   1.81385
   3.34468
   1.24774
     7.583
   7.88419
   2.32727
    2.1221
  0.569885
   1.67841
   1.33688
  0.721608
0.00879073
   5.64223
   3.76678
   3.03884
   2.81138
   7.41191
   5.01971
   2.92902
   3.33577
   8.30222
   5.53948
   1.21329
  0.266975
   22.7648
   23.8599
   2.90795
   8.32547
      7.74
    3.9795
   2.50033
   11.5448
   17.5098
   7.54409
   9.40086
    5.6512
   4.68651
  0.744382
   2.32438
   1.71251
   4.94799
   1.41217
   9.07269
   11.5794
   6.39928
   18.4166
   23.4169
   20.9005
   25.8213
   5.08191
   5.63971
   5.67534
   19.9226
    16.084
   18.1366
   19.9079
   26.5237
   24.7224
   25.1088
   35.6276
     36.49
   35.3234
   10.2681
   9.83883
    9.1986
   5.24651
   4.31649
   5.13846
   23.0525
   26.2785
   26.1194
   18.7276
   20.8711
   18.0657
   20.8502
   19.2044
   24.3576
   5.80587
   13.2771
   9.64765
  0.592714
   8.82469
   5.07159
   6.38498
  0.880436
   1.08786
  0.254667
  0.076028
  0.761704
  0.589627
   1.96926
   4.53873
   6.12751
  0.932414
  0.632546
   11.5631
   16.4591
   4.03124
  0.163455
   6.52113
   7.48694
   3.17188
   4.32464
   4.73573
  0.876005
   9.53266
    9.6973
   33.5816
   34.6608
    4.9131
   29.4129
   31.9065
   2.45506
   10.6798
   10.5647
   1.77693
   3.56784
   4.47147
   2.40999
   2.76123
   3.19616
    9.9507
   11.9716
   5.39436
   5.64118
   5.50953
   7.40882
   5.50808
   4.50871
   2.74805
   7.00627
   8.41679
   31.3998
   34.4256
   29.1054
   37.9923
   10.0335
   8.24944
   8.19264
   3.35476
   5.01051
   0.24118
   2.93742
   5.48427
   8.61612
   8.49191
   10.5424
   10.9163
   8.33301
   11.4081
   7.32277
   1.66277
   2.07644
   3.57136
     4.335
   2.75387
   7.40687
   7.35494
   8.48218
   3.01213
  0.111296
   5.04529
   2.59016
   3.40769
   3.15837
   4.14922
   8.06946
   10.0615
   9.50234
   2.66461
   4.15838
   33.6031
   29.9741
   32.5232
   32.7801
   3.74467
   1.17492
    8.0822
   1.52473
   3.72168
   8.51991
   5.24903
   3.39012
   4.37192
   6.52128
    8.3101
   6.63725
   4.28483
   3.38073
    4.9245
   1.58631
  0.342904
   3.49533
   17.9557
  0.400421
  0.594782
   1.70838
   26.9719
   36.5396
   31.3235
   26.6191
   34.8935
   35.0758
   40.6073
   30.9174
   25.8999
   10.6241
   9.57162
   35.2298
   10.6878
   7.25299
   32.7351
   12.7407
     28.34
   38.1806
   20.7465
   41.7443
   39.7658
   31.9869
   36.3266
   42.4354
   24.0525
    8.5528
  0.489428
   6.79941
   30.7747
   32.4353
   36.8296
   28.1225
   7.87028
   21.9505
   15.1528
    37.109
   26.1731
   23.0758
   21.2195
   2.04693
   1.21034
   1.11722
   2.36445
   25.8193
   33.6044
   1.60096
   24.9748
   30.6001
   17.2899
   25.4682
   27.1159
   25.3519
   8.87852
    3.7922
    9.9521
   36.3416
   9.17044
   8.86548
   24.0896
   8.56819
   3.21379
   36.3992
   24.6547
   25.4162
   2.60517
  0.332183
   1.75077
  0.259649
   18.4809
   5.41016
   28.1306
   18.1288
   4.34434
   28.7958
   39.5752
   40.4227
   5.32783
   19.4591
   1.58879
   3.17173
   1.17686
   2.02844
   33.7208
   40.2275
   24.5981
   8.37053
   41.3265
   29.3421
   6.88481
   5.76944
   5.62006
    2.4055
   2.79853
    35.449
   37.2444
   25.3304
   18.7676
   2.38697
   14.3122
   2.86491
   26.2073
   19.6243
   11.6175
   40.3382
   41.7261
   33.8978
   31.5979
   8.88692
    35.344
   36.8455
   28.1705
   28.3179
   35.9208
   5.44853
   35.1335
   38.1098
   29.3849
   7.89926
   10.7045
   33.8491
   30.3663
   1.79317
   35.7512
   37.9464
    33.465
    32.518
   30.9261
   29.8566
   36.1697
   10.3008
   2.53949
   18.5772
   10.8346
   41.9295
    30.917
   2.36184
   14.7539
   19.7338
   18.0531
   22.1615
   35.2459
   35.4703
   35.6649
   8.33965
   32.5831
   30.0321
   38.5533
   32.2976
   34.2282
   37.1414
   33.0611
   22.8322
   20.6308
   21.2134
   19.8505
   27.0751
   38.6022
   9.60148
   13.2894
   33.1895
   34.9195
   7.41876
   19.7701
    24.736
   18.6177
   18.1473
   25.1912
   27.5527
   35.0346
   34.7778
   35.0773
   29.3418
   23.6608
   13.0289
   16.2122
    1.7176
   34.7931
   37.0555
   35.6375
   30.6777
   2.12406
   19.9154
   38.0071
   11.2441
   11.5639
   32.5134
   25.2358
   26.0812
   28.0281
   29.1773
    36.457
   40.3031
   4.62577
   5.15706
   21.6723
   20.5889
    7.0858
   31.2312