7.06224
7.45368
8.28767
10.7012
12.8001
12.8507
13.5795
14.4321
16.9469
17.5185
19.0463
19.2368
20.1398
 20.187
22.3546
24.0273
26.4289
26.6816
27.6393
27.8071
29.1658
29.2755
32.3602
32.7333
32.8076
33.3179
37.6162
38.9985
39.1558
41.8433
41.9813
43.4923
43.7832
43.8091
44.6809
44.7515
44.8634
44.9226
45.5189
46.8175
48.9635
49.1919
49.3087
49.6325
50.7489
 51.806
52.6982
52.8601
 53.346
53.5104
53.8553
54.3823
54.7044
55.6546
55.9341
56.5175
58.5745
59.2871
60.0758
61.0013
61.2751
63.2495
63.6817
68.9407
70.7886
73.9363
73.9429
75.9207
78.2036
78.4993
 79.565
82.7892
84.9667
86.3043
86.9175
87.6184
89.0996