  7.32913
  4.54236
  8.98942
   7.1408
  4.51246
  1.88268
    1.814
  4.56602
  1.43179
  1.38113
    2.645
  2.04868
  1.83813
  3.87163
  0.86729
  1.34694
  8.21317
  5.16354
  5.34746
  8.70608
   1.6251
  3.01912
  2.86374
  1.47701
  3.52455
  3.84273
  2.24939
  2.21558
  2.62629
  2.13208
  4.16977
  2.58137
  7.68626
  4.55661
  5.07427
   4.0208
 0.108661
  17.3448
  5.37534
  4.20076
  6.86287
  1.85211
  1.55162
   9.6994
  4.84111
  4.30214
  16.6896
  3.64938
  3.16732
   2.9884
  7.95577
  11.9024
  14.9775
  6.90149
  1.70195
  7.05295
   3.1845
  2.68211
  11.1914
  18.4421
  61.4268
  2.81279
  4.37947
  17.9692
  0.78797
  1.49365
  9.83966
    6.908
  7.09552
  7.33571
  3.47373
  1.57075
  1.86849
  4.08962
  8.08714
  7.08132
  6.36176
   1.1786
  3.11422
  4.04313
  5.40593
  4.81778
  5.95732
  10.3198
  2.87594
 0.883189
  7.17539
  9.23112
  3.88921
  4.50232
  1.38256
  51.6185
   2.6417
  5.76924
  8.52183
  3.53637
  3.46985
  21.1185
  1.82216
  1.97083
    12.25
  11.9459
  7.00487
  1.70539
  25.3672
   24.262
  16.0203
  13.4038
  14.5125
   18.001
  3.94586
  3.65065
   4.8286
  4.46009
  2.78903
  3.26427
  5.00539
  11.9091
  4.71686
   7.5303
  62.4623
  61.7313
  5.47121
  3.72676
  2.98019
 0.386952
   9.3188
  5.21636
   5.2018
  5.31793
  4.21794
  3.04853
 0.317336
  2.31856
  2.76003
   21.932
  10.3688
  12.9123
  5.13577
  1.55877
  3.54353
  10.1678
  8.33162
  4.58787
  6.10537
  3.12849
 0.746335
  2.75605
  4.19076
  5.85855
  8.96669
  7.43218
  4.17001
  2.04419
  5.46879
  3.82773
  7.16308
  1.70287
  4.66764
  8.99026
  7.13953
  6.15388
  7.99058
  1.38466
 0.689019
  13.6661
  16.5727
  11.1334
   11.032
  15.7619
  12.7085
  13.9046
  2.73071
  2.41215
  10.2851
  16.4306
  14.9187
  2.24318
  19.7705
  27.0665
  1.92124
  8.48636
  30.6522
  7.15413
  5.75045
   2.7868
   5.1214
  17.2691
  15.3156
  3.31535
  27.6254
  17.0509
  16.2585
   17.517
  18.5984
   8.2941
   9.2578
  18.7986
  1.21611
  4.80686
  14.7562
   10.552
   1.8353
 0.539421
  7.71695
  11.6654
  23.2363
  18.4633
  2.02136
     3.36
  1.24426
  1.72327
   2.2073
  9.68828
  8.11607
  1.60441
  20.7198
  21.1519
  6.57439
  1.75134
  3.70877
  2.15644
  21.3013
  16.7996
  19.9142
  4.55382
  30.7934
  19.6027
 0.132673
  5.88217
  18.2835
  10.6038
  5.23249
  4.42942
  68.3379
  21.5771
  24.1831
  7.44448
  5.72553
   14.799
   21.182
  21.2065
   17.935
  4.21206
  3.83766
  4.56856
  8.19489
  12.4958
  2.42647
  22.7959
  61.5353
  8.35728
  4.04037
  5.38752
   2.9962
  5.95412
  3.21257
  6.04431
  6.38292
  8.38742
  5.71741
  13.4434
  9.01046
  5.71732
   3.7521
  1.60825
  17.3119
  6.28275
   4.1696
  10.6245
  8.97917
  4.22377
  3.49265
  5.97545
  5.38815
  22.6114
  28.9727
  8.68806
  3.58115
  5.77428
   14.987
  21.9441
  13.9887
  12.6328
  31.9577
  17.9526
  20.5667
  7.55596
  15.7255
  22.7873
  16.9969
  4.27979
  5.55841
  3.04257
  12.3621
  67.5536
   24.618
  16.1304
  22.9262
  2.68388
  16.0446
  5.50246
  1.77338
  23.6155
  19.5522
  23.6824
   25.947
   18.646
  18.9157
  16.3967
   20.078
  7.19667
  28.1332
   3.6899
 0.319616
  2.25067
  19.5839
  10.8204
  1.12749
  21.0053
  16.9092
   10.712
  21.9566
  14.5726
  28.3006
  3.22418
  6.09352
  9.97324
  7.44381
  4.61921
  67.6629
  20.5244
  25.8718
  19.4426
  17.6379
  15.7552
 0.559531
  19.2628
  10.0568
  6.07148
  8.67383
  4.44602
   9.6717
  14.5002
 0.179932
  10.9109
  16.1635
  10.9533
  18.1244
  2.86828
  1.82036
 0.080855
 0.832314
  18.1309
  4.34479
  3.75329
  2.55709
   3.0055
  7.79049
  27.1755
  24.8052
   1.3001
  11.7861
  3.37478
  31.9885
  1.75167
   7.4865
  7.92799
  11.3483
  6.43457
  8.05219
  1.68058
  10.2101
  1.43864
   4.8073
  3.21446
  21.3999
  14.3795
  5.94444
   6.0744
  6.31336
   5.6684
  10.4205
0.0129883
   11.938
  3.82494
  4.97175
  5.78347
  6.24397
  6.83457
  4.13761
  1.87406
  7.47314
  2.34583
  7.35486
  3.68171
 0.114741
  12.0009
  12.1641
  20.9041
  16.1168
  21.6793
  24.2508
  29.2686
  17.9355
  10.7079
 0.376385
   10.022
  24.2575
  29.5311
   5.0348
 0.225926
  13.9294
0.0193702
  6.61793
  11.6686
  17.4286
  12.7693
  6.42003
  19.3583
  14.2619
  27.4341
  36.2205
    31.84
  8.02076
  28.8977
   23.512
  11.9134
  16.8349
  22.5986
  22.8787
  7.64486
  1.24513
  4.89564
    9.084
   3.4636
  25.8236
  5.68806
  12.6114
  57.5231
  10.9008
  4.40771
  10.6988
  15.7813
  3.16381
  6.30179
  68.2525
  9.87505
  15.0655
  19.6086
  17.7747
  12.4189
  17.4812
  15.3758
  15.1032
  26.9093
  24.4777
  22.7554
   13.439
  10.5853
  34.2085
  25.8461
  20.6502
  29.6291
  17.8188
  27.4862
  8.04442
  14.2718
  1.93964
  3.92753
  5.63599
  33.9572
  28.2368
  5.45718
  1.69285
  4.40211
  7.22268
  20.5429
  3.86379
   21.282
  18.1841
  4.85735
  9.70503
  13.7741
  16.0923
  3.48317
  2.57869
  29.9903
  5.10313
  26.6988
  11.5998
  17.7609
  5.81444
  2.88746
  11.5015
  7.77983
  5.36254
  1.88021
  4.49157
  3.48028
  22.2274
  22.7136
  2.77046
  6.54749
  2.92609
  5.53067
  7.78875
 0.127473
  23.5267
  1.19794
 0.359297
  12.8793
  14.3209
  17.9466
  17.4067
   6.5409
  29.1828
  4.02712
  27.9308
  12.1296
  8.42903
  13.6574
  6.95025
   4.6357
  9.93195
  2.48536
  8.49454
   2.3042
 0.993863
  3.10174
  22.2848
  19.7687
     9.64
  3.91771
  2.20553
  2.97369
  21.4574
  20.5378
  19.7315
  7.45505
  3.25709
 0.338501
  3.55444
  3.51428
  21.7645
  7.51956
  23.1285
  2.78614
0.0765932
  9.81892
  7.53542
  17.1638
  16.3281
  27.4136
  1.29916
  10.7571
   5.4638
  3.97007
  7.62108
   14.312
  18.3243
  18.0299
  8.17876
 0.574925
  16.2245
  17.5835
  3.67176
   10.598
  8.17329
  3.12808
  17.7033
  4.16181
  1.01425
 0.335935
  6.89658
  4.43776
  4.04238
   5.7131
  5.26123
  2.24191
  5.47895
    6.755
  14.6835
  13.1678
   18.491
  17.4038
0.0412984
   6.5986
  5.25852
  3.56598
  1.26632
  9.49295
  23.3265
  3.73189
  3.77422
  12.0219
  20.2827
  10.4021
  5.68799
   14.987
  2.53957
 0.295844
 0.816734
  3.55138
  1.04005
  17.8694
  4.50348
  62.4906
  6.72816
   3.0568
  1.54734
  4.83282
  4.79836
  5.42742
  11.4819
  10.9883
  16.7627
 0.487381
  25.2888
  5.48906
  12.3942
  1.68223
  10.2026
  27.2048
  4.41052
  5.93547
  2.57267
  1.58316
  7.16219
  26.9838
  11.3264
  18.0492
  18.1562
   6.9342
  8.01048
  19.8024
  2.74032
  5.37756
  29.5734
  1.00244
  9.51388
  5.29869
  1.57962
  19.0985
  18.1669
  1.67131
  4.88573
  4.06525
  25.8625
  32.3808
  33.1803
  25.9103
  5.50266
  2.62676
  2.05254
  7.62204
  2.04957
 0.761103
  5.41386
  9.55751
  21.6587
  24.9037
  2.19222
  19.1671
  18.3591
  9.58482
  3.65939
  1.09192
  5.14377
  13.6293
  20.0396
  3.57219
  4.73823
 0.474726
   7.5305
  24.0495
  49.3528
  33.9552
  30.2178
  12.0816
  1.21407
   3.1895
  2.65921
    6.563
  33.3696
  23.1755
  5.09375
  14.8635
  25.4876
  25.9362
  25.5066
  23.9396
  2.04094
  4.52207
  3.07857
  8.92136
  1.00052
  4.06602
  22.1674
  20.8552
  8.58255
  5.17221
  21.9566
  10.8513
  4.41043
  2.63019
  2.68234
  2.56423
  2.66968
   33.296
  4.07213
  10.9435
  9.26192
  11.3391
  6.15473
  9.57495
   10.573
  8.12574
 0.755761
  2.54528
   2.1716
  3.73751
  2.36361
  7.41972
  22.2407
  7.86207
  5.50157
  12.7017
  9.14507
   27.133
  4.05161
  24.0242
  5.99237
  4.00967
  3.77703
  24.4041
  24.4727
  24.1282
  27.8951
  13.2904
  13.5319
   30.188
  5.26389
  4.78213
  5.20545
  7.53849
  6.82297
  8.26421
   9.3312
  11.7732
   15.566
  2.45205
  2.68378
   3.8783
  5.44398
  29.0476
    3.206
  11.4136
  15.1306
  22.7193
  23.4809
  25.3435
  11.3669
   4.4874
  7.48499
  5.32004
  27.0059
   28.125
  31.6354
  23.9591
  25.0599
  30.4762
  26.2279
  11.9239
  2.98493
0.0953019
   19.732
  18.7597
  8.71849
  21.1617
  21.1123
  8.68243
  7.79576
  24.6782
  3.12854
  2.52476
  2.53295
  29.2435
   3.3186
  3.21941
   1.4553
  5.37934
  5.94014
  1.75463
  24.4996
  25.1951
  6.12658
  2.36622