  26.5797
  5.75404
  4.68251
  2.10289
  3.13193
   2.9262
 0.877445
  2.62953
  2.06975
 0.406832
  1.86191
  1.72139
  1.38088
 0.586882
  2.66134
  1.70555
  1.99103
0.0475569
  1.15398
 0.586664
 0.812556
  2.37542
  1.70987
  1.24054
 0.658415
  1.25014
  4.03014
  3.72112
   3.6606
  2.11817
  2.38051
 0.039632
  2.60894
  3.60548
 0.984766
  3.66074
  1.19797
 0.732223
  22.6505
  23.0267
  4.25083
  7.98113
  1.77159
  4.29939
  6.47306
  14.5141
  9.36593
  10.7037
  3.04924
  4.79299
  1.59394
  3.33142
  1.56764
  2.71555
  5.43484
  8.15529
  3.35105
   4.8569
  10.2685
  30.1216
  25.8703
  31.8953
 0.354746
 0.636027
  2.70899
  21.0706
  26.0862
  27.2051
  21.5759
  20.7655
  12.3833
     21.4
  36.8898
  35.7994
  36.0242
  13.5366
  12.9568
   22.426
  21.4012
  1.11098
 0.175464
 0.715066
  27.6697
  30.0368
  31.7318
  25.6244
  29.6324
  7.95295
   7.9967
  23.9229
  26.0022
  1.16022
 0.480069
  6.75528
  5.80515
  14.4626
  13.3922
  13.8024
  12.3557
  1.34284
  1.20389
  3.83821
  3.37558
 0.895391
 0.757346
  4.16106
  3.46697
  1.06962
 0.241927
  4.64316
  3.66567
  5.96817
 0.831586
  3.82229
   1.8614
  4.94288
   2.4789
  2.25627
 0.227545
  69.8232
  5.04615
  34.7081
  36.1315
  28.4638
    29.92
  4.47692
  8.03386
  6.90883
  4.54692
  2.06602
 0.599771
  4.26713
  3.13074
 0.965612
  1.27081
  1.07129
  2.21126
  9.58458
   9.3308
  2.32704
 0.319411
  3.25378
  5.01242
  0.95404
  3.36691
  10.9676
  9.58989
  33.4798
  33.8547
  27.1306
  33.4549
  9.98173
  9.76572
   1.1831
  1.44999
   3.5169
  4.84946
  7.97273
  2.72485
   5.1617
  1.30482
  0.87946
  4.03282
  7.10398
 0.770076
  4.90277
  12.0463
  5.08378
  2.72032
 0.582441
  5.33533
   8.4459
  1.11103
  2.69666
  13.2697
  6.48864
  5.33726
  35.4405
  33.8121
  29.1943
  29.5666
  2.35732
  5.96556
  5.12761
  3.84818
  3.47884
  2.77539
  3.16297
  5.13934
  5.44182
  6.66846
 0.359592
  4.30168
  17.3903
  10.7376
  2.48852
  10.7998
  38.3072
  35.5479
  32.0841
  34.7716
  2.18459
   13.021
  12.6439
  3.67694
  2.74925
  36.9995
  34.2264
  1.99238
  7.29152
  2.75236
  10.4218
  39.1517
  41.5896
  2.65565
  28.6752
  89.0511
  31.7701
  3.37536
  34.1011
  36.9335
  2.55069
   36.256
  38.2159
  24.2115
  33.5629
   35.594
  32.9324
  1.30006
  8.07518
 0.315966
  3.21462
  31.2185
  7.83356
  8.00439
  32.0768
    33.97
   0.4059
  7.29851
  7.42128
  4.65959
  5.47697
  2.02379
  39.1694
  31.4398
  93.3956
  25.0376
  26.7112
  5.47305
  1.29366
  2.26565
  10.9493
  44.8124
   33.478
  38.6357
  24.7133
  24.2349
  1.38585
  9.75434
  2.57917
  26.0978
  33.5341
  36.4932
  39.8877
  10.6148
   35.393
  35.5461
  18.8416
  35.3938
  4.18659
  29.7386
  1.78994
  8.16446
  1.21785
  23.6761
  25.1609
  4.59869
  3.03199
  32.2283
  29.3828
  2.09358
  24.7172
  8.41263
   1.1276
  15.5513
  24.8324
  22.2211
  26.8073
  26.0763
  29.6801
  1.23109
  28.8459
  31.8483
   26.197
  23.4431
  24.2714
  9.25249
   32.595
  27.7111
  28.9279
  21.1011
  33.1753
  20.4236
   33.611
  37.0151
  28.4317
  2.03203
  27.6859
  33.7873
  29.2953
  23.4227
   21.146
  24.7039
   9.2636
  6.95719
  27.4594
  38.2714
  0.67187
  29.8041
  38.8621
  4.36309
 0.244197
   2.6698
  28.9612
  33.5238
  28.5083
  34.6988
  34.2611
  37.1196
  91.6224
  37.2359
  25.0929
  35.2164
    31.17
  39.7461
  1.11507
  4.90922
  13.0977
  32.9221
  31.2552
  42.0603
  30.0392
   31.798
  30.9553
  10.1779
  29.4149
  34.5423
  2.12532
  34.4074
   3.5741
  1.28543
   30.058
   43.773
  31.5963
  1.09746
  35.2733
   75.055
  24.9276
  25.7571
  27.0534
  37.2758
  26.5121
 0.913512
  5.82826
 0.985964
  4.45579
  34.4711
  10.0932
  12.2986
  3.55966
  20.0665
  1.48201
  41.7047
  26.8195
  38.7579
  25.9382
  34.2227
  43.9836
  36.8771
  6.14988
  5.47995
  38.5754
  4.80351
 0.749904
  6.04288
  6.47544
  4.58397
  34.3233
  25.5422
  41.9688
  44.8768
  3.59709
  33.6389
  5.75557
  15.9175
 0.978649
  6.59879
  4.69349
  1.56514
  22.6583
  31.9488
  23.8888
  35.9863
  4.23626
  1.59266
  3.43727
   5.0763
   32.737
  10.2626
  32.9225
  36.7615
  32.8429
  35.0822
  7.72198
  30.8567
  12.9253
  2.43013
  13.5636
  2.06387
  24.7283
  5.65605
 0.827434
  3.31612
  5.72156
  23.7406
  1.79847
  34.4343
  2.72258
   6.0099
  31.2678
  6.26011
  10.9285
  34.9077
  6.79427
  3.16041
  33.6536
  31.2759
  4.60873
  10.2791
  5.87107
  41.4726
  7.52756
  19.8117
  15.9909
0.0837563
  43.7379
 0.327974
  5.95097
  2.34788
  22.5947
  18.6187
   38.784
  1.12594
  21.8344
  36.2263
  33.0316
  38.2906
  28.7807
  28.3075
  28.2341
  29.7731
  3.63894
  35.0981
  7.23999
  30.3304
  31.9993
   40.914
  40.2527
  37.5708
  23.8723
  31.7181
  30.5377
  28.8399
  16.4179
  27.9249
  37.1872
  29.1586
  36.4918
  28.6368
  39.7075
  31.6287
  8.22001
  32.9745
  1.56438
  27.5871
  42.8013
  27.3323
  1.00467
  24.7399
  36.9358
  40.1381
  42.1943
  40.3208
  33.8158
  8.67102
  3.84994
 0.219002
  40.0679
  22.6878
  40.8551
  23.8132
  2.97275
  6.14406
 0.254037
  3.07974
  2.40589
  40.8238
  26.1293
  39.7731
  40.5221
  33.4517
  7.10676
  38.8624
  7.35298
  25.2044
  1.35869
  1.12921
  34.5246
  3.60508
  33.6681
  43.8321
  38.6594
  31.1592
  28.6953
  42.0523
  18.7237
   2.2277
  35.1858
  37.3912
  4.82297
  2.15006
  1.95238
  37.3023
  1.85254
  2.09463
  29.5384
  37.7439
  9.32495
  13.5115
  11.6204
   31.931
    23.49
    41.68
 0.708691
  29.8403
   3.4842
  2.76758
  35.9144
  10.0171
  40.9182
  23.0355
   12.014
  31.6222
  1.58347
   39.561
  30.2829
  30.3002
  12.1663
  16.3158
  6.51447
  37.5652
  31.6213
  30.7332
  33.3372
  1.85333
  7.89618
  37.2495
 0.195513
  33.4218
  1.61762
  29.0837
  23.0705
  15.4651
  25.5308
  16.2047
   39.739
  25.9509
  25.7344
  5.10577
   7.4616
  32.6126
   28.737
  41.6284
  41.3232
  34.9936
  2.02501
  1.05455
  41.5696
  22.3756
  41.3022
  17.9954
  40.4967
  3.41372
  44.4757
    37.46
  39.5657
 0.137825
  1.03013
  4.84843
  4.88441
  42.0531
  41.4374
  23.7193
  4.48513
  7.61237
  12.6116
  25.6255
  44.4137
  1.68017
  1.64449
  5.02168
  2.49357
  35.5763
  31.0291
  30.9042
  35.2192
   34.818
  29.3594
  31.1366
  36.9004
 0.207183
  1.68975
  6.42818
  37.1041
   40.749
  32.7909
  29.6774
  32.7137
  7.59923
  17.1209
  39.2545
  33.1567
  33.1676
  32.9024
  16.1071
  37.4659
  23.9316
  20.9536
  2.02855
  17.6921
  11.1038
  31.9851
  33.0098
  31.4171
  29.3343
  33.9655
  7.46017
  25.5238
  2.17696
  24.5451
  34.3917
  34.2681
  5.49104
 0.913533
  33.2854
  33.7018
  28.8773
  4.36537
  34.2907
   40.843
  37.0269
  41.1078
  44.8414
  31.8672
  40.6217
  35.3387
  36.4374
  35.7027
  36.9034
  38.2086
  33.7123
 0.800519
  2.68328
   1.9981
  3.79233
  5.20322
  4.82031
  4.39431
  2.18224
    6.358
  9.16346
   8.3627
  2.77608
  11.7495
  35.3928
  9.43423
  36.3365
  36.1151
  39.5178
  2.33258
  2.65591
  1.83674
   1.1158
  13.5147
  2.20836
  34.2994
  1.11908
  2.15233
  5.15716