  0.103812
   17.3954
   16.0205
   18.4889
   20.1825
   20.1576
   4.45489
   5.30243
   12.2076
   9.59061
    11.224
   9.98051
    11.013
   1.87086
   1.17686
    2.7549
   19.5376
   12.9184
   3.45976
    1.1266
   12.0338
   16.4731
    7.0078
  0.684529
   1.26444
   2.73518
   5.88331
   9.89563
    16.248
   7.20976
   4.51293
   14.0804
   17.7417
   1.26791
  0.343201
   1.66335
   2.09786
  0.488933
   4.48568
   2.97039
   2.68964
   1.48794
   14.9615
   11.8539
   11.9145
   9.46282
   14.3149
   19.2453
   13.2233
   3.07141
   17.1584
   19.8231
   14.9591
    13.892
   3.25085
   14.2077
   18.5579
   24.2315
   19.5018
   24.8657
   21.0761
   10.4539
   10.7118
0.00225992
  0.234504
   9.83468
   14.2373
   16.3171
   17.4886
   21.0742
   18.7454
    15.937
   12.6209
   3.76344
   2.15505
  0.709891
   3.31204
   16.3985
 0.0355659
   2.10492
  0.691709
  0.395896
    21.352
    11.046
   27.0282
  0.295661
  0.290172
  0.570591
   1.22144
  0.343263
   23.3772
   1.47963
   28.0207
   19.1093
    1.6069
  0.422932
   1.29388
   5.72488
   1.17904
   22.5554
   0.68883
   3.65133
   2.54879
   2.58864
    3.6095
   18.3173
   18.2629
    26.603
  0.149848
  0.966639
   0.73264
   2.16728
   26.8852
   2.73422
   5.53406
   28.5809
  0.980848
   4.35721
   1.10441
   6.30065
   12.7406
   22.0803
   5.75023
   1.62135
    31.331
   1.17783
   3.73905
   1.17123
   3.26219
   3.11821
   2.05709
   9.08801
   1.52821
   20.9846
  0.917804
    1.1354
   19.3311
   12.6432
   18.2198
   1.66504
   26.6988
    7.8058
   4.71794
   18.7366
   8.99886
   15.0708
     5.868
   0.54184
    25.896
   26.6048
    2.1531
   19.0608
   7.94665
   5.49483
   26.4056
   3.16959
   1.33285
  0.890487
   4.15575
   32.7446
   22.4835
  0.847116
   2.78627
   4.03324
   4.07116
   3.95518
   22.6223
   2.03683
    6.0711
   2.75712
  0.993432
   20.2346
   3.73086
   2.48773
  0.466786
   23.0557
   4.00809
   4.18228
   13.6568
   12.5207
   2.38699
    18.836
   1.12297
   3.37291
   13.6835
   21.1781
   13.3978
   4.24419
   1.60389
   1.24089
   1.98105
   2.39181
   3.33309
    5.4765
   3.15193
 0.0750638
   4.08927
   1.49464
   1.72904
   13.1274
   3.16064
   12.9466
   1.32298
    4.3254
   0.28713
   2.48662
   4.22393
 0.0980856
  0.114911
   29.0381
    11.382
   12.0329
   26.1278
   24.5583
   10.1842
   1.99772
    2.6792
   2.43455
    19.962
    31.279
   3.13433
    1.5423
    2.1317
   4.04532
  0.696735
   19.9404
   15.0184
   4.03938
   2.17893
  0.146261
   1.12853
    17.908
   1.88721
   1.36532
   1.32091
  0.277811
  0.563068
   1.92638
   1.99602
   2.54101
   2.87985
    3.3809
  0.451795
   3.36046
    4.9052
   12.0446
   10.0515
   13.5765
   9.28103
   3.86987
 0.0110051
    3.6815
   2.86744
   2.44567
   6.76708
   3.26989
   1.37993
   7.54308
   5.35025
   4.98886
   7.19908
   3.53975
  0.272238
   3.42851
   1.72993
   5.28611
    3.2992
   5.66111
   11.5466
   4.47967
    14.761
   2.78859
   2.76302
   2.52284
   1.72533
   18.7172
   15.7116
    24.696
   3.66888
   1.75792
   2.98797
   1.92235
  0.750573
 0.0644968
   29.8039
   21.1059
   17.4817
   23.1663
   18.2207
   4.18772
  0.945148
   2.36137
   33.7428
   30.4179
   2.51111
   1.65881
   23.5025
   2.00195
   2.82423
   7.69038
    1.7344
   1.59025
  0.950904
   1.96491
   0.96197
  0.649396
   0.98388
   3.59064
   23.6971
  0.825605
   2.10779
  0.155825
  0.935075
   17.1881
  0.327661
   9.86336
    1.3073
   5.90637
   4.29551
   2.40472
   4.31704
   1.96616
   1.56798
  0.502504
   17.3933
   4.72419
  0.756634
   21.4866
   30.2376
   31.0593
0.00554971
   2.26553
   3.80518
   2.98015
    25.279
   1.63383
   1.50927
   2.38593
   26.3681
   1.40782
  0.379503
   5.65864
   2.87455
   1.79979
   27.1748
    24.598
   33.1812
   22.4323
   3.10286
   1.04156
   4.68282
   3.20741
   1.15494
   5.45028
   1.01502
   0.59539
   12.3083
   21.7826
  0.648999
   3.44265
   11.1283
   10.5422
   3.25509
   4.16447
  0.870345
   4.35325
   4.04752
 0.0626376
    25.231
  0.847661
   3.29919
   2.17734
   2.20242
   1.56757
    22.373
   3.23647
    8.3007
   2.45784
   3.05734
   2.02593
   4.34106
   2.39852
   2.99293
   6.51451
   26.8081
   18.9346
   2.39719
  0.809894
   1.72338
  0.435286
   3.89044
   2.30773
  0.168661
   1.22504
   2.38427
   3.64107
   15.8907
   1.51847
   21.2886
   21.2716
   1.29927
   5.74213
   1.10838
   1.43933
   0.39784
  0.577249
   10.5283
   2.14821