6.70055
7.56621
10.0959
13.5606
13.8448
15.4869
15.5061
16.4019
16.5879
17.6605
17.9391
18.7804
18.8187
21.0375
 21.589
24.1491
24.9748
24.9928
25.9357
26.2801
26.3706
26.7704
26.7989
 26.886
28.2456
28.8844
29.0874
 29.808
 30.724
32.4468
33.4642
34.5007
34.9159
35.0302
35.4001
35.7222
35.7324
38.7437
39.0144
  41.78
41.9928
 42.035
42.7308
43.3814
 45.575
45.7366
46.0103
46.0424
46.3942
46.5877
47.1787
47.8562
48.2916
48.5299
48.5877
48.6834
48.7732
49.9375
50.0816
50.4385
51.0817
51.2813
51.3354
54.6303
55.8798
58.3796
59.0094
 59.168
60.4973
63.6633
64.7301
65.9542
71.1437
71.8729
72.2913
74.5605
76.4321
76.8251
77.0498
77.7412
78.9751
81.4465
81.4491
84.2435
84.4423
 88.973