 0.16276
 15.9183
 18.6881
 14.9866
 6.94708
  23.884
 53.4363
 41.4753
 35.9249
 3.15126
 20.7802
 17.5649
 10.3594
  16.134
 0.66604
 2.73472
 25.2255
 27.8188
 11.1649
 48.7459
 41.9762
 53.6224
 29.3186
 19.8947
   29.27
 28.0057
 25.9947
 13.5561
 23.1958
 46.5722
 19.4618
 1.68339
 8.83601
 65.1786
 4.48079
 8.20081
  8.1723
 8.63701
 9.49324
 50.0521
 9.92346
 50.3036
 18.0465
  49.295
 40.0481
 38.3149
 8.99332
 44.4873
 45.8035
 8.49098
  2.8751
 47.2643
 19.0054
 3.70049
 23.7085
 4.41702
 27.0807
 20.0211
 8.73524
 11.1181
 2.24006
 8.97591
 21.4792
 18.4625
 3.59017
 12.3501
 7.41642
 37.1006
 9.37392
 9.10923
 6.33294
 16.2154
 39.5453
 39.3132
 39.8169
 1.24452
 51.1568
 51.2558
 91.8283
0.218648
 25.7845
 5.60031
 27.8362
 44.4959
   13.13
 21.5078
 5.06721
 7.92572
 1.37606
 92.5952
 99.6539
 43.8517
  44.467
  37.483
 41.7688
 39.4236
 7.91446
 1.31709
 7.25714
 11.3878
 4.19035
  6.0676
 3.77212
 73.8321
   65.46
 46.2625
  60.692
 1.40505
  11.464
 11.1977
 29.1686
  25.566
  22.908
 19.4483
 60.7151
  50.711
 92.9763
 94.4203
 64.9222
 53.3174
 55.9435
 56.5574