   5.4541
  11.5686
  13.7443
  7.06121
  46.7279
  1.93984
  25.6806
  39.1665
  10.6153
  17.2378
  17.3181
  10.3537
 0.836481
  42.6813
  38.2949
  26.1619
  24.1648
  31.4385
  60.7664
   28.486
  46.8286
  47.3877
  30.8833
 0.784618
  6.06012
  16.8559
     24.1
  15.4546
  18.6405
  31.8211
  18.6731
 0.270998
  16.6357
  25.2922
  31.7148
  30.4919
  29.1912
  1.01345
  0.06773
  19.2642
  6.92613
  41.2173
  47.7545
  29.1603
  17.7015
  31.9247
  1.84283
  23.0123
   36.056
  2.23676
  5.22222
  26.0791
  40.3267
  24.3379
  15.9322
  1.48125
  27.3357
  8.41787
  8.50656
  17.5798
  11.5294
 0.221497
  29.1753
  22.7147
  23.3175
  41.6596
  26.8917
  58.1488
  28.3597
  10.7379
  15.4628
  3.21286
  5.31247
  11.0165
  21.7089
  15.5862
  36.2947
  19.0745
   9.6328
  40.6653
  7.79505
  10.9823
  17.1872
  24.8401
  10.7323
  17.9331
  19.7172
  1.12521
  31.7158
  15.9633
  25.8872
  3.89266
   17.778
  37.4926
  20.0888
  8.37142
  6.17191
  13.6827
  55.3723
 0.569281
  3.38633
 0.650549
  2.83151
   20.207
  10.1031
  30.1529
  16.9306
  1.75918
  21.6851
  8.76459
  11.8349
  8.94496
  8.54387
 0.768774
  26.1086
  10.4694
    7.299
  8.68616
   7.8951
   13.026
  4.98533
  25.6019
   11.004
  24.8691
   36.908
  10.7569
  29.1489
  34.9264
  6.86876
  15.5434
  10.9048
  5.82971
  39.2806
  7.81995
  45.7406
  1.76672
  4.84712
  9.97283
   17.524
  56.6856
 0.046524
   7.0433
   10.149
   10.272
  41.6368
  57.5355
  8.03018
  50.9463
  32.7136
  5.01991
  33.8732
  17.1335
  29.8798
   16.754
  21.6003
  8.18755
 0.390675
  15.7627
  4.93426
  10.6819
  8.72561
  20.0114
  11.0351
  8.35113
  3.90525
  4.97023
  4.38513
  8.19473
   25.575
  4.27117
  16.2265
  31.0412
 0.826004
  9.68224
  12.1786
  32.4153
  26.5126
  16.9837
  4.15213
  3.58163
  2.55172
  12.2787
  29.4343
  12.2316
  14.8368
  5.68747
  8.37753
   34.653
  26.8074
0.0473166
   8.5333
  11.6658
  15.1589
  18.8053
  5.24984
  9.06395
  19.7039
 0.725998
  15.6257
 0.551536
  25.0041
  12.0979
  5.18667
  2.96702
   1.0164
  16.4649
  35.6392
  63.0341
  2.82091
  28.7845
  32.8936
  1.73862
  24.8365
  25.7787