    16.81
  18.3858
  23.2429
  20.1953
  15.9515
  21.2736
  9.32731
  9.37252
   9.1995
  3.97974
  9.61806
  2.71615
  1.60265
  8.21758
  3.47507
  17.0141
    17.68
  30.3011
  25.8918
  28.6778
  29.4454
  22.8301
  1.90746
0.0425341
  3.82209
  10.0676
   6.8944
  3.26204
  21.9777
  26.2078
  24.5159
  20.6862
  1.64646
  10.2354
  14.9178
  17.9298
  12.1536
  23.9105
  29.1173
  22.0862
  30.6378
   30.959
  5.14679
  10.0088
  1.51374
  5.85091
  5.68832
  0.72284
  1.90882
  6.82319
  9.55678
  9.97761
  19.7338
  32.0119
    11.27
  8.45308
  8.58661
  6.53263
 0.873491
  14.9215
  15.5476
  6.29708
  9.61279
  13.9013
  10.2027
  4.70469
  15.5977
   16.552
   2.5193
  3.95331
  3.18904
  3.18476
  29.9601
  34.0363
  18.7891
  16.5057
  3.56684
  16.7563
  27.2457
   22.101
  15.9802
   28.806
  25.1375
  31.4561
  17.3554
  8.95367
  13.8115
  2.11089
  38.1341
  22.3814
  21.3159
   2.9774
  2.23193
  39.8668
  29.4674
  19.0724
  2.49892
  7.52741
  25.2047
  26.3736
 0.476037
  7.64574
  16.9518
  11.0072
  19.8702
  14.9778
  10.8025
  14.6122
   15.492
  12.8408
  11.3889
 0.990407
  7.39948
  16.9662
  13.1999
  14.3477
  4.91026
  26.1697
  5.17095
  6.10429
 0.983855
  3.84074
  18.0973
  25.7284
  1.48778
  31.7638
  31.9116
  1.73524
  11.4873
   20.605
  7.38094
  8.91279
    10.49
  3.38322
  5.18785
  21.9427
  27.6596
  8.11948
  29.8318
  19.4795
  4.39341
  1.31698
   30.585
  24.0386
   14.695
  12.7525
  17.1033
  9.64349
  4.44568
  3.15613
   13.034
 0.306875
  14.4317
  7.68164
  12.9362
  15.4981
  27.6203
    2.683
  7.12317
  19.2419
  7.06061
  3.69588
  14.1406
  3.39762
  9.74146
  14.0151
  9.69666
  2.25274
  6.06889
  1.80321
  22.2608
  3.48224
   31.275
  8.26741
  23.2959
 0.554849
  1.86131
  2.64467
  14.3061
  7.96136
  6.94781
  11.7334
  8.97091
  26.2881
  16.9251
  12.2847
  8.34395
  2.58651
  7.99714
  10.2412
  7.38589
  32.7503
  5.90712
   25.033
  21.2637
   4.6542
  2.51684
  12.4976
  38.4519
  42.8341
   38.682
   26.347
  11.5312
  6.37402
 0.972508
  3.70221
  25.5009
  27.7962
  39.9703
  44.1351
  40.7619
  45.6047
   5.3801
  1.82627
   2.8299
  34.6438
  4.83116
  32.0992
  11.4258
  7.87327
  27.1225
 0.530534
  7.62148
  26.0269
   20.855
  41.8902
  11.8046
  10.9648
  10.4438
  29.3274
  10.6469
  23.2603
  30.7262
  25.9689
  1.18736
  3.23788
  38.0673
  23.0089
  17.6207
  40.6222
  35.2573
  16.3804
  14.3413
  16.1996
  37.2249
  34.4973
   16.804
  1.75473
  7.75403
  44.4599
  25.6575
  38.3372
  31.0048
  29.8309
  1.58508
  9.47907
  5.20821
  32.8539
  26.3339
  40.9472
  28.7236
  10.3326
  17.8223
  33.1897
  2.34993
  30.6556
  14.5262
  18.0887
  5.05923
  16.4246
  27.5282
   32.527
  23.4858
  26.3727
  43.4178
   37.381
  44.4147
  37.4112
  26.0632
  40.8454
  40.8299
  33.1368
  34.7653
  18.0049
   12.704
  25.2319
  8.82439
  24.4185
   27.277
  12.1963
  15.9784
  2.89973
  27.7006
  13.1736
   6.5972
  10.4903
  14.0443
  31.6562
  21.8237
  32.1358
  16.2562
  43.1964
  6.86105
  47.2327
 0.976712
  2.12013
  1.61515
  16.2162
  22.9552
  17.3461
  4.47035
  16.5931
  27.9483
   41.919
  44.6129
  2.24166
  1.28418
  2.65306
   2.0816
  11.0565
  3.65519
  23.9759
  3.45939
   19.846
  31.7529
   18.933
  20.8989
 0.464606
  5.82955
  5.01944
  19.4198
  12.5926
  10.1628
  29.5296
  1.26406