 14.1716
 30.9971
 9.61737
 12.1599
 6.73794
 10.0912
 33.3156
 18.3965
  4.1019
 6.90589
 6.17214
 6.77528
 37.4101
 30.2968
 28.1074
 16.4332
 2.51865
 5.98785
 42.2023
  35.623
 17.3323
 21.9257
0.672515
 12.8448
 10.2953
 42.3308
 41.8516
 47.5595
 30.7182
 16.7763
 1.55719
 10.9121
 32.5728
 1.57381
 12.1798
 9.41622
 41.0469
 11.8386
 8.81764
 10.0932
 31.3913
  34.249
  41.605
 36.4979
  48.642
 45.2747
 33.1174
 29.5244
 11.9652
 3.34761
 3.28121
 46.5838
 56.3249
 8.65359
 24.9181
 28.7519
 8.07575
 3.75599
 18.7111
 10.8573
 2.12524
 30.2685
 16.2908
 20.1013
 1.68632
 21.9679
   18.76
 15.0606
 30.6785
 51.7855
 15.2432
 8.31013
 5.83409
 11.4926
 30.6516
 21.1741
 50.9906
 27.7906
 7.68561
 8.29841
 28.9375
 15.5278
 12.5361
 5.91908
  33.966
 29.0911
0.406222
 17.8758
 29.3441
 5.75894
 64.0015
 7.19602
 2.48219
  20.362
 9.28469
 9.33817
 3.42753
 11.9842
 22.6823
 0.73165
 34.9692
 50.5829
   12.76
 19.2819
 21.0131
  3.3055
 1.83145
 18.6034
  3.4467
 12.7792
 28.6957
 13.9676
 30.4366
 7.92711
 9.69177
 6.60394
 27.8759
0.293332
 16.8977
 19.2842
 9.42423
 12.1734
 31.1612
 3.51032
 10.8994
  12.003
 32.9595
 5.40338
 14.4195
 7.79958
 1.67142
 46.0038
 6.85357
 49.9492
 26.1936
 12.7634
 62.7238
 61.4773
 47.5313
 44.0944
 35.1739
 17.3888
   17.91
 59.8704
 65.4339
 52.1738
 59.0118
 2.03385
 50.8389
 54.8327
 11.7529
 3.62737
 9.12944
 45.3184
0.108317
 2.78937
 34.3706
 31.1421
 7.21282
 3.36235
 12.3226
 38.4464
 34.9923
 7.84316
 5.11329
 57.8372
 1.64385
 33.0382
 38.1618
 10.0691
 15.0323
 31.6695
 3.33178
 28.7903
 50.0687
 53.3454
 68.1929
 43.1952
  61.441
 36.5099
 28.2856
0.916151
 16.7052
  31.464
 38.6975
  58.404
 48.2722
 36.3713
 21.5284
 29.1308
 6.63265
 71.6571
 34.1333
 38.4275
 20.4392
 1.58592
 35.8017
  33.072
 29.2461
 50.2015
 67.1337
 59.8945
 59.7894
 50.1657
  34.565
 53.1842
  49.064
 32.2858
 33.8221
 31.8163
  1.0529
 66.0987
  31.788
 57.6198
 15.2468
 55.2763
 46.1778
 69.8627
 34.8909
 3.65858
 17.4023
  18.805
 28.6629
 24.2197
 49.0196
 20.3561
 54.5218
 65.8047
 5.96336
 38.0692
  48.805
 49.5275
 41.2346
 28.2535
 4.10986
 12.5832
 68.5208
  39.381
 36.2109
 60.2648
 29.0374
 80.1768
 14.8448
 68.6528
 38.8851
 5.30789
 4.31817
 40.2218
 22.7052
 16.8498
 11.2785
 8.22354
 6.57269
 9.83988
 4.42061
 6.11091
 51.9773
 63.7901
 9.32216
 3.82512
 30.2597
 67.4361
 8.11124
 7.99603
 5.65811
  48.018
 51.1931
 27.7776
 37.5579
 21.0822
 32.1601
   20.99
 46.3636
 23.6931
 75.8267
 61.4313
 12.9791