 6.56798
 23.4526
 14.6879
 11.8184
 3.45647
 4.34551
 2.44576
0.222584
 4.21862
 9.92206
 2.66941
 17.8941
  8.1525
 2.95876
 8.66791
 12.6316
 4.72089
 7.40187
 1.72638
 3.67937
0.527147
 8.05931
 8.05678
 5.29032
 14.0047
 5.13142
 9.09032
 6.29069
 3.10774
 18.4934
 31.7079
 19.1945
  2.9483
 5.14707
 3.74533
 1.69866
 3.28248
 9.36844
 18.5863
 13.0892
 26.9914
 20.8278
 13.9755
 13.8757
 2.33692
 10.6356
  6.0487
 18.2164
 1.48544
 2.83722
 5.39651
 12.9949
 14.8896
 5.69167
 15.3931
 25.5662
 16.5601
 30.1707
 7.59952
 7.99222
 12.3056
 6.63446
 1.35049
 3.39872
 11.9917
 3.48933
 25.6534
 14.6497
  25.819
0.696652
 3.47832
 6.56694
 4.57443
 7.77138
 9.34959
  9.9016
 25.8537
 5.55871
 13.0482
 7.58962
 9.61846
 14.7681
 6.90323
 12.7459
0.205029
 12.8741
 3.77741
 2.29604
 6.15353
 25.3165
 15.3168
 8.70413
0.492486
 11.5409
0.729338
  10.287
 10.9221
 19.2251
 9.06195
 24.0275
 7.64659
 6.44491
 1.88474
 1.97266
 3.58734
 7.93986
 18.7931
 9.84736
  1.1448
 6.52362
 5.30344
  21.334
 19.5417
 5.00026
 1.86954
 1.40431
 5.60285
  10.362
 8.26531
 1.20889
0.438474
0.241592
 15.7588
 19.6028
 8.82794
 1.80228
 6.59235
 4.78068
 9.21192
 31.1867
 3.86606
 30.3115
 11.9838
0.678009
 12.7726
  9.3328
 7.31718
 14.1347
 3.98673
 9.16118
 6.38566
 18.9245
 20.7121
 14.1387
 1.62369
   2.402
 6.26535
 6.58078
 14.1797
  6.5971
 6.50777
 5.49106
 14.9532
 3.86273
 13.7841
  7.3198
 3.33747
 0.44106
 1.67973
 5.01685
 17.4705
 9.41662
 14.3729
 2.70228
 6.30667
 13.8656
 18.3322
 12.4335
 17.0977
 12.5216
  11.117
 16.1707
 3.97913
  13.074
 26.1256
 23.2023
 18.5011
 3.49117
 1.70081
 15.9491
 12.2991
 7.65848
 13.4216
 15.2713
 3.20293
 13.8964
   7.998
 8.28579
  8.8859
 12.6461
 6.47834
 29.3373
 3.33551
 7.48145
 12.3028
 14.5394
 1.92603
 12.4293
 5.90642
 9.66428
 14.4608
  33.582
 17.6257
 38.5182
 34.5591
 2.83022
 15.8905
 13.1614
 17.0163
 14.7479
 7.83842
 16.3682
 16.4265
 6.06201
 17.3415
 19.6573
 16.8173
 13.8899
 3.21675
   14.67
  32.572
 16.3682
 8.09546
 15.9452
 24.3065
 6.79225
 11.6906
 4.50539
 17.6194
 20.1021
 22.6496
 13.6008
 7.29291
 13.4107
 5.86598
 1.67088
 5.81254
0.157137
 19.0367
 8.07919
 3.49621
 14.0834
 32.4648
 2.38355
 7.21708
  13.718
 3.77253
 6.14247
  15.837
  17.314
 25.3999
 2.39777
 14.3122
 9.19444
 14.1586
 0.30479
 15.8734
 20.2237
 14.5859
0.715907
 10.9048
0.321097
 35.3911
 30.5055
  9.2211
  21.069
 13.5197
 16.6178
 24.7806
 13.4501
  11.536
 7.63995
 12.9214
  9.8114
 17.9879