  1.84162
  3.81381
0.0135138
   30.752
  24.2203
   4.9361
  4.90036
  26.8998
   20.044
  8.66911
  9.75366
  21.1379
  19.0777
  7.32835
  9.94962
  25.8762
   16.503
  4.63502
  1.93285
  7.70593
 0.668811
  20.8665
  4.30137
  1.98407
  11.4975
  8.19595
  23.1199
  1.00994
  2.12151
  1.73337
  7.28704
 0.159793
  6.58764
  4.46468
    9.182
  23.9099
  12.8199
  2.69022
 0.638714
  19.7007
  18.9056
  2.01969
   1.0764
  4.44344
  6.92417
 0.551372
  11.8415
  2.36508
  8.80387
   4.8385
  4.68347
  24.9503
   6.2697
   5.9366
  2.37887
  2.44159
  3.43013
  1.05593
 0.496625
  12.9824
 0.312247
  4.94017
  5.42522
  0.01187
  15.8364
  4.37314
  4.19456
  6.11474
  3.83967
  0.46064
 0.946691
  2.83212
  6.34552
  9.13169
  23.7037
 0.355994
  3.92544
  4.42929
   9.8945
  31.0727
  2.17662
  5.92828
0.0433097
   6.4275
  7.82313
 0.514609
  2.30623
  9.04473
 0.610197
  8.45475
  2.53151
  13.9672
  13.2911
  34.7442
  31.5954
  35.0514
  11.0955
  12.5328
  12.9807
  6.45712
   6.2234
   1.1304
  7.08221
  4.71011
 0.999674
  5.39281
  5.07241
  7.77151
  1.93856
  29.0563
  21.7949
  25.3822
  8.10172
   3.1166
   31.496
  3.30404
  9.36306
    17.72
  17.1619
  7.98237
  7.62971
  3.08709
  9.05956
  2.49824
  20.9242
  1.92278
  3.43732
  20.1378
  7.03217
  9.59519
  22.0192
 0.427148
  2.20492
  8.50549
   4.1178
  3.44564