  10.0126
  0.22817
0.0290471
   12.653
  37.3011
  9.21492
 0.881903
  8.41898
  23.2732
  20.2066
  24.6186
  22.7263
   29.387
  21.5172
  17.5733
   10.308
  26.5292
  34.0883
  30.0957
   30.649
  16.9204
  11.8633
  12.1806
  9.60063
  2.84818
  20.8466
  23.4249
  3.64503
  12.1166
  29.4361
  1.10281
  14.6762
  31.1802
  15.4428
  4.81791
  21.0095
  1.34782
  36.6299
  9.58458
   6.8031
  4.26603
  10.5854
  5.44948
  23.5545
  26.7641
  18.0747
  14.2452
  6.62406
   25.312
  25.2198
  7.66614
  8.87429
  31.1253
   9.1322
  7.51821
  8.14847
 0.291585
  1.87112
  9.77618
  5.96854
   23.254
  6.25815
 0.261794
  5.55392
   14.098
  20.1856
   4.7317
  20.5745
  12.4049
    3.725
  9.38993
   4.1505
  17.1054
  32.4025
   12.435
  1.23429
  23.3747
  1.21345
  11.5707
  15.6497
  7.27581
  5.91859
  15.5577
  11.7231
  13.5084
   2.6718
  7.86515
  9.12795
   3.1293
   24.038
  7.81304
  35.4995
  31.6755
  22.6004
  31.5482
  7.43382
  13.6338
  19.6295
  5.69926
  21.3724
  2.18034
   7.7787
  25.7538
  16.2016
  20.5204
  2.37442
  1.06179
   1.9683
  6.89958
  22.1692
 0.850096
  11.8872
 0.611257
  14.0508
  4.68336
   8.5492
   9.3975
   10.961
  4.69882
  18.4607
  2.97791
 0.617154
  17.6457
  4.90295
  10.1848
  21.9354
  4.39213
  13.6175
  18.8165
  0.87564
  5.52133
 0.536255
  2.93178
  16.5312
  4.80556
  10.8296
  2.90848
  8.31977
  3.72435
 0.692596
  17.1167
 0.990395
 0.587229
  8.62568
  12.3406
  10.6936