   9.73192
   4.41857
   4.70746
   4.96304
        14
   19.5644
   15.3951
   11.8042
   11.2029
   2.13233
   21.6287
   21.3778
   11.7487
   2.95594
   15.6983
   18.1326
    2.5626
   26.0061
    4.9362
   10.2144
   6.37142
    7.9051
    9.3914
   4.39164
   25.0511
   14.7908
   15.5389
     1.738
   3.36362
   12.1101
    14.197
   6.94507
   8.06312
   7.73964
   7.37322
   3.48104
   1.74288
   3.50781
   19.5396
    9.1075
   4.43123
   8.09319
   6.50656
   27.9649
   23.1103
   18.8001
   19.1577
   0.90456
   29.2053
  0.409163
   3.10954
   14.8602
   11.0997
   4.83326
   7.59491
   13.5862
   3.94871
   4.62775
   21.1117
   1.99539
   12.6628
    16.487
   14.5717
   15.5784
   21.5022
   21.7613
   21.2759
   6.51001
   6.87723
   33.4085
   19.7998
   18.1478
   0.38521
   2.85025
   23.7905
   19.7912
   6.39436
   4.68272
   5.21611
    21.997
    15.505
   10.5575
   25.0797
   5.54154
   5.08147
   16.7295
  0.984755
   10.9605
   3.21387
   25.1672
   43.6708
   34.9656
    3.4626
   45.7967
   20.0127
   22.9854
   25.5341
   2.87993
   39.5134
   2.07242
   2.11903
   1.18864
   28.9135
   26.7915
   2.19243
   34.9701
   20.8521
   28.3332
   17.0562
   26.8219
   11.6847
   4.50194
   18.5635
   18.5639
   19.7921
   10.0489
   22.8455
   22.0997
    21.086
   23.1314
   24.0711
   23.1943
   11.4699
   21.5543
    25.303
    27.172
   10.9588
   28.7178
   16.8677
   22.9471
   27.4202
   7.04632
   28.3152
   17.8327
   3.50819
  0.854973
   25.2169
   1.61517
   29.2373
   25.0404
   39.8654
   13.8519
   2.49517
   39.7855
   1.77664
   14.7202
   30.5958
   32.7528
   22.4129
   26.6895
    12.508
      2.76
   1.41667
   2.28224
   4.70043
   36.2924
  0.103946
    23.972
   33.3767
   35.1454
   35.2644
   29.3408
   27.5915
   20.2187
   25.0325
   42.2115
   28.1591
   22.1881
   28.1844
    28.898
  0.187642
   13.2405
   1.55823
   23.5242
   7.73713
   13.9244
   6.98397
   2.83426
   36.1768
   7.33667
   18.2876
   45.8878
   20.1861
   21.1909
   54.2242
   28.7459
   36.8417
   25.5791
    10.303
   14.6088
   14.3368
   25.6532
   23.8578
   15.0225
   15.9248
   2.89039
   8.36419
   24.9329
   45.7199
    26.236
   23.2242
   5.46835
   8.85169
   6.96569
   8.08166
   19.0078
   4.77642
   2.38328
   3.47952
   10.9039
    3.0194
   3.19561
   0.25969
   18.1562
   14.1045
   5.80419
   10.5815
   17.1193
   26.7271
   20.8931
   11.3983
    30.979
    1.8889
   1.76332
   28.4394
   24.5844
   5.16929
   31.0404
   13.6806
   2.66039
  0.393245
   7.03231
   11.9198
   0.53347
   24.0218
   13.5585
   9.44928
  0.155996
   32.5212
    20.021
   11.5436
   15.1539
  0.931978
    16.803
   16.3071
    21.677
   3.78048
   7.95121
   28.5301
   5.77936
  0.204248
   19.7108
   31.3928
   8.02922
  0.361241
   2.05985
   25.6779
   2.52021
   13.6235
   21.0527
   19.6429
   24.5414
   6.49315
   24.6853
   11.2366
   35.0316
   18.0727
   2.27312
   11.4303
   1.84849
   33.7961
   12.3528
   21.1562
   2.61169
   9.45831
   20.9113
   1.86099
  0.211582
   8.99758
    27.406
   18.9215
   1.72808
   20.5986
    25.227
   11.1848
   30.9593
   2.34061
   10.1468
   4.16718
   7.16891
   18.7694
   8.52984
  0.697849
   33.5416
   8.16976
   3.29943
   5.62072
   5.92991
   17.8977
   22.1045
   4.59864
   2.74821
   6.04406
   1.88317
   9.29243
   8.18175
   20.6004
    1.7489
0.00196316
   20.1225
   7.37136
   1.35968