 2.75438
 44.9214
 25.9065
 5.21215
 6.20704
 34.2693
 16.6397
 7.29737
  25.276
 28.0921
  16.023
 21.2959
 20.3391
   23.86
 41.9358
0.923619
  33.506
  7.9682
 3.66059
 20.9714
 41.3643
 8.76367
  13.607
 7.98963
 34.1246
 5.74713
 12.6391
 6.18711
 6.64732
 11.4661
 0.79563
 1.16471
0.649129
  24.814
 30.4899
 13.3223
 10.0655
 13.2108
 34.1062
 31.0389
  26.337
 31.3584
 16.1749
 7.75938
 6.92558
  7.8081
  22.014
 6.18293
 30.7036
 24.7769
 13.1315
 4.01548
 39.0681
0.153577
 28.3419
0.502717
 1.60645
 10.6008
 12.5081
 11.2573
 6.30852
 10.5553
 18.0156
 30.5297
 7.81235
 1.79391
 28.7135
   13.76
 14.8057
 11.5032
 9.58915
 37.0224
 46.7273
0.167471
 5.76688
 33.0185
  38.135
 18.4962
 14.8223
 9.12691
 7.12321
 10.2612
0.517798
 2.56075
 20.4342
 9.61096
 14.2311
 36.5158
 31.2591
 38.3435
0.907054
 5.63861
  10.011
 26.2209
 13.3421
 3.07197
 8.07746
 6.24787
 8.31735
 29.2748
 1.08779
 6.10356
 6.20681
 25.0391
 6.32574
  3.3347
 28.3826
 6.21611
 13.3328
  10.237
 47.0597
 41.0137
 49.4217
 39.8609
 12.6328
  9.0824
 42.8083
 34.9749
 12.3048
 31.5094
 23.2188
 22.1936
 4.49962
 9.25978
  13.216
 4.63482
 6.03792
 14.1247
 7.87495
 9.03024
 1.50209
 19.1141
 8.39975
 20.1481
 1.78784
 5.04948
 11.7874
 4.04413