 7.03015
 9.14993
 5.58156
 22.0751
 4.47238
 3.85265
  6.5009
 19.6263
 14.2306
 10.5846
 16.4778
0.947313
 8.53991
 8.12317
 7.75727
 2.27923
 10.9379
 8.85767
 5.12282
 3.28526
 3.66698
 5.09599
 5.40974
 5.92726
 2.69309
 19.4297
 3.48296
 2.47898
 3.00387
 12.1372
 7.55487
 13.7255
 15.9008
0.703741
 5.84838
 3.64967
 6.35682
   12.81
 22.6418
  18.012
0.137401
0.902931
 11.5739
 18.5823
 4.15337
 15.6744
0.228288
 2.31385
 7.48477
 8.42392
 8.84196
 9.08463
 6.62354
 4.16495
 17.9134
 24.4969
 1.35205
 7.71777
 8.20353
 7.39489
 4.40574
 4.50972
 15.8312
 1.65585
 7.56252
0.784855
 1.42942
 3.26562
 4.47179
 29.1946
 16.2297
 8.23781
 10.2886
 4.45439
 2.12893
 15.7001
 4.36871
 8.34065
 21.7525
 2.63565
 16.9261
 17.0384
 4.42754
 11.2927
 3.30804
 18.7128
 15.5286
 12.5737
 13.5576
 24.0534
 19.6954
 7.71271
 14.7347
 13.8168
  5.4704
 28.6135
 9.15494
 5.53171
 11.3153
 34.7946
 6.25699
 7.72056
 5.77272
 14.1439
 46.0902
 10.9939
0.356721
 19.9876
 12.1203
 9.66335
 3.73264
 7.31639
 14.6517
 5.98815
 3.82301
  18.023
 1.00741
0.773869
 7.10661
 9.07734
 11.0906
 15.7716
 13.2064
 2.34046
 2.35471
  7.7872
 10.0005
 4.46894
 3.62148
 2.09494
 21.8624
 9.97236
 21.0207
 8.18893
 8.57247
0.042155
 13.7445
 5.25171
 19.5987
 7.69094
 1.44613
  3.1512
 4.93202
 17.7249
 9.26744
 4.58046
 21.0324
 22.7662
 7.30864
0.117364
 6.12743
 6.09963
 5.62259
 8.42464
 35.7902
 34.6681
 7.90443
 0.55155
 22.0613
 8.12185
 32.3416
 38.6859
 67.7013
 3.27218
 23.5064
 7.27646
 12.3543
 3.87301
 21.1206
 16.7293
 31.1584
 17.7675
 57.2921
 58.5953
 66.5888
 65.3762
 43.5166
 35.1701
 52.5062
 54.5321
 59.7065
 57.3621
 72.2564
 64.8436
 37.4474
 33.4621
 35.7379
 4.97752
 24.6866
0.655455
 63.7923
 57.1767
 69.5038
 3.26962
 61.1963
  68.867
 66.7343
  74.965
 62.7907
  66.776
 5.08631
 68.1675
 61.2293
 58.6028
 5.67271
 5.34142
 59.9589
 39.4926
 29.6961
 56.8182
 52.1601
 64.3879
 59.1305
 24.3021
  71.324
 64.1245
 58.1763
 67.6193
 27.5272
 30.9144
 43.3751
 38.1883
 61.6015
 6.90001
 60.3594
 57.4815
  55.088
 62.0863
 68.3091
 64.7321
 77.9357
 64.1898
 57.5267
 39.1085
 37.1422
 58.8679
0.468245
 28.0011
 3.63991
 10.1695
 35.3038
 1.45624
 6.26318
 14.1998
 14.5008
 30.9734
 54.9659
 51.0156
 65.9112
 57.1303
 43.7448
 5.07265
 1.67907
 7.56561
 3.23449
 16.3745
 4.21113
 3.75874
  16.534
 14.7773
  52.701
0.249963
 64.2717
 60.3371
 7.71483
 47.8728
 46.5905