  18.4318
  13.7342
  6.98026
  45.2305
  42.2484
  44.0212
  48.5466
  36.4318
  32.3069
 0.409362
  16.3563
  11.3144
  2.10604
  21.7891
  18.2807
  24.3492
  14.3082
  11.4213
  48.8766
  14.8168
  16.2834
   17.301
  7.82362
  30.6901
  40.8697
  12.0749
   4.9926
  4.32109
  2.87495
  2.25218
  18.4198
  18.8483
  25.0521
  11.4769
  2.14238
  14.8082
  15.1657
  52.2969
  24.3958
  1.46715
  2.69389
   17.005
  5.43778
  3.78056
  11.9211
  1.07795
  6.70991
  11.4559
  16.3135
  11.0329
   9.6984
  1.46997
  4.22436
  18.5219
  17.6305
 0.360397
  30.0471
  15.7061
  6.93631
  1.88784
  4.66231
  17.2085
  7.20059
  37.3838
  19.9641
  34.6943
   11.396
  16.0848
  16.6557
  27.5916
   6.2909
  14.5662
  34.0203
  17.7768
  5.60988
  13.9308
  11.0352
  17.0831
  5.63471
  4.71239
  26.7284
  20.1598
  5.76474
  14.8959
  19.4776
  4.17828
  18.0685
 0.781173
  15.3587
   20.671
  3.05237
  1.64537
  1.75915
  5.19945
  14.6621
  5.68557
 0.811791
 0.296609
  19.7167
  3.42666
  47.9806
  42.7809
  16.6118
  11.3898
  8.25764
  24.4564
  19.8563
  10.3007
  11.9509
  4.90555
  3.66125
 0.271718
  5.06095
  6.69866
  7.14367
   20.453
  19.7023
  15.7255
  16.3975
  5.49641
  5.32244
  33.8585
  36.2282
  40.6975
  23.0077
  19.3493
  3.38504
  2.74993
 0.752876
0.0244699
  16.5134
  3.61798
  4.26945
  7.70646
0.0602547
  33.6659
  16.6168
  11.3694
  9.14671
  31.4924
  15.5287
  8.89557
  22.3398
  22.4079
  8.34725
  16.1001
  37.3274
  15.1936
  28.3974
   13.887
  34.0306
  1.78002
  18.6381
  3.60571
  40.5863
  20.4401
  4.60617
  11.5138
  8.33439
  9.34348
  11.4332
  1.09468
  7.77843
 0.986849
  13.2863
  12.5603
  26.5014
  11.2952
  9.61388
  3.02855
  29.1087
  5.82923
  11.7764
  9.19398
  19.0667
  9.63907
  15.1734
  5.89304
  7.18386
  16.7365