  26.9181
  34.2744
   35.311
  40.6602
  45.7991
  35.2896
  40.2562
  13.7389
  31.9297
  37.4181
  24.4766
  37.1823
  45.5279
  26.1901
  45.1342
   23.102
  44.7179
   11.232
  38.2976
  12.9272
  1.02999
  22.0576
  14.9816
  7.46371
   4.0761
  2.24737
  3.91472
  1.22033
  4.22438
  14.7296
  1.22755
  12.2704
 0.538166
  4.65836
  4.14405
  4.66884
0.0979875
 0.418441
  4.61075
   4.8516
 0.110682
  1.91135
  5.59632
  2.52169
  3.93111
   8.3381
  2.23664
  13.9792
  16.3464
 0.135818
  1.70107
  3.16715
  3.33051
  3.36819
  3.44629
  5.50781
   4.0618
  6.98954
  2.28593
  3.25902
  1.05004
  46.2212
  5.42451
  1.32831
 0.483898
  2.43447
  1.17488
   9.5001
 0.907236
 0.336177
  1.57495
  4.10051
 0.850681
  1.73258
  9.14872
 0.477699
  3.62327
  1.83705
  6.68628
   8.3608
  1.26279
  1.56855
  22.4672
  25.7745
 0.481182
  2.04848
   8.6948
 0.308185
 0.163921
 0.415561
  7.85691
  2.45625
 0.702823
  5.09695
  2.43133
  8.27496
  3.35082
   5.9534
  7.00935
  1.06578
  5.65462
  2.02692
  4.43848
  4.30404
  4.07942
  1.21784
   3.6361
  29.6937
  28.9557
  1.63236
  9.29605
  6.64821
  4.92128
  1.98496
  3.86073
  1.61334
  16.6179
  12.9837
  3.11137
  5.59227
 0.194228
 0.345059
  1.59941
  6.79296
  2.53554
  7.17095
  6.87791
  2.41172
  5.63203
 0.453083
  3.28582
  13.5411
  2.96519
  2.14922
  0.21911
  4.22627
  24.1947
 0.618479
  7.59764
   4.4192
  3.32689
 0.223947
  1.90412
  22.8546
 0.480069
    4.237
  3.32376
  4.47393
  3.65452
  4.64328
  16.1102
  1.61367
  1.04939
   2.4487
   4.8849
  1.23619
   1.3111
  6.97491
  4.88765
  5.54744
  16.0616
  4.53368
  5.61724
  4.41007
  17.3929