  3.05066
  1.53393
   2.2429
  1.42961
  2.59043
  2.16043
 0.275928
  5.08896
  1.79134
  2.01667
0.0368827
  3.88415
   5.9369
  1.74568
 0.829908
  1.75111
  2.37245
  6.44934
0.0893676
 0.102305
  6.09142
  6.93342
  1.88595
  7.80759
  1.93996
   2.3119
  2.69522
 0.948211
  4.37886
   6.4872
  5.31789
 0.421281
 0.852274
 0.347899
 0.950799
  1.58445
  2.57394
  4.34193
 0.711841
  2.65212
  1.10461
  1.27704
 0.396354
  1.32407
  5.45078
  5.11488
  6.39609
  6.58581
  6.03962
 0.811839
  5.07023
  6.39026
 0.451616
  6.13518
  1.24727
  3.28348
0.0517899
  5.08094
 0.409595
  2.36113
 0.708426
  1.60826
  1.01543
0.0121549
  7.19775
  2.30539
  3.21697
  1.54369
  7.59022
   3.0931
  2.91112
  6.23155
  1.21165
  3.14266
  7.51323
  3.11296
  1.27187
  4.56453
  5.89937
   5.3564
  8.59534
0.0623192
  3.26451
 0.863965
  1.02253
  1.65972
  6.87905
  1.11653
  2.69733
  5.81285
    6.529
 0.166672
  7.98073
  6.63667
  1.39105
  5.85179
  10.7435
  5.03464
  3.00593
  2.05717
  6.39808
  5.63273
  2.52938
  1.40116
  1.64807
 0.981451
  7.17719
  1.53365
 0.589005
  8.04891
 0.847417
   4.8477
 0.261137
  1.38777
  9.10174
  6.31785
  2.08392
  4.06504
  6.10774
  2.53906
  1.10456
 0.065831
 0.436413
  15.5166
 0.965608
  1.40562
  2.07118
  2.78901
  1.04383
0.0337704
0.0284629
   1.8621
  5.02165
  5.58941
  4.52224
 0.100825
  6.06494
  7.54694
  4.08335
  1.65456
 0.607245
  2.87585
  2.52929
  2.91094
  3.04369
  2.55948
  4.86825
  3.96123
  9.97769
  2.80728
  1.49607
 0.340841
  1.53092
  10.6619
  1.06251
  8.06899
  8.73087
  3.72545
  5.50167
  5.10816
  7.81725
  2.04521
  2.19701
 0.131645
  2.38104
 0.117297
  6.71728
  2.95997
  4.13852
  2.40951
 0.189444
  3.08351
  4.91463
  6.91803
  5.98818
  5.84502
  6.03789
   3.0789
  4.33769
  5.19007
  9.69188
  4.10566
  3.22788
0.0344039
  1.40898
 0.181407
  3.01626
   5.5738
  7.26645
  2.71066
  3.87172
   3.8199
 0.789514
 0.787012
  1.25356
 0.511764
  3.32204
  3.43618
 0.857443
  7.22122
  5.74348
 0.474692
  3.55823
 0.877666
  8.45453
 0.217242
 0.334173