  7.90439
  2.74965
  14.0832
  17.6833
  11.4782
   10.761
  18.3664
  21.4658
  14.8485
  16.6307
  9.07816
  13.1593
  10.7955
  20.5541
 0.878692
  2.86683
  5.23769
  7.13387
  14.2094
  14.0103
  13.4004
  15.9041
  13.5993
  28.7526
   21.703
  14.7841
  11.0714
  3.44225
  4.90895
 0.533191
   1.8876
   24.501
   14.253
  16.8666
  10.9952
  14.5986
  1.09253
  30.3043
  19.0499
   26.243
  8.17819
  14.9449
  14.1096
  24.9831
    6.908
  28.3823
  6.06557
  6.00386
  12.7245
  20.2107
   21.021
0.0543491
  17.3537
  31.8227
  7.18831
  10.3745
  37.7967
   1.9966
  1.05856
   14.045
  2.05072
  22.2556
    16.85
  3.36626
  2.69879
   32.035
  3.19579
  5.43677
  1.09977
  6.84379
0.0353215
  2.38797
  11.0657
  2.35593
  15.5289
  5.48554
  16.3145
  9.34933
   10.631
  30.9971
  6.41756
 0.552031
   10.111
  6.86851
  20.1527
  6.37719
  20.9383
  16.2416
   13.342
   7.0786
  12.3307
  6.16818
  20.0636
  20.7572
  3.43456
  14.8748
  11.3703
   23.396
  32.0414
 0.944508
  19.2624
  3.00657
  20.2252
  26.6405
  29.7064
  25.5063
  6.92925
   6.6712
  7.17798
   14.983
  11.4332
  22.1096
  16.9928
  15.4732
  19.7072
  5.79616
  4.75298
  3.27975
  8.40055
   17.256
  21.4256
  10.7117
 0.560474
  6.41155
  2.99915
  8.23493
  6.97915
  16.3067
  12.2293
  22.5255
  5.28192
  14.8501
  1.27584
  6.91494
  8.06482
  8.40668
  21.5232
  2.46211
   16.271
  11.1567
  1.04096
  9.02305
  5.45417
  1.95858
  16.5343
  23.2031
  12.0694
   5.6107
  34.5362
 0.675152
   14.537
  22.0751
  7.15631
  11.9151
 0.593374
  18.8198
  6.35298
  1.36955
  9.00035
  14.9172
  18.6934
  22.3883
  5.89877
  17.0136
  3.56851
  23.8399
  5.99985
  15.0384
  9.06399
    2.729
  4.93233
  12.8572
  9.13136
  5.19514
  11.6003