 11.6297
 12.0693
 6.83128
 7.59334
 35.0493
 59.1294
 14.6983
 14.1959
 20.5472
  22.717
 4.80057
 9.33089
 16.7424
 13.5377
 3.90837
 17.6139
 6.80903
 36.7201
 32.8282
 18.7461
 31.7213
 40.6084
 39.6114
 15.6316
 7.11602
 4.41189
 46.6163
 5.90222
 9.84519
 1.13105
 44.6632
 56.2051
 12.1601
 4.39864
 2.07318
 13.4567
 17.5812
 66.2643
 21.8296
 35.9568
 27.2283
 48.7715
 42.8477
 52.8884
 9.01357
 8.66114
 56.4223
 60.7176
 64.0194
 20.3959
 10.8058
 32.7666
 24.0471
 5.61027
 36.5261
 2.18591
 38.6963
 7.90377
0.917217
 8.29142
 3.05233
 6.80399
 15.6953
 6.31765
 3.18156
 15.7773
 51.1762
 35.6501
 21.3677
 37.0375
 15.5889
 11.4941
0.972221
 30.8715
 22.9167
 24.4818
 28.4298
 38.8855
 84.6417
 4.21679
  37.591
 8.85562
 17.9565
 31.7978
 11.3498
 31.5758
 2.50568
 13.1041
  69.598
 87.6193
 61.5393
 30.1906
 18.9415
 56.9131
 7.59596
 13.6935
 2.77358
 2.27761
 18.5343
 13.5078
 5.29288
 51.0983
 63.0845
 22.7606
 48.1958
  13.276
 18.8517
 8.77499
 19.2583
 26.6755
 35.1817
 39.1218
 28.9561
 42.2486
 88.3611
 66.2229
 48.0949
 41.4923
 43.2887
 65.3256