  15.2392
  9.33857
  10.1779
  11.4207
 0.983297
  10.4604
  11.4184
  5.32863
 0.959963
  6.21197
 0.405118
  9.69074
 0.127507
  8.08318
  12.8718
  7.66988
  43.4337
  16.5156
  40.0736
  54.2528
  28.5535
  20.7883
  22.3748
  14.1139
  3.58096
    17.05
  11.9118
  10.6784
 0.448404
  7.25804
  11.9294
  2.03054
  15.5017
  29.6661
  11.4961
  19.2272
  8.34534
  49.9045
  10.6341
  1.17561
  10.9688
  32.6928
  7.04376
  17.4412
 0.436944
  30.9852
  5.77143
  8.70622
  50.7377
   24.724
  45.0462
  8.28937
  21.6145
  25.5228
  28.7353
  26.2007
  1.35369
   5.5276
    21.39
  21.0272
  20.8342
0.0560107
  5.40334
  23.4004
  9.53047
  7.53231
  10.1202
  27.7646
  25.0491
  10.8455
  15.6612
  6.01448
 0.247495
  6.56991
    21.03
  26.4712
  3.01864
  29.0537
  4.81189
  27.7733
  18.0193
 0.453757
  25.7247
   13.542
  9.10582
  7.94341
  10.1683
  0.98299
  7.02275
  18.6588
  0.77382
  12.2083
  15.4619
   10.658
  4.88595
  14.9862
  12.0103
   4.3234
  4.19708
  11.7762
  14.9007
  19.8033
  8.95929
  6.69029
  21.4152
  28.4398
 0.450449
  12.9394
  15.0609
  3.74771
  1.18602
  14.5933
  18.2877
    14.88
  9.42693
  7.63948
   3.2355
  6.49552
  6.45286
  2.07253
  10.9389
  10.9253
  6.12194
  15.6265
   13.254
  1.82885
  8.27934
  11.5651
   20.874
  25.7247
  25.8441
  6.76966
  20.2261
 0.141489
  5.60944
   12.651
  13.6439
  11.6994
  6.31982
  17.7285
  1.62698
  9.69072
  2.87782
  4.19715
  9.88421
  7.19876
  9.65991
  23.5248
  4.21772
  1.43571
   3.4177
   9.5874
  6.70181
  17.9839
  25.1184
  17.2359
  24.3781
  12.7585
  0.54187
  12.0512
  16.6793
  14.3898
  1.76728
  9.18639
 0.158477
  18.2013
  1.07202
  9.32923
  2.21398
  24.3435
  10.9359
  0.62854
  7.12657
  23.3913
  2.30738
  4.44416
  13.5866
  30.1411
  9.29383
  14.2852
  2.35844
  8.39556
  17.4617
   5.0373
  7.83867
  4.84091
  5.99103
  5.35899
     11.9
  11.1641
  24.5416
  30.7955
  3.37451
  10.6578
  9.26853
  9.22486
 0.864929
  38.1762
  4.90549
   3.4699
  32.8495
  5.20013
  16.3008
  12.1837
  17.7266
  6.22323
  27.1102
   7.7914
  11.5012
  13.5817
 0.297978
  18.6003
  6.79121
  13.5238
  9.83754
  3.51015
  28.8931
  2.65325
  26.4982
  17.8027
  20.5215
  11.8141
  5.25491
  8.50262
  14.9501
  16.7385
  12.9692
  23.3856
  26.3375
  20.5467
  12.5302
  10.9564
  15.8284
  2.16121
  28.5723
  16.2634
  5.10633
  25.6183
  19.0124
  19.0332
  15.7718
  11.1927
  17.2251
  19.7648
  25.1861
   25.541
  19.2563
  1.50974
  9.17451
  12.6566
  15.5134
  31.1207
  20.3882
  5.82664
 0.585771
  13.3002
  10.1866
  16.6646
  10.1616
  3.12303
  4.91564
  3.38727
  1.44215
  11.9391
  15.4913
  3.19694
   19.438
  8.57835
  23.0261
   24.331
  26.7673
  30.2282
  8.01637
  11.6229
  6.28358
  31.2933
   7.9712
  29.3994
  12.6051
   12.618
  1.50386
  28.9185
   11.356
  1.79296
  9.80382
   13.073
  9.50738
  1.17183
  13.7758
  16.6773
  4.32575
  13.3282
 0.674311
  11.7909
  11.5334
  23.5002
  10.9407
  21.3733
  13.0231
  28.2408
  2.30663
  6.66784
  2.96234
  15.9376
  1.37405
  21.0491
  12.7926
    27.11
  29.2219
  2.48199
  8.25755
  22.2783
  7.14286
  3.97515
   12.422
  27.6539
  7.63509
  9.50499
  3.49312
  16.1676
 0.416182
  1.03161
   6.0842
   7.6371
  31.2653
  23.1643
  26.2695
  14.5424
  6.12331
  32.4739
  10.8662
  12.5453
  5.68704
  15.1616
  18.8387
  1.85705
  9.68192
 0.228163
  21.0844
  6.90581
  10.8017
  30.9357
  2.76215
  9.16352
   7.4404
  2.58742
  8.34215
 0.409348
  10.1511
  11.1173
  10.7283
   5.5962
  18.4868
  15.5345
  24.6044
  26.6153
  30.7919
  5.30688
  9.13934
  8.84184
   8.6782
  12.6438
  3.88951
  8.17921
  22.2987
  3.68764
  1.61306
  18.3734
  17.3703
   2.6431
  21.1717
  16.5292
  13.4989
  47.6432
  12.7768
  23.2363
  53.9176
  7.01952
  1.88842
  16.6286
  14.5173
  12.7704
  1.17964
  25.8973
  5.39701
  22.3718
  31.9699
  15.4258
  43.5376
  55.4516
  63.3049
  38.1152
   67.379
  50.1836
  60.2151
   11.882
  6.06933
  19.3108
  26.0529
  1.03458
  11.1128
  32.0178
  62.8508
  54.9768
  8.75696
  63.5324
  25.5107
  61.9049
  53.6788
   7.2704
  21.2301
  20.2948
  33.0933
  9.23134
  1.83066
  8.53186
  59.1105
  1.26548
   29.957
  6.69508
  26.6066
  65.1415
  6.52454
  2.19013
  56.7599
  55.9532
  38.0954
  57.5535
  26.0879
  61.8589
  35.0148
   58.919
 0.885611
  55.5913
  10.6629
  54.7894
  28.4002
  20.0989
  55.4479
  52.9716
  10.2699
  22.9741
  64.5298
  60.2704
  23.2173
  3.65387
  7.20919
  7.77491
  5.77194
  14.0418
  56.5332
  40.1782
  35.5555
  40.4424
  37.7338
  26.6425
   59.338
  57.3021
  32.2937
  50.7423
  57.4937
  0.90109
  59.3695
  7.09291
  8.63629
  3.40869
  9.75246
  7.03403
  36.4214
  62.0531
   19.255
  30.6961
  63.7062
 0.815458
  64.1945
  3.20837
  57.9421
   55.659
  29.3259
  17.9592
  57.9381
  53.0032
  31.7079
  63.8953
  65.4198
  64.3693
  13.3309
  12.1136
  34.4428
  1.80357
  62.2786
  10.4009
  7.44484
  35.0159
  1.54477
  10.0675
  62.8651
  5.36492
  22.8972
  64.4153
  29.4319
  17.4945
  15.3407
  36.3113
  3.17681
  57.4752
  57.7592
  59.4307
  9.97448
  23.2896
  9.38191
  55.9956
  59.0116
  5.73124
  44.2346
  50.2528
  41.6078
  66.9333
  44.0774
  54.4016
  27.7482
  68.9061
  54.8356
  56.7107
  36.2435
   61.661
  7.71761
   28.026
  29.3727
  23.7561
  11.2509
  49.1804
  8.71588
  57.1279
  56.0409
  47.4489
  55.6519
  2.27863
  31.8458
 0.819306
  2.61214
  56.2996
  44.3358
  5.65271
   1.8726
  20.8539
  63.5259
  62.9447
  11.3879
  67.7493
  53.8142
  18.0244
  14.5606
  4.73138
  11.2461
  5.74097
 0.900672
  24.4532
  40.5893
  34.7809
  17.5089
  67.4092
  67.8871
   68.043
  30.4942
  58.5282
  65.3369
  62.9983
  59.2036
  47.4252
  62.3677
  43.7965
  52.7557
  50.7523
  17.7692
  69.0154
  14.2391
  33.8169
  10.3266
  9.49235
  2.70245
  2.21527