  38.6329
  18.6563
  6.76845
  28.5098
  6.51935
  7.84349
  23.1069
  8.07762
  23.6227
    37.12
  39.7503
  43.3314
  44.1364
  44.6919
  37.1319
  35.2777
  36.0959
  46.2395
  44.3872
   50.373
  41.0433
  49.7687
  46.3674
  40.1963
  37.9626
   29.928
  46.0555
  50.0191
  45.5796
  44.7906
  45.0548
  39.7619
  37.1507
  45.8488
   47.052
  47.3759
  34.1692
  29.2722
  48.5599
  42.1282
  48.6724
  50.5417
  50.0285
   42.982
  37.0634
  46.6996
    35.09
  23.1293
  44.0739
  45.9799
  35.2913
  47.2345
  47.7645
  44.1234
  48.1966
  41.2724
  48.1124
  27.3065
  3.07607
  1.01741
  27.8248
  39.7701
   49.346
  30.8635
  31.6208
   46.032
  26.5212
  48.0427
  42.1869
  21.5396
  32.4204
  36.8589
  8.63346
  35.7577
  32.8248
  42.4097
  47.3975
  21.7157
  43.3629
  47.7302
  32.1337
  24.1963
  45.9449
  48.8458
  9.79777
  9.21424
  2.41057
  4.67257
   4.4417
   2.9351
  24.0686
  3.45366
  1.63467
 0.304844
 0.644789
 0.861326
  1.79208
  1.38891
  1.94034
  1.99524
  7.74409
  1.59032
   1.3054
 0.867033
  17.2641
    1.765
  1.05004
  2.78221
   7.9633
  3.26667
  0.73994
  1.99627
  5.52908
  3.33665
   6.2179
  4.70293
 0.786383
 0.169453
  2.31931
  1.28113
  1.55523
  4.60111
 0.432669
  0.58241
  5.09578
  3.36632
  2.70666
  8.04667
  1.62503
 0.710899
  9.68711
  7.01012
  3.67078
    36.56
  44.8752
 0.139362
  3.60809
  6.38472
  1.86658
  13.2314
 0.514998
  9.14648
   31.255
  7.72485
  3.78554
  12.8498
  18.7602
  10.2634
   2.1242
  3.34392
  24.9928
   2.6864
   4.2126
   20.315
  2.97312
  1.14399
   4.1415
   2.5766
 0.493067
  3.34636
  3.15717
  1.79578
  51.5302
  7.88773
  13.1035
 0.528384
  40.8951
  31.3043
  11.5312
  10.8154
  10.5822
  12.2401
  33.3574
  7.64032
  1.24641
  4.51983
  1.79595
  7.92348
  1.31337
  1.74627
  1.39233
  1.13795
 0.726525
  21.2745
 0.735193
  8.35917
  1.17642
  8.15921
   1.6665
  1.20893
  4.81785
  3.79401
  27.3188
  1.84807
 0.173133
  11.8911
   4.6425
  1.10444
  24.4113
  0.19197
  2.27156
  27.4984
  6.15334
  3.81823
  1.88548
  6.44137
  9.90205
  3.25553
  6.05003
 0.518716
  1.03909
  1.92127
   27.237
  5.82872
   6.6791
 0.114375
  3.13883
 0.108494
 0.957016
   11.862
   0.3015
  1.04108
  1.34897
  1.45432
  2.64184
  5.30544
 0.429626
  5.63871
 0.776544
   6.5325
  7.28654
 0.522466
  2.97473
  2.02936
 0.489642
  1.60335
 0.584634
  6.55964
 0.251129
  32.7836
 0.774769
  11.8269
  5.30463
  4.29123
  6.66366
  5.02863
  5.39017
  1.75235
  2.17878
  2.31333
  10.0348
  6.23535
  2.66666
  1.06583
  14.8622
  5.85534
  2.92981
 0.269869
 0.834173
  5.86143
  4.37336
  2.49569
  6.07393
  5.55815
    2.184
0.0975673