   37.794
   46.509
  51.4184
  46.7733
  55.8016
  49.8493
  18.3033
  18.4695
  11.3083
   26.224
  51.6212
  56.6572
  11.7322
  38.0312
  21.5754
  11.9244
  50.7316
  22.5659
  50.2818
  53.7664
  29.6188
  52.1591
  49.7729
  42.3894
  39.6453
  55.8658
   38.067
   42.278
  41.9586
    42.25
  65.7477
  39.6366
  47.3122
  53.6802
  35.9992
  56.6344
  38.0632
  43.4901
  53.5317
  37.5769
  43.4461
  46.9719
  54.9238
   46.463
  31.8648
  34.3776
  45.7836
  39.5658
  63.1291
  53.3125
  47.7449
   51.016
  30.5629
  29.3139
  52.4396
  54.9312
   49.732
  42.3871
  58.6334
  55.9314
  62.8439
  40.0105
  43.6475
  59.9359
  51.0337
  51.3716
  42.4928
  41.5374
  45.9837
  43.3288
  61.5138
  52.5978
  49.9272
    38.05
  39.8543
  42.9459
  56.5931
  43.7606
   33.639
  46.6064
  43.4901
  37.7297
  35.7398
  34.9135
  38.6957
  47.8509
  49.9323
  54.4925
  45.9573
  39.4858
  40.3091
  46.2112
  44.3677
  33.0279
   34.177
  58.0983
  46.1349
  28.6557
  55.0909
   46.145
  42.2147
  51.9815
  58.5351
  49.3022
  58.8824
  45.1196
  41.1474
  59.6507
  43.5504
  25.3423
  38.2018
  6.15042
  2.41499
   56.761
  50.5332
  48.3707
  25.5695
  39.7955
  35.9266
  58.4552
  48.6964
  40.1871
  43.0651
  49.6992
  41.9696
  25.1053
  53.5323
   38.763
  40.5014
  40.4959
  49.3465
  27.3684
  29.2656
  56.0256
  29.0573
  28.2309
  40.6973
  34.2101
  40.3037
  55.0927
  47.8168
  42.4149
  56.0167
  31.4935
  51.1377
  41.3852
  46.1938
  37.4702
  22.7759
  62.1137
  39.2426
  42.6788
  11.7242
  2.82699
  6.52374
  1.06992
  5.27294
  24.6887
  4.67889
 0.361923
  1.34271
  6.95021
  2.48252
  7.56573
  2.25144
 0.473212
   7.9148
 0.394897
  6.75049
  4.15769
  23.9638
  2.53446
  4.00209
  7.85877
  3.58517
  4.55019
  5.61743
 0.918882
  8.03951
  1.32453
  1.71628
   14.686
  13.0671
 0.244242
 0.179323
  5.35983
0.0739037
  2.77445
  5.39858
  0.14088
  1.59813
  4.58547
  7.03253
  4.40155
   6.7486
  1.67818
 0.164625
  3.89986
  5.95892
  33.9662
  44.5048
 0.477687
  2.76367
  6.27365
  54.6102
  1.69181
  12.2037
  6.86023
  7.98543
  32.7439
  5.42724
  51.2511
  6.09636
  10.4877
  18.6338
  4.37705
  1.56809
  4.43558
  24.8958
  0.93983
  6.29068
  18.7663
  16.3152
  2.30215
 0.719362
  3.68965
 0.513372
 0.393235
 0.551991
  8.13344
  2.51742
  44.5591
   3.5194
  10.2584
  3.94121
  38.3362
  32.2909
  6.43646
  13.3123
   13.377
  11.2168
  3.55373
  34.1201
   2.9002
  3.15714
  6.70946
  4.23505
  6.48124
  3.53772
 0.231926
  1.63041
  1.23024
  3.00368
  4.07596
  22.2653
  1.56751
  6.13794
 0.162196
  2.60766
  13.2742
  1.96122
  2.20443
  6.66125
  15.5316
  1.48967
  7.64534
  8.65194
  15.2384
  3.24764
  27.0996
  8.07911
  17.7793
  2.79901
  1.78665
  24.8984
  3.38559
 0.848146
  27.1995
  6.03689
  2.52276
  2.91847
  6.18283
  3.98969
  5.20532
  5.00314
 0.273166
  4.01459
   6.1427
  3.50902
 0.913572
  27.0322
     7.75
   1.9412
  4.86594
  8.51813
 0.141293
  5.84028
  2.98484
  4.09549
  10.0965
  7.68015
  1.28187
  5.00667
  6.31094
  3.61743
  4.89298
 0.291234
  8.83521
 0.976067
  1.82248
  8.18105
  5.23261
 0.174973
  4.93344
  6.54972
  4.00185
  8.84718
  9.18389
  6.02425
  31.2786
   3.6268
  10.2206
  8.04749
  3.16818
    4.253
   4.2297
  2.60929
  1.68395
  2.86823
  6.68249
   5.7072
  6.49574
  4.94129
   6.0872
  9.36585
  3.72097
  24.9202
  1.04288
  0.28607
  4.03885
  3.32816
  6.74198
   16.812
  3.69448
 0.402016
  2.28098
  5.80872
 0.573039
  46.7982
  3.90977
  1.37133
  37.4136
  3.22201
 0.178244
  2.54919
  10.9342
  6.52305
  2.49099
  5.10766
  15.6412
  10.3589
  5.21899
  4.30072
  2.41681
  17.9966
  47.3651
  7.57747
  8.84448
   7.9049