 6.11525
 11.2106
  15.186
 6.44796
 6.39284
 46.9788
 34.3979
 56.5912
 17.0359
 38.6812
 15.0472
 20.9914
 9.64397
  12.926
 12.3792
 32.7535
 27.1025
 24.2039
 4.87056
 1.02402
 26.4657
 29.5925
 18.8973
  43.686
 2.55181
 12.0881
 30.1453
 4.29373
 19.0793
  2.9226
 5.28574
 1.01193
0.954271
 12.6859
 11.7729
 34.0182
 16.5211
 5.58132
 7.29196
0.841428
 5.07109
 24.7832
 29.5334
 8.93935
 4.57606
  12.664
 25.2541
 7.61165
  8.1636
 26.7602
 17.9011
 43.9257
 24.2212
 9.51042
 0.99766
 17.6003
 8.27841
 31.0365
 8.00684
 26.3371
 43.8455
 40.7428
 15.1479
 8.63499
 37.7074
 21.7165
 3.90215
 2.19765
 24.8092
 7.53665
 9.70305
  1.3718
0.773607
 3.13427
 29.0073
  43.039
 13.0399
 44.0905
 2.97251
  2.2447
 12.7781
 3.45475
 4.38346
 24.4648
 23.9343
 7.46877
 22.8151
 8.31353
 20.1562
 26.5054
 2.85179
 9.43959
 12.0346
 25.4202
0.389846
  10.208
 29.9506
 4.20614
 30.5634
 2.42006
 22.6423
 38.1231
 31.6327
 9.90072
  4.3346
  2.7107
 18.5203
 4.80024
 16.4137
 19.1462
  10.837
 35.1499
 26.7916
 33.9891
  19.078
 29.6944
 17.9879
 8.05292
 18.5277
 23.0366
 14.8639
   37.98
 12.5178
 8.99808
 18.5975
 23.4456
 8.01563
 28.4492
 19.3993
 10.1303
  13.945
 46.7745
 35.9867
  0.3845
 7.95387
 12.9276
 18.2164
 8.92587
 23.6884
 23.3484
 2.28488
 9.34809
 19.7183
 17.0774
 1.95149
 2.52036
 10.9214
  16.605
 9.04556
 3.78398
 13.9681
   12.24
 24.2236
 8.48203
 4.91358
 33.3762
 16.3578
 9.18032
 5.19908
 15.6168
 1.41635
 17.9497
 19.1072
  11.391
 8.67682
 10.5734
 12.5201