  7.96074
   5.8107
  7.56107
  5.26899
  10.7902
  5.64404
  6.32736
  7.52066
  14.1781
  8.03333
  25.4063
  12.4431
  26.1495
  39.6895
  19.1652
  10.0375
  3.90901
   6.7407
  3.86976
  4.41835
  24.0737
 0.688329
  1.40308
  11.4225
  4.54895
  16.1974
  27.8874
  9.34794
  10.3818
  2.72925
  16.7435
   8.8519
  5.82759
  2.73214
  10.5726
  10.5785
  7.49382
 0.733761
  14.3085
0.0453016
  1.83869
   10.614
  15.9049
  8.33926
  8.46764
  2.20049
   11.645
  7.59658
  8.91636
  1.74125
  9.31592
  11.7988
   5.6928
  12.6183
   13.603
  6.52962
  6.27284
  9.63686
  1.10005
  8.40825
  4.89564
  6.08051
  3.10691
  12.0318
  6.20501
  12.2054
    25.34
  6.49303
  6.60261
  10.3906
  3.64312
  3.57565
  8.48901
  3.67452
  13.8502
  12.4724
 0.937701
  7.51038
  11.6399
  7.97778
  1.62451
 0.938439
  7.62336
  2.78105
   7.0179
  7.33878
   3.0825
  2.17046
  10.2585
    9.262
  2.01378
  11.2206
  6.82626
   10.967
  6.49198
  1.09857
 0.484741
  4.70993
   5.8509
  3.07306
  1.81653
  4.76276
  11.7163
  13.1197
  9.85467
  21.9999
  6.59013
  13.8429
   24.987
  27.3858
  22.3363
  4.43833
 0.706654
 0.373341
  3.37578
  8.95908
  6.96216
  16.1595
  14.4272
  21.0425
  10.1422
  6.04951
   16.138
  11.7533
  7.85909
  2.04915
  1.35265
  8.09991
 0.135515
  6.72312
 0.758436
  6.40739
   4.0856
  1.69438
 0.684027
  17.6034
  20.4238
  18.6215
   51.747
  44.6277
  44.9023
  46.4042
  38.2967
  5.77691
  6.72909
  2.74498
  20.8729
  13.9724
  34.2203
  35.8351
  14.8343
  5.63783
  10.4546
  1.85427
  16.6602
  16.7879
  3.82606
 0.664868
  18.2576
  6.35466
  3.00406
  3.82036
  1.67416
   19.289
   22.823
  1.19765
  3.63139
  19.6977
  4.74544
  9.17018
  19.9255
 0.341268
  14.6288
  6.72764
   4.8921
  11.6894
  7.52285
  2.87403
  2.88367
  12.2885
   14.975
  5.42663
0.0883491
  11.7438
  9.58896
  6.39361
  9.35868
   10.765
   23.209
  6.99653
  6.70654
   3.7084
  2.57325
  8.52085
  28.9718
    32.68
  45.7887
  48.3499
  33.3751
  43.9871
  41.3715
  7.71152
  47.5697
  39.8855
  21.1531
  34.9719
  35.9389
  50.1824
  51.1646
  51.7656
  7.33848
  37.3006
  38.3217
  48.0179
  47.7093
  33.5597
  5.80754
  48.6731
  41.9941
  35.6587
  35.0144
  36.2526
  35.8528
  28.0828
  44.0741
  32.5106
  41.1544
  28.6199
  1.37421
   28.112
  41.5335
  48.4446
  47.4488
   46.902
  41.5798
  46.2661
  52.1265
  46.8813
  12.4626
  29.4955
   35.274
  39.4606
  32.7004
   33.484
   41.182
  46.7313
  38.9743
    49.14
   44.472
   38.854
  42.4761
  42.7434
  46.5158
  36.0252
  34.3484
  35.5063
  44.4281
  37.0788
  38.9797
  30.9369
  42.4219
  38.6183
  38.8856
  34.9229
  51.1056
  45.5336
  51.5499
  47.9706
  35.9739
  22.2274
  18.2183
  34.5757
  43.3032
  43.3307
  8.39346
   44.136
  27.1054
  47.6617
  49.9303
  15.1587
  47.6042
  7.40149
  31.1815
  32.6818
  26.7528
 0.655873
  37.6079
  18.0757
  30.7935
  45.2285
  44.1871
  47.0485
   45.996
  36.4105
  39.9267
  38.3293
  9.75001
  39.4245
  13.8991
   30.727
  35.8447
  43.7756
  17.9481
  16.7796
  41.9125
  45.3188
  43.1902
  50.3684
  26.9465
  13.9732
  44.8476
  47.1928
  46.8745
  50.8946
  49.0499
  44.4559
  46.2272
  47.8528
  36.7119
   39.744
  36.4262
  33.7943
  36.5364
  39.5177
  43.5348
  21.2914
  39.2051
   44.772
   37.978
   21.121
  46.8148
  44.0774
  46.4225
  46.5362
  35.1989
  38.4791
  33.4565
  31.8939
  30.0473
  45.6199
  47.6424
  17.5453
   47.398
  43.7474
  21.0533
  37.5888
  15.9232
  46.6256
  5.36787
  47.3527
  48.8087
  48.4651
  45.1044
  51.4725
  48.0617
  46.8625
  2.11191
  17.2469
  51.4191
  48.7028
  52.2183
  48.0644
   50.599
  44.9765
  47.8071
  36.5886
  37.3982
  35.9433
  47.3502
  49.8849
  52.6425
  47.1845
  41.0031
  52.8886
  35.5464
  47.2821
  8.44296
  30.5222
   17.219