  25.4345
  21.3351
   9.6053
  11.0407
  7.26904
  5.91659
  2.56309
   9.0775
  15.5155
  23.2984
  6.35415
  6.53557
  2.56087
  14.3532
  4.32494
  9.17463
  8.09467
  20.7893
  29.1343
  3.77975
  42.6867
  2.40048
  7.08454
  22.6573
  32.4049
  12.5477
  5.27484
  5.87631
  28.1976
  8.16693
  21.9478
  11.4175
  5.11066
  5.87307
  8.74041
  4.87128
  19.2295
  15.7186
  32.3929
  5.67169
  15.5155
 0.805295
 0.936699
 0.124832
  17.1279
  1.01952
  3.90327
  14.8534
  20.4751
  19.6111
   1.2943
   47.874
  3.11221
    1.111
  1.31607
  15.4137
  3.05017
 0.323445
   8.9469
  20.5206
  22.3851
  17.6453
  30.0903
  22.7436
  10.6497
  29.7673
  0.78878
  28.2529
  6.88666
  16.4043
  3.91473
  23.4147
  1.69556
  2.10312
  14.1555
   37.987
   22.786
  3.72936
  27.2408
  44.8353
  10.6499
  8.65267
  15.6272
  20.7268
 0.660421
  4.80671
 0.232887
  4.09873
  10.4752
 0.423634
   15.369
  6.97363
  1.11792
  17.9854
  9.26118
  11.2768
  15.5019
   14.015
  4.80449
  20.8493
  1.93336
  34.3146
 0.498927
  7.07743
  23.4282
  11.0448
0.0523948
  1.96106
  6.38384
  10.8744
  52.7196
  21.1205
   32.534
  3.25762
  10.4259
 0.157294
  10.1023
  7.65954
  6.74734
  14.5386
  9.30052
  15.7367
  40.5879
  1.16446
  1.18047
   28.084
  38.6001
  6.25948
  3.95058
  17.8366
  18.5029
  12.7008
  42.2225
  7.93606
  18.7997
   20.677
  16.7243
  23.8579
  36.4732
  9.69135
  9.60003
    7.299
  16.2473
  5.36727
  22.8078
  1.24017
  31.5731
  23.5708
  26.9365
  56.8412
  21.7824
  18.3512
  3.35465
  2.94199
  32.1673
  11.8807
  24.9084
  24.5169
  39.3242
 0.151641
  5.94973
  13.8205
  1.65156
  2.45948
   29.554
  6.30805
  49.9932
  6.45482
  2.21753
  8.22685
  1.07883
  18.1104
  2.44198
   14.623
  7.35055
  5.17398
  23.9335
  25.5958
  34.4135
  10.2502
  2.61365
  3.48058
  3.11546
  13.9375
  14.6878
  9.04985
  43.7302
  3.55092
 0.853315
   10.478
  3.03601
  41.8907
  11.9035
  44.2748
  40.5268
  24.9935
  22.8246
   19.603
   12.308
  37.1515
  3.15745
  25.9403
  28.4293
  18.3732
  18.5675
  9.14544
  4.70041
  16.7407
  23.9271
  3.10708
  25.0349
  5.19312
  11.6151
 0.765147
  6.87827
  7.22449
  43.5735
   46.162
   28.703
  8.44605
  4.29553
  3.49203
  18.5458
  28.5053
  15.7775
  8.40808
0.0338198
  40.5071
  6.09004
  36.4051
  26.7753
  3.93328
   11.799
  23.3536
  35.2487
  6.59555
  47.6993
  25.6051
  30.9553
   32.462
  3.18182
   13.656
  11.3253
  4.43809
  1.10584
  18.5194
  3.93011
  6.08299
  23.3424
  25.3023
  6.92815
  30.9928
  15.5867
  30.6821
   29.606
  19.5298
  5.60487
  15.5658
  26.1779
   11.074
  2.18884
  34.3973
  6.45478
 0.502476
  37.9466
  44.0225
  18.1759
  34.5012
  28.1851
  25.8014
  55.2501
  6.20439
  32.6581
  21.8225
  0.11642
  22.2864
  28.4614
  34.3265
  28.8748
  16.3855
  16.5219
   4.7338
   19.961
  23.9157
  25.2441
  8.60077
  29.9485
   20.988
   44.321
   12.212
  59.3057
  27.6113
  26.7397
  20.4334
  19.3604
  33.3946
  19.5808
  43.0219
   30.431
  11.5825
  41.8377
  6.81582
  5.41971
  9.37114
  25.5858
  2.61892
  22.5613
  30.2162
  2.39712
  27.6312
  25.3951
  33.6704
  33.4366
  4.70786
  8.41086
  10.7094
  6.56527
  23.7559
  7.51353
   28.326
  12.4833
  23.7149
  4.93489
  22.2248
  2.59153
0.0173353
  31.1189
  22.9393
  9.60846
  2.82385
  46.9568
  6.36377
  2.62855
  19.4869
  34.3196
  6.50891
  11.1031
  31.7419
  9.16591
  1.30336
  6.28817
  20.6848
  7.75334
  13.3661
  21.4074
  7.77893
  11.3206
  37.9091
   14.912
  9.96283
  31.5776
  7.07781
  25.7028
  2.77149
  11.1428
 0.619783
  12.8496
  21.3608
  20.6526
  24.7457
  21.7426
  14.3999
  32.6173
  22.6929
  11.7603
  5.13886
  34.4006
  5.45302
  11.4549
  13.8034
  17.0814
  15.6041
  11.4859
  13.7713
  7.66825
  14.4521
  4.14138
  30.1429
 0.847522
  25.2369
  6.84019