   14.4453
   8.06553
   10.4626
   16.2407
   14.5894
   6.47304
   3.82882
   2.76381
   4.97988
   5.56395
   6.36539
   1.54298
   9.21411
   16.5157
   17.7812
    6.4005
   27.3141
  0.249896
   21.2862
   28.2571
   35.1109
   30.4467
    3.4705
   9.02847
   33.7153
    18.165
   31.2721
   4.23842
   16.0727
   6.23972
   27.0038
   12.2706
   11.1491
   3.82882
   5.51764
   31.1648
   9.07186
   14.6535
   2.79052
   33.5534
   36.9507
   14.4668
   26.5985
    26.219
    40.235
   31.0574
   25.5454
   4.25088
   25.1945
   11.8627
  0.363443
   25.6256
   29.3235
   12.9959
   37.3787
   13.1758
   32.1006
   11.6448
   42.7256
   30.1554
   28.2539
   13.4626
   26.0715
   32.5977
   29.1982
   3.40088
   14.7766
   25.4299
   19.2612
   16.5657
   12.7756
   16.0415
   6.08109
    10.912
   10.2201
    14.371
   14.2605
   8.90826
   19.0172
   14.4877
   13.7619
   15.5778
   3.31272
   8.27412
   34.0008
   9.22177
   4.16035
   12.8895
   17.6977
   28.3925
   1.49358
  0.214374
   23.9792
   12.8122
    1.5793
   1.30071
   18.6958
   12.1296
   3.58142
   4.26678
   10.7803
   7.28691
   2.81808
   1.06149
   8.16309
   16.7047
   22.8996
   6.78535
   4.97989
   42.3726
   17.3235
  0.958758
   4.57225
   4.52089
   1.06245
   1.35794
    8.8097
   3.70181
   8.12138
   6.16135
   1.54919
   25.0877
   5.41562
   1.88642
   7.32308
   20.0517
   26.7188
   12.5545
   2.92856
   6.58294
   4.51092
   3.32797
   26.6405
   1.61193
   27.8768
   34.5963
   1.02012
   10.2557
    13.168
   11.4234
   12.0461
   29.4046
   3.37418
   3.05951
   1.42798
  0.533197
   9.57627
   17.1314
  0.322374
    3.6198
   7.05071
   11.7505
   17.5937
   4.80398
   20.6497
   7.17616
   26.8754
   28.9727
   42.3457
   33.0326
   26.5139
  0.827577
   8.57202
   4.80111
   28.7851
   7.49172
 0.0225707
   21.5578
   24.9121
   34.9216
   4.78345
  0.723184
   25.6448
    38.986
   31.8938
   18.0977
   11.7739
   2.42228
   21.9834
   19.7524
    24.861
   20.7082
   28.3153
   15.0347
   4.60107
   7.02974
   35.0003
   5.58029
  0.145087
   4.59133
   4.35801
    15.324
   35.2504
   10.3227
   17.8872
   4.98743
   33.5351
   14.2023
   7.19274
   20.8311
   9.12299
   13.7495
   4.23254
   12.4341
   3.22926
   9.46072
   19.8767
    2.8401
   1.50301
  0.210345
    8.5976
   20.2667
   5.40698
   7.45536
   16.6917
   5.84689
   18.3542
   22.4084
   12.1361
   3.62526
   19.1877
   8.82678
   15.1414
   2.51685
   1.44044
  0.822598
   8.62302
   27.1189
   11.5078
   19.3329
   2.35189
   4.81053
   17.4689
   8.39804
    2.3719
   16.2132
   13.1233
   8.66775
   3.98868
   8.30987
   25.5725
   18.6883
   30.1927
 0.0833616
   9.87182
   4.05964
  0.758788
   4.08405
   8.61675
   36.0447
   1.01434
   11.4024
   15.0687
   5.43507
   6.75206
   5.42547
   11.6196
   5.26407
   3.09568
   35.7618
 0.0776002
   8.80563
 0.0274665
   6.98032
   33.5482
   5.79585
   3.88886
   1.61806
   18.6891
   9.79591
     11.62
   5.83206
   3.71739
   1.42675
   6.27883
    5.8643
   1.47255
   8.25185
   21.0754
   4.31517
   4.21233
   2.24679
   2.81895
   23.4314
   24.7688
   7.28692
   18.8775
   20.4562
   23.3681
   31.4714
    4.4888
   3.68198
   10.6257
    3.2086
0.00176762
   24.8846
   2.05968
   1.04061
   17.1524
   7.68241
   8.62936
   10.1336
   17.8862
   8.46086
   8.32988
   0.92791
   12.1401
    26.918
   7.47979
   8.92255
   14.5543
    4.4625
   11.4202
   21.0364
   20.7131
   21.6255
   27.4181
   1.13083
   18.1996
   4.53822
   2.06859
    14.506
   10.5655
   2.71097
   2.18496
   10.5671
   2.32397
   26.8655
    4.8651
  0.602987
   7.42809
   17.0877
    9.4102
    4.4234
   4.09396
   2.78474
   13.3058
   27.8563
   5.66191
   5.72372
   1.87339
   19.4176
   23.3075
   12.0755
   1.05037
   8.64771
   3.11141
   6.44496
   7.54649
   18.3644
   14.2224
   7.07477
   6.59268
   4.41521
   3.96242
   3.61538
  0.650783
    3.2029
   5.99699
   1.94897
   1.16899
   9.91565
   12.6832
  0.112043
   9.22745
   22.1417
   18.5421
   17.1826
   16.4618
   47.4903
   6.67711
   14.8622
   3.41079
   41.4635
   40.6188
   22.8546
   16.2699
    8.4344
   25.2725
   10.7032
   8.78658
   0.66185
   25.3672
   14.2946
    6.1633
   22.8473
   11.9704
   15.6213
   7.47422
     17.63
   14.7919
   17.2161
  0.505102
    16.589
   22.3751
   11.1048
   8.34434
   13.6526
    4.2727
   8.68157
   12.9148
   4.01517
   9.04366
   8.02417
   11.4819
   3.10287
    27.248
   32.3474
   4.73673
   3.48417
   1.29212
   14.5946
   15.6007
   2.34485
    25.403
   32.9036
  0.855163
   8.78346
   15.0333
   4.89671
   9.12127
   3.37601
   7.74545
   12.9977
   24.2219
   14.6653
   10.6074
   1.31434
   12.3612
   13.9849
   17.4586
    4.2213
   23.7836
   12.0394
   33.7723
   1.30496
   20.8141
   22.0164
    30.463
   9.55965
  0.146725
   5.37033
    14.404
   2.01421
   15.4051
   17.1358
    15.362
    13.626
   2.13367
   3.82554
   41.7784
   3.73454
  0.798979
   12.6489
   29.2207
  0.136399
   1.57051
   9.06909
   20.1655
   26.3839
   1.39034
   8.37441
   10.3723
   19.1642
   20.9778
   5.31529
   13.0242
  0.428889
   32.9141
   29.0726
   6.29905
   1.72662
   6.59571
   10.2346
   9.81999
   5.28861
   7.43693
    5.7952
   17.0593
   9.61024
   1.58375
   11.2525
   22.8811
   10.5478
   32.8134
    36.538
   18.0268
   18.8328
   21.2449
   7.71475
   19.3311
   3.85444
   5.82544
   2.67865
   3.44798
   9.63415
   3.95737
   13.8469
  0.971251
   28.7733
   10.8452
   27.4336
   18.8265
   13.2254
   45.6239
   19.0719
    32.815
   27.3261
   13.0179
   6.24355
   40.3192
   2.09875
   12.1643
   9.28441
    20.346
   45.8447
   26.2154
   11.8193
   42.1835
   15.1332
   11.5511
   24.8214
   22.8923
   20.6272
   14.6753
   5.61695
   35.2938
   15.2077
   19.9635
   1.33938
   39.9391
   19.9057
   40.2368
  0.371252
   9.74865
   19.7303
    19.487
   26.8652
   34.9103
   19.3551
    21.983
   6.09848
   4.51873
   4.14658
   17.7586
   19.9409
   27.3067
   3.03863
   26.0071
    33.034
   32.1363
   28.6625
   23.3754
   28.6014
    23.268
   24.9415
   27.8396
   3.99088
   21.4359
   15.8419
   19.0523
   8.69469
   3.71282
   3.53626
   27.4366
   20.0654
   45.2003
   18.4001
   1.85874
   8.64157
   28.2316
    21.841
    19.154
  0.258984
   3.07135
    28.984
   10.1508
   16.9244
   39.8015
   39.2804
   5.15369
   23.0252
  0.929609
   46.2212
   31.9662
   25.4163
   18.2112
   7.77688
   2.46786
   2.99362
   34.5506
   4.75378
   41.8002
    1.5712
   6.38615
     8.475
   25.1925
   22.8535
   44.6747
   22.8948
   20.6584
   24.5706
  0.868936
  0.699593
   42.9045
   13.1862
   49.1898
   29.9376
   38.2811
   9.64117
   22.2906
   30.2897
   21.1334
   43.8613
   5.28317
   42.6823
   18.8278