61.6345
 17.396
31.1282
46.8891
46.7941
32.0114
47.3724
53.7477
60.7855
70.8218
82.9887
41.7418
51.8248
50.7533
55.2695
40.7334
39.2926
47.1876
45.7073
44.6858
 41.556
41.8955
45.4129
57.4087
54.6607
41.7453
49.4401
32.2246
38.4755
47.8669
69.5354
34.1835
37.4348
65.3741
32.0927
32.5218
33.2747
10.8901
17.4148
18.7914
26.2024
40.4502
45.6967
 46.661
61.5134
47.5921
53.5214
 46.886
32.2419
39.3188
52.0071
33.0543
51.8251
45.9555
39.5575
38.5716
 46.857
43.4894
 57.409
24.6719
19.5525
56.4432
 34.442
34.1837
25.0792
56.7774
55.2517
45.9163
21.4899
37.2076
33.6158
29.5138
 32.174
27.5182
77.1608
37.2061
 28.141
62.7612
26.1521
56.7477
 22.126
53.0622
45.3192
41.9327
41.9203
43.9215
72.9602
43.4894
39.0629
58.6447
35.9497
52.2826
24.6719
27.4622
84.1965
42.0722
 44.412
 50.651
46.2178
43.1468
50.7533
43.0853
32.0927
42.9116
27.5205
70.7738
29.7869
29.3694
26.8963
55.6511
 53.297
36.5386
69.8097
51.6724
38.7227
  59.26
34.1585
28.8405
18.4732
42.3045
34.6181
35.7742
32.1866
32.9645
50.7533
71.1082
28.2813
33.9112
26.1521
25.6869
54.9664
46.3662
49.0625
45.5585
 70.029