  41.9685
    10.32
  21.2909
  14.5267
   13.766
  21.5445
  6.07122
  41.7384
  20.0564
  9.20281
  1.29951
  4.96787
  19.4342
  13.1719
  14.7482
  8.48862
  14.9971
  14.8171
  27.6717
  32.4893
  21.3174
  16.8475
  13.5566
  11.9045
  9.25128
  23.0182
  24.0218
  37.5432
  11.7423
  45.8907
  41.8451
  22.6481
  5.15387
  5.52796
  19.9476
  10.7503
  12.1066
   21.923
  19.7675
  24.5466
  9.15856
  4.52324
  3.16188
 0.219362
  18.7803
  19.1898
  10.6535
  14.9989
  7.88228
  11.3464
  44.3404
  36.1364
  3.88875
  19.1599
   8.2985
  35.8776
  43.9099
  7.11297
  22.1405
  11.6021
  13.2444
  5.83667
  10.4898
  16.6306
  21.9351
  6.34405
  15.8969
  12.7498
  24.1318
  11.5996
   16.176
  22.1741
  12.9113
  26.5293
  10.3202
  10.4734
  5.91866
  8.35412
  17.0644
   9.3724
  14.6723
  12.9659
  11.9009
  3.80744
  23.4764
   22.351
   25.292
  16.4777
  16.5591
  5.48687
  4.81632
  14.8871
  2.14327
  1.74467
  16.5348
  27.0358
  6.02549
  3.14375
  10.8502
  11.0198
  19.9685
  17.9932
   30.606
  3.71862
  13.4527
  22.4731
  2.82317
  2.32078
  2.81162
  39.3265
  20.0806
  14.0187
   15.961
  14.2872
  20.4843
  2.16526
  20.3751
  24.9858
  18.7481
  3.30019
  9.82318
  20.6992
 0.822174
  18.2103
  16.4649
 0.305927
  1.08736
0.0306181
  18.1497
  3.35064
  12.3377
  8.45041
  8.70104
 0.123852
  6.43703
  4.73754
  7.10908
  12.0067
  27.0851
  19.1157
  7.28519
  21.3176
  11.2945
  11.0889
  41.3385
  15.2002
  11.0785
  16.3191
  19.2456
  19.0044
  16.3243
  24.9316
  10.3746
  15.0115
  9.05502
  7.80462
  24.2358
  6.94652
  16.6406
  4.91166
  17.9043
  19.1052
  16.7145
  8.64312
  15.3064
  32.3953
  20.8347
  6.03941
  23.0908
  4.75878
  43.1228
  1.43091
  2.55541
  21.9824
  12.3637
  24.0484
  12.1344
  23.1628
  21.1963
  36.4356
  24.2475
  4.08496
  25.7533
  21.0418
   12.455
  7.84782
  3.90658
  7.52859
  19.4083
  31.4866
  33.1869
  22.0314
  15.9785
  12.9783
  1.95887
  10.2717
  3.82518
   7.3405
    6.459
  21.4778
  8.14737
  7.17094
  15.3218
  53.8388
  16.6351
  25.5028
  13.8906
   36.364
  2.60392
  18.3501
  48.5976
  23.7372
  17.3681
  12.8645
  3.39774
   3.4311
  13.2901
  7.10594
  2.84909
  15.2101
  67.8545
  66.9301
  20.4067
  18.7971
  26.3605
  24.0455
  36.5651
  13.5916
  12.5447
  16.4685
  4.61684
  25.3591
  11.4937
  8.72628
  4.79722
  10.8217
  5.70208
  5.21062
  42.2006
  30.2186
  7.44924
  37.3788
  14.0689
  66.0932
  78.9191
   8.3224
  3.83516
  58.2043
   56.112
  5.24426
  11.6926
  22.6758
   69.282
  37.0798
  70.8233
  21.6136
  15.7295
  20.7759
  19.4103
  9.99902
  1.49876
  6.36973
  26.6104
  24.8283
  42.4746
  54.5413
  54.2856
  23.1397
  45.9054
   24.498
  41.8117
  55.8607
  5.48562
  2.87666
  67.0483
  66.3377
  21.2813
  48.5678
  49.0155
  37.3779
  65.6714
  49.0712
   29.296
  18.1317
  37.5413
  6.37191
  1.53348
  55.4765
   66.589
  5.54943
  9.64494
  1.14027
  15.7693
  53.1357
  68.5914
  13.1205
  16.7542
  50.2161
  60.9879
   22.259
  30.9511
  34.7525
  51.4331
   1.9263
  72.5709
  42.3235
  65.9527
  35.8699
  22.8341
  19.4125
  21.7413
  47.6422
  48.1791
  74.1401
  26.4364
  72.5918
  75.3977
  54.0992
  31.7815
  12.2597
  17.4823
  61.4338
  55.3033
  82.1876
  16.2262
  8.08299
  32.1339
  72.3629
  55.3366
  68.3112
  59.9901
  57.1098
  72.2183
  43.9638
  27.9429
  4.50279
  6.68375
  74.5804
  52.5061
  54.0299
  71.2299
  31.9049
  60.7763
  29.6159
  8.59727
  24.4346
  11.6334
  39.5705
  55.2827
   35.355
  38.1001
  5.12786
  72.1824
  61.2655
  20.7192
  76.1349
  49.5033
  14.2797
   14.322
  13.2304
  42.9288
  62.2144
  72.0731
   31.641
  65.9667
  49.6701
  47.9003
  78.8861
  13.6817
   58.416
  79.3257
  82.0495
   11.669
  20.6252
  34.4764
  18.9375