 9.4422
10.8074
10.8114
10.9697
11.2998
12.2753
13.7307
14.2912
15.4342
15.5163
15.5641
18.2238
18.7672
18.7783
19.8464
21.6158
 23.454
26.2311
26.2566
27.2781
27.3257
29.0581
30.3598
30.7094
31.3843
31.8429
31.8691
33.8265
34.4316
 34.754
36.2162
36.9558
37.2409
37.5923
37.9632
37.9652
38.8666
38.9911
39.1367
39.6449
39.9294
40.4948
41.7788
44.0853
44.9878
 45.318
 45.765
46.2669
46.2848
46.4265
47.4186
48.1653
 48.921
49.6892
 50.083
50.4814
50.7331
51.5909
51.7964
54.1419
54.9916
56.2354
57.6371
58.9407
60.1508
60.8818
 61.036
61.5041
63.0403
63.2661
66.6794
72.3713
74.5886
76.0015
76.3128
77.5713
81.7011
82.0328
82.4421
84.9611
87.4046
89.7501