 1.69066
0.648482
 4.09014
0.447184
 19.0363
 6.22384
  14.857
0.222384
 2.33791
0.519113
  7.0641
  2.2619
 4.83318
0.253523
 9.76233
 2.93532
 12.6454
 32.0596
 15.1525
 34.8794
 17.0864
 20.0486
 8.90829
 4.18619
 8.40575
 1.23849
 32.7783
 29.7112
  3.5145
 27.6445
  9.2947
  21.011
 23.4775
 35.1144
  15.285
 17.4121
 6.86451
 5.41187
 3.13722
 1.35452
 2.66959
  27.356
 22.9516
 3.62172
 5.50447
 1.69227
  8.0547
  8.1494
 6.86689
  5.2842
 6.54043
 10.8823
 3.94745
 21.6187
 6.06364
  21.133
 6.82996
 2.04459
 18.1324
 8.02109
 15.7647
 2.10211
  30.122
  1.0664
 11.3189
 9.81211
 0.35745
 10.5417
 4.58945
 4.07665
 19.0331
  5.0119
 11.9413
 22.0332
 8.58037
 29.3842
 1.88779
 20.2552
 2.50697
 7.73154
 2.18822
 3.46646
 8.40284
 10.9126
 2.18379
 6.14086
 1.50236
 11.0578
 13.7317
 10.9475
 1.26881
 9.93373
 8.31766
 3.35911
 25.9708
 1.56546
 1.59858
  4.0481
  1.0818
 4.55463
 6.77217
 8.56799
 3.70146
0.728136
 4.21513
 14.3577
 3.13942
 16.1606
 10.9983
 2.52453
 5.58284
 3.64768
  8.1509
 1.30023
 24.0752
 7.14958
 6.73944
 5.68632
 7.96426
 27.7717
 17.4219
0.575262
 8.61204
 24.1357
 5.55294
 9.88622
  5.3489
0.223549
 10.8869
 5.09281
0.125523
 7.59964
0.808472
 3.65355
0.687349
 7.64916
 1.20819
 4.07003
  3.5554
 23.6417
  5.2859
 5.51613
 6.58858
 6.85897
 5.64008
 33.3464
 28.4369
 11.7269
 20.8587
 15.1328
 6.24647
  7.4018
 23.2938
 3.18842
  28.823
 7.66631
  4.3139
 16.3712
 10.1834
 7.18736
 6.92995
  24.343
  1.5323
  10.376
 8.85663
  2.0415
 12.3316
 2.08089
  2.8448
 1.64426
 26.6298
 18.0921
 5.06087
 6.30566
   10.31
 5.26851
 4.80925
 21.2938
 23.4218
 4.06691
  10.657
 15.6532
 6.62695
 2.51237
 30.8116
 5.81243
 11.1777
 4.42461
 45.5326
 1.62537
 4.67894
 26.7816
 22.0847
 1.81903
0.960009
 2.88872
 30.5193
 21.6188
 13.8184
 9.07333
   4.601
 4.78373
 2.42937
 5.76442
 10.6919
 4.82958
 7.84729
 2.17064
   4.995
 12.0554
 3.40663
 44.2724
 4.81832
 9.84373
 18.3357
 24.1743
 16.5735
 39.1782
 9.92907
  1.4791
 17.2429
 10.4205
 8.59268
0.836046
 2.07856
 1.56151
 22.4462
 59.9235
 51.3999
  8.2985
 2.37859
 7.40521
 8.07374
 19.0612
 6.68483
 9.07377
 3.89752
 5.59275
 2.02375
 1.81981
 35.4613
 2.47473
0.850622
 6.65311
 2.18397
 45.2392
 26.0669
 16.1878
 34.0933
 6.11148
 55.4982
  70.261
 4.96184
 6.17027
 40.1276
 41.1248
 5.61226
 1.67346
 5.71166
 61.3841
 25.8539
 59.3276
 12.1811
 6.11637
 17.1958
 33.9157
 8.06184
 4.41551
 27.6475
 28.7423
 4.38848
 29.2867
 50.3155
 39.9327
 31.3683
 4.47238
 43.4756
 48.9151
 10.6915
 1.88104
 49.1672
 57.8048
 8.62822
 41.4905
 27.6314
 25.7621
 42.8503
 46.0925
 22.7152
 12.1602
 29.3077
 4.54276
  11.249
 50.8849
 52.2733
0.483323
 4.34256
 68.6345
 4.50483
 11.0968
 5.11659
 51.8962
 65.3887
 1.59472
 3.12208
 46.4297
 56.2335
   7.198
 23.2127
 26.8524
 36.5532
 7.83001
 54.3669
 30.5988
  51.021
 33.0885
 8.15826
 5.20833
   1.029
 36.3314
 43.4342
 39.5652
 4.10409
 63.0546
 61.4786
 45.3382
 20.4788
 22.3049
0.588653
 51.1507
 42.5786
  63.268
 34.3683
  12.959
  11.711
 57.1908
 42.2725
 59.6249
 64.6202
 51.8513
 57.1939
 47.1612
 19.8455
 19.1099
 2.97831
 66.4854
   46.76
 44.1597
 65.6769
 24.3791
 31.5431
 1.81058
 2.83678
 42.2743
 20.3058
 4.91045
 57.1947
  50.789
 34.3627
 71.1519
 21.2154
 63.0309
 9.78085
 7.86777
 19.5566
 16.3229
  58.326
 23.8343
 72.6482
 2.98641