  6.97944
  3.95107
  5.68064
   2.3188
   29.957
 0.767889
   15.005
  19.8283
  7.33848
  7.87297
  2.08813
  11.3002
  1.51003
  14.8448
  9.00754
  28.5295
  25.4852
  19.9805
  39.2299
  19.7581
   20.117
  3.61019
    5.236
 0.432454
  22.0558
  16.1168
   1.1096
  33.1554
  29.5172
  19.7228
  25.4325
  25.3878
 0.609422
  37.6312
  3.54517
  14.6634
  22.3409
  18.2863
  3.04711
  2.08415
  19.9405
  24.3287
  33.1748
  14.2554
  12.5516
  27.4372
   3.3637
 0.908012
  10.3244
  2.13542
  5.45312
  2.17781
 0.828721
  5.63329
  10.0356
  1.00807
  34.8027
  2.30691
  6.36171
  12.7566
  3.43714
  3.06733
  4.57989
  7.54437
  27.8816
   6.1454
  3.91963
 0.411211
  19.5129
  6.50904
  30.7761
  26.3994
  3.99617
  14.5811
   13.718
  3.77452
   5.4312
  0.32639
  5.78139
  18.8428
  1.42012
   11.854
  5.55641
  1.87495
  21.0281
 0.468473
  2.91871
  27.1663
  4.37575
0.0828974
  8.82434
  5.11775
 0.793059
  17.9483
  5.90068
  16.7139
  16.5106
  24.6853
  8.64217
  5.49757
  33.0875
  2.25964
  2.03088
 0.782969
  19.2977
  18.2974
  8.04205
  8.76676
  2.09199
  10.8168
  25.7892
  8.59136
  14.6691
  12.8715
  32.0553
  18.1287
  8.19786
  13.5857
  1.33734
  5.36798
  15.9891
  3.57649
  3.08628
   13.816
  5.25403
  4.73513
  17.2902
  1.41686
  4.07884
  27.2121
  15.7095
  6.55719
 0.881036
 0.493986
  24.9756
 0.617431
  6.23699
   31.704
  4.25266
  21.7081
   3.3418
  22.7815
  13.1225
  6.07577
  12.6146
  7.00692
  23.9362
  2.38869
  6.47703
   6.8366
  3.90974
  4.90068
  8.81219
  34.1097
  21.4564
  19.1288
 0.368339
  10.2574
  6.03038
   9.1548
  7.25934
  11.0513
  27.6147
  3.17815
  2.82437
  8.45065
  2.41197
  2.24995
  5.74636
  2.44224
  1.81691
  17.2666
  4.04407
  16.2693
   1.5677
  1.43629
  10.5521
  10.6368
  25.4216
  21.5179
  3.15319
  12.6907
  11.6363
  6.52088
  11.5306
  4.88957
  4.24483
   7.9635
 0.605973
  11.9771
  6.54858
  12.4192
  25.6176
  15.3727
  10.4497
  26.1685
  10.0287
  4.94051
   14.438
  17.0975
  2.64698
  2.03628
  21.4873
  15.2725
  3.28232
  11.5215
  22.1513
  16.3428
  2.09257
  23.9814
  24.9795
  17.0569
  3.59179
  2.89741
  2.42445
  25.0425
  11.6219
  17.8746
  2.84641
 0.897589
  6.91707
  11.7447
  2.43218
  5.22568
  9.60237
   3.6996
  3.04364
  1.41275
  13.9397
 0.653084
  10.5111
  32.7352
  3.27983
  12.3829
 0.873625
  14.3696
  3.10435
  6.48803
  5.79144
  21.9984
   4.1333
  2.74816
    7.107
  26.6115
  5.77292
  2.18435
  17.1912
  17.6834
  2.54728
   9.7731
  23.5686
  28.5358
 0.316538
  6.51646
   4.5165
 0.896203
  18.1242
0.0721247
  11.6278
  13.1806
  8.49939
  22.0517
  15.9385
  6.73775
  16.7952
  34.4939
  31.7167
  3.81902
  30.0846
    6.621
  3.22161
  9.47799
  7.30843
  41.6804
  1.73731
  7.94854
  17.1396
  34.4578
  21.4354
  27.1955
  5.13426
  1.85513
  18.2915
 0.428128
  16.9162
  41.6366
  20.2421
  2.86095
  17.0937
  22.7986
  1.71212
  1.25982
  35.6052
  43.2604
  15.2551
  23.5774
  1.14619
  18.1123
  11.6268
  12.1474
  22.8408
  4.29638
 0.637779
   7.2276
   27.493
  11.8295
  27.7854
  4.46208
  12.8452
  25.8538
  28.5155
  38.5622
  36.0563
  28.8967
  38.9432
  22.2461
  2.70058
  4.11882
  13.3729
  21.1516
  7.64088
  3.29667
  23.4154
  39.8064
  4.73917
  1.65904
  17.3835
  3.47474
  27.5505