  6.14299
0.0673279
  40.3038
  32.3725
  51.8904
   42.196
  38.6079
  35.4445
  29.0093
  36.5325
  23.7875
  21.5658
  42.9289
  43.5956
  23.4593
  6.53471
  11.4215
  31.7876
  65.9425
  58.6937
  44.6051
  27.3395
  13.6246
  12.8273
  3.70737
  4.20005
  32.3085
  10.4635
  5.35819
  4.81168
  2.31004
  32.7363
  24.5072
  16.0257
  14.0175
  2.40915
  2.65413
  11.4547
  32.4019
  23.0199
  67.0906
  34.4551
 0.607157
  42.7797
   64.148
  39.8668
   42.937
  14.9623
  18.5539
  4.38806
  19.0709
  4.05276
  7.48534
  4.76897
  32.3964
  69.2384
    28.31
  31.2276
  61.8726
  60.8769
   25.073
  20.9395
  8.71766
  13.0707
  18.4544
   4.8429
  9.40186
   14.997
  16.9113
  17.9396
   5.0678
  20.2429
  11.7094
  18.4544
  24.0384
  4.24077
  2.57062
  13.0706
  31.8646
  43.1025
  61.4742
  2.60215
  33.7699
  9.62284
  8.32505
 0.651288
  36.6619
  31.4205
  46.2884
   21.523
  10.2115
   10.021
  6.41471
  11.7766
0.0217488
  12.5392
  30.3985
  3.65737
  36.9035
  58.7469
   3.8062
  1.41682
  15.4991
  9.87021
   21.686
   16.245
  17.7627
  7.49205
  10.5521
  5.49679
  21.1398
  36.5361
  3.21356
  12.3297
  35.0543
  31.1931
  12.4061
  2.70365
  4.99571
  42.6785
  41.2516
  35.6915
  20.2177
  10.3279
  37.0094
  31.7688
  6.00561
  23.1289
  5.74614
  16.6288
  6.51171
  22.8065
   32.379
  39.5971
   13.433
 0.949439
  3.80072
  5.15583
  11.8107
  15.9948
  40.5516
   31.702
  29.2466
  42.5427
  23.1396
 0.522913
     30.3
  5.17048
  25.0005
  41.1962
  21.4582
  19.1803
  8.32556
  32.5399
  18.3389
  16.2919
  17.3043
   4.1568
  31.2988
  14.6711
  19.4341
  41.3433
  0.60375
  26.1776
 0.131024
  7.02025
  39.7589
  49.7606
   12.492
  19.2566
  6.86035
  36.2175
  21.9847
  8.89575
  27.4247
  11.0624
  20.9806
  44.1374
  32.0921
  34.8798
 0.628436
  16.6114
  3.33063
   24.443
  37.9033
  29.3952
  12.0838
  5.58257
  28.7636
  10.7218
  4.69298
  45.1228
  15.9975
  17.5986
  25.7117
  13.3969
  6.60706
   2.6732
  18.6649
  14.5363
  13.8864
   24.034
  41.9886
  13.4857
  6.71004
  15.3937
  6.13729
  44.7169
  10.4449
  13.1406
  7.54969
  12.9549
  22.3926
   42.544
  19.1914
  10.9743
  22.5813
  43.2621
  21.4285
  9.23044
  13.4996
  25.3968
  16.7687
  15.8297
  54.1186
  18.6515
  56.5952
  18.9834
  45.2795
  48.1805
  40.6385
  45.9547
  7.70552
  31.9068
  13.1784
   33.287
  9.92479
  19.2552
  42.5112
  9.60854
 0.340661
  1.95301
  26.8354
  23.5833
  4.38328
  36.9096
  9.53576
  34.5727
  24.0323
  31.1114
  37.7146
  9.84399
  2.69607
  22.0083
  20.9557
  8.06068
  4.36501
  47.6049
  6.56833
  17.4396
  1.45287
  3.18537
  45.6073
  2.63964
  16.8938
  7.53859
  9.25949
  30.8146
  43.4164
  31.2797
  18.4076
  24.9692
  19.0497
  16.5084
 0.926384
  7.25545
  3.30368
  19.5911
  14.1309
  41.9577
  45.7834
  22.5858
  32.3977
  16.4584
  37.2351
  18.2766
  38.4659
  41.5964
   33.873
  42.6206
  33.1215
  30.1503
  7.00674
  14.0195
  37.4748
  18.6454
  41.6372
  6.42191
  44.8433
  47.8479
  40.1294
  54.3382
  32.5829
  16.5726
  25.6911
  13.8068
  54.6575
  37.9559
  24.9821
  33.4935
  22.8383
  62.8658
  41.8966
  10.3285
  14.3614
  58.8019
  16.4713
  1.51019
  46.5803
  10.8183
  8.89869
  7.70509
  43.9078
  10.6687
  7.96833
  17.3712
   42.828
  7.89101
  17.8742
  42.5793
  8.72993
  45.7478
  38.4406
  17.1507
  7.88838
  40.4316
  29.5187
  44.2301
  13.6237
  31.8625
  16.5363
  33.5617
    2.037
  21.8873
  61.6891
   49.439
  49.7891
  9.21074
  17.3588
 0.452935
  41.2003
  8.91594
   42.651
  10.1735
  42.3614
  37.7978
  14.7656
  46.4762
  5.85774
  14.3047
  8.72749
  59.5649
  9.87939
  31.5312
  20.6235
  19.1193
    25.33
  2.75968
  11.7293
  19.7658
   24.033
  23.7294
  47.6055
  16.7165
  18.5745
   7.7795
  8.76889
  31.3462
  19.8648
  12.1362
  17.9643
  17.4219
  23.0753
   25.732
  18.4262
  23.9493
  54.2422
  21.1746
  9.26736
  41.2881
  45.0431
  32.5133
  61.1793
  56.1835
   34.396
  19.4221
  4.47245
  20.2086
  16.0179
   53.848
  28.0753
  13.8233
  5.08958
  3.78885
  10.7489
  12.6941
  43.2301
  33.2068
  30.3343
  13.0784
  31.5542
  4.30378
  2.29403
  23.3156
  35.5152
  7.64136
  14.6249
  29.0921
  58.8594
  26.5555
  23.0167
  16.6936
  6.21137
  42.0801
  36.8026
  51.1581
  12.7702
  56.3339
  13.3219
  58.1839
  42.9021
  19.3664
  52.1092
  7.03991
  17.0715
  22.5428
   24.304
  13.2188
  43.7063
  20.0819
 0.309898
  6.48856
  39.6496
   21.098
  24.6998
  18.6835
  47.3136
  34.5589
  45.6008
  34.6669
   23.987
  31.1634
  30.2206
   42.854
  29.1264
  11.4616
  23.6682
  24.0841
  19.9291
  35.7942
  28.2736
  22.6219
  14.6231
  17.0697
  9.82128
  26.0699
  3.44599
  11.7083
  25.6911
  19.0522
 0.668763
  31.2756
  16.4945
  34.7569
  33.0182
  24.9205
  38.6964
  31.5769
  47.6595
  44.5334
  27.4101
  32.1349
  32.4769
  12.7778
  55.3739
 0.472819
   12.583
  9.39555
  14.7894
  25.8666
  21.7491
  8.05619
  29.6413
   7.2659
  10.0692
  11.6053
  17.9331
  10.3488
  1.85103
  4.19461
  29.0666
   9.5532
  21.9071
   17.942
  25.8171
  9.88761
   10.411
  18.5401
  6.70186
  3.20643
  21.5834
  19.8201
  25.0209
  33.8176
  23.8011
  24.4293
  4.77399
  19.0742
  22.5532
  7.44775
  12.6519
  22.8824
  3.78993
  5.10401
  5.81628
  5.29597
  10.8814
  23.3829
  3.34653
  7.67803
  1.24841
  12.2142
  45.4869
  2.56147
  7.47157
  15.6299
  6.60684
 0.785094
  16.2101
  27.4794
   19.137
  7.27164
  7.67955
  17.0488
   15.215
  17.6364
  11.6818
  11.2523
  10.9361
  4.11193
  25.0582
   31.766
  9.76078
  7.57716
  6.90688
   28.097
   15.433
  22.6567
  23.0087
  9.04756
  7.94181
  10.9184
  16.0912
  0.66294
  14.3466
     8.82
  16.6627
  9.32246
  5.45192
  2.82724
  10.2715
  24.6593
  3.06514
   8.6756
  2.47362
  11.1089
  16.1657
  13.2116
   5.6591
  13.7088
  12.6057
  16.8541
   10.827
  6.34897
  15.2466
   23.845
  15.9403
  27.2743
  11.1918
  24.4643
   6.9283
  22.4091
  21.8337
  5.43408
  15.4016
    16.01
  12.6288
  3.58911
  5.00423
  17.9632
  25.9416
 0.432405
  12.1647
  11.9921
 0.393066
  5.29337
 0.401478
  11.3193
  39.0958
 0.946891
  24.3636
    15.43
  8.33146
   15.535
  40.1351
 0.293484
 0.367999
  24.3991
  9.61852
  16.7997
  19.0617
  18.7504
  16.3124
  17.8379
  11.1631
  6.55853
  9.67805
  17.8899
  12.8288
  24.4273
  31.3826
  36.1207
  1.78212
  40.5038
  43.8852
  21.5034
  43.1722
  29.3268
  26.7407
  17.3644
  1.55539
  3.17748
  15.1336
  27.8423
  24.2599
  4.17904
  22.0218
  13.1081
  44.6754
  31.1059
   2.7942
  31.3845
  34.4819
  4.91831
  5.29006
  28.9683
  45.1585