  10.8696
  12.0093
  3.65463
 0.154398
  31.8244
  22.6701
  20.4499
  12.4323
  19.0745
  23.6126
   2.9132
  9.16934
  17.1161
   23.066
  11.3811
 0.570297
  2.04006
  22.2853
   35.651
  27.8133
  25.6681
  45.8245
  24.0425
   19.093
  8.51692
  16.6062
  8.01638
  10.0265
  5.12814
  15.5475
  1.00858
  11.4114
  13.9214
  11.0044
   14.373
  21.6783
  9.76576
 0.923638
  1.15625
  13.6425
   2.2374
  5.22211
  17.5836
  18.3465
  8.30263
  12.4922
  21.1688
  33.6613
  25.6462
  15.1319
  24.1041
  14.7259
  23.8857
  11.3767
  38.6517
  4.96733
 0.954847
  17.4641
  11.3811
  17.3581
  26.4642
  42.6748
  31.6597
  1.00352
  31.6938
  4.61059
  5.20782
  14.3329
  19.4155
  13.0033
  6.15841
  38.6638
0.0193385
  6.31946
  6.60769
  9.93301
  19.3627
  21.7278
  6.57137
  3.11118
  9.42461
 0.297721
  32.0964
  5.44067
  8.82218
  3.24665
  9.51173
  6.41817
  21.5357
   31.064
  21.4024
0.0769999
  25.8993
  5.08763
  1.05076
 0.416601
  7.27242
  29.3292
  1.10952
  7.04565
  12.7378
  1.91305
  12.6616
  18.9466
  41.7068
  16.9917
  13.6277
 0.375446
  7.13154
  19.1444
  13.4093
  12.7149
  8.63759
  1.70604
 0.284798
  10.5325
  16.5152
  6.06141
  2.94441
  23.7533
  6.11882
    3.854
  17.0648
   13.062
  6.93114
  20.5014
  32.1321
  43.6244
  1.33103
 0.325042
  6.76248
   3.0059
  22.4946
  22.1998
   15.597
  8.65508
  17.7614
  26.2325
  21.9133
  13.0224
  27.3704
  3.83294
  16.9082
   5.6396
   17.102
   13.204
  18.9381
  23.7122
  6.70846
   20.855
  6.68677
  3.55306
 0.339733
  30.8626
  18.4922
  13.1549
  6.02126
  26.2136
  5.32233
  8.28293
  24.4359
  7.74763
  21.0326
   25.048
  8.94113
  28.4421
  9.46947
  1.16623
  13.8599
  24.6005
  25.4801
  12.1629
  5.30319
  23.8384
  5.80929
  6.57518
  29.5504
  5.39026
  6.28634
  5.00272
  27.4215
  1.96134
  26.1095
  17.9289
  28.9198
  4.23215
   8.0655
  4.49152
  3.84474
  37.8144
  18.5014
 0.504945
  7.69631
  14.3178
  6.70776
  12.7902
  5.44525
  9.22629
   6.0122
  21.0806
   43.631
  1.74405
  11.0971
 0.393219
  7.23934
   20.098
  14.1503
  6.68753
  24.3156
  9.30002
  28.8575
  20.0955
  2.77835
  19.9617
  2.84746
  10.9617
  4.58861
  35.4068
  25.5471
  21.0945
  39.4069
  22.4883
  19.0312
  25.8083
 0.996838
  26.6271
   8.1105
  19.8384
  31.3418
  19.4859
  11.5597
  3.08583
  11.1909
    1.326
  19.7091
  5.24768
  20.8986
  11.9882
  7.61122
  13.0943
  37.3199
   22.396
  27.2285
  8.86193
  13.5656
  18.6646
  19.8683
  1.35815
  22.0074
  24.9774
  7.48677
  38.5768
  6.84034
 0.778438
 0.606946
  11.4955
  12.0123
  17.4643
  8.02869
  8.46038
  1.37382
  24.9732
  29.5584
  43.3312
  12.9037
  21.8167
  3.78479
  23.3989
  36.6671
  19.0948
  11.6246
  27.8532
   19.427
  21.4913
  29.3436
  17.6794
  37.0631
  24.3665
  5.55415
  28.5476
  16.8425
  23.5958
  38.8474
  17.0377
  21.3717
  20.6134
  25.9459
  13.6547
  5.25039
  20.2828
  22.3442
   35.285
   39.525
  16.0249
  25.8172
  12.5844
  20.5012
 0.738656
  10.8167
  36.3429
  20.6619
  15.2447
  43.8292
  6.13354
  16.1821
  21.2386
  43.1127
  4.84396
  17.0412
  43.1681
  13.4222
  29.4746
  27.6269
  14.6452
  29.9426
  39.9003
  6.71538
   31.363
  26.8176
  11.2515
  42.2154
  42.9029
  36.9171
  21.6443
  7.53477
  5.60177
  23.9228
  18.5358
  4.91724
  1.41165
   17.844
  15.6354
  19.8077
  23.8306
   23.323
  9.40141
  1.82297
   32.417
  23.6305
  34.4059
  15.8605
  25.6904
  23.5016
  1.57432
  16.8751
 0.382307
   2.0903
  14.7735
   21.129
  7.40685
  10.8311
  11.9758
  46.0908
  21.5755
  37.5041
  28.7869
  40.8813
  34.8668
  11.7796
  17.4236
  4.48034
  17.0557
  15.0521
  11.3237
  18.6245
  9.98057
  5.26217
  1.40207
  23.1224
  30.7203
  7.58893
  15.5921
  11.1515
 0.646711
   28.517
  29.0681
0.0683987
  25.4331
  40.6427
  24.7052
  17.2378
  37.1123
  29.0667
  36.9896
  18.7951
  0.90209
  45.0081
  13.7025
  47.1477
  18.8764
  13.8977
  44.8944
  2.05435
  18.8746
  7.60062
  25.3846
  32.7327
  8.05988
 0.800242
  7.57542
  9.71018
  9.32829
  10.3021
  12.3624
    12.42
  2.69029
  5.77137
  9.32829
  33.1084
  29.6964
   47.155
  23.5911
  19.7961
  25.6791
  22.9597
  19.1609
  31.6757
  4.97207
   26.314
  15.3661
  8.72728
   9.5447
  2.60032
   9.3186
  29.9148
  23.0991
  31.0885
  11.4411
  11.1212
   6.6699
   13.529
  4.88171
   37.139
  16.1571
  40.6013
  6.49086
  3.32725
  31.7243
  12.1189
  2.36111
  8.34596
  11.2258
  40.7531
  23.7093
  29.0295
  9.74682
  32.0472
  8.75075
  9.49407
0.0948696
  23.7804
  29.0692
  8.50496
  45.5413
  2.12297
  4.95697
  30.1658
   7.0602
  4.00392
  13.6047
  23.5086
  7.73431
  27.5743
  22.9162
  8.12049
  19.0909
   2.8412
  5.28838
  1.17597
  12.1175
  2.72517
  37.7969
  11.2927
  6.38526
  6.93461
   7.7492
  11.1715
  1.62986
  2.64638
  8.15709
  18.2984