  58.8143
  50.6874
  43.1579
  45.4659
   64.463
  61.0084
  53.5365
  62.7183
  53.0587
  26.3481
  53.6281
   12.631
  8.27371
  22.8316
   47.832
  59.7974
  65.9021
  54.0692
  44.6267
  50.3031
  43.8312
  54.2251
  28.4464
  17.6989
  11.4177
  43.5235
  48.9374
  62.0102
  26.2433
  51.2954
  50.4202
  42.6402
    25.17
  65.2623
  40.9693
  22.7355
  50.7564
   55.929
  38.2887
  26.1379
  25.6069
  35.2203
  58.5095
  36.6833
  67.4171
  57.0111
  61.8564
  46.3176
  27.4768
  56.2585
  62.5079
  24.2624
   37.043
  46.3663
  33.1003
  40.5703
  33.0854
  50.9536
  63.7211
   61.703
  52.2455
  26.1456
  32.1001
  54.0344
  38.7003
  58.3287
   43.859
  48.9628
  56.1736
  50.3311
  59.9106
  40.4895
  40.9691
  26.7981
  27.2756
   48.707
  49.1845
  52.3861
  35.1113
  52.8132
  59.7128
  32.8176
  35.5198
  58.5088
  54.5075
  47.9873
  51.8087
  59.0709
  36.8259
  30.4556
  48.4157
  44.7927
  33.3943
  35.4376
  37.2142
  38.3492
  37.3593
  40.7206
  50.1043
  16.7297
  39.7824
   26.186
  20.8864
  25.3685
  22.3381
  40.6347
  36.9072
  37.5126
  34.6526
  36.6781
  42.1968
    23.57
  39.0615
   29.069
  28.4183
  37.4788
  25.3423
  41.2094
  37.0114
  34.2746
  41.2038
  46.5665
  46.4543
   53.409
  47.2407
  29.4866
  33.2485
  47.2478
  33.9419
  54.1898
  21.5482
  18.1753
  8.36255
  2.66326
   4.8476
  5.42204
  5.49081
  44.0594
  43.1353
  49.9017
  21.6634
  24.9218
  3.75434
    3.023
  24.0573
  34.8622
  51.4581
  23.0721
  31.1479
  31.4724
  36.1384
  21.9402
  45.7651
  48.1355
  38.7273
  50.0444
  23.6436
  25.1081
   36.548
  54.6392
  24.4392
  67.5165
  48.6472
  23.8828
  45.5591
  22.6036
  38.2896
  48.3604
   59.078
  31.2936
  43.9994
  33.8283
   49.383
    27.35
  61.0263
  35.3514
  63.5611
  24.6503
    38.69
   60.865
  51.1388
  44.9867
  18.5897
  63.9276
  58.7777
  63.4745
  32.6731
    37.36
  9.89993
  11.6699
   8.4823
   6.9573
  6.54155
  10.9497
  6.97362
 0.357737
  40.9613
  5.89671
  3.37673
  30.4435
  5.66494
  2.83586
  7.42174
  8.86283
  9.44568
  53.0378
 0.551603
 0.564038
  5.63936
  6.74996
  12.2909
  46.8757
  6.34812
  3.67659
  3.78492
  3.77821
  1.59215
  1.36844
  13.9791
 0.775537
  3.79801
 0.284095
  10.4897
  33.9342
  10.6525
  1.50026
  11.1341
  6.66048
 0.154104
  9.20216
 0.137686
  10.1641
  10.8107
   45.527
  8.67129
  10.5251
  7.67082
  6.36053
   10.801
 0.229107
   10.565
  1.76761
  6.86769
  3.87436
 0.471633
   4.2675
  1.84418
0.0196044
  2.94482
 0.323705
  1.93437
  2.08651
   3.1297
  6.24458
  10.7589
   2.1995
 0.878917
  2.90553
  2.12573
  7.90196
  1.56988
  7.10761
   4.9212
  2.98559
   30.562
  29.6069
  1.53825
 0.964471
  1.92661
   41.751
  4.60056
  11.8085
  5.28804
  9.46092
  29.3638
  1.21251
  44.6155
  15.2593
  6.51838
  21.1196
  55.2858
  3.66194
  16.0437
  10.2351
  3.10205
  2.77298
  5.72823
  3.18097
  2.87418
  4.53083
  1.14051
  1.91762
  39.2808
   7.6209
  45.5591
  7.87813
  3.11787
  1.09484
  18.3853
  30.9181
  4.96744
 0.797753
  2.02658
  8.25391
  11.9165
  30.5967
  2.06158
  10.8376
  1.95808
  7.44261
  2.10078
  4.05887
  5.37471
 0.441337
  5.14343
  7.43129
  1.03961
  2.60983
  2.44037
  1.13289
 0.954121
  15.7386
 0.941809
  7.39147
  8.27433
  19.8213
  2.95703
  6.39203
  1.96193
  3.55436
  3.53313
  4.33473
   6.4861
  13.7495
  9.05629
  8.33267
  4.50191
   19.797
  2.08447
  5.17409
  30.3186
  3.60154
  18.2273
  0.35011
  46.6061
  6.23862
  6.13109
  6.18129
  6.81014
  5.09933
  7.20655
  10.7939
  44.0306
  17.4671
  7.84796
  5.70445
  4.75033
  7.29071
  5.98274
  3.37357
  2.42711
  8.48286
  1.78196
  2.79089
  6.25325
  6.97649
  5.46225
  1.18848
  6.44901
  10.8981
  3.39752
   5.1457
  46.4089
  8.50949
  17.4412