2.79513
3.08801
4.83821
4.87314
5.56888
5.80299
5.97176
6.48808
6.48997
7.23026
7.66482
7.80298
8.79612
8.80514
8.87494
9.39818
9.61342
10.0349
10.0996
10.3823
10.7847
10.9262
10.9526
10.9821
11.1392
 11.593
11.5979
11.9194
12.1303
12.1914
12.6689
 12.913
13.1329
13.1916
13.3128
13.8142
14.9187
15.1195
15.3218
16.3155
16.3438
 16.777
 17.138
17.1505
17.4537
17.5156
18.2764
18.3572
18.4919
18.5404
18.7052
18.7969
19.1273
19.2244
19.8755
19.8829
19.9142
20.1673
20.6592
 20.802
20.9045
21.2407
21.3606
21.4358
21.5047
21.7771
21.8162
21.8637
22.0195
22.3497
22.4912
22.6362
22.9282
23.1054
23.1317
24.1718
  24.26
24.8411
25.0067
25.0518
25.2163
25.2341
25.3366
25.4055
25.5316
25.7478
26.0907
26.1425
26.2538
26.3717
27.2613
27.2764
27.3095
27.5193
27.6612
27.9371
 28.188
28.2817
28.6938
28.7613
28.8044
28.9808
28.9939
29.4154
29.6692
29.7916
29.8353
30.0898
30.1063
30.2109
30.2741
30.3365
30.3589
30.4731
30.5723
30.7463
30.9021
30.9346
31.3885
 31.416
31.4606
31.4785
31.5358
31.7962
31.8413
31.9381
32.0036
32.1491
 32.293
32.4305
32.5547
32.5836
32.6862
32.6887
32.9364
32.9767
33.0768
33.1472
  33.42
33.4831
33.5311
33.7215
33.7585
34.1103
34.5622
34.5806
35.0084
35.2227
35.3501
35.7359
36.7116
36.8656
36.9188
 36.919
37.0599
37.5283
37.5409
37.6093
37.9795
38.0961
38.5696
38.5865
39.2489
 39.908
   40.1
40.3603
40.6917
  40.95
41.3701
41.3919
42.3004
42.8672
43.0693
 43.212
43.6363
43.7612
43.7787
43.8459
43.9742
44.1174
 44.258
44.3809
44.9329
45.4968
45.8548
46.0801
46.3488
46.4214
46.5447
46.6585
46.7171
 46.814
46.9046
47.1774
 47.503
47.8435
48.0341
48.1647
48.5309
  48.85
48.8539
48.9158
49.0471
49.1825
49.2803
49.3864
49.4471
49.5129
49.7848
49.8394
 49.935
49.9787
50.1975
50.2041
50.3527
50.7841
51.0751
51.2434
51.3689
 51.489
 51.544
 51.693
51.7526
51.8297
51.9547
52.1235
 52.241
52.4647
 52.488
52.6923
52.7149
52.7217
52.7793
52.7891
  52.93
52.9556
53.1427
53.8924
54.0132
54.1181
54.5354
55.4451
55.5077
55.6678
55.7167
55.8248
57.0339
57.3458
57.3813
57.4353
57.8772
 57.896
57.9456
58.0391
58.3773
58.5197
58.6238
58.7174
58.7457
58.7804
 58.943
59.0728
 59.419
59.9996
60.0341
60.5953
60.7136
61.1421
61.1883
  61.81
61.8858
62.0746
62.1471
62.2475
62.6492
62.7883
62.8077
62.8186
 63.157
63.1809
64.4985
 65.026
65.2582
65.2909
66.2615
 66.278
66.5168
66.5208
 66.778
66.8163
 66.885
67.3085
67.4069
67.5082
67.9364
68.2132
68.9417
69.0474
69.3431
69.4542
69.4777
 69.888
69.9926
 70.089
70.1045
70.4271
70.8907
71.1344
71.5392
71.8842
72.1142
72.2262
72.2657
73.4087
 73.798
74.1432
74.4412
74.5596
75.4427
75.8019
76.0331
77.0982
77.3894
78.2309
81.2517
81.8016
85.2015
87.2188