  29.3474
  29.1433
  27.2552
  5.60204
  33.3767
  35.9519
  22.1042
  5.43996
  4.04656
  4.81633
  5.58825
  6.16173
   3.4142
  4.23647
  1.58844
  1.96205
  21.8929
   36.743
   32.526
  10.0854
  42.4358
  35.0502
   19.372
  20.3235
  1.88631
 0.285083
  4.19269
   4.3958
  2.88149
  5.29658
  5.63265
  7.61823
  4.85299
  5.20805
  5.51199
  1.47381
 0.280537
  1.91156
  2.19752
  0.24161
 0.601264
  1.98938
 0.483893
  1.05985
 0.450161
  1.29733
  2.00037
  1.32822
  0.57628
  6.10529
  3.60718
  3.50058
  1.99729
  2.31785
   4.1968
  5.40688
  18.8506
  10.3791
   9.0464
 0.629764
  4.24464
   4.1282
  3.75689
  4.30112
  4.83971
  4.20082
  2.60293
  1.70196
  1.78711
  1.66992
   2.6039
  4.35799
 0.981404
 0.314147
  1.04969
 0.107272
  16.8421
   16.891
  6.01036
  6.93604
   2.1703
 0.628652
 0.274046
  2.53993
  2.12242
  1.48056
  5.06521
  6.01124
  3.28885
  3.74923
 0.058916
  2.11187
  40.9814
  36.9071
  36.5246
  32.3118
  32.9439
  4.26316
  76.2666
  11.3346
   11.949
  25.1986
  27.5114
   75.319
  2.55803
  3.01408
  5.36476
  33.4894
  37.1106
  35.6226
  36.2922
  33.5938
  34.5969
  34.4815
  29.9639
   26.579
  27.5147
  40.4557
  5.12285
  0.84634
   10.218
   8.7848
  9.71311
  8.90374
  3.09355
  3.99006
  1.06346
  1.84901
 0.119111
 0.221471
  3.07588
  3.57885
  3.12463
  1.98324
  6.00943
  2.85902
  2.83304
 0.820207
   1.3394
  3.90914
   4.4083
  1.39867
  1.30098
  3.49624
  3.26508
  3.49009
  2.70327
 0.174467
  1.48724
  5.80708
  1.65497
  2.04424
  1.57665
0.0405657
  3.14185
 0.963351
  2.21932
  2.55226
   3.2403
  9.18309
  10.3796
  7.81167
  11.8917
  86.7738
  8.63181
  5.92268
  1.70037
    4.911
  3.26869
   3.7299
  3.36797
   2.6804
  3.19893
  8.99778
  5.05555
  10.7444
   10.871
  10.0869
  3.32395
  2.03587
  61.5278
  61.0049
  26.7365
  37.6922
  27.6406
  33.9064
  34.5848
  31.9289
  34.9037
  36.4003
  20.3524
  32.4976
  30.0355
  5.30568
  10.3008
  9.58234
  6.72533
  13.4687
  31.2116
  5.96867
  8.49506
 0.616757
  3.98738
  5.59762
  6.68936
  1.79731
  10.9167
  2.26452
  2.01751
  3.31115
  1.32047
  82.1525
   3.4611
  10.0013
  12.1148
  11.2889
  9.18275
  8.52427
  3.05415
   1.0598
  24.7154
  1.85183
  2.44191
   30.883
   35.088
  5.11757
  8.42412
  8.74743
  9.40286
  7.67262
  11.0579
  1.21664
  1.29199
   1.7512
  68.7496
   68.575
  31.5988
  7.14676
  9.68011
  9.92191
  76.3393
  29.1861
  7.86972
  4.39512
  33.9139
  25.3404
   30.195
  22.8264
  5.95897
  16.7348
  1.65179
 0.545844
 0.700046
  1.03226
  1.78413
  2.22769
  13.0309
  6.36462
  4.85236
  1.25739
  3.44988
   16.136
  2.76588
  15.7407
 0.728786
 0.296463
0.0974468
  8.03202
   5.2181
  3.40308
  3.52292
  3.83188
 0.527033
  36.5578
  30.1303
  39.5113
   29.401
  26.7722
  38.0039
 0.867195
  39.0967
  2.71272
  4.32698
  3.49873
  9.71905
  0.72155
  14.7794
  2.09484
 0.497083
  82.1673
  16.3757
  15.1982
  14.0817
  15.2239
  85.8476
   2.0416
  3.54444
  5.14908
 0.204898
  2.85888
  7.85605
  10.0931
  16.6303
  4.35227
  14.8679
  41.8238
  33.7932
  31.3239
  30.4652
  3.51828
  8.53224
  27.9245
  31.3349
  31.8659
  4.91844
  6.96413
  6.59879
   5.4809
  5.64242
   8.6534
  44.9245
  35.5193
  39.2484
0.0155581
0.0157116
   8.2632
  1.03752
  2.95995
  1.15325
  2.63407
  4.86934
  3.03621
  5.48665
  4.09308
    5.088
  6.73623
  6.40573
  77.9542
  48.4656
  9.05791
  6.71475
  12.9536
  41.0047
  78.9333
  85.1812
  29.0127
  22.3923
  6.67412
  3.33125
  4.41823
  5.90133
   5.7469
  23.5034
  3.33755
  6.67362
  13.9513
   5.9469
  6.65093
  6.63433
  25.6906
 0.407759
  5.57943
  7.00662
  8.58268
  4.28696
  4.44045
  6.06451
  5.06992
  8.38575
  4.07623
  4.12179
  3.92835
  24.0714
   33.104
  38.2544
  4.94842
  6.73832
  29.7226
  22.6294
  1.50198
  7.05354
  9.36095
  1.24138
  77.3401
  26.2215
  3.16174
   14.052
  34.5955
  38.6461
  6.90767
   75.353
  3.55212
 0.231656
  46.8128
 0.375913
  7.94826
  34.4709
  76.7021
  1.52362
  3.21841
  39.3673
  29.1921
  25.8345
  5.47719
  83.1876
 0.518383
  10.5439
    2.386
  7.78486
  37.1724
  37.1537
  35.6151
  86.5031
  35.4684
  18.3242
  2.15174
  37.7706
  2.06584
  3.26489
  41.1672
  36.2729
  34.8923
  29.9695
  24.3237
  28.9262
  43.9771
  30.6697
  33.6174
  79.5366
  32.9049
  41.2173
  10.3531
  30.5109
  32.3237
  40.3853
  23.1149
  32.3372
  39.6414
   17.149
  87.0983
  30.0439
  26.0319
   25.254
  35.3694
  87.5294
  5.25708
  32.7942
  30.7971
   14.109
   11.652
  11.8535
  41.5361
  21.8157
  40.1238
  40.9129
  40.9965
  19.3128
  9.71434
  9.23434
  38.4715
   20.163
  37.8182
  41.2826
   35.279
  37.8237
  43.0143
  39.0244
  1.02278
  28.8478
  36.8477
  38.2401
  24.8139
  70.7792
  38.5177
  39.1996
   38.661
  33.9238
  38.2487
  12.4147
 0.374579
  26.3056
  30.8955
 0.836076
  4.02951
  5.83981
  43.1282
  3.97087
  7.82439
  1.18927
  2.11389
  4.76323
  1.10638
 0.425852
  41.5754
  80.0325
  1.49095
  16.4936
  16.3336
  22.2952
  42.8122
   41.537
  87.0501
  12.2536
  27.8929
  29.1148
  41.2394
  9.21007
  44.5368
 0.799577
  45.3346
 0.513752
  7.79885
  7.19248
  14.5429
  29.8088
  42.2578
  41.6951
  6.32152
  6.15843
  33.2609
  8.85211
  2.40298
  7.05355
  7.63034
   9.2064
  14.1826
  5.96743
  7.07392
  2.20178
  4.64901
  4.71163
  3.19603
  5.03846
 0.550756
  12.1364
  7.63055
  5.90978
  2.54958
 0.621261
  1.09825
    13.92
  4.39315
   1.8105
  3.57352
   3.9766
  4.42038
  5.45941
  34.0475
   2.7958
  0.12006
   3.5251
  4.22844
  3.88939
  12.6977
  1.83417
  5.09037
  9.63928
  24.8058
   16.813
  76.2433
  14.4868
  14.6799
  3.85913
  28.0659
  41.3988
  14.6411
  13.8713
  5.83732
  4.65884
  9.32841
  9.54255
  79.2808
  6.36012
  1.77694
  23.0479
  19.7865
  8.70886
  9.62288
 0.052089
   77.627
  6.73641
  1.56329
  12.2927
  6.27349
  7.34312
  35.2423
  11.3046
  3.74909
  6.43978
  1.87492
  6.31504
  44.1519
   13.356
  35.5437
  10.8515
  41.8469
  11.8171
  43.6602
  9.44461
  15.3051
  20.5903
  11.7685
  34.8534
  29.1496
  30.5025
  23.8593
  32.4345
  22.2187
  26.2313
  29.6821
  33.6841
  33.4255
  22.3493
   23.366
  46.8474
  10.4947
  10.8484
  38.1058
  3.13968
  26.4222
  3.42463
  42.2945
  3.68563
  42.4538
  39.2974
  39.1773
  28.7435
  17.6532
  16.1712
  9.31764
  36.4672
  89.7968
  89.5939
  47.8921
  44.9714
   33.367
  87.7932
  36.4242
  10.8426
  6.91567
  41.6243
  4.00223
  3.06806
  26.1369
  27.4898
  7.74534
  87.2003
  86.4439
  44.1503
  5.67449
  3.83655
  3.49878
 0.427332
  4.24976
  89.9883
   77.533
  41.1495
  24.4345
  41.0011
  40.2677
  8.46237
  20.7136
  23.1042
  13.0773
  11.8907
   37.313
  39.6594
   30.239
  16.4169
  3.21406
   41.482
  15.5126
  44.6378
  14.6257
  14.4842
  6.10537
  7.41163
  23.8695
  8.25657
  8.27836
  20.4639
  8.97215
  4.09501
  5.50688
   28.458
  1.45463
  10.1223
  37.3669
  71.3448
0.0371417
 0.426134
  33.5061
  8.76416
  28.7955
  16.1638
  27.9712
   17.744
  33.7012
 0.941083
  5.02684
  21.5513
  8.85765
  1.51731
   1.1203
  27.3525
  40.5334
  31.7461
   32.193
  33.1927
  28.6105
 0.831679
    23.05
  39.7887
  5.76858
  33.8823
   9.4063
  38.2304
  9.16243
  31.8324
   82.175
  16.7599
  2.41897
 0.876449
  9.02436
  6.35435
   40.585
  82.3943
  3.34104
  14.6133
  28.9591
  29.2412
  11.9184
   23.106
  37.9361
  30.4942
  26.0844
  37.8079
  38.1877
  17.3249
   18.326
  2.15129
   38.963
  17.1477
  14.6704
    24.24
  23.7911
  42.1158
  33.5994
  14.0506
  5.20973
  28.5457
  2.12396
  3.40826
  9.56418
  11.1448
  39.2725
  17.0785
  46.3124
   13.407
  11.7719
  1.79339
  42.2011
  19.0505
  9.21101
   16.409
   36.954
  37.6831
  41.2713
  13.8733
  21.5254
  21.8563
  77.1573
  55.6801
  28.5992
  11.8107
  24.8621
  10.3265
  18.3069
  73.6491
  6.61722
  24.8077
  13.6055
  27.1122
  4.67413
  4.29627
  5.62581
  5.74087
0.0837639
  13.8209
  9.14456
  29.7205
  28.1718
   28.774
  29.3712
  27.6734
  78.6645
  7.75022
  8.74179
  13.1327
  2.12967
  14.8317
  30.5006
  28.8516
   14.626
  15.1768
  15.1033
  13.1396
  31.1242
    30.08
  20.9036
  20.0703
  27.4429
  4.60232
  14.3302
  9.96353
  2.15733
   13.638
  15.2367
  11.4399
  14.7136
  8.39621
  9.92687
  28.2572
  13.9255
  10.6935
  34.1393
  40.0188
  9.74942
  35.3349
  24.9467
  25.8341
   30.228
  9.33005
  87.2562
  5.55884
  21.3868
  9.07555
  21.6187
  24.9136
   14.474
  41.3621
  27.5463
   36.359
   5.2802