 0.977737
  57.6798
   6.5751
  10.3878
  1.87931
  4.28707
  1.66038
  10.1884
  21.5694
  19.8622
  3.59382
 0.465392
 0.521239
  1.31997
 0.938184
  2.12104
  0.48173
  7.37773
  5.02758
  12.2107
  12.2494
  22.6994
  21.4839
  19.6192
 0.830622
  22.9741
   23.157
  20.0903
  20.4365
  22.1224
  58.2131
  16.1051
  17.3328
  19.2181
  17.5132
  21.8925
  20.4079
  21.3248
  16.1275
  17.6412
   17.809
  17.4416
  16.6079
  19.9848
  21.8886
  20.0952
  21.6501
  23.1431
  22.3762
  6.05546
  6.47322
  13.4295
   13.957
  6.64132
  6.55125
   9.9202
  11.5406
  9.75978
  10.4442
  12.3533
  1.65385
  1.37135
  1.56631
  1.07531
   3.1319
  14.4658
  11.1782
0.0135934
 0.196503
 0.376988
 0.525051
  9.85725
  1.34134
  1.50334
  1.86827
 0.864806
  2.60471
 0.949685
  2.18274
  3.26847
  9.56507
  6.81193
  10.8009
  11.9379
 0.933937
  4.57828
  11.2864
   10.191
  9.16524
   8.8881
  22.5307
  23.3375
  22.3936
  23.2386
  19.6696
  20.2745
  21.0925
  20.1762
  16.2928
  19.1104
  23.6233
  18.4841
  15.0886
  17.6243
  21.0787
  21.0864
  19.3524
  16.8546
  20.4657
  21.4023
  15.8965
  15.9767
  17.6915
  22.6527
  20.6826
  21.0488
  19.7202
  1.81741
  21.7765
   18.822
  14.7794
  1.61331
   11.864
  1.68437
  2.60272
  1.21911
  0.43809
  3.28014
  3.79543
 0.177031
  20.1473
  4.73462
  7.05022
  10.2374
  3.02084
 0.683923
  9.66969
  15.6472
  15.6316
  7.89448
  24.9198
 0.153862
  15.7736
  12.8928
  12.7997
  22.6873
  20.0115
  22.9919
  19.8344
  18.5217
  18.2486
  14.3578
  7.79993
  2.20447
  17.3747
  16.7403
  13.9699
  4.64433
  12.2496
  8.73758
  8.89202
 0.918167
    22.82
  21.4566
  25.6361
  25.5247
  19.7518
  19.1094
  1.07764
 0.540317
  10.9249
  3.30659
  1.83354
  5.00456
  20.8339
  13.1423
    10.78
  5.56889
  20.5268
   1.2158
  1.23382
 0.357725
 0.699111
  15.0687
   7.9069
  21.1524
  23.1437
  22.8032
  21.9945
   21.752
  21.5999
  19.5364
  22.1383
  22.3782
  21.2961
  16.9437
  21.3831
  20.4306
  21.3377
  2.23175
  9.01153
  8.33824
 0.596753
  12.2702
 0.787255
  24.6054
  1.04629
  6.76509
  4.72863
  1.22619
  21.7968
  1.18308
  14.7653
  0.56768
  20.2563
  19.5973
  20.5892
  25.0922
  20.2774
  27.7066
  23.2757
  22.3253
  27.8546
  2.19879
  23.2871
  21.0036
  9.70523
  23.6473
  3.04155
  22.2523
  26.7919
 0.327452
 0.118196
   31.768
  10.7878
 0.825396
  5.75396
 0.668622
  22.6959
  23.0104
  14.0636
  75.7955
  23.2243
  4.29788
  2.41972
 0.261271
 0.931385
  3.32691
  4.54457
 0.454194
  24.0394
  5.35299
   7.6119
  6.25841
  3.69149
  2.63124
  9.55004
  75.5283
 0.354586
  2.00172
  9.55459
   19.313
  18.6394
  5.40553
   21.809
  1.97886
  24.6593
  2.26416
  7.03728
    31.26
  1.80936
   1.5024
  71.0454
 0.593235
  8.19495
  5.59934
  3.39571
  13.1491
  8.15388
 0.730371
  0.84174
  4.09324
  21.4103
  0.10818
 0.820017
  5.12171
  3.94786
 0.354855
  30.2134
  28.6942
  3.51187
  4.84941
  11.5638
 0.828252
  4.07315
  8.67972
  3.96152
  6.83934
  13.3459
  5.32494
 0.220283
  5.77622
  4.01207
  3.50922
  2.91482
 0.947815
  2.42836
  5.60469
  34.7255
  35.3476
  34.6416
  36.4712
  5.16431
  21.1021
  3.52971
 0.208023
  5.61821
  7.35763
  20.0686
0.0137469
  3.70544
  4.20929
  9.20784
  13.5137
  12.3117
  31.8145
  33.4826
   3.5408
  6.47776
  4.72534
  3.76159
  1.32659
  5.62602
  3.74431
 0.753257
  4.19021
  2.12214
  4.87287
  28.3645
  34.5988
  1.87874
  4.42294
  3.76907
  2.74945
  21.0749
  30.1957
 0.205659
  11.8039
   33.859
  3.52474
   4.1175
  4.23669
  3.79562
  4.70324
  18.9967
  9.84108
  4.62995
  4.42471
  6.88327
  11.1583
  8.55932
  4.54807
   1.1737
  1.01886
  2.93647
  2.31366
  18.7567
  3.89606
  0.30449
  20.5249
  19.3451
   17.835
  2.41228
  12.8835
 0.163517
 0.574125
  4.79762
  5.76221
  17.8661
  17.5651
 0.504886
 0.182493
  37.5249
  32.7379
  4.31894
   3.2575
  2.78344
  4.59608
 0.681836
  5.39987
  36.2516
  38.5608
  34.0211
  3.61284
   3.4727
  3.09802
  12.2523
 0.263419
  2.72031
  3.87887
   4.1973
  28.5749
  4.23011
  2.49213
  4.62578
  1.97153
  5.67488
  4.48792
  18.5996
 0.934186
  21.1901
  2.65575
  5.53271
  11.0059
  3.09585
  4.85083
  3.89399
  4.15375
  5.13088
   4.9641
  63.8847
  1.45251
  19.1819
  6.65109
  2.16538
  2.03305
  1.52404
  3.62342
  2.66939
   1.5689
   66.564
  10.1847
   5.6685
  3.57433
  1.50775
  2.31489
  20.3147
  3.56848
 0.731638
  33.7635
   25.546
   7.4084
  2.92833
  15.9624
  15.3231
  6.92511
  2.91565
  30.2761
  28.2213
 0.545232
 0.553607
  9.52007
0.0994397
  4.32598
  31.1209
  34.8212
  6.23353
  2.43835
  28.3916
  31.1841
 0.728316
  28.8678
  20.9282
  2.75162
  57.8099
  28.4545
  2.06396
   28.312
   3.1708
  2.03534
  19.8073
  1.15627
0.0298191
  1.29866
  2.02746
  30.2054
  20.6512
  27.6587
  1.16439
  27.0867
  1.88279
   14.502
  34.1168
  7.48287
 0.301016
 0.427729
  22.4983
  21.7924
 0.699467
  1.98393
  24.1523
  15.1304
  29.5205
 0.905814
  1.10341
  1.43661
  2.80839
 0.832067
  35.2355
  34.3217
  34.0167
  12.5015
  20.2771
  24.4982
  26.0353
  0.72102
 0.576669
   4.5985
  2.40523
  1.21458
  3.19775
  1.83994
  4.90723
  30.6001
 0.936933
   24.607
  27.7718
  2.78982
  2.86728
  3.60452
  2.91636
  3.65122
  1.23459
  3.26252
  8.84781
  32.5126
  35.3629
   34.139
  26.3905
  57.7562
  2.23209
  27.7929
  29.0691
  2.36614
  3.15354
  9.87591
  11.5055
   20.812
   2.5682
   3.2478