  3.03083
  6.89382
  3.63885
  53.4737
  2.05627
  3.42871
  15.7258
  10.3589
  49.0919
  22.9526
  19.8636
  26.7185
  21.1881
  8.96072
  18.7003
  19.5385
  23.9202
  21.5213
  26.4023
  11.4654
  14.6615
    13.81
  14.0165
   6.3412
   5.0564
  6.56585
  50.9069
   40.294
  55.4656
  20.3435
  19.0077
  24.0862
  25.0853
  27.2888
  23.4928
   25.402
  26.4854
  27.6489
  11.4829
  12.7423
  24.8061
  24.2461
  27.6029
  26.7674
  24.7905
   23.538
  23.7329
  24.0411
  22.1103
  21.3789
   27.171
  26.1379
  23.3203
  24.7847
  34.5699
  25.0301
  24.7041
  19.0776
  19.0228
  20.0178
   23.501
  24.6443
  28.7332
  18.9986
  18.6438
  26.0518
  12.7701
  13.7455
  24.5599
  29.5082
  28.9972
  29.1888
  28.5825
  23.5764
  23.5743
  22.5768
  21.7734
  18.5879
  18.5358
   19.064
  17.9408
  25.5302
  24.6627
  24.1567
  8.80624
  9.45835
  8.47141
  7.35445
  19.2551
  18.0932
   18.854
  16.3038
  23.8947
  23.9987
  9.85602
  9.70277
  25.3222
  25.3377
  22.1235
  21.8149
  2.59011
  6.28354
  9.66228
  10.0631
   9.5439
  17.5124
   15.766
  15.9758
  1.44516
  7.46314
  7.86313
  2.87992
  9.48722
  8.85215
  1.91873
  17.7506
  16.4025
  18.1204
  10.6574
  1.22764
  10.5427
  14.5874
  19.2169
  15.6354
  6.60808
  5.68165
  21.4311
  21.1907
  29.8871
  28.7311
  31.0907
  31.4382
  23.2216
  24.1638
  19.8607
  20.3746
  19.7364
   19.545
  23.4931
  25.1123
  23.8687
  28.7202
  30.2163
  30.0695
  22.6205
  21.2696
  23.7714
  22.6533
  39.6219
   19.137
   21.099
  22.6324
  17.7929
  18.1791
  21.8951
  24.0619
  24.0036
  23.6465
  19.9541
  24.3798
  25.7244
  25.0707
  26.8869
   20.201
  20.7528
  21.3874
  23.5897
  24.2001
  23.1854
  18.7796
  18.3869
  17.7715
  13.5051
  21.7755
  17.3229
  20.5081
  20.9012
  19.3366
  26.0756
  24.8044
  13.1645
  29.1872
  18.5803
  23.1636
  21.0201
  26.5945
    22.12
  26.5546
  25.9373
  7.36674
  6.64234
  13.4059
   31.115
  30.3472
  27.8694
  20.7727
  19.5025
  5.00876
  10.5093
  10.5566
  15.7313
  8.65335
  9.69171
 0.948685
   7.7651
  12.0766
  8.86446
  9.47098
  8.81627
  5.74473
  17.1234
  17.5853
   17.651
  13.1879
   11.313
  17.2606
  29.0256
  20.5172
  16.6744
  12.8188
  9.28248
   24.179
  24.2396
  23.7771
  23.4454
  19.2598
  24.0191
  10.5965
  25.9089
  28.1491
  19.3165
  20.6114
  20.4091
  20.2782
  29.3813
  28.2894
  20.6938
  10.9561
  50.4279
  30.6615
  24.5113
  23.5927
  5.54159
  7.77033
  11.5733
  9.80288
  10.3289
   10.274
  13.1614
  12.1465
  17.4211
  17.3719
  22.8661
  23.7296
  20.7355
  19.5129
  7.61225
  7.09515
  40.6099
  55.7495
  12.2033
  16.3469
  17.2721
  16.5077
 0.917906
  8.92912
  6.44447
  1.54492
  5.35402
  4.22061
  16.9142
  44.9135
  49.4425
  6.76298
   9.0307
   25.149
  24.6463
   23.824
  21.7298
  28.7302
  27.7016
  19.2543
  49.4519
  10.3766
  18.7712
  29.7491
  23.0993
  19.8693
  18.3358
  21.0758
  19.4185
  7.94069
  21.1222
  16.3271
   17.374
  14.4391
  8.56335
  24.0139
  24.7323
  23.5134
  20.9742
  8.71132
  10.0407
   8.6212
  9.96181
  7.67787
  13.2664
 0.946846
  16.4518
  6.45373
    20.65
  24.2772
  18.4744
  9.69477
  26.4305
  26.8481
  26.6191
   25.143
   24.975
   18.331
  10.0284
  16.5852
  20.4455
   20.529
  19.5392
  23.4598
  16.6805
  4.21528
  28.4195
  21.9506
   19.443
  10.4216
  18.2604
  6.20878
  18.8755
  18.9279
  9.41471
  0.26446
  1.42217
  9.24826
   8.7585
  1.66015
  6.09434
  11.5171
  14.5322
  28.5665
  5.15849
  6.38159
  6.73948
  8.15441
  15.5086
  11.7222
    6.716
  1.33961
  3.29407
  29.3633
  24.6354
 0.049351
  10.0566
0.0107989
0.0887593
  22.0503
  30.0052
  41.4236
  7.76574
  6.06613
  17.0227
  3.34584
  9.82767
  51.1247
  57.1606
  6.13943
  7.38194
  2.63617
  9.86726
  28.7404
  31.6977
   8.6253
  10.6106
  33.1211
  29.5421
  44.4744
  7.79106
  21.2714
  22.5111
  19.9897
    31.04
  7.01648
  41.1093
  15.4699
  1.57327
  14.3394
   14.222
  1.76418
  2.74684
  9.68536
  8.96151
  9.44306
  12.7337
  23.4553
  13.9188
  8.39633
  28.2925
  1.45606
  6.98106
 0.707874
  23.2812
  7.73659
  4.84968
  1.28384
  5.62939
  42.1347
 0.155309
  15.9671
  1.14122
  25.2917
  29.7892
  15.3875
  4.50697
  3.63699
  7.94876
  30.1326
  13.5935
  2.20243
  6.88447
 0.573567
 0.478939
  2.16532
  29.9171
  31.6513
 0.304209
  46.3584
  3.72749
  5.11109
  5.42424
    9.948
  6.60489
  4.87422
0.0920785
  9.72389
 0.686965
  15.6878
   11.687
  9.43754
  15.3787
  13.7164
  10.4258
  9.88545
  2.80676
  6.10318
   4.1178
  5.72429
    5.052
  8.34307
  27.7281
   3.4334
  2.35485
  9.13736
  8.68612
  7.41909
  6.92609
  11.4969
  5.50533
  5.60264
  9.17999
   16.516
   5.9394
 0.475981
  8.40252
  10.0717
  5.14239
   26.103
   14.347
  7.18884
  6.33333
 0.608967
  4.76472
  43.5079
  1.85861
  1.97798
  8.38517
  19.6472
  6.96371
  2.67268
 0.155133
  1.05067
   1.4795
  6.96186
  9.69093
  1.02255
   44.486
  5.98764
  6.87841
  11.5666
  1.19714
  2.43845
  2.68483
  14.3553
  57.0216
  14.1097
  12.0458
 0.284696
  5.53499
  5.09399
  2.22422
 0.677551
  7.38977
  11.3539
   8.1486
  3.78642
  5.53458
  3.25288
  4.97625
  3.06894
0.0770439
   2.5175
  8.75656
   21.295
  17.1279
  11.9689
  5.21809
  1.71007
  3.10596
  60.7591
  15.4439
  16.4891
  20.2015
   18.616
  12.9362
  3.08233
  3.01503
 0.989467
  11.6203
  20.3421
  17.6384
  3.13145
  4.79756
  8.57353
  4.76477
 0.874573
  6.66522
  10.5319
 0.149052
  24.1082
  3.46398
  8.02881
0.0998355
  51.2043
  3.98948
  5.83854
  4.28394
 0.480058
 0.377008
  5.28212
  6.50492
  0.60262
  10.3894
  30.1282
  4.45875
  13.7864
  2.47175
   2.5291
  18.2721
  11.2134
  14.5145
  9.75322
  18.1456
  10.2523
  26.7574
  3.76092
  4.55617
  16.7217
  23.0508
  46.3215
   8.6671
  29.0272
0.0145975
  6.91056
  23.1791
  19.8913
  17.9996
   14.954
  14.9917
  27.4256
 0.328253
  2.50921
  8.60752
  3.30513
  10.0023
  8.23062
   16.757
  5.23803
 0.273547
  8.26756
  5.30151
  2.38185
  1.76739
  1.78586
  2.42852
  32.4331
  9.31732
  1.52363
  13.2554
  49.1206
  3.63901
   6.5354
  3.95642
  4.58528
0.0544292
  12.5908
  29.9481
  21.6309
   11.605
  23.9609
  23.2778
  3.37504
  6.86731
  26.8182
  23.8515
  32.0307
  27.7427
    14.86
 0.474968
  7.61147
  4.39247
 0.956701
  0.45372
  10.2302
  9.10219
 0.967337
  8.57701
  17.6888
  12.3551
  9.63819
  51.1536
  24.3325
  10.1213
  7.51032
  50.0791
  7.53676
  9.58043
  10.9671
  4.03283
  17.5234
   9.5137
  2.68227
  1.40338
  16.9642
  6.39609
  8.51224
   10.989
   20.025
  3.70273
  9.13657
  17.0119
  3.34152
  12.8143
  7.38025
  2.28993
   18.763
  15.9694
  24.1758
  10.5408
  1.35241
  2.99358
  5.20864
  13.1708
  3.27176
  14.2788
  23.6229
  6.66192
  9.03289
 0.952335
 0.834014
  4.98621
  12.7626
   5.8114
  23.5627
  1.50757
  23.7179
  8.36062
  18.8681
   11.965
  10.4462
  8.84202
 0.282892
  4.68992
   3.8599
 0.623668
  8.49821
  3.51122
  1.85288
  15.4435
  10.2032
   14.196
  4.83748
  17.1204
  1.62424
  2.34803
  1.44921
  21.8473
  2.72147
   21.939
  2.15174
  25.7171
    8.046
  15.4589
  2.49906
 0.110592
  2.84875
   18.068
  13.6575
  19.4232
  5.68081
  8.91519
   9.7355
  7.08249
 0.546557
  8.11168
  4.58476
  9.06751
  6.68847
  6.20946
  4.23524
   5.2062
  2.55526
  16.6238
  10.1826
  3.24009
 0.449264
  4.46911
  21.0143
  16.1148
  20.4693
  16.6628
  23.7708
  24.1877
  22.0371
  24.0877
  8.57962
  3.14041
  4.48778
  2.32363
  17.9397
  15.7954
  14.8647
    17.89
  26.8834
  26.6999
  24.4925
  8.36646
  8.86663
 0.175381
  5.31878
  3.19292
  4.92848
  5.37993
  4.91626
 0.162624
  21.9106
  0.21617
  1.89772
 0.394422
  8.22348
  6.62525
  57.7734
  16.4714
  1.25573
  2.90321
  10.1995
  9.81428
  3.98435
  3.96107
  3.80685
  1.32336
 0.446519
  1.71835
  17.6236
  6.91528
  2.23301
  6.39704
  22.8045
  6.32172
  11.0466
  3.83295
 0.899038
  8.98162
  12.5399
  7.49032
  7.85235
 0.106981
  4.62157
  6.13076
  3.79461
  1.31514
  14.8191
  20.0406
  18.6808
 0.952304
  11.1632
  10.4093
  1.85303
  19.6863
  3.95002
  9.07032
  16.1362
   14.658
  19.1931
  16.1215
  21.6881
  22.3798
  3.18803
  5.97597
   3.7851
  8.81512
   27.121
  21.3055
  8.23713
  9.02544
  7.56537
  1.41997
  2.36875
  8.67715
  19.2735
  52.7719
  10.4129
   2.4247
  6.01723
  35.4391
   2.3039
  1.40645
  2.29347
  2.60693
  5.72043
   7.3886
  1.11241
  9.84524
  20.8257
  11.4541
  15.4345
  12.9325
  5.79885
  10.7043
  4.95292
  7.74901
  69.7413
  1.19271
  12.8968
  23.4196
  23.8637
  3.05101
  4.12109
  12.9196
  31.0324
  52.7679
  14.9219
  13.0288
   17.929
   16.751
  10.4559
  3.18726
  1.27206
  11.8575
  12.4529
  1.17357
  2.20432
  59.0637
  10.3951
  7.08992
  4.68073
  4.53124
  4.63678
  23.6751
  6.53791
  3.75901
  10.0198
  4.11917
  5.12044
 0.815561
  1.71776
  9.44715
0.0827022
  4.17853
  16.5478
  16.2653
  16.1588
  18.5103
  17.6299
  16.9355
  22.2117
   16.316
  2.23826
 0.345498
  14.0127
  17.1862
  11.2596
  12.9804
   10.711
  2.71875
  17.8956
   18.977
  1.95432
  10.0549
  1.24431
  6.80512
   10.483
  8.80684
  8.84642
  6.35979
  5.49155
  1.01007
  8.20385
  10.8589
  57.6099
 0.294721
  8.76438
  34.8456
  4.21389
  12.3349
  9.55923
  9.20786
  6.87918
 0.410609
   17.229
  11.1968
   21.717
  1.85742
  1.66899
  2.35394
  3.25297
  26.9217
  1.96741
  50.8663
  51.0378
  48.3733
  18.9698
  24.2812
  72.3083
  6.34182
  2.32038
  2.32751
   4.7448
  8.35726
  1.23853
  6.89039
  1.01263
   71.645
  7.91763
  25.5797
  25.0137
  25.2209
  10.9253
  9.37138
  5.84312
  23.7196
  7.89063
  7.00246
  23.1418
  22.5267
  30.0979
 0.366731
  7.44802
  11.7096
   11.958
  7.54384
  1.58573
     8.43