  35.5641
  6.93367
  11.0873
  1.05343
  3.30006
  7.14766
  3.64445
  17.6674
  11.6775
  14.2763
  13.9481
  29.2345
  20.9174
  26.2392
   20.585
  17.1311
  4.72428
  7.52482
  5.58654
  8.31255
 0.492257
 0.314949
 0.739553
  2.78931
  2.49551
 0.721223
  5.88977
  5.92854
  21.0234
  20.3523
  17.6289
  20.5841
  14.1715
  14.0358
  28.5866
  27.4922
  28.8546
  28.8562
  27.9483
  27.1623
  26.4844
  28.0682
  26.1451
  27.8174
  26.1263
  22.7418
  21.8738
  22.1455
  21.7776
  21.2267
  28.2834
  29.6181
  32.1522
   23.841
  25.8697
  33.6733
  32.3104
  25.4952
   26.345
  27.7489
  22.7027
  20.9231
  23.7796
  23.6883
  20.7148
  19.2404
  28.3489
   27.481
  28.5176
  28.3459
  30.6117
  2.57088
  2.29145
   15.275
  22.2402
  15.6216
  14.2202
  18.7303
   18.133
  17.7716
  13.7987
  14.1494
  13.9687
  3.38164
  6.69803
  7.42158
  5.60676
  5.48522
  30.4775
  1.72295
  1.30221
  1.25928
  5.88741
   2.6881
 0.994246
  1.90011
  30.6444
  33.4914
  30.2599
   1.7009
   2.6459
 0.481535
 0.568163
  8.40516
  5.51199
   6.6137
  5.86091
  13.8234
    13.06
  11.4996
  13.0343
  6.55735
  8.23135
  13.7214
   17.339
  18.1718
  17.9205
  18.5852
  17.9519
   20.197
  27.5107
  26.3775
  30.3292
  28.1343
  29.3412
  28.7462
   23.075
  29.7885
  22.7161
   20.084
  21.8435
  31.2446
  25.2589
  27.0568
  22.6213
  21.9401
  26.4178
  23.5077
  23.4859
  23.1195
  25.3592
  30.4564
  30.9625
  24.9647
  21.9546
  19.7271
  22.5883
  23.6038
  27.5622
   21.614
  22.4857
   3.3101
  13.1637
  16.5143
  5.91148
  3.51206
  4.80188
  2.83626
  6.13099
  6.59467
   1.7499
  30.7451
  8.89202
  10.4911
 0.312159
 0.610418
  1.87915
  14.2158
   31.145
  29.3482
  14.3386
  14.6097
  31.5537
  2.13976
  23.0771
  34.1252
  6.73645
   11.794
  30.0585
  23.8809
  26.4234
  32.0719
  25.5547
  25.8368
   24.694
  24.3126
  29.1426
  13.5417
  2.43426
  23.0603
  21.9831
  20.8456
  10.1111
  15.6718
  13.2699
  15.1871
  1.33492
  34.3765
  32.9272
  30.8699
  30.6418
  24.7175
  29.5899
  22.3201
  22.3987
  2.59252
  1.49142
  13.2812
  6.03602
  5.10126
  18.8958
  26.0315
  26.6252
   2.0249
0.0347665
  15.2488
   14.204
  30.5306
  2.45447
  3.31689
  2.34562
  4.68954
  16.3057
  26.6195
  27.9037
  29.5115
  28.4842
  27.8667
   26.219
  22.2675
  28.2795
  33.6254
  29.5149
  22.4086
  25.9156
  29.9235
  1.16779
  17.2421
  16.8538
  14.6053
  2.10618
  13.7004
   22.141
  18.0335
  16.0332
  15.4525
  4.77931
    18.18
 0.646954
  1.11395
  0.84281
  1.23191
  21.3919
  4.83268
  12.7869
  18.0777
  19.9623
  3.53323
  27.5123
  26.5315
  19.3375
   25.247
  21.9947
  26.0575
  34.1035
  34.3717
  39.1926
  29.5608
  28.6548
  39.5663
     1.73
  21.1117
  28.2612
  26.6936
  12.0385
  31.4603
  4.38631
  28.5241
  34.8198
 0.414983
 0.508065
  38.8732
  5.01542
  5.14631
  32.5542
  29.0066
  4.33607
  4.32378
  5.63272
  28.5344
  29.2499
  3.62257
  5.87079
  3.50112
  3.05287
  1.93307
  4.02221
  4.80055
  6.15785
 0.178005
  5.87389
  9.88125
  10.5193
  9.55331
  5.07786
  1.65016
  2.64031
0.0305415
  4.53428
  27.1172
  29.7946
  4.35866
  2.73819
  30.8317
   4.7056
  4.88172
  3.84721
  1.53576
  1.18885
  2.95611
  4.59933
  4.30578
  1.32491
  14.4004
 0.372192
  1.91609
 0.560183
  1.51557
  3.17154
  31.5534
   5.7216
  4.14771
  5.69751
  20.4564
  1.01204
  33.8574
  39.1099
  1.61457
  5.53432
  7.93592
  2.76351
  3.96651
  3.23062
  44.3084
  5.26887
  2.57855
   1.9644
   4.8547
  4.59527
  2.34644
  2.85082
  4.21026
  1.39218
  39.4027
  47.1399
  39.1637
  37.7709
  31.1005
  1.09285
  1.45146
  27.7326
  1.65963
    1.403
0.0446684
  7.39119
0.0693819
  6.76367
  6.61056
  4.20473
  2.64733
  5.54347
  3.32908
  8.94487
  3.25285
  5.01392
  35.1146
  44.6542
  1.24306
  2.92193
  4.20251
  1.23465
  29.8227
  33.9981
 0.196329
  7.88611
  1.88851
  6.24697
  8.05221
  3.37683
  3.14051
  6.31404
  1.63334
  7.26469
  8.61584
  5.88916
  3.54656
  2.90624
  1.12627
  2.32432
  2.08131
  3.87587
  30.0047
  6.16595
  1.05554
  29.4258
  25.6916
  25.6643
  2.80145
  9.31128
  2.63393
 0.862517
  3.01899
  24.3898
   26.973
  1.77698
   2.5304
  41.6413
  41.6322
  2.97839
  5.50398
  1.46657
  40.8725
  1.49197
  2.85577
  7.14101
   3.6075
  38.6859
  2.64811
     1.88
  2.20272
  5.24682
  0.25704
   2.3843
  2.78067
  3.12366
  6.09256
 0.833093
  3.48497
   1.6794
  10.1409
  2.74971
  30.9804
   1.5275
  6.06046
  1.98101
  29.8376
  22.2098
  2.28519
  3.93752
  1.02657
   6.1374
  2.78578
  3.72843
  3.13288
  3.46671
  5.65702
  3.03416
 0.990539
    2.374
  31.2928
   4.6317
  2.10642
  2.72786
  2.33355
  4.25853
  3.18077
 0.667935
   2.5278
 0.528493
 0.443853
  4.19708
  27.9183
  10.9732
  2.72119
  1.46744
  38.1107
  33.7334
  1.33518
  5.88138
  5.99362
  6.32251
  1.62055
  41.7657
  4.86763
  5.97939
 0.503722
  6.68648
  11.3625
  7.73561
  5.72095
  5.49072
   39.104
  43.6682
   8.2149
  3.53192
  41.8765
0.0669535
  37.8873
  30.4885
  3.50999
  4.92974
 0.935153
  33.8306
   36.832
  2.88069
  6.04732
  3.42511
  31.3888
  2.09964
  2.68091
  10.1886
  37.2941
 0.754017
  32.1283
  3.17178
   18.156
 0.587535
  1.34022
  6.85413
  27.8743
  27.8929
  6.68404
 0.992999
   2.9319
  32.4737
  20.5372
  1.87517
  41.3081
  24.8195
  18.6096
  34.9386
  39.1038
  5.17871
  3.00398
  1.54397
  2.60344
  1.65216
  4.56144
  4.08879
  6.44854
  0.61859
  34.9284
  37.1607
 0.745926
  40.4676
 0.554356
  13.2722
  43.8243
  5.77582
  31.9587
  15.4836
  1.51439
  2.48252
  2.91781
  21.4273
   1.6392
  20.4859
  16.2432
  33.0182
  5.79024