   5.91574
   28.6997
   13.0438
   13.0117
   6.73897
    15.284
   3.01445
  0.399517
 0.0503717
   2.46184
  0.717242
   1.58762
   2.45413
   22.3923
   22.7324
   19.9804
   28.1203
   15.2271
   10.7555
   14.4291
   14.0747
   16.0786
   13.5919
   13.0336
   6.86543
   5.57397
  0.220829
  0.725217
  0.629317
  0.500017
   1.10188
  0.782235
  0.948223
   5.44972
   5.51145
   0.80831
    2.0483
  0.411259
0.00582718
   2.43754
   5.13268
   4.65612
    6.4744
   4.47467
   3.70477
   6.09998
   5.69426
   5.56075
  0.555187
   2.03602
   1.83358
  0.692534
    2.0049
   2.54723
  0.673731
   1.26683
   1.01697
  0.108797
  0.468845
   10.9904
   12.8297
    4.5519
   4.18217
   2.88754
   5.00758
    4.2656
 0.0948321
   1.61587
   2.30708
   1.58024
   1.81224
    2.2298
   6.55979
   5.85226
   7.03915
   5.11654
   7.27489
   2.24505
   1.35561
   12.6267
    12.818
   2.39405
  0.782978
   1.93261
   2.04197
   2.98688
   1.93141
   3.73929
   2.88841
 0.0864909
   1.00864
   0.47105
  0.142578
   2.25482
   2.01044
   9.29276
   9.10635
   10.2862
   13.7201
   12.7497
   9.88781
   9.56915
   6.12696
   13.6019
   15.1526
     12.66
   13.0571
   14.4556
   9.24081
    14.059
   14.0484
   14.4363
   7.80581
   11.2801
    11.077
   12.4143
    13.082
   15.2526
   9.65352
   11.0682
   5.08862
   6.44552
   4.83591
   2.65695
    2.5374
   2.41481
    2.7122
   5.25118
   1.33332
 0.0753901
    2.5819
   1.07755
    3.1514
   1.68682
   2.66211
   1.44228
  0.833305
    2.3186
   2.85227
   3.78302
   4.00981
   1.70673
   1.93449
   7.27665
   8.40201
   5.38373
   5.19706
   5.49087
   5.70826
   3.95227
 0.0885797
   4.85468
    1.2581
   3.18223
   4.83553
    6.4893
   5.91972
   4.82359
   1.23716
   2.67964
   2.92978
   3.02209
   1.92329
  0.852084
  0.488538
   1.12237
   5.22853
   3.06499
   4.50301
   1.92412
   1.80823
  0.457543
   3.84151
   14.6681
   4.11504
   9.87995
   5.42135
   4.66199
   3.90444
   4.35845
   8.34628
   14.8009
    15.115
   13.7677
   10.5596
   10.5249
   10.1612
   17.0238
   5.71616
    1.5143
   12.2387
   12.0388
   22.0829
   16.2668
   5.00006
   10.0383
   9.06589
   2.58453
   4.27723
   15.0632
   14.5131
   8.41388
    2.9348
   6.74617
   12.8507
  0.662717
    3.3955
   5.35573
 0.0558543
   7.13198
   1.51422
   10.9771
   2.42081
   1.48182
  0.410512
   1.28828
   1.71065
   4.35643
   11.6357
   26.4793
    1.8998
    2.4362
   9.68743
   5.96396
   7.95959
  0.110668
  0.266549
   14.8498
   13.6047
   12.0801
   3.14404
   3.06879
  0.885729
  0.306397
   2.15664
   2.12001
   13.9086
   16.4002
   8.79413
   13.6002
   12.4874
   8.68332
   10.8684
   2.46363
   9.51269
   23.6038
   13.1255
     6.676
   9.38151
   13.7093
   14.9401
   15.1003
   16.4021
  0.666708
   12.6871
   6.18317
   4.73646
   4.23498
   5.19244
    1.8538
   14.3919
   5.22355
 0.0750478
   1.80433
   6.05441
   15.4809
    2.0314
   1.27562
   6.02572
   17.3199
  0.619438
   1.05119
  0.715111
   2.61535
   4.59235
   10.2561
   5.45555
   14.6267
    14.448
   5.28297
   7.57515
   1.56863
  0.717849
   2.62194
    13.774
   2.63106
   5.43045
   1.37268
  0.741509
   1.43907
   14.4826
   11.4097
   7.98512
   1.56553
  0.158194
   5.77761
   16.0096
   4.53731
   2.59497
   1.69574
   3.94322
   12.2333
   12.8655
   4.42352
   5.78053
   23.0162
   12.1093
   13.3824
   17.9587
    15.221
   16.4175
   26.4061
    22.139
   20.2723
   13.8481
   13.8788
    3.1766
    16.415
   9.31444
   2.91772
   20.1228
   8.54086
   3.01534
   16.0489
   12.4801
   16.6775
   25.8424
   15.1035
   27.3241
   16.2088
   24.2181
   13.1489
   21.8553
   25.9758
   26.4995
   14.7585
   14.6978
   24.1759
   19.9301
   14.0561
   2.89126
   16.3957
   4.96625
   16.3023
   8.08862
   28.0051
    28.963
   26.3946
   15.6497
    11.991
   12.4756
   17.3722
  0.382319
   12.7873
   13.3156
   12.4025
   9.67413