   2.14883
   24.2654
   9.03663
    8.3624
   15.4417
   9.14473
   15.9947
  0.776668
    3.0003
  0.463446
   2.29857
   6.35383
  0.812466
    2.7836
   1.58577
   24.5094
    23.429
   20.7605
   25.6654
   24.7162
   17.1171
    16.518
   16.2402
   16.2179
   15.9351
   15.3549
   5.48419
   4.14678
   2.63009
   2.14376
  0.146546
  0.782568
   2.32836
  0.520611
   7.25806
   7.29982
   3.43184
   1.81885
   2.62231
0.00133678
   4.83948
   4.60521
   7.29311
   9.01941
   7.49585
   6.70883
   5.57992
   4.69129
   2.85479
   2.67537
   3.13927
   0.10386
   1.37978
  0.410477
   2.82466
    4.1029
   2.25194
   4.06773
   1.35659
  0.442332
    2.2832
   13.4789
   15.1161
   7.77093
   5.17853
   3.97945
   5.40197
   4.88728
   4.16044
   6.01484
   0.40549
  0.366948
   4.55835
    4.9511
  0.626431
   2.02425
   3.14825
   2.74564
   3.84774
   4.46452
    3.5611
    1.3842
  0.372525
   11.5285
   11.7571
  0.400414
   5.26874
   1.10671
   4.33617
   2.54742
   4.05457
  0.367982
   2.24398
   1.15327
   0.46785
   1.89331
   2.48385
   5.08821
   4.86896
   12.3222
   11.7241
   12.7345
   14.5592
   14.9494
    7.0502
    9.3393
   16.3438
   17.6395
   30.3794
   12.9463
    15.986
   10.2724
   14.9351
    13.515
   10.0775
   13.3545
   10.3786
   12.5874
   12.4286
   16.2405
   13.4843
   13.7145
    13.608
   12.5866
   10.0201
   8.72196
   1.35313
   2.85409
   2.89124
   3.73979
   1.73806
  0.230573
   1.52254
 0.0943389
    2.4935
   1.34657
   4.38631
   3.06707
   2.18643
    3.2903
   3.43848
   5.48724
  0.455414
   2.49385
   6.78618
   4.98796
   9.03191
   8.75392
   5.24255
    2.6586
   1.48009
   1.22012
  0.081021
  0.382119
  0.312215
   3.49599
   6.72272
   6.58927
    5.5383
   4.06847
   2.46408
  0.317169
   6.08867
 0.0772232
   1.97166
  0.917343
   1.48656
  0.119247
   1.83631
   2.79455
   15.6068
   4.31475
   4.65929
   5.81642
   3.24129
   4.36279
   1.89177
   5.34745
   14.7881
   15.7683
   14.3764
   12.8726
   13.3024
   13.3317
     12.47
   7.71328
   7.08751
   13.7019
   16.4211
   24.2857
   15.6771
   6.69428
   7.44961
   9.88675
   5.87476
   5.22665
    13.923
   15.0278
   15.0992
   7.21863
  0.775498
  0.802137
   3.73409
   11.8704
   13.1011
   3.19984
   2.64732
    1.5052
   7.78449
   1.87989
   18.2169
  0.776096
   5.86473
   2.11039
   2.11076
   3.74017
   4.11442
   9.24766
   4.18479
   0.46843
  0.856553
   3.55194
   8.00926
   5.02564
  0.997698
  0.509941
   5.85683
   13.6713
   14.9388
   6.72487
   6.63736
   1.26237
   1.96104
   1.51098
   1.48495
   16.6233
   14.8754
    13.446
   15.7315
   16.5339
   9.39276
   3.99242
   5.66617
   9.27942
   24.1884
   14.4605
   6.98382
    10.237
   16.1922
   16.7371
   15.8384
   16.9227
   3.70054
   11.3337
   5.38673
   4.04718
   7.32104
   5.40885
    3.4186
   4.50321
   3.23221
   14.6976
    6.1334
   1.57366
   1.30423
   6.80142
   15.6093
   1.84564
   3.37139
   2.78638
   15.2176
   1.01318
  0.946319
  0.846407
  0.429205
   4.61588
   12.6778
   7.14439
   15.0819
   19.8943
   14.8751
   14.0579
   4.93941
   10.5365
   2.09321
   2.52672
  0.334916
   12.5861
   5.17365
   4.92515
    1.1969
  0.956909
  0.395862
    7.7274
    18.789
   16.0117
    11.263
   5.14168
   3.68748
   9.29125
   17.4373
   7.88999
   6.75973
   2.19022
   7.37404
   10.5944
   10.3606
   7.73111
  0.122734
   23.9817
   24.3796
   15.4694
   17.7856
   15.9633
   23.3729
   23.4814
   14.4418
   19.2559
   5.75826
   6.04998
   15.8971
   30.3611
   14.5107
   14.5139
   12.8967
   4.91177
   24.1871
   21.1247
   29.3849
   23.3767
   11.6044
   7.95355
   17.0272
   11.5585
   13.1781
   25.8011
   14.1717
   15.8321
   17.4562
    2.9633
   17.3587
    21.864
   25.0894
   25.4279
    24.784
    14.204
   1.84082
   23.2849
    23.073
   23.2594
   18.5132
   1.82327
  0.903165
   2.23992
   14.4059
   14.0291
   6.56051
   15.6889
   19.9464
   7.33581
   23.5603
   2.48729
   28.5427
   27.8903
     28.44
   24.6332
   15.0348
   17.6977
   14.8016
   12.9424
   22.1851
   13.1019
   19.4806
   16.7553
   16.1474