  36.8259
  32.9928
  34.1391
  35.6208
  32.8684
  34.7026
  28.3773
   2.1243
  0.49565
  2.32981
  1.02628
  16.6786
  2.52037
 0.841879
  37.0214
  37.6417
  38.5229
  38.3862
  38.3172
  38.7938
  33.0487
  30.9456
   32.762
  28.8577
  40.2764
  40.3241
  36.0041
  10.5226
  9.95908
  6.07891
  5.19939
  3.59262
  2.78677
  6.03384
  2.97815
 0.447297
  2.38896
   3.6271
  12.5177
  12.7144
  2.34376
  4.18477
  7.99681
  5.91997
  2.52484
   1.9373
   5.0271
  1.27415
 0.492996
  3.47499
  2.97991
  2.13827
  1.74796
0.0489289
 0.407332
  1.81863
  2.68148
  3.88517
  5.47692
  5.93993
  9.36978
  5.22495
  6.59039
  1.05855
  7.67126
  6.53219
  5.68975
  5.03327
  2.02154
  3.80953
  1.09575
0.0777272
  2.12358
  1.99363
  3.06205
  2.03009
  1.23186
   2.7245
  4.29524
  22.5411
  22.6677
  13.7672
  14.8344
 0.270709
  1.65225
  3.18736
  6.25072
  1.52573
  1.19915
  15.4798
  2.33309
  2.33486
  1.29043
  1.69603
  38.8365
  35.2729
  34.8724
  31.9519
  31.0484
   1.0807
  18.8736
  28.2662
  27.3166
  38.1893
  35.6014
   23.529
  6.87594
  8.39397
  1.75391
   34.637
  37.4537
  36.8203
  35.7918
  30.6383
  33.8329
  33.9333
  30.0712
  9.98487
  7.72225
   36.073
  36.5429
 0.478706
  2.74987
  9.63377
  4.99772
  10.8788
  10.0505
  1.35211
  2.55385
  3.52801
  2.48355
  5.79093
  2.07976
  4.83621
  1.97651
 0.175865
  8.33014
  2.27832
 0.314174
  3.77164
  1.08877
 0.673621
 0.523463
  3.06806
  3.06525
  6.12526
  2.14845
  3.95887
  1.27055
   1.0716
  6.01696
  3.41605
  1.98852
  3.89585
   1.6216
 0.838155
  3.24347
  3.50171
 0.603438
 0.654638
  4.01096
  3.25124
  7.82138
 0.558582
  6.17031
  2.57207
   6.5458
  5.85138
  2.16524
    3.598
  13.4698
  23.3141
  13.0021
  11.1872
  8.94959
  6.52888
  3.83004
  4.74138
  2.62912
  4.88233
  29.9165
  37.6465
  32.4867
  30.7021
  36.4558
  30.1001
  33.4942
  33.4825
  24.6057
   13.889
   38.351
  37.4833
  28.7412
  21.3966
   1.9125
  4.34257
    4.312
  30.0489
  7.44408
   6.2062
  6.04987
  10.5394
  8.57917
  15.4385
  1.94546
   2.6101
  4.99205
  5.73839
  1.28623
 0.228846
  7.37258
   8.8487
  4.51628
 0.627603
  2.60066
  3.19382
   6.7929
  9.19995
  4.33469
  32.5478
  1.64556
  1.59968
  27.1084
  32.1642
  11.4475
  16.0788
  15.8202
  2.59165
  4.23645
  2.92594
  2.96432
  2.55484
 0.701199
   1.6965
  1.57969
  25.0361
  24.3832
  6.89235
  13.6171
  12.2686
  29.3287
  19.0747
  36.9882
  35.0865
  22.4451
  17.4415
  4.51784
  33.7497
   27.478
  28.6737
  26.4565
  13.6468
  20.4742
  2.78098
  1.53927
 0.678016
 0.997202
  7.29964
  5.51707
  2.58553
  2.46231
 0.361191
  19.3309
  0.72242
  6.85047
  2.15194
  8.28399
  11.6929
  1.57697
 0.177606
  1.65683
  2.56759
  34.9968
  29.2949
  15.5118
  37.8683
   35.655
  38.1153
  25.9477
  36.9425
  7.80104
  35.9178
  0.51973
 0.640808
  1.23839
   17.624
  4.05114
  2.17083
  3.50408
  1.15624
  5.43414
  7.13667
  3.50564
  0.95731
  1.11003
  2.33527
  2.76573
  33.6866
   2.1635
  9.27386
 0.572281
  2.98543
  16.8558
  2.07783
  20.5189
  7.98658
 0.647588
  38.5662
  41.6005
  42.5073
  36.5363
  6.34462
  6.08993
  10.3372
  36.1283
  34.2192
   42.604
  41.5155
  42.5417
  16.1625
  5.89231
  7.47021
  43.2794
  42.1993
  30.8199
  31.8304
  3.35054
  37.8485
  1.24458
 0.595819
  3.04165
  10.7116
  36.9453
  33.1761
  35.0214
  3.35886
  36.2246
  40.6927
  33.9672
  35.9134
  36.4986
  38.9444
  34.3099
  36.1311
  2.15046
  4.47554
 0.376118
  25.4419
   5.2551
  39.0379
  36.8786
  15.3166
 0.616905
  4.63895
   35.683
   38.915
  2.49897
   30.817
   38.545
  39.8098
  39.4907
  29.0807
  36.9748
  22.9998
  36.2228
  39.3938
  3.61358
  29.5041
  9.74998
  19.8329
  14.2847
  23.6982
    15.02
  40.7239
  24.2671
  27.6463
  35.1866
  4.19344
   24.629
  2.39231
  51.4434
  25.5618
   33.687
   35.862
  32.3558
  35.9869
  35.9287
  37.4282
  51.9468
  38.9151
  22.5025
  5.02048
  9.53685
  20.0126
  38.4206
  38.4653
   39.378
  38.6547
  38.2577
  37.0722
  36.2419
  29.1526
  28.5911
  25.4607
  11.4342
  41.2181
  14.1947
  3.63854
   28.463
  33.6542
  30.7128
  34.3874
  34.5439
  39.1237
   18.713
   44.204
  37.0527
  11.5302
  37.2696
  33.5205
  36.8653
  7.13087
  35.0026
  25.2652
  7.23997
  7.56715
  33.5879
  31.9886
  32.9212
  36.8494
  37.9344
  36.1407
 0.903522
  36.1782
  28.1327
  32.5237
  33.0666
  30.0128
  43.4509
  40.2595
  36.5959
   29.332
  39.8481
 0.358354
  2.77447
  35.8667
  3.16589
  1.22087
  2.93906
  29.6941
  42.3848
  32.1567
  33.9686
  35.6703
  33.4458
  38.5719
 0.580231
 0.413033
  31.4386
  32.3157
  35.2337
  38.1615
  35.7553
  32.3105
  37.3026
  33.9772
  36.4286
  35.5593
  8.01329
  30.5788
  32.3182
  33.0885
  34.7765
  35.1526
  34.9458
  36.7398
  29.8639
  36.0397
   8.1385
  35.6084
  34.7074
  1.45582
  28.0518
  38.5832
  37.7361
  4.19391
  4.46723
  17.7233
  6.91214
  20.6058
  35.7203
  6.38854
  34.4642
  42.4436
 0.405254
  39.6048
  38.9188
  30.6103
  37.5285
    37.58
  37.5498
  24.0572
  36.5145
   42.306
  34.5519
  41.6369
  36.3243
  12.8656
   34.885
  38.6217
  35.4363
  1.31582
  5.59879
  35.6696
  3.45347
  35.0735
  9.97775
  8.78706
  9.07052
  18.7123
  10.5081
   24.379
  25.3455
  33.8268
  24.3221
  17.9599
  24.8339
  25.2808
  19.1179
  19.3749
  17.4732
  32.3424
  11.9765
  18.2957
  30.7692
  39.2005