  2.07928
  0.75294
  7.15294
  5.37143
  6.58066
  2.21482
  3.72381
  2.06671
  1.62697
  1.94784
  1.43544
  4.83533
  5.90512
  2.34905
  1.44537
  12.1526
  18.8074
   19.903
  5.60055
  14.3891
   8.7486
  8.16613
  5.07295
  3.73653
  5.07451
  4.40697
  10.0523
  4.74806
  2.10585
  2.39472
  1.79524
  2.92389
  2.78205
  2.47579
  2.04104
  3.27613
  1.79589
  7.05999
  7.58548
  5.66492
  6.44807
  2.63958
  2.39968
  3.57638
  3.40723
  3.51793
   3.3101
  3.27392
 0.466079
  1.03552
 0.482634
  12.4406
  7.41036
  7.95199
  12.5954
  4.60736
   3.7276
  1.70254
   2.0812
  2.73983
  2.71003
  8.85255
  8.88702
  6.13117
   5.4382
  5.82133
  4.13827
 0.718409
 0.338499
  7.03584
   6.1459
0.0523847
 0.481663
   1.4536
  0.66027
  1.02182
  1.13896
  2.60594
  2.73713
  1.70216
   1.1834
  4.28949
  5.91297
   4.5967
   3.3403
  2.86431
  13.9641
  14.0759
  3.30021
  2.75453
  15.0192
  1.69786
  5.40574
  1.45239
  2.52359
  2.34035
  4.11077
  4.63289
  5.13723
  4.73255
  1.38643
   4.0404
  4.11172
0.0809104
 0.736339
 0.224639
  3.01904
  1.13942
  2.77815
   2.2519
  5.96991
  3.11167
  2.43041
  2.67151
 0.738867
 0.933607
  1.46754
  0.28838
  6.36991
  7.67381
  5.71667
  6.94313
  5.75354
  3.67847
  4.03523
  3.33941
  4.16837
   4.9585
  4.83101
  3.90034
  4.00081
   5.6985
   7.3656
  8.12747
  7.31672
  7.33653
  6.26567
  2.29546
  2.92247
  1.19143
  2.80306
  6.18015
  2.79754
  4.66675
  3.56806
  8.24247
  6.31749
  8.24388
  3.80977
   3.9026
  8.76171
  12.6432
  12.5784
    4.119
  2.39848
 0.126569
  5.94337
  6.88752
  5.41985
  1.85073
  2.37082
  4.38792
   5.8514
   4.3883
  2.50515
 0.360203
   2.1147
 0.956242
  6.16749
  1.12229
  4.90226
  1.95565
0.0922774
  6.61913
  9.76515
 0.491537
 0.106042
  2.73505
  1.85118
  1.89079
  1.12544
 0.674582
  4.59554
  1.91219
 0.503181
  4.10012
  1.36063
  4.46486
  2.28512
  6.94809
  6.65506
  9.25254
  3.54101
  3.22979
 0.070557
   4.3157
  11.4269
  12.2051
  6.45068
  8.93251
  7.65576
  8.24305
  9.49396
  12.3177
  1.47165
  3.43388
  5.84751
  17.1549
  1.68681
  3.98983
  3.58715
  3.94482
  6.32899
  7.10031
  11.4035
  12.0056
 0.961804
 0.235598
  1.39667
  4.61424
 0.764389
  1.63724
  9.99957
  7.07756
    1.557
  4.64827
  4.39578
  4.63385
  1.36025
  4.53807
   4.3121
  3.13659
  4.24773
   1.2815
  3.42642
  4.02173
  7.05613
  3.86639
 0.996291
 0.889309
 0.681384
  3.36014
  2.69837
  1.50893
  1.05433
 0.597856
  5.44669
  8.40279
  6.78371
   9.0978
  5.13288
  1.28896
  9.37607
  1.86047
   1.2844
  0.67361
  4.79278
  5.17325
  8.41528
  2.98062
  3.57471
  6.45497
  7.27729
  8.06615
  5.53807
  1.31475
   1.6002
  12.4303
  5.55165
  5.38489
  6.97783
  2.15805
  7.62163
  3.39594
  4.30751
  2.02916
  8.07792
  9.46828
  3.23047
  2.13235
    4.436
  6.90281
  6.45839
  7.75406
  6.75012
 0.626889
  3.28799
  6.51437
  1.36079
  13.1207
  4.44272
  9.97692
  6.78034
  10.8707
   9.7088
  4.92091
 0.134996
  3.69822
  7.44739
  7.07361
  9.50274
  5.86387
  8.61426
 0.429889
 0.531101
  1.55848
  6.15107
  12.1669
  8.57273
  9.74035
  7.13592
  7.72337
  11.0113
  6.81001
   8.2893
  7.36398
  2.54894
  3.00016
  7.30475
  5.02517
  3.90314
  6.56062
  10.7038
  1.24318
  6.44098
  2.68012
  7.95556
  10.8436
  10.7751
  3.97036
 0.792096
  6.31915
  19.9145
  7.73485
  7.26391
  5.67494
  13.2332
  10.2947
  2.29441
  14.8602
  20.3832
  8.75396
  5.44007
  1.80851
  4.08954
  2.17134
  4.13521
   1.4395
   8.7091
  2.03684
  7.07443
   7.0871
  13.9822
  4.95492
   2.8251
  7.84982
  9.97868
   8.9163
  3.74714
  8.27466
 0.718986
0.0683578
  6.83737
  9.32423
  8.25558
  7.38535
  8.91175
  8.37788
  6.54759
  4.94711
  4.28877
  6.66809
  4.16321
  10.0905
 0.147373
  22.0873
  8.60625
  12.4976
  2.81827
  9.86899
  9.77083
  6.48884
  9.01555
 0.688036
  13.1074
  1.72892
   4.0048
  6.45023
  1.01705
  3.62641
  5.96854
  6.89374
  2.45407
  2.57019
 0.662054
 0.689405
  1.70059
  6.96259
  2.18514
  9.40234
  6.16542
  14.0788
   6.9634
  3.31394
  8.51217
 0.119852
  10.0898
  6.59807
  3.44735
  0.73748
  1.03841
 0.815063
  6.11376
  5.11737
  15.5026
   10.735
  8.23164
  2.96266
  1.72454
 0.706382
  3.93818
  3.11221
  3.22655
  1.43579
  3.88025
  4.73485
  9.46632
  2.01678
  4.16593
 0.425374
  3.72123
  8.08106
 0.832938
  1.52666
  5.25774
  2.79211
 0.856695
 0.321643
0.0303138
   4.5829
  8.20958
  11.4282
  7.39873
  13.6426
  8.86711
   6.1406
  8.06581
  6.62611
  6.43833
  12.6147
  15.1195
  6.87335
  2.26353
   6.9253
 0.319179
  10.0823
   5.5328
  7.66518
  8.26193
  1.87327
   6.6495
  8.23685
  7.50429
  8.16733
  10.3752
  3.69351
   6.1482
  7.15171
   8.1229
  7.39689
  6.10221
  2.57035
  1.72368
  1.05526
  18.9027
  8.27385
  4.25897
  10.3627
  12.1088
 0.206095
 0.160046
  0.13313
  7.29894
  7.26097
  10.9491
  13.1733
  4.56665
  6.40935
  10.0605
 0.916225
  3.57737
 0.665462
  7.92244
  6.86153
  6.06994
  1.00453
  2.89025
  4.59245
  9.98072
  9.01678
  4.09331
  2.31185
   6.6904
  6.49851
  3.60237
    4.475
  7.19463
   9.9628
  10.6283
   2.2603
  7.82902
  6.24073
  6.79792
  10.3081
  6.07846
  6.30743
  12.3086
   13.551
  15.5964
  9.51514
  7.55233
  3.44538
  2.83622
  2.78162
   3.7163
  4.51869
  3.66997
  2.97852
  5.36553
  9.31391
  3.40572
  4.49764
  3.10406
  8.98915
  6.42117
  10.8649
 0.616218
  4.45518
  7.95427
  9.85281
  7.14289
  8.59716
  4.27853
  6.25106
 0.769918
  13.5054
  7.68031
  7.15179
  10.8114
  7.19118
  1.35132
  1.71789
 0.137339
  2.63227
  2.74621
  1.26983
  6.16972
  4.33172
  3.19382
  1.94069
  2.80547
   8.1883
  20.7297
  6.51082
  15.8731
  3.62468
  3.53408
 0.095351
  2.18447
  1.29544
  2.42425
  2.64572
  10.5543
  1.04795
  2.92709
  4.25425
 0.907832
  2.31987
   11.489
  11.6158
  3.05994
  7.65916
   4.4235
  13.0639
  8.45464
  21.6446
  3.78131
 0.319213
  6.71136
  10.1169
  3.47542
  3.56604
   2.2217
  4.57804
  13.2915
  2.58534
  1.79917
  5.22855
  9.41075
  16.1126
 0.750329
  8.49631
  11.3524
  1.13465
  1.12281
 0.933206
  2.93492
 0.373731
  2.63314
   2.3169
  10.3925
  9.46285
 0.426632
  1.58232
  1.09932
0.0939033
  2.69781
  2.36937
  2.55074
0.0405773
  4.23741
  3.41071
  10.3572
    3.291
  7.54931
  2.64885
  3.17633
  4.08909
   2.6215
  4.99386
 0.494282
   1.5435
 0.104913
  1.91747
   3.0085
0.0965404
  1.33571
  4.66769
  9.65233
  3.46288
    5.581
  5.36195
  2.84251
  10.6567
  10.6009
  7.92106
  4.21254
  7.12181
  5.94748
  3.37927
 0.741751
  4.41619
  3.99152
   4.2564
  1.41532
  4.13907
  8.42621
  11.6965
  12.5781
  10.2707
  2.24886
  2.14149
  3.49214
  1.94594
  8.63011
  8.29583
  2.98121
  2.62046
  8.07129
  1.13299
    3.166
  4.54644
  3.84931
  1.30849
   3.1881
  5.45515
  2.70433
 0.887671
  2.76216
  6.32724
  10.0808
  13.4378
 0.204156
   5.3799
 0.668292
  3.33797
  1.86397
  3.52788
  2.53739
  10.1286
  7.58473
  7.70199
  8.36063
  11.4552
  1.24895
  10.0588
  2.69285
  4.98838
  5.69866
  4.98286
  8.28291
  2.80507
  4.46095
  5.43741
  5.58338
  4.81068
  4.59185
  7.06671
  14.0119
    2.744
  1.35171
  10.3239
  10.1936
  5.75771
   6.7665
  3.15538
  1.03852
  6.75408
 0.581917
  13.2705
  3.02916
  1.53564
  11.5486
  0.83094
 0.228664
  3.17626
  6.17412
  1.85265
  3.09345
  4.42051
  0.87882
  4.26871
  5.92632
  5.38786
  6.48593
   6.8152
  3.24521
  2.56385
   3.1659
  16.2327
  15.8217
  3.75053
  5.74144
  3.35663
  3.33414
  6.10692
   2.6434
  5.89961
  10.5246
  6.18728
  8.89446
  3.73371
  3.66839
  10.7034
  1.84782
   8.9264
  4.84144
   4.9889
  3.31981
  5.33468
  10.8568
  4.38635
  5.73468
  3.36417
  5.08069
   3.3931
  11.2773
  10.6832
   2.2324
 0.790896
 0.543506
  1.26952
  7.10685
 0.623088
 0.355043
  1.36764
   6.4459
  9.40227
  1.21225
  14.6255
  1.38779
  4.77608
  5.16984
  11.4883
  8.51859
  10.0896
 0.489413
  10.0052
  11.5125
  5.30561
  2.58851
  2.44661
  3.17193
  3.96689
  13.2472
 0.141601
  6.49241
  2.79653
  5.80719
  3.21887
  4.51457
  7.12889
  3.53335
  4.45126
  4.61756
 0.434857
   1.6127
  8.13072
  3.66523
  6.31465
  6.10545
  6.56116
    2.413
  8.65998
  2.37124
  2.33725
  1.55187
  3.57069
  3.52276
  3.32488
  5.75764
  3.15293
  4.78618
  1.36179
  10.7021
  9.74183
   5.0654
  3.55031
  2.08771
  10.1068
  3.17964
  5.09151
  3.94981
  7.31978
  7.78558
  4.72319
  5.51455
  2.52788
  3.85079
  11.4064
  8.74424
  12.4333
  3.88594
   9.8577
  19.0933
  6.31631
  9.90334
  7.10016
  7.20693
  7.87502
  6.00494
  6.45566
  2.18339
  7.64931
  13.5841
  14.5163
   3.4124
  1.44751
  2.31408
  5.22441
  3.88731
  8.81045
  9.66358
  10.5905
  12.3355
  11.3754
  9.62122
   9.7075
  6.63077
  5.72216
   3.4711
  6.83917
  3.64592
  3.97092
  6.45212
  6.50636
  8.89057
  5.10156
  4.33577
  10.5432