1.40095
2.10134
2.79513
3.90675
4.60642
5.58297
5.62353
 5.8768
6.49267
7.74487
7.91844
8.79612
8.92522
9.29993
10.0349
10.0996
10.3394
10.4888
 10.506
10.6762
10.8572
10.9526
11.1392
11.2135
11.2136
11.7257
12.0431
12.1436
12.1914
12.7239
 12.815
12.8158
13.2867
14.1061
14.8325
14.9734
15.3218
15.8582
16.5018
16.8393
16.9957
 17.138
17.5156
18.0722
18.2237
18.2764
18.3572
18.7969
18.8688
19.2244
19.6598
19.7394
19.8111
19.9441
20.1673
20.2105
20.5597
21.0828
21.2407
21.4358
21.5047
21.6471
21.6867
 22.035
22.0722
23.1151
23.3097
23.4072
23.4149
23.5579
23.6835
  24.26
24.4865
 24.887
25.2051
25.2163
25.6848
25.7396
26.1425
26.1566
26.1767
26.3717
27.0082
27.2613
27.2934
27.5193
27.6612
27.7789
 28.188
28.3992
28.6437
28.6938
28.7613
29.0552
29.0691
 29.093
29.1241
29.2021
29.4979
29.5501
29.6426
 29.657
  29.66
29.6692
29.7585
29.7916
30.1518
30.1607
30.5316
30.5976
30.7042
30.8373
31.0409
31.0915
31.0938
 31.365
31.4147
31.4785
31.5399
31.6541
31.8125
31.8869
32.0036
32.1491
32.4305
32.5454
32.6862
32.6993
32.8968
33.1472
33.1563
33.3774
33.4649
33.7215
34.0775
34.3483
34.5408
34.6568
34.6776
35.2227
35.4201
35.7068
35.7359
35.7755
35.8704
36.5265
36.9275
37.0041
37.2978
37.3808
37.4048
37.5283
37.5409
38.1208
38.5696
38.5865
38.9957
39.0194
39.2489
39.8756
 39.908
   40.1
40.3603
40.6917
  40.95
40.9821
41.3701
41.3919
42.0862
42.1709
 42.361
42.4868
42.7172
42.7415
42.8672
43.6363
43.7886
43.8459
44.0904
44.1125
44.1174
 44.258
44.9024
45.1123
45.3585
45.4968
45.8548
46.3179
46.4214
 46.814
46.9046
 47.503
47.8435
48.0007
48.0341
48.1581
48.1647
48.2155
48.4538
48.5309
  48.85
48.8539
48.9158
49.0471
49.0893
49.1825
 49.331
49.3864
49.4334
49.4471
49.7848
49.8221
49.8417
49.9338
 49.935
50.5613
50.7841
50.8839
50.8867
50.8924
51.2434
 51.544
51.8457
52.0768
52.1235
 52.241
52.3194
52.4647
 52.488
52.6923
52.7149
52.7217
  52.93
52.9556
53.2691
53.2986
53.8924
54.0132
54.1181
55.2002
55.4451
55.5077
55.6924
55.7571
55.8248
56.0262
56.3184
56.4091
57.0339
57.7426
57.8772
58.1223
58.2513
 58.258
58.5197
58.7174
58.7457
58.7804
58.9443
59.2971
59.8587
59.9996
60.0341
60.4624
60.5988
60.7136
60.9817
61.1883
 61.238
 61.682
61.8858
62.0746
62.1471
62.2362
62.2475
62.6492
62.7883
62.8077
63.0454
63.1809
63.8516
64.4985
 65.026
65.2582
65.2686
66.0988
 66.278
66.5168
66.7329
66.8151
67.7269
67.9364
68.1955
68.2132
68.6917
69.3141
69.4542
69.4706
69.4777
69.8207
 69.888
69.9926
70.0088
 70.089
70.4271
70.8907
71.1344
71.5392
71.5934
71.6719
72.1142
72.1198
72.2262
72.2657
73.4087
 73.798
74.1432
74.2079
74.2396
74.4412
76.0331
77.0982
77.3894
78.2309
78.4576
80.4481
81.8016
87.2188