  3.64746
 0.308841
  1.23934
  12.5903
  25.1632
  1.75042
  3.20043
  5.74187
  32.1408
  27.2819
  35.9077
  31.9534
  17.8913
  33.5541
  29.9349
  3.59635
   4.3143
  2.63458
  3.50065
  3.87918
   4.2854
 0.675758
  2.45294
  2.22599
  3.26728
   6.9245
  7.03217
  3.95182
  20.0832
  18.2387
  25.6177
  24.2958
  30.8535
  32.9164
  36.0894
  32.7013
   30.211
  31.6327
  32.7702
  18.7455
  18.7284
  30.7189
  29.9946
  33.5524
  34.0256
  30.1597
  32.5148
  36.9163
  29.5417
  31.6374
  33.2659
  34.1962
   33.716
  36.4508
  36.0319
  31.6329
  29.2716
  29.6745
  33.6566
  32.0537
  25.1137
  24.6495
  27.9619
  26.6678
  35.9494
  38.8461
  34.7402
  37.3519
  32.0248
  28.5215
  32.8601
  31.8184
  32.2472
  32.6945
  33.8319
  25.6312
  32.7256
  31.9909
  33.7493
    32.42
   10.883
  10.8902
   17.488
  30.4334
  26.5318
  27.9061
  23.0547
  29.0328
  26.7667
   19.104
  32.2213
  32.1539
  27.2296
  27.1319
  7.11812
  1.63574
  1.43692
 0.772333
 0.277017
  25.4987
  12.7009
  4.35367
  3.65053
  1.56704
  1.23634
  6.69023
  25.9231
  24.4181
  25.5182
   1.8328
  3.97664
  3.82045
  3.00347
 0.446185
 0.893103
 0.791243
  5.16604
  22.6538
  22.3789
  24.5519
   2.8027
  5.41388
  27.6446
  26.4824
  38.6102
  34.2499
  40.2196
  38.6223
  31.4738
  32.7033
  27.5351
  28.6177
   27.483
  33.4988
  33.4389
  30.1999
  29.5133
   33.697
  35.6489
  32.4918
  32.7097
  35.0681
  32.6414
  30.7968
  30.9515
  29.3561
   29.427
  27.7056
  30.7692
   29.798
  34.8489
  29.6801
  31.8584
  32.7707
  33.9956
  36.0842
  30.9368
  31.5828
  28.1694
   28.531
  28.4295
   26.351
  25.7746
  28.8172
   28.861
  26.3155
  22.8119
  35.2182
  29.0483
  42.0415
  28.5129
  37.5743
   33.696
  32.4965
  34.3293
  29.3534
  18.1037
  9.69689
  19.4102
  39.1149
  39.8044
  35.7479
  28.2104
  26.1942
  21.6474
  6.97188
  4.81402
 0.114589
  1.24221
  1.36348
 0.511527
  1.29122
  8.97175
  15.7179
  3.95811
  1.65951
  7.29037
  25.5459
  24.2415
  25.0037
  24.6392
  24.8549
  4.51907
  21.1212
  1.51205
  34.6841
  25.0962
  20.6661
  20.4515
  30.1515
  32.0205
  33.1571
  35.3783
  29.1636
  27.2671
  25.4182
  36.5967
  23.2411
  28.5341
  26.6701
  27.9871
  36.6152
  27.4216
 0.348375
  32.7127
  32.6959
  14.9226
 0.888873
   18.599
  16.3109
  16.4371
  27.9435
  26.3332
   24.196
  24.1885
  30.4084
  28.8412
  29.8859
  29.9653
  9.74774
   8.3951
  22.8284
  19.6689
  21.0854
  0.35695
  21.6317
   24.402
  2.50952
  4.04111
 0.357801
    13.32
  13.2699
  11.2979
  29.1206
 0.887527
  4.12214
  4.21451
  6.03973
  18.0448
  13.1545
   36.187
  35.0553
  29.2098
  29.9327
  23.7894
   39.642
  31.4186
   31.359
  31.0426
  11.3595
  29.4945
  26.7413
  26.5654
  24.0561
  20.0753
  31.7189
  30.3257
  29.9924
  26.5902
  3.27693
  9.00087
  14.2937
  1.49601
  4.10692
   3.6145
  6.45879
   3.4521
  20.8746
  2.66555
  28.2955
  30.3257
  29.1824
  17.0845
   31.586
  34.4756
  36.0389
  25.9507
  25.8367
   25.153
  24.6201
  26.9256
  25.8429
  23.2382
 0.465194
  32.7061
  36.7588
  31.7137
  25.3123
  15.9242
  22.5754
  12.5273
  23.0336
  24.3517
  5.57501
  7.92154
  8.01641
 0.514444
  24.5601
  25.2291
  19.5888
 0.833863
  4.01172
  7.14939
  8.79236
  8.39224
  2.34756
  25.1717
  35.9921
  9.64284
  9.26932
  3.28783
  2.15046
  33.2857
  29.1901
  2.41411
  28.1216
  31.7342
  32.3895
  3.33615
 0.851572
  1.02468
   26.348
  4.52866
  8.62053
  4.45907
  2.33792
  2.62075
  2.36704
  1.62814
  2.80781
  1.27303
  1.83637
   34.396
  30.2297
  32.4138
   6.9218
  24.3248
  37.7916
  4.71036
  2.82877
  15.6221
  30.7749
  31.7974
  2.43137
  7.26136
  27.0119
 0.694906
  6.40698
  7.67822
  3.77983
  3.09091
  13.1933
  7.84412
  32.4636
  5.49774
  6.08784
  19.2581
  13.4706
  20.0498
  12.1074
  16.9395
  30.0198
  20.4611
  4.33277
 0.481062
  23.3538
  13.5327
  30.6014
  10.3496
  15.3205
 0.781322
  1.38166
  3.16687
  2.96473
  3.68031
  11.2907
  21.6457
  13.4788
  34.5638
  20.4458
  8.51343
  3.52602
  2.15077
  2.49569
  3.59675
   3.0761
  2.72138
  3.44394
  4.84247
  4.68715
  8.81104
  19.0389
  7.54875
   15.209
   23.983
  3.47397
  29.2227
  25.2104
  4.75842
 0.158447
  1.03698
  2.38608
  4.11611
   9.9892
   9.7883
  2.88276
  21.0419
   1.6807
  3.04414
   6.5923
  24.6729
   2.2554
  4.72594
  13.5564
  25.3232
  27.1122
  2.52593
   2.5319
  2.43248
  3.88039
  4.13536
  2.13909
  1.95267
  28.0448
  1.22897
  3.57606
 0.509717
 0.901233
  2.12673
  9.82456
  7.13173
  2.24469
  4.21285
  7.30037
  27.8748
  33.0175
  26.5922
  30.6523
  4.96485
  30.0077
   29.475
  25.7599
  2.66738
  9.61166
 0.059104
  2.42114
  2.84629
0.0338867
  28.4067
  26.0676
 0.190216
  1.09011
  2.42182
  6.15788
  1.41747
  0.12204
  3.28601
  1.46411
  6.69235
0.0213516
  37.2355
   4.0246
0.0547973
  1.86873
  1.16921
 0.225931
0.0308105
   4.9986
   3.7812
  2.85166
  20.4183
  1.41117
  4.53828
  6.57119
  3.93661
  28.4896
   3.5389
  3.91856
  2.58183
  28.4476
  34.6633
  15.0573
  33.9508
  8.72561
 0.357252
  3.47154
  8.48415
  3.16105
  22.2444
      9.7
  29.9559
  4.35647
  3.47884
  4.75459
  3.13468
  3.26525
  10.2233
  2.24542
  6.87221
  8.79475
  8.88254
  1.38183
  9.44118
  1.10238
  1.79259
  2.59783
  5.16066
  1.59454
  21.3397
  28.9697
  3.06351
  29.8261
  3.36285
  1.49028
  5.47424
  5.30655
  1.15671
  3.12415
  1.23259
  19.3466
  36.6059
  37.7711
  1.66259
  21.7297
  4.58383
   14.688
  6.54916
  12.6848
 0.112708
  6.95529
  7.50859
  13.0892
  6.27494
  7.93716
 0.367999
  10.2527
  14.2176
  0.47015
  15.6807
  14.9167
   2.0465
  4.42824
  18.9114
  14.7913
  3.42948
  10.5921
  7.51643
  6.49651