   13.7948
   13.5992
   11.7632
   12.4974
   2.03369
   63.3122
   1.74463
   3.28967
   2.44509
   0.97992
    1.9053
   3.99058
   7.01258
    5.2457
   3.35853
  0.563799
  0.340139
   18.2092
   8.84558
   8.32836
   11.6204
    8.3836
   7.60931
   8.57542
    5.3218
   6.62433
   6.22546
   5.29987
   5.54315
  0.866546
  0.228498
   2.07731
   3.39818
  0.592557
   1.19862
  0.550946
   1.71467
  0.513869
  0.328313
0.00334214
   53.1629
   53.3365
   8.08965
   4.94592
   3.06645
   3.52042
   3.27937
   4.76605
  0.836372
  0.841655
   6.36852
   6.17974
   2.77691
   2.48671
     1.965
   1.63165
  0.545697
   1.61765
   1.38904
   2.96352
   2.51782
   2.40858
  0.600329
  0.374907
   18.8412
   7.76517
   8.30459
   10.5746
   4.43445
   3.75075
    1.1743
  0.503585
  0.400521
  0.670827
 0.0385152
  0.501578
   1.47514
   2.51713
    1.7877
   2.39287
   2.41552
   5.52814
   4.99647
   3.81359
     3.189
   1.33116
   2.00805
  0.425863
   7.21442
   3.95917
   1.71525
   2.11392
   3.61402
   4.02158
   3.80786
    4.1252
   10.4807
   10.4012
   4.52415
   4.73495
    3.1698
   3.05589
   3.61352
   3.97159
   3.01262
   3.01539
   1.17918
  0.576313
   3.35336
   3.55961
   63.1226
   2.26972
   3.94502
   4.00875
   5.74348
   5.14637
   3.92386
   9.37242
   11.0998
    11.753
   8.74556
   1.62997
   2.79982
   2.59183
    5.1507
   5.64081
   3.70038
   62.5214
   4.40467
   5.08635
   4.60253
  0.425883
  0.108117
   59.7806
   59.9343
   7.87002
   2.52644
   3.10996
     3.903
   1.10747
   47.9928
   2.82642
  0.870077
  0.666801
   2.53152
   2.41491
   2.82964
   3.68457
   4.62591
   5.60062
   4.97221
   4.57119
   2.87734
   4.28004
   2.58291
   4.07614
   2.81845
    3.7981
   3.71694
   4.55293
   5.64289
   6.98319
   6.67233
   3.35288
   3.46742
    6.0871
   2.48717
   2.17224
   5.03603
   5.27424
   3.48059
   1.89029
  0.355514
  0.113172
   3.30755
   1.42445
  0.760143
 0.0506971
   1.43984
   3.12277
   2.32297
   2.00274
   1.96375
   1.45123
  0.935515
   3.01884
   3.52778
   3.58711
   1.65434
   7.94109
   5.54712
   7.73079
   5.68849
   5.88283
    10.599
   13.8178
   13.5131
   2.11341
  0.516506
   3.40861
   7.09794
   3.79042
   3.14033
   4.78925
  0.898946
   1.09465
  0.278011
   3.20959
   3.74896
   12.9527
   12.4966
    6.5734
  0.608807
   0.27348
   1.31459
   3.38651
  0.224266
   3.57444
   2.84305
   3.64236
   4.09037
    63.354
   10.3513
   8.62118
   14.1311
   10.2072
   8.96163
    5.5519
   62.7215
   1.28547
  0.773782
   0.86313
    1.8025
  0.215655
   4.69418
  0.435446
  0.880564
  0.715255
   1.21187
   5.81105
    4.3558
   5.63774
   7.91398
   4.48131
   3.15874
   4.50007
   3.48411
   1.11421
   1.85957
   10.5328
   10.3021
    7.8717
   12.3133
   10.2839
   11.4512
   18.3481
   10.2733
   3.93905
   6.96612
   11.7157
    17.866
  0.526804
  0.747547
   62.9615
   63.3566
   6.36694
    10.068
   3.32277
    3.7695
   4.02478
   3.44352
   14.0684
   14.3348
   2.27001
   2.83911
   11.9882
   12.1036
  0.529838
  0.298654
 0.0537788
   62.1801
   3.62185
  0.324053
  0.609924
   9.29583
    12.861
   8.83128
   8.16479
   8.72505
    2.5396
   4.23675
   4.57386
   4.65037
   3.11252
   13.1986
   3.93743
   4.77572
   5.14332
   4.54312
  0.542097
  0.100599
   2.73243
   3.24529
  0.235948
   6.41996
  0.682068
   1.45333
   6.70778
   3.51596
   3.45123
   2.90068
   10.3824
   2.37956
   4.04403
   4.28459
   3.66952
   1.36294
 0.0796288
    2.3044
   2.28566
   63.1525
  0.993221
   12.1265
    13.219
   8.34238
   4.21743
  0.947987
   7.00142
    3.8123
   1.08265
   4.12142
   9.83451
   3.46668
   3.15332
   6.89081
   3.60683
  0.392398
    1.2777
   3.82799
    1.4733
   8.36472
   13.3745
   5.11745
   13.0353
   4.34354
   7.53091
   8.18648
   4.32184
  0.147366
   10.3267
   5.31408
   1.15785
   3.49548
   13.2957
   5.86068
   12.5945
   1.43925
   21.6185
   61.4036
   11.9848
   1.95724
  0.912838
 0.0904532
   15.9328
   13.2574
   1.90322
   61.8142
   12.2425
    6.5336
   10.0009
   3.64254
   9.27795
   3.57736
   6.35339
   15.4408
   46.5907
   1.73327
    10.384
   71.2402
   12.2893
   24.9275
   11.8021
   6.68125
   10.0958
   13.8862
   10.2882
   11.6229
   7.64641
    8.2374
   6.94766
   4.43225
   2.68297
   47.4712
   1.64902
   5.13778
   13.6714
   9.90228
   3.24416
   6.65736
   2.50611
   4.12363
    10.973
   17.2918
   20.2184
   5.24604
   8.35623
   11.5822
   24.1673
   8.15225
   4.12857
   9.36035
    4.3519
    7.8859
   9.54749
  0.774243
   13.3215
   1.14406
   4.32457
   3.82924
   4.72949
   58.1538
    3.8098
   3.05917
   6.07428
   6.80642
   3.81963
   25.8309
   10.4741
   3.78859
   1.70696
   1.98715
   3.80026
   59.3669
   12.1477
   7.26555
   7.43964
   60.5628
    12.123
   13.3282
   13.0809
     5.793
   13.9986
   4.35891
   9.45983
   9.41604
   7.30847
   2.06155
   11.5519
   12.3273
   13.6207
   12.2758
   13.0353
   9.45191
  0.306809
  0.611427
   3.01617
   1.60705
   1.45451
   3.00575
   3.24112
   10.3352
   7.26673
   0.67553
   11.9303
   5.99992
   5.28517
   5.60968
   1.34297
   12.7589
    12.976
   7.94276
   71.3907
   67.4202
  0.156681
   2.65659
   1.91659
   5.11896
   9.82396
   1.44023
   2.80598
   8.30824
   6.19918
   1.00124
   2.03181
   5.55702
   11.6479
   3.19746
    6.5288
   60.8698
    2.5116
   11.1902
   11.0077
   11.3956
   9.18818
   12.9459
   12.2373
   60.8396
   12.6047
   4.92766
   4.50284
   2.81365
   2.94707
   9.91344
   10.9584
   13.0622
   10.5058
   12.3917
   2.92136
   11.5107
   10.6981
   7.85804
  0.191414
   13.7764
   12.2726
    5.7436
   7.70394
   60.8341
    9.8097
   11.2889
   8.01182
   5.03698
   4.76359
   3.45645
   6.07184
   2.76616
   9.03483
   10.9405
   6.05291
   61.7061
   12.9936
   23.5489
   3.92915
    3.8848
   2.71565
   4.73763
   16.3344
   12.6281
   12.8913
    59.448
   12.0621
   11.1536
   8.48845
   60.4816
   60.5897
   6.12485
   60.2903
   2.51971
   8.29004
    13.011
   9.82388
    14.225
   3.26332
   61.1711
   2.68079
   7.59546
   10.9584
   3.49447
   6.95898
   3.99819
   1.54957
   1.81843
   12.9213
   9.34243
   8.81495
   61.7315
   3.31624
   5.53696
   2.68571
    8.2535
   1.67004
   4.41566
   3.83712
   15.7467
   61.0911
   61.0067
   12.5741
   9.00384
   13.6206
   2.96833
   11.2463
   61.8188
    2.4298
   5.17054
   62.4697
  0.309661
   10.8221
   12.1414
   3.89598
   2.84254
   60.9451
   9.71807
   2.60896
   0.91851
   13.7729
   5.66827
   10.5217
   2.89698
   12.3692
   6.62735
   3.13489
   12.3669
   1.72638
   7.78816
   6.64886
   9.44225
   7.60211
   3.18518
   3.55973
   4.21631
  0.599714
   4.90131
   7.95028
    11.532
   1.07864
  0.841849
   4.17459
   6.56814
   10.0496
   12.4852
   5.52077
   10.1141
   11.2566
    10.036
   10.3811
    3.7887
   2.80096
   5.43589
   1.52869
   4.38536
   3.41932
   3.70905
   5.42646
   3.39951
   8.92986
   60.7757
  0.893413
   11.2169
   5.80409
   4.18099
   3.26294
   6.07822
   15.5997
    1.2724
    5.8161
   3.59442
  0.368482
   3.64233
   13.7758
   2.68458
   2.67661
  0.544202
   4.43599
   4.10632
    13.612
    9.5036
   15.5424
   4.58291
   2.48591
   2.07716
   59.5904
   60.1261
  0.820004
   1.56831
   4.14022
   5.03138
   4.38723
   2.60428
   1.32694
   4.71314
   6.80222
   5.14163
   2.61006
   8.74838
   11.1153
   1.84357
   5.76783
   12.6575
   12.5725
   60.0408
   9.64035
   3.73653
   1.76219
   2.92022
   2.33927
   2.28028
   6.13381
   6.00797
   13.2233
   13.4996
   12.1694
   13.9232
   9.74133
   12.1015
   12.5905
   13.8809
   64.9541
   2.89753
   8.83059
   3.54133
   2.99937
   1.33149
   3.39761
   3.62736
   4.87191
   13.2736
   4.73306
   4.94353
   6.61036
   12.5652
   12.4522
   14.9322
   61.9044
   2.85199
   2.53538
   2.30794
   1.73744
    4.8919
   8.26587
   6.34736
   5.37277
   8.98195
   13.4864
     12.71
   8.51085
    61.167
   8.58561
    4.8998
   5.39986
   3.06756
   6.96431
   4.66907
   6.61302
   12.6024
   12.5815
   4.12836
   13.8998
   3.29407
   1.38211
   1.87386
     3.318
   6.05192
   13.5931
   3.78924
   2.70493
   4.40926
   2.79393
   5.82847
   2.24482
   3.12001
   2.63279
   3.06632
   4.83675
   4.56854
   3.38468
   3.25381
   12.9224
   11.0888
   2.64664
   2.06168
   10.9335
   13.4413
   2.24345
    3.9833
   11.2158
   1.64535
   23.8392
   10.7835
    5.6941
   14.2349
    14.269
   11.2202
   10.2234
   11.3393
   2.87469
   2.50482
   12.8292
  0.635087
   51.6562
   9.37912
   12.4203
   7.44096
   10.9261
   10.8839
   6.58046
    3.7339
   5.56405
   8.15803
    10.615
  0.978218
   8.37907
   10.5949
   11.2593
   1.32958
  0.900619
   4.70439
   2.96616
   11.1237
   9.98787
  0.825728
   13.4337
   13.2085
   4.74539
   14.3765
   5.90732
   13.2183
   8.19876
   2.96208
   8.02011
   7.86814
  0.762066
   4.53926
   8.19936
   51.5971
   12.6452
   13.1396
   60.8508
   60.8484
   11.3477
   13.2919
   3.25154
   2.12406
   3.31279
   1.93018
   2.61169
   4.32358
   6.24745
   2.31337
    10.616
   9.54511
   6.49926
  0.249815
    1.1546
   1.82637
   3.72959
   6.42543
   11.5816
   6.20376
   6.51479
   2.45297
   6.16405
   10.5769
    12.322
   4.44819
   9.39651
   11.9619
   13.0549
   10.0226
   10.6868
   9.41575
   14.4528
   15.5803
   11.7063
   13.0007
    11.912
   10.3486
  0.131477
   10.0103
   7.20331
   7.13444
   9.21598
   8.74712
   14.1506
   5.10498
   3.32607
   1.72712
   4.65794
   12.8974
   13.5091
   9.71002
   11.6881
   0.18501
   9.49502
   13.6459
   11.8424
   1.33431
   3.29452
   2.78951
   11.8438
   10.8554
   11.2687
   10.0592
   16.3171
   13.3397
   11.9255
   12.3326
   10.3802
   1.62442
   3.22103
   12.1235