66.2732
25.2915
38.8762
47.1576
 57.474
43.9281
73.1806
56.7468
 50.478
30.6568
30.6568
36.9939
36.9939
61.9876
60.8337
53.6951
 61.041
20.9203
49.5437
55.7576
72.1599
77.0816
49.8825
49.2935
49.9392
49.9408
48.3546
 83.719
64.4571
21.8629
49.2836
54.6746
31.6148
49.9431
27.7948
47.5078
44.8992
16.1949
25.5708
29.1472
28.2916
78.4075
65.7372
43.4977
59.0036
58.9703
58.9712
 62.306
84.7006
53.4902
41.9916
63.2195
65.1309
49.9437
60.0275
49.9325
58.4706
64.8292
53.8043
59.2325
49.2095
25.7343
38.0556
39.5467
15.1026
37.0583
34.8224
 38.374
72.9429
51.4892
65.3704
65.8697
64.3528
65.4113
52.6736
64.4296
41.2017
24.8095
41.1724
33.9603
27.5795
53.0135
52.0462
 83.719
 42.114
53.9959
31.5702
36.2294
55.3625
29.2215
68.8911
62.4143
59.8644
64.2864
49.7764
48.2945
54.3911
  58.93
36.3623
54.3562
36.3968
36.6352
44.7863
 38.061
13.9035
49.6925
68.0994
29.8226
40.1623
42.6142
50.6691
62.1157
68.1008
59.2432
55.3154
 21.219
18.5543