  1.49126
   30.465
  12.3236
  7.42736
  14.6899
  11.6801
  15.6734
  3.80334
  6.22462
 0.298351
  3.42013
 0.251276
  2.94598
  1.78421
  3.70969
  25.3297
  25.7944
   22.862
  27.4969
  18.4857
  17.7927
  17.5484
  17.2442
  18.0187
  13.6716
  15.0597
  7.43141
  6.24089
  1.34422
 0.748162
 0.502921
  1.10876
 0.613602
 0.428797
 0.725032
  7.87839
  7.98104
  4.28404
  5.39542
  1.41216
  1.80921
  3.35149
  3.03029
  6.18332
  4.59483
  5.08348
  4.29902
  2.47444
  1.57223
  2.73461
  2.47077
  3.77724
  1.37493
  3.42267
  2.56317
  1.55554
  1.04462
  2.20387
   4.5277
 0.559797
 0.359564
  1.58215
  12.3805
  13.8794
  3.94482
  3.12688
  4.95087
  4.37768
  3.51073
  1.18017
0.0326337
 0.521145
  1.49168
  2.18518
  2.53358
  2.75514
  2.31618
   3.4437
  3.54711
  2.62809
 0.729669
  2.53324
  14.9693
  15.2045
  6.45749
  7.07351
   1.5446
  5.18719
  6.47947
   6.4608
  2.48754
  1.91421
 0.230414
  1.54942
  1.36196
  1.16515
  6.78289
  4.31228
  13.0914
  13.1511
  12.3592
  15.2575
  15.7386
  9.04836
  11.0376
  17.3012
  18.5793
  13.9268
  19.1075
  14.1696
  9.53205
  8.58744
  6.80238
  18.0956
  15.3472
  17.3395
  19.1365
  12.0194
  12.6247
  16.0625
   16.645
  16.6141
  14.9656
  14.1152
  11.1525
   10.058
  10.2633
  4.04255
  2.56894
  3.03562
  3.43363
  4.12783
 0.928605
 0.358577
  2.88773
   4.3306
  6.26755
   1.1897
  5.48519
  4.22531
  5.67756
  4.11643
  2.59505
  5.01053
  5.74524
  3.23395
  5.03131
  6.03825
  6.27826
  5.92613
  5.25206
  2.50649
 0.213494
  1.35997
  1.95033
  1.60934
  1.35682
 0.446056
  6.08416
  3.33179
  5.39743
  2.95509
 0.759918
  2.16181
  2.29878
  2.20855
  1.20843
  4.16324
 0.425376
  7.02482
  7.08596
 0.752021
  3.99523
  2.54212
  14.2607
  1.45858
  1.57552
  5.45787
  7.16607
   15.698
  5.17179
  7.20647
  3.39356
  3.68759
  4.56521
  4.14478
  6.82439
  16.0081
  17.0299
  14.3728
  12.7958
  12.9308
  13.7855
  17.4344
  14.2645
  7.94382
  6.55699
  14.0307
  16.1064
  18.4307
  7.60228
  10.7046
  6.58819
  4.67212
  3.98248
  11.7388
  14.9066
  16.0681
  19.0073
  3.91911
  3.36083
  8.17309
  11.9223
  11.7729
  8.59849
  5.85456
 0.227384
  6.12093
  3.10422
  16.3738
 0.873617
   3.4776
 0.244771
  4.67465
    1.043
  5.40186
   9.9804
  28.0713
  0.22839
  0.49313
  6.23003
  8.25487
  7.65212
 0.284617
 0.748334
  13.2788
  9.39477
  10.5731
  4.00258
  3.84314
  1.78254
 0.228249
 0.324569
  3.18558
  16.8531
  17.1539
  14.5685
  15.4203
  16.2815
  11.2234
  6.58144
  6.70013
  10.9836
   26.822
  14.6734
  4.70284
  13.1167
  17.2516
  17.3651
  16.7838
  16.7047
  10.1958
  14.5233
  1.52573
  3.12607
  4.79916
  5.70116
  1.99806
  3.47856
  14.2201
  4.16266
 0.457192
  1.07601
  7.27189
  17.5313
  2.99537
  5.51647
  7.50348
  19.4092
   4.4997
 0.462315
 0.789128
  3.46473
  7.43442
  12.3156
  8.26147
  18.4703
  23.7094
  17.6887
  16.0681
  4.56529
  10.8082
  7.97685
 0.854103
  2.38428
  13.5798
  13.4546
  1.69825
 0.759864
  3.82099
  3.95394
   17.387
  16.6654
  5.62386
  6.22678
  3.84497
  4.64493
  6.51735
  21.0338
  4.93769
   3.9054
  24.7551
   1.7171
  11.6544
  14.3445
  5.62505
   19.862
 0.955212
  26.4733
  27.0438
  15.3759
  32.1053
  16.4184
  14.0212
  27.8771
    25.57
  15.3646
  24.7464
  19.1804
  17.5432
  6.01512
  14.4775
  12.6102
  6.71934
0.0595794
  20.1213
  29.7115
  24.8723
  13.9085
  7.81642
  18.6205
  11.1521
  9.92579
   19.249
  27.4087
  20.2558
  26.5376
  28.1294
  29.1411
  24.7885
  17.5532
   11.861
  27.3879
  24.7744
  19.2918
 0.671808
  4.14187
  26.8049
  16.2749
  8.16464
  13.7481
  10.0088
   7.8179
   30.824
  30.1583
  29.1938
  27.2346
  16.5039
  14.5655
  18.5765
  19.0041