  9.52575
   4.9173
  13.7946
  6.31097
  18.1017
    16.76
  9.31658
  24.0757
  1.40565
  15.1601
  9.79278
  6.68052
  15.2492
  22.6854
  24.2766
  11.1351
  41.4303
  5.18506
  21.1312
   43.855
  12.2972
  17.4944
  26.6487
  9.02296
  10.5321
  49.7218
  8.87354
  3.79459
  12.6668
  11.1339
  4.06484
  4.96988
  19.3394
  2.37025
  3.86173
  15.5849
  10.7207
  34.9035
  32.3225
   1.7512
  16.0078
  9.62541
  15.2682
  22.3078
  20.3732
  9.16912
  11.1834
  5.12688
  15.7826
  1.85101
  7.84527
  8.66588
  9.23951
   8.4431
  11.7926
  2.63447
  10.7529
  23.1844
  9.89327
  20.4959
  1.48343
  4.46628
 0.451784
  18.7703
  15.7685
  6.15064
  16.3301
  11.8583
  11.5608
  18.5046
  4.82342
  21.8438
  8.54898
  30.2075
  23.1966
  29.6395
  6.42726
  2.47516
  10.4303
  20.8863
  3.23696
  10.3767
  5.54445
  11.0181
  7.62224
  4.70677
  1.19535
  16.3314
  11.1554
   10.431
  4.20003
  19.4817
  13.6416
  1.46501
   12.666
  20.2109
  9.04945
  19.3901
  2.33748
  2.82066
  16.9763
   19.533
    8.627
  17.6538
   23.384
 0.177982
  14.4934
   16.129
  3.74095
  16.0274
  17.6653
  15.7275
  1.29726
   16.854
  16.5858
  7.79598
  11.3162
  4.47135
  13.8569
  5.46225
  20.6831
  43.2907
  6.77403
  22.6746
  7.79132
  11.0931
  3.80981
   13.106
  9.54337
   13.879
  41.7376
  30.5598
  3.07188
  3.50704
  6.45567
  8.71715
  19.5368
  11.3604
  3.08657
  4.65103
 0.247971
  11.3853
    1.642
  12.6562
  63.3736
  12.3218
  9.66636
  5.85265
  3.46605
  5.36399
  12.3995
  19.4025
  5.66252
  6.35895
  15.7976
  16.0991
   6.6442
  10.4442
  8.07498
  7.08166
  9.63645
   13.956
  2.36011
  3.44414
   5.0376
  7.61496
    14.28
    20.95
  17.8498
  8.89699
  9.67141
   47.692
  73.4424
  14.8983
  6.06148
  6.35117
  10.2717
  3.07015
  5.75144
  18.1484
  2.45437
  9.12793
  4.89777
 0.323697
  18.7754
  5.09888
  17.9424
  9.88856
  13.3889
  5.93982
  22.7404
  3.80045
  4.11385
  7.06876
  7.57488
   18.818
  16.4279
  9.12767
  2.34828
  2.56314
  6.75567
  8.84486
  1.19075
  12.7881
  14.2623
  5.32169
  29.5107
  5.31943
  2.04225
  9.62941
  14.1889
0.0849587
  13.7806
  15.4133
  11.4182
  10.6749
  22.1992
  7.35605
  5.43834
  20.1353
  9.44837
  7.53397
  9.90493
    13.44
  10.6679
  25.1615
  4.63989
  15.5571
  8.27401
  1.23422
  78.4838
  28.2335
  14.0776
  8.21918
  2.22325
  93.4914
  115.168
  6.56192
 0.215773
 0.783165
  3.43004
  23.6654
  2.90484
  6.95207
  10.1684
  1.71232
  10.7965
  11.3701
  102.734
  73.2172
  16.3406
  2.21818
 0.815647
  15.3063
  14.6694
  77.4905
  21.7467
  42.4851
   2.2173
  16.9193
  19.3514
  8.55333
   5.9677
  92.1499
  75.7066
  88.1047
  8.38271
  36.9423
  11.0082
  12.8512
  19.3015
  5.58085
  15.7341
  4.27934
  72.2175
  29.0772
  22.1676
  4.34076
  7.52227
  7.68412
  4.43241
  17.6353
  3.79459
  15.7608
  14.0071
  75.5484
  35.4528
  6.53973
  18.8415
  9.70409
  40.5733
  34.5934
  1.84278
  3.91853
  19.2077
  10.5598
  97.0546
  12.3278
  60.4147
  2.86861
  9.85737
  0.92421
  3.41646
  23.6829
  3.05922
  2.00101
  100.595
  15.2088
   2.0141
  14.2953
  13.3932
  28.8147
  9.60127
  5.30572
  8.86611
  2.68917
  4.48187
  10.1723
  2.61339
  79.0216
  5.90138
  71.5852
  34.3122
   17.118
  27.5504
  4.55635
  8.86611
  16.6695
  13.3559
    8.911
   11.513
  8.55636
  3.73297
  20.9277
  7.50448
  15.4946
  29.6359
  42.8543
  102.765
  69.7658
  110.037
  124.131
  46.0668
  28.1546
  5.00524
  43.5694
  9.95154
  22.9122
  26.7058
  49.3246
  79.4313
   7.8717
  26.1101
  8.86321
  5.76076
   15.046
  6.79613
  27.6617
  17.8551
  3.63942
  69.4876
  1.32833
  22.8368
  18.0711
  17.3732
  4.22656
   97.096
  19.4659
   106.76
  119.866
  5.34343
  33.5628
  7.59593
  118.369
  34.9267
   4.8001
  30.7477
  36.4493
  22.8507
  19.4921
  68.8602
  71.5585
  40.4792
  21.6634
  5.40355
  18.6686
    115.8
  2.56003
   21.571
  50.1898
  41.7503
  53.1733
   3.7539
   28.328
  69.1435
  5.76417
  12.9032
  67.3864
  4.87983
  17.4329
  13.8533
  4.27749
  38.8075
  15.4712
  20.0711
0.0882499
  9.87998
  5.55191
  24.5655
  39.8107
  45.9659
  90.8504
  113.083
  81.8017
  10.7908
  21.9807
   14.878
  24.8348
  6.27478
  21.3739
  3.75792
  15.2585
  20.0378
  61.9893
  5.48325
  20.4269
  13.8522
  31.2969
  81.7834
  106.559
  65.7212
  40.5698
  62.6048
  68.5107
  11.5466
  98.2682
  103.448
  85.5398
  27.1862
  106.544
  59.5574
   30.266
  57.5739
  92.0867
  6.26387
  52.2851
  30.4604
  67.3799
  90.6705
  52.8681
  8.27725
  78.6263
  28.9844
  49.9089
  107.138
  116.997
  110.711
  105.057
  48.2607
  51.3017
  118.825
  102.879
  36.9257
 0.995875
  57.9692
  18.4632
 0.705967
  50.3757
  24.2878
  90.8856
  27.2177
  102.759
  66.5382
  1.73717
  11.2714
  120.525
  112.584
  59.2578
  84.7024
  111.122
  2.53597
  25.3712
   47.137
  96.2487
   61.283
  70.1269
  64.7571
  36.6278
  10.0686
  12.9548
   98.975
  43.5029
  30.8702
  16.8058
  105.122
    68.22
  17.5934
  103.553
  16.1008
  96.1697
  94.9926
  23.8203
  49.2123
  94.0618
  115.825
   98.352
  92.4719
  29.4517
  102.383
  119.752
  115.999
  101.908
  110.741
  117.172
  105.361
  98.3739
  90.7073
  7.77388
  49.0598
  32.7899
  62.9067
  22.9532
  55.3399
  32.5601
  5.86611
  38.7728
  21.1151
   94.581
  71.4708
  105.761
  37.3981
  73.0645
  18.7714
  12.7867
  33.4164
  73.7178