  10.2358
  19.8184
  15.5081
   4.7495
  26.4872
  25.3489
  36.2327
  34.8098
 0.244241
  11.4371
  2.78781
   27.496
  13.8246
  25.7891
  17.4806
  26.7316
  32.0379
  25.0638
 0.949815
  34.3479
  33.5552
  6.05959
  2.44896
  16.4462
  15.5046
  29.7138
  23.0594
  2.30887
  23.5955
  4.22799
  22.0491
  7.80742
  25.0322
  10.4958
  26.1144
  39.0799
  15.5046
  1.50222
  5.53685
  24.4993
  4.18456
  1.13986
  2.24067
  20.6943
0.0769645
  14.6346
  19.2042
  23.0246
   29.348
  28.9153
  21.2492
  23.5598
  11.9195
  10.6519
  9.76423
  9.44881
  25.3392
  0.31464
  5.94569
  15.9276
    7.147
  31.8923
  21.9695
   4.9521
  10.7158
  5.18705
  9.92126
  3.66979
  8.25256
  14.9955
  8.98348
  20.5998
  23.2147
  20.6023
  11.9565
  21.5272
  2.81903
  23.7103
  14.3684
  1.90218
  21.9722
   6.9129
  7.02453
  1.19839
  8.20401
  4.80664
  7.06397
  32.0448
  34.8674
  19.8018
  5.78137
  17.8592
  11.5213
  12.0714
  16.3994
  12.7004
  34.8942
 0.149174
  6.40194
  3.06709
  14.5787
  8.36513
  8.97375
  13.5047
  7.55173
  4.54319
  22.7078
  1.46473
  13.4707
  2.60984
  11.7916
  21.3306
  5.45687
  27.1133
  17.4951
  5.90067
  4.65443
  5.30884
  6.98736
  22.2077
  1.66656
  3.07016
  17.0151
 0.344981
  4.96098
   1.8828
  8.62485
  2.88281
   4.7134
   4.3011
  15.1377
 0.622218
  37.1029
  21.4768
  6.03785
  22.4302
 0.979433
  6.70207
   9.9023
   9.1642
  14.5913
  22.9376
  4.28355
  3.58277
  2.61941
  9.97311
    21.41
  8.43937
  5.37077
  8.96544
  27.0407
  5.66277
  8.89006
  32.0254
  24.3904
  14.4224
  1.25142
   17.221
  6.61262
  5.39642
  10.9453
  11.7728
  9.00073
 0.323326
  5.43222
 0.996106
   32.221
  6.28778
  7.55109
  8.34804
  5.58641
  36.2438
  20.8448
  10.0401
  8.97686
  11.0766
  5.57245
  16.4678
  13.5034
  20.2502
   2.7056
   8.3425
  21.7519
    23.27
  1.86763
  1.67107
   13.711
  16.4635
  2.80968
  6.63064
  1.01546
  15.0525
  12.0299
 0.761742
  7.48405
  3.67861
  19.6824
  5.06821
  2.55806
  15.7351
  22.6361
  21.8771
  5.56135
  3.56925
  5.42807
  10.9841
  1.87985
  5.08255
 0.606519
    28.05
  22.1146
  14.3808
  8.24628
  16.0808
  5.46381
  2.32207
  6.09365
  14.2403
  1.84146
  2.33689
  3.81032
  19.8449
  24.4339
  9.38713
  13.9106
  12.5677
  7.68199
  14.7182
  22.7489
  11.1587
  8.37928
  12.0939
  21.9703
  17.9444
  6.83393
  5.78368
  15.4237
  15.7112
  1.32462
  4.76463
  8.57168
  22.8768
  18.4587
  5.13242
  4.37058
  21.9883
  22.6183
  11.1938
  3.46875
  8.70718
  10.0765
  17.5384
  4.30787
  21.6058
  30.1683
  7.81163
  2.53898
  6.77924
  22.3297
   4.7934
  2.03716
  5.80775
  23.5372
  1.29749
  7.42362
  14.9055
  8.28254
  21.0244
  4.69429
  21.0696
  9.63775
  14.0468
  25.0982
  20.1522
  19.8894
  4.05877
  6.60307
  15.7763
  11.9853
  32.5274
  3.14348
  8.08378
  13.6664
  23.8718
  9.24665
  12.6793
  3.62341
  12.0948
  2.30991
 0.671504
  2.12045
  3.39112
  12.9298
  7.25375
  21.3446
  7.49361
  15.1642
  18.6111
  22.6096
  6.97301
  14.9187
  15.1204
  6.54893
  17.9819
  12.9129
  22.9878
  4.72557
  6.20801
  9.03743
  5.94567
  19.9634
  13.0928
  14.0287
   7.6041
  14.8253
  13.1785
  2.78723
  5.18421
    2.262
  20.4721
   23.742
  8.76626
  7.69518
  5.12163
  12.3867
  9.62702
  7.92044
  2.99408
  2.54447
   1.0602
  6.00051
  2.41353
 0.276384
  7.33493
  23.1815
  13.0842
   9.7796
  10.5254
  1.53807
  1.43145
  8.08106
  7.96953
  14.5785
  21.2754
  7.12292
  12.2348
  22.1123
  4.79066
  5.44414
  6.22141
  43.7283
  22.7524
   25.453
  22.4884
   6.4377
  23.8973
  15.7029
  3.06965
  16.8582
  7.37739
  21.1982
  14.7509
  5.50943
  1.67993
  17.4103
 0.788081
  22.9227
   15.668
  4.88549
  21.8076
  8.29389
  19.5988
  2.99749
  2.56708
  6.62855
  5.76645
  5.07831
  5.08537
  7.11303
  8.59419
  11.2174
  19.6378
  26.0454
  20.6967
  5.60892
  1.48706
  8.60677
   5.9114
  14.5351
   6.8711
  29.7681
  9.15464
  1.75694
  17.8014
   20.839
  21.3819
  14.4876
  30.7519
 0.639357
  6.14672
 0.747141
  11.7452
  8.56102
  19.5339
   34.387
  3.06051
  13.9643
  22.1024
  2.92851
  36.4343
  1.48825
  21.7733
  11.5698
  9.72042
  17.5147
  2.92519
  19.8683
   9.1964
  19.3078
  11.2493
  10.4182
  10.9297
  15.0624
  19.6692
  6.40355
  14.1469
  3.80051
  24.4503
  8.44775
  3.91685
    7.381
  5.78021
  28.6571
  18.1645
  3.64236
  3.14654
  8.92163
  16.3765
   12.592
   6.9702
  1.70807
 0.472767
  5.04866
  16.9014
  21.8077
  23.4897
  22.4523
  22.6546
  10.3154
  26.4833
  8.17873
  18.6328
  36.2592
  3.17379
 0.516285
  14.0153
  6.52318
 0.161417
  5.37409
  20.0358
  10.8997
  8.50091
  15.9392
  2.34646
   21.365
  27.2092
  21.9196
  36.3073
  14.5245
  15.1259
  18.8849
  30.0162
  23.0041
  33.8488
  9.99386
  25.0834
  6.47534
  32.0318
  33.4462
  33.3199
  19.6789
   26.424
  32.7739
  14.4057
  4.50547
  28.0056
  2.72925
  3.76421
  1.27584
  23.7017
  26.3983
  13.1727
  22.3315
  13.2144
  25.5129
   15.961
  14.2386
  5.31661
  14.9786
  36.6258
  2.87161
  4.83209
  14.0237
  10.9937
   21.328
  1.90098
  13.2348
  11.0184
  11.8207
  30.4889
  4.72695
 0.386561
 0.400854
  19.7326
  13.2915
  14.7698
  2.87161
  10.2887
  4.44435
  3.23795
  20.0872
  23.1985
  29.7407
  11.7272
  25.0241
  8.60473
  29.6659
  5.54317
  1.87613
  4.86039
  3.78655
  8.13924
  10.8955
  5.73057
  1.71251
   34.336
   18.891
  16.1529
  8.91956
  9.80715
  5.42742
  13.2018
 0.566074
  18.2048
  12.2385
  2.97115
  17.8019
  7.48463
  2.33247
  10.8972
  32.4459
  11.8151
  19.7321
  9.92699
  3.38258
  11.0792
  22.0088
  18.4433
  30.0666
  21.1597
  4.95888
  2.61508
  24.6692
  17.0418
  10.6285
  13.0788
  6.33824
  10.0112
  8.63155
  2.30233
  20.3547
  7.36651
  6.50048
  3.38541
  34.8474
  7.83946
  21.2498
  7.27873
  4.94715
  12.5534
  21.0685
  12.4678
  9.47899
  8.19951
  24.5107
  6.47892
  36.6736
  36.7396
  27.5051
  7.94184
  12.7271
  5.93352
  2.94831
  6.79305
  7.88881
  15.6561
  3.51448
  21.9831
  8.13186
  9.31926
  3.15221
   15.716
  3.32862
  1.70031
  1.00938
  9.16534
  11.0446
   18.729
  4.27866
   1.9675
  16.6516
  33.0846
  16.5412
  27.7062
  16.3072
  28.5506
  13.2885
  20.9609
  6.58346
  10.4152
  14.6794
  16.2673
  28.7959
  3.95453
  2.72433
  6.86423
  1.43113
  13.3047
  17.6806
  6.50149
  5.65017
   6.0651
  2.87362
  3.44834
  4.64712
  4.44639
  1.80151
  19.7871
  4.31997
  33.0921
  14.7824
  4.17556
  28.3796
  7.27716
  27.7208
  28.4104
  13.2762
  6.95547
  10.3729
  31.2658
  19.8448
  30.8442
  19.5361
  19.8202
  5.21755
  16.6226
  7.62792
  1.51234
    10.09
  12.6797
  6.14735
   5.2347
  2.07614
  6.20167
  24.8227
  9.40843
  18.1628
  10.8083
  7.03502
  18.5328
     13.7
  2.15303
  36.3897
  51.3931
  31.6416
0.0714945
  28.5189
  10.4352
  33.8837
  38.2022
  27.0035
  12.5481
  3.11561
  31.5063
  30.6165
  8.27182
 0.465427
  35.1537
  44.1396
 0.596185
  11.3989
  10.3742
  2.41631
  4.33438
  11.3061
 0.646387
  8.32889
  8.78774
  14.8829
  27.8015
  10.0728
  9.22886
  12.7595
  13.8102
  17.1843
   22.992
  14.6434
  27.0078
  30.3241
  17.9424
  21.2879
  28.2494
  2.22526
  10.6769
  10.9794
   6.1293
  30.1219
  18.5864
  9.78019
   11.805
  6.58448
  18.3169
   3.2499
  11.5929
    7.045
  14.2373
  18.3299
  33.0209
  6.41945
  12.0454
  5.21206
  23.6328
  11.1119
 0.940209
  7.27149
  12.2394
  1.81406
  13.4791
  19.8232
   30.837
  33.4206
  10.8268
  14.4288
  32.9448
  15.9914
  24.9143
  32.0766
   26.767
  13.9345
  33.7291
  15.7517
  3.06916
  14.0396
  18.3294
  20.5209
  28.6268
  48.3027
  20.9033
  27.6342
  22.8645
  22.1549
  15.9921
  27.1093
  16.6319
  4.13846
  9.96283
  22.8301
  11.8572
  20.1467
  32.8344
  36.6898
  29.4186
  30.8679
  22.7252
   36.207
   5.5286
  29.1029
  24.5324
  26.6998
  20.3288
  12.7934
  16.0687
  40.0338
  32.0584
  8.98127
  51.6701
  16.1985
  20.9067
  19.6021
  23.9518
  19.7832
   27.552
  18.0077
  17.5919
  11.1049
  4.14325
  51.0701
  36.7852
  40.3853
  22.0175
  35.0376
  38.7308
  14.7983
  38.9295
  20.2604
  36.7796
  17.5508
  9.47306
   14.597
  27.1193
  13.3844
  24.7454
  34.9794
  22.1097
  24.0326
  39.5234
  23.9603
  5.86696
  26.7209
    13.78
  24.3127
  19.3747
  20.9924
    8.792
  1.85965
  9.85999
  30.7189
  28.2839
  33.8175
  16.5158
  9.20422
  25.9292
  9.04958
  9.58934
  27.7327
  19.9126
  5.96389
  39.3006
  11.0116
   15.846
   9.2628
0.0145157
  1.29591
  16.0968
   13.451
   8.2456
  26.2185
  15.0916
  11.1369
  21.7667
  33.3041
  21.1023
  33.0376
  14.6207
  16.7589
  7.45753
  11.8141
  16.5777
  27.9802
  17.6161
  3.86747
   9.1948
  11.4741
  1.06173
  34.0128
  5.81385
   32.606
 0.852893
  9.95688
  7.41982
  14.0133
  15.4705
   9.7129
  52.8537
  35.0635
  17.8779
   8.1742
   8.9361
  9.56477
  20.8329
  3.70393
  7.16751
  11.5366
  8.92101
    15.68
   3.9375
  16.0065
  20.3033
   15.352
   9.0627
  9.26987