   17.5822
   3.42068
   18.7408
   4.71295
   14.6787
    21.681
   9.76138
   28.0194
   23.2335
   4.96863
   56.5027
   21.2398
   39.2587
   33.3823
   65.6803
   67.5193
   3.25973
   24.0349
   18.4098
    29.378
   4.67809
   37.5001
   23.0633
   17.9114
    60.433
   14.2168
   8.10797
   5.25955
   38.9952
   29.0786
   55.8261
    47.214
   42.2071
   47.9282
   23.0633
   31.4602
   30.8219
   54.1496
   21.8493
   12.5775
   13.5178
   3.58879
    22.261
    4.8413
   0.25983
   11.6419
   6.86821
   9.51044
   13.7839
   43.9025
  0.251003
   3.02638
   8.83328
    16.363
   6.91005
   16.8818
   9.67152
   12.9945
   5.26815
   9.15337
   5.25058
   3.83072
   27.6402
   33.7457
    12.691
   9.00604
   17.9045
   17.2071
   23.5222
   24.6342
   8.22345
   5.45334
   8.86013
   2.34007
   9.43819
   31.0442
   1.20622
   25.0939
   3.26008
   6.93423
   4.84628
   4.63794
    9.9048
   30.9341
   9.24593
   15.0939
     30.34
   27.6489
   6.98482
   17.6521
   28.6774
   26.0249
   18.6668
   6.52712
   22.8813
   11.2169
   52.7955
  0.479692
   14.8175
   11.4622
   11.2358
   11.9757
   6.67339
    10.686
   53.1059
    28.933
   15.6628
   55.6568
   6.16157
   41.8451
   30.8719
   12.7699
  0.115633
   2.19228
   5.57839
   10.0674
   9.49953
  0.644823
    21.306
    1.6383
    5.3033
   3.12087
   6.40264
   1.05859
   9.67547
   29.6509
   14.6074
   22.5126
   40.4714
   54.7232
   9.05384
   10.3193
   25.8321
   4.07098
   10.4644
   18.7743
   14.1761
   7.91018
   27.8817
   30.3075
   4.08641
   29.4761
   6.43952
   10.0082
   1.97725
   21.8317
   5.80887
   4.79912
   4.67884
   13.3791
   13.8216
   2.87545
   16.8637
   33.8953
   12.8239
   7.93125
   7.44424
   18.9935
   16.1331
    21.244
   7.63839
    6.3827
   42.2478
     1.769
   12.0661
   8.53945
   1.22257
   1.35384
   24.8866
   11.4313
   9.74037
   4.75882
   12.5791
   11.1176
   11.4569
   5.32677
    5.5187
   3.47318
   6.63075
    27.361
   3.35349
   6.26696
   4.01055
   19.6466
   1.91249
   1.52346
   12.0886
   14.5425
   28.3618
  0.876005
    6.2634
   13.0894
  0.225067
   9.00778
   5.64623
   32.4223
   14.2455
   7.75325
   4.72134
   11.3114
  0.301572
   13.5031
   1.18867
   16.6864
   22.4238
   10.0176
   6.11853
   9.36764
   14.4527
   64.9209
   13.1304
   13.9428
   12.6664
   1.62459
   3.66105
   8.59036
   13.3114
   25.5688
   39.8692
   28.4263
    6.0914
   11.3564
   15.0511
   32.8694
    1.8072
   10.0074
   11.4576
   15.3127
   14.3534
   1.53722
   8.06154
   9.98081
   12.5846
   5.80921
   18.9628
   6.64775
   9.41961
    25.928
   9.51454
   28.8288
   3.71903
   4.40336
   20.1133
   27.9172
   5.78454
   22.1099
   10.2366
   25.8359
   16.0198
   9.06922
   1.07027
   10.3015
   7.32425
   6.62172
   4.00793
   8.78322
   40.0927
   13.5761
   8.52141
   23.1942
   10.4621
   6.06798
   4.02383
   1.63456
   10.2582
    13.739
   7.20034
   36.8022
  0.432627
   7.28282
   2.00376
    23.498
  0.623346
   18.1638
   9.16233
   9.03938
   17.7301
   5.10007
   19.0919
  0.255354
   5.84935
   20.7317
  0.246363
   1.38442
   4.94941
   19.3026
   8.39129
   6.38476
   18.6225
   7.62888
   3.74969
   2.25502
   12.1758
    9.9869
   4.22151
    12.632
 0.0239179
   22.8055
   3.39847
   1.68639
   13.1734
   1.28043
    1.4422
   10.6946
   13.7253
   4.75146
   12.0992
   25.0879
   11.2649
   5.49126
   5.93061
   7.38532
   14.6575
   7.21632
   6.94464
   1.01202
   10.2489
   5.86223
   11.9413
   1.04497
   26.9228
   10.5372
   8.63641
   12.3693
   5.41315
   10.4138
   8.28503
   9.38962
    8.6264
   31.4983
   15.8333
   10.8152
   16.6793
   4.60207
    4.7894
   6.31004
   7.43443
  0.414069
  0.851284
   15.9264
   3.70973
   3.95519
   4.55527
   65.3912
   56.6816
   31.1271
    10.253
   3.87123
   2.18921
   32.3886
   11.8966
   4.56965
   12.1704
   8.55355
   12.0372
   5.74064
   10.4616
   34.0837
   7.17627
   10.1716
   12.7829
   6.80328
   8.32033
   9.20297
   22.7852
   7.43995
   1.02661
   5.57478
   4.88286
   9.01707
   4.85207
   5.96487
   6.35628
   10.7187
   12.1626
   6.52488
    5.8167
   30.9533
   19.9881
    12.166
   4.99823
   51.9253
   15.1706
   4.61709
   45.6072
   12.1402
   30.8758
   8.21619
   13.7236
   26.2267
   32.6955
   52.7879
    1.8957
  0.560199
   4.36144
   12.3515
   2.53955
   20.7033
   2.26047
   13.7508
   25.8447
   21.9433
   16.0711
   10.3379
   26.1354
   3.48282
   12.2248
   14.3934
   26.4221
   3.17185
   17.2306
   23.0954
   6.75737
   31.3776
   11.9831
   9.78769
   21.9543
   31.5762
   30.8418
   4.32421
   13.7465
   5.24641
   5.02104
   5.44798
   4.21492
   9.49008
   23.1546
   17.5971
   3.29927
   4.64937
   1.37655
   7.87459
   14.0298
   33.0465
   10.1852
   18.6566
   35.8914
   65.8756
    8.4728
   7.72586
   5.18902
   26.9933
   44.8167
   4.21682
   25.1608
   52.8741
   5.82366
   12.5901
   4.53228
   28.9522
   26.9149
   13.8622
   8.75834
   17.1775
   12.2053
    25.306
   63.1179
   19.8352
   9.21286
   6.30478
   19.8972
   6.38902
   16.9016
   3.04746
   39.8533
  0.245417
   53.4941
   29.7364
    42.097
   52.3483
   58.6568
   37.0126
   2.99997
   18.4365
   14.0262
   19.1136
   19.4581
   18.5709
   3.25616
   10.1191
      8.95
   14.7605
   14.3012
   1.91861
   51.2403
   18.1848
   1.16386
   11.6351
   4.52125
   12.2224
   3.66756
   1.16143
   4.13474
   18.2446
   12.1146
   3.06846
   12.5656
   50.2453
   18.2741
   14.1488
   2.47229
    15.285
    8.0772
   26.6686
   39.5899
   51.1158
   4.96746
   1.16143
   3.85586
   10.9685
   4.93604
   25.0492
   10.4405
   33.6642
   12.1692
   21.2389
   4.46805
   12.6948
   6.12058
   16.8753
   7.33235
   27.3084
   15.4453
    17.059
   16.7444
    31.234
   24.2129
   10.0465
   5.72913
   18.8087
   19.3985
   8.99292
   4.21488
   22.2368
   49.7432
  0.363939
    14.628
   17.2115
   14.9195
   18.0643
   44.3676
   4.28003
   10.5552
    8.1448
   13.8482
   13.1441
   35.5099
   36.5035
   61.9699
   65.5665
   8.51733
   6.47266
   2.85872
   55.9935
   27.4464
   29.7623
   4.05823
   1.36398
    21.425
   7.50563
   36.6842
   34.6427
   3.31469
    21.833
   16.5574
    34.999
   43.2936
   42.3542
   15.2023
   21.9903
   18.4235
   3.61004
   1.32782
   28.5401
   14.3176
   21.5829
   6.29342
   21.9206
    9.5745
   2.14911
   29.9611
   4.05339
   17.5962
   13.6194
   13.9577
    17.325
   19.0563
   1.17965
   23.6776
   13.4523
    17.751
   22.2974
    8.5461
   4.33942
   1.87639
   28.2639
   44.3117
  0.627861
   6.56318
     21.09
   20.3785
   69.3312
   23.7695
   2.57832
   5.32442
   8.38625
   18.3541
   48.9057
   22.8756
   16.4296
   16.5278
   10.3434
   8.34454
   20.5664
   13.7093
   11.3883
   1.62205
    37.979
   7.80344
   12.3447
   20.0348
   30.7246
  0.776571
    18.386
   1.90503
  0.504066
   35.2979
   14.8233
   31.1244
    41.015
   3.25099
   9.31172
   7.46535
   2.28007
   17.0427
   11.8826
   3.70623
    26.556
   7.66422
   53.1889
   10.1508
    1.1814
   24.6016
    1.9365
   11.9559
   22.2609
   28.9441
   35.9551
   26.1587
   13.0192
   2.43541
   9.73109
   18.1457
   23.5501
   2.67635
   15.8997
   35.5506
   20.3582
   6.64781
   4.29858
   28.5623
   7.42578
   12.0741
    27.883
   19.5398
    16.663
   68.6851
   13.8137
    15.201
   52.3199
   44.0641
   30.3453
    25.854
   38.1891
   65.9607
   22.7367
   31.3623
   11.4734
   19.4801
   20.1701
   14.8896
    17.968
   9.46373
    14.145
   13.4387
   49.7187
   22.9838
   16.8912
    16.697
   1.63421
   1.24432
   35.9093
   32.5344
   6.52721
   8.50693
  0.129649
   27.5223
   18.5158
   16.4621
   13.9623
   13.1409
   9.44767
   15.8286
   45.4786
   10.4854
   18.2677
   8.14236
   8.15871
   40.9491
    17.828
   29.8111
   0.89964
   15.2267
   1.39999
  0.633809
     11.11
   19.7253
   17.8133
   19.0497
   6.30134
   15.4668
   21.8563
   1.69921
    9.6537
   25.9176
   5.72342
   24.4653
   22.6697
 0.0138844
    3.7936
   5.31695
   21.9938
   19.8073
   14.2148
   5.37275
  0.878969
    6.1224
   23.2324
   18.1653
   25.0193
   53.9273
   18.1628
   12.7502
   16.6663
   5.59584
    3.6301
   5.77003
   33.8376
   7.08587
   5.27897
   1.42526
   4.37043
   17.1584
   4.49602
   18.5292
   18.7014
   4.78533
   5.42221
   5.16984
   21.2803
   12.3458
   3.09314
   10.2923
   21.3199
    4.6586
   21.0714
   7.63221
   14.2285
    2.6783
   24.3203
0.00919783
   15.3873
   26.5306
   26.4934
   23.4736
   8.75834
   5.02067
 0.0388161
   6.50013
   7.98097
   9.46041
  0.318388
   21.1893
   31.4523
   4.96024
    19.265
   9.03315
    23.327
   25.2735
  0.532518
   20.4407
   8.05843
   1.22175
   2.49258
    32.423
   5.35766
   5.42805
   4.34846
   5.77005
   21.3325
   4.85196
   1.28663
   24.1508
   15.4633
    6.3724
   11.0576
   19.0352
   17.6736
   22.7889
   28.4989
  0.819997
   9.35844
   32.9856
   9.90128
   10.3698
   20.5187
   43.8741
   10.3911
   5.29295
   15.6286
    39.186
   13.3009
  0.637881
   31.3718
   6.78982
   4.87478
   2.59019
   0.10807
   21.4493
   1.55684
   5.27315
   5.88884
   2.78389
   27.9226
   19.7148
   23.4781
   7.00462
   20.0443
   8.44368
   13.4979
   13.9292
   5.55086
     11.21
   27.4249
   22.4811
   9.08754
   13.5812
   22.9619
   11.5152
   3.41917
   30.9897
   6.44135
   7.57111
   14.3176
  0.725493
   42.9614
   19.3841
   20.7616
    0.1464
   34.3323
    9.2863
   16.2941
   19.7979
   6.16798
   28.4725
   14.9572
    28.276
   22.6912
   2.34374
   13.0321
   12.1634
   43.3579
   19.5837
  0.223427