   12.031
  10.3142
  11.3498
  14.2557
  2.40626
  10.2802
  21.1016
  17.0556
  17.0411
  6.59134
  17.8919
  9.03545
  12.5457
   36.806
  19.7712
  10.5014
  21.2554
  28.3159
  29.9398
   10.298
  9.29708
  17.5993
  23.8593
  1.55139
  23.8299
  24.3616
  25.7256
  7.16657
  1.25599
  4.27871
  6.98573
   23.913
 0.388804
  9.67179
  1.07001
  9.64131
  10.0085
  7.21495
  7.00942
  19.1166
  22.1485
  25.5206
  22.2526
  12.5946
  1.16763
  3.87418
 0.980231
   1.7607
 0.183017
   3.6913
  3.46197
  7.59605
  1.22504
  10.6438
 0.693608
  20.6901
  3.58736
  1.58701
  33.4163
  9.68156
 0.706151
  8.51095
  1.95021
  11.9988
  27.8464
  5.86205
  9.03944
  4.55754
  1.01023
  3.97042
 0.324381
  3.15588
  5.31776
  11.3179
  3.76034
  6.83609
   8.9436
   19.718
  27.1514
  8.70334
   27.114
 0.533927
  1.58121
  1.93671
   7.1668
  10.2752
 0.782846
  1.28858
  11.4846
   3.1435
   12.856
  5.46701
  3.14849
  4.09586
  26.2412
  13.0267
  3.06915
  15.5269
  2.83019
  10.8929
  18.8924
  9.59013
  22.6624
  6.09113
  8.20229
 0.127306
  6.19359
  27.2256
  4.37372
  15.7071
  5.22589
  6.13371
  1.66921
  1.12263
  29.3955
   7.1218
  2.28162
  2.88897
  1.88022
  3.32361
  11.4354
  1.71625
  8.51356
  18.2634
  1.20597
   9.7984
  2.57425
 0.162501
  17.5623
  1.94643
  29.6634
  5.86745
  21.3014
  8.64867
  3.75094
  1.24971
 0.132347
  3.60473
  14.8066
  3.77378
  3.68594
  3.09701
  28.1374
  21.4852
  2.20017
  15.6708
  9.09416
  1.92448
  1.95082
  4.57648
  4.46335
  6.04743
  17.5045
  3.27105
  7.61887
  7.04877
   1.7935
  5.10226
  31.4311
  12.9501
  18.7301
  5.16448
  9.53086
  10.3876
  9.51338
  1.68485
  12.1497
0.0131312
  11.3277
  10.7063
  20.8428
   12.856
  10.5301
  2.37622
   7.0916
  22.0923
  5.70799
  5.23537
  7.30309
  3.62923
  6.57199
  10.2298
 0.135551
  19.4842
   6.4689
  2.00426
   20.899
  5.02179
  8.93839
  11.0671
 0.258796
  1.12254
  14.2293
  11.8085
  7.81484
   15.608
  9.47676
  3.13845
  10.9848
  7.50888
  14.8749
  4.35988
   1.6849
  13.2416
  14.7787
  4.58654
  6.11309
  9.42488
  11.0227
  4.53664
  10.9664
  1.04896
  1.18191
  8.70238
  15.2546
  2.58348
  26.6831
  4.31995
  29.3999
  15.9276
  3.78831
    7.402
  1.07553
  2.45156
  6.09435
  14.6575
 0.994752
  14.2238
  1.09383
  9.70161
  9.67819
  10.1185
  2.96783
  2.94154
  15.4882
  8.86692
  9.02594
  3.51425
   13.539
  10.9933
  5.82749
   12.501
  5.44235
  3.93845
  9.52849
  29.5221
  23.2925
  28.7917
  26.7219
  10.1949
  18.8506
  1.17565
   3.1135
  9.66994
  4.72995
  2.88123
  2.03782
  1.85436
  12.5761
  6.43264
  3.14503
  29.9168
   7.8546
  0.78977
  2.47474
 0.455198
  3.91236
  3.15627
  4.74225
   10.021
  10.2439
  8.70131
   3.5284
  2.39871
  28.7026
  2.48988
  6.88657
  3.02219
  15.7055
   34.036
  7.50512
  16.8106
  9.02909
  1.72612
  3.49206
 0.396146
  7.83432
  7.03343
  16.0571
   28.218
  17.8185
  21.3268
 0.778568
  8.84737
  3.43893
  14.7684
  7.52814
  1.35525
  11.5845
  9.81235
  3.52266
  1.22221
   19.308
  5.48331
  1.16196
  6.21295
  6.30639
  25.4251
   14.544
  7.24531
  2.03261
  15.0757
  31.1191
  6.04063
  2.16214
  9.51785
  23.6299
  19.5674
  5.71915
  8.98175
  5.63275
  3.34278
  4.29888
  7.71426
  17.6063
  1.86019
 0.194426
  1.51764
  2.41244
  6.76014
  5.64914
  2.41782
  19.4529
  3.99812
  3.00411
  6.77649
  11.3718
   2.9035
  3.87763
  32.5009
  1.71792
 0.329844
  4.91256
  4.06467
   11.681
  6.46843
  26.1278
  20.5062
  4.71486
   17.092
  11.9258
  3.75585
 0.329844
 0.720024
  14.0152
  5.08884
  10.4389
  3.47873
  8.49969
  25.7883
 0.146069
  8.36023
  10.2028
  12.3706
  9.68396
  3.03309
   3.6735
  2.35077
  4.41943
   32.218
  17.8987
  9.41486
   23.822
  20.9605
  6.38194
  8.77929
  17.0638
  1.81685
  0.99646
   18.958
  1.94841
  9.49777
  10.5275
  5.61509
  4.25673
  4.12895
  5.63167
  12.7231
   26.593
  9.33383
  22.6147
  15.6454
  13.2551
  4.73778
  1.55488
  4.51953
  3.27812
  20.4529
  15.5961
  5.70763
  6.33023
  4.73065
  4.22358
  32.1587
  1.15649
  16.9875
  2.97589
  12.4567
  4.50661
  6.53765
   3.9563
  1.41402
  14.9605
  27.8006
  10.0756
  4.49366
   12.423
  10.2307
  18.5853
   24.384
  8.90529
  5.27045
  15.2107
  5.81532
  3.36554
  1.38619