  10.0398
  7.48536
 0.993731
  10.8871
  11.9886
  5.11893
  4.08294
  3.60665
  3.22258
  15.5392
 0.945874
  1.59356
  9.59422
  2.24959
0.0694035
  22.3762
  10.5189
  8.77292
  10.7572
  16.4104
  18.1438
    9.116
  22.4383
  2.55257
  1.06257
  16.4375
 0.347286
  19.5863
  11.5305
  13.6388
  23.4241
 0.275898
  11.6996
  27.1853
  16.9456
  13.2916
  8.75128
 0.767402
  19.3699
  13.2599
  17.7241
  2.72582
  5.85512
   24.998
  11.0906
 0.853832
  13.4959
  2.45979
  7.02337
  20.0224
  16.5229
  18.4809
  5.93679
  17.3208
  5.89458
  15.2932
  4.64285
  28.8436
 0.939934
  30.2486
  22.7163
  5.23459
   7.9885
  9.47281
  2.72037
  29.1058
  16.9424
  3.80651
  22.4917
   12.501
  12.8962
  10.7705
 0.795626
  13.4774
  4.25165
  3.79417
  6.04563
  6.76088
  12.8074
  13.6455
  5.31039
  9.90721
  3.52744
  12.0662
  15.0346
 0.426935
  10.2443
  0.29203
  0.63794
  34.4877
  2.52475
  12.9123
  7.55576
 0.847356
  11.3371
 0.932259
  10.2975
  15.2539
  7.31336
  2.45413
  11.2267
  1.10733
  9.93241
  2.68837
  5.99727
  2.07973
  2.94775
  2.08653
  7.37561
 0.482983
  19.5677
   15.305
  2.59822
  2.94559
  2.07958
  4.99932
  8.69794
  3.23475
  13.3222
  8.46694
  16.4047
  8.76155
  13.7315
  12.7046
  6.30128
  2.99316
  18.2234
  8.35468
  29.4612
  9.31564
  11.3675
  20.8697
  9.19062
  2.00164
  4.37261
  6.50373
  6.66098
  11.4571
 0.380501
  3.55039
  6.69674
  8.48659
  31.6108
  4.02116
  17.1729
 0.261189
   1.4214
  4.59192
  5.57107
  4.98238
  20.6452
   4.5217
  22.2772
  16.6649
  11.9854
  5.90478
  8.38438
  2.36259
  3.45733
  3.49291
 0.186182
  12.2451
  20.2053
   18.773
  15.1182
  4.16236
  12.6744
  20.4149
  4.10271
   16.937
  11.8701
  13.9164
  17.8095
  7.47134
   7.4514
 0.812351
 0.693154
  12.1321
  6.62462
  6.30525
  9.91311
  9.09335
  1.02691
  10.2906
  10.6887
   6.9313
  19.8591
  15.9962
   13.815
  25.5712
  6.38886
  1.47311
  2.20651
  4.39562
  11.6115
  24.7552
  7.91946
  9.55259
  4.21424
  3.79845
   6.1964
  2.35228
   16.226
  27.3293
  9.86257
  24.7755
  2.60462
  2.21421
  4.89425
  20.4484
  2.37377
  7.23924
   10.109
  20.1668
  3.13231
   1.2987
  20.8719
  31.0325
  15.3783
  4.39317
  1.94446
  26.6398
  4.07257
  30.0718
  17.2595
  20.8162
  31.8666
  23.3863
   11.522
   22.368
  14.3491
  8.19302
  16.3226
  22.7482
  2.28907
 0.455051
  3.35476
  1.07205
  15.9755
  24.4242
   2.9228
  13.5965
  15.9952
  4.16078
  16.0458
  14.9133
  11.9003
  13.5525
  16.0958
  3.56339
  21.8709
  11.4151
   2.5685
   10.189
  5.14887
  3.63246
  2.31325
  11.1279
  3.01433
  6.73601
  11.9687
  14.7134
  1.87017
  15.7098
  21.2965
  18.5182
  17.0904
  3.39442
   17.833
  20.2366
  20.8137
  20.7085
  17.3933
  6.28487
  7.33655
  7.60545
  5.75844
  14.2137
  18.5125
  0.45187
  26.8912
  4.76598
  20.2675
   26.294
  21.2006
  5.26506
  19.0337
  14.7404
  20.5525
  12.9163
  11.6057
  14.4479
  14.0946
  10.8168
  23.3059