87.0602
31.8764
38.7584
39.6055
53.5671
43.1635
85.1036
45.6904
69.5445
50.9929
50.3915
41.8061
31.5917
35.9562
48.0404
41.2535
80.4467
17.8987
57.3902
43.0061
78.7338
 53.636
35.1112
36.1837
31.3218
59.7328
30.3833
48.2875
85.4367
64.4789
48.6109
68.8934
59.8473
41.2527
59.7425
 39.495
41.7881
 43.895
41.5933
42.7503
42.4901
 21.478
59.6355
34.4241
 43.007
20.4071
60.1983
64.4527
43.6055
35.1113
36.1462
31.3246
27.0873
45.0036
46.1554
48.3589
48.2875
79.9706
33.4242
62.9345
45.9179
69.0145
37.6588
39.5347
36.6317
70.0804
15.8175
45.0933
53.2389
44.5345
45.4505
60.1985
53.6344
31.3246
 46.155
46.1554
41.9259
 30.076
54.6157
48.3574
44.4696
20.0447
32.6191
43.0066
45.2153
56.1264
83.0814
38.4277
44.9614
56.3563
41.2528