 29.7821
 23.5219
  43.613
 36.0224
 21.5685
 13.8507
 26.7606
 17.7887
 2.82931
 20.5397
 6.95316
 3.82719
  20.596
 25.0318
 41.4894
 33.9302
 36.0759
 31.1618
 52.9068
 12.9194
 19.3719
 5.44045
 20.6724
 30.3127
 19.6852
 19.9984
 27.2422
0.823071
 21.4644
 22.1339
 38.3984
 33.7372
 45.0909
 40.7247
 14.1258
 32.9544
 27.5007
0.949963
 36.5479
 49.1999
 25.8539
 9.47458
 26.8767
 11.4852
 52.3343
 33.3997
 21.3031
 10.1838
  29.341
 1.94926
 10.8827
 13.5683
 25.1186
 50.5067
 20.7996
 26.9701
 22.7533
  12.525
 41.5944
 10.4548
 39.2843
 4.11404
 10.7568
 46.0744
 11.6897
 23.8898
 5.47358
 46.6436
 50.6709
 24.1868
 28.2203
 23.3887
 35.1078
 0.70634
 14.0684
 38.5199
 6.27361
 7.16416
 27.5857
 17.6871
  26.523
 23.4097
 42.5513
 47.8107
 32.5784
 6.61416
 23.5664
 12.4212
 27.4603
 27.6641
 21.0966
 40.4256
 47.2646
 1.69392
 4.63348
 22.9699
 5.55359
 18.6787
 1.50978
 7.26982
 22.0015
 31.2084
 65.6585
 40.7666
 5.16662
 8.41464
 3.96593
 1.00308
 25.3971
 45.6183
 22.9739
 13.1522
 44.3917
 8.34868
 39.5666
 28.9859
 29.0708
 14.3978
 28.9132
 55.9099
    47.4
 50.8075
   22.25
 19.9841
  16.834
 2.16108
 31.7867
 56.6953
 68.6666
 48.3955
 43.0618
 9.07817
 1.55355
0.861911
  8.3922
 35.9676
 46.1229
 20.3665
 33.7915
 21.6918
 5.60639
 2.18478
 22.1208
 21.1196
 8.59725
 18.1298
 32.4443
 23.1836
 9.78249
 34.6499
 21.9057
 35.1751
 13.0442
 62.8763
 14.4884
 16.3564
 2.59981
 23.4509
 19.5839
 45.2627
 55.3323
 19.1065
 18.3608
 6.54994
 31.9996
 2.59531
 47.7931
 53.1649
 35.2699
 14.0671
 42.8742
0.966126
 11.9555
 23.1836
  28.462
 25.5143
 6.76136
 27.2727
 21.4912
 22.3656
  53.121
 25.0269
 25.7731
 34.5804
 59.3164
  50.698
 36.8954
  32.093
 18.2814
 38.5962
 41.0996
 12.9625
 1.36689
 21.3796
 27.6177
 16.4732
 8.29501
 6.99155
 5.24764
 35.3852
 9.57679
 56.5289
 5.99587
 50.0965
  60.099
 21.4569
  23.839
 36.6815
 64.7375
 30.4932
 20.7198
 19.9504
 33.4817
 48.7866
 29.6674
 33.9535
  26.523
 17.7981
 33.6004
 25.1658
  56.933
 53.7831
 16.5051
 21.5583
 51.5876