   26.234
  9.18745
  33.7747
  14.8706
  7.04935
  2.53079
   5.9326
  28.7439
  11.6876
  14.1447
  9.49053
  21.8061
  24.2615
  8.64383
   1.3827
  10.3648
  10.0273
   2.6602
  3.37557
  6.18576
   5.0548
   13.218
  18.8521
  7.10543
  7.47682
  18.8025
  8.86641
  1.67129
  33.4763
  5.84977
  33.9251
  3.74119
  22.2311
  11.0856
  9.47985
  8.24133
  11.3612
  4.22042
  1.93972
   1.2859
   5.3482
  3.56691
  7.87548
 0.354825
  9.96854
  0.50993
  11.5108
  15.5238
  5.66769
  3.64664
  3.84415
  6.23084
  6.95657
  4.47394
  15.5393
   3.6173
  6.28554
  12.0433
  9.64391
  8.80207
  6.83528
 0.643424
  6.19681
 0.376702
  10.2467
  4.43067
  2.11789
  12.1826
  8.09434
  9.95677
  7.56146
  8.41195
  1.12491
  5.52414
  3.23665
  1.60438
  0.57568
  3.55436
  1.75107
  2.02086
  1.71388
  7.17098
  25.7291
  23.7829
  1.08167
  23.9488
   10.054
  5.72757
  5.90384
  6.68295
  9.35587
  5.36973
  3.74257
  10.7784
  5.12183
  6.88051
  1.83415
  17.8861
  1.62763
  6.13067
  9.39071
  4.43414
  2.51952
 0.496073
  28.5977
 0.740943
  6.79942
  10.7487
  9.78358
   1.0315
  9.82211
  3.49773
 0.373022
  11.5994
  7.63089
   10.145
 0.830882
  5.27076
  16.7919
  5.42323
0.0963283
  7.97285
  4.14567
  10.3967
  5.07804
  7.67432
  1.80265
  10.6572
  6.25052
  2.67787
  10.0407
  1.54835
  5.45056
  7.38671
  6.32201
  5.91627
  3.66547
  9.66561
  5.14887
  2.00369
  1.04478
  3.80024
  17.7431
  12.3936
  12.0979
  3.36573
  2.86964
  5.29097
0.0251552
  5.58345
  2.90107
  15.1432
  10.5011
  4.35976
  4.67294
  5.22791
   4.8081
  19.3132
  3.79392
   9.5553
  5.77146
  2.02411
  1.80556
  5.02248
  6.74279
  6.01737
  5.17487
  7.03129
  6.64909
  6.16866
   9.8087
  11.6344
  10.7629
  10.2799
  8.26206
  1.05184
  23.5943
  11.1448
  6.07902
 0.444641
  2.87604
   3.8363
  5.70226
  10.8542
  8.73023
  11.4733
  6.13237
   13.428
  2.55545
  7.07169
  1.68128
  5.27115
  12.0013
  1.70346
  5.68445
  3.56733
  5.29746
  5.92453
  4.63955
 0.167811
  1.50348
  3.22165
  4.04184
  3.53107
  2.12297
  18.1784
     7.42
  5.24982
  3.56176
  0.40544
  21.6079
  25.3204
   8.3145
  23.0135
   3.8449
  17.6716
  6.79676
 0.344442
  7.15132
  1.58132
  3.60803
  10.2668
 0.980439
  5.06954
  1.94893
  8.92649
 0.705692
  7.06441
  3.99915
  3.16623
  2.70924
  5.01126
  9.75514
  3.87955
  4.60077
  3.68242
  4.23246
  9.38839
  7.55768
  7.51343
  3.80586
  19.4134
  2.45532
  1.91378
    9.682
  4.22373
  1.41626
  6.42398
   4.7031
  5.50312
  4.04976
  1.43968
   2.6796
 0.575017
  2.11087
   2.3496
  2.42339
  9.50892
  2.32059
  1.83362
  2.83303
  11.2118
   5.7984
  5.09549
 0.835068
  7.85678
 0.537055
 0.924188
  2.53631
  2.46345
  7.09436
 0.719907
  2.72912
  6.28679
  6.80887
  4.11294
  2.88762
  12.5396
  11.6679
 0.190171
  2.63974
   3.5929
  10.3161
  6.75332
  10.6876
  8.82842
  5.08673
  4.40974
  3.33717
  4.95215
  6.47248
  9.55013
  9.64747
  1.41615
   5.9974
  2.12521
  2.99425
  12.9362
  5.80482
  4.19524
  7.33899
   24.248
  9.60468
  1.55286
 0.800919
  6.96352
  5.91616
  4.34533
  2.54752
  2.75232
  3.53357
  8.19057
 0.353086
  3.53598
  4.96099
  13.7393
  5.93574
  5.59001
   8.5548
  9.44668
  11.8537
  1.36541
  6.12588
  2.64192
  3.34219
  5.47806
  7.10403
  8.85424
  3.01667
  11.2977
   6.4895
  15.0852
   1.4939
  1.40121
  20.1257
  4.91447
  4.17061
  8.48202
   19.876
  8.88943
  5.00303
  12.0346
  11.7891
  6.53052
  2.58391
  4.11352
  11.5209
  36.4606
  2.82684
  37.1907
  19.5659
  7.74013
   5.3374
  1.40382
  5.60258
  4.02674
  27.5409
  3.30721
  16.8263
   11.771
 0.789069
  4.67238
  1.49553
 0.256356
  6.30453
  7.53029
  11.8533
  1.10131
  11.0206
  5.34082
  5.70351
  9.75266
  4.96165
  6.63399
  2.83436
 0.222596
  15.1249
  12.9363
  6.55099
 0.400926
  15.0762
  22.0264
 0.482059
   5.3437
    1.897
  2.18091
  8.49072
  20.4878
  2.33196
  1.41221
  2.77684
  1.49049
  9.81671
  2.49697
  5.12672
  11.7587
  7.29542
   1.6918
  22.5429
  5.97947
  24.7614
  19.2724
  12.1548
  10.4234
  17.5962
  10.0197
  2.45697
  3.30378
  7.14265
  7.68783
 0.452636
  2.85949
  20.1033
  6.02055
  5.90688
  2.06493
  6.27744
  4.33028
  2.02643
  2.41793
   20.164
  5.43659
  9.23055
  5.34577
  25.4715
   5.8688
  10.8532
  2.53936
  6.27744
  4.27545
  4.92164
  4.66572
  5.01297
  8.21034
  2.20771
  4.75911
  8.00456
  1.55099
  19.5935
  11.9867
  30.6131
  3.57637
  5.72179
   21.056
  1.00234
   12.285
  11.4501
  15.7868
   30.792
  3.76856
  2.94948
  9.03141
  8.22686
  7.53973
   6.9229
  3.73539
  2.81929
   9.0998
   5.7374
  5.09032
  19.9499
  24.3676
  27.4035
  6.45909
  6.15419
  4.22976
  17.6725
 0.674978
  15.3223
  4.91348
  5.83911
  13.5485
  18.8157
  16.1651
   12.567
 0.737123
  21.3397
  32.1899
  8.21585
  19.6017
  8.75424
  16.0869
  14.6897
  23.5854
  3.17235
  12.5361
  5.04505
  15.8474
  19.9844
 0.258726
  10.0991
  8.75649
  3.39353
  1.93798
  3.00181
  8.29091
  11.7367
  12.3552
  16.9494
  4.65144
  2.99926
  12.1207
  3.54303
  1.90641
  2.82222
  19.0379
  13.4125
  7.05292
  1.10623
  16.4749
  5.21893
  24.5578
  9.64739
  6.36896
  4.65289
  6.92832
    24.05
  2.32176
  18.8383
  3.76203
  3.04618
  5.94368
   18.961
  24.4862
  5.00942
 0.679013
  3.14973
  9.47637
  8.45954
  6.31584
  19.9228
  6.43408
  12.1052
  0.21054
  12.2439
  27.9491
 0.210536
  11.1554
  4.59622
 0.685361
  24.1193
  3.82533
  13.9568
  28.2013
   10.846
  6.80514
  5.46203
  8.64363
  1.63479
   25.026
  12.4356
  12.7469
  17.1387
  20.2731
  13.0241
  5.03588
  20.8766
  8.10822
   9.5151
  14.8652
  20.4629
  4.00028
  12.9156
  38.6862
  20.7641
   17.976
  15.6182
  16.0057
  3.77395
  1.92688
  14.7045
  1.79589
  1.05661
   17.759
  11.5101
  25.3981
  19.3412
  12.4184
  23.2287
  28.1517
  32.1006
  20.9551
  6.07352
  29.7614
  29.9053
 0.137063
  1.22043
   4.7314
  16.4651
  12.0817
  4.18246
  6.85363
  10.8703
  7.93096
  28.2291
  10.8411
  21.2088
  11.2542
  14.3024
  16.2909
  14.2552
  6.04977
   28.102
  14.0377
  14.2534
  9.01672
  11.0624
  14.4052
  13.9897
  25.5212
  17.8402
   21.839
   14.656
  30.8848
  4.44101
  5.86164
  14.2388
  27.1495
  18.2335
  2.30264
  6.03006
  19.0542
  12.1485
  12.5782
  27.7086
 0.923918
  2.40559
   3.5671
  25.3677
  42.3029
  31.9125
  14.3612
  9.60944
  21.9639
  26.2353
  33.7985
  24.6872
  20.7867
  8.39425
  20.3391
  26.9856
 0.631916
  23.6098
  23.2612
   17.759
  24.2416
  29.1375
  8.90627
  5.14927
   2.5133
    29.35
  14.4924
  14.8748
  19.4865