   15.321
 0.673911
  4.99776
0.0742415
   15.975
  1.80712
   6.7764
  7.78777
  12.6374
  9.37367
  3.38658
  15.6123
  8.62738
  19.0013
  11.7299
  3.22896
  8.62677
  18.2356
   18.663
   25.189
0.0895432
  20.5951
  5.16925
  4.19046
  8.87158
  23.4481
  4.97899
  26.4842
  20.3079
  25.3247
  1.75945
  3.42183
   9.4041
  2.11571
  11.9837
  7.46314
     3.88
  6.54062
  2.40129
   20.434
  19.4366
  2.11724
  15.4465
  9.65356
  26.1004
  30.9584
  1.20415
  13.1096
  16.3187
    8.086
  29.0901
  5.84255
  4.77339
  2.83332
  22.6142
  27.6472
  5.98165
  16.5792
   8.9774
  10.1593
  13.1688
  8.40521
  5.14577
  11.1483
   9.9964
   23.818
  8.25731
  8.49883
   24.645
  15.4244
  14.7474
  29.7602
  26.1637
   13.423
  6.73356
  14.7421
  4.62259
  3.71675
 0.745729
  7.05662
  19.8264
  23.5335
  2.22143
  28.2947
  2.68445
  3.07165
  22.3234
  5.64585
  2.98184
  7.00399
  12.5284
  6.33524
  15.5057
   8.7051
  8.93772
  6.59132
  14.9812
  24.0917
  18.7409
  7.24852
  20.6947
  13.5204
  7.02551
  2.62647
  27.3731
  22.2978
  26.2406
   0.8374
   1.6919
   3.2514
  19.8856
  1.61604
  4.37292
  25.4169
  5.83279
   29.358
  27.2616
   6.9787
  1.30042
 0.588045
  3.16224
   9.9719
  15.2084
  8.31833
  17.5646
  10.4734
  8.89444
   20.512
  1.12341
  7.40208
 0.090038
  12.0688
  23.5262
  31.8638
   16.111
  7.75165
  29.7462
  5.83408
  21.4897
  3.65044
  9.13441
  27.7155
  7.93154
  24.3645
  2.02112
  25.8769
   4.1683
   13.321
   2.6015
 0.265863
  13.3004
  3.25025
  19.9138
  1.98038
  23.8971
  8.45014
   18.114
  10.4276
   22.769
  11.4346
  13.1363
  8.15731
  18.6446
  12.2828
  1.67911
  10.8564
     9.24
  13.1219
  4.06143
  11.7544
  3.45249
  0.40528
  9.32593
  10.2777
  30.6373
  6.68026
  22.2151
  3.06638
 0.321453
  7.53339
  1.67477
  1.05628
 0.482674
  11.7369
  4.12064
  3.35461
  9.12283
   22.067
  11.5416
  9.04529
  15.3021
  14.0721
  25.4662
  6.45883
  13.7937
  11.2157
  15.8513
 0.238589
  5.50488
  3.31062
  11.9308
    2.791
  13.2835
  3.97436
  1.64689
  6.94687
 0.547106
  22.5833
  25.8144
  3.58128
  7.81196
  27.3855
  11.8951
  22.0973
  22.5981
  3.99692
    13.21
  14.8327
  8.25679
  5.74707
  23.4909
  28.6331
  4.73826
 0.206646
  7.80938
   1.7167
  5.67706
  6.96852
  12.9475
  7.46956
  10.2776
 0.595535
   12.526
  5.59906
   21.624
  3.30647
  21.5812
  22.1229
  28.6327
  9.96677
  4.25259
    8.912
  24.5267
   18.322
   9.3618
  17.9335
  9.24139
  6.06172
  18.3982
  2.48289
  12.3225
  30.2582
  26.2806
  11.4181
  24.0228
  28.7208
 0.373871
  13.6825
  22.0364
  31.5443
  4.05111
  6.91597
  9.03491
  14.7746
  22.5006
   12.418
  10.0119
  28.4747
  13.5586
  27.6945
  9.18441
  25.3647
  29.1368
  4.78666
  12.5684
  8.52869
  7.65983
   7.2963
   25.469
  10.5816
   2.3217
  29.8412
  15.6729
  6.88401
  17.1311
  1.81464
  30.7314
  18.0483
  4.10626
  6.30696
  12.3961
  13.1316
  26.9549
  6.15222
   11.549
  29.5092
  28.9972
  14.7451
  33.6828
  9.04808
  33.1866
    9.325
  23.9406
  22.7004
  18.4931
  27.4132
  15.7219
  18.1853
  14.1978
  7.23906
  20.9322
  12.1915
  27.2664
  11.5971
  8.62556
  12.4099
  15.5609
  12.2135
  17.1267
  33.7221
   23.921
  5.87916
   33.748
   7.2588