    40.243
   37.8769
   9.16136
   2.33039
   12.5302
    39.596
   2.03079
   14.3777
   8.29395
   12.7582
   34.3238
   9.13212
   35.0114
   32.9463
   53.1509
   5.80402
    40.421
   3.08482
   43.1094
     22.03
   47.3142
   5.33796
   1.24912
   4.32152
   10.5609
   39.9263
   45.8136
   36.8624
    2.3861
   2.82928
   35.5739
 0.0776669
   44.9999
   42.9972
   36.9401
   38.6704
   4.99536
   40.7671
   48.1201
   40.2324
   24.2223
    49.155
   34.6346
  0.275518
   49.7226
   51.7068
   29.1309
    35.376
   33.4805
   46.9868
   35.4109
   39.4688
   15.3363
   3.31958
   11.2676
   27.4604
   39.9947
   1.14377
   50.1966
   33.9722
   1.38075
   1.86411
   1.27519
   32.6241
   27.7159
   33.4088
   1.84212
   54.3942
  0.436954
   45.5118
  0.491042
   22.0734
   25.7883
   28.3221
   3.99333
   18.1608
   30.2427
   4.42351
   47.3248
   3.56903
    2.2802
    29.298
   36.2702
   3.24436
   31.4895
   22.0171
    31.102
   3.04359
    1.4155
   27.5428
   36.5125
   35.9213
   18.6199
   1.63613
   42.0807
   29.4348
   3.50363
   1.70418
  0.982621
   1.69458
   3.49219
   39.9455
   39.4633
  0.725487
   2.80342
    14.027
   46.7519
   38.3256
    50.491
    44.118
   37.1246
   40.0777
   49.5057
   43.0789
   49.4545
   49.8171
   33.3862
   18.3044
   49.0307
   32.3148
  0.392184
   22.8765
   33.7044
   47.4409
   42.2437
   36.2447
   3.80496
   44.6463
   49.4931
    21.066
   18.7262
   22.5298
   18.6292
   41.9645
   31.0945
  0.172123
   5.64312
   47.5275
   43.1389
   33.6044
   41.8841
   49.4351
   44.1339
   7.85893
   2.07106
   7.01021
   5.09826
  0.639598
    1.8137
   9.77842
   4.04361
    7.7264
  0.624367
   3.56427
   49.4123
   43.5975
    46.948
   45.8208
   51.4458
   35.8764
   24.9193
   40.2281
   49.5007
   40.7882
   44.8044
    47.104
 0.0106182
   8.22205
   30.7594
   44.3077
   52.5019
   52.3366
   6.46002
   5.79728
   5.21068
   5.85586
   53.4543
   41.4399
   43.0987
   10.0152
   4.25435
   47.9661
   3.59064
   1.98073
   1.84159
   6.73871
   21.3392
   40.8353
   45.4779
   46.6384
   54.0473
   47.3965
    43.435
   43.1449
   45.1314
   32.1419
   5.48243
   32.6861
   39.8633
   16.9907
   52.1955
   52.2302
   47.2199
   43.3999
   8.90854
   1.55228
   49.4462
   42.5046
   36.0316
   42.5452
   26.1618
   21.3053
   33.7947
   0.43794
   35.7915
   33.5813
   3.18884
   30.8812
   38.2699
   33.5124
   31.2077
   22.7853
     43.12
   7.55254
  0.172978
   9.77847
  0.997727
   7.44423
    1.1079
   6.74036
   23.6788
   27.5042
   21.0906
   44.4969
   3.21321
   40.3988
   2.17067
    1.1864
  0.735516
    35.068
   17.9443
   3.53176
   8.76271
   1.69612
   28.0244
   8.46342
   23.9549
  0.514185
   11.5508
   6.26192
   7.29615
   4.59889
 0.0856178
   2.05848
   9.41389
   20.5287
   2.20103
   2.20654
    3.6852
0.00580418
      3.93
   6.58482
   5.73296
   4.29197
   9.80369
   11.0988
   1.38997
   44.0547
   4.14002
   2.95958
   6.36586
   9.05787
   8.10169
   9.82139
   10.9902
  0.651951
    9.1192
    4.0918
   1.42892
   22.0768
  0.358964
   3.48152
   7.97177
   9.21103
   6.96644
   11.4415
   4.31659
   4.62904
   2.61319
   14.7983
   10.2594
  0.386407
   14.4326
   1.11467
   2.91109
   1.99185
   8.56861
   2.05096
   2.67178
    8.8122
    25.546
   45.1448
  0.275092
   5.39715
   9.42314
   1.41008
   6.52002
   1.66963
   3.17442
   1.28001
   9.10632
   58.1608
   10.4794
  0.148522
   25.8678
   2.87921
    2.4807
   5.52639
    1.5415
   3.66954
   49.1952
   7.92257
   47.1476
   4.46475
   53.1005
   42.8468
    46.257
   8.10376
   10.3106
   11.2591
   8.83093
  0.083038
   2.91248
   17.8918
   9.84929
  0.459743
   6.92704
   48.8514
   45.1115
   55.3932
   49.8583
   1.70507
   1.47745
   14.0743
    7.3594
   7.73701
   34.4453
   52.1694
    37.968
   3.07645
    4.5224
   41.8521
   2.54926
   3.59226
   41.8764
   6.15165
   2.89886
   2.46736
   2.13709
   4.41987
   42.1347
  0.483938
   52.4097
   3.38223
  0.997239
  0.791095
   45.3897
   18.5445