  7.73617
  2.82067
  1.90639
  37.9139
  19.0115
  15.9435
  28.4635
  5.93803
  32.8509
 0.882903
  18.5535
  26.1717
  15.2381
  25.3877
  41.2489
  37.8084
  13.4334
 0.289261
  12.1666
  7.83783
 0.187465
  17.8307
  15.1721
  29.1935
  14.6566
    30.41
  21.5896
  32.1057
  20.4199
  17.6928
  5.95844
  28.4947
  36.9558
  18.4277
   8.7167
  17.0817
  2.92358
 0.653352
   2.5699
  3.38315
  2.38073
  15.7349
  5.18369
  8.54339
  31.1649
  15.0678
  22.6159
  18.4247
  23.9505
 0.483767
  14.5332
  27.8851
 0.446403
  1.66177
  4.58096
  2.21528
  27.1425
  29.5489
  5.10903
  28.3917
  13.6941
  7.30197
  21.0292
   21.124
  8.13111
  3.04073
  28.0277
  36.5881
  18.4375
  17.2952
  8.98212
  13.0308
  19.5542
   0.7989
  21.2492
  19.9529
   2.5222
  1.59065
   2.6131
  16.6154
   22.146
  28.0824
  15.7724
  19.1544
  19.4435
  3.83278
  19.0622
  10.3228
  11.6137
  15.9535
   26.634
 0.626648
  11.5912
  31.4279
  3.94439
  1.52622
  15.6411
  16.6242
  5.56043
  7.21022
  14.1958
  4.18268
  2.49134
  6.36205
  17.8726
  7.58535
  3.68153
  8.06445
  26.9985
  33.1205
  4.27272
  30.6241
  10.0898
  3.90272
   21.868
  4.58443
  21.7712
  4.37057
  0.38763
   2.5496
  5.70085
  26.4928
  16.2877
   19.022
  23.5333
  24.0396
  18.9171
  19.2509
  10.8059
  8.13454
  3.27846
  1.36898
  3.41258
  27.4239
  15.6705
   27.015
  27.7327
  6.99735
  6.38635
  23.9195
  13.2191
  17.1704
  10.8842
 0.382399
  16.9683
  38.2397
    22.34
  23.7829
  24.2081
  3.77206
 0.232115
  26.5963
  13.8461
  9.51273
   7.8141
  4.90696
 0.501577
  33.5577
  9.27018
  10.2375
  18.6482
  20.2631
  16.3928
  19.0792
   9.5155
  10.7217
  12.5604
  17.1723
  25.5248
  9.10079
  20.4838
  15.0618
  11.3207
  10.4234
  5.36661
  4.92777
  19.0999
  7.97808
  15.5724
  16.2931
  17.3207
  11.7981
  6.95595
  29.8565
  1.17003
  2.24414
  12.4214
  7.97087
  23.3692
  13.6436
    20.06
   38.165
  10.8442
  10.9551
  3.40606
  38.3983
  13.7582
  11.5509
  7.71874
   6.1593
  15.8916
  1.12591
  19.1101
  31.4872
  39.0878
  32.3533
  7.28666
  14.3657
  22.8479
  28.1868
  20.3465
  14.5511
  10.5612
  22.3978
  31.2347
  22.6069
  24.0279
  10.0953
  26.9736
  16.7495
  4.66459
   3.5946
  24.7056
  22.6739
  1.23636
  2.53779
  4.43839
 0.118266
 0.722708
  3.37439
  13.0011
  40.1246
   1.8197
  5.19046
  20.7431
  1.56232
   4.7652
 0.266112
  3.83984
  26.4284
  7.18317
  24.9156
  11.2194
  5.04644
  21.7521
  10.6371
  25.4688
  6.54952
  41.9026
   14.435
  18.5801
  31.3806
  3.59626
  38.5063
  5.08225
  9.28934
  5.47331
  29.8688
  19.7641
  9.37839
  29.4488
   29.734
  25.8552
  13.1257
  14.2159
  7.49181
  11.8435
  3.42095
   8.8792
  14.4391
  6.85078
  14.3976
  16.1893
  21.4273
  30.3145
  32.5059
  31.4838
  9.96921
  23.5244
  1.04393
  39.9412
  39.6738
   20.039
  4.23491
  15.4348
  14.2355
  22.1635
  40.2559
  25.5243
  14.7179
  9.17633
  19.8575
   6.5264
  21.5746
  15.0686
  6.19938
  27.8091
   1.2132
  19.7998
  1.84473
  15.2657
  1.64422
  19.3184
  1.37498
  9.90666
  23.4473
  23.8272
  26.8184
  9.56606
  23.1442
  15.5202
  15.5968
   1.7585
  23.3142
  5.42241
  17.6522
  22.7011
  30.1564
   31.126
  32.9607
0.0899401
   13.077
  26.2285
  28.8168
  32.8255
 0.217192
  2.05235
  29.8042
  12.2398
  23.1144
  15.2026
  13.4542
  9.05266
     2.05
  1.76145
  34.8221
   8.8642
  9.44824
  12.2492
  11.6839
  19.0026
 0.771538
  4.45953
  1.64422
  8.89276
  3.75201
  2.81973
  9.44824
  17.2852
  23.4426
 0.358559
  10.8484
  22.3964
   25.683
  25.1029
  15.5921
  15.9442
  3.96522
  3.27104
  29.1394
   7.2825
  6.05785
  4.38457
  2.77634
   18.647
  3.39194
   19.907
  33.0933
  18.2211
  18.7554
  24.2146
  8.99461
  19.6011
  19.7414
  15.1512
  18.7809
  17.5298
  0.84436
  19.4404
  7.47245
   1.2481
  40.1646
  13.7255
  22.7599
  13.3482
  21.8417
  7.15485
  23.3032
  19.0379
  6.90212
  11.4833
  22.8815
  10.6919
  8.39115
   5.3937
  26.8489
  20.7896
  13.3608
  21.6027
  31.7491
  9.02038
  18.0365
  5.13736
  14.4216