  3.72553
  13.4738
  7.94988
  2.06714
  2.71028
  8.95902
  4.13178
  2.92252
  2.80263
  10.1784
   7.9448
  31.5012
  28.1505
  22.4651
  19.3002
  34.3582
   15.209
  5.08457
  11.2246
  5.25864
 0.114007
  1.54193
  42.0739
  7.79265
  50.2242
  0.29933
  6.59944
  5.04898
  33.4842
  55.0026
  28.9509
  26.1154
 0.570802
  5.76342
  12.9915
  3.45389
  36.5252
  29.2687
  1.77088
  5.04185
  1.17105
   7.6971
  12.1566
  27.0707
  8.01756
  7.94604
   25.965
  32.0769
   41.378
   2.8479
  4.83666
  36.4246
  51.7082
   10.636
  3.27386
  14.6331
    22.76
 0.232908
  16.0258
  17.8363
  37.3982
  4.96117
  1.00233
  32.1692
  36.6271
  4.50613
  15.7223
  39.6768
  27.0343
  17.9894
  14.8134
 0.762625
  15.5277
  16.4271
  24.3334
  39.7294
  42.9693
  8.76438
  19.9691
  34.5532
  10.0967
   31.817
  38.8345
  7.59717
  36.4514
  5.62696
  3.03907
  27.5807
  38.2997
  23.0317
  22.4023
  1.02567
  32.4857
  12.7139
  37.2872
  32.9651
  6.47251
  2.24356
  38.8066
  41.8551
   31.507
  28.9614
  1.93598
  36.7393
  37.5535
  36.3478
  34.5406
  7.39446
  8.76652
  40.2023
  12.3752
  35.3565
  24.8301
  8.89921
  3.09774
 0.840641
  32.5916
   10.864
  11.1568
  11.3258
  12.6478
  18.5367
  35.6704
  21.6497
  5.12149
  3.33176
  25.4007
  42.2999
  25.8757
  38.1795
  17.4355
   15.177
  40.1916
  11.8292
  17.7137
  26.9678
  27.2909
   26.811
  26.9614
  39.4692
  2.30178
  15.0371
  26.3647
  44.3785
   36.644
   43.172
  41.1912
  18.1306
  27.9248
  36.4646
  40.8551
0.0960637
  1.25675
  26.4879
  32.0922
   22.485
  26.6169
  8.97722
  7.26297
  4.38461
  2.44612
  30.4117
  13.4352
  19.5204
  1.54936
   24.357
  9.23956
  13.2425
   18.623
  28.7849
  2.50854
  26.6428
  30.4439
   45.084
  14.9779
  2.78228
  10.0428
 0.260281
  13.2038
 0.197201
  19.5872
  25.6146
 0.578001
  26.0121
  17.5621
   18.522
 0.252782
  7.93447
  31.0851
  11.1741
  38.4815
  1.90765
  34.5988
  16.2248
  26.8305
  39.3179
  28.1097
  13.3029
  8.52971
  6.32609
  35.1005
  4.00849
  7.24605
  40.0334
  6.69078
  37.4613
  5.53204
  25.4612
  14.4738
  12.7143
  44.1918
  38.3037
  38.0993
  19.8741
  4.86667
  7.22639
  22.9187
  3.33613
  4.02054
  5.64509
  22.2211
   4.6047
   27.263
  23.5769
  6.85159
   2.1801
  9.78086
  33.0205
  28.1405
  10.9884
 0.752375
  8.74872
  23.3678
  20.3177
  13.1301
    48.91
  33.7775
  35.5423
  13.9065
  15.1126
  2.38794
  38.2005
  38.9234
  2.27893
  27.5385
   24.036
  27.8924
  21.9333
  7.06537
  7.74388
  6.92827
  42.1386
  26.9424
  4.26877
  3.64865
  29.9273
  20.4596
  4.18787
  37.5789
  24.2992
  35.5706
  20.4753
0.0465311
  3.29015
  2.43801
  23.8537
  36.6514
  36.7821
  6.87281
  27.8371
  39.1507
 0.578669
  1.22101
  36.4855
   12.448
  24.9208
  41.0914
  33.7216
  7.11098
  33.5481
  18.5012
  24.9028
   38.514
  19.5237
  14.9681
  35.4245
  8.79949
  3.59324
  10.8855
  36.7547
  9.00183
 0.174465
  38.7405
   32.501
  31.9652
   40.355
  7.71854
  35.5804
    27.69
  22.7871
  20.4176
  6.46752
  8.80172
  5.38202
  33.0797
  44.1324
  0.22887
  11.4004
  15.2454
  31.5263
   2.3507
  24.0635
  12.9072
  8.62702
   6.8443
  33.7608
  1.62141
  16.2901
   5.8689
  28.3985
  25.2144
  23.2613
  11.3099
  16.4467
  29.9613
  10.5172
  8.68236
   13.576
  37.6986
  18.2284
  10.7211
  40.6524
  16.9551
  9.04745
  18.4484
  23.5752
  15.0099
  7.39591
  33.7616
  2.92832
  5.42067
  8.18204
  12.3154
  30.9692
  29.6947
  44.2438
  40.1183
  33.5042
  13.1597
  4.50201
  37.3841
  41.2559
  29.0374
  24.2423
  10.0021
  17.9532
  26.5015
  2.32952
  5.22214
  9.34428
  25.7021
  31.7424
  23.3266
  46.9612
  36.4765
  18.4057
   45.466
  28.0148
  9.47906
  16.9807