  7.04093
  32.7268
  3.44093
  22.4607
  21.1854
  16.7401
  4.69947
  4.89237
  6.26139
  9.64555
  10.7585
  2.97026
 0.489333
   22.718
  6.90506
  19.6694
  4.53036
   21.129
  19.2969
  18.2146
 0.245124
  18.1293
  12.8764
  24.1175
  1.06443
  12.8151
  26.4993
  8.93182
  27.1611
  17.8921
  9.23774
  21.3684
  2.87423
  2.48127
  31.9908
   5.7973
  23.6847
  7.80143
  5.88705
  15.1517
  17.4009
  15.5378
  14.7102
  16.9238
  19.0256
  4.89599
  12.9694
  19.0052
  21.9091
  22.7181
  23.4359
  9.82852
  23.5937
  19.9908
  31.4629
  17.4548
  14.4622
  11.3402
   13.885
  5.35399
  4.44019
   3.7952
  21.2311
   3.1673
  2.45748
  21.8499
  13.3306
  19.4685
  10.2988
  11.7203
  18.5055
  12.5759
  9.41528
  23.1035
  10.1759
  8.30137
  6.21231
  8.83431
  16.9307
  16.4699
  4.84205
   8.2943
  19.7499
  26.0873
  16.0143
  1.34748
  3.86719
  7.78301
  14.5229
0.0271554
  25.4319
  32.3161
  2.71354
  14.1544
  5.42072
  11.0029
  5.40274
  2.99578
  5.99779
  6.10547
  23.5135
  5.77129
  5.52243
 0.409258
  6.71168
  5.92814
  22.9489
  21.2358
  2.76859
  3.88755
   3.6067
  21.0693
  12.4153
 0.492702
  12.5039
  10.9614
  16.6459
  13.6376
  12.0879
  6.29128
  4.01733
  7.75918
  1.31965
  6.13309
  15.0811
   12.204
 0.954219
  5.20609
  4.56103
  6.63175
  16.2969
  19.1647
  1.32206
  9.15687
  1.48247
  17.1697
  14.6989
  16.7477
  20.6187
  7.57258
  13.8793
  9.85944
  3.81477
  5.84771
0.0216684
  2.18312
  8.12613
  10.2818
  4.96577
  12.8569
  21.8735
  17.4567
  10.5851
   2.6011
   22.158
  1.72341
  29.6745
  6.89478
  4.50685
  4.38069
  15.1925
  12.2184
  2.08535
  9.25887
  0.29082
  23.2222
  19.5453
  10.9849
  18.0316
  17.4209
  6.87113
  16.8139
  12.6063
  12.6082
  6.53308
 0.622958
   3.4958
  20.7628
  15.6615
  21.9424
  3.37791
  2.35724
  9.06195
  3.47659
  6.75582
  26.7915
  1.91163
  18.6885
  15.7404
  16.5447
  10.4293
    6.214
  6.40848
  2.65163
  12.9523
  2.22476
  1.45775
  12.3039
   1.4602
  26.3962
  11.3267
  8.66203
  16.6095
  4.35719
   1.9172
  28.3742
   19.488
  4.30673
  11.1511
  20.3444
  5.46429
   30.579
  5.63176
  25.1616
  35.5597
  12.9084
  21.5094
 0.337902
  5.89448
  18.1896
  5.01016
  6.50447
  7.34482
  9.56041
  4.73686
  9.99277
  11.7112
  8.22788
  22.0137
  3.83129
  5.77215
  15.4947
  10.8967
  10.5273
  5.47582
  5.66653
  8.02779
  1.85627
  1.80691
   9.2841
  5.00123
   12.196
  6.79986
  24.8297
  1.67784
  5.74458
  0.90466
 0.059488
  24.6654
  5.60822
  18.5996
  6.81213
  3.25937
  2.84678
  15.1876
  17.4147
  25.3312
  18.7437
  11.1008
  15.5389
  10.3225
  16.9258
   22.685
  15.9249
  9.59407
  19.3148
  20.3446
  11.9691
 0.510416
   2.3615
  28.2238
  3.77084
  15.9654
  16.3274
  20.3221
  16.5454
  15.3863
  12.4254
  27.4378
   13.113
  21.1026
  11.0925
  9.22607
   23.243
  30.1481
  25.3868
  24.0554
  15.3303
  16.0854
  38.5568
   11.888
  25.2326
  7.37693
  5.17054
  11.3192
  20.7753
   16.191
  16.4415
  6.39331
  34.8106
  11.1447
  7.95292
  4.75468
  5.34109
  1.63923
  7.78427
  1.64008
  17.5488
  22.1464
  33.4957
  14.3919
  21.0193
  4.56816
  26.0232
  17.4594
  12.8205
  10.2605
  3.86892
  27.4135
  21.3099
  8.34172
  4.55288
  20.3155
  5.22014
  3.77876
  3.86233
   9.3375
  17.1824
  13.6938
  0.18586
  9.69221
  21.1976
  16.1629
   9.4478
  13.5984
   3.0231
  3.31478
  6.04544
  12.9984
  23.1264
  11.0624
  33.3392
  31.4087
  31.6718
   28.425
  18.1327
  15.1706
  10.4642
  3.32217
   1.7547
    27.42
  5.13167
  9.94597
  4.67842
  11.3446
  1.85697
  10.1881
  33.3798
  33.3409
  5.68014
  26.6606
  21.6038
  12.5215
   13.953
  8.90481
  9.66432
  11.5776
  5.08398
  13.6712
  2.58757
  23.2262
  16.1815
  12.3868
 0.566612
  14.3265
  4.53816
  2.45566
  4.02005
 0.356395
  9.96561
   6.5285
  34.3906
  26.3283
  26.1948
  27.5013
   9.5429
  6.83821
  9.53504
  11.2214
  8.60926
  26.6925
   11.507
  11.0679
  8.80891
  11.7954
 0.305214
   22.388
   11.668
  13.7542
  6.75875
  7.97076
  5.99849
  23.8017
  18.8105
  3.14872
  18.3168
   7.8935
  1.22377
  19.0424
 0.949318
  1.63379
  6.49276
  2.97119
  1.27419
  9.24244
  3.56124
  17.2279
  12.1466
   29.516
  19.6726
  27.4371
  15.4892
  22.0498
  13.0757
  21.2137
  11.6637
  18.6586