    19.467
   7.04229
   28.7381
   33.0127
    36.371
   9.00204
   43.9964
    16.411
   7.45155
   28.1822
   18.2308
    10.958
   8.11108
   4.03771
  0.921271
   14.1178
    29.924
   0.78389
   1.30401
   1.88973
   2.79981
   6.24228
   6.09653
   8.36059
   2.50966
  0.547937
   1.82095
   26.4156
   8.43043
   30.8995
     3.558
   13.2983
   12.0708
   2.93255
   14.1692
   1.70845
   2.28695
   19.6453
    3.4459
   2.68905
 0.0166745
   14.4766
   26.8031
   39.4843
   1.39022
   36.9109
   56.5428
    18.856
   17.5442
   2.55906
     15.91
   5.60215
   2.98073
   11.8811
  0.435878
   3.50699
 0.0299319
  0.791433
   4.10567
   2.78792
   1.68061
   5.16703
   10.3755
   2.84983
   16.9681
   6.12764
   9.94803
   5.32289
   39.4631
    2.1711
   2.89798
   7.01463
   41.7972
   17.3237
   6.52273
   1.40344
   9.56762
   6.53121
   2.51705
   1.08488
   14.8576
  0.903622
  0.603013
   9.15659
   2.55705
   4.73469
   48.7423
   12.7596
    15.501
  0.906038
   3.64203
  0.296959
   5.25024
   0.16698
   1.22821
   15.1101
   3.06773
   6.29319
   2.52706
   13.0646
   1.82898
   3.40646
0.00066887
   38.5401
   6.55127
   3.23415
    0.4443
   1.26675
   7.89346
   6.73129
   2.57719
   4.01637
   15.5694
  0.560219
   4.70985
 0.0349169
   2.91768
   1.90296
   1.40696
   21.5498
   5.72567
  0.431936
     0.765
    5.2987
   4.73085
   3.73878
   10.4638
   54.7258
   2.43425
   3.71115
   4.24762
  0.389688
   17.7208
  0.583714
   8.93573
  0.994452
   7.87441
   18.7119
   2.25998
   1.24775
    2.0072
   2.39556
   2.64839
   5.72067
  0.146402
    1.4817
   7.45743
   4.77632
   11.9768
   5.97955
 0.0297455
   6.84191
   1.09359
  0.673468
   19.5341
   1.71005
   2.94997
   13.1134
   1.23595
   2.80483
  0.279811
   1.64923
   1.47992
   8.50811
   2.29295
   4.41025
    9.5429
   1.30236
   1.66208
   4.83137
   7.40453
   11.6413
   13.9336
   6.57897
   2.67926
   2.44279
   14.9934
  0.177362
 0.0242936
   2.31048
   3.98851
   2.37938
  0.853908
   2.91571
   2.32343
    1.5854
   1.35847
   1.15578
   2.68145
   5.71676
    1.7276
    8.9355
   3.93684
    2.6443
   15.6936
   4.40178
   3.60727
   11.2973
   3.94121
   2.97483
   4.18338
    19.874
   17.2752
    2.3146
   2.56418
   18.1658
   50.3725
  0.894074
  0.988727
  0.618881
  0.343964
   2.88556
   4.02704
   2.79293
   1.25063
   4.72103
  0.233283
   24.1394
   0.98372
   12.2765
   43.2182
   3.00025
   17.6102
   2.99788
  0.182377
   3.03151
   35.9778
   39.6718
   37.6708
   7.98099
   36.1951
   14.1674
    8.2305
   3.21544
   12.7111
    1.8187
   43.1397
  0.309778
   1.53013
   3.52276
   3.01555
   39.5439
   8.82644
   5.27625
   6.70848
  0.354573
   16.8071
   2.63281
   36.3101
   6.20399
   12.8951
   3.01268
   5.32654
   13.0714
   13.1233
   40.3662
   20.1922
   20.4401
   31.6369
   2.98647
   47.6972
   5.47181
   37.2675
   13.6772
   14.3059
   39.8706
   2.02346
   13.5839
   4.28445
   9.15061
   10.3545
   30.4379
   41.6057
   14.8334
   3.62424
   2.14381
   2.17033
    7.4203
   1.44656
   3.35749
   17.1693
   13.4814
   51.5171
  0.429321
   4.28633
   0.26713
   16.2321
   40.3951
   31.1022
   33.3803
   29.5306
   5.28657
   2.77922
   44.7004
   5.95691
   7.28237
   1.76826
   14.9119
    2.3955
  0.145332
   9.07818
   9.28246
   5.92621
  0.300785
   40.3873
   32.4295
   28.5276
  0.914266
   9.05364
   3.95607
   19.1591
   12.7327
   7.47377
   7.34664
   14.0681
   8.31596
   4.10097
   13.5123
   2.17264
   7.87485
   10.6656
    11.101
   2.40488
   2.92967
  0.157487
   14.1741
    13.029
   10.3389
   4.70944
    1.5275
   33.8225
   11.9658
   5.96481
   9.78937
   3.64736
   7.33695
   3.72893
    41.864
   43.4349
    7.1357
   1.56104
   17.2981
   30.6995
   26.0678
   14.1627
   10.2556
   13.3576
   9.00456
   41.1139
   51.4019
   15.5676
   1.60958
   15.8065
   7.04915
   11.1698
   5.09607
    1.3631
   7.51328
   6.16967
   2.85625
   12.8076
   50.6972
   40.1144
    38.021
    43.406
   33.5227
   47.3736
   43.2827
   45.8549
   33.8783
   42.4884
  0.429182
   3.90739
    6.0887
   3.57509
   3.03916
   0.42856
   16.2135
   2.80257
   2.79566
   1.92956
   16.1987
   3.86178
   6.38163
   13.0475
  0.618601
   19.0942
  0.698807
   1.31698
   31.4182
   50.7172
   44.3425
   45.4497
   3.85232
   6.96328
   13.7514
   11.7933
   52.4622
   46.3921
   15.8898
     47.54
   40.2063
   41.3184
   38.5708
    12.008
   11.2899
   3.34171
   8.19695
   7.63714
    12.127
   11.0969
   1.44899
  0.910582
 0.0871481
   3.19064
   47.4887
   17.0849
   6.11961
   17.7806
   7.48756
    4.0359
   2.22891
   7.60199
   28.8533
   47.3774
   4.68244
   1.38677
   2.87472
   1.04992
   11.0017
    18.552
   5.95458
   33.9583
   1.11227
   5.82303
   39.3322
   16.8887
   5.68363
   21.3233
   15.4291
   10.5864
   1.81278
   48.4909
   27.7756
   41.0788
   40.2975
   36.9917
   2.84448
   45.2215
   12.2722
   24.6217
   35.7063
   31.8028
   13.3382
   28.4637
   41.0356
   3.57115
   36.9433
    29.722
   32.2272
   11.8862
   9.37263
   43.0815
   47.8976
   29.8592
   3.88196
   15.3661
   45.4559
   19.6397
   32.4009
   43.1089
    36.846
   34.0968
   40.0686
   22.8851
   51.0774
    47.383
   54.7831
   43.0868
   51.6225
   44.6008
   46.0932
   46.2953
   1.48616
   17.9951
   46.3388
   42.8502
   42.7349
   44.5711
   35.4236
   47.3113
    51.646
    17.651
   36.5004
   34.3293
   42.4337
   36.6314
   27.8235
   46.4077
   45.4437
   51.0214
   38.5986
   19.2704
   4.77822
   37.6486
   43.8986
   52.0948
   45.3223
    48.791
   37.4596
   50.3117
   9.59735
   33.8809
   21.3362
    38.677
   21.9373
   48.7422
   49.5435
   48.1265
   9.87238
    46.375
   8.29522
   8.13449
   39.7149
   43.5744
   41.4793
   50.0929
   13.1161
   7.78687
   6.47412
   48.3033
   34.3385
   26.4474
    52.493
   37.3606
   31.1413
   3.70256
   2.03298
   5.77523
   41.7285
   40.8705
   4.99185
   3.73757
   48.7776
   37.3571
   10.7178
   24.2198
   40.9663
   49.6224
   34.4553
   47.5191
   37.1169
   6.22343
    34.574
   43.2359
   35.4202
   40.0582
   44.1916
   32.7048
   9.80787
   39.1691
   3.13477
   11.3166
   7.47799
   4.45511
   3.55894
   14.1867
   8.88311
   34.9044