  1.00985
  8.42363
  6.53816
  4.57298
  6.08781
  5.54393
  12.9301
  10.4498
  3.43341
  31.8663
   12.378
   16.795
  5.19365
  14.4335
0.0011488
  20.1027
  3.91328
  42.3978
  21.3009
  40.4801
  26.8598
  5.30214
  6.49761
  17.6752
  5.96406
  4.70961
  3.68301
  9.04108
  7.85068
  9.78259
  6.64176
  10.7582
  31.0263
  3.28724
  8.96157
   4.0351
   2.6293
  15.7961
  3.36769
  40.5448
  1.72003
 0.232811
  3.47175
  4.38339
  17.7983
  11.8896
  17.9378
0.0347841
   5.5147
 0.480812
  5.43038
  7.82671
 0.376618
 0.205522
  3.26517
  10.5421
  12.3569
  1.84674
   16.732
  5.22678
  17.3688
  1.64106
  17.7037
   22.129
  0.29576
  4.80291
  9.20458
  3.18738
  14.1364
  1.84285
  3.35978
  37.6271
  4.69429
  11.0791
  23.3485
 0.905554
  14.8294
  4.27438
  1.83712
   13.712
  9.96623
  3.55022
  16.5007
  14.4421
  8.78209
  16.6151
  2.40282
  4.86722
   7.2775
  7.31809
  2.44253
  9.23656
  11.3184
  3.92625
  8.04943
  10.4975
  11.3136
  4.36706
  2.81408
  7.47209
  7.15671
  21.5306
  16.2035
  3.12638
  5.64157
  4.16391
  4.12222
  4.84495
  15.6697
  6.12973
  4.65894
  14.8919
  9.54524
  7.78334
 0.357432
  10.4689
   3.1325
  9.42215
  2.48725
   7.9384
  12.5553
  6.51668
0.0192167
  7.82759
  7.79221
  7.69045
  3.67349
    6.641
  2.76179
  14.8036
  2.91641
  2.72247
  9.11345
  1.83892
  4.02359
  9.47292
  15.1994
  4.16861
  7.97554
  8.64416
  3.71178
  6.99562
  2.72586
  11.2583
  1.97985
  1.90269
  1.67775
  5.87029
   7.0323
  7.25135
  10.1022
  2.33937
  8.66191
  5.42325
  2.99822
   35.674
  7.69981
  8.22638
  3.37877
  1.96743
 0.155918
  3.58951
  8.64064
  4.63488
  7.43918
  2.50089
  3.39687
  2.59325
  17.0986
  6.92082
 0.337431
  4.34425
  11.3017
  2.79756
  3.35777
  6.10656
   6.2358
  5.29416
  13.7943
 0.359662
  1.28315
  3.44331
  6.79572
  10.9192
  9.24296
  8.01137
  16.8219
  5.84174
  4.58348
  5.34368
  12.4299
   10.305
  5.74927
  1.47821
  4.81016
   7.2031
  13.4452
 0.919405
  2.52499
  6.76064
  15.9677
  3.58231
  9.38256
 0.695425
  17.1129
  15.4142
  3.20921
  4.01824
   3.1314
  2.04386
  6.21092
  0.51769
  5.14777
  2.73896
  35.7705
  3.99806
  2.35994
  6.36405
 0.236122
  7.44234
  31.7279
  8.86171
  21.7794
  2.60315
  3.37625
  3.40134
  14.0074
  8.82174
  6.72766
  10.1406
  7.54004
  3.86527
  3.39876
  12.1107
  1.67378
0.0157392
  3.95424
  7.97672
  2.85085
  4.46331
  10.0575
  2.65143
  2.48245
  2.66815
 0.441959
  3.93814
  6.95961
  6.53157
  10.2665
  3.11317
  3.13352
   11.018
  5.27279
   6.1786
 0.531371
   12.794
  10.0048
 0.655867
  9.17264
 0.467101
  3.46761
  6.09136
  9.18395
  3.77278
 0.706763
 0.946175
   8.1038
  6.15782
  6.67106
  1.35953
 0.943318
  26.9952
  5.89291
  4.81989
  1.60457
  6.71307
  5.48221
  6.57448
 0.366049
  4.64983
  5.34048
 0.217661
 0.611959
  4.50179
 0.439698
  6.50963
  4.11388
  8.04767
 0.354288
  6.55307
   12.549
  5.32257
  4.68346
  7.43461
  1.29787
  1.75689
  3.18884
 0.952903
  6.08278
  10.2176
  5.98226
  1.48454
  12.0244
   3.5742
  1.15486
  11.7522
  12.1162
  20.8974
  4.12134
  16.2608
  2.68904
  32.6159
  39.9531
   32.021
   2.4654
  31.2452
  3.13824
 0.234979
  9.18449
   5.4369
 0.150612
  26.4037
 0.278831
  15.8464
  22.4055
  10.9476
  11.3257
   7.7059
   11.684
  5.49138
  21.7935
  8.04656
  20.1046
   4.6132
  16.9884
  3.33098
  18.0493
  5.88515
  2.71486
 0.834824
  8.55356
  38.4085
  14.5731
  29.8246
  3.61848
  3.38478
  39.1739
 0.663782
  5.29118
   2.6126
  10.6803
  32.2535
  14.4709
  19.3182
  5.76489
  4.98239
  9.71924
  14.3995
  14.0504
  35.3179
  11.1271
  5.46177
  4.03745
  1.84431
  4.76381
   2.6408
  9.75451
  3.19876
   3.5603
  11.6265
 0.352017
  6.94939
  6.06225
 0.590485
  71.8198
  38.3275
  7.60553
  17.1709
  44.2483
  4.07288
  7.43794
  22.9573
 0.314314
  11.6888
  1.04432
  1.87605
  4.20648
  3.50305
  1.41476
  44.4101
  2.19195
   7.7502
  4.73452
  7.58778
  12.0871
  20.8929
  4.62895
  3.62775
  1.55335
  7.34897
  5.69785
  2.99217
0.0249904
  6.12119
  15.5527
0.0500734
  7.08532
  23.1178
  27.6244
  7.34897
  2.34123
0.0838812
  33.0764
 0.122008
   1.4597
  6.43146
  2.43296
  9.53214
  22.9464
  3.85978
   28.185
  14.9003
  51.7847
  35.8932
  13.5243
  8.08947
  8.20058
   5.4367
  2.47557
  11.6327
  15.2951
  14.4232
  38.4836
  11.3589
  24.4922
  1.86616
   1.1613
  11.5613
 0.779544
  4.69603
  25.1734
  5.45248
  4.74022
  75.1493
   42.247
   15.839
  8.11358
  3.76635
  4.47504
 0.580363
   1.0756
  10.1293
  48.2621
  6.97263
  35.7111
  57.0089
  7.69381
  48.1425
  14.3419
  46.0919
  42.2258
   16.739
  1.36732
  4.69537
  2.53933
  16.7936
  4.88668
  4.39729
  56.9669
  30.6906
 0.508273
  4.71667
  7.57974
  40.1676
  12.8913
  14.8077
  16.4881
  10.5596
  3.83404
  6.71338
  9.55749
  4.33307
  12.5404
0.0609313
  4.69391
  3.67576
  16.7949
   11.486
  1.54994
  2.25596
  1.91077
  4.57191
  62.2131
  84.3678
  66.0341
  4.09776
   1.9037
  11.0224
 0.189902
   7.8223
  4.32339
 0.611818
  3.42289
  4.97466
   13.563
  27.2342
  11.8477
  5.00628
  7.53749
  4.24539
  71.4172
  28.0217
  45.9481
  12.5864
  57.0133
  7.28451
  38.3679
  52.0085
  69.8913
  82.9865
  67.9579
  6.11165
  76.2669
  43.4833
  56.0109
   5.5505
  6.05233
  34.6346
  10.6091
  7.10076
  5.18691
  39.4641
  16.0882
  3.08325
  70.6847
  34.2935
   5.1689
  17.5596
  10.0924
  11.4472
  37.3793
  51.7041
  42.4457
  46.5182
  52.8677
  8.23497
  8.65843
  3.96319
  58.8479
  6.43241
  42.3349
  21.5357
 0.627003
  37.4026
  36.9372
  24.7858
  10.9637
  51.3367
  1.36784
  46.5358
  15.3871
  5.81725
  4.16949
  67.4059
  78.6252
  4.36289
  1.23843
  44.9905
  56.2956
  38.7631
  41.3768
  27.9002
  3.29947
  4.66274
  44.9631
  37.1852
  6.96307
  10.4496
  5.14837
  40.5762
   10.834
  10.2729
  47.8048
  49.2999
  37.1448
   7.4423
  69.8873
  68.3411
   78.917
  81.7666
  68.2706
  79.1529
  84.4307
  63.6397
  12.0647
  77.4995
  59.0538
  5.04357
  17.2192
  6.59456
  1.84718
  81.9466
  21.0596
   76.845
  44.6254
  5.94727
  78.8358
  17.8262
  1.84545