8.52547
10.4583
12.0223
14.4208
 17.915
18.6034
19.8978
  20.01
20.4545
21.6454
22.3174
22.4248
23.2232
25.6563
25.6983
26.4638
26.6683
26.6826
26.9002
 26.967
28.0067
28.3194
29.2704
30.9151
31.9306
32.7098
33.4143
33.5749
33.8135
34.0698
34.8806
36.1414
36.9311
37.0751
37.0764
37.3193
38.5471
38.9929
39.0457
 40.772
41.3432
41.7219
41.7956
41.9376
42.1459
43.8451
44.8792
45.0083
 45.552
46.7102
47.2953
48.9632
48.9684
50.2966
50.3952
52.2736
52.6337
52.7125
53.0404
53.7847
54.6094
55.0896
56.5389
56.8752
58.7073
58.9032
60.1686
61.7486
64.0977
66.1576
 66.651
67.1895
68.6675
68.7317
69.1512
71.5316
75.4751
79.6253
79.9295
81.6046
82.2283
83.7802
83.9889
87.8529
 87.951
88.5606
 89.015
89.4202
89.8633