 15.5515
 28.3882
 12.2703
 17.9722
 12.9972
 5.25797
 6.69394
 7.87648
 53.4845
 15.4399
0.392924
   21.45
 4.70165
 7.57471
 5.98425
 15.0195
 4.28534
 11.3526
 17.2192
 9.91572
 8.58757
 16.8812
 5.88272
 9.93513
 3.00878
 4.33154
 17.5662
 12.2567
 13.8337
 24.4792
 4.99722
  8.2559
 19.0298
 21.1559
 11.2814
 17.0115
 23.9191
 16.9106
 9.23032
 9.90778
 13.8141
 32.1391
 4.53547
 27.5046
 21.5205
 9.78191
 14.9106
 10.0836
 3.79244
 3.81896
  12.872
 34.4582
  22.569
 13.1472
 9.18296
  6.3672
 3.78771
  3.3634
 4.03466
0.940694
  8.9313
 11.0523
 34.9392
 33.6956
 18.5254
 23.8607
 2.62198
 27.0397
 17.2936
 2.89563
 1.98285
 3.63096
  8.9916
 7.40428
 15.8305
0.285132
 3.92481
 8.15582
 18.7614
 16.7352
0.719247
 13.4058
 20.2751
 27.4747
 6.09449
 4.52528
 25.3893
 5.58277
 10.4817
  22.521
  4.4467
 7.35183
 11.7479
 13.4432
  14.109
 34.2493
 9.53597
  9.6184
 9.76276
 1.55337
 4.30953
 17.3283
 31.4769
 30.0494
 8.27729
 6.86939
 5.52403
 6.47516
 19.2544
 9.85199
 3.29938
 2.82968
 15.3854
 9.30893
 42.0139
 3.99595
 11.0489
 24.9369
 4.00513
0.283707
 12.6448
 2.39447
 19.7412
 26.6942
 11.7194
 15.1038
 16.0394
 11.6016
 3.11181
0.701932
 41.7844
 2.78969
 1.44187
 33.3928
 2.37138
 36.4765
 4.31763
 7.87481
 3.65399
 6.46077
 6.33247
 45.2665
 31.8867
 5.00319
 3.54979
 9.52094
 18.1155
 7.31992
 11.2219
 6.67605
 6.66524
 24.0552
 10.0033
 1.06941
 18.2155
 12.9955
 9.92203
 7.77648
 24.4867
 7.10145
0.863458
 8.34464
 6.20929
 28.2439
0.404989
   1.167
 19.3942
 20.4551
 43.7636
 3.33246
 5.23872
 19.8038
 19.9544
 17.5789
  4.5852
 12.6279
0.566389
  48.137
 58.7083
 4.51502
 19.6047
 1.80742
 37.1916
 5.65837
 11.8179
 21.6423
 28.4635
 2.44028
 10.1638
 40.1623
 28.7221
 18.0801
 13.2529
 11.6885
 4.17791
 30.4824
 12.4977
 3.70651
 19.1209
 8.77456
 50.0842
 16.6629
 47.8348
 27.3538
 4.44716
 2.45213
 26.5858
 30.4989
  0.6292
 4.82679
 6.52894
 7.46157
 7.68572
 4.66439
 28.3817
 8.85561
 1.88102
 8.48693
 6.47377
 18.0127
 20.7747
 10.6192
 25.2137
 8.78879
 31.3283
 20.1796
  4.7485
 20.1562
  42.492
 35.1245
 40.4937
 20.3467
 13.4903
 30.4818
0.637791
 29.4042
 18.1557
 44.3708
  43.949
 18.9452
 29.8936
 2.41562
 2.38325
 4.67736
 16.9386
 18.5998
 18.0967
 16.3769
 14.5269
  11.961
 4.93967
 39.8779
 19.7135
 15.0962
 46.5895
 31.2115
 46.2381
 25.3766
 47.2198
 15.1062
 15.5384
 10.0486
 42.2677
 20.0111
 52.6016
 11.1114
 14.2703
 44.5797
 16.9963
 13.1374
 47.1444
0.362196
 18.9893
 10.5138
 49.4604
 26.7311
  3.9338
 47.1573
 9.80248
 2.63561
 8.66336
 41.0681
 29.6851
  17.269
 25.7055
 5.36502
 11.9608
 1.89336
 15.2075
 4.96878
 46.7315
 44.8357
 32.2488
 1.00171
 48.7453
 26.2206
 42.7731
 45.7892
 30.7095
 38.5906
 3.42299
 8.40577
 24.1211
 8.14194
  6.9031
 10.7777
 15.7843
 26.5809
 8.60063
 24.4114
  14.059
 12.3916
 19.4095
 22.4259
 10.3955
 35.7347
 7.42998
 29.1667
 6.43778
 1.35353
 20.0155
 36.8349
 35.1287
 21.1304
 11.6483
 31.3595
 19.6763
 5.66448
 6.53091
 10.4977
  43.084
 38.8906
 1.21155
 46.3697
  6.6215
 14.4979
 20.4858
 2.77714
 36.1707
 14.7429
 15.6521
 20.3922
 2.49584
 4.05838
  18.988
   32.22
 8.48441
   1.202
 30.3416
 42.9509
  15.383
 15.8681
 22.7227
 6.75958
  24.193
 10.2132
 6.08492
 46.7456
 6.55467
  1.0753
 48.7955
 31.3659
 49.1547
 4.87807
 7.45313
 16.4371
 47.6344