 27.9081
 25.1736
  6.6493
 8.36028
  26.832
 34.3436
 32.9122
 8.25784
 24.4534
 1.83805
 3.89293
 12.6813
  24.082
 2.61997
 30.1585
 3.41127
 38.8202
 2.63013
 10.7322
 39.5246
 32.3226
 14.3526
 21.5421
  6.7227
 7.30082
 9.06614
  15.099
 26.6829
 29.8107
  5.5286
 2.96435
 25.0183
 19.4705
 6.85241
 26.9696
 23.2796
 1.95334
 37.7239
 26.4786
 14.9318
 34.1559
 5.80425
 28.3009
 1.98427
 19.2394
  38.865
 2.58502
 36.0017
 20.8996
 41.3316
 19.8797
 9.29396
 12.6485
 26.2382
  1.9566
 42.9722
 29.0121
 23.7294
 12.8282
 17.0674
 32.1832
0.945924
 6.24865
 29.0865
 32.5533
 4.10336
 8.02801
 16.6492
 22.1362
 31.5823
 7.97362
 19.0006
 4.26386
 13.3212
   24.09
 1.26688
 36.5263
 1.13309
 23.9302
 23.6636
 9.33502
 32.2419
0.471271
 21.3942
 4.27434
 10.8953
 16.3168
 8.76303
 14.7383