4.08183
 70.325
50.0555
50.7056
60.8039
33.4098
4.08145
36.5191
14.5757
19.5917
17.1749
19.3311
6.00041
82.7948
48.3577
73.9701
53.1421
34.0018
32.3906
60.6762
26.3939
33.4527
81.0256
32.1952
3.86695
 35.341
5.53134
20.9442
19.3294
4.96045
5.08554
8.79163
4.47943
63.6863
17.7096
69.1354
73.9755
81.0799
36.7404
5.72327
17.8138
80.8955
89.8808
16.3557
69.1019
8.75513
6.91897
 32.948
 3.6745
83.2887
74.7496
79.8435
75.7781
28.6816
11.0416
20.4699
33.4527
36.1016
80.8955
53.1075
73.3078
27.0385
26.6567
4.49719
67.0315
60.8041
56.5595
34.7641
58.6335
 81.578
51.9621
53.2988
15.5867
17.1978