   19.0317
   4.73293
   3.03345
     2.605
   4.45282
   11.3612
   41.7867
   4.39125
   13.7713
   13.0869
   26.9035
   40.4179
   28.7466
   9.38139
   43.2979
    40.995
   2.80663
   11.8469
   13.5454
   2.33195
   4.13065
   50.1619
   9.50752
   28.0189
   23.5313
   49.5162
  0.115624
   4.48961
   29.8281
   9.98196
  0.330811
   12.6084
   22.3216
   4.82277
   34.4302
   7.30628
   3.87734
   15.2221
   5.32706
   7.04706
   7.95533
   32.0065
   3.16843
   9.95449
   13.4754
   15.6148
   4.50766
  0.166283
   9.10346
   6.62322
   15.3036
    10.544
   12.3838
   30.7299
   21.8575
   11.2998
   12.5518
   2.99514
    17.752
   7.33426
   21.7192
   19.1461
   10.1611
   2.95365
  0.874205
   3.93018
   15.0675
   8.19397
     1.859
  0.208562
  0.956259
   3.77477
    8.7595
   1.36695
   14.2397
   34.6277
   6.73235
    9.3484
   19.3004
   11.5643
   9.67471
   16.5035
   13.5708
   17.8515
   8.17842
    10.455
   20.8404
   19.8393
    14.994
   21.4896
   9.27141
   6.87393
   23.2041
   3.98599
   1.52024
   8.37864
   18.4822
   7.97628
   45.7358
   25.7784
   2.52548
   0.24541
   7.41908
   5.01219
    25.976
    7.7031
  0.595855
   30.2505
   4.73399
   3.23918
   19.3713
   25.0785
   22.1775
   5.61023
   1.99703
   4.46068
   2.36397
   1.05712
   1.39491
   30.1692
 0.0459889
   6.50534
   15.3805
   10.0523
   48.1305
   9.16114
   16.2063
   20.9755
   5.66811
   5.30849
    23.554
   9.92209
   18.4967
    15.658
   1.54593
    19.141
   13.3342
   28.2656
    2.0022
   32.1668
   6.23116
   11.8073
   20.9161
   11.2607
   8.52541
   25.0821
   15.1309
   4.78603
   13.2039
   3.82076
   28.1928
   7.89744
   11.1644
   31.3605
   10.2055
   8.59488
   9.01064
   2.09397
    9.0193
   4.09315
   45.1606
   50.8605
   16.9421
   1.61982
   31.3134
   20.9842
   13.3499
     29.52
  0.470105
   15.3809
   31.0829
   9.09998
  0.010789
   10.8514
   1.35811
   16.5463
    4.5987
    2.4017
   2.86989
   19.5746
    9.1651
   12.0733
   9.16223
   8.57446
   22.5096
   29.1793
   5.71071
   22.3627
   2.51043
   32.2255
   21.0903
   28.2377
    7.8248
   8.96613
    23.734
   24.1994
   10.7263
   15.1592
    13.319
   1.69779
   27.4627
   5.34693
   5.09269
  0.837405
   7.33927
   6.93406
   16.1141
   33.3408
   29.3249
   28.2918
    9.4248
   13.5251
    12.027
   1.49388
   24.8321
   20.1805
   2.33644
    5.5422
   28.0654
   13.5516
   32.8406
   5.89773
   13.5613
   4.56676
   27.1924
   13.2143
   3.48564
   14.8364
   17.2243
   0.61473
   9.85312
   7.85717
    7.4831
   28.7863
   26.9038
     7.037
   1.83975
   15.4496
   1.17243
   3.53178
   11.6286
    2.7405
   1.52062
   13.8301
   26.7169
    17.295
   5.26295
   10.0197
   10.5294
   12.5257
   31.5888
   24.6092
   8.15652
   24.7358
   25.0192
   12.1819
   8.62284
   5.58643
   4.69119
   2.15064
   4.14156
   14.9806
   11.7247
   1.50685
    5.5968
   29.2718
   1.54067
   20.8575
  0.298988
   11.5529
   15.5627
   6.59479
   5.33814
   30.2915
   28.1169
   9.75315
   12.6059
   20.0716
    8.2109
   18.6547
   70.1701
   5.13646
  0.731296
   12.1302
   28.6622
   48.8714
   28.1036
   1.99368
   11.1798
    28.249
    67.505
   1.05877
   39.7364
   2.64198
   26.6962
    15.667
   3.87983
   6.12505
   1.71513
   2.56433
   8.73872
   52.6874
   25.8313
   7.98953
   16.9819
   28.5451
   9.25891
   12.3984
   26.8107
   40.7419
   1.60694
   1.55455
   4.05846
   11.1868
   1.61287
   5.78741
   3.41586
   1.79431
   11.9651
   16.6316
   2.91711
    5.7663
   5.90859
   27.7596
    25.073
    6.7919
   30.9207
   39.0334
   4.20826
   22.4915
   14.4087
   7.75119
   13.0852
    1.4692
   4.33781
   31.0284
   3.33833
   1.44165
   6.77504
     5.485
   14.1138
   2.38125
   1.97409
   29.7335
   15.1051
   20.9315
   46.8328
   35.9583
   14.4783
   7.97296
   37.9061
   38.6337
   39.5045
   41.0057
   20.7012
   7.16787
  0.252242
   8.08896
   2.44407
   11.0162
   21.1825
     5.542
   26.4494
    15.675
    10.575
   24.5639
   30.3241
    10.762
   40.9944
   35.1048
   3.60576
   3.72159
   9.76543
   7.23359
   1.94687
    10.575
      11.6
    11.331
   11.6044
  0.777984
   4.68349
   3.76451
    4.1323
   5.53855
   7.55816
    4.9262
   9.89298
   10.9217
   3.90043
   3.43408
   7.41476
    12.322
   2.39086
   20.1223
   65.9479
   15.1223
   4.44718
   3.94862
   5.75731
  0.967633
   2.07388
   8.81756
   13.3946
   35.8979
    42.771
    16.981
   12.1112
   24.1584
   2.22225
   49.5297
  0.964597
   10.5933
   29.6727
   69.9844
   10.1463
   6.22689
0.00673663
   5.29617
   1.27252
   21.7438
   15.4048
   14.9034
    3.9567
   7.70211
   13.6462
   29.8087
   3.56418
   2.18856
   26.0407
   49.2113
   35.3917
   49.2772
   11.8087
   10.8801
   3.63597
   27.9914
   27.4342
   21.2662
   4.10474
   17.4569
   41.3652
   4.70051
   0.58212
   11.8164
   8.78646
   17.1531
   13.1965
   7.55117
   12.2032
   19.6894
      4.03
    9.9413
   8.83621
   8.56878
   11.6588
   6.33888
    4.1845
   6.75703
   11.6158
   1.86618
   21.3973
   51.4709
   5.62716
   16.6312
   31.3284
     4.952
   14.9575
   8.75478
   32.6426
   53.1539
    46.989
   1.40385
   5.75442
   6.51526
   57.5766
   73.2273
   1.46244
   3.24673
   34.3778
   73.7964
   15.6001
   60.4303
   27.2101
   18.5126
     18.06
   3.83117
   32.4151
   4.00458
   2.06399
   2.84893
  0.281372
   67.3393
   51.2104
   6.16059
   4.87281
   21.5287
   13.9685
   1.67785
   8.20816
   11.2731
   2.76058
   11.4218
   37.5849
   22.9149
   5.55471
   50.3543
   5.02465
   42.5325
   29.4371
    3.8806
   73.7005
   21.2505
   1.46928
   3.39715
    18.896
   47.4501
   20.2099
   34.2853
   17.5736
  0.915604
   13.3069
   19.2829
   8.19403
   5.93093
   10.1352
  0.896788
   32.3464
    4.8962
   23.0809
   5.25812
   7.55522
   16.8257
   14.1167
   44.0519
   26.1402
   16.6049
   25.6804
   26.2971
   39.6357
   35.7449
   15.5354
   28.7696
   22.9798
   22.6239
   6.35336
   1.07005
   61.6437
   59.7071
    27.569
   57.9806
   66.4228
   65.0237
   9.99353
   15.8492
    9.8092
   21.8349
   33.0043
   23.3807
   53.1689
   16.9639
  0.275808
    34.542
   43.8933
   45.3313
   1.02605
    13.232
     18.03
   1.79047
   7.61001
   13.8693
   22.8806
   38.5529
   38.5032
   27.5002
   3.97926
  0.278197
   26.2853
   17.4851
  0.654079
   42.3061
   53.1607
   42.5331
   1.54742
   37.2987
   6.22241
   28.8681
   8.78052
   67.4702
   31.5242
    18.539
   47.9198
   38.8066
   13.4023
   4.63551
   29.4566
   17.1702
   2.48574
   22.4864
   11.2958
   9.30003
   2.66788
   4.52018
   8.46182
   41.6788
   3.00285
   22.2393
   22.0829
    7.7318
   6.96786
   6.73644
   32.1045
    37.291
   17.7809
   17.3857
   7.74482
   31.4134
   24.5806
   41.9352
   24.4198
   41.1176
    37.131
   21.8049
    24.417
   2.98025
   60.5451
   47.0269
   29.4805
   51.2652
   30.1903
   39.6991
   13.4067
   11.1905
   43.6361
   18.9763
   4.49247
  0.281537
    44.541
   47.5735