  24.0085
  24.3662
  19.5852
  10.1136
  14.0566
  30.5284
  11.1986
  9.52824
  1.64443
  7.57774
  1.39302
  9.30976
  5.42886
  4.93349
  6.06274
  4.58815
  21.9038
  19.6977
  1.91202
  29.5444
  17.0252
  30.2678
  43.3278
  38.0647
   30.221
  34.5488
  33.6658
  18.6603
  34.9953
  42.9531
  9.18907
  17.8669
  24.6557
  31.4199
  30.3841
  31.6952
  40.7773
  7.57774
  10.9239
  10.6633
  25.4365
 0.556789
  20.5935
  14.1767
  7.12368
  41.1987
  50.8755
  41.4553
  36.3318
  10.9025
   23.762
  7.30044
  16.7701
 0.774469
  8.93586
  2.28007
  26.7805
  7.14484
  23.3595
   42.743
  29.0764
  14.5192
   29.518
   27.284
  49.8867
  39.9346
  42.7433
  8.39626
  6.58498
  23.9917
  19.1755
  21.1414
  7.73694
  9.44167
  11.5764
  40.0384
  11.2962
  3.34011
  2.80349
  33.7965
  45.0229
  29.4393
   39.789
  46.8015
  1.38664
   4.3449
  3.33938
  10.8274
   8.8992
  47.3433
  38.9084
   38.082
 0.599002
  42.1723
  30.6538
  8.60107
  42.7094
  26.6522
   1.7302
  3.28639
  31.8124
  40.8878
  34.1715
  51.8893
  1.12819
  10.8401
  48.0118
  42.4017
  8.64367
  35.7895
  37.1776
  3.78368
  22.7942
  5.66546
  14.8797
  3.18629
   51.506
  9.43882
  5.37007
  32.8633
  35.0517
  11.5422
   11.961
  28.9859
  3.53101
  42.9339
  5.54787
  7.98374
 0.395317
0.0322584
  15.0601
  13.5002
  4.64972
 0.888066
  7.12823
    4.627
  3.49703
  4.18632
  11.9617
  32.2598
  21.7501
  4.47565
  32.9094
  32.4561
  36.1935
 0.198314
  9.31377
  1.28961
  9.59702
  34.6431
  6.97002
  15.9738
  1.41156
  15.0208
  3.78326
   28.983
  45.9124
  18.8691
  8.95028
  1.35367
  18.4372
  8.95047
  35.7851
  31.7852
   1.2367
  18.8059
  14.1746
   11.889
  33.6966
  7.97142
  17.6616
  4.52729
  3.47361
  14.7421
  14.2552
  35.5023
  39.6753
  17.6121
  9.65162
  10.8888
   11.303
  33.8578
   37.057
  38.3167
  30.5902
  17.6815
  38.8415
  2.99354
  16.3705
  5.54573
0.0762921
  56.2115
  30.1152
  34.9149
  42.1507
  2.53678
  40.9512
  5.30107
   5.9004
  33.5473
  6.00463
  8.66779
  23.7457
  18.8784
  4.55199
  10.7822
  14.5206
  7.79176
  25.6863
  4.91303
  31.4648
 0.951645
  12.9593
  35.4056
  15.5749
  31.7401
  4.00023
  6.89148
  36.3113