   30.1153
   12.8353
  0.256665
   35.0852
   18.5802
   15.7108
    15.096
   11.5844
   11.6445
   7.12285
   24.9976
   17.4514
   12.4595
   20.7717
   13.2736
   13.3004
   16.0833
    4.4171
   18.3027
   17.7513
   45.2406
   29.8676
   21.6688
   10.1085
    19.955
   20.0106
   23.3821
    8.9937
   31.8324
   12.7569
   23.2362
   15.2861
   5.34448
   3.12099
    16.698
   18.1609
    10.937
   1.47455
   20.3999
   13.0305
   25.9072
   17.3129
   19.7171
   47.8142
    5.1276
   35.6073
   13.1211
   18.5622
   16.8206
   35.0588
   29.9657
   15.6611
   10.0812
   22.1179
   34.2525
   34.7669
    32.361
   25.7334
   16.4982
   26.3811
   47.3252
   19.2135
   5.69631
   28.6812
   23.1124
   24.9647
    27.549
    8.9438
   25.4866
   14.7722
   29.1564
   15.5835
   16.9331
   28.0048
   34.5002
   4.85135
   5.35112
   15.8363
   28.2136
   21.0829
   8.08607
   39.5081
   32.9301
   14.7733
   59.8685
   2.94397
   17.2902
   44.8021
   12.6762
   14.4535
   13.6434
   7.11207
   4.18384
   9.08309
   14.9906
   23.6871
   21.4271
   23.2962
   9.82768
   11.7236
    9.9449
   26.6528
   12.9364
   33.2998
   15.8764
   13.6125
   2.77824
   28.7818
   13.6126
    11.251
   4.15856
   29.0412
   20.7827
   10.3257
   3.60642
   29.0228
   2.75869
   3.37064
   3.72522
   18.7022
   13.4153
   7.16125
   12.9098
   13.3773
     10.56
   8.59738
   16.3748
   32.5533
   2.12213
   9.05455
   12.7266
   11.8503
   4.48998
   23.0865
   7.39122
   16.6778
   4.26234
   13.4157
   13.5303
   16.0506
   11.1315
   15.7578
   5.02284
   18.4264
   18.7907
   18.1373
   48.6993
   10.5375
   10.0166
   10.4962
   18.4625
   6.52368
   32.0631
   10.6809
   8.95172
   7.41811
   1.02001
   11.7372
   12.2569
   17.4708
   7.34417
   14.1231
   23.8858
   22.9362
   32.3302
   9.13578
   8.04911
    4.8271
   14.2191
   17.8727
   19.4815
   8.04859
   10.7678
 0.0307639
   14.7131
0.00710846
    2.6511
   17.9822
   20.5411
   4.34333
   21.3944
   5.89407
   9.76344
   4.59413
   7.68016
  0.669757
   27.1105
   7.77409
  0.469928
   15.6425
   29.5021
   1.49076
   34.1147
   6.10631
   3.22609
   28.0446
   5.82786
   2.62865
   28.9324
   38.7197
   11.3643
     18.24
   25.3058
   22.6511
   21.2314
   18.6079
   24.7244
   1.50319
   39.4565
   6.68294
   28.7219
  0.590748
   2.19005
   13.0421
   44.3107
   20.9311
   7.08037
   9.02686
   19.2386
   23.7237
   21.5097
   5.48441
   20.4914
   32.1282
   10.6082
   24.9422
    1.7161
   16.5592
   8.97656
   44.3537
   32.9541
   6.39009
    1.8877
   26.8882
   36.9114
   14.8722
   39.5462
   15.0764
   1.61547
   11.5131
   3.33808
   29.5096
   7.85596
   49.4858
   5.47807
   32.5112
  0.545082
   17.2672
   21.2612
   15.1973
   11.7294
   37.3169
   24.3384
   40.3559
   41.6558
   20.3874
   51.4568
   36.3102
   44.9378
   45.0945
    27.731
   7.86681
   18.5571
   22.0205
   41.1023
   38.4272
   13.9332
   50.5218
   39.9904
   20.2634
   38.9986
    24.856
  0.306272
    37.596
   42.9533
   11.1493
   39.8445
   40.2317
   40.0405
   36.3319
   43.2202
   38.7909
   45.4719
   44.7087
    39.404
    1.2404
   49.3259
   52.6466
   4.26202
   3.57227
   45.5518
   31.7247
   48.2344
   40.4019
   17.4492
   11.1336
   1.72924
   47.1399
   43.3188
   1.46791
   47.2125
   50.2157
   30.7007
   44.8244
   46.8035
   5.00861
   31.2262
   6.62678
   16.2594
   1.77308
   42.1951
   47.9526
   1.78774
   36.0477
   5.76323
   27.0978
  0.457334
   22.6738
   8.39671
   31.8207
   47.9096
   45.9354
   16.0304
   43.7918
    29.519
   31.9443
   26.8427
   11.4627
    31.863
   9.65045
   49.4607
   39.6342
   3.01076
   13.7126
   2.17925
   39.5149
   6.25407
   12.5822
   19.5519
   41.9225
   5.33244
   48.5714
   48.1157
   32.3631
   1.43117
   27.6696
    28.018
   21.3497
   49.4049
   34.1434
   5.10371
   13.0019
   41.5605
   36.6438
   26.3165
   40.7492
   49.6112
   3.22936
   10.1579
   11.4943
     41.58
   40.3871
     40.67
   17.3329
   20.6674
   16.7849
   38.2832
    26.389
   9.15278
   17.5073
   43.8347
   46.4551
   2.04481
   47.9753
   21.8686
   32.1234
   7.03354
   3.96081
   55.9248
   2.11685
   36.6658
   20.5672
   50.9268
   23.5657
   51.2047
   46.7594
    40.481
   51.4469
   8.41283
 0.0875507
   17.5801
   37.3343
   34.4432
   8.45209
   41.4434
   41.6342
   39.7008
   5.53969
   40.2448
   49.3764
   13.5484
   10.2371
   42.4335
   35.1001
    47.294
   32.1424
   50.8178
   18.6736
   7.84463
   46.3959
   13.4448
   2.33701
   28.1279
   17.7362
   44.9686
   28.8373
   51.0536
   27.3931
   14.9532
   1.75293
   5.50969
   8.56712
   27.0664
   45.6277
   9.13852
   40.8679
    18.383
   19.6488