 0.868462
 0.623844
  16.8722
  7.58106
   5.0974
  21.5219
  19.6564
  19.3376
  8.36761
  7.91294
  20.3774
  14.5297
  6.54459
  7.74561
  0.45059
  21.5697
  27.3942
  35.3078
  5.64989
  12.8332
  3.15074
  2.49743
 0.596102
  20.1822
  9.19794
  5.72026
  5.78788
  22.2831
  16.0963
  21.6539
  17.4444
 0.587192
  20.0916
  37.1043
  25.3754
  9.78307
  19.2611
  27.5244
  6.73113
  22.3326
   24.493
  23.5503
  1.19495
  22.2068
   10.564
 0.516221
   12.021
  22.8855
  25.0358
  1.72163
  9.18222
  15.1732
  1.10996
  24.3809
  4.64196
  13.5243
  16.5647
 0.959481
 0.950719
  2.77468
  21.8394
  24.6519
  16.0826
   8.1241
  4.45099
  11.4958
  2.84033
  2.15442
  2.77468
  10.0267
  4.01283
 0.819402
  13.8748
  13.0909
  20.9056
  15.2182
   12.586
  24.2986
   21.259
  8.18307
  19.1598
  24.0734
  6.06211
  26.2032
  1.80821
  4.76402
  5.87317
   5.5004
  8.96861
  7.64255
  19.1655
   15.232
  10.3229
  1.17285
  19.7591
  12.6303
  7.96351
  2.09174
  23.9198
  19.2141
  21.8016
 0.560521
  13.6029
  1.22993
  13.7393
  1.02819
  3.06764
  19.1284
  16.6583
  16.0326
   6.6041
  6.66712
  1.05399
  0.68388
  19.1461
  18.0874
  18.3505
  1.37308
  6.97826
  2.16971
  5.25977
  13.6783
  18.8187
  7.38285
 0.108721
 0.486029
  8.52053
  8.38582
  16.1714
   13.948
  1.70839
  14.1884
  2.10203
  16.3101
  20.1824
  6.18817
  19.6375
  23.0807
  18.0175
  5.91462
  9.37187
  25.2697
 0.209599
  13.0736
  18.8022
  16.9732
  7.13566
  29.9588
  5.87609
  17.4075
  8.27944
  4.95233
  3.28127
  20.4436
  9.37083
  21.6331
  6.30367
  18.6978
  16.9941
  9.02092
  2.65209
  20.0708
  16.3848
   16.773
  13.5301
  8.41498
  23.0861
  10.0591
  13.3244
  16.6658
 0.797816
  19.8016
  16.0167
  6.32622
  2.79376
  14.1224
  6.75589
  15.8891
  21.9791
  14.3462
  14.2633
  13.0086
  9.14564
  10.5595
  21.6983
  2.53695
  15.7266
  13.9823
   13.678
  4.71039
   11.126
  25.7155
  15.6807
  2.63661
  5.28571
  2.19287
  27.3149
    4.527
  2.28497
  4.68773
  11.7614
  7.72742
  5.50452
  14.5624
  14.5771
  18.4754
  5.19779
  17.1503
  14.4089
  5.48574
  9.19206
  8.83716
   8.3876
  16.0065
  10.6618
  17.2947
  23.4209
   16.045
  20.9991
  13.9479
  19.1511
 0.616406
  15.4074
  6.15398
  13.2886
  2.77558
  30.4442
  4.45751
  17.8615
  20.0558
 0.521899
  31.6068
0.0373584
  30.4442
  4.37936
  13.4212
  18.4138
  14.6585
  4.97185
  15.5713
  12.6506
  4.63998
  11.6877
  9.10832
  25.4614
  1.39903
  1.03966
  5.98739
  21.7085
  12.6384
  10.0255
  8.63623
  0.86855
  17.5576
 0.575525
   1.6481
  5.28768
  6.63182
  7.44513
  3.97851
  7.39702
  2.07483
  11.0119
  27.0634
 0.891028
  7.72254
  3.07746
  18.1964
  11.1587
  26.5278
  14.2449
  18.0269
  1.79728
  9.21281
  2.75762
  17.6333
  9.02759
  6.10025
  2.09362
  4.90124
  31.8064
  4.44261
  17.6333
  1.27929
  11.9614
  6.85838
 0.512701
  29.5544
  11.3875
  30.8916
  8.70992
  1.09022
  4.67031
  7.16904
  22.6032
  9.63662
  32.2071
 0.805162
  1.20371
  31.5373
  6.28178
  3.12244
  22.9683
  4.95019
  1.93553
  7.52761
  13.5163
  27.6048
  9.52046
  12.7539
  21.7688
  25.2732
  6.89068
  1.15235
  19.4737
  3.73093
  4.38111
   23.348
  33.6326
  16.5078
  9.26243
  4.45983
  3.97106
  15.9769
  12.2617
   27.308
  15.9188
  3.87002
  14.0978
  7.43598
  7.61617
  10.8386
  7.16904
  36.9261
  9.53822
  9.02509
  8.49798
  18.6672
   31.077
  19.2496
   7.4215
  16.0663
  2.29982
  22.0869
  11.9309
  4.91846
  5.60055
  1.33434
  19.0836
  19.3596
  13.4605
  16.5445
  9.18515
  20.5534
  16.1607
  1.52458
  14.9553
  0.28205
  4.88652
  15.4467
  33.0996
  18.4564
  8.97119
  10.7848
   17.731
  3.75207
  11.7481
   18.203
   13.202
  21.6418
  10.3005
  28.1467
   3.1608