  8.57579
  6.18626
  14.3043
  20.7183
  1.62329
  10.9684
   26.449
 0.445497
  11.3297
  11.3562
  17.4271
  4.03805
  17.8705
  11.1787
   13.902
  14.7596
  11.1835
  12.4639
  6.61271
  11.7139
   6.6214
  17.0205
  2.54649
 0.132056
  4.74285
   12.063
   19.272
  9.88224
  12.0226
  0.13249
  10.7867
   2.5574
  1.96198
  5.96893
  6.17262
  4.74938
  25.6629
  7.20302
   9.1117
  9.38988
  8.91203
  7.20445
   1.5802
  4.98041
 0.716459
 0.276554
  25.3372
  2.88701
  16.2873
  9.79132
  23.2781
  1.87808
  12.6015
  8.92913
  3.05374
  11.3782
  15.2585
  1.38148
  20.2914
   19.113
  7.90344
  25.3136
   23.693
  20.3346
  3.43601
  12.9565
  3.28808
  12.7938
  20.0777
  1.35003
  6.15949
  4.29984
  7.66704
   2.5195
  2.81571
  24.4572
  19.4367
  15.2213
  11.4586
  3.83547
  9.34488
  6.93068
  26.2757
  28.6412
  6.51577
  1.73838
  3.86552
  4.33858
  16.3399
  12.5188
   2.4239
 0.255205
  3.45345
  13.4578
  7.04334
  10.8101
  4.68258
  9.91333
  3.50739
  7.24046
  26.2885
   3.1016
  4.55122
 0.238548
  5.18737
  8.26028
   4.0174
   9.3357
  2.30223
  4.65595
  19.3108
  7.16522
  1.78091
  11.9305
  9.05202
  1.35915
  12.6088
  11.3091
  1.63018
   12.834
 0.345906
  15.9309
 0.251194
  4.11729
  4.50737
  1.41658
  3.91601
 0.925138
   3.4397
  7.28246
  0.74777
  25.3481
  15.8384
   1.4391
  4.45161
  14.2005
   3.3341
 0.536972
  5.16226
  25.9465
  3.49568
    4.655
  1.39786
  5.34748
  26.0654
  18.5268
  1.57463
  5.25945
  5.39662
  7.28739
 0.895684
  3.30201
   7.9084
  1.06805
  27.3355
 0.895684
  10.9225
  3.77468
  69.3073
  68.5542
  5.11402
  1.43866
  7.37431
  19.4985
  2.81029
   11.165
   44.593
   11.766
  4.65342
 0.700418
  18.6845
  15.5061
  3.33265
0.0266518
  51.1062
  6.40396
  2.45638
  21.2207
  3.40426
  13.8088
  25.2585
  1.10315
  5.14097
  3.94943
  7.28808
  3.06174
  48.2601
  50.9721
  52.8441
  5.44902
  7.94126
  7.35947
  10.2842
  58.8749
  6.93093
  35.6009
  36.8698
  4.04256
   11.571
  6.76196
  14.3605
  2.43802
  5.19408
  8.44286
  56.9535
  19.3669
  11.2389
  8.79647
   5.3885
  6.75197
  19.9232
  53.5357
  67.0999
  5.50512
  6.50429
  8.33053
  1.27082
  10.9287
  19.9135
  13.5324
  7.88519
  28.2247
  11.5369
  7.22252
   1.1789
  9.22972
  5.14797
  1.66357
  3.17913
  16.8848
  19.9672
  24.1152
  26.3165
  15.6495
  42.7938
  21.8333
  32.6088
  21.8135
  13.1233
  4.23825
  13.4428
  14.3785
  9.91697
  3.43513
  18.3954
  13.4814
  7.30953
  38.3169
 0.474542
  12.1332
  19.7909
  4.02925
  2.56182
  46.3528
  53.8911
    2.211
  3.88073
  19.2295
  11.4464
  1.41367
  13.9039
  5.96805
  24.3726
  6.29435
  7.00439
  4.76811
  3.11868
 0.648736
  6.80623
  4.89615
  26.2598
  11.6692
  11.6778
    8.431
    5.657
  2.01987
  5.61255
  15.0328
  3.64985
  14.1484
   4.3589
 0.429691
   1.2017
  1.94136
 0.890202
  1.14561
  12.2501
  15.6736
  2.51782
  69.8518
  15.4463
  4.65461
  6.45834
  2.95034
  1.17715
  8.25655
   5.5786
  1.99302
  13.1838
  21.1179
  5.05007
   3.1973
  3.37612
 0.950871
  13.2119
  15.7644
  14.2601
   2.0414
  7.23927
  54.3134
    28.95
  48.5285
  3.23558
  3.99314
  46.1465
  4.87262
    19.18
  47.7099
  35.9505
  9.93395
   14.227
  18.8073
  17.7104
  71.1575
  39.9363
  23.7877
  79.7171
  18.3853
   0.3622
  35.1208
   5.7964
  5.72729
  6.82709
  74.4516
  17.4588
  30.4941
  67.0877
  40.1338
  4.13959
   23.505
  17.5665
  23.8748
  76.2479
  77.8763
  22.5051
  62.9634
  56.0732
  51.9468
  4.57727
  21.8254
  31.3934
 0.490899
   81.561
 0.407065
  5.60841
  20.2731
  7.80575
  1.93645
  21.0503
  69.8242
  38.4391
  3.24741
  62.0167
  77.8412
  52.0083
  3.22584
  4.65997
  2.35746
  23.9985
 0.713285
  78.6608
  73.2275
   40.553
  68.5687
  76.2241
  67.1448
  79.1392
   9.2426
   44.605
  75.2047
  1.42132
  10.8434
  11.6351
  73.6195
  71.2329
  4.68185
  4.65997
  54.5196
  54.4319
  54.4163
  24.8712
  40.1534
  66.8684
  37.3629
  4.26065
  5.57248
  2.41153
  27.1211
  13.5376