 18.8126
 18.0602
 1.39859
0.490847
 8.37718
 26.7441
 7.62975
 15.6948
 4.66909
0.786755
 5.19625
 10.0976
 1.57414
  3.4515
 2.13284
 0.11861
 12.3989
 12.6825
 2.00432
  12.239
  29.666
 47.5006
 26.9709
 27.8638
 30.1257
  17.167
 25.9321
 44.1204
 25.9965
 20.6221
  2.2449
 8.67421
  16.297
  19.553
 20.3036
 43.5176
 19.6198
0.786755
 1.84887
 12.9165
 17.5325
 6.75625
 10.7626
 5.48402
 7.01175
 42.9226
 44.7198
  44.672
 24.8172
 57.2205
 12.5587
 12.1454
0.669872
 2.00332
 4.29699
 3.92549
 2.70125
 17.6246
 7.60832
  50.659
 20.7064
 26.9463
 47.9928
 36.8445
 20.4247
 19.7311
 15.9248
 20.3813
 16.9145
 43.7722
 16.4554
  35.039
 52.2247
 26.9464
 3.55764
 7.51213
 18.0099
 22.8821
  2.8866
 18.7029
  20.795
 25.2372
0.735939
 3.10014
 23.4928
 32.0592
 19.1708
  46.491
 2.15022
 5.47172
 7.56431
 6.67962
 37.0388
 18.8709
  25.189
0.231451
 32.2435
 33.8395
 2.20948
 22.1094
 17.3837
  3.9227
 20.7443
 20.3758
 39.8934
 54.0786
 2.26229
  11.188
 1.59877
 21.6949
0.292721
 3.88928
 23.6157
 18.7039
 14.8859
 9.33804
 3.67249
 60.1416
 35.1351
 25.1107
 5.11628
   21.37
 33.3655
 1.63908
0.679193
 21.1659
 9.50753
 36.8791
 4.67203
  1.2753
 1.50131
 3.57195
 4.37541
 4.32513
0.575842
 1.77837
0.259148
 1.35293
 4.09756
 2.55787
 4.95824
 33.4191
  27.402
 4.13605
 26.2847
   29.64
  25.312
 4.06272
 25.1384
 7.15367
 9.04489
 36.7183
   11.84
 4.77359
 12.5712
 21.2195
 18.2946
0.473163
 13.1004
0.473347
 26.1963
 35.8933
 2.82025
 39.3546
 11.1217
 3.19348
 5.41398
 6.18399
 7.12479
 5.69478
 16.7813
 3.00752
 20.4697
 11.7927
 25.5122
 27.3782
 9.84926
  4.6647
 1.55665
 8.04809
 6.47141
 28.4681
 44.3119
 50.8239
  8.4846
 50.4292
 3.69727
0.748277
 15.7308
 39.3022
 4.78225
 14.0377
 31.5671
  9.4431
 7.00504
 23.4745
0.702829
 4.24185
 21.6542
 15.2202
  11.716
 9.76257
 15.6466
 16.8012
 9.78743
  3.5911
 36.7632
 23.9412
 31.1913
 18.1872
 6.89019
 35.1125
 35.7971
 2.84379
 35.5538
 20.1161
 29.6642
 2.22678
 36.4659