  23.9082
  23.7332
  2.01128
  14.3997
   21.284
  14.7886
  6.04347
  1.88462
  20.8531
  17.3409
  2.00369
   5.5524
  16.9617
  30.4535
  32.4151
 0.262405
  19.6998
  16.2783
  7.09212
  36.7103
  22.3858
 0.326743
  11.0533
  34.1886
  23.9199
  15.5532
  18.1664
  12.8045
   32.628
  5.65353
  18.0519
  12.7833
  12.9645
  4.93629
  24.9981
  9.87702
   14.042
  12.7679
  24.8804
  19.6689
  23.5069
  3.80961
  20.1337
  23.7911
   27.868
  16.9545
  25.0659
   31.714
  14.4676
  15.2925
  27.0044
  24.1394
  13.2906
  9.62936
  11.9058
   9.4606
  2.53478
   6.3005
   12.779
  13.0039
  12.3204
  6.20828
  7.97579
  15.2155
  3.76666
  3.23028
  12.1839
  15.3098
  31.5146
  18.7138
  9.21423
  9.33938
  3.60269
  21.9569
   32.913
  20.5959
0.0659415
  13.9186
  23.6859
  5.22524
  2.95731
  5.73161
  3.79733
  11.8842
  9.83982
  12.3472
  23.3074
  12.9827
  11.5981
  1.81711
   11.244
   9.7728
  11.0581
  12.2163
  14.1329
   14.171
  26.2808
  13.5845
  3.72533
     16.7
  3.75291
  10.3924
  12.1135
  4.02002
  15.6657
  0.17101
  2.09467
  9.25743
  19.5408
  26.9767
  13.9338
  9.85519
  22.2623
  32.7914
  1.48421
  15.3947
  13.3489
   10.809
  7.43475
  17.9727
  33.0054
  16.1815
  28.3292
  7.71718
  12.8038
  30.5395
  10.6215
  20.2803
  22.2135
  17.8487
  17.4848
  20.7618
  17.6417
  21.9428
  40.3831
  1.75286
  30.5426
  1.00333
  8.10995
  15.0391
  37.7697
  34.6197
  16.3473
   2.4971
   31.492
  10.8063
  29.8411
  13.8155
  2.83374
 0.139748
  14.3006
  7.25948
  10.7279
  23.5417
  23.9086
  16.3278
  13.0542
  5.14959
  21.8321
  25.8482
  9.98079
  36.5686
  2.42556
  6.73227
  25.8049
  50.7465
  31.1348
  25.4459
  41.4184
  41.4078
  48.5718
   45.398
   57.286
  32.1237
  29.9446
  51.6852
  42.8637
  44.2799
  44.8366
  32.8979
  42.2737
  32.6113
  51.2649
  38.5397
  16.6061
  40.4464
  55.4676
  55.1134
  58.4304
  58.4356
  58.8241
  35.7698
  38.0974
  45.8315
  48.8772
  45.6106
  30.2198
  43.0691
  45.8337
  37.6589
  45.4654
  42.3405
  37.2753
   29.864
  42.2288
  11.9594
  55.4929
   30.841
  45.9724
  38.7458
  1.75274
  52.2567
  46.0202
  43.9991
  17.5755
  29.8417
  43.0746
  22.4398
  50.9327
  37.3499
  49.3451
  9.07229
  27.1837
  27.5653
  55.5049
  16.1099
  21.8117
   34.196
  47.3159
  60.0845
  45.7198
  12.5639
  28.3782
  50.6661
  57.2933
  24.4882
    42.27
  59.1265
  43.3566
  29.6336
  22.0568
  45.3597
  43.0691
  22.6797
  61.2331
  27.8578
  37.2652
  40.9879
  59.4199
   42.442
  59.3735
  53.0148
  1.01995
  40.3268
  23.4957
   24.807
  59.8442
  17.4405
  15.0883
  36.8992
   51.744
  24.0778
 0.674929
  11.5921
  24.1768
  34.9006
  53.7573
  38.3974
  22.5121
  43.7575
  40.9944
  12.1585
  17.2792
  13.7674
   16.655
  14.4216
  42.8754
   52.958
  14.0697
  53.1633
  1.81603
  2.53595
  40.9764
  32.4833
  9.93967
  51.2499
  53.0199
  36.4006
  17.1624
  4.59761
  43.0499
  51.3745
  6.72735
  15.0344
  45.9701
  34.3034
  34.9866
  35.9015
  32.5483
  24.7879
  42.0408
  13.8746
  24.4769
  23.5366
  47.5817
  45.0884
  39.3187
  11.9197
  45.9618
   1.2954
  25.6861
  45.6837
  41.2165
  32.6796
   16.622
  21.9375
  10.6597
  42.2924
  49.5069
  46.9087
  20.3373
  46.4713
  6.49359
  59.7367
  7.69611