 47.1918
 5.58923
 13.5517
 2.38406
 3.92327
 2.55956
 2.96109
 19.3389
 1.69812
 3.61416
 27.1521
   9.431
 2.97162
 12.3183
 46.2113
 44.6636
 6.73254
 21.0257
 24.9161
 6.96375
 11.4847
 28.0988
 1.60472
 32.0286
 5.45699
 16.2311
 1.78855
 4.69089
 66.2779
 46.3714
 24.9809
 62.0032
 55.8882
 31.1749
 28.3909
 35.3687
 44.2754
 54.0967
 4.34237
 1.68754
 51.1057
 3.91657
 1.25389
 6.75986
 43.5311
 30.2012
0.848516
 3.16396
 66.3187
 30.5437
 1.29486
 15.1236
 60.1821
 3.30667
 12.1575
 34.7438
 40.4239
  1.3088
 44.1079
 36.5983
 55.3873
 6.37575
 3.53277
 47.3783
 37.9102
 5.21069
 1.97522
 7.55725
 1.79351
 32.8056
 4.87738
 25.9145
 19.0516
 56.9314
 57.7805
 29.7284
 0.72455
 22.8985
 26.2809
 57.7094
 65.0711
 48.2342
 29.7056
 4.27346
 23.4904
 23.3698
 2.58308
 28.6811
 4.27261
 13.3596
 18.0934
 58.7203
 24.5611
 5.33938
 2.82944
 57.8834
 42.7849
 12.8387
 47.2404
 18.2442
  8.0312
 31.8769
 3.89483
 35.3985
 55.5211
 2.40203
 2.36205
 9.51552
 20.3083
 22.5538
 27.6304
 23.5016
 47.3184
 52.4427
0.387334
 27.2691
 1.89165
 4.25495
 4.94995
  6.6303
 4.92635
 5.16089
 36.6369
  60.434
 47.1719
 51.3258
 4.44386
 3.30097
 54.8645
 54.7208
  54.806
 11.7664
0.114646
 47.6744
 4.77131
 45.9414
 18.8591
 33.1675
 27.3944
 47.7584
 3.34121
 11.9682
 4.08121
 52.9404
 3.66052
 25.5621
 1.10877
 52.4761
 58.2697
  30.153
 4.67009
 55.0713
  3.6622
 6.21633
 3.76751
 1.45456
 2.17014
0.657619
 2.98449
 32.1605
 59.2012
  30.153
0.642682
 21.3887
 11.8953
 1.97539
 25.6753
 10.0551
 54.6471