  6.93307
  1.44778
  12.1431
  6.41173
  3.79927
   24.846
  5.19656
   17.163
  3.05668
  5.15225
  10.9329
  2.69054
   20.739
  10.6061
  4.94884
  2.08432
  19.6948
  3.92396
  3.79133
  6.75277
   11.166
   16.755
  21.9565
  26.3398
  25.2388
  9.64644
   20.164
   17.759
  5.04405
 0.806474
  16.1373
  2.19228
  2.34271
  4.83124
  23.4615
  8.30856
  21.1518
  17.6243
  10.1416
  22.5945
  7.26976
  1.65679
  6.65914
  20.4181
  14.8758
  4.43784
  23.6856
  4.83246
  2.22249
  5.81962
  21.4778
  19.0017
  1.55158
  1.82525
  9.38134
  17.4818
  28.0452
  27.7146
  18.6854
  16.3202
 0.777302
  1.61683
   20.875
  6.72277
  6.80863
 0.635803
  2.91202
  25.6092
  21.5729
  3.20398
  6.52528
  22.3806
  11.1353
  4.35676
  17.1639
  6.30285
 0.378535
  20.6697
  13.8289
  23.7256
    19.88
  9.37244
  18.7085
  1.25316
  10.0974
  8.36981
 0.095564
  8.37483
   13.632
  1.19489
  5.53179
  6.59591
  4.64875
 0.817786
  8.85813
  7.31681
  6.04697
  10.4562
  12.6037
   9.2606
   20.698
  10.1334
 0.132953
  3.21003
   4.7561
 0.905401
  22.9624
  24.5325
  7.53392
   4.6755
  3.10705
  4.18207
  10.3574
  6.84479
  1.50027
  5.48634
  9.95942
  16.2133
  3.01417
  6.26289
 0.311331
  22.4749
  9.94782
  7.84189
   6.3846
  3.47056
  11.5806
  8.83768
  7.60491
  3.79029
  2.74122
  4.82832
  2.81896
  1.68515
  27.1758
  8.25783
  10.2856
  2.67891
   1.8801
  1.56408
  3.84663
  6.72294
  19.1435
  3.25128
  20.7305
  7.52619
  11.0036
  5.04239
   8.0951
  16.1557
  10.9647
  12.7051
  4.68425
  11.5771
  8.70979
 0.966775
  4.35348
  11.4553
  10.6832
  7.26148
    9.358
  28.7312
  4.17777
  6.67374
  25.1884
 0.753812
  9.35732
  3.77684
  4.05049
  14.4059
   9.5145
   4.1302
  4.94523
  17.7714
  8.83104
  4.74694
  4.47752
  3.97216
  8.37487
  4.26195
  25.1972
  7.05357
  19.0209
  1.56856
  10.0649
    1.729
  8.00224
  9.35958
  4.91129
  1.71863
  7.82608
   5.1264
  18.7701
  22.7832
  6.26246
  19.6454
  8.41878
 0.315594
  3.21962
  6.39041
  27.5947
  8.07983
  9.55613
  3.92254
  7.93652
   2.1584
  1.00394
  4.17838
  1.34301
  4.99103
  27.3952
  8.21229
  1.47125
  4.24042
  3.52966
  7.19342
 0.360768
 0.878344
  5.68724
  3.37191
  5.35357
 0.314626
0.0558251
  11.5277
  10.7164
  11.5627
  3.17756
  5.68724
  1.33098
  8.30598
  7.49822
  4.39986
  10.0153
  5.30255
  5.20962
  11.6335
  1.98758
  5.05466
  2.76814
  4.95794
 0.826881
  11.0953
  1.19871
  29.5358
  2.97239
 0.241573
  13.6529
  2.46222
  12.9843
  9.14508
  12.2678
  5.88667
   34.374
  5.14034
  5.05085
  4.09453
  6.14801
  26.4154
  2.90608
  7.51754
  8.09198
  1.72128
  1.98385
  14.7202
   1.5533
  8.29203
   5.5546
  2.10297
  5.24332
  6.57499
   2.1067
  2.79843
  7.12259
  9.36806
  3.40524
  4.18284
  3.78031