 0.824096
  1.92233
  4.37311
  7.40584
  8.51891
  15.4213
  2.96536
  29.0791
  12.1173
   25.065
  16.6497
  10.9626
 0.513018
  3.33843
  7.40764
  3.86918
  16.4408
  3.66547
  20.2088
  18.5889
  19.6096
  25.0531
  16.4413
  9.13365
  28.6616
  3.88078
  6.37626
  22.4891
  23.5294
  21.1561
     16.7
  19.5887
  1.58699
  30.3268
   5.6138
  17.0125
   5.9125
  6.37641
  11.8053
  12.0278
  2.21749
  4.53602
  6.81242
  8.47258
  4.94144
  7.82219
  8.10718
  21.5681
   14.226
  32.9637
  18.5905
  18.6106
  7.82989
  1.01393
  12.5834
  15.3461
  32.3012
  6.30881
  9.90545
  7.90745
  13.4743
  8.90412
   25.167
  7.06181
  12.5697
  10.9602
  17.8369
   1.1619
  24.4793
   5.7598
  6.28769
  2.20383
  10.9183
  35.3197
  10.0513
  12.3297
  31.6641
  33.6605
  6.28623
  36.5985
  25.7727
  19.4619
  9.53865
  5.95522
  22.2754
  7.58289
  27.9426
  31.7659
  9.96785
  14.9106
 0.819629
  28.7514
  9.59114
  5.84684
  31.8717
  17.2381
  23.7969
 0.397525
  1.76332
  21.8276
  9.82941
0.0766492
   18.684
  11.9342
  19.6017
  7.26483
  17.8849
  20.2316
  47.7563
  27.5677
  30.4719
  18.8323
 0.846167
  12.0201
  27.9831
  29.9106
  46.5813
  23.6476
  31.8874
  48.8122
  9.77518
  4.33148
  9.62564
  6.35344
  24.7207
  1.52133
  7.33078
  6.63789
  5.96875
  33.8698
  38.7358
  31.1977
  2.81753
  25.7309
  35.4035
   1.2139
  6.43564
  23.4934
  10.4408
  9.00923
   19.375
  18.4869
  4.93056
  44.3471
  5.64664
  24.6493
  8.51689
  48.5998
   31.603
  5.20056
   13.813
  14.5576
  48.9947
  46.0467
  20.2643
  11.6096
  28.3451
  35.7187
  41.7485
  3.13291
  5.74593
  35.9843
  3.08399
  58.5985
  34.2952
  55.1274
  37.7092
  19.0639
  12.4184
  17.8953
  46.6095
  12.5104
  26.4882
  2.13953
  9.33858
  15.4059
  8.90132
   8.9874
    7.052
  41.2316
 0.672319
  41.3535
  7.44799
  6.29188
  20.7091
  4.33273
  10.4507
  3.42836
  24.4296
  6.24206
 0.300469
  21.8557
   16.319
  46.1152
  10.7891
  2.46976
  3.25579
  18.1682
  20.7579
  34.4584
  12.8197
  10.9432
  11.6758
  6.62917
  2.77681
  32.6874
  1.44407
  6.92956
  16.9391
  3.37042
  7.95241
  23.6634
  21.9444
  2.21444
  28.7071
  9.75143
  22.3414
  3.94281
  10.0871
   4.4899
  12.2397
  4.60823
  24.2755
  1.77345
  12.4042
  2.44879
  5.33331
  8.96859
 0.909715
  14.8697
  21.3458
  6.76826
  7.48961
  7.31405
  4.93925
  37.1563
  0.79408
  27.5318
  6.88068
  2.07163
  1.33293
  18.1278
  7.02463
   2.2041
   7.8545
  11.1516
  13.3144
  29.7873
  8.17628
  4.70684
   1.6679
  14.0006
   37.712
 0.905343
  9.59033
  14.3655
  2.82377
  6.80007
  4.51429
  36.9188
  45.0506
  1.56075
  1.34899
  2.46855
  2.45335
  1.71744
  2.76401
  6.01277
  39.4621
  20.5063
  1.20023
  8.25223
  4.42948
  1.94994
  3.76737
  9.77501
  12.9297
  12.6296
 0.898537
  12.7598
  20.9599
 0.997682
  30.5828
  11.7096
  1.90431
   23.827
  8.83936
  4.04371
 0.572106
  17.7111
  8.99986
  35.5747
  12.1476
  6.66935
  7.29127
  2.23544
  5.69935
  6.41119
  5.57778
  9.80398
  3.44016
  8.77485
  20.0666
  3.06554
  7.33322
  11.1005
 0.858671
  6.53672
  8.22402
  1.39658
  16.8422
  5.80891
 0.185998
  25.8893
  19.6454
  25.2718
  22.6327
  1.34356
  2.05635
  2.09994
 0.112147
  2.27551
   27.853
  7.64386
  10.0411
  2.87553
  41.2125
  17.1477
  10.2917
  11.3007
  30.4117
  13.8511
  6.48499
  5.58715
  4.86583
  21.8132
  3.67538
  3.93304
  18.7057
  35.3492
   2.7843
   39.132
  15.5174
   21.955
  2.88083
   5.4636
  4.23336