0.890283
 11.1507
 4.23462
  7.6445
  3.5866
 32.5892
 8.16245
0.828184
 10.8993
  10.961
 0.39448
 9.71465
 4.19321
 8.35238
 1.52579
 14.3513
 1.92116
 13.0252
 2.76161
 20.4787
 6.24426
  4.9405
 10.9632
 11.5646
 7.95596
0.176177
 8.19398
 16.0698
 35.4683
 5.17156
 15.7332
 4.94077
 8.30045
 1.31177
 2.41298
 2.98189
 14.9429
 10.6995
 1.36817
 11.2597
 10.6759
 18.1866
 10.4436
 1.95208
 6.95061
 0.52193
 12.7963
 3.59094
 12.6701
 26.4896
 7.95382
 3.32896
 2.83761
 10.1603
 13.9003
 4.40871
 13.3941
 3.80155
 2.61447
 2.53482
 38.0113
 11.2107
 34.6197
 5.66804
0.431106
  13.874
 8.86969
 30.5146
 16.1826
 2.88799
 10.0023
0.396464
 14.3966
 9.19684
 13.2149
 16.9075
 2.55358
 20.4803
 10.5532
0.220518
 2.60121
 2.21197
 21.4682
 9.89137
 16.7449
 6.12516
 9.39317
 19.1232
 11.8138
 7.86216
0.805011
0.661889
 15.0966
 11.0016
  8.9909
 26.4892
 18.2211
 1.97698
 12.4097
 22.5854
 18.3852
 12.7346
 33.2851
 13.3031
 3.02356
 7.95746
 5.33633
 3.48861
 10.6799
 5.16577
 3.72621
 15.7839
 12.4456
 31.5592
  9.2333
 14.4919
  15.344
 16.3875
 13.6073
 8.39159
 4.03078
 8.51462
 1.78677
 3.49513
 3.32183
 5.62524
 8.83492
 17.6784
0.365065
 7.98737
  20.727
 12.7327
 14.5794
 11.9445
 8.49891
 26.9239
 2.73113
 17.6991
 27.1151
  8.4043
   8.108
 26.5555
 11.1398
 1.54368
 4.93579
  15.725
 16.0073
 10.2223
 7.51418
 1.02168
 10.4084
 9.85631
 3.15285
0.807773
 2.40049
 13.2073
 15.3016
 1.32875
 2.00126
 17.5817
 13.2073
 21.2972
 4.64002
 51.3559
 13.6284
 2.00131
0.804363
 1.37382
 15.8058
 4.84116
 19.8383
 4.79191
 8.64939
 1.16072
 6.58728
 9.31734
 5.36634
 6.38796
 47.0266
   9.518
 4.26191
 14.1115
 5.87167
 3.55166
0.509827
 1.94492
  2.1053
 6.91232
 10.2306
  29.503
 30.4539
 39.1026
 0.75688
 1.18558
  11.257
 9.56061
 11.3811
 3.26221
  21.064
 8.50543
 1.50616
 2.40032
 20.0881
  2.3236
 3.60581
 3.22171
 43.0823
  4.5089
 5.24726
 12.3907
 11.7518
 2.60851
 7.08891
 1.38894
 36.6516
 48.8713
  7.2379
 15.5819
 0.41741
 11.4977
 9.59504
 5.16688
 6.03906
 1.81867
 9.15655
 1.09675
 12.1119
 1.41004
 11.6373
0.210511
 15.1335
 4.91406
 6.90633
 10.0344
 15.6065
 7.39105
 16.9153
 23.1153
 2.28787
  22.522
 47.9484
 6.64029
 8.82428
 19.2036
0.938418
 10.3913
 1.28647
 4.66481
 4.49487
 35.2121
 17.3616
 16.2364
 18.8073
 17.3686
 60.5791
 4.06894
 26.8689
 30.5663
 35.9415
  15.928
  1.9701
 18.1015
0.628125
 8.13385
 13.0393
 2.20209
 16.1334
 2.45986
 15.7931
 12.4135
 14.8171
  7.4859
 12.9239
 5.68161
 4.21279
 3.39939
 14.4509
 12.5484
 25.2735
 11.9463
 9.43915
 16.3811
 8.39878
 6.70704
 6.02831
 34.5742
 4.96057
 2.95307
 16.0014
 8.49508
 13.7572
 7.71827
0.911857
 8.18266
  5.8995
 44.2277
 45.9478
 9.53467
 17.2203
 16.2162
  9.5179
 2.06727
 3.81534
 4.98477
 1.49435
 14.9518
 30.0335
 7.22464
 16.5081
 5.66906
 6.83288
 2.44003
 0.24143
  10.004
 1.21137
 9.69781
 11.0334
 2.81695
 31.0754
 7.65285
 38.3783
 52.6994
 18.6384
 44.9265
 21.8675
 2.53578
 22.8148
 4.78438
 6.00238
 30.6015
 17.8798
 1.09796
 25.2755
 14.1543
 9.11069
  64.836
 55.0138
 27.5414
 8.99485
 62.5619
 62.2313
 50.1731
 46.4752
  3.0056
 14.1303
 1.39173
 12.8155
 2.33103
 50.7506
 42.1354
 21.0509
 4.25559
 24.9217
 15.5876
 6.56906
 55.3624
 6.02372
 50.1692
  61.277
 6.77879
  3.5644
 42.7652
 31.6496
 38.7346
 3.78989
 14.6179
 3.73736
 32.7836
 63.1236
 27.3796
  3.9215
 5.47011
 53.2462
 13.3627
 3.14472
 2.15865
 1.84083
 2.88562
 58.2791
 6.86702
 12.7878
 50.8304
 20.0095
 2.25162
  19.389
 15.2019
 18.6987
 42.4949
 2.87908
 54.7628
 12.2173
 15.8906
 11.2632
 7.48378
 33.8649
 13.6804
 6.67734
 50.0483
 58.0608
 64.2951
  28.538
 48.8661
 50.1682
 61.9633
 59.9159
 62.1037
 46.4454
 31.5189
 26.3302
 22.1209
 43.7928
 58.5995
 8.58293
 14.6528
 34.8464
 31.1491
 1.99785
 5.91034
  64.198
 62.5551
  57.215
 62.7737
 57.3483
 11.6768
 6.85258
 8.43864
 28.6263
 22.8489
 12.5424
 11.2632
 4.62914
 10.5332
 13.9004
 64.0218
 36.4757
 5.98578
 47.2714
 36.4739
 5.54453
 4.02016
 32.2833
 7.05439
 15.0135
 47.2999
 18.8406
  4.0851
 22.0253
 4.90295
 10.7452
 4.81025
   6.728
 5.82695