 21.7534
  22.259
 38.6472
 4.29233
 1.54104
 8.20871
 31.8925
 11.6756
 35.5045
0.999214
 12.0611
 13.7731
 1.50004
 1.20036
 4.49345
0.721922
  2.2011
 4.97059
  8.6941
 27.8312
 4.80981
 9.18016
 11.9952
 24.6327
 2.55873
 15.3572
  9.4352
 14.8621
 22.1414
 42.8387
  6.2419
 39.0921
  8.9279
 1.08165
 58.8056
  5.7377
 27.7605
 40.6134
 53.5627
  4.1565
 51.0338
  4.7784
 4.05144
 3.84729
 12.2343
 8.03096
 5.27038
 37.1492
 27.7613
 5.62358
  8.1151
 17.0727
 16.5059
  6.8567
 10.1763
 5.97254
0.454553
 48.0599
 18.3725
 7.14322
 3.09619
 20.7235
 2.00621
 15.3667
  7.6536
 12.9787
 11.6885
 13.6448
 13.4094
 14.8526
 6.40265
 1.42198
 3.31688
 31.7865
0.835192
 13.3597
 9.26961
 17.4634
 5.71822
 1.42758
 25.2128
 15.3763
 4.02553
 2.49061
 24.6588
 21.7087
 21.5879
 8.50837
 9.28638
  33.148
 26.7188
 16.1395
 60.9132
  21.836
 48.6054
 6.94429
 2.87559
 30.2884
 8.18844
 3.09559
 12.2074
 23.7981
 15.4235
 20.8399
 2.81684
 11.4387
 27.6412
0.775092
 18.0968
 5.60919
  11.678
 8.86563
 9.22253
 7.31928
 7.40864
  51.509
  16.643
 15.3421
 15.6467
 7.52231
 27.8405
0.733279
 25.6337
 1.11666
 16.1583
 17.9533
 11.8381
 30.5658
 24.9549
 1.06118
 1.26237
 1.50027
 8.62825
 21.9867
 20.6332
 5.91071
 12.7319
 28.0256
 27.9253
 1.55379
 7.02529
 8.91354
 4.05395
 30.0715
 1.04306
0.363112
 13.2434
 8.49447
 9.77001
 2.23802
 19.6966
 11.1798
 21.3857
 16.1628
 4.12719
 12.2403
 21.4745
 16.2193
 2.79707
 16.5923
 6.78363
 2.83807
 5.48637
 9.63349
 13.4064
 20.4758
 5.83732
 1.46208
 15.9337
 32.6692
 8.85688
 26.3004
 24.4717
  1.6072
 20.8415
 5.62568
 28.1291
 33.8019
 11.7359
 23.2835
 9.39524
 2.89054
 9.55713
 12.9474
 13.6321
 24.2197
 1.82877
 13.5166
 17.9946
 7.67944
 1.79993
  24.967
 13.5166
 5.79764
  15.357
 17.8292
 26.6942
 12.3598
0.683796
0.700772
 4.09143
 20.6673
 23.6293
 5.47315
 4.07101
 14.4409
 9.89575
  12.395
  5.9072
 6.23129
 12.0029
 12.0321
 23.9083
 16.2359
 15.3633
 29.2619
   30.87
 27.1948
 18.3561
 7.79373
 19.5834
 22.4358
 18.3138
 30.5989
 19.2004
 3.04315
 2.55802
 10.1182
 15.0637
 15.4915
 57.5748
 16.3988
 6.46218
 19.1552
  28.254
 1.88603
 9.69835
 3.59712
 32.4492
 21.2711
 7.23328
 32.6057
 4.78377
 18.0899
 9.05017
 13.1967
 32.2825
 3.92769
 8.82554
 19.1705
 12.1006
 10.9037
 16.7724
 7.41894
 9.89336
 13.7406
 6.52579
 21.2234
 15.1239
 62.5019
 2.02244
 15.2382
  7.3576
  11.493
 15.0393
 25.7715
 32.8239
  7.0962
 3.64558
 21.2056
 3.42007
 20.9507
 5.00473
 20.3905
 4.36777
 5.71276
 17.3013
 37.9513
 8.12077
 15.4284
 5.07095
 1.00274
 31.3566
 19.6907
 21.1065
 8.94262
 16.5819
 7.96415
  28.881
 5.71961
 14.8315
 14.2444
 19.0061
 8.41746
 4.77024
 6.45654
 16.1432
 15.6677
 10.7142
 24.3188
  18.326
 1.26636
  13.588
 17.5179
 11.6737
 7.39791
 2.30048
 5.19736
 10.0199
 26.0607
 4.17192
 12.9834
0.700478
 12.8495
0.626247
 3.09304
 19.3343
  11.951
 6.24778
   1.501
 10.3172
 5.69596
 8.00187
 20.8879
 17.5867
 4.93677
 17.2212
 19.4341
  1.4819
 22.2822
 62.2245
 1.59431
 25.0135
 4.94526
  19.046
 24.2004
 15.6917
 6.74354
 2.09083
 26.9491
 8.73929
 5.01559
 17.1397
 45.9822
  18.595
 1.52997
 14.6452
  4.2365
 17.1618
  6.5866
 7.70653
 18.6574
 6.14928
 12.4452
 6.21579
  8.2379
0.658788
 6.13069
 12.5558
 6.57931
 18.1384
 6.14574
 5.33158
 57.6525
 28.6838
  25.577
 16.2369
 18.3463
 20.0317
  9.6488
 7.69622
 33.5226
 4.08587
 9.97352
 9.20852
 18.7836
 17.5313
 5.45254
 25.1457
 22.1385
 8.08955
 2.16396
 18.4012
 5.12883
 52.3771
 2.47677
 5.99825
 5.99559
 13.4036
 1.65861
 19.9144
 21.2882
 18.7836
 13.0406
 9.29175
 9.86156
 17.0852
  30.655
 10.3495
 9.40076
 16.9315
 2.02353
 10.9793
 4.92526
  6.9677
 9.27436
 6.56521
 4.58886
 6.32807
 4.82844
 17.0297
 13.8982
 42.3802
 13.3221
 14.1884
 10.1342
 2.05342
 6.43751
 4.35426
 15.1758
 18.9651
 35.0209
 4.09315
 3.32797
 8.84225
 3.99104
 5.73591
   16.14
 23.3895
  18.493
 2.55755
 6.56156
 25.3942
 9.50934
 9.63387
 11.6622
 6.83297
 16.8273
 24.7599
 2.25818
 1.32954
 6.60025
 18.6316
 6.84651
 15.5934
 61.0348
 24.0781
 8.42379
 2.74631
 1.23046
 52.7758
 4.46961
 5.74087