46.0269
 48.422
27.9453
42.8456
29.4606
46.3476
26.7584
81.6508
63.8954
64.9717
55.8301
47.3997
56.0411
 16.942
57.0418
54.2642
53.9695
69.5175
  58.48
     28
 33.151
 34.108
 72.443
 60.209
49.2887
30.3104
42.8752
60.9708
52.4834
50.9326
69.1204
41.6849
48.1322
6.82404
 19.941
42.4307
25.9126
 4.6911
10.9685
 54.786
43.3285
39.1911
51.9322
 41.491
11.9426
7.61319
31.8325
7.34727
26.6324
7.86766
24.1895
64.2802
 57.922
47.3997
 47.186
51.9568
35.6667
69.8777
50.6238
70.7544
39.6768
30.9057
20.6829
62.1835
42.5014
52.4834
38.7927
84.6761
50.2635
56.7809
21.4731
85.2355
56.8078
64.9717
59.5627
44.7716
12.7766
11.0984
30.1094
47.3997
47.8442
56.2251
24.4388
64.2791
85.2286
59.4145
14.5942
12.4803
49.3452
36.6232
30.6814
31.2869
59.4181
50.2641
33.0603
8.61678
64.0353
72.8165
 12.256
22.6609
41.1127
13.2196
16.4366
5.46006
28.9171
50.2635
86.2042
23.7494
81.6736
59.4181
65.7562
36.6508
7.89185
6.27473
24.4113
29.9924
48.6306
26.5501
5.90936