  21.6643
  15.6086
  12.5233
  5.57795
  18.1423
  1.56275
   8.4253
  9.34641
  7.89478
  3.62341
  3.59599
 0.501878
  2.77476
  2.29024
   2.7194
  13.1867
  3.65316
  3.69393
  27.6579
   30.841
  21.7284
  11.9419
  22.1542
   10.922
 0.716092
  4.56322
  30.6645
  3.86811
   5.3795
  29.2009
    10.27
  17.4011
  7.61983
  2.70112
  7.98948
  12.7485
  7.67147
  13.2606
  16.4683
  7.89478
  5.69213
  27.3641
   8.1019
  2.37402
   26.283
  8.46367
  3.38399
   17.529
   16.324
  4.02547
  37.9632
  7.01957
  13.9241
  8.06568
  2.68747
  29.1604
  5.48307
  2.74233
  22.3965
  13.0547
  24.2579
  24.3868
  10.5769
  30.1848
  8.58132
  31.2046
 0.585648
  2.33265
   1.1371
  10.7409
  10.4303
  34.7764
  34.8054
   10.577
  7.08111
  13.1187
  18.3844
  19.9956
  2.67754
  4.85899
  9.78832
  8.50098
  11.7557
   12.398
 0.315599
  10.8377
  1.32748
  11.0316
  9.84942
  21.9726
  31.5102
  8.08957
0.0266024
  14.6989
  9.42298
  3.45437
  7.93065
   8.5148
  10.9183
  19.3489
  9.37007
  15.2377
   22.922
  1.75125
    12.01
  16.5175
  4.26042
  9.37508
  10.8621
  20.0937
  16.6915
  30.4349
  1.60216
   2.6299
  2.93414
  34.2508
  12.4028
 0.746417
   25.045
  21.4416
  5.34808
 0.711885
  2.25251
  3.61795
  10.7234
  21.4388
  15.5241
  1.30188
  19.2096
  27.1534
  4.28463
 0.468805
  19.1954
  1.99321
    18.47
  2.65514
  2.07817
  1.95452
  3.27604
  6.00587
  0.18047
  6.92932
  2.30725
  6.12916
  3.92237
  3.61638
  2.84931
  2.46182
   24.249
  16.3973
  13.0631
  4.61043
  22.2874
  12.3107
  9.65894
  5.41692
  11.9802
  2.62711
  10.7304
  13.3908
  6.64053
  11.3135
  10.0743
  15.5457
 0.621877
  2.72439
  5.34795
  31.2001
  33.8866
  15.7605
  3.49508
 0.855552
  5.07333
  3.49508
  24.1922
  21.9018
  3.21091
  8.98713
  18.1738
  1.07446
    4.001
  17.3757
  29.2857
 0.510155
    25.63
 0.386825
  18.6216
  17.1049
  25.1533
   21.956
  10.9228
  1.38634
  20.4505
  29.2968
  5.64299
  2.24319
  3.45991
  28.5079
   21.445
  14.6619
  2.71217
   25.702
  1.31319
  5.44949
  29.8544
   19.346
  29.4802
  18.0953
  2.27837
  4.34895
  19.3283
  1.59487
 0.573986
  15.5049
  10.0217
  18.9221
  2.69843
  22.3001
  9.72333
  7.87618