  1.00321
  1.44279
  10.8121
  4.30752
  3.68666
  11.4511
  40.7676
  14.4158
   2.8483
  46.0004
  47.0919
  3.48594
  12.5733
  4.69918
  9.72368
  17.4493
  17.6178
  1.50468
  35.3616
  32.9553
  23.8639
  31.7251
   20.757
  31.7321
  17.1706
  21.9667
  27.2988
  53.0282
  46.2747
  30.0979
  1.53661
  15.3086
  25.9801
  5.53379
   16.912
  23.7662
  21.6837
  21.7363
  14.4792
  9.31009
  16.8461
  10.0239
  16.4938
  32.6941
  7.87608
  2.40822
  13.3927
  12.8647
  9.04861
  46.3791
  35.4093
  23.7074
   7.4524
  4.17944
  7.09807
  19.8547
   3.6433
 0.249918
  1.72568
   13.571
  1.21319
  7.52279
  15.1792
  2.45888
  12.6553
   13.925
  9.65458
  10.0866
  5.61896
  19.4624
  1.26162
  1.91027
   20.696
  22.0236
  12.3782
   23.015
  28.3773
  28.4942
  7.75037
  17.9241
  4.21832
  44.3756
  10.0552
   19.603
  6.19818
  34.6642
  6.98098
  7.87428
  10.2227
  9.04359
  9.15761
 0.737823
  18.8958
  4.05846
  8.11145
  14.7003
  13.9325
  20.3113
  35.5471
  40.0613
  34.7506
  22.8314
  33.6895
  25.2357
  9.95165
  13.5459
 0.447485
 0.502656
  4.31234
  12.4577
  13.4801
  23.5627
  34.3409
   14.774
  11.3744
  4.34565
   4.1283
  2.92344
  2.71183
  9.04136
  36.3495
  49.4499
  7.64552
  4.46539
  2.36862
  5.70908
  1.08878
  12.3365
    12.47
  10.5757
  17.4464
  12.4413
  5.94149
 0.988981
  6.93618
  13.7649
  5.62401
  19.1402
  5.11138
  18.7835
  28.0073
  35.7596
  29.3799
  33.2394
  19.7858
  36.5325
  19.2347
  18.5174
  4.47552
  8.39692
   1.5091
  11.7428
  13.5079
  21.4058
  48.7035
  46.0609
  18.6207
  35.3532
  14.7418
  14.5898
  16.2187
  14.7095
  9.32121
  10.3563
  25.0189
  26.6762
  35.8115
  39.4123
  1.40299
  11.7658
  10.4441
   10.098
 0.721136
 0.445318
  3.16062
 0.976436
  21.5431
  22.9648
  21.7642
  20.3232
  15.0524
  15.5353
  22.4663
  18.5498
   11.495
  17.3837
  40.4186
  28.2913
  5.14194
    42.76
  36.9843
  11.4527
  28.6834
   15.464
  24.5128
  23.6018
  2.55861
   11.596
  7.61474
  7.09338
  3.15664
  11.0795
  25.4045
  4.46157
  32.3265
  5.63464
  13.4838
  15.6304
  11.1546
  39.0414
  14.0309
  45.6285
 0.924223
  10.7019
  1.56198
  12.3042
  8.05045
  8.16742
  12.5083
  15.5719
  20.0526
  26.5788
  42.0765
  32.1124
  13.1921
  40.3449
  28.6836
  4.62731
  10.3953
  18.9072
  11.0991
 0.179683
  2.24024
  12.5658
  5.17145
 0.802452
  10.2228
   32.223
   13.862
  34.6028
  24.9021
  7.61275
  8.87259
   4.7946
  7.39519
  4.23381
  10.1259
  14.8601
  17.5689
 0.930257
  17.3107
  20.2355
  2.91428
   5.0035
  10.8191
   10.266
   6.6736
  12.3651
  21.8665
  14.1248
  14.5478
  20.2121
  5.68954
  9.68413
  11.1753
   1.5328
  2.19763
  4.16761
  3.76413
  10.8846
  4.41121
  5.01808
  1.03447
  22.3272
  9.94104
  19.8458
  23.3898
  46.3867
  38.8651
  3.34787
  2.37117
   6.8997
  2.13653
  4.03311
  13.4476
  6.07378
  26.2772
  22.2966
  2.37727
  20.0142
  7.18491
  11.6911
  6.59007
  1.22732
  3.43187
   10.213
  13.0503
  1.58117
  1.31689
   19.122
  3.07878
  5.15754
  38.1193
   17.051
  10.1487
  9.77458
   15.398
  12.3964
   22.434
  14.9418
  2.51238
  5.42141
  9.34826
  18.6135
  8.74042
  19.4788
  45.9163
  17.6626
  11.1053
  7.05639
    18.11
   24.119
  2.55942
  16.6604
  4.35573
  22.6338
  8.83102
  26.9972
  15.1665
 0.997925
  5.31775
  28.2429
  8.32054
  17.2454
   7.7193
  12.0685
  1.36965
   18.404
  7.84381
 0.588654
  41.6686
  9.39815
  22.5147
  16.6568
  12.7843
  1.51621
  20.0463
  1.56205
  11.2211
  3.80441
  26.7148
   20.004
  1.91049
   28.763
  4.72753
   29.144
  2.46018
 0.574733
  14.0817
   10.482
  3.88906
  5.81397
   7.9187
  11.9306
  25.9448
  28.3862
  3.05193
  27.4147
  41.7603
  28.6861
  11.6635
  31.5348
  1.32462
  24.0703
  1.54066
  5.04996
  25.0579
  37.4183
  26.3907
  11.7577
  6.04252
  28.7625
  3.74122
  5.37601
  36.2597
  11.9926
  7.22062
  3.01453
  10.8033
  21.8378
  2.35395
  10.0005
  1.15568
  3.40786
  2.51488
   12.225
  18.7714
   2.2689
  8.34415
   19.603
  11.3676
  31.5089
    7.278
  10.5632
  20.1347
  33.1709
  33.5852
  27.3023
  26.3976
  21.3375
  10.3002
   34.534
  8.67873
  8.75231
  19.0146
  13.5486
  8.22597
  8.86334
   22.107
  4.26001
  22.4284
  2.12518
   3.2859
  23.1858
  2.42715
   4.5847
  22.0044
  19.7163
  17.1681
  2.29527
  2.24683
  20.2842
  13.7417
  1.32719
  20.4578
  4.92478
  7.47452
  11.3176
  8.74776
  2.32477
  15.2989
  11.3977
  12.4995
  11.4847
  10.8988
  11.8342
  7.66057
  5.84876
  3.09224
  20.5482
  19.9608
  24.5369
  3.65994
  3.08063
  7.23952
  22.3232
  1.28213
  12.4772
  5.89157
  17.0852
  18.3902
  23.2646
   2.5382
  11.0871
  27.0148
  13.0155
  19.2122
  6.89492
  5.11765
  9.63474
   13.868
  6.53132
   25.568
  21.7251
  19.1143
  3.47814
  20.0673
   13.795
   17.209
   15.491
  2.29576
  17.1569
  11.2621
  4.27373
  29.7898
  2.86068
  20.0857
  3.70888
  18.9502
  12.2566
  7.27485
  33.9838
  21.2057
  2.27261
   6.5359
  4.55094
  6.31077
  1.41423
  32.1597
  26.6194
  22.9515
  22.4432
  39.0628
  10.7599
  5.76708
   18.749
  30.1933
  3.31038
  21.6257
  4.52264
  21.7164
  13.7824
  2.53406
  30.2666
  22.0897
  11.4913
  11.2378
  29.3124
  35.0146
  17.8401
  8.29157
  25.0822
  8.22791
  11.0443
  1.36284
  18.2451
  50.1508
  29.6317
  24.7761
  3.93247
  26.7023
  1.80407
  9.68583
 0.395584
  29.3944
  13.0752
  6.47613
  2.39429
  4.67901
  3.44275
  4.22618
  16.1569
  21.2564
  19.0069
  47.0312
  13.7942
  4.27428
  12.0065
  20.0214
  1.49599
  46.0556
  2.15253
  15.0828
  8.02466
  7.79644
  23.7446
   19.197
  19.0345
  34.7169
  11.3873
  2.73445
  6.99156
  19.8779
  21.4014
  47.4257
  21.6012
  7.78558
   19.609
   18.595
  12.8398
  4.63105
  12.5022
  23.4891
  11.9038
 0.107655
   1.7049
  13.7878
  1.70278
  13.2452
  5.22672
  30.0935
  2.34578
   22.394
  7.50585
  15.4394
  9.54093
   4.5714
  17.3083
  2.97123
  21.5373
  6.01733
0.0847091
  11.4824
  3.75038
  15.3632
  14.8255
  4.52154
  15.1068
  17.2934
  22.2728
  6.58175
   21.182
  11.7055
  10.4978
  7.61057
  13.3406
  15.6426
  1.52188
  7.68709
  2.77156
  10.4593
  13.6846
  18.1356
  3.31829
  49.9406
  22.4129
  6.28356
  12.9291
  6.10699
 0.700103
  25.7284
  25.5268
  6.83587
  9.97739
  10.7089
  10.6751
  13.1294
  16.8557
  5.19923
  17.1838
   7.7191
  19.4321
  20.7037
   10.751
  33.3447
  45.3969
  48.0075
  15.3965
  16.5617
  16.2883
  1.92118
  9.82938
  12.8195
  21.2455
  20.4264
  16.4037
  4.67325
     3.56
   14.136
   19.833
  8.94927
  5.87608
  8.78345
  15.4402
   3.6922
  17.0527
  19.5881
  13.3905
  17.8409
  15.2532
  20.6545
 0.997912
  21.3878
    3.837
   15.898
  3.19021
  7.78253
  10.2042
  5.83795
  4.57658
  7.39919
  20.1182
  8.48052
   11.476
  1.56181
  17.9166
  15.3979
  0.65201
  3.75002
  37.6692
  11.3552
  4.37743
  9.66926
  10.2451
  3.27558
 0.216868
  27.3521
  21.7862
 0.184635
  33.3873
  18.1967
  14.7994
  10.4792
  5.33202
   17.913
  7.31717
  27.5259
  14.9989
  17.6395
  11.6327
  7.17325
  20.3261
   14.662
  11.9008
  8.48052
  7.22878
  3.94856
  7.60393
  5.54867
   1.9216
  11.0992
  2.29025
  1.31572
 0.944698
    12.24
 0.862215
  9.89523
  9.81138
  8.70346
  18.9819
  11.0244
  5.05509
  23.6611
 0.688828
  13.0256
  29.2394
  45.2611
  46.1505
   29.192
  42.2081
  1.86169
  24.4631
  16.1115
  11.4594
  15.0717
  3.49277
  16.8783
  2.31135
  6.45391
  7.96521
  10.0849
  9.49923
  2.24334
  11.3525
  4.10074
  19.6747
  4.55801
  15.7851
  8.67098
  27.3029
  5.33107
  1.53476
  12.7248
  21.6202
  6.43208
  9.50303
  17.1131
  1.99699
  7.04383
  20.5811
  6.40296
  15.1683
  5.28425
  11.3884
  10.6258
  44.9602
  52.7609
  5.23666
  11.3601
  19.3775
  12.4755
  34.7018
 0.487041
  2.63197
  18.3865
  37.0606
  4.69312
  19.2026
  7.98676
  16.0254
  28.7313
   26.999
  23.6982
 0.658335
  25.5515
  50.7323
  18.8311
   24.608
  58.5663
  68.2924
   7.4157
  28.1756
   23.241
  29.8254
  13.2075
  43.0992
  5.73133
  40.8858
  43.8654
  36.5844
 0.111565
  10.9358
  17.9812
  6.52436
  5.52148
  8.49622
  20.0541
  21.9221
  48.4113
  18.2858
  7.24272
  8.11861
  36.0292
  27.6431
  11.9531
  2.27819
   5.8726
  8.56966
  1.26495
  1.12226
  34.7264
  12.7214
  5.70041
  29.8775
  34.1043
  42.8307
 0.123262
  2.23367
  26.0786
  21.2266
  5.56645
  1.12037
  2.89059
  13.5551
  7.65361
  8.87263
  6.62457
  15.2508
   25.373
  34.7342
  10.2717
  6.35269
  9.65343
  8.80119
  25.7078
  6.59959
  38.3348
  14.6053
  1.43458
  28.4969
   15.024
  1.15814
   35.177
  14.6159
  20.6206
  10.4858
  23.5158
 0.510023
  44.8954
  40.4644
  9.39494
  29.1172
  7.61734
  52.0337
  14.7968
  6.68839
  12.1569
  44.2117
  31.2936
  3.79221
  3.30463
   3.2484
  9.36968
  15.1904
  27.9922
  23.4539
  52.0873
   29.127
  51.7776
  9.71194
  11.3604
  5.09253
  4.77101
  51.8969
  55.4586
  43.0237
    5.767
  18.4597
  10.4886
  15.1574
  26.8861
  44.1972
  45.3605
   46.836
  5.81902
  5.50678
  6.61663
  4.19883
  5.45899
   2.6162
  36.3851
  26.5868
  31.6631
   24.673
  5.12264
  15.1331
  8.62646
  10.6063
  51.5155
  65.9429
  51.2117
  39.9274
 0.818605
  45.3984
  58.0662
  72.6687
  58.5007
  52.7725
  5.78072
  15.7864
  4.09255
  27.0995
   45.824
  7.38098
  46.9477
  46.1962
  15.6101
  62.4255
  50.9381
  43.8073
  39.8566
  61.2768
  68.8205
  68.0261
  57.5029
  62.3682
  9.95167
  19.0813
   33.583
  5.29138
  18.6438
  16.6169
  13.4503
  25.3679
  25.3732
  18.9096
  16.9878
  32.7918
  26.5325
  33.0604
  26.6457
  18.3196
   44.137
  32.7784
  44.0285
  30.1908
  25.8301
  60.6944
   51.657
  72.6982
  8.88343
  6.16071
  32.2225
  13.0323
  33.6675
  26.8272
  14.4824
  29.1131
  18.9134
  35.4704
  33.4151
  60.6627
  44.1811
  62.2883
  62.4083
  54.3463
  33.4837
  20.2378
  25.0275
  34.0981
  52.7725
  54.5245
    44.37
  54.5439
  52.3825
  43.1292
  18.2908
  72.6687
  64.8542
   54.075
  8.31029
  16.3654
  6.46785
  2.20658
  15.9338
  43.4667
  16.8874
  5.78547
  13.0384
  24.4687
  11.1071
  34.2308
  43.1008
  10.5846
  5.44091
  3.40358
  29.4661
  18.9401
  25.6188
  62.3846
  21.0564
  16.9952
  26.4199
  33.0719
  33.0152
  14.7666
   62.355
  18.8666
  32.6597
  10.3226