1.59568
2.26745
10.4828
13.2466
14.3432
16.0611
17.0888
17.3395
17.8772
17.9164
19.3947
20.0232
22.5671
23.9941
 24.615
26.3694
26.5816
28.5287
 29.284
29.4046
29.4064
29.8728
30.6184
31.0706
31.1242
32.4209
32.7097
32.7679
33.4362
33.5508
34.4409
35.4104
36.8188
 37.604
37.8019
37.9193
38.3615
38.8926
39.2574
39.8598
39.9433
39.9644
40.8637
40.9058
41.8203
41.8502
42.1044
42.4081
42.4105
42.4425
42.5312
42.5455
42.5694
 42.807
42.8202
42.9231
43.4191
43.4231
 43.469
43.5855
43.8324
43.8648
43.9419
44.0065
44.3738
44.4196
44.8356
44.8697
45.0028
45.2687
45.4946
45.9601
46.1581
46.2172
46.2959
46.4568
 46.577
46.6163
46.7686
 46.863
47.4943
47.6423
47.7864
48.1939
  48.22
48.2808
48.6363
48.6954
48.7752
49.2472
49.4563
50.0537
50.0895
50.4425
50.5398
50.5787
50.5832
50.6736
50.7454
50.7885
50.9022
51.2637
51.6777
51.7982
52.3068
52.3653
52.4209
52.4504
52.4988
52.7986
52.8235
53.1461
53.1768
53.3476
53.3917
53.7398
53.7902
54.0775
54.5899
54.6009
54.6755
54.9975
55.1697
55.2012
55.6149
55.8591
55.9163
 56.165
56.1773
56.2251
56.5826
56.7046
56.7518
 56.757
57.0929
57.2321
57.2381
 57.278
57.3106
57.4323
57.6287
 57.958
58.4838
58.5472
58.7358
58.7829
58.8624
58.9502
59.0065
59.0495
59.8243
59.9772
59.9943
60.1094
60.1618
60.2134
60.5471
60.8905
61.8353
62.0037
62.2375
62.2889
62.3502
62.4183
 62.902
63.3748
63.4268
63.5627
 63.827
64.3333
64.6646
64.6916
64.8019
64.8492
65.0304
65.1474
65.3499
65.4225
65.7911
65.8604
65.8866
66.0881
66.2193
66.2973
66.3746
66.8667
66.8795
67.1628
67.2408
67.3389
67.5621
67.6762
67.7316
 68.056
68.1074
  68.21
68.2934
68.5506
68.5613
68.6112
68.8143
68.8385
68.8918
 69.462
69.7563
69.9667
70.4472
70.5983
70.7663
70.9679
71.3899
72.5156
72.6311
73.2292
73.8846
73.9322
74.2227
74.2423
74.3112
74.5943
74.7439
74.9514
75.0142
75.0238
75.3781
75.4364
75.6355
75.6386
75.9494
76.2235
76.4815
76.8199
76.8296
76.8854
76.9672
77.1239
 77.867
78.0113
78.2949
78.3199
78.3364
79.4606
79.6649
79.7147
80.0687
80.4171
80.7119
81.4088
81.4756
81.6814
82.0045
82.0797
82.3655
   82.6
83.4325
84.0551
84.1151
84.3439
85.1649
85.1659
85.1714
85.5987
85.9198
86.2624
86.3582
86.9079
87.2962
87.8849
87.9702
88.5565
88.6143
 88.772
 89.449
89.9498