  9.04706
  5.59429
  2.73753
  59.9143
  51.6762
  69.2681
  56.0076
  30.4881
  17.9643
  68.5821
  77.3617
  91.4362
  87.2719
  18.8202
  21.3785
  32.4352
  29.7056
  78.7647
  45.9813
   40.785
  71.8816
  75.8291
  55.2763
  69.9402
  32.7883
   78.038
  67.9455
  47.6368
  61.2225
  37.1514
  72.2125
  71.6954
  20.5002
  29.5962
  20.6877
  13.6086
  31.4983
   36.878
  64.2467
  15.0518
  16.8661
  33.9224
  52.3292
  87.2169
  33.4727
  34.9132
  24.3868
   15.651
  8.92131
  5.37785
  41.1961
  9.09973
  11.1666
  2.31799
  3.44788
  2.04711
  63.1891
  35.7649
  12.9165
  7.47899
  21.3785
  49.9083
  1.03397
  65.6147
  61.9544
  61.7666
  58.7862
0.0954843
  31.9618
  14.5913
   2.5938
  11.4796
  61.1005
  14.4883
  5.46956
  6.56123
  33.5187
  9.61947
  13.7199
  4.80336
  6.37555
  11.7568
   69.953
  60.2971
  15.9571
  1.09935
  2.45261
  12.8589
  11.6176
  17.4643
  13.6565
  13.0543
  24.4698
  17.6568
  1.60409
   8.5243
  26.0555
  17.1728
  30.9216
  40.6103
  4.32219
  9.95667
  8.52493
   65.754
  57.8975
  1.77866
  6.96401
  10.7182
 0.827617
  6.04876
  3.20688
  4.75979
  2.88689
  1.31495
   50.003
  40.4683
  56.3681
  8.69846
  1.21791
  9.78364
  6.72546
  11.1356
  22.4363
  11.7021
  4.57029
   4.7693
  23.6392
  14.3291
  1.75727
  22.6124
  28.6071
  25.4286
  1.69057
  12.5679
  8.27221
  8.80178
  18.8509
  4.89373
  32.9036
  28.1753
  15.6175
   29.063
  1.79012
  12.0776
  62.5362
  14.0248
  22.4181
  62.1481
   59.298
  58.5456
  19.3258
  3.50693
  15.3553
  12.0248
  9.16333
  18.1617
 0.377085
  16.1158
  4.26866
  13.6507
   1.9178
  30.1429
  23.4932
  48.1707
  37.7433
  9.06695
  2.86481
  18.5462
  16.4164
  12.7787
  6.48261
 0.265695
  2.53808
  13.4033
  18.3747
  26.8036
  3.61845
  9.78179
  23.3417
  6.81943
  3.66128
  7.19503
  1.38513
   3.5396
  31.2131
  43.6061
  6.38927
  12.7373
  55.7204
  21.0207
  32.5364
  2.03053
   16.207
  33.0678
  41.8844
  34.3039
 0.265595
  17.1149
  34.0718
  39.9813
  5.59076
  30.5766
  16.2985
  46.5323
  1.24744
0.0893393
   26.536
  8.92391
    50.24
 0.211601
  46.4752
  13.0151
  10.1727
  9.27955
  9.15038
  1.80677
  7.02578
  7.36853
  59.0474
   44.198
  6.12516
 0.547252
  3.74352
  28.6363
  2.21904
  6.35815
  9.68236
  5.11121
  12.4141
  22.2604
  42.1827
  24.7728
  28.7734
  15.1919
  19.2344
  35.0981
  61.3593
  21.1397
  9.44745
  11.2627
  5.03037
  11.1166
  5.47272
  32.5644
  14.1525
   6.5189
  5.22157
  17.1565
  51.6282
  45.9824
  51.2175
  62.0403
  72.9977
  31.2667
  12.7487
  16.2154
  2.03781
  12.6107
  2.38735
  1.28183
  47.5968
  17.9643
  25.1141
  62.8175
  43.0854
  6.11195
   50.673
  6.95032
  6.74634
  3.28115
  11.8405
  18.1937
   36.347
  4.62545
  12.7243
  25.9985
  28.6162
  34.4896
  3.75054
  46.3186
  19.9925
  9.37806
  28.3223
  30.9233
  16.6809
 0.487848
  10.2068
  18.7883
  3.57734
  3.20145
  2.00917
   14.787
   15.428
  6.00401
  0.44381
  7.39291
  2.19115
  39.9738
  29.4934
 0.541891
  46.4018
  47.6384
  2.84029
  7.21684
    12.46
  48.5049
  49.1937
  30.6129
  15.4728
  8.11866
  10.8052
  1.79629
  5.18379
  20.2087
  22.2535
  9.24434
   3.5219
  8.08294
   15.585
  31.1904
  27.4559
  15.9684
   50.708
  34.4281
   22.191
  4.07916
  19.0707
 0.708394
  40.3624
  53.5661
  58.1588
  25.8949
  29.4942
   2.6186
  5.09756
  8.34792
  19.7671
  11.3217
0.0187677
  16.9737
  9.21553
   15.384
  18.5892
  14.1457
  61.5786
 0.871249
  16.8292
  6.03119
  64.5779
  17.6602
  2.34719
  24.7597
  76.9642
  14.3345
   38.683
  4.18615
  10.4454
  11.6815
  42.6917
  57.0523
  8.60214
  16.3023
  12.1387
  13.0415
  16.1373
  52.0278
  5.26879
   3.1022
   34.207
  75.9306
  53.2822
  17.6555
  7.77527
  19.3626
  45.7494
  61.1157
  15.3518
  2.57778
  14.9837
  32.4622
  32.7286
  30.9034
  62.4923
   13.277
  6.25217
  60.2475
  14.8491
  24.0983
  10.1943
  10.9015
  6.84082
  10.3304
  3.72551
  13.8388
  14.6702
  1.64596
  5.36148
  33.0714
  47.6873
  16.5226
  54.8079
  61.6183
  15.0448
   5.1786
  8.07697
  14.7514
  26.4746
  60.7621
  55.8512
  7.45684
  11.2503
  47.8165
  54.0999
  15.6896
  27.6076
  40.5615
  8.90204
  22.1249
  12.5326
  3.48236
  1.22033
   1.8235
  4.97215
  30.4171
  18.2367
  1.35925
  8.84407
  38.3711
  13.7455
  1.20141
  72.4836
  51.6207
0.0572565
  57.1993
  55.4231
  43.8838
   5.9976
  35.0814
  18.5333
  16.9958
 0.880993
  66.8448
  74.1884
  35.1135
  31.0203
  40.4768
  3.24544
  12.8958
   14.508
  27.4352
  48.3999
  12.1606
   2.0081
  17.2578
   8.0034
  4.81373
  16.9643
   7.4535
  10.3431
  4.69746
  12.0869
    5.773
  11.7063
  21.0474
  31.7167
  14.6136
  46.6534
  12.9967
  68.8738
  9.30195
  51.2618
  21.1789
  56.1963
  29.5921
  35.6138
  47.4649
  13.3217
   10.033
  5.39487
  55.6845
  31.3106
  1.64305
    10.89
  10.0649
  17.1448
  69.6805
  13.2057
  1.60951
  0.97394
  7.76546
  6.69865
  13.1146
  6.57795
  1.07235
    56.15
  62.0813
  8.52395
  10.0041
  12.9447
 0.700222
  7.36091
  4.48856
    18.41
  38.5666
  18.5049
  16.3487
  48.2527
  18.5766
 0.405212
  5.89328
  3.84026
  14.9813
   8.7129
  4.12156
  14.3776
  49.2305
   38.204
  37.8109
  5.10072
 0.406006
  11.3492
  2.57178
   6.8274
  26.0695
 0.969524
  18.4507
  1.57144
  3.59525
  43.8168
 0.511471
  6.69581
  9.22178
   20.859
   31.978
  12.0064
  1.25897
  4.17559
   3.6264
  15.8115
  16.0125
  14.7511
  23.4913
   2.2646
  43.5574
  54.7457
  10.9161
  10.5038
  11.2925
  63.8294
  65.5342
  5.61679
 0.556484
   30.731
  30.9425
  30.4139
  76.6872
  46.0379
  13.3353
  8.97679
 0.584857
  8.59562
  14.4006
  17.1313
  7.79119
  51.5811
  15.6282
  18.1549
  22.3829
  17.4883
  24.0375
  17.5858
  22.3269
  5.58715
  2.29184
  29.8493
 0.054076
  2.52061
  20.1747
  10.1711
  40.5969
  41.0737
   6.7785
  12.2707
  13.6286
  5.58137
  18.2978
  35.4041
  23.3961
 0.891505
  28.2148
  5.85156
  12.8624
  43.9531
  31.5837
  63.7891
  26.7709
  1.68391
  2.24138
  21.8888
  45.1324
   23.262
  35.8983
  3.56434
  14.9526
  9.73872
  3.43878
  30.3597
  12.8757
   3.6692
  2.55963
  2.35891
  33.2631
  4.31562
  46.7886
  8.74327
  59.5125
  9.02812
  17.3827
  12.7601
  14.5074
  19.3777
  22.6236
  23.6355
  21.5627
  30.4965
  44.4595
  8.56236
  46.4766
  20.5858
  21.0985
  4.94427
  2.64383
  15.2787
   27.681
  58.5156
  34.3485
  25.0015
  12.1348
  25.4028
   33.957
  40.1977
   1.8851
  3.74678
  17.8064
  60.5282
  51.0229
  4.49841
  19.3838
   32.472
   30.966
  8.74436
  20.2839
   23.809
  4.77601
  12.0606
  53.7952
  28.6851
  61.0025
  58.3187
  21.1789
  8.42929
  12.6731
  11.1774
  23.9971
  23.5073
   1.6414
  5.74511
   22.906
  35.3094
  3.31962
  3.66721
 0.113874
  16.0239
  57.0657
  9.07538
  14.8805
  52.8593
  61.1927
 0.980051