  10.4978
  10.5774
  11.6089
  11.8773
  12.3949
  12.5396
  5.97395
  5.79658
  9.68858
  9.62559
  22.4183
  21.9018
  23.4533
  23.2652
  12.8955
  12.5355
  20.2464
  20.3742
 0.637069
  1.48459
  22.9107
   5.6364
  24.1337
  47.9708
  47.0213
  23.5997
  22.2955
  21.6126
  25.0328
  25.3997
   22.091
  21.9895
  22.2177
  21.6123
 0.698031
  1.57625
  17.4314
  1.67133
  33.1408
  32.9532
  32.9685
  32.5389
  18.6903
 0.663354
 0.392121
0.0570716
 0.940725
 0.255902
  26.0148
   25.282
  26.0094
  27.2551
  35.5089
  35.5512
  36.3119
    34.82
  34.8605
  35.4021
  35.2539
  30.1346
  30.0477
  7.84432
  7.72198
  7.78532
  6.92566
   9.6752
  9.48022
  10.0757
  10.1179
  30.0744
  27.6232
  7.66833
   10.191
  9.55693
  9.94514
  10.1128
  11.2407
  11.6026
  10.7375
  10.4159
  10.4652
  10.4203
  11.7258
  11.6877
  9.93312
  2.23642
  4.17107
  4.09844
  3.70909
  5.83621
  3.01073
  2.25608
  4.53282
  4.73713
  3.61734
   3.8174
  4.10896
  4.64672
  3.99347
  11.4303
   11.849
  10.8103
  12.4762
  4.63228
  6.01025
  5.54546
  10.6953
  8.86059
  26.1528
  6.06602
  29.7489
  35.8477
  34.9476
  61.5359
  25.9481
   23.727
  10.1741
  10.3215
  10.4887
  11.4632
  11.2527
   10.203
  10.1147
  37.1047
  40.3298
   8.3306
  8.76494
  7.85898
  8.75162
  9.19075
  30.2073
  30.9665
  29.9804
  30.9829
  35.9386
  13.1874
  13.0451
  30.3458
  31.0674
  42.9594
  54.5625
  24.2726
  23.8406
  33.7094
  32.4668
  33.1939
  33.5438
 0.507808
 0.358822
  27.1582
  27.3305
0.0650427
  2.35048
 0.884083
  8.35221
  8.59238
  3.33483
  3.15042
 0.651019
  6.79235
  6.74688
  6.91884
  6.72321
  5.80428
   13.339
  6.85132
  6.86192
  6.06747
  22.8975
  5.42752
  5.96395
  1.56417
  45.7177
   15.786
  31.1785
  16.3164
  32.3427
  16.5494
  42.8527
  41.7881
  2.39408
  2.42788
  1.91875
  3.69038
 0.437791
 0.391872
  27.0633
  25.7456
   24.996
  21.6869
   25.011
  20.6162
  19.8968
  1.36065
  23.1299
  21.5641
  22.0772
  20.1609
  21.9948
  14.4185
  14.2969
  2.91199
  2.67653
  23.0561
  20.6144
  3.29792
   37.697
   10.356
  9.84084
  13.1877
  13.3099
  11.6059
   11.219
 0.490485
  19.2878
 0.409173
 0.803803
  13.0276
   12.427
  13.9448
   13.101
  3.34701
    3.238
  3.49825
  3.26905
  16.3463
  12.7274
 0.998566
  21.1773
 0.144125
  12.8941
  11.7922
  4.30742
  10.2663
  7.84328
  8.85168
  38.9917
   14.913
  19.3173
  46.6989
  26.2109
  24.2918
  1.14631
  1.12016
   14.208
   15.437
  29.6239
  19.9874
  18.5699
  42.8999
  10.7114
  4.46961
  5.05423
  4.74646
  3.28319
  28.8834
  2.64719
  21.9359
  2.40705
  2.55876
  26.0476
  3.50794
  4.75932
  4.00511
  5.08558
  7.33428
  6.98193
  7.96952
  14.4306
  2.69967
  23.8236
  7.60299
 0.392971
 0.466378
  27.9621
 0.274659
  3.98004
   24.752
  26.7265
  39.9844
  64.0467
  32.5026
  31.1269
  24.9391
  21.3572
  12.0397
  12.8446
  12.7204
  36.6696
  12.1188
  37.6826
  8.85568
  8.91683
  9.55448
   9.7417
  7.34885
  31.7539
  10.1111
  10.4656
  11.6435
  11.3939
  9.97335
  8.23164
   10.004
  9.66699
  8.80486
  24.1004
   44.088
  14.3409
  19.1909
  55.1129
  66.1559
  12.6766
  11.6242
  14.2591
  15.5644
  2.93392
  4.69593
  3.24552
  8.18294
  1.04545
   9.8991
  6.91411
  12.7103
  29.8282
  1.70991
 0.744567
  6.06114
  4.94249
  8.86482
  6.74808
  8.65747
  12.9231
  15.3211
   9.7266
  25.9896
  13.8496
  11.6643
  38.4437
   12.116
  13.2223
  10.9003
  32.7623
  34.8646
  42.6204
   13.311
  55.5309
   9.4889
  6.30141
  5.18186
  4.24814
  7.04651
  31.3108
  59.5526
  12.6522
  20.0802
  10.3833
  9.33559
  33.9756
  21.7379
  15.8745
  27.0529
   19.438
  15.0019
  11.9066
  7.51013
  11.1448
  6.80305
  37.7547
  40.4452
   38.395
  41.0694
  14.3032
  23.5844
  23.0134
  28.7697
   14.376
  24.2224
  18.3553
  13.3999
  1.12437
  17.6659
  20.6697
  2.39408
  16.2059
 0.862524
  1.07269
  2.49076
  8.44993
  2.31068
  8.74064
  46.0587
  50.1693
  21.7014
  12.6749
  7.53598
  3.57801
    7.648
  22.7857
  11.2016
   6.8778
  11.0464
  6.73043
  9.93605
  5.73151
  11.7588
  7.48313
  13.3442
  13.4571
  10.1442
  19.4478
  20.8975
  21.2538
 0.517467
  7.70085
  11.6996
  4.78898
   2.1855
  5.18726
  52.0756
  64.0401
   10.915
  11.8205
  42.1588
  36.5716
  16.1965
  11.1552
  10.2149
  5.88556
  24.2944
  10.2621
   31.565
  39.6128
  13.6937
  9.65941
  5.30868
  15.2699
  5.59227
  22.8506
  24.1369
  15.2535
  20.4281
  11.7526
  37.6094
  40.5811
  34.3365
   29.114
  6.15539
  20.0036
  15.7355
  21.1473
  10.2922
  41.5975
  39.0955
  13.8014
  39.7145
  10.9769
  7.09763
  10.7189
  4.18671
  18.3587
  13.7116
  17.1222
  8.37229
  22.0716
  10.9404
  4.01649
  11.0015
   12.564
  15.5195
  16.3339
  29.5536
  25.7867
  33.7788
  39.0544
  31.4153
  15.8416
  18.6486
  16.3931
  22.1028
  11.9592
  7.41283
  8.13576
  29.9885
  12.9043
  27.0236
  22.5812
  22.3932
  17.6002
  24.8559
  27.4865
  23.6686
  54.3053
  50.1954
   27.785
  34.6033
  38.9916
   13.031
  26.8293
  23.5499
  10.2197
  8.06012
  3.74522
  19.9032
  19.2371
  1.18648
  3.89153
  7.21112
  8.19442
   4.4121
 0.424751
  9.85483
  9.52115
  28.8283
  2.03917
  4.66602
  13.7328
  8.19914
  20.0899
  9.56361
  13.4831
  21.8608
  7.66498
 0.686605
  17.7744
  6.78729
  27.2985
   20.285
  1.14201
  1.17809
  26.9998
  20.9476
  18.6349
  43.4388
  32.5992
  46.7082
   29.334
  20.1799
  27.0921
  25.2957
  27.3736
  15.3276
  8.93157
  11.9945
  29.7936
  38.8549
  42.7984
  18.4027
  18.2587
  11.9282
  2.74613
   16.835
  9.59854
  16.9374
  15.7207
  4.63476
  6.84698
  2.65445
   14.086
  11.0192
  3.68074
  7.25263
 0.103475
  15.9477
 0.600732
  24.7673
  21.7586
  30.2977
  35.8479
  34.7439
  42.8228
  43.2499
  50.1736
  30.3456
  41.8535
  2.17563
  38.4116
  31.1418
  33.5251
  22.2611
  21.3819
  27.1903
  26.8667
  16.7561
   26.434
  32.2257
  14.1259
  14.2771
  16.2414
  8.69907
  31.0565
  6.14207
  15.4305
  11.6567
  28.4381
  14.0299
   22.164
  29.1713
  43.6239
   28.629
  14.3452
   35.923
   60.334
  40.4253
  2.99552
  22.3344
  27.5995
  8.52581
  11.7039
  1.75695
  12.1595
  9.46517
  28.7379
  28.6974
  14.3139
 0.318195
   2.1192
  10.4911
  9.78355
  12.2265
   26.865
  3.51566
  1.75032
  3.01835
  11.4642
  10.8355
   15.894
  23.8812
  18.3024
  38.2848
  6.00514
  32.8825
   21.386
  20.4013
  30.1554
  41.9013
   5.2863
  63.6246
  23.1497
  21.0145
  15.5762
   14.913
  19.3882
  59.6324
  28.9047
  16.7861
  8.30447
  2.57275
  60.3046
 0.196018
  26.3115
  15.5071
  16.0584
  29.2146
  27.3259
  26.2584
   6.0294
  4.57061
  25.9525
  4.45979
  18.6779
  20.9396
  27.2174
  11.4437
  27.3824
  7.10331
  7.18531
  6.01256
   21.025
  8.78094
  11.4173
  27.1272
  34.3001
  40.6066
  7.34384
  5.14691
  38.3259
  29.7628
  14.9748
  24.8581
  32.1953
  32.2746
  11.2395
   27.023
  10.8764
  8.90743
  6.77479
  18.4812
  6.17553
  27.2441
  20.2912
  17.2214
  8.42498
  5.68643
  8.02253
  12.6529
  17.5654
   28.396
  18.8277
   20.403
  21.6194
  21.5545
  23.0535
  28.5646
  16.2152
  10.5462
  25.2619
  30.4015
   26.803
   22.254
   19.019
  28.4739
  20.6981
  4.00171
   6.5148
  2.74874
  10.1914
  3.31134
  3.61199
  9.35378
  5.48146
  1.24336
  4.66602
  25.0353
  7.78563
 0.926638
  8.91143
  16.8809
   19.675
  15.8377
  29.3389
  23.7475
  39.1857
  6.07719
  42.0179
  3.13508
  30.0855
  25.4393
    53.52
  29.5465
  28.9525
  19.2703
   29.993
  13.8137
  28.0918
  26.2121
     38.5
   3.3115
  19.5064
  41.5211
  35.3444
  34.5243
  29.8276
  6.40462
  3.30706
  24.8872
  12.6141
  8.13511
  11.5831
  3.69116
  19.9986
  13.7245
  17.8192
  18.0756
  18.8664
  28.5173
  42.1266
  40.2859
   41.519
  41.1088
  29.6089
  41.7984
  29.6379
  20.4981
   10.195
  27.1942
  7.60625
   20.902
  19.4384
  11.9206
  9.85916
  12.3482
  15.3147
  31.4327
  39.3267
   28.118
  55.0374
  16.4461
   8.3776
  23.1368
  13.3274
  23.6675
  11.8624
  17.1733
  24.1635
  11.6026
  43.5913
  56.2168
  3.28242
  24.3684
  7.32818
   22.393
  7.90699
  22.7416
  11.6656
  4.14995
  9.77035
  23.5956
  2.75829
  22.3344
  22.7059
  22.9767
  23.8983
  14.3389
  23.9104
  45.7307
  20.2904
  32.6892
  9.69089
  41.0484
  36.4422
  31.3296
  42.0991
  5.56756
  3.54185
  0.44889
  27.0539
  5.99583
 0.395759
  2.66666
  44.6661
  20.8335
  16.1673
  2.39927
  16.3212
  43.2573
  29.7742
  7.37247
  26.6375
  41.0627
  21.6916
  22.2026
  1.06688
  34.8714
  30.9393
  4.56715
   31.391
  17.9977
  11.3838
  24.8649
  14.0358
  18.8436
  10.6897
  8.81698
  8.17169
  24.7783
  20.1199
   35.775
  40.7207
  2.32295
  26.0667
  21.2279
   44.823
  2.13814
  9.41208
  9.87919
  7.84976
  28.8465
  5.52752
  22.8886
  19.4747
  19.2012
  30.2285
  30.3505
  27.1689
  25.0979
  32.2735
  18.4668
  2.00502
  5.35454
  8.22494
 0.706591
 0.649972
  10.6113
  1.34176
  4.33811
  13.2461
  8.82325
  25.5386
  19.9816
  6.93681
  14.4981
  22.7136
  5.71339
  36.3464
  30.3129
  21.2052
  23.8877
  22.2316
  5.83512
   11.473
  8.02224
  17.1963
   3.2812
  42.8871
  40.2809
  41.4741
  37.7998
   52.296
  2.11241
  5.07627
   5.4799
  10.1288
  5.03535
  20.2874
  8.20455
  3.15839
   13.613
  8.13525
  6.36255
    1.993
  8.94281
  14.9968
  20.3291
    4.752
 0.343379
  20.7938
  20.4985
  1.58992
  25.9194
  14.5762
  34.4756
0.0412625
  25.7678
  17.3378
  33.4141
  47.7755
  30.7704
  40.6093
  13.8721
  8.86757
  24.0557
  4.79806
  22.5064
  9.49667
  10.9812
  20.0155
    7.039
  21.0075
  17.1942
  11.3711
   36.664
 0.784872
   6.2416
   7.2045
  13.5143
   28.435
  24.1498
  7.99594
   10.668
  20.2759
  34.5695
  25.4811
  21.8483
  29.9912
  31.9738
  38.6677
  19.4391
  4.65922
  17.0174
   13.742
  12.1356
  20.5645
  3.32896
  34.3476
  47.8582
  30.5128
   42.166
  5.44351
  6.64492
  40.4681
  27.5164
  20.0268
  50.2921
  23.8486
  18.5956
  53.7688
  26.5595
  20.8221
  7.90219
  11.7299
  5.19415
 0.818313
  39.6707
  20.6437
  41.1249
  5.94222
  10.8305