  24.4436
  3.29666
  23.4341
  2.74999
  15.7994
  6.19457
  3.91001
  3.06007
  4.05409
 0.699828
  14.3033
  17.2821
  18.2245
  12.8245
  19.0278
  8.10987
  7.91343
  8.64965
   1.0446
  5.27633
  7.47894
  1.82181
 0.250997
  8.29726
  4.19768
  4.77602
   3.2915
  2.05594
   11.798
  17.6906
  29.5994
  20.8423
  29.8299
  23.3801
  34.4344
  6.90217
  3.54694
  2.59532
  9.43065
  11.5405
  43.2833
  43.0473
  26.3111
  32.5191
  5.58462
  19.0435
  3.48335
   4.2422
  19.6436
  1.63581
  3.15388
   9.0207
  8.76924
  13.9263
  34.2021
  32.5439
 0.678244
  1.30813
  5.37314
  1.89654
  8.58571
  6.96101
  8.86494
  10.7858
  11.8629
   18.515
  7.26576
  3.40931
  20.1703
   27.223
  15.3389
  13.0938
  15.7214
  33.9835
  3.47809
   16.903
  25.3035
  22.6468
  36.8921
  6.49454
  11.2547
  15.1608
0.0204551
  32.3913
  23.1188
  13.5821
 0.419025
  2.54291
 0.656998
  8.14272
  12.3922
  23.2893
  4.44854
  11.8809
  9.83115
  20.4174
  18.5555
  6.08261
  17.7035
  24.0142
  10.3103
   15.281
  7.31292
  28.8098
  6.52453
  7.77336
  6.11454
  4.72143
  3.67361
  9.03329
  37.2999
   35.104
  8.85506
   16.051
  1.81892
  7.91733
  7.41779
  6.52296
  45.6532
  35.7105
   12.932
  1.81441
  1.75547
  2.16676
  10.8266
  5.17031
   10.154
  4.62968
  1.73474
  11.7185
  3.52076
0.0463673
 0.544723
  23.2406
  3.44548
  12.5598
  7.77141
  13.5653
  4.53027
  13.0892
  6.82625
  1.30063
  17.1173
  9.28773
  22.2434
  19.7665
  28.3834
  13.7013
  23.4196
  16.6134
  2.12426
0.0652359
  46.5746
  20.9777
  17.1691
  29.3911
  29.0277
  3.73853
  7.07424
  5.83066
   7.5968
  13.0125
  5.23606
  2.39793
  12.6841
  7.02679
  30.2295
  18.3199
  2.58411
  21.8812
  14.4101
  2.06069
  9.25121
  1.70553
  2.24848
  6.80058
  2.52634
  11.5595
  29.1233
  10.9718
  11.4481
  17.7069
  26.0601
  2.28436
  4.01673
  8.14169
  2.64998
  2.71225
  11.9693
  11.2318
  6.69148
  7.04224
  11.6994
  18.4734
  4.48606
  5.42207
  5.50753
  16.0919
  7.80999
  8.98989
  21.1788
  5.35281
  19.3254
  11.3012
   2.6743
 0.258345
   29.663
  10.1839
  27.0508
  26.9414
    24.46
  14.6828
  2.78273
  7.40693
  3.55788
   7.6963
  7.39547
  18.7921
  2.47334
  2.96265
  16.3902
  8.30723
  12.0651
 0.706507
  30.5594
  12.9063
   11.997
    20.95
  28.8427
  1.49746
  10.2632
  7.10335
  6.64256
    2.507
  16.5022
  8.28519
  8.18723
  6.32228
  1.32687
  21.6683
 0.927063
  1.14492
  7.77852
  8.01904
  8.30185
  14.9645
  4.21978
  8.98797
  1.73478
  18.4439
  29.4885
  9.89381
  34.9673
  27.8703
  7.27121
  2.57855
  5.08104
  4.48738
  2.71188
   19.902
  34.6681
  7.34336
  19.5856
  2.19818
  44.1326
  33.5737
  7.00774
   10.968
  37.2908
  8.86571
  5.13678
  186.994
  17.3721
  9.10699
  10.3972
 0.423662
  0.60537
 0.598919
  16.1051
  17.2282
  33.7335
  9.53152
  2.96318
  7.49499
  27.9605
   2.7326
   21.823
  27.9396
  22.9998
  25.2674
  15.2016
  11.6992
   1.0489
  9.35365
  41.1782
  21.9743
  32.4633
  4.43211
  10.6293
  4.15982
  10.5428
  35.5514
  15.7462
  10.0469
  12.1148
 0.954908
  9.38519
  31.7726
  13.7877
  3.44679
  7.77331
  8.39943
  210.278
  1.21126
  7.15642
  26.6836
  6.53806
  2.59662
  9.79745
  31.6422
  22.6478
  12.9179
  19.0134
  19.9191
  14.4986
  16.8958
  24.4776
  1.25917
  4.23523
  12.0308
  10.2901
 0.961852
  4.70383
  2.14303
 0.939111
   3.4324
  22.5002
  7.22488
  11.7617
  9.36603
  8.14284
  20.6788
  17.8838
  27.6909
  1.58621
   2.3227
  11.3922
  19.2502
   8.1386
  3.92291
  47.4532
  10.2244
  8.84869
   10.295
 0.142701
  7.32492
  12.6872
  24.8697
  17.9215
 0.139042
   1.5318
  12.6034
  9.20472
  7.41338
  3.31083
  10.1904
  1.16841
  197.689
  35.1716
  10.0407
  21.9373
  37.9336
  0.86246
  4.33435
 0.473297
  13.1906
  33.9286
  2.83634
  4.08598
  8.15197
   40.556
 0.558845
  2.24996
  11.8375
  11.0602
  7.01749
  11.8005
  2.81544
  43.8248
  24.9458
  23.5764
 0.673607
  5.18721
  4.83488
   23.566
  1.86885
  9.88101
  197.655
  7.94853
  3.02622
 0.547768
  1.86592
  8.20321
  4.70563
  10.2134
  2.55237
  49.7573
   7.9726
  40.7457
  12.6939
  13.4337
  203.347
  1.33973
    12.99
  14.3766
  14.3893
  6.96256
  10.1371
  8.73436
   1.6705
  9.60549
  12.5517
  46.7895
  14.4389
  203.366
  25.0819
  205.089
  8.18864
  15.3727
  6.83291
  11.6379
  6.84348
  11.4742
  7.64099
  4.00911
  11.6022
  1.30628
  9.51836
   13.498
  39.7113
 0.311043
  4.89456
  6.23784
  6.62934
  29.4172
  210.224
  2.83846
  18.7688
   3.8244
  34.8954
  22.1456
  10.5571
  2.08059
  17.5111
  11.9671
  18.2833
 0.184489
  38.2736
  40.3441
  4.12383
  5.62208
  2.27026
  4.05213
  11.5738
  20.3433
  196.202
  13.3456
  0.65204
  9.82699
  3.60052
  1.57363
  6.95469
  24.4179
  5.41677
  10.8214
  16.6281
  7.61654
  7.86234
  8.96282
  1.88707
  32.5689
  9.58972
  45.4519
  10.3901
  6.53893
  2.16027
  18.4157
  22.3837
  3.34151
0.0186188
  4.71392
   16.167
  9.97419
  40.9305
  15.4603
  14.8132
  7.56972
  23.0548
  9.77712
  18.1529
  3.93862
  1.21544
  1.91193
  2.67131
  26.1712
   4.3704
  3.26661
  4.29324
  3.61192
  11.6452
  6.48606
  5.24971
  18.9209
  51.1884
  20.1688
  35.8523
  11.7499
  18.0181
  38.3746
  16.1258
  11.7846
  18.6667
   27.377
 0.750683
  6.09965
 0.135138
  20.0653
  36.9983
  18.4992
  4.01399
  6.68082
  5.38002
  36.8319
  29.5638
  40.5961
  10.7216
  43.4448
  19.3069
  37.0874
   205.55
  205.134
  38.3583
  209.781
  8.36112
   7.9218
  2.68697
  10.9772
  39.4283
  6.49475
 0.763811
  10.6876
    1.644
  5.59824
  1.84848
 0.928065
  7.03779
  8.26621
  42.1599
  5.78567
  4.48466
  4.34649
  8.59935
  30.7214
   40.302
  4.17596
  14.2128
  43.2725
  2.79362
  12.5027
  34.6993
  205.751
  5.28155
  6.49894
  5.94411
  3.62984
 0.557389
  2.72105
  205.447
  5.31969
  6.62375
  203.209
  206.512
  2.81151
  2.81541
  3.01887
  5.74157
  19.4046
   5.1757
  204.053
  11.7037
  46.7779
  27.3461
  1.95708
  43.5508
  35.9852
  27.8766
   4.2113
  6.02839
  20.4371
  205.862
   13.759
  1.27248
  51.2047
    5.452
  14.4679
  13.5825
 0.281955
  36.2309
   31.475
  11.1455
  26.3687
  2.45372
  3.65654
  1.69627
  13.1165
  12.4441
  18.6442
  8.50199
  7.09013
  37.1335
  12.5241
  30.2073
  2.38133
  43.7623
  15.4318
   6.0805
   6.1128
  19.5406
  4.42316
  9.28828
  8.82286
  1.16094
  8.35153
  9.71245
  1.37227
  7.17944
 0.549801
  3.83859
  33.5333
     36.7
  46.0188
  4.19754
   10.394
   23.157
 0.968006
  22.0114
  5.03264
  39.8278
  24.2524
  22.8059
   16.266
   5.3571
   23.101
  3.74004
   29.971
  12.8308
   1.9522
  35.0607
  35.1507
  39.1381
  43.1113
  21.4028
  39.7272
   39.017
  45.7196
  31.5437
  20.0757
  22.5349
  1.92208
  4.11542
  26.7059
  34.3957
  17.2929
  184.146
  22.1424
  23.1838
  13.9628
  12.0047
    10.94
  2.07452
  29.9219
  40.9223
  13.4104
  11.1888
  32.2103
  12.7755
  4.24295
  1.34723
  5.30216
  17.6807
  3.80212
  32.4982
  8.40268
  2.99009
  4.18195
 0.245916
  31.6156
  47.3801
  6.59529
  11.6576
   19.885
  4.28775
 0.857414
  8.05845
  31.7754
  2.39357
  1.53308
  6.71658
  4.91827
  22.8703
  2.53246
  23.0179
  13.6561
   3.8337
  5.71037
   2.0877
   16.333
  6.19443
  1.12935
  19.8491
  7.30244
0.0241919
  1.46625
   49.162
  10.8191
  0.86179
  17.9461
  14.2427
  9.28882
  18.7242
  13.9143
  24.0387
  16.7069
  50.4118
  2.54691
  18.0272
  3.25712
  13.3746
  11.3512
  13.2242
  20.0086
  27.2001
  45.4115
  13.9955
  7.64188
  20.6396
  4.30176
   14.109
  14.6355
  13.6516
  9.29498
  13.3762
  9.43253
  1.85599
  19.6632
   48.633
  1.21814
  6.88728
  7.82037
  7.42048
  17.0707
   34.126
  44.1109
  27.8686
  10.8648
  34.3181
  37.4222
  6.01241
  22.1164
   49.333
  49.8186
  44.8961
  14.3189
  17.9306
  23.6859
  34.8141
 0.721432
  34.8731
  15.6992
   5.7202
  16.2553
  4.24833
  15.1983
  11.1656
  47.1133
  12.1016
  13.2201
  16.6113
  19.2095
  19.7461
  17.8561
    39.34
  52.4173
  33.0507
  4.18374
  21.2423
  51.8975
  18.8432
  1.07788
  1.48783
   13.079
  32.8788
  27.7006
  14.7634
  4.05801
  13.7173
  38.8648
   6.0206
   25.848
  2.23855
  3.30322
  12.0125
  51.8802
  33.9408
  37.4998
  26.5257
  6.41066
  5.76415
  20.2222
  18.3767
  5.21241
  37.1196
  1.97924
  12.7565
  14.8171
  7.23204
  30.2723
  9.24128
  21.0449
  11.5648
  25.4046
  11.3119
  20.0216
  46.6229
  22.2105
  27.9901
  2.06388
  4.04032
   12.917
  23.4895
  6.92729
  20.6406
  5.13296
  1.02552
  5.30301
  29.8098
  3.92841
  0.90828
   27.413
   16.142
  6.44242
  17.6763
  4.08029
  7.13385
  15.9868
  18.5122
  18.4098
  22.6572
  16.4319
  6.71296
   17.487
  10.6196
   18.225
  21.4309
  43.6131
  12.2552
  30.3133
  7.26494
 0.664582
  1.39538
  28.9817
  38.0131
  16.8704
  16.3215
  3.25047
  30.7343
  1.98251
  19.3883
  14.6482
  4.79969
  22.1047
  45.0098
 0.164429
  10.0202
  11.1679
  4.83652
  9.60006
  53.3928
  14.8068
  29.8214
  39.1009
  4.85764
  1.34682
  2.27939
   12.119
   22.182
  7.73293
  14.0164
  5.25606
  27.8662
  26.8048
  16.5072
  27.7963
   5.1633
 0.976705
  22.5899
  24.6076
   24.711
  7.94307
  7.37079
  27.2315
  13.2963
  1.69716
  3.87745
  21.8645
  4.02826
  24.9748
  23.1726
  44.4149
  46.5803
  4.02375
  1.59588
  3.68927
   29.566
   4.7952
  31.9858
  22.6397
  25.3725
  32.2257
  30.0666
  9.91009
   7.9115
  11.8184
  35.5522
  12.8978
    8.907
  17.7041
  5.47888
  3.74748
  33.9402
  36.1965
  32.8502
  41.5696
  37.1195
   33.718
  8.67844
  4.23975
  3.62376
  29.2272
   21.594
  9.26547
  8.93288
  21.3032
  31.4424
  37.9304
  29.3932
  3.70427
 0.128896
  6.43294
  4.70574
  30.6779
  204.794
  3.56666
  14.8879
  18.8732
  15.6626
  17.1435
  21.5816
 0.462589
  12.6643
  3.29619
  55.2962
  16.3608
  23.5126
  22.2476
  5.41476
  47.2432
  37.4339
 0.625692
  8.47831
  13.2559
     45.9
 0.912617
  8.44211
   21.549
  25.2938
 0.165146
  7.91171
  2.94837
  12.8107
   38.595
  26.3539
  11.3989
  18.4627
  10.7542
  30.6435
  11.0262
   4.5733
  2.82898
  20.3376
  2.57863
  4.92811
  3.27766
  31.1245
  15.3747
  15.2154
   1.1608
  9.83998
   34.712
   32.711
  11.3726
  3.03056
 0.553856
  13.0025
   40.444
  34.9436
  34.3181
  8.59935
  5.62845
  10.7448
  17.5032
  35.6683
  12.4082
  22.4885
  12.3522
  23.3825
  59.3198
  28.9604
  1.57594
  2.32615
  6.65868
  44.2515
  6.18306
  22.1949
  13.1298
  151.606
  2.94211
  23.0613
  1.13994
 0.799206
  10.8457
  13.8862
  18.0063
  34.3212
  25.3235
  9.37587
  22.5528
  42.8358
  39.8932
  44.3517
  38.4992
  1.61444
  8.48179
  22.3524
  4.52085
  14.8558
  16.4406
  23.9641
  22.3288
  31.3741
  32.6377
  24.4855
  23.1345
   42.826
  19.8276
  38.4252
    26.31
  45.9389
  52.9369
  30.0123
  21.3924
  14.0534
  7.51092
  2.58086
  15.1003
  8.64818
  206.023
   2.1888
  7.80939
  34.0018
  3.01296
   2.9396
  12.8841
  2.68224
  7.82979
  3.73651
  8.80738
  15.9134
  14.3354
  2.79877
  7.46688
  26.6165
  41.0825
  36.0397
  55.9207
  48.4354
  48.6645
  59.3415
  49.1933
  8.79301
  8.76707
  9.47834
  3.28737
  16.2479
  45.8282
  53.8573
   55.337
  24.5298
  7.60452
  14.2048
  48.4885
   39.979
  55.1317
   28.304
  9.17086
  53.6658
  8.85327
  38.1932
  32.9881
  4.13222
   49.526
   44.009
  37.8178
  24.8175
  14.4491
   11.073
  9.96537
  21.4526
   34.888
   7.2867
  25.9264
  28.5607
  3.15998
  1.71651
  32.0358
  8.85034
  10.9071
  55.2128
  10.7474
  1.58942
  7.96968
  55.2228
  20.6304
  15.3744
 0.880986
  9.14507
  211.379
  16.5699
  4.78737
  16.6999
  32.2838
  4.53507
  6.48346
   22.551
   8.2027
  10.1732
  10.8238
  39.1213
  55.6112
   62.665
   16.409
  55.3776
  13.6027
  19.1678
  23.5192
  18.6487
   53.662
  10.8642
  20.8874
  40.8019
  6.48082
 0.332635
  154.796
  4.61854
  18.5357
  16.4281
  7.43552
  36.6651
  37.3924
  41.2779
  23.3126
   30.139
   8.9424
  31.3463