   6.77871
   21.6094
   8.15037
   4.21135
   31.5385
   6.67514
   7.72743
   4.73997
   9.85035
   1.22742
  0.375139
   3.88006
   14.3506
   12.3728
   1.69016
   15.4761
   9.10695
   6.47436
   16.6386
   15.8462
    16.998
   2.70862
   42.7198
   34.4235
   30.3872
   3.60599
    3.3238
   22.8312
   24.1687
   12.3147
   4.17086
   15.5443
   4.72887
   8.27965
   0.23871
   1.27804
   30.0862
   39.5405
   38.6477
   37.0208
   28.8916
   20.6717
   6.90778
   1.32729
   6.58644
   9.26668
   9.33697
    8.1152
   1.12462
   8.84024
   5.64371
 0.0568938
   7.96939
   3.61058
   3.26225
   4.80786
   9.73526
   30.9278
   21.6267
   39.3145
   23.5674
   23.5973
   26.4154
   5.76674
   2.72924
   7.70295
    1.6398
   6.35943
   11.2404
   46.8766
   30.0201
   4.75204
   12.9315
   4.32927
   3.71862
   46.6397
   3.72171
   2.82477
    50.573
   53.0692
   3.45867
   5.78368
   1.03361
  0.681454
   3.42336
  0.599846
     0.794
   2.43474
   4.21449
   12.5091
   34.3742
   34.9304
   32.5244
    40.453
   44.9073
   15.9287
   13.6297
   18.4705
   3.65541
   2.11214
   6.81361
   43.4849
   9.92897
   14.6814
   12.1815
   17.2557
    1.3049
   1.57039
   4.45522
   1.41039
   29.3142
   29.1069
   18.2951
   30.7156
   20.4767
   28.8104
     16.66
    5.3917
   9.26378
   4.81989
   3.02486
   11.3692
   9.21053
  0.398115
   4.11564
    4.4998
   2.35928
   1.58491
   8.32126
    2.5301
   5.78855
   3.57493
    9.5401
    37.003
  0.371908
  0.808781
   3.33631
   1.24113
   5.73552
   5.21854
   10.7017
   12.4145
   14.8009
   16.5772
   7.92057
   2.07623
    1.3109
   7.41097
  0.130669
   10.5118
   14.9825
   4.00599
   8.47888
   24.4914
   9.30759
    15.013
    15.339
   6.46298
   10.7833
   2.03064
   4.62047
   1.45432
   10.4797
  0.675263
   5.70083
   1.09961
  0.483809
   2.96377
  0.778933
   25.6799
  0.778614
   0.06492
   1.18461
   12.2087
   1.90201
   26.1688
   48.5555
   25.5826
    39.428
   3.55522
 0.0187405
   15.8654
   6.18133
   16.2418
   13.2829
   37.4246
   2.74749
   4.00113
   9.11513
   16.9636
   34.7631
   40.6709
   13.6891
   10.6342
   17.5083
   19.9999
    9.1685
  0.248067
   26.2272
   44.5218
   45.6271
   32.3097
    29.783
   12.3021
   10.1174
   4.85835
   13.7886
   41.5858
   3.80715
   5.77414
   8.87526
  0.619731
    5.0727
   2.22656
  0.579435
   11.3984
   4.51709
   5.66606
    4.7949
   6.48266
   4.05331
   9.07201
   6.93574
   7.97088
   11.6768
   7.12203
   3.25524
   4.02771
   3.37357
   32.8276
    14.403
   9.70182
   47.9035
   2.55225
   6.32206
   8.14982
   14.4268
   5.52114
   1.21476
   1.49055
     5.114
   2.16039
   1.58804
   5.36635
   38.1391
   4.18327
   1.74819
   5.49021
   4.88286
   8.81187
   2.81065
   43.6283
    34.683
   26.7071
   40.4689
   35.7154
   4.46328
    13.361
    1.4335
   2.86665
   3.05402
   3.95083
   14.4493
   7.28629
   6.91186
   31.6048
   21.1801
   11.6011
   12.0718
   18.6139
   16.5807
   5.29395
   1.32922
   9.52296
   8.96609
   5.53204
   8.29811
   4.31068
   5.75586
 0.0715879
   13.1137
   3.51534
    12.711
   3.30761
   9.62865
   30.2194
   29.7228
   17.8076
    30.813
   13.1815
   41.0654
   15.9912
   23.1451
   1.96403
   4.12714
   31.4912
   14.0394
   4.01765
   2.21116
   32.9896
   15.0641
   14.7048
   39.7142
   3.08482
   20.2463
   21.9803
   1.47057
   8.71572
   51.1122
   17.5389
   50.0835
    50.573
   8.45184
   8.76867
   12.3591
   12.7947
   3.63435
   23.7719
   12.2105
 0.0872683
   2.96784
   4.60026
   4.18557
   3.37484
   6.06487
    4.1861
   25.8204
   15.0167
   17.7352
   8.17041
   10.4664
   4.91011
  0.850016
   4.05719
   7.69461
   33.7344
   16.6997
   26.1569
   12.6305
   6.39068
   12.7683
   1.24615
   9.79342
   1.54678
   3.30733
   2.37487
   28.3204
   11.0459
   15.6428
  0.193823
   2.19201
   27.9232
   29.0724
   7.78621
   7.95825
   28.0028
   29.3501
   31.8457
    7.6047
   7.54119
   3.88095
   2.48064
   4.99852
    4.7484
   6.05344
   15.1764
   1.74191
   6.14403
   3.05283
   8.04296
   10.2913
   7.86847
   4.12912
   34.2315
   18.7861
   3.79958
    6.0211
   5.04784
   1.27916
  0.247707
    38.167
   1.26005
   47.9472
   14.7206
   5.53055
   2.01115
   15.4275
   20.3122
   3.13403
   8.07415
  0.954165
  0.982965
   5.26884
   2.60908
   17.9044
   5.72926
    8.8609
   10.5563
   1.00987
  0.537229
   11.6778
   5.77728
   4.03604
    29.775
    15.839
   4.23096
   15.7325
   34.0892
   16.0872
   4.46574
   1.51819
   31.6975
   34.4039
    36.622
   35.1771
   4.03757
   4.80584
   9.21342
    5.0892
   6.94551
   7.19471
   13.4428
   1.86446
   12.0963
   13.0934
   6.58563
      6.03
    11.779
   6.76665
   11.8407
  0.532849
   9.82263
   1.00512
   10.3585
   28.6165
   19.8255
   48.4851
   10.6946
   9.39673
    2.9316
   1.89082
   1.22709
  0.766872
   23.7964
   1.39858
    10.101
    14.293
   13.4541
   7.91011
    4.1879
   31.3267
   9.15716
   28.7847
    31.266
   41.9495
   13.7108
   27.5631
  0.339364
   29.9385
    43.046
   37.6323
   24.7081
   35.7494
   11.8037
   12.7897
   5.85003
   3.31733
   15.3655
   13.9513
   4.32594
   9.70738
 0.0763916
   9.13315
   1.06355
    9.6342
   7.07581
   22.2721
   14.5068
   18.2369
  0.956037
   4.91499
   3.09316
   1.69105
     6.847
   1.05101
   11.2837
    9.8014
   9.30511
   1.10068
   21.9877
   18.8434
   4.66345
   7.68999
   15.3425
   34.3622
   4.14582
   24.5541
   9.28514
    1.9104
   1.51333
   6.66672
   6.05989
   49.3259
   37.6121
   24.8175
   5.62725
   7.01095
  0.171889
   14.7955
   13.6319
  0.375581
   5.87446
   1.63933
   2.29146
   16.9157
   25.9655
   4.56016
   4.44128
   1.15407
   5.07913
   2.84162
   40.3861
   17.7585
   1.92951
   16.3167
   12.0963
  0.442783
   5.85063
   38.1511
   26.3739
   2.79953
    36.672
   12.8934
    8.3287
   30.8136
    2.0041
   3.77543
  0.887834
   0.65103
   5.78294
   21.0487
   20.2474
   9.29413
    20.319
   21.5164
    8.8386
   3.56791
   17.1562
   18.7082
   33.9811
   3.79835
   15.8069
   32.0791
   23.7095
   6.22843
   14.3874
   9.97496
   1.27032
   2.77837
   51.8729
   1.56514
   10.7924
   10.2194
   6.08324
   28.2803
   3.33199
   4.44527
   10.6731
   7.78407
   70.3981
   3.65376
   15.1195
   5.35237
   15.9794
   29.2305
   22.8982
   27.4447
    36.868
   26.8462
    33.664
   16.7668
   14.7108
   9.77219
   10.7364
   7.92083
   3.05541
   2.94375
   3.41046
   2.58529
    5.1853
   20.9503
   40.8134
   17.0042
   29.4113
   21.2235
   20.2994
    10.164
   28.7612
    9.9335
   10.5024
   3.55214
   18.1911
   9.11651
  0.577217
   3.97446
   8.37625
  0.652028
   13.6435
   2.68827
   14.7397
   5.17171
   1.54768
   30.2166
   9.12341
   1.42602
   3.11902
  0.945766
   11.2361
   9.27795
   2.98198
   28.8575
   24.2514
      31.4
    6.5007
  0.598244
   6.79395
   2.37278
   1.61655
   5.93696
   1.71443
   39.0152
   6.22251
    7.3157
   17.4548
   33.2157
   5.35735
   10.5064
   12.0988
   21.8079
   3.56693
   8.50439
   12.3292
  0.804533
   6.34833
   5.67881
   6.52239
   14.4411
   6.31478
   26.7529
   23.2285
   8.56248
   18.2776
   17.1315
   15.6529
   3.60233
   19.8091
   15.4017
   23.7239
   38.4944
   2.10085
     49.51
   7.65224
   2.00922
   6.01256
   31.2938
   39.8744
  0.553814
   1.89744
   27.5424
   24.2157
   32.1667
   35.6128
   3.51226
    16.576
    3.6918
   2.56948
   22.0116
   14.5275
   13.9027
    45.757
   11.3883
   21.3446
   14.9964
   19.2635
   4.44213
   3.28404
   16.5646
   11.6777
   43.3436
   6.86329
   24.6079
   38.3462
   16.3045
    4.7517
  0.759714
   7.69286
   2.91467
   8.96293
    8.9492
   8.64906
   26.8319
   39.4988
   26.4191
   12.0993
   23.0824
   7.42486
   8.41715
   15.4367
   0.52114
   38.7646
   12.7732
   6.25493
   9.03141
   21.5143
    22.651
   16.3978
   20.4272
   4.69834
   21.8797
    38.471
   13.1414
   32.4573
    15.332
    5.7842
   10.7104
   21.5857
   14.1106
   2.81905
   8.96118
    12.203
   9.42581
   2.47137
   40.4569
   4.49341
   3.91116
   23.2799
   5.71917
   21.0255
   1.98295
   3.33372
   27.8313
   8.30587
   21.8634
   21.1225
   17.2332
   9.44241
   10.5078
   27.1562
    29.424
   1.09911
   6.00282
   2.67169
   7.34945
    7.0847
   5.38622
   15.0226
   4.47929
   4.34924
   8.80458
   13.9731
   16.1572
   10.4616
   10.4267
   9.90684
   1.06392
   1.22102
   10.0858
   9.35831
   1.41259
   8.78065
   4.67742
   5.15329
   15.0673
   1.87677
   4.49659
   1.48481
  0.364852
   12.1647
   3.41705
    1.1813
   16.7823
   12.6846
   12.6279
   13.5715
   4.40985
   3.22298
   10.4431
   5.58829
   3.90022
   3.44807
   24.3357
   13.7948
   0.46499
   30.9044
   29.4839
   13.1693
   10.0995
   8.48522
   27.0539
   28.0119
   5.50825
   2.42505
  0.703201
   27.7371
  0.862716
   6.66611
   8.58508
   2.50161
   12.1888
  0.478933
  0.695184
  0.192002
   24.7707
   30.3258
   40.7619
   14.3008
   14.5939
   3.39042
   17.3727
   6.85014
    16.872
    9.5401
   7.19936
   12.1256
   7.10714
   4.99103
   32.3192
   2.03932
    25.804
   5.49205
   8.20504
   25.8871
   26.6025
  0.264106
   28.2023
   26.6949
   21.7058
   60.7135
    67.608
0.00645156
   20.5194
   12.6904
   6.36427
   21.8688
    8.8251
   38.1915
   18.7478
   34.6083
   28.9995
   42.5674
   23.6661
   26.9774
   25.2724
   5.33159
   1.18551
   7.04123
   4.54096
   8.20882
    17.011
   27.2686
   31.1735
    28.372
   30.5048
   8.62444
  0.877688
  0.122207
   4.07829
   2.83172
   24.2587
   5.75655
   5.61843
   35.4266
    17.921
   19.8092
   8.81736
   26.9175
   28.2201
   31.6083
   31.0447
   29.6761
   5.94413
   4.82817
   21.5262
   34.0164
   31.3746
   11.8026
   14.7098
   2.86372
   9.48851
   23.5293
   35.1711
   16.9426
   29.7282
   39.2467
    1.1962
   9.04328
   13.1049
    24.953
   31.6494
   5.27186
  0.718635
   29.0051
   29.9701
   3.79327
   8.01157
   1.03834
   21.0974
   16.1168
   20.2248
   6.68378
   17.3033
   33.7476
   24.1249
   5.29674
   41.0189
   26.7816
   28.4821
   15.2382
    24.309
   35.1054
   29.4828
    18.955
   1.09422
   40.6933
   30.1792
   4.59874
   24.2972
  0.708722
   13.2432
   6.97548
  0.834523
    10.929
  0.644159
   29.8441
   18.2125
   13.5696
   7.97637
   15.2507
   30.0595
   6.83254
   45.3478
   3.85061
   39.9575
   35.1119
   43.3168
   6.34558
  0.519749
   10.7906
   2.45354
   7.68745
   25.6899
   25.3402
   2.04243
   6.25113
   2.14523
   11.0033
   32.3113
   12.3476
   2.74842
   39.1037
    31.434
   33.8905
   35.3968
   1.21154
  0.937895
   14.5212
   5.05179
   45.2714
    17.313
   43.5631
    43.077
   18.3581
   25.6117
   42.1219
   10.9952
    22.801
   4.19176
   34.4063
   40.5647
   4.54926
   52.5623
   4.44018
   3.11937
   45.8694
   13.9072
   6.39876
   39.3779
   41.9149
   3.19756
   36.8644
  0.395627
  0.650574
   9.00701
   9.92703
   4.71445
   15.0127
   34.7442
  0.249383
   21.0903
   30.6907
  0.585567
   42.3823
   24.5599
   7.76042
   20.5293
   7.67015
   16.2951
   45.8248
   42.8571
    41.251
   10.8143
   36.0166
   26.7941
   34.4017
   4.60757
   2.36921
  0.699803
   8.13299
    24.986
   33.3281
   29.1366
   21.6971
   43.9525
   11.1056
   3.46733
   3.07518
   17.0058
   10.8587
   42.5964
   13.4396
   42.1303
   26.8438
   24.8412
     2.393
   24.4678
   42.4269
   4.32556
   1.86391
   5.01635
   40.5772
  0.366677
   15.5242
   42.9537
    17.217
   9.73354
   33.3162
   9.72334
   2.25516
   42.2368
   28.2291
    40.586
   0.27671
   5.46422
   17.8899
   1.18149
   24.8755
   5.58744
   30.4296
    34.912
    41.954
   39.9516
   22.8082
   2.84218
   24.2499
   4.62844
   43.2029
  0.295863
   24.1116
   15.7745
   26.4756
   8.73411
  0.815693
   33.8122
   39.6171
   48.1481
   6.32574
   22.3687
   14.9231
   23.3038
   10.2154
   38.4671
   42.5439
   8.27705
   3.28664
  0.346173
   4.04962
    2.0512
   27.0358
   9.72204
   4.12437
   3.62422
  0.453384
    11.562
  0.731542
    5.0011
   4.35572
   1.59962
   5.77529
   1.83671
   12.7199
   8.90861
   4.89448
   7.29171
   15.4744
  0.492281
   13.4098
   5.72838
    3.1973
   39.8136
   7.10928
   3.61542
   2.87578
     9.279
   12.0564
   5.05297
  0.505052
   28.3827
  0.510024
   3.62727
   7.78781
   36.2624
  0.467665
   19.1385
   9.00833
   9.39149
   4.88275
   38.4176
    36.944
   5.74821
   5.80485
   1.09686
    10.363
   5.79572
   2.14744
   55.0916
    1.4678
    22.332
   2.44786
   1.87873
   5.39121
   14.2767
   5.57735
   32.6963
   45.1339
   21.7961
   27.0357
   62.0326
   19.7066
   9.92224
   2.13374
   53.8609
   41.3562
   49.2276
   46.1456
   3.95828
   1.51602
   14.3348
   5.27847
   2.22326
   1.26927
   7.28846
   16.1241
   2.15755
   1.74497
   7.18636
   2.66295
   11.4235
   8.25375
   7.34456
   7.37583
  0.577552
   5.93527
   23.0595
   12.9967
   31.6493
   15.9608
   10.3313
   1.76785
   16.4533
   2.41295
   20.5628
   20.1957
   45.9826
   7.00815
   14.7421
   0.83621
   6.07011
   27.9467
   1.48111
   2.35941
    70.307
   71.5886
   70.2134
    6.2541
    14.325
   7.68101
   13.5976
  0.640868
   11.9183
   4.29253
   1.23544
   10.6492
   13.2203
  0.363174
   13.1655
   14.9424
   1.83892
    12.339
   11.4054
   23.3358
   16.0724
   17.4103
   6.94644
  0.495638
   8.58371
   1.24492
   11.4408
   2.43564
   4.31787
   5.43361
   1.73132
   2.95232
   21.9523
   13.1614
   16.6372
   0.47004
   3.94054
   13.5223
   16.3688
    13.086
 0.0617104
   44.3178
   1.92808
   2.54034
   11.8158
   18.8734
   1.22819
   19.4993
   2.67932
   13.4854
   49.7587
   31.5506
   1.76552
   18.3161
   3.71456
   7.06185
   17.3143
   24.6818
   14.4323
   16.1873
   5.36081
   77.6108
   1.06396
   39.6513
   11.0615
   49.4893
   13.1416
   14.2768
    8.2324
   2.45201
   11.6921
   1.43668
   10.7803
   57.6372
   71.9416
   2.94149
   12.5767
   21.8666
   7.20681
   1.29018
   67.5787
   16.3211
   75.8647
    67.873
   70.8699
   63.9308
   12.5691
   6.15171
0.00876631
   8.49728
   57.8419
   76.6624
   76.4623
   69.3284
   73.5366
   67.9841
   7.68662
   63.1285
   64.4585
   60.9416
   59.2277
   61.5686
   60.6613
    14.202
   6.86802
   1.69484
   20.1128
   12.6095
   61.4184
   5.05083
   71.0765
   68.5079
   68.6751
    67.191
   3.53556
   67.4663
   68.2471
   70.5196
   74.1548
   63.5977
   4.33084
  0.945766
   24.0111
   23.4015
   16.9239
   10.3615
   22.2762
   22.5146
   10.9124
   1.55743
   16.4207
    4.2792
   71.3512
   70.1966
     70.72
   60.9766
   9.55455
   16.3576
   11.2808
 0.0491888
   5.74657
   16.6933
   5.43339
   10.7363
     16.18
   18.7873
   52.9447
   53.3769
    56.031
   8.31549
   4.85912
   23.6645
   18.8378
   77.7551
   63.6063
   63.8299
   10.2883
   64.3577
   60.9905
   11.3431
   8.96622
    3.6295
   2.99232
   50.0989
   67.9703
   78.1249
   69.8293
   64.0737
   5.61555
   17.2271
   21.8398
   19.5674
   55.4789
   63.2681
   53.9816
   56.8945
   13.0449
   16.1822
   20.3576
   5.62598
   67.8833
   68.6539
   70.8369
   68.2416
   60.6908
   57.0259
   12.6419
   17.3968
   13.8286
   14.9268
   8.08721
   52.1429
   47.1313
   78.5788
   56.9105
   6.83976
   62.3285
   63.2278
    72.512
   44.6831
   61.7751
   71.1621
   63.3256
   66.8736
   53.1307
   70.2361
   57.3542
   51.2951
   59.3547
   51.1462
   72.7743
   71.2404
   69.7934
   72.8194
   27.3991
    54.467
   72.8317
   69.8524
   77.8587
   70.6326
   36.8634
   42.0805
   57.8378
    27.333
   79.4053
   71.1861
   68.7111
   71.0082
   49.3135
   53.4069
   60.5357
   51.6299
   59.3478
   60.2172
   59.5171
    62.204
   61.5898
   42.0445
   27.1279
   62.5155
   64.0154
    68.178
   28.0599
   54.4646
     55.33
   55.0465
   66.2304
   26.2026
   50.8563
   51.8581
   51.3781
   14.6405
   77.5285
   65.3061
   64.3524
   4.85027
    58.175
   61.4257
   69.5676
   67.9339
   74.6557
   70.1359
   72.2995
   70.6242
    42.572
   41.4195
   71.1957
   62.3285
   64.5328
   69.6704
   68.5037
   74.5404
   68.1586
   68.1164
   51.0011
   70.7027
    44.746
   44.9952
   56.2015
   78.5118
   77.8276
   74.5845
    53.838
   53.8702
   73.1633
   70.9774
   71.8941
   72.0919
   70.5204
   73.7953
   42.1154
   15.4682
   18.4985
   57.3303
   68.9284
   65.1667
   60.9447
   59.9792
   71.6398
   71.1095
   77.2968
   69.0265
   60.2859
   59.4411
   60.9212
   60.3204
   62.2039
    67.409
   58.7194
   53.3362
   56.5692
   55.1744
   54.3746
   53.8532
   60.0723
   61.7574
   68.2687
   70.3224
   69.4413
   68.9673
   72.0078
   68.8592
   70.1434
   68.9355
   73.3096
    51.545
    69.056
   71.4795
   78.4043
    68.437
   63.6158
   61.1985
   59.9756
   66.8673
   62.1983
   61.6486
   2.83593
   64.0678
   53.1454
   49.0385
   73.0272
   74.0182
   59.9359
   54.8384
   62.8253
   70.4505
   69.5058
   68.1395
    57.568
   64.5234
     63.09
   70.6132
   72.4068
   68.7515
   73.5572
   78.1869
   71.5433
   85.3477
   44.8323
    75.632
   71.3779
    72.345
   66.6568
   72.1646
   78.6945
   80.5871
     83.06
   80.4884
   75.1724
   84.9017
   65.8608
   62.7935
   70.5255
   70.1414
   75.8518
   70.8632
   67.6508
   72.0428
   75.0577
   71.0649
   5.07227
   64.4079
   62.3412
   62.9478
   68.7026
   69.2297
   71.0888
   70.5691
   69.0979
   66.8807
    71.712
   54.2913
   60.7573
   80.1051
   80.6415
   71.8383
   31.0819
   74.6486
   71.9245
    73.983
    59.467
   69.2402
   69.2186
   70.2795
   69.4758
    69.761
   42.1071
   11.5895
   61.5917
   76.1158
   76.8835
   73.5146
   72.9918
   77.7007
   77.4355
   53.1177
   32.1203
   80.4844
    71.648
   76.8632
   71.4301
   58.8645
   70.4716
   61.3327
   47.7947
   47.9207
   64.3094
   73.2833
 0.0417436
   70.6123
   75.9938
   15.8293
   10.5102
   69.9865
   69.8952
   79.5139
   31.3499
   52.2834
   63.0678
   78.1662
    61.442
   63.0395
    48.171
   71.1567
   69.7471
   70.7747
   70.7302
    70.245
   2.68994
   39.6936
   85.0149
   70.7561
    69.874
   69.8001
   71.9938
   77.5747
   76.6292
   72.6225
   77.8261
   72.1754
    70.942
    70.601
   74.5661
   70.2655
   76.7204
   72.7442
   70.2152
   69.5361
   84.1039
   81.9203
   71.9284
   80.4202
   77.9564
   76.8829
   29.2926
   77.4655
   72.6355
    66.109
   70.3318
   70.9039
   69.2055
   13.4911
   3.46427
   81.2735
   70.7417
   68.7631
   71.8323
   71.5304
   78.5571
   72.4061
   69.7867
   70.8702
   71.1611
   70.0296
   78.1342
   65.4118
   79.1531
   72.8057
   71.7275
   70.6174
   72.1009
   68.0677
   71.0837
   79.1254
   73.6357
   48.0961
   49.3739
   71.0653
   67.8785
   58.2567
   73.6318
   68.2097
   69.4128
   55.5476
   76.5744
   65.7145
     63.09
   67.0444
    56.762
   77.2498
   68.9366
   63.6204
   72.5805
   80.9565
   69.2329
   73.0122
   44.0944
   65.1641
   58.5749
   38.7196
   71.4202
   73.8937
   74.4004
   75.6768
   60.7247
   71.2283
   81.7453
   83.0106
   39.8206
   66.2128
   19.6236
   42.8595
   42.5516
   14.0894
   56.3582
    52.884
   48.1244
   50.4462
   41.8275
   53.3798
   5.95735
   78.7987
   52.8218
   60.8668
    65.878
    44.355
   63.5189
    42.201
   64.3255
   54.6377
   51.9546
   50.2689
    77.442
   56.3972
   39.7004
   49.2692
   45.9226
   53.6971
   24.5162
   34.0895
   85.4794
    56.352
   52.5855
   52.4257
   54.1983
   69.4914
   72.7224
   54.3639
   77.9162
   57.8204
    43.856
   64.4828
   20.3736
   17.3206
   30.4183
   11.5838
   50.0673
   55.6616
   55.9176
   24.0737
   23.5799
    53.423
   59.6187
   59.0872
   59.4064
   56.4009
    63.057
    25.919
   22.5371
   58.4737
   54.9396
   61.8058
    75.764
   76.3132
   77.1604
   61.6997
   2.84067
   16.1217
   10.9197
   13.6794
   4.51099
   40.4566
   11.0113
   3.54587
   32.3011
   25.4535
   25.2373
    15.077
   53.2002
    18.114
   20.3126
   18.5747
   49.3734
    8.6342
   6.58017
     10.37
   37.7236
   22.4136
   19.9972
   7.61415
   6.87586
    17.577
   24.7466
  0.172057
   23.2721
   19.2211
   23.7042
   30.0963
   55.5284
   22.6993
   21.6937
   68.7064
   66.2443
   80.1904
    79.723
   22.5763
   13.4973
   9.29351
   29.0708
  0.549478
   66.4469
    75.465
   61.1412
   22.5392
   25.7963
   53.6972
   4.22936
   1.59864
   30.0897
   79.2888
   61.4958
   71.3101
   75.8752
   78.8047
   60.9413
   78.2966
   63.1536
   76.3752
   2.40663
   7.94968
   5.62348
    2.6601
   62.2982
   6.50457
   81.8142
   71.7213
   62.0234
   77.9363
   78.3541
   77.7524
   66.0909
   63.4355
   54.0562
   22.3064
   26.5871
   9.89719
    3.7921
   4.20839
   21.8832
   46.3757
    5.8318
   79.9904
   77.6099
   57.6504
   80.0066
    79.344
   57.2196
   17.0565
   2.62403
   1.32729
   71.5407
   61.7701
     32.53
    7.0478
   17.5248
    65.311
   15.7242
   10.7581
   67.2599
   9.58722
   76.7531
   54.7712
   25.0023
   77.2344
   77.4354
   57.8692
    35.491
   67.4202
   56.1772
   1.42861
   61.0334
   4.29354
   75.0997
   63.6253
   54.7199
   20.5535
   22.7804
   1.38625
   21.5929
   52.2299
   53.0581