 0.338265
  12.1157
  3.46416
  44.9608
  34.9422
  21.5862
  19.9247
  26.4964
  34.8945
  46.0309
  7.25275
   19.356
  42.4365
  9.65193
  24.4969
  25.2469
  1.65925
  19.8399
   17.902
  3.65306
   1.3537
  32.1478
  33.7755
  1.21482
  2.92803
  11.6071
  1.83195
  12.3453
 0.217794
  17.2915
  27.8624
  15.6458
  11.1666
  16.0622
  14.8558
   12.822
  3.24389
   24.068
  24.5714
   33.149
  27.6672
  47.2307
  36.4503
  31.0968
  45.8741
  11.3608
  2.06936
  2.97445
  2.01401
  12.3611
  5.67543
  6.47777
  18.8775
  9.62089
  16.0319
  17.3444
  1.29495
  9.48038
  64.5896
  59.3176
  70.6679
  70.3257
  68.0815
  1.40465
  1.97014
 0.502222
  15.2741
  16.6764
  9.69525
  33.7666
  27.0422
  48.9946
  65.4824
  46.9169
  42.1372
  21.0149
  5.79806
  52.3016
  6.49783
  18.7568
  2.23154
  9.05979
  1.94006
  6.14238
  0.52016
  4.44139
  2.20941
   18.896
  3.93721
  29.9585
  19.5002
   26.823
  33.7622
  31.0626
  14.1278
  15.5186
  12.9981
  17.0032
  24.2539
  31.8585
  20.8355
  10.4087
  31.4811
   19.532
  10.0104
  15.8713
  1.61357
  9.47003
  27.4932
  12.0357
  29.2683
  29.8508
  14.4208
   26.907
  1.20785
 0.247337
   15.843
  14.4446
  10.7725
  19.7012
  19.9298
  1.04593
  15.8888
  3.99115
  7.69462
  3.56516
  16.9396
 0.827431
  16.1193
  6.14539
  9.05161
  16.3443
  18.0048
  17.1722
  17.5407
  12.7775
  42.1355
  18.9846
  5.51663
  15.7222
  14.5032
  13.4991
  11.5729
  6.70989
  10.2745
  23.6882
  1.74442
  17.3927
  32.9365
  29.5587
  14.4459
   2.8013
  19.4278
  27.4948
   13.735
 0.860271
  25.0167
  39.2164
  24.1253
  42.2197
  42.3446
  27.3052
  49.7195
  12.1705
  29.4572
  43.8891
  41.5217
  23.0646
  6.91579
   39.746
  59.6652
  55.4583
  63.4946
  18.1976
  19.2047
   33.509
  35.2741
  39.1545
  20.4096
  44.1199
0.0274133
   11.425
  31.6989
  9.08596
  5.91182
  15.8438
  10.7164
  29.1261
  32.0486
  29.0428
  32.3682
  35.4823
  27.2926
  1.12102
 0.993032
  32.9861
  31.4167
  21.8835
  16.9899
  5.86156
  9.79401
  31.7314
  29.3303
  10.3972
  5.49198
  51.2906
  52.7033
  37.0804
  23.4251
  31.9839
 0.502222
  26.2741
  35.4412
   17.473
  1.82045
   15.097
 0.336987
  18.7523
  15.5837
  48.9114
  77.6161
  39.9466
  57.9885
  0.11358
  17.8428
  20.3636
  17.9729
  2.06475
  55.5009
  23.8889
  22.6844
  42.5848
  27.3473
  32.9405
   26.618
   32.617
  18.3393
  3.76058
  13.9538
  9.18108
  5.61337
  17.0767
  1.06064
  24.9918
  35.0196
  32.1836
  14.2222
 0.172358
  13.9265
   13.428
  13.7439
  14.6607
  12.6731
  1.77741
  15.4487
   24.549
  29.0805
  14.3049
  13.9658
  4.36743
  28.4881
   27.375
  37.0163
  10.2376
  14.8554
  5.75491
 0.744176
  11.2296
  11.1722
   2.5392
  5.78924
  18.9348
  6.95488
   14.329
  17.8979
  33.9225
  10.8307
  13.6869
  18.9678
  21.0549
  14.8471
   7.9167
  13.7206
  39.2327
  7.69644
  12.5061
  13.1302
  16.5702
  14.1549
  12.0131
  31.1663
  4.06682
  5.83906
  29.7405
  31.9456
  18.3897
  34.9486
 0.413323
  2.22844
  11.6419
  15.1902
  36.3036
  8.49292
  1.99328
  35.9635
  18.3507
  42.8847
  30.9588
  2.27241
  74.2686
  48.9915
  32.9183
    40.28
  43.0399
   7.9303
  5.40837
  7.67212
  7.81801
   33.302
  67.8722
  49.3178
  74.4114
 0.555551
  10.7443
  2.56017
  16.6049
  7.28856
  19.0713
  50.9008
  16.9751
  19.8099
   33.631
  54.3403
  1.41857
  28.2553
  20.2414
 0.355741
  21.6604
  32.7912
  8.14247
  12.5886
  12.3555
  56.3255
  18.3313
  1.43548
  4.25876
  4.73682
  9.88934
  28.9589
  30.2914
  42.8299
  18.5649
 0.300569
  33.7047
  2.37851
  19.5943
  14.4169
  14.1768
  1.67503
  14.5383
  13.9643
  11.5247
  13.7538
  8.81618
  15.6795
    8.665
  15.4661
 0.899905
  21.1891
  24.3071
  18.2407
  29.1126
  9.08741
  4.82427
  15.0526
  31.5572
  34.0772
  20.3349
  12.3812
  6.62497
  9.20286
  14.6736
  5.99717
  2.28398
  20.1858
  19.0185
  21.8834
  3.85771
  8.36368
  3.16789
 0.876871
  19.4082
  13.7501
  22.2633
  10.6506
  26.4995
  2.47381
  1.71577
  12.5362
 0.765464
  36.8129
  30.7292
  29.0212
  31.9518
  2.58827
  22.9067
  9.09984
  7.32257
  14.0078
  23.2151
  39.8981
   46.311
   48.654
  3.09932
  34.9034
  56.0289
  26.0831
  6.70325
 0.102156
  32.5146
  14.0668
   42.123
  47.9585
  1.30996
   74.656
  67.4971
  57.0198
  17.2863
  20.3017
  7.49096
   3.1036
  1.03241
  4.57384
  5.71869
 0.318512
  61.6021
  4.36326
  23.8976
   25.375
  7.51529
  54.3996
  30.1438
  7.18897
  29.2688
  22.1961
  27.3102
  19.3833
  6.46043
  22.9239
  39.7912
   45.104
  29.7082
  32.3432
  8.71467
  19.8677
  24.7242
  30.2287
  22.6616
  13.7138
  7.34794
   13.388
  4.07273
   7.0163
  31.6434
  28.8256
  12.0007
  8.78452
   1.1325
  35.7608
   27.652
  15.5357
  3.21331
  6.31446
  1.50007
  1.56191
  10.1115
  33.4478
  6.74378
  17.3171
  11.0671
  17.2747
     13.6
 0.207744
  14.2818
  28.1136
  24.0973
  30.9723
  36.9824
  10.9712
  14.6962
  18.5017
  6.65467
  7.87051
  35.1892
  16.6669
  11.5528
    46.78
   33.281
  36.5187
  41.3521
  2.84215
  28.9488
 0.493212
  33.7392
  23.9515
  66.7668
  65.2051
  10.5394
  15.9275
  14.7749
  17.7685
  15.0728
  69.3491
  49.1254
   23.518
  48.2565
  27.8505
  50.0318
  29.8533
  16.8595
  8.42766
  5.83509
  3.72948
  5.21225
  8.23242
  13.2027
   22.189
  2.05755
  38.3874
  48.7702
  17.2949
   51.867
  53.3223
  22.6737
  3.44367
  2.09034
  2.21047
  36.6011
  27.3119
  13.6033
  16.8884
   25.295
  21.1195
  49.2275
  30.6624
  35.6399
   43.674
  7.29358
  12.9816
   13.898
  51.4638
   26.967
  1.12666
   2.9055
  19.6625
   40.342
  4.76664
  5.57065
  10.0393
  5.79021
  7.25971
  28.9441
  45.9122
  50.7683
  58.4095
  32.5596
  34.5912
  30.1769
  16.7937
  32.0464
  27.0609
  54.4831
  45.4996
  8.44277
  43.4721
  12.1086
  47.4202
    10.51
  36.9603
  48.1803
  49.1813
  31.5479
  32.4884
  47.0925
  21.1549
  39.1772
  32.6336
  47.3053
   7.7855
  9.65555
  33.2361
  46.3644
 0.716363
   9.1915
  2.28975
  11.9064
  4.17729
  7.11635
  4.03543
  2.91399
  3.41439
  12.8094
  46.1396
  53.4525
  5.25282
  3.63843
  2.41835
  9.09183
  42.1932
  50.6807
  29.6617
  42.9154
   54.063
  7.81723
  5.51692
  15.5739
  2.76622
   15.396
  16.3386
  21.3511
   33.898
  23.6394
  4.51898
  53.2929
  44.6164
  24.4518
  41.1333
  31.2325
  27.7151
  46.1178
  33.9471
  30.8504
  35.0353
  47.9981
  41.9592
  18.1997
  18.4143
  34.6724
  34.0015
  48.2354
  32.8991
  45.3408
  47.5825
  1.59558
  8.18245
 0.231188
  33.7908
  49.8729
  32.9837
  1.63429
  3.97947
  11.3881
  27.0152
  25.8041
  26.3554
  20.0346
  5.80293
  29.4657
   44.902
  25.2212
  12.4257
    35.99
  38.7881
  28.5235
  22.8643
  21.4279
  32.2328
  41.1938
  27.1132
  31.1928
  43.3335
  14.9611
  33.9741
  3.76324
 0.652771
  47.5617
  31.7712
 0.248803
  26.4512
  50.5176
  31.2266
  30.8809
  34.9992
  56.5498
  51.8253
  42.2874
  40.5926
  19.8768
  35.3393
  29.1393
  4.84631
  6.37681
  31.6048
  43.9319
  37.9165
   22.928
  36.4898
  50.5101
  19.2662
    28.67
  53.7791
  43.2924
   35.419
  2.61499
  36.8875
   38.693
   4.4571
  16.3502
  37.5921
  44.1596
  32.5788
  16.7454
  25.8814
  23.2142
  42.3897
  66.8971
  56.1827
  15.5443
  24.9936
  40.8495
  27.6133
   21.177
  2.81569
  30.0129
  25.6424
  11.1084
  26.2126
  43.7416
  40.6421
   1.0276
  15.0397
  16.1869
  21.9289
  7.37259
  27.8367
  17.1461
  33.6232
  39.7349
  25.0234
    27.88
  15.9855
  24.7918
  36.8704
  2.55032
  24.2751
  37.0825
  18.0224
  2.59712
  45.3603
  49.5985
  23.8937
  28.0786
  22.5273
  29.5488
   45.083
  32.7991
  27.0624
  31.2202
  26.8897
  22.1135
  31.8162
   8.0592
  25.3718
  37.1475
  5.15231
  14.7858
  51.6431
  31.8755
  45.4803
   29.767
  28.1195
  43.2083
  5.68838
  3.10931
  4.66877
   12.801
  19.8162
  53.7737
  35.4899
  17.3333