 0.180548
  18.6612
  1.59889
  7.55554
  5.85177
  9.36719
   10.947
  8.76282
 0.785104
  8.05835
  8.87028
  6.12204
  5.63533
  9.82142
  4.22197
  12.6253
   23.988
  26.0211
  13.3686
  4.01843
  42.9244
  39.1579
 0.452904
  3.26292
  14.1665
  14.6878
  16.5669
  4.91389
  14.0032
  3.40321
  11.0009
   12.863
  10.9231
  13.8942
  38.2567
  39.7418
   39.594
   42.621
  8.39958
  4.10728
   5.3241
  2.52927
  20.0495
  16.3377
  12.5362
  12.4143
  14.4975
 0.390166
  15.0511
  1.81093
  14.0486
  10.0792
  7.67053
  14.6885
  14.8401
  48.1263
   42.266
   28.433
   30.139
  42.6619
  8.95057
  2.90357
   10.894
  13.1936
  11.2514
  7.36159
  4.35606
  12.0947
  16.6539
  24.8098
  1.34395
  2.53243
  10.4328
  6.41635
  2.50261
  18.5841
  20.2915
  9.85424
  8.98844
  5.70285
   5.3667
  5.64075
  8.35955
  11.7695
  16.2934
  5.49392
  36.0248
  33.7189
  39.9232
  39.1301
  38.9847
  24.1987
  14.8042
  10.5778
  9.53173
   15.859
  5.70995
   6.2927
  3.96597
  1.18446
  2.83435
  6.29109
  4.89255
  6.04979
 0.888197
  10.4503
 0.824698
  41.3348
  31.4336
   21.937
  25.2523
  13.5195
  23.1479
  26.7556
   15.142
  11.6979
  5.12249
  7.14871
  4.24715
  7.11448
   6.5544
  5.95048
 0.995563
 0.446584
  2.19198
  1.00004
  2.98054
  1.73904
  3.86805
  2.39876
 0.623812
  6.37366
  5.72137
  5.03384
  3.26161
   9.5191
  2.54175
  26.4203
  12.8243
  7.07012
 0.816189
  2.21075
  11.0667
  10.8004
  11.0188
  4.27169
  18.3555
  7.08065
  8.12847
  24.3206
  10.5674
  9.40348
  9.70632
  7.51405
  2.62015
  3.90804
   7.7584
   12.568
   1.1583
  1.33448
  18.7238
  9.01419
  8.25234
  7.80256
  2.86456
  9.11729
  5.35885
   2.8833
  17.3638
   35.599
  38.2957
  10.5496
  15.5036
  11.7156
  2.88547
  16.3087
  22.9789
  10.5391
  9.30992
   4.9865
  41.6628
  44.5435
  48.8155
  26.8457
   18.762
  18.2142
  24.5729
  1.91452
  14.8091
  29.0701
  31.8429
  45.9395
  38.4039
   15.429
   19.259
  31.7576
  26.8136
  1.22055
  17.3166
  5.11957
  9.56403
  10.5778
  4.81289
  2.79644
  25.5457
  5.84538
  3.02112
  8.30537
  7.44497
  21.3323
  6.02459
  19.7672
    8.075
  2.57772
  18.1002
  15.8972
 0.667223
  18.4961
  7.06845
  8.63328
  15.4568
  24.1478
  12.4671
  32.9877
  13.3362
  12.0004
    3.611
  14.1592
  15.0031
  11.8647
  23.3563
  2.05547
  12.1701
  5.48576
  6.00252
  7.61316
   13.342
  2.29964
  17.6319
  8.24269
  9.89798
  1.07639
  5.23642
  5.55049
   4.6012
  37.9452
  29.4032
  20.2158
  25.5113
  16.8162
  9.53467
   5.7117
  3.09619
0.0165226
  7.04512
   7.1958
  1.62511
  6.52949
  13.0463
  5.19487
  4.63501
  50.2877
  21.1761
  20.6016
  16.1557
  8.08766
  1.83816
  9.59081
   6.0973
  4.22774
   3.0409
  1.69568
  1.74461
  2.28936
  8.64956
  11.8757
  18.0633
  19.3184
  8.75807
  4.47716
  20.2852
  16.2947
  18.1126
  17.2099
  26.4955
  14.3569
  2.11445
    51.46
  1.63556
  4.70133
  9.46165
  13.0002
   8.0626
   9.4236
  13.8642
  37.8245
  23.0565
  18.2892
  1.75079
  8.46466
  2.31273
  9.80633
  35.7919
  35.3789
  34.9584
  2.82526
 0.522517
  6.55897
  4.49194
  8.05988
  2.32946
  32.1354
  13.5639
  19.9753
  7.44109
  5.87418
  10.9584
 0.741384
  9.12818
  6.32659
  15.7539
  33.9098
  47.0695
   14.365
  13.6575
  14.0861
  11.9932
  8.34528
 0.824353
  12.2033
  5.65637
  3.22102
  15.4031
  15.6107
  8.69766
  10.0722
  16.4106
  10.5535
  13.9012
  15.6218
  7.59112
  1.71543
  28.2846
  16.6814
  4.18286
  14.1482
  7.15939
  4.54441
  12.6511
  12.4979
  15.6976
  17.3461
  5.29359
    7.454
  3.89797
   15.189
  15.9789
    15.93
  5.97325
   3.4544
  8.56154
  9.54664
  13.2022
  3.12167
   1.8195
0.0651887
  1.31845
  6.36319
  15.6717
   17.097
   7.8303
  8.28511
 0.797798
  3.59494
  0.80992
  27.4652
  26.1334
  14.1335
  12.5661
  20.5129
  5.08963
  5.13951
  5.89913
  7.21172
  3.44804
  5.47177
  7.23976
   1.3823
  15.1789
  6.28631
  6.84405
  3.28787
  28.5581
  3.61252
  19.9008
   13.196
  7.24361
   9.4673
  7.42492
  31.9799
  16.1954
  16.5657
  20.3286
  5.71647
  10.0109
  1.98292
  6.36548
 0.784441
   4.1335
  9.64753
  1.57358
  7.68681
  1.00877
  4.45105
  12.5053
  16.0114
  20.9474
  18.8295
   3.9735
  13.6717
   2.9093
  13.1906
  1.56914
  29.2028
  48.4687
  34.4041
  6.54664
  12.9586
  15.7127
  10.9071
  9.60791
  7.97493
   14.365
  17.4577
  43.7261
  8.52383
  4.61593
  11.1058
  22.1302
  5.02779
  13.9439
  30.3113
  45.4211
  24.5087
  17.8904
  3.15529
  11.2153
  36.4464
    25.91
  3.93192
  21.7144
  5.59171
  5.17426
  19.7261
  2.60321
  1.30724
  15.7592
  15.7544
  10.1178
   7.0607
  6.06217
  1.08658
  34.1506
  12.8625
  9.76321
  26.7581
  17.6506
  4.64553
  4.16758
  5.73848
  1.40724
   3.3883
   1.5458
   16.643
 0.539061
  12.7981
  4.83226
   25.194
   5.8071
  3.22309
  5.41318
  34.4775
  16.4883
  4.02065
  1.59829
  4.11808
  8.53763
   13.167
   34.774
  9.88913
  9.66794
  2.49651
 0.769009
  7.97067
  7.81685
  9.29335
  5.81853
  2.57783
  10.6525
   30.478
  33.1534
  12.7137
  14.2212
  2.95161
  8.38254
  12.8249
  39.0894
  56.4371
  8.08171
  11.5128
  9.64726
  15.4101
  7.63387
  5.19008
   25.221
  46.0391
   2.1338
  25.4555
  11.4074
  3.05285
  6.53754
  2.14743
   5.3562
  5.40721
  24.3117
  15.5827
  7.48263
  3.81216
  13.1148
  29.3343
  37.6746
  8.34462
   31.336
  12.4727
  5.71867
  27.1915
  7.02449
  6.54886
   17.629
  7.25685
  5.48043
  19.3361
   13.158
  23.3913
  16.5981
  5.62645
  18.8502
  34.2173
  17.0395
  40.5847
  25.1299
  18.8653
  8.10321
  6.61342
  22.6591
  8.17342
   2.5268
  3.55538
  4.92211
  1.90115
  37.0127
  16.6353
  0.62693
  7.15282
  5.63197
  9.28015
  19.8601
  13.6538
  5.66472
  6.07661
  2.87497
   8.5985
  15.9784
  6.16901
  3.53348
  19.8392
  4.44389
  19.5364
   16.323
  4.26945
   17.868
  10.5867
  25.3845
  35.7346
  2.09751
 0.240908
  9.08673
  1.23573
  8.69952
  9.72305
  28.8185
  7.80925
  2.92217
  12.5941
   8.1272
  9.78483
  4.65297
 0.982525
  5.68667
   1.9888
  24.7963
  16.9965
  1.17428
   17.713
  22.4515
   13.999
  7.14447
  7.94032
  5.51185
  22.1858
  32.6602
  11.3464
  18.9161
  7.98423
  8.53386
  4.25222
  9.25025
  18.3326
  17.7936
  8.09183
  36.5702
  25.3876
  1.82111
   57.941
  21.4346
 0.114312
   9.6745
 0.436914
  4.09801
  7.73157
  26.7155
  36.2816
 0.913626
  8.11455
  2.14028
  44.4208
0.0267887
  3.68575
 0.785341
  16.5659
  10.9625
  47.7792
  5.91556
  10.7677
  15.5885
  5.72791
  7.76766
  33.9272
  11.0476
  5.37681
  3.07579
  16.7876
  5.62935
  6.16887
  18.9838
  23.5336
  3.12238
   7.8019
  1.40119
  12.4161
  12.9958
  6.43892
   13.779
  24.6935
  12.2144
  9.86804
  12.9702
  10.9537
 0.267899
  23.6689
 0.378378
   5.8534
  1.24226
 0.868598
  3.07633
     16.8
  20.8003
   9.5278
  12.3584
  3.54952
  2.06364
  3.54764
 0.160331
   21.379
  17.4848
  2.32821
  8.95703
  7.37985
  10.3096
  11.0852
   6.3066
  11.4029
  6.33899
  1.06231
  28.8085
  2.89128
  22.6785
  11.3052
  12.7362
  11.0022
  3.30165
  12.9316
   22.457
  3.74015
  28.0409
  3.58013
  9.11048
   8.8832
  9.89176
  37.0383
  14.6303
  4.36495
   17.792
  8.29749
  30.6877
  31.5865
  10.4665
  4.41881
   7.3011
  12.9116
  2.25265
  1.34954
  17.3563
  19.7469
  2.53759
  3.35405
  15.3776
  47.4677
   29.061
  6.62375
  11.1013
  18.9367
  26.7284
  15.7362
  7.26275
  15.1682
   13.594
  9.32076
  4.68347
  17.5474
  31.0554
   27.984
  60.3858
   30.155
  18.3615
  25.5635
  5.88431
  14.4671
  13.9733
  27.6095
  29.7887
  19.7636
   29.792
  32.2511
  12.2441
  26.6434
  28.2617
  37.4869
  15.2697
  12.4122
   7.4317
  3.84064
  20.5902
  17.8262
  31.4542
  6.55291
  36.2349
  15.7275
  12.0629
  2.24268
  43.9415
  23.7627
  42.0629
  42.5647
  26.9958
  3.66537
  2.82991
  37.2111
   4.0472
  44.9218
  5.96004
  1.01425
  25.5426
  5.85354
  2.95939
  19.5731
  10.5619
  5.85193
  11.7771
  10.3456
  15.8933
  3.68098
  22.7126
  14.2494
   8.1336
  21.3939
  41.1606
  6.11267
   3.5983
  4.05509
  7.79414
  2.80193
    6.354
  12.3484
  26.3565
  43.3734
  37.8257
  20.3991
  23.9751
  6.35996
   25.377
  16.0802
  26.7036
 0.528621
  4.10185
  4.42775
  6.15826
  14.2038
  43.6348
   18.063
  6.17465
  8.02048
 0.978082
  19.9574
  4.41486
  44.8035
  17.0514
  40.4626
  12.8707
 0.812544
  2.39142
  27.1278
  61.4127
  5.83546
  9.62268
  5.66524
  30.9846
  5.98655
  3.25881
  26.0989
  33.1839
  18.4249
  23.7054
  6.61471
  27.6078
  7.29892
   38.925
   28.444
   10.687
  6.81958
  7.64581
  40.8839
  13.4568
  12.5121
  24.0475
 0.516728
  3.11287
  34.2086
  32.6923
  28.7712
  5.77752
  5.46943
  26.9305
  3.74828
  12.6211
  44.6052
  4.57953
  17.5912
  6.28682
  6.34077
  22.0859
  7.73249
  5.86303
  7.35079
  2.04517
  6.90557
  5.27302
 0.642037
  2.56612
  7.13775
  3.66386
  4.59313
   10.888
   10.935
  5.60583
  5.20796
  19.0973
   8.1285
  9.43268
   1.3278
 0.473415
   24.213
   15.962
  4.76533
  1.82468
  17.2225
 0.718761
  5.13503
  8.04412
  2.25468
  3.76426
  5.53037
  1.61603
  9.14548
  5.68659
  2.14949
  12.3881
  10.0984
  4.58395
   15.377
  8.05432
  12.5661
  13.0515
  10.2827
  15.9865
  0.65172
   11.473
  5.90197
  8.48768
  38.6385
  18.1767
  29.5159
  1.66031
  9.49736
  3.68015
 0.709423
     2.43
  2.54021
  2.96117
  3.87241
   16.467
  34.8941
 0.961143
  7.70974
 0.251833
  5.93798
  5.80499
  30.5256
  40.0208
  16.4664
   16.358
  57.0977
  8.58244
  12.6807
  13.7737
  6.49456
   39.861
  31.3607
  7.44792
  28.6498
  10.3101
   5.7281
  27.6268
  3.51198
  9.73762
  5.68215
  16.7585
  10.0495
  5.29143
  19.1013
  5.00629
   40.161
  6.31188
  14.4495
   8.3536
  2.06229
  9.33101
   3.4394
  3.21857
  14.3763
  16.4974
  13.5582
    24.89
  1.70745
  17.2728
  12.7176
  8.15671
  15.8599
  9.39013
  6.08504
  24.4417
  7.24751
  3.50448
  7.17194
  8.19065
  6.56965
  24.1523
  2.17253
 0.755906
 0.632009
  1.96646
  14.1326
  15.1952
 0.489165
  13.7851
  10.2523
  11.1606
  3.26656
  8.91691
  8.44944
  4.28185
 0.166183
  7.22515
  0.41617
  3.19134
0.0164039
  8.20984
 0.948874
  6.61349
 0.157475
  4.53307
  16.2093
  33.6535
  14.2594
 0.696869
  2.91428
  23.1273
  9.78661
  50.6718
  1.56719
   11.997
  11.4448
  1.14861
  7.96701
  40.5946
  12.9332
 0.326175
  8.84504
  3.93057
  14.6691
  19.1056
  1.54669
  16.6488
  4.72047
  5.29301
  5.37321
   6.0718
  9.36744
  2.79602
  13.5075
  3.94061
  11.4475
  6.64473
  7.41879
   4.2445
  3.55044
  12.7565
  0.38321
  9.64093
  14.3926
  15.6652
  14.5572
  9.60523
  13.4312
  9.91836
   14.019
  8.30558
  10.5867
  19.5834
  10.4078
  14.5523
  15.1282
   6.7188
  6.85117
  7.29179
  3.85065
  5.45266
  13.7961
  15.5609
  0.27369
   6.6132
  8.42838
  46.5453
  42.8895
  44.4155
  12.6884
  4.94744
   25.041
  16.9438
  8.30749
  3.57416
  8.39626
  23.6338
    10.74
  3.93823
    17.01
  15.7434
  49.9859
  43.6107
  3.82872
  24.5062
  1.06541
  17.4714
  23.1979
 0.471793
 0.535481
  35.8746
  8.74628
  46.2738
  26.2182
  54.1685
  49.5846
  19.5297
  39.6039
  51.7202
  40.5741
   18.109
  57.4894
  46.3274
  54.9403
  50.6517
  50.3822
  44.7157
  54.6261
  45.8758
  21.6074
  6.65377
    39.53
  34.6365
  27.6266
  40.2673
  46.4914
  49.4456
  56.2574
  50.7278
  44.0075
  45.9973
  48.7427
  9.56578
  57.5002
  47.2892
 0.605941
  40.9278
 0.228218
  49.3413
  25.0443
  14.8003
  3.34563
  10.2222
  18.7066
   36.849
  2.36117
  17.3914
  36.1491
  25.4169
  40.8705
  39.3646
  56.1222
  35.4872
   43.912
  28.2233
  18.7256
  33.9293
  42.9059
  18.4438
  25.4647
  49.0886
  41.3688
  45.2323
  41.3615
  45.8857
  1.72803
  49.0567
  40.1065
   28.618
   45.484
  56.7524
   41.575
  39.3243
  47.6426
  39.8871
  54.2681
  21.0072
  53.2857
  47.3099
  48.5906
  49.1788
  43.7358
  43.8699
  19.7145
  29.5664
   34.177
  14.6075
  42.0656
  43.2801
  42.1785
  14.0153
  43.9624
  19.4792
  5.72229
   16.789
   9.2299
  3.55095
  12.2404
  14.1559
  1.30339
  11.7307
  33.0886
  26.7541
  36.6494
  28.1652
  1.72584
  26.4099
  6.91629
  6.28427
  57.1602
  20.6575
  18.9477
  11.2177
  6.02695
  28.3746
  22.4499
  6.35049
  5.84295
  23.4249
  10.6521
  29.7737
  19.5435
  8.56175
  54.2682
  1.15321
   16.009
  2.26558
  9.58638
  13.7769
  28.1639
  4.78525
  14.0728
  31.0583
  9.70434
  51.0488