  2.10978
  16.6058
  15.7147
  14.2297
  15.8216
  51.4372
  74.3298
  68.9887
  66.7004
  6.98324
  21.3502
  72.7989
   69.385
  73.6726
   78.874
  86.0605
  14.6447
  22.7712
  5.93713
  16.1429
  77.0975
  39.0959
  39.4742
  57.4592
  58.3818
  51.8726
  72.5786
  17.8946
   85.708
  71.8525
  43.4095
  50.1528
  22.2832
  48.7414
  57.8305
  56.2978
  8.18746
  18.8349
  16.9666
  6.55402
  15.0412
  22.5785
  52.5436
  7.29255
  16.1972
  17.6361
  47.9695
   62.395
  76.7448
  17.6909
  23.1033
  16.3664
  31.8169
  4.87866
  20.8998
  47.3148
  10.2671
  21.0751
  10.3252
  5.53855
   15.225
   8.2366
  50.1182
  29.8259
  17.5925
  27.4959
  22.7712
  25.4294
  17.1382
  54.6906
  50.5462
  51.7965
  47.0947
  6.32784
  7.78351
  7.32564
   9.2278
   9.5912
  49.7617
  10.9981
  3.55849
  5.92697
  18.0191
  2.69903
  6.98533
  5.70878
  6.00138
  6.10731
  5.06426
  9.73768
   66.979
  46.7951
  7.39231
  19.5849
 0.399052
   31.678
   26.906
  20.1273
  18.7775
  21.6772
  16.5798
  13.7365
  10.1435
 0.923281
  4.94454
  5.58617
  21.1623
  28.6179
  17.9923
  18.5282
  4.33001
  21.9372
  5.04171
  57.3406
   50.097
   1.1376
 0.321831
  6.66839
  4.89836
  13.5415
  6.44422
  18.8934
  16.9538
  19.3222
 0.299687
  45.4103
  44.3421
   40.815
  11.7141
  1.92613
   9.9443
  26.7409
  30.6261
  11.3646
  19.6445
  3.51283
  15.7784
  18.7781
   15.023
  12.3917
  15.0459
  21.7037
  27.4134
  2.22499
   10.865
   18.327
  17.9819
  18.2199
  2.71078
  10.5941
  20.4951
  30.2345
  4.69525
  10.3059
  12.8201
  9.62909
  51.2616
  2.97686
  31.4584
  51.1171
  47.8881
  49.0886
  12.1692
  3.39787
  2.19124
 0.299828
  11.7358
  7.31674
  2.63157
    8.186
   11.797
  4.37119
   7.3047
  7.13764
  16.0242
  27.0301
  23.6556
  10.0207
   9.5421
  21.5503
  17.2014
  13.7679
  12.4093
  14.6657
  9.18806
  21.8846
   25.199
  17.6256
  0.55223
  4.02802
  12.4487
  9.95989
   25.219
  9.25107
  2.24038
  16.4224
  36.7601
  49.8709
  18.8913
  21.5907
   64.957
  20.1209
  25.3188
  23.2927
  15.2935
  28.4237
  19.0048
  22.5127
  22.9954
  19.1296
  40.1949
  32.1877
  24.6511
  15.4425
  8.62489
  42.3389
  0.98224
 0.463909
  22.6635
  25.5572
  51.7045
  23.6506
  51.7209
  16.2585
  9.66772
  2.65144
  4.52186
   13.641
  9.52676
  38.9594
   44.521
  9.30725
   4.1266
  9.49355
  12.4544
  12.5904
  1.06253
  8.98555
  7.90534
  1.67667
  15.7896
  19.3986
  19.7979
   14.944
  5.95951
  2.73964
  16.6768
  46.4045
  7.70955
  4.27151
  5.08074
  11.6767
  25.6528
  15.5145
  7.88789
  18.5305
  2.07051
  7.08806
  1.55531
    45.79
   43.576
  55.0482
  53.0231
  6.11842
  60.0103
  23.7382
  19.1733
  16.5287
   4.7819
  12.4486
  1.91745
  11.3923
  24.7041
  13.8616
  5.68672
  43.2758
  20.2522
  11.2471
  47.6165
  17.1118
  10.4212
  5.32679
  11.4456
  6.92715
  5.00771
  2.67207
  18.8434
  3.45703
  6.36492
  30.0461
   0.1143
  47.6131
  11.2061
  25.7341
  7.94511
  17.3199
  79.1022
  7.97597
  5.51514
  14.8282
  2.62307
  51.3321
  5.88379
  12.7291
  5.09269
  4.44634
  12.8145
 0.279097
   7.6367
  3.13472
  15.5567
  31.0677
   30.875
  31.3371
  27.7373
  6.71445
  50.9694
  43.2253
  3.68221
  2.68844
  3.88259
  49.2559
  47.1249
  4.61195
  21.3833
  7.46908
   2.8922
  5.50032
  24.8496
  10.3425
  2.18207
  8.41039
  0.86937
  10.2539
  4.06509
  8.43995
  37.4142
  5.66178
  18.4997
  22.1166
  46.2079
  12.3142
  16.3046
  7.60844
  8.09172
  3.85146
  15.0074
  52.9065
  42.1658
  29.7136
  34.4182
  1.40557
0.0640115
  7.93191
  3.74971
  10.3002
   0.2148
  10.1743
  12.9873
  9.48191
  9.69801
  7.57391
  53.1983
 0.542737
  4.94616
  1.95442
  56.1207
  2.15375
   4.6202
  31.5093
   65.857
  8.69013
  34.1027
  15.3295
  6.54857
  33.9776
  49.4125
0.0632742
  8.82953
  0.24076
  1.03772
  9.56643
  50.5166
  25.9275
  2.61189
   16.287
   62.933
  18.1996
  10.0831
  12.1927
 0.405085
  48.7673
  42.1407
  7.53427
 0.332221
  4.23014
 0.605068
  27.6384
  14.9381
  13.8457
  43.3641
  26.1992
  11.6519
  86.6511
  9.70827
  52.5002
  32.3411
  1.62638
  16.1093
  4.82919
  5.49155
  10.7246
  11.7867
  1.88798
0.0933942
  10.7229
  6.10886
  7.39711
  4.76567
  7.43259
  43.4745
 0.876252
  55.9136
  48.1478
  13.0213
  22.0864
   10.871
  11.8355
  22.6922
  48.0557
  57.3561
0.0298115
  14.6664
  44.7261
  48.9481
   5.0658
  37.9867
  15.3425
  17.4496
  4.23353
  4.42659
  18.0295
  4.89057
  4.51119
  18.3509
  39.6464
   23.982
  23.5704
  11.3524
  16.7797
  11.0049
  21.4748
  59.9553
   45.083
  8.32192
  56.6791
  43.7463
  46.9408
   3.9419
  22.0893
  6.36279
  8.26491
  1.65513
  57.3782
  69.0616
    62.03
  33.8788
  42.9165
   8.3891
  13.2893
  31.8722
  24.0647
   30.651
  9.18766
  24.5904
  21.1522
  5.87095
   1.6069
  3.14466
  1.62721
  19.2307
   7.0369
  5.06968
  1.31222
  8.47772
  4.73145
  2.86423
  26.6444
  33.7082
  5.04808
  49.8175
  58.2246
  22.5065
  15.6307
   42.408
  34.3431
  28.2922
  33.4608
    5.362
  8.80017
  42.8083
  33.7608
  11.7212
  11.9957
  7.88743
  6.61846
  58.0755
  8.06218
   8.8546
  14.9825
  11.9977
  1.05239
  9.98969
  11.3644
  55.9159
  57.1865
 0.529128
  19.9125
  5.79554
  11.1218
  9.46879
   72.762
  39.7598
  3.18017
  10.2552
  12.9807
  0.26411
  5.48785
  12.5087
  4.61499
  1.25351
  0.83209
  4.50262
  4.09407
  34.2452
  50.9261
  35.8713
  18.4743
  24.6075
  11.4717
  6.06786
  11.4701
  7.26031
  18.0372
0.0838824
  3.84402
  5.90975
  47.7152
  3.01751
  6.01692
  3.35829
  3.41412
  19.6856
  9.39277
  2.20773
  9.78011
  4.27318
  2.69653
  65.2934
  8.09514
  14.6183
  19.1392
 0.595159
  49.0642
  44.7175
  26.5332
  1.47178
 0.743437
  54.1117
  55.4487
   9.1596
  9.81297
  27.1562
  37.2232
  32.5104
  71.5561
  32.0196
  12.3621
  4.48984
  17.7197
  14.3869
  2.30774
  1.15391
  7.44424
  45.2602
   11.124
  1.64567
  6.16666
  1.54392
  2.29564
  17.6278
  35.3205
  7.93063
  6.30579
 0.189649
  8.35002
   23.943
  18.5976
  14.4708
  17.6492
  3.49371
  9.04604
  12.4754
  31.0442
   4.6488
  13.6477
  10.8463
  28.8191
  29.9069
  54.1437
  18.5864
  7.65028
  13.7552
  46.2019
   4.7518
  48.6624
  16.1217
  28.1541
  7.92285
  2.61303
  5.78316
  17.3022
  34.7171
  4.89652
  8.25728
  20.5768
  17.9202
  26.4581
  21.5061
  31.5174
  1.62577
   51.833
  4.44117
 0.964023
  10.6699
0.0827302
    11.24
  11.8711
  13.5974
  36.4018
  41.0907
  1.64467
  41.8916
    13.61
  5.54713
  12.1391
  5.88493
  9.51387
  26.0748
   42.933
  33.4607
  37.8957
  23.6204
  10.1685
  28.3467
  2.16341
  23.6406
  45.9301
  45.7596
  5.57181
  11.5028
  24.7925
  40.3038
  40.9163
  5.21713
  12.3928
   7.3044
  1.83968
  46.7913
  21.8827
   50.058
  43.4019
 0.681173
  1.13016
  9.93999
  9.52828
  30.0878
  10.4599
  10.2025
  9.84807
   30.271
  31.0515
  20.5145
  5.53684
  6.29673
   20.955
  48.2169
    6.783
  5.58435
  45.8645
  45.9057
  3.13819