     8.03
  5.28175
  6.26801
  4.98343
  4.29488
  6.01415
  24.7742
  19.0031
  7.16194
   8.0553
  3.55636
  7.25302
 0.109085
   12.039
  19.4174
 0.699769
  17.4637
  23.3098
  23.8491
  10.6791
  15.4032
  17.4083
  22.2061
  13.3649
  24.7635
  17.4682
  23.9458
  16.8959
  24.8359
  24.7125
  25.0634
  3.63643
  11.0756
   14.844
  25.3857
  8.65694
     1.08
  32.5648
  10.1433
  3.46854
  12.2791
  5.90015
 0.620469
  4.68091
  28.6166
  24.8447
   2.6119
  2.34329
 0.307027
  4.79294
  2.67566
  7.93729
   5.7889
  0.41527
  2.41558
  11.1624
  1.15012
  4.72367
  5.31155
   3.7484
   2.9335
  3.70459
  3.04766
  5.59482
 0.800042
  15.0232
  11.8282
  14.9856
  16.6466
  21.4477
  15.5402
  20.5314
  8.72309
  25.3098
  4.64343
 0.261412
  20.2311
  2.12074
   9.2954
  5.75356
  1.56264
  8.34414
  3.53771
  4.25445
 0.850447
  10.9505
  6.02684
  5.66542
  1.33257
  20.7735
  24.5883
  11.1956
  9.87197
  25.6067
  10.4425
  6.81528
  13.3767
  3.18852
  29.2142
  28.4929
  23.1272
  10.0149
   12.436
  4.43898
  3.16151
   6.2285
  11.7825
  6.55986
  6.08764
  1.92953
  2.45531
  9.25117
  2.83827
 0.603181
  1.75889
 0.548345
  6.01236
  3.79049
  22.9492
  3.93161
  3.64335
  7.24009
  12.9034
  3.98331
  22.2455
  8.44784
   21.826
  30.8541
  24.5213
  8.23284
  11.0564
  5.71858
    23.28
  12.3903
  29.0722
  2.90898
  18.8836
  1.74403
   31.367
  12.3439
  16.2291
  3.43085
  7.91923
  19.4831
  12.3668
  4.09922
  2.94768
  6.83518
  2.85763
  0.44186
  3.36471
  6.10531
  1.88402
    10.61
  20.0554
  17.4993
  4.05197
  4.87047
  10.4782
  7.54685
  11.8118
  8.63591
  17.0372
   30.306
  2.10422
  23.4332
  14.2687
  9.05867
  13.9873
  11.6737
  13.8267
   21.218
  31.2777
  8.96098
  10.4323
  8.74238
  14.8386
 0.845241
  6.34762
  1.06177
  12.2721
 0.253964
  7.55194
  6.90535
  8.05965
  5.83711
  1.04491
   1.8475
 0.694233
  18.9638
  30.5036
  19.5922
  14.6952
  17.9391
  15.6758
  3.24953
   24.857
   11.196
  9.90643
  5.29185
  4.44313
  21.2092
  6.53594
   7.4756
  3.33284
  8.73421
  6.49121
  4.91952
  8.41823
  8.35728
  11.0319
  12.6699
  12.9537
  8.69312
  25.7277
  14.5111
   5.6951
 0.087818
  8.42218
  5.22294
 0.359136
  26.4824
  8.29466
 0.122384
  9.67338
  6.39431
  2.30966
  1.00043
 0.612693
  5.81588
   6.8943
  2.15418
  1.96316
  1.16659
  8.61877
  4.41114
  8.21212
   1.7243
 0.511707
  6.95533
 0.980237
  10.0799
 0.200902
  1.63545
 0.110851
  4.47623
  3.39019
  7.31361
  6.37266
  6.69221
  1.18985
  10.2567
  9.64916
   9.9887
  19.5055
  9.36481
  5.05908
  7.31361
  7.21156
  9.18345
  8.74532
  6.48335
  8.37598
   3.8272
  7.48536
  3.17483
  5.37443
 0.983498
  1.29388
 0.986334
  9.60034
  4.18279
  17.6896
  0.46208
 0.511766
  4.00795
  6.93204
  7.49505
  2.32415
  21.7397
  4.70119
  4.24375
  3.33919
 0.951492
  19.2727
   7.6636
  2.83537
   29.011
  3.27857
 0.140316
  2.31944
  12.0982
  1.49725
  14.3414
  9.48053
   13.814
  2.59856
  15.5243
0.0489284
  8.61773
  5.43744
  6.23545
  4.98075
  4.58942
  14.2359
  17.8196
  10.5118
  2.82047
  8.45013
  37.8193
  9.48708
  28.9091
  10.0022
  10.5413
  13.8711
  2.41872
  22.1005
   1.9396
  4.88014
  4.71867
  10.7803
  4.63245
   4.3326
  5.29167
  6.61507
  3.47774
  39.1806
   2.1494
  12.2299
  3.38778
  10.5726
  3.66549
  0.23282
  2.88314
  10.9564
  32.1482
  3.85795
   28.612
  3.86672
  2.90927
  7.58138
 0.377088
  26.3618
  14.2722
  15.4967
 0.338345
  11.4973
  8.92634
  18.6444
  21.3255
   4.8297
  4.49643
  7.67849
  1.10076
  26.6827
  2.31153
  18.8471
  7.85452
  4.20054
  23.6065
  6.96717
  1.24743
  10.5172
  8.78312
  5.82299
  1.45618
  5.88701
  7.82278
  19.5113
  18.4292
  33.7817
   10.125
  5.42284
  3.70129
  11.8793
  21.2483
  10.2353
  1.44118
  3.81706
0.0963866
  5.78386
  2.98547
  13.9557
  4.71095
  11.9304
  4.81143
 0.617033
  7.90049
  14.0874
  6.99681
  2.13658
  1.79014
  34.3929
   11.533
  14.9712
    35.38
   4.9564
  2.11647
  13.6965
  11.6774
 0.903762
  3.38973
  13.0656
  3.21579
  10.1563
  1.83916
  19.3596
   2.0052
  15.3084
  9.90984
  11.4873
    10.64
  1.97291
  22.2388
  17.2724
   25.425
  15.8238
 0.258351
  10.4985
   2.0612
  2.25795
 0.283751
  5.20241
  1.97456
  20.5886
  6.20308
  3.25071
  6.44371
  1.24951
  52.6666
  17.9546
   8.6108
  1.47491
  4.33628
  12.9941
  29.0987
  6.94084
  20.3314
  17.2781
  2.25886
  13.5593
  1.86913
  9.04983
  27.2701
  2.96182
  3.05698
  45.7259
  4.10658
 0.369234
  1.86928
  2.81432
  17.0602
  1.07707
   6.2317
  3.28335
  7.11217
  26.3555
  40.6455
  6.65509
  3.99957
  3.16042
  30.2842
  31.4677
  47.5258
  2.83644
  13.8236
  5.62774
  30.0697
  8.67758
  34.2611
  13.1614
  8.04554
 0.541319
  5.82108
  1.26114
  11.2536
   1.6308
  5.83082
 0.813879
  5.51899
  3.49691
   6.8587
  1.54639
   4.6721
   4.8186
  9.97618
  7.02877
  25.2911
  6.89752
  2.43152
  4.10389
  18.9273
  1.97129
  19.0355
  15.8593
  28.6364
  28.9943
  8.21185
  2.87776
  5.44018
  1.87427
  6.02114
   2.3505
  1.04977
  7.49277
 0.403985
   4.5043
   14.699
  25.9312
  4.49978
  4.64437
   51.379
  30.1504
  24.2739
   16.648
  4.07999
   2.3961
  40.0751
  19.7509
 0.937486
    20.36
  23.2134
  2.63435
  10.9063
  5.00252
   3.2526
  4.51797
  12.3853
    20.89
  6.23512
  20.5467
  7.70714
   4.3551
  10.6596
  1.09877
   4.7814
  16.1877
   52.225
  45.1788
    24.78
  5.48611
  16.2544
  6.05491
  4.56557
  7.21712
  2.85598
  10.5266
  2.52628
  5.31989
  16.7045
  1.68026
  4.96101
 0.137711
   2.6435
  5.39748
  1.58117
  9.69434
  29.1233
  29.2492
 0.447612
 0.559369
  7.66521
  11.2397
  2.25174
  11.3769
  3.82126
  17.4437
  20.9974
  4.41724
 0.909555
  23.3936
   25.077
  7.21777
  6.11634
 0.180561
  1.52194
  7.96287
  7.22906
  1.55994
  8.37342
  11.1574
  2.11449
  25.3447
   45.126
  21.7372
  12.2232
  7.61123
   6.2115
   11.767
   7.2715
  7.46162
   26.835
  21.9146
    29.39
  6.57655
  32.1562
  17.6057
  4.09015
  20.2787
  10.2844
  5.67169
  1.39586
  11.3534
  6.71845
 0.898885
0.0115762
 0.352379
  4.58154
  12.0874
  2.32275
  14.6958
  1.32174
   16.876
   23.605
  14.5019
  6.54649
  5.21013
  7.29775
  6.93407
  7.37939
  5.05041
  5.56872
  6.22058
  3.85851
  3.77523
  23.6072
  19.4329
  9.77807
  37.4142
  45.1557
  50.3874
  37.5575
  35.0466
  1.86757
   7.0761
  1.09029
 0.249887
  19.8339
  1.35935
  14.0715
  2.74693
  7.30409
  12.5382
  8.09404
  5.84915
   22.815
  11.6144
  2.22818
  6.79439
  7.22843
  3.84985
  5.81611
  12.0743
  5.54041
  1.53109
  13.1041
  15.3709
   11.287
  24.9323
  9.42224
  18.6424
  38.8711
  7.92908
  15.0423
  49.5713
  49.6765
 0.383842
  5.13442
  7.94208
  11.0433
  48.9946
  22.2633
   40.152
  14.2105
  7.83776
  30.8527
  34.0927
  5.27531
  27.0839
  9.38593
 0.188844
  22.2628
  6.89705
  4.40646
  21.0607
  15.6254
  9.50719
  6.29596
  5.16529
  4.00051
  16.6865
  40.2162
  4.06659
   50.708
  26.6666
 0.193947
   36.116
  43.9665
  46.1902
  1.95396
  22.8633
  23.9347
  3.11054
  1.01735
  5.33872
 0.831623
  38.0478
  36.7335
  14.8459
  11.7128
  24.0202
  26.7843
  4.43983
  14.7792
  2.87032
  7.91369
  5.93988
  34.9216
  4.42878
  32.8326
  14.7881
  1.80766
  18.7632
   10.727
  6.68745
  1.94721
  6.67156
  3.41282
  2.48821
  4.96069
  17.4592
  5.12398
  6.84003
  16.7159
  30.3102
  31.6968
 0.261173
 0.855349
 0.281898
  14.7183
  32.9635
  10.5234
   16.722
  6.37223
  26.7682
  1.13604
  8.55903
  24.5091
  1.46685
  9.63431
  9.53424
  60.6923
  48.7364
  51.4847
  16.4193
  5.15161
  17.2135
  37.4865
  3.33594
  1.23364
   52.742
  49.8494
   26.374
  6.90788
  21.6257
  22.9569
  4.71617
  4.02718
  1.00844
  43.3636
  36.1202
  37.5087
   4.4205
  11.5202
  5.89671
  6.98552
  30.6235
  31.8318
  49.8623
  32.8198
  10.9251
  43.3506
  44.4682
  47.7259
  6.43436
  4.21749
  7.90049
  5.77271
  58.9494
  34.7797
0.0686188
  9.35869
  45.2172
  36.4278
  46.3651
  30.4336
  28.3187
  34.7643
  49.7121
  3.79684
  59.1657
  45.8648
  28.5356
  7.02919
  11.1921
  9.81831
  10.5496
  6.43407