 2.5559
 4.7128
7.76779
7.98486
9.26113
9.76646
11.1192
12.7506
12.9017
12.9041
12.9349
13.3793
14.1597
14.4213
14.7782
14.8484
15.0523
15.2308
15.2422
15.9019
16.5884
 17.061
17.3935
18.2702
18.4442
20.7393
21.2749
 21.286
21.4139
21.6647
21.7463
21.7632
21.7979
22.0946
22.2657
23.0175
23.0738
23.1404
24.0562
24.4683
24.4759
 24.812
24.9239
24.9889
25.3499
25.4388
25.4901
25.6305
26.4068
26.4477
26.5608
27.4514
28.2042
28.5384
28.6976
28.9113
28.9466
29.5283
 29.718
30.2742
30.2999
  30.98
31.0603
31.0627
31.4909
32.0955
32.2078
 32.508
33.3872
34.0973
34.1567
34.5399
34.7256
 35.065
36.1507
36.8322
37.1395
37.1413
37.3252
37.4539
37.9782
 38.068
38.1483
38.3556
38.4716
38.6808
39.1294
39.1803
39.1808
39.2871
39.2902
39.5788
39.9159
39.9438
39.9476
40.0131
40.5657
40.6367
  40.71
41.9309
42.1626
42.9219
43.2622
43.5998
43.7748
44.4476
44.6408
44.7989
45.0744
45.3425
45.4458
45.5546
46.3907
 46.533
46.7261
46.7702
46.9394
46.9457
47.1643
47.5882
47.7471
48.3321
 48.414
48.5555
49.0084
49.3296
49.4774
49.4964
 49.499
49.9909
50.3194
50.4257
50.5464
  51.69
52.1027
52.4764
52.7039
53.6008
53.7226
54.1066
54.8311
55.5945
56.4446
56.4657
56.8459
57.1771
58.0048
58.5118
59.2647
59.4047
59.4757
59.4815
59.6843
60.9044
61.0253
 61.075
61.2855
62.4472
62.9674
63.9806
64.7855
65.3998
66.3747
67.3042
 67.939
68.0685
68.5284
69.8212
69.9662
70.0814
70.3297
71.7092
72.0451
72.8125
 73.017
75.1457
77.0385
77.4365
77.5958
77.7611
78.1827
78.2587
79.0387
79.0922
79.1306
80.2423
 80.627
80.7358
80.9678
81.7949
82.1259
82.8514
83.6894
83.7481
83.8359
83.9443
84.2412
84.4207
84.9057
85.1362
85.4022
 85.752
85.8642
85.9082
86.2996
86.5934
86.6206
88.2702
89.3542
89.7058
89.7309
89.7514