4.88944
4.34442
 38.468
35.1854
13.5488
 50.199
55.4637
68.1966
35.0922
33.5694
49.4353
 49.911
55.8064
55.9481
70.7063
69.7055
75.6609
76.4817
50.1879
51.3879
 54.988
54.8958
69.4332
 57.163
56.1584
46.7045
46.5425
51.9477
51.2928
31.5506
17.2532
8.98242
7.60476
 60.356
58.5447
68.6335
67.9779
67.0242
68.6262
68.3212
68.0876
69.3645
69.9503
65.9196
60.9991
68.8826
63.9218
3.53939
4.25238
3.77927
7.40732
4.97658
5.43203
5.78283
 5.4913
5.06914
32.2809
6.36159
7.55076
35.8116
17.1694
 17.813
15.9127
7.37198
6.76327
36.6141
35.0509
30.3223
25.4787
70.3416
70.2057
67.2121
8.45101
6.94156
20.1101
24.9734
  5.003
3.70116
53.4708
70.7277
79.4084
68.8217
84.5827
70.5208
71.1531
65.0602
 70.043
66.6512
68.3275
52.4338
42.7321
68.3482
67.9979
 63.591
61.2424
70.9142
17.6227
16.5802
10.7771
10.9178
14.0655
20.0778
25.9885
22.5779
39.2034
37.1041
37.0451
34.5048
36.7311
51.2606
53.3773
35.5913
70.0629
71.7007
70.5768
72.7208
70.8986
74.1123
 81.258
84.9867
47.9716
47.7947
 46.879
48.0793
58.0155
69.9533
69.5943
54.2018
68.9128
53.0979
49.1827
48.4801
52.0795
57.5921
64.4074
 63.789
 56.314
53.3251
56.5712
56.6051
31.2356
28.7171
36.5883
37.7077
 27.937
25.2249
48.4698
 41.727
32.9805
49.2631
 48.374
48.1992
 49.154
49.2812
 49.345
37.1654
50.8544
 50.479
42.8421
36.6066
47.2374
31.0975
24.1241
64.0542
75.4114
56.7956
51.3698
50.5429
47.1927
50.1785
50.8867
 51.655
50.4848
57.4158
 69.692
55.6613
58.1215
 55.051
18.0814
32.8316
 34.399
25.1578
38.4944
19.1163
42.1042
10.9365
30.0423
11.4681
20.3673
 9.2808
64.3916
57.1691
16.7091
67.4459
63.2764
55.3257
57.4517
68.2622
69.2041
 64.297
68.6095
15.9636
13.7151
18.7397
54.5503
7.99944
7.77299
73.7617
67.0457
71.7674
76.4762
44.9183
4.52303
16.5728
41.9867
28.6226
42.0957
10.2415
8.19518
47.6136
40.0583
34.5686
38.0997
86.7826
58.5943
64.8133
55.0782
79.1477
74.3189
16.3169
14.2541
 70.553
64.8603
53.3243
13.8926
30.4701
49.4741
 30.073
71.6056
27.6321
14.7592
64.4054
64.9548
67.9546
49.5732
42.0216
51.9898
47.9716
37.0231
7.92556
19.8631
11.7459
68.3665
73.3646
54.4532
64.4019
85.2349
61.7811
81.9233
63.7273
16.9748
30.2914
 16.108
28.4975
8.34711
36.2643
 30.504
7.42397
6.74398
3.58998
5.84399
13.1218
11.0484
16.6784
35.8116
 64.604
67.6749
32.2693
29.5921
6.36754
19.8761
3.54171
7.43258
72.7336
64.9891
63.9205
61.3603
27.8551
 71.109
38.1231
63.0353
50.9793
67.1128
67.4349
67.7837
66.5052
48.0025
45.5664
62.1867
59.1017
55.9414
70.1213
 71.155
24.7057
 13.238
19.2139
7.56766
3.96408
25.6898
13.1343
36.7073
38.9041
36.2309
56.3155
76.6509
57.4041
 70.272
49.7982
69.8686
45.9471
43.4734
45.7658
45.3277
45.5811
47.0206
58.0124
57.1519
 68.787
46.3716
77.3748
 64.574
58.6987
57.0255
28.7241
28.3029
17.2238
50.3683
44.8282
47.6077
38.3457
45.0462
36.1992
33.1251
28.3674
29.4485
29.2352
17.6754
14.4307
53.2682
51.5518
72.4505
57.6802
71.5426
49.0237
 52.308
47.7774
47.7964
54.1861
65.5413
61.9176
72.9503
24.4869
46.7845
 22.764
35.6272
20.3912
15.3357
17.8029
27.9802
10.0113
15.6485
7.24194
16.2384
25.4506
3.32384
74.3043
72.7971
64.2573
68.3482
56.6732
67.0532
55.6986
 54.127
65.3105
60.6161
71.4062
70.9736
65.7511
 47.694
33.2254
12.8232
36.4044
21.1647
73.8036
67.4681
38.0802
15.3997
15.3115
37.9196
16.6046
6.41533
30.0124
5.71841
8.03182
8.33647
7.28357
 7.5042
30.5056
7.35845
24.0222
 67.023
26.7029
36.5816
46.2279
7.75709
39.8055
28.8029
50.1376
67.3976
8.65462
28.5212
46.3065
60.2086
31.4176
43.8412
40.9919
85.9231
17.8807
35.0509
29.6697
9.14164
9.35234
 68.629
68.1044
30.6564
37.6072
47.8532
13.1214
19.1031
17.7228
37.7413
 29.573
39.3769
6.27645
 23.673
5.52886
3.17885
 68.616
42.9954
 46.925
60.0739
57.1159
 59.527
34.2528
23.7493
48.8379
 44.546
20.5976
45.9693
48.2924
45.6257
45.1255
46.7821
54.6982
45.2881
45.9914
59.7738
29.2252
24.0549
24.9886
28.0737
39.4457
23.2443
34.1351
31.9487
49.0536
41.0367
26.4207
29.1152
30.6241
26.8152
20.4948
57.0816
64.0188
79.1532
47.3881
50.4326
 50.398
45.5578
44.1172
46.6107
83.4445
 62.647
 58.315
45.6165
36.4957
 14.197
9.90709
17.7876
 8.7075
4.07876
7.58245
6.11667
10.6201
68.3693
 72.711
62.1415
71.6842
54.0384
 87.279
64.6079
66.2582
69.1358
60.8568
71.1712
86.7885
32.5227
3.49519
 28.114
31.7293
10.2828
17.1857
24.1377
38.7503
 59.771
63.6448
6.51358
25.4345
15.3985
13.6818
6.76196
3.94878
10.7876
12.7097
8.34859
39.4511
15.3115
17.7984
70.0737
48.0652
6.13616
36.4578
52.5604
  66.43
47.6428
62.0065
63.0505
71.3321
41.0644
73.6602
45.9374
27.2063
18.0903
76.8352
 24.032
69.0584
76.6973
71.1559
51.2258
 34.205
37.8691
60.1695
14.2791
69.2034
27.1221
6.30294
7.08324
39.1724
4.11899
3.81465
71.1445
45.2314
 33.285
43.7603
 43.666
 44.627
43.1219
 66.814
46.0829
43.0791
57.9563
58.1277
29.7184
24.4317
44.7253
31.0026
37.2679
28.9753
20.4587
29.5633
27.1008
21.9357
43.3418
48.0084
45.8862
65.3744
83.3806
22.6158
11.8777
 45.001
27.6179
33.8305
1.32308
18.3734
36.4957
9.22701
5.78946
10.3996
  11.91
35.4539
15.6953
1.50922
7.34251
8.96872
4.79775
68.9149
52.5579
  45.26
 63.336
46.2845
44.2324
 72.472
40.8428
64.2137
28.6466
33.2092
39.6676
21.1117
70.6856
64.1267
6.68789
6.61639
11.3991
6.81578
9.49645
65.3882
68.6903
41.0691
47.7642
41.2279
64.6079
52.4887
48.4526
58.9569
46.1849
68.5285
64.8196
66.6145
36.3632
48.4797
80.8757
 64.941
50.1092
79.1123
1.92661
38.9815
43.2209
25.5063
 48.542
69.2245
86.0473