  4.27786
  48.7256
  13.6231
   13.169
  11.1949
  8.30674
  19.5809
   21.321
  8.87248
  21.1327
 0.603742
  22.3511
  40.1994
  38.9468
   4.9823
   6.2516
  25.4035
  29.6648
  50.7421
  52.9264
  43.5379
  41.7397
  42.7795
  61.9328
   66.397
  33.6094
  20.5096
   38.701
  38.5097
  38.3379
   38.406
  49.3522
  27.1185
   21.851
  28.7287
  23.9427
   20.229
  62.4444
  56.8648
  53.6239
  58.5921
  46.5447
  48.6489
  16.6155
  19.4654
  9.60804
 0.446678
  8.65557
  14.0563
  1.65179
  16.8126
  2.59049
  5.97637
  8.86275
  16.1748
  6.63045
  6.11182
  10.1188
   9.8961
  9.98337
  19.4359
   18.934
  15.2775
  15.5914
  32.3662
  3.90161
  15.5162
  22.1541
  5.76495
  17.2372
  12.6506
   23.132
  34.5963
  16.3124
  11.9889
  8.91456
  6.96021
  17.9983
  57.8659
  32.1429
  27.2719
  53.7678
  9.32149
   1.3698
  25.2568
  2.55793
  3.52667
  10.1078
    2.409
  19.2747
  27.4818
   4.4465
  40.4051
  38.9989
  50.5561
  47.8089
  44.2081
  52.8823
  46.5307
  20.4571
  19.4985
  31.9168
   48.972
  38.1924
  49.7923
  36.1088
  42.5026
  36.9726
  31.7589
  19.3575
   36.188
  41.8121
  38.5304
  41.9844
    51.89
   48.206
  42.0364
  43.4817
  43.6737
  10.0279
  15.0454
   25.668
  8.05677
  1.59991
  4.94243
  22.9678
  18.1125
  14.0655
  7.21563
  32.2587
  30.2651
  21.7834
  32.2945
  33.6012
  16.2516
  32.3207
  34.0545
  17.6325
  8.27882
   28.802
  13.6217
  9.71919
  35.8037
  43.7679
  41.7162
  22.9714
  31.0097
  21.0119
  23.0129
   21.128
  44.7958
  22.2519
  44.5439
  11.0924
  4.55492
  31.7993
  15.4818
  27.5257
  3.93049
  6.86712
  7.68753
  10.2473
  3.28813
  13.7936
  19.7217
  18.8977
  10.1146
  21.2526
  20.7225
  1.33902
 0.369443
  21.6537
  22.0872
  2.12597
  14.4526
  21.9185
 0.632079
 0.066672
 0.101951
  10.4986
  41.1139
  21.0748
  17.6285
  14.9265
  8.87836
  23.3483
  19.1181
  16.5917
  1.35786
  21.4498
   2.6859
  23.5963
  3.87032
  37.6241
  27.0805
  39.0382
  78.3095
  75.0936
  44.1381
  12.0635
  16.2702
  29.5465
  7.72504
   24.797
  1.42074
  58.0116
  60.7623
  50.6042
  50.8532
  15.1619
  2.56191
  35.1969
  48.6126
  48.8148
  50.1428
  39.7984
  18.3011
  22.5288
  21.8769
  15.3403
   2.6372
  7.72656
  3.88292
  6.94092
  8.85435
  3.13428
  20.7846
  12.2495
  11.0708
  5.21243
  16.6937
  18.5828
  4.25247
  5.51398
  18.2151
  9.86544
  9.82606
  37.9037
  36.7742
   12.064
  30.2622
  4.20853
  18.5666
  8.29796
  5.12049
 0.136805
  23.1176
  34.6549
  8.84797
  6.14518
  13.2114
  8.38725
  9.16607
  9.35732
  7.02419
  22.1293
  17.2178
  19.6488
  25.5161
  27.6382
  6.80065
  13.6355
  6.04836
  17.0989
  9.36211
  14.5263
  43.3023
  48.2626
  51.8289
   44.135
  21.1166
  28.3087
  28.1718
  24.0039
  22.2801
  24.5161
  29.1872
  31.7249
  24.8967
   40.905
  22.5987
  40.8269
  25.1983
   61.489
  33.6755
  51.6842
  51.1095
   49.977
  19.4186
  12.8159
  13.4319
  36.7157
  34.0926
  23.1238
  29.2353
  31.2764
  9.34123
  18.9357
  3.98811
  19.8308
  5.72851
  13.7975
  16.6592
 0.418529
  27.4853
    46.65
  39.3846
  44.3297
  51.1746
  39.9805
  37.2416
  67.4622
  25.8405
  20.0935
  35.7429
  45.5113
  27.4769
  20.4117
   39.959
  44.1964
   44.313
  51.7749
  7.12153
  27.8609
  28.7384
  12.5595
  34.7788
  24.7514
  50.1733
  50.1387
   46.572
  53.7677
  5.93036
  14.5161
  9.17813
   8.6655
  8.25896
  16.9112
  20.1091
  19.0457
  20.8554
   15.805
 0.312065
 0.675961
  23.9371
  12.1987
  6.69498
  22.3995
  1.26147
  38.1435
  18.9132
  36.0489
  18.4404
  13.5365
  17.7945
  21.6483
   18.052
  27.7431
  39.6077
  6.86835
  17.4555
  3.45919
  43.4026
  16.4708
 0.559674
  1.76468
  24.3069
  11.8428
  20.9912
  40.3379
  10.7031
  28.8644
  1.41069
  55.2766
  76.4413
  12.9574
  35.3459
  17.5481
  41.5051
  43.4016
  28.6607
  16.7889
  15.2966
  17.8848
  7.73778
  4.21539
  6.43845
  11.6743
  11.0449
  8.98947
  1.33675
  23.9303
  28.7393
  4.42448
  6.53498
  32.1423
  27.4938
  32.8649
  21.4612
  25.4436
  26.0538
  27.1072
  21.4733
  49.3178
  47.6048
  48.3792
  30.7631
  20.2046
  22.3472
  20.4569
  52.5579
  42.4191
  18.4326
  3.30861
  5.31572
  17.7564
  17.6319
  9.59147
   15.537
  2.32704
   33.662
  34.1964
  2.40735
  1.62847
  2.16449
  14.0224
  4.06494
  8.73645
  49.1029
  48.9599
  58.8573
  24.0517
  36.0426
  40.0786
  31.4593
  24.0381
  33.1422
  50.7221
  43.1833
  45.2483
  50.7047
  14.8626
   27.829
  25.1227
  3.82924
  21.8337
  35.6258
  13.5676
  7.24858
  9.70433
  3.57121
  14.2218
  2.15056
  3.30092
  15.2468
  38.2245
  10.6532
  8.06191
  11.8301
  16.9109
0.0509628
  6.17943
   4.5891
  9.24257
  20.8706
  39.1934
  22.7782
  19.4343
  20.5109
  18.2595
  4.69675
  21.1821
  4.51293
  22.4171
  12.9914
   29.589
  21.4761
  13.3018
  18.6983
  23.2424
  3.75913
  26.4579
  48.3335
  42.7974
  61.5344
  30.0354
  46.4372
  3.02131
  34.8831
  40.3679
  3.11538
  7.16239
  21.8439
  42.2911
  4.30293
  2.77751
   5.3842
  2.25851
 0.213115
  7.05531
  19.6825
  28.7159
  23.1846
  28.0138
   17.652
  43.1426
  38.3062
  46.3389
  45.9512
  47.3661
  1.93691
  9.14564
  28.0248
  8.09681
  30.2022
  14.8758
  4.47487
  8.74795
  8.49489
  5.97517
  44.5667
  20.2642
  21.9525
  22.6541
  48.8514
  39.9473
  43.7489
  43.2174
  28.0864
  30.2897
  27.9619
  29.5013
  2.51434
  11.6913
  11.5892
  20.7347
  26.8979
  48.7372
  25.2225
  28.0175
  5.43199
  17.7965
  10.2019
  10.2424
  9.57732
 0.261939
  11.0085
  3.08996
  12.6609
  16.4414
  21.7477
  13.4934
  18.1051
  15.1792
  8.62106
  10.5664
  19.5148
  34.8874
  1.15745
  25.6158
  2.59352
  3.57104
  4.37909
  23.9336
  25.1231
  55.0245
  21.5946
  66.6784
  41.4208
    41.53
  68.2018
  13.8159
  12.2851
  25.8162
  15.6491
  32.6997
 0.226838
 0.822106
  4.31703
  17.5042
 0.797418
  37.5764
  45.8774
  36.4522
  14.8982
  1.96334
   13.859
  8.27651
  11.6936
  52.3725
  25.6216
  47.7103
  15.9373
  13.3892
   20.482
  4.12578
  43.3265
  53.5943
  3.41407
  11.6596
  59.4034
  23.8793
  52.9059
  24.7001
  48.4592
  3.32728
  62.4538
   62.028
  48.0319
  70.9667
  15.4986
  2.21687
  10.1437
  12.6688
  9.68359
  39.6732
  15.8823
  12.8904
  39.9905
  15.1169
  11.0303
  18.3725
   4.0984
  35.7715
  6.69679
   2.5745
  1.74543
 0.285283
   1.3024
   20.269
  2.18024
  44.0232
  52.3032
  33.9457
  63.4373
  13.4799
 0.735842
  33.7632
  54.3692
  4.33225
   37.234
  51.5243
   35.998
  28.1561
  21.5156
   75.192
  19.0421
  3.16855
  2.29162
  24.4469
 0.685174
  41.0555
  18.0144
  2.90829
  29.0284
   10.747
  51.2536
  33.5583
  44.5232
  40.8413
  4.63111
  16.3509
  10.8931
  52.3264
  53.4238
  11.6311
  15.3248
  4.70085
  18.7766
  17.7739
  5.92223
  3.49022
  16.4924
  25.5835
  3.50538
  7.34947
   56.497
   61.004
  2.38066
  2.64582
  7.95382
  32.1169
  43.1329
  66.7529
  27.5972
   6.2025
  15.9186
  17.7845
  20.3228
  36.0535
  22.3465
  53.0456
  51.8762
  2.88247
  40.9664
  5.65629
  2.04093
  29.5801
  41.6464
  17.5933
  8.41669
  17.1207
  6.04957
  59.0592
  32.5733
  11.9789
   14.939
  57.0412
  41.6266
   54.138
  54.8665
  56.3617
  18.2438
  69.2901
  4.90605
   4.5626
  21.8304
  37.1993
  51.6273
  18.5789
  14.1035
  5.08364
   44.534
  7.85743
 0.839399
   36.026
  18.9213
  9.46453
 0.264924
  18.4279
  21.9692
  9.25867
  56.2809
  15.0836
  44.1988
  8.57679
  49.3524
 0.432538
  9.16607
  16.3138
   3.9349
     7.76
  42.5803
  31.6889
  50.4223
  12.9991
  65.9251
  37.7517
   52.984
  37.1394
  18.7506
  71.7595
  77.6575
     51.7
   38.138
  46.9467
  45.1206
  1.66251
  52.9775
  44.8066
  42.0515
  30.4338
  24.9996
  5.57401
  70.8284
  24.8192
  7.80703
  47.8995
  59.7425
  7.35532
  26.0629
  11.5766
  23.3925
  24.6928
  10.1235
 0.269877
  8.33061
  9.37361
  30.6312
  6.35452
  15.0979
   2.2462
  15.7697
  21.8987
  18.1941
  52.5162
  53.9774
  54.9762
    52.05
  49.3061
  49.8609
  20.9979
  23.3504
  3.81227
   14.241
  32.6351
  24.1238
  30.3011
  31.4394
  48.5671
  45.2111
  11.5356
  46.6822
  6.28085
  19.7218
  10.7365
  6.89179
  18.3684
   30.681
  31.6236
  13.8543
  48.8335
   17.275
  4.07261
  12.0061
  10.7713
  13.5723
  7.86358
  48.5948
  23.3037
  4.79511
  24.0995
  12.3792
  11.1446
  6.10381
  13.0417
  10.0798
  4.65741
  1.56495
  57.5256
  65.1178
   19.925
  35.8615
  12.4292
  60.8174
  58.5404
  46.9932
  53.8357
  26.6923
  2.46178
  2.45084
  22.9839
  3.16535
  9.97418
  42.0301
  14.7016
  2.29087
  13.2494
  64.6305
  60.3091
  50.3847
  34.9542
   38.249
  24.3802
  22.6866
  30.2138
  24.8808
  16.9987
  47.1112
  49.5126
   54.544
  8.91603
  61.4684
  14.5458
  57.0352
  19.7279
  5.68764
  15.0324
  49.3714
  39.1655
  38.9716
  62.4193
   78.048
  16.7556
  53.1555
   3.5904
  51.4109
  6.70166
  75.9601
  45.6847
    79.48
  50.6673
   61.998
  60.5831
  45.9386
  23.9256
  5.27991
  44.1139
   45.144
  70.4339
  62.5351
  61.9368
  50.1153
  39.0546
  37.9647
  42.5561
  19.4488
  8.55399
  42.1349
  42.2024
  9.65288
  71.7727
  48.8379
  61.1299
  63.3614
   46.615
  12.5972
  2.38165
  49.4372
  79.4983
  51.5241
  78.0714
  67.3107
  18.3449
  45.8974
  51.2992
  71.1748
  15.9603
  63.8921
  33.8505
  53.1354
  48.0661
  43.2156
  7.69533
    63.01
  51.9031
  38.1168
  49.7661
   22.092
   13.338
  15.9954
  53.4367
  22.4797
  52.4979
  48.2864
  7.39628
  22.3174
  3.59794
  60.2854
  4.16897
  45.7685
  69.9306
  60.0575
  25.2348
  63.2371
  7.51996
  23.6413
  42.5363
  5.94607
  59.1119
  5.69781
  19.3389
   17.923
  28.5119
  53.5202
  11.0555
 0.435168
  44.9268
  74.8598
  53.3815
  82.4199
  51.3154
  79.7357
  68.4461
  44.3501
  70.6768
  24.7893
  44.3649
  73.0227
  1.33275
  57.9473
  41.4831
  43.2171
  1.08306
  66.6006
  2.66265
  26.2698
  48.0607
   50.326
  72.2808
  43.0607
  45.4371
   75.795
  48.4739
  71.6958
  69.5332
  52.0353
  3.35756
  48.4071
    77.71
  43.3731
  63.3244
  75.3686
   17.651
  76.4689
  51.1916
  76.6448
  6.09997
   64.182
  25.2574
   21.557
  37.7274
  18.2573
   43.091
  6.20585
  73.7098
  45.2422
  15.6253
  77.4088
  71.8514
  38.5049
  70.4387
  14.4283
  35.0963
  8.19992
  31.4006
  8.35696
  54.2501
  29.7908
  6.04094
  11.2406
  19.6855
  73.9008
  38.4035
  6.47663
  26.4306
  16.3623
  76.6088
  78.8854
  77.0567
  45.4037
   52.077
  21.9176
  63.5433
  50.5215
  62.0643
  55.5872
  19.5375
  32.1859
 0.317291
  12.0587
  8.57123
  4.69458
  71.0763
  77.8353
 0.518903
  78.2098
  51.6524
  28.1848
  26.3672
    42.85
  42.1791
  1.82567
  76.3048
  52.7167
  75.3119
  32.2676
  77.0641
  14.2555
  11.7422
  8.42637
  66.0598
  51.7188
  31.6188
  7.72136
  27.8649
  24.5081
 0.704044
  74.3617
  71.1145
  67.1428
  79.7718
  9.21614
  18.5467
   76.995
  1.01691
  8.95305
  13.3699
  34.3785
    40.17
  0.51598
 0.303119
  56.5342
  46.4541
  56.4629
  68.6923
  3.73146
  1.31967
  13.3069
  16.6586
  63.0919
   8.0465
   8.3033
   41.616
  40.2534
  3.03745
  55.4474
  9.00465
  72.2867
  77.9085
  5.36177
 0.579121
 0.119729
  70.0409
  79.8205
  74.6618
  48.2363
  4.24243
  20.4791
  65.1624
  66.7762
  27.0734
  71.3718
  9.91251
  7.02087
  14.3701
  64.6963
  77.2638
  37.1781
  6.72529
  8.68011
  48.1752
  62.6377
  37.1051
  70.1137
  22.2228
  38.5221
   78.518
  32.4591
  19.2091
  64.0472
  79.8834
  81.8431
  79.9299