  7.92496
  67.6198
  46.7666
  15.1068
  34.3173
  50.5936
  77.2917
  40.3842
  54.3915
  40.3929
  42.7372
   53.637
   38.927
  62.5971
  47.8523
  57.0172
  13.7133
  32.4774
  23.2423
   35.809
  21.3978
  30.3363
  20.4659
  9.50948
  64.9062
  20.8484
  32.5289
  39.8899
  61.6677
  65.6058
  67.4695
  54.5894
  10.6964
  13.9891
  12.7942
  1.47267
  60.4811
   35.536
  55.0984
  14.8076
  21.9264
  56.4334
  55.5546
  36.8758
  22.7352
  32.7563
   31.167
  35.0052
  41.7086
  41.8164
  40.3029
  34.3672
   10.448
  31.3423
  37.8788
  12.4967
  51.5005
   6.5481
  1.30026
  10.3713
  64.8702
  67.0923
   5.0848
  20.3077
 0.957239
  21.0195
  18.5647
  43.2129
  53.9564
  54.2584
  24.2288
  25.2135
  32.3054
  43.1804
  5.95291
  33.0944
  16.5119
  11.9321
  41.0938
  18.3638
  0.20344
  26.9902
  10.7636
  10.5477
  11.7651
  7.67679
  35.7219
  31.5701
  5.08786
  9.38007
  65.7621
  47.5804
  34.2072
  60.5868
  55.5982
  59.0261
  49.0784
  9.16125
  9.92129
  10.5141
  2.55267
  33.0443
  15.1151
  10.8793
  8.36101
  21.3361
  12.0058
  28.3838
  41.6282
   21.558
  7.76626
  5.83359
  21.8973
  32.0316
  16.6487
   18.255
  1.42297
  1.96415
  13.2145
  24.6802
 0.136426
0.0348695
  70.9605
  7.51812
  17.8556
  26.7735
 0.682045
  14.4602
  43.4885
  36.4289
  7.51425
  10.9618
   63.216
  32.7912
  43.4088
  16.0122
  28.5032
  31.9953
  48.3064
  19.2944
  28.8328
  32.0826
  47.7805
  42.1879
  18.7245
    10.74
  10.6884
   48.124
  4.30354
  17.6937
  27.9789
  30.2783
   49.084
  37.7872
   36.492
  29.4655
  2.25972
  26.8629
  13.0968
  24.0161
  8.66006
  47.2274
  39.4545
   25.491
  3.21792
  5.27845
  38.6417
  18.6618
  3.68972
  5.18955
  63.3815
  11.4007
  4.51539
  40.4228
  32.4483
  22.7009
  31.6851
  7.95493
  5.14819
  30.4948
  51.5492
   31.673
  33.8076
  9.62605
  16.9821
  33.6942
  25.1543
  11.3683
 0.289187
  8.41026
  58.8771
   22.036
  20.1995
  13.2936
  28.5311
  3.74661
  1.75267
  2.64852
  21.2481
  54.6371
  49.7135
  32.7363
  9.13962
  49.5759
  14.1877
  5.54633
  13.9371
  2.37259
  3.22741
  40.6695
  8.96944
  31.4476
  13.2912
  46.8596
  32.1384
   6.7563
  31.5403
  15.1299
  33.6741
  32.9042
  52.6119
  20.6108
  32.5483
  1.74107
  5.30507
  39.5209
  8.79807
  4.23781
  3.46785
  25.3049
0.0132068
  22.3097
  23.2843
  33.4329
  10.7097
  4.35511
  6.04746
  10.2711
  12.6121
  33.0943
  5.53981
  19.1782
  3.35189
  50.1556
  54.1467
  13.2273
  53.0958
  67.0276
 0.662188
  19.8285
 0.859285
  1.38538
  26.9442
 0.366008
  9.42126
  1.35658
   12.557
  10.0911
  11.1326
    29.06
  14.7902
  5.60547
  7.96791
  42.4376
  1.42852
  3.29266
  15.5608
  8.27036
  54.0197
  53.3512
   38.013
  25.9718
0.0101444
  10.7636
  11.4121
  2.34209
  6.37035
  2.29314
  38.7294
  13.2994
  33.6165
  15.1686
  3.93166
  67.4645
   1.0064
  2.88471
  34.0579
  72.7564
  4.97784
  39.1058
  80.4818
  28.6844
  36.1345
  57.4067
  2.70786
  63.6693
  11.0847
0.0539816
  17.7944
  62.9162
  29.9492
   2.8458
  30.1161
  59.0561
  12.0717
  4.16576
  3.26668
  3.22551
  48.1976
  28.4191
  51.2083
  19.4369
  1.46783
  17.9626
  39.5989
  5.40613
  2.55089
  32.9076
  24.5499
  19.5615
  7.61766
  70.2457
  38.5039
  1.05054
  19.8398
  3.91734
  3.60608
  5.99266
  0.39424
  2.52875
  33.8026
  5.59495
  4.52573
  10.2115
  5.71505
  40.9977
  1.59752
  66.3186
  56.3271
  5.53819
  9.55104
  14.5396
  16.2078
  35.9783
  57.9588
  44.7576
  2.37307
  3.11298
  57.7021
  63.6484
  26.6875
  41.3742
  18.0654
   16.284
  2.12939
 0.678776
  31.9741
  3.81074
  9.21239
   1.3649
  13.6709
  21.7011
  5.85094
  9.57395
  1.90248
   6.5234
  32.6177
  18.4024
 0.441282
  6.49467
  19.5677
  4.19735
  18.0595
  26.7869
  48.9274
  32.8138
  25.1242
    9.497
  35.9889
  14.9663
   5.0006
  38.4184
  21.6275
  4.15226
  12.5178
   57.783
  48.4276
  17.8999
  57.9592
  46.3735
  49.1547
  21.6073
  9.01436
  11.2671
  63.7113
  65.6756
  25.7146
   36.729
  18.4362
  31.8468
  39.0258
  25.2789
  35.5415
  7.63847
  7.61766
  9.78821
     12.7
  12.1256
  28.8752
  27.9034
 0.473551
  8.34166
  9.92622
  6.19344
   3.8956
 0.908891
   33.918
  21.4742
  28.0097
  39.7217
  4.16436
  13.6903
   28.662
  54.7953
   24.201
   38.246
  21.2687
 0.862563
  48.9351
  38.2028
  27.9423
   28.877
  1.61788
  72.5981
   3.2448
0.0591898
  10.8411
  11.2809
  11.4834
  28.1976
  6.28429
  19.0364
  59.7466
  58.9902
  33.2601
  14.7834
   20.211
  11.5887
  26.3721
  32.4359
 0.152544
  4.24998
  7.79403
  8.43092
  15.9078
  42.4712
  30.9238
  33.6993
  27.5299
  13.6216
  3.30031
  8.34497
  9.91229
   17.884
  10.0607
  3.66701
  11.4308
  39.6399
  17.5724
  1.05701
 0.448319
  14.8121
  26.6852
  2.63766
  4.77581
  13.6113
0.0685758
  46.2564
  8.27894
  69.9244
  54.4224
   8.6277
  5.04945
  3.67991
   1.8991
  14.4184
  3.54698
  28.5188
  17.6728
  48.0346
  16.2189
  67.3761
  67.5275
  20.4796
  25.5896
  12.5293
  20.1547
     39.7
  1.24304
  9.71436
  5.97819
  7.26222
  16.0332
  8.26902
  21.5339
  10.8146
  46.9141
  22.3521
  29.1959
  23.1366
  15.8475
 0.906978
  7.19796
  6.68033
  1.26028
  20.2138
    4.742
  39.4759
  11.7228
 0.811986
  26.3213
  19.8158
  20.7866
  40.6129
  71.3327
  22.2743
  1.82075
  9.74617
  6.07049
  35.9988
  15.2961
  9.00708
  18.5426
   21.377
  4.40038
  4.25844
   20.372
  46.0433
  38.9934
  5.69859
  16.2778
  5.50653
  5.48709
  3.88937
   28.899
  4.19903
  44.3075
   40.353
  15.6301
  37.4439
  39.8261
   5.7098
  54.7004
  17.5305
  65.6675
  11.2693
  15.5778
  32.9417
  24.9532
  3.14018
  23.6204
  5.36955
  4.57509
  2.74767
  9.29281
  24.3143
  30.1543
  23.0566
  44.2668
  22.0012
  65.2169
  43.3297
  32.1641
  10.3024
  28.1775
  28.6149
  25.7108
  23.1035
  17.8556
  8.13997
  20.7895
  66.0233
  27.5012
  25.6664
  21.8773
   12.383
  28.7991
  48.2172
  53.4248
  49.8328
  16.4352
  1.91037
 0.263659
  59.9136
  5.97041
  4.52161
  9.09543
  3.91282
  3.86005
  11.1503
  14.0906
  54.6164
  24.9511
  21.4286
   20.463
  22.6542
  17.0431
 0.725759
  10.9149
  4.01361
  10.3955
  8.62393
  7.88279
  14.3988
  12.8954
  11.1162
   22.712
  48.9738
 0.677618
  3.84509
  15.2822
  26.3976
  21.6166
  10.2215
  26.6908
  27.0109
 0.451945
  12.3497
  1.80411
  3.63888
  6.84255
  42.0906
  8.88426
  16.7465
  6.34429
  5.19435
  2.18122
  32.1402
  6.22048
  7.84557
  6.49507
   5.5452
  2.21414
  1.91037
  3.04252
  12.8478
 0.226742
  9.71436
  11.6462
  23.3678
   8.0044
  2.12163
  7.31731