4.32558
4.97658
 5.6649
8.76469
10.7568
11.8366
12.4795
12.7987
13.8101
14.3321
14.4706
15.2271
15.2933
15.4184
15.5399
16.5845
16.7773
17.0293
17.2275
17.8068
18.2785
 18.495
19.4945
19.9335
19.9713
20.1071
20.1596
21.2575
21.7816
  21.82
22.5457
23.7863
23.9266
24.1558
24.7801
24.9842
25.5766
25.7006
25.7357
26.2276
 26.486
26.6968
 27.343
27.5316
27.9823
  28.78
28.8309
29.0546
29.0563
29.0987
29.1939
29.4084
30.1696
30.2435
30.9431
31.0509
31.0731
31.1854
31.2101
31.4376
31.6376
31.8187
31.9681
32.2484
32.6081
33.1365
33.2562
35.0629
35.7607
36.3616
36.7256
36.7511
36.9123
37.0153
37.0444
37.1986
37.6253
37.6355
37.6979
38.0763
 38.619
38.7771
38.7872
39.0339
39.4041
39.6697
39.8481
39.9851
40.0767
40.1245
40.4286
40.4872
41.4037
41.4607
41.8297
41.8532
42.2967
42.4755
 42.519
 43.632
43.8427
44.2355
44.3838
44.5075
44.5292
44.8106
44.9121
45.3328
 45.729
46.1505
46.2133
46.2148
46.2301
46.6035
46.6166
46.8787
47.5669
 47.784
48.3836
48.6602
49.3353
49.4505
 49.461
49.5128
  49.66
50.3536
 50.386
50.6126
50.6801
51.2188
51.6643
51.9397
52.0483
52.5972
52.6685
52.8426
53.4636
53.9743
54.4119
54.5763
54.7469
54.7922
54.9534
54.9634
55.2569
55.2821
 55.299
55.7704
56.2839
56.3158
56.4367
56.5002
56.6389
56.8266
56.9805
 57.064
57.7981
57.8085
57.8132
58.4577
58.6163
59.0738
59.2687
59.6774
59.7586
59.7595
60.1905
60.2241
60.2921
60.3786
60.4109
61.0112
61.3773
61.4262
 61.573
61.6972
61.9892
62.0316
62.0604
62.1288
62.1328
 62.979
64.3191
64.9618
 64.973
65.2482
65.3044
65.5983
 65.708
66.2707
66.4615
66.8918
67.1283
67.3838
67.7183
68.1218
68.7131
69.5168
 69.818
70.1207
70.3868
70.5847
70.7483
 70.816
  71.14
72.3007
72.4369
72.6632
73.2257
73.4361
73.8376
73.8936
74.6499
74.7858
75.4548
75.4663
75.5177
75.5269
76.3156
 76.579
76.8407
76.8988
78.2493
78.3328
 78.514
78.5688
78.6846
79.3963
80.7736
80.9195
80.9749
81.1618
81.2998
81.3264
 81.467
81.4749
81.5762
 82.551
83.2672
83.3047
83.5344
83.8739
84.3923
85.0055
85.4563
85.6206
85.6974
 86.397
86.6576
87.4364
87.6867
87.9333
 88.392
88.5628
 88.944
89.7615
 89.828