11.2422
 20.782
 33.438
39.1855
42.4877
25.8927
22.9414
38.9003
45.0493
37.6195
 35.725
31.2632
34.1036
42.4641
51.3103
45.9193
45.2669
41.9954
43.8724
  32.75
33.1246
32.8003
34.1518
49.8009
23.0109
23.0162
30.5539
36.8585
21.8371
31.7518
28.9845
37.0732
81.7485
82.0173
30.5964
43.5961
30.3742
 15.752
12.5935
21.9864
15.0668
 25.256
34.9472
33.2663
46.3289
45.6799
46.6566
41.9528
11.9458
42.3057
23.2051
21.0541
22.9454
54.7986
28.1832
 27.798
27.5209
53.4655
49.4073
34.4517
34.6445
 34.405
49.3494
34.6081
32.1315
42.1741
49.1645
35.5134
34.4487
29.6075
24.7838
28.9937
29.4074
39.6189
36.1113
32.6085
39.1072
38.7784
46.6435
44.8149
44.8503
40.5604
41.3803
40.7493
52.1451
44.7405
45.7819
50.7463
55.8265
50.7932
44.0407
41.0395
41.1238
52.6197
30.6479
53.8126
33.1276
33.1994
27.1692
31.7145
30.5625
43.1977
41.8505
54.9081
37.6189
24.2605
 53.029
47.8561
60.0704
48.3251
46.9207
44.1371
41.3106
34.8303
80.9656
54.9984
23.4594
48.0242
20.4719
27.6614
24.3324
29.9991
15.9557
45.7127
87.3783
88.5386
85.2396
88.3039
34.4711
31.2157
35.2044
49.0701
53.0924
67.4059
 64.964
39.6208
26.0115
61.1979
33.5581
29.4922
44.5844
49.2435
50.2509
44.4682
53.4723
42.0282
33.6935
19.5284
75.0229
 28.264
45.6801
27.8733
26.2565
 21.259
62.8366
70.1625
21.2938
32.2449
29.6783
26.9416
24.0465
 25.257
25.1218
74.9905
20.4852
52.4613
38.4041
75.1451
52.8751
47.8659
 32.307
22.5079
40.1099
39.8673
39.3806
35.0601
20.4698
53.7334
48.0839
36.2104
35.3878
33.8919
33.1179
43.0389
45.4362
43.9095
42.9878
 46.667
44.8018
41.7793
47.7551
32.6099
33.6438
28.4536
27.6936
29.1646
45.1971
50.0037
36.0948
 37.679
19.6673
26.3444
40.7759
 42.441
46.0849
40.3651
64.3636
59.9394
46.2877
51.4669
38.2939
19.0271
26.0302
27.2417
19.9997
 38.896
44.3023
34.3341
35.2649
33.3387
30.9022
51.7486
41.5562
51.5597
42.8258
58.1473
49.1646
48.4828
44.5867
42.1945
42.1881
57.3508
71.3413
45.8874
12.5378
45.6799
28.9257
28.6458
50.2882
47.9569
50.6097
52.2494
71.2121
45.8763
59.0631
 64.985
88.3041
26.8664
 75.916
52.1446
83.9445
50.7691
31.2632
35.8499
56.9136
27.1372
40.9297
44.8149
50.6205
60.4317
44.3688
52.0471
50.9368
57.6625
43.9764
40.1643
42.5907
 84.128
10.7484
22.9332
18.6614
56.7344
61.8496
 43.355
68.0652
58.0103
55.4505
49.4557
36.2031
16.0666
46.8994
38.2536
32.5024
29.5692
28.1561
52.7422
60.4539
19.4487
24.0088
44.8636
49.1994
64.1953
44.3869
46.6393
43.4944
43.3562
77.3975
48.0151
 59.939
59.7971
59.2685
46.9597
45.8599
18.6381
26.0302
25.0285
47.5391
37.3144
26.0355
31.0399
45.1971
48.4662
45.6456
43.3205
34.7137
53.2588
40.8246
30.4425
49.8713
28.2416
58.1266
45.8642
69.4923
30.2431
53.6067
29.1757
34.0005
28.3834
26.9283
 29.425
51.6267
64.0299
43.9309
77.9898
66.6385
88.5664
72.4764
20.4907
20.9313
67.0389
 43.772
75.8561
59.8939
39.2161
62.5459
53.1882
42.5793
35.2407
39.4952
28.7953
37.6694
27.1219
56.6307
87.5127
50.1983
28.0408
71.5732
65.5892
28.5437
27.9198
34.8659
21.5997
27.7035
53.2375
31.7067
 23.955
38.2413
21.5827
57.7129
45.6732
40.0248
52.4239
47.4459
43.9764
41.3337
44.6911
 41.658
27.3762
25.5227
39.8072
50.1912
52.0966
40.0159
51.6478
51.7274
29.7228
67.4291
49.8869
41.0819
28.9906
48.5467
34.1051
71.9579
89.8809
 62.629
72.3286
52.8665
29.3481
27.3288
31.0984
47.2857
77.2447
42.0051
70.8843
50.3784
32.2439
19.1564
66.4223
64.2417
37.9935
47.3747
66.6774
60.0669
33.8037
24.7273
34.7165
32.7423
31.6381
33.9537
15.9914
26.1927
26.2448
64.8648
51.7697
36.5871