   50.409
  59.7565
  59.4165
  61.9222
  60.8363
  63.7117
  59.6212
  48.9087
  44.6678
  45.0579
  50.8297
  62.8426
  52.5244
  52.8641
  48.7266
  57.5235
  59.8255
  46.7556
   46.847
  55.2547
  64.5902
  64.4497
   63.452
  48.2148
  50.7944
  22.4723
  21.6684
  23.5062
  23.0317
  51.1654
  46.7677
  60.9517
  63.6021
   63.458
  38.3878
  43.4239
  46.0859
  63.8559
  21.8447
  25.0434
  25.7653
  23.5822
  28.4839
  51.1545
  44.8263
  63.2429
    63.27
  62.7773
  59.5023
  46.1331
  46.5891
  49.3782
  65.7455
  46.9347
  55.0666
   59.811
  53.2131
  52.9868
  61.7296
   55.956
  50.8999
  50.0703
   35.223
  46.0311
  50.3151
  43.9554
  53.4642
  58.4031
  55.5559
   51.022
  55.3632
  61.6434
  59.2133
  48.3242
  63.5749
  48.2916
  44.7449
  55.4273
  61.2804
  60.1557
  51.4847
  60.3304
  53.5554
  47.3786
  51.5076
  57.7607
  56.2821
  31.3184
  45.6954
  59.2514
  25.4722
    24.32
  27.4991
  26.2893
  55.9228
  59.2079
  51.4805
  41.6687
  56.3286
  44.9344
  51.5493
  48.2561
  40.5458
  57.0848
  55.7328
  29.6812
   28.699
  44.4348
  41.4653
   61.064
  61.1922
   54.759
  65.3322
  65.3578
  65.0763
  55.3066
  60.3421
  51.2928
  56.7184
  50.1933
  50.8262
  59.4058
  68.7168
  40.4643
  49.8385
  41.4024
  51.3397
  41.0392
   64.937
  51.7018
  63.0697
   61.352
  50.8891
  46.9881
  30.6931
  37.7478
  49.3793
  45.9456
  65.7129
  51.0442
  40.6466
  61.3293
  63.5926
  65.1846
  46.7124
  47.4146
   55.941
  44.3283
  61.6134
  56.3678
  41.2959
  55.1175
  50.2817
  47.3836
  37.9914
  49.3498
  55.5258
  44.5437
  58.0412
  64.0724
  24.8285
  26.6921
  48.2506
  65.3194
  47.6701
   64.628
  61.9843
  54.1172
  55.2423
  49.4902
   56.057
  59.6073
  65.2789
  52.7486
  49.1728
  56.3967
  43.8638
   43.733
  61.5572
  58.2364
  52.7404
  49.3661
  44.4719
  60.8213
   61.647
   56.011
  41.5563
  68.1122
   54.434
  58.0997
  61.6744
  57.8354
  55.9982
    46.53
  25.6624
  42.8404
  48.6494
  47.1203
  56.7048
  54.4946
  50.9189
  46.8187
  45.3396
  54.8744
  56.1705
  25.3935
  21.7636
  43.9649
  56.3578
  53.8867
  52.9144
   37.085
  47.6191
  66.1735
  41.5454
  46.9861
  51.9094
  52.1082
  58.1547
  52.7784
  51.6108
  48.8723
  50.2005
   41.167
  38.8346
    57.27
  45.6575
  35.1396
  43.2703
  59.2095
   61.173
  41.7633
   64.149
  60.5137
  26.7817
  66.1311
  46.4742
  24.7593
   58.239
  53.6453
  41.4346
  49.8613
  48.7993
  41.6062
   43.576
  50.6629
   45.995
  48.2738
  25.7718
  36.1672
  35.8606
  46.7983
  30.9631
  35.6042
  33.9456
  46.2097
  27.7643
  39.1657
  48.7853
  41.8617
  47.6246
  39.3295
  32.6946
  50.3683
  47.4205
  40.5929
  44.9946
  40.1991
  44.9426
  47.6582
  30.7127
   41.606
  51.0452
  38.0547
  45.5983
  33.2483
  40.8426
  49.3633
   48.713
  44.6872
  64.2382
  32.4372
    50.05
  49.3427
  45.5522
  41.7177
  41.0291
  43.9374
  37.1235
  35.2914
  41.0824
  39.8933
  45.7128
  41.7473
  43.3964
  36.6452
  37.9748
  34.7426
  33.5843
  40.2419
  40.9857
   46.144
  23.8465
  56.9223
  48.0024
  51.0669
  39.3572
  64.8627
  45.3583
  26.1819
  37.7511
  47.1896
  58.9647
  50.8915
  51.4816
  40.2675
  40.3126
  7.27595
  53.1218
  49.9009
  50.2445
  33.8866
  35.6003
  45.5001
  22.6021
  23.6857
  27.0054
  29.0527
     33.6
  50.1503
  45.8354
   47.044
  28.9812
  33.4738
  34.3247
  20.6027
  44.0898
  36.1754
  39.5474
  49.9009
  36.0342
  40.0323
  38.6367
  23.9248
  38.0896
  30.2346
  28.3003
  52.8169
  27.1154
  35.1906
  48.6891
  45.5982
  43.0006
  19.2541
  34.1574
  47.5799
  28.4155
  24.5254
  47.8946
  37.8259
  47.6823
  38.5003
  38.7716
   43.955
  25.0841
  21.4987
  41.3398
  41.9643
  37.9125
  33.7882
  34.0444
  36.6908
  41.8181
  45.8143
  39.0094
  32.6259
  31.7654
  57.7395
  38.7547
  46.8713
  42.0119
  32.8321
  49.1967
  41.3144
  50.8385
  39.9785
  34.8391
  49.5349
  16.0604
  52.3843
  35.8516
  44.0826
  44.3276
  40.7835
  41.6049
  49.7502
  30.7271
  35.6868
  32.2522
  44.9943
  37.5529
  33.2723
  37.6243
  40.6069
  45.8007
  45.0459
  48.3074
  29.9917
  36.6907
  35.3215
  21.3593
  36.4383
  38.0109
   39.592
  46.7312
  20.8396
  16.1778
  42.8162
   34.417
  33.4142
  35.2442
  24.9668
  19.2851
  32.4192
  42.6559
  47.2959
  31.1291
   31.222
  52.7673
  28.7004
  43.4522
  36.1976
  51.1552
  40.5145
  36.0119
  61.5844
  19.5241
   18.242
  29.8222
  19.0369
  66.0873
  55.4669
  20.4254
  23.8294
  18.9657
  31.5366
  45.7169
  54.6695
   61.141
  57.1833
   29.923
  15.2678
  17.4271
  65.8367
  66.1496
  30.0054
   20.394
  26.9611
  61.7594
  18.2073
  22.9891
  30.2391
  28.9522
  42.0458
   42.787
  43.3613
  33.0808
   60.581
  39.5823
  39.8641
  29.8671
  21.5485
  25.7351
  49.6935
  22.6968
  28.7573
   37.924
    20.74
  38.4197
  21.6705
  48.1289
  26.5656
   18.208
  15.4909
  44.3422
  4.42123
  2.14194
 0.736992
0.0411453
  52.8782
  3.04914
  1.23595
  3.11527
   3.5687
 0.205707
  9.29037
 0.679969
  1.07157
  6.60212
  9.86164
   27.009
  38.4124
  6.05074
   6.4793
 0.706146
  3.48126
  1.18648
  2.61944
  1.47725
  2.19379
  45.5926
  48.3149
 0.347023
  4.98154
  7.49061
  11.7643
  1.92508
  4.76532
  2.32085
  3.78952
  1.99521
  18.6499
   22.926
  4.39415
   2.7248
 0.585345
  4.23913
  43.5472
  9.42326
  52.3427
 0.119374
  4.29567
  4.19617
   4.4293
   17.242
  2.50861
 0.226714
  9.72978
  7.38891
  11.0117
  6.46032
  7.08008
  10.3274
0.0864235
 0.501842
  1.90613
 0.974324
 0.489958
0.0880999
  30.9149
  1.40404
0.0899742
  40.9221
    15.12
  5.29665
 0.483654
  8.03181
  1.28252
  4.17645
  9.52831
  35.4876
  43.1796
  54.0861
  1.97379
  3.59607
  52.1168
  5.67658
  2.93849
  2.56141
  2.66551
  15.3821
  3.02017
  1.01292
  1.92907
  3.18331
  4.88057
  13.2988
  6.31706
  3.19434
 0.902195
  1.88137
 0.512941
  43.0542
  2.57561
  1.38012
  1.62404
  1.50552
  2.07015
   3.6023
  19.3023
   18.201
  23.8949
  4.41373
  5.83426
  9.51315
  24.0572
 0.277741
  2.76196
  5.72773
 0.191661
 0.427933
  22.3457
  10.2579
   51.062
  2.08189
  16.0028
  5.07156
  11.9103
  4.22704
 0.248041
 0.825053
  2.78799
  0.33142
  3.38421
  33.1728
  3.81529
 0.318387
  9.54656
  2.73864
  2.07277
  2.24692
  3.53298
  3.59284
  9.76787
  10.9393
  5.29128
  2.08151
  1.88228
  4.30425
 0.754903
  10.0936
  11.7367
  10.8879
   1.0142
 0.131864
  1.85573
  2.16755
  3.42653
  1.68911
   0.2116
  5.11309
  4.43991
 0.771405
  3.44784
  9.55107
  11.5012
 0.225075
  2.05825
  11.5099
0.0990611
   4.6532
  2.68168
  2.65845
  16.2462
0.0504935
 0.266172
  5.46625
  1.66629
 0.383104
  2.20317
  3.34389
 0.464466
  21.4564
  11.2185
  11.5056
  21.3541
  6.23473
  4.57176
  1.01395
  6.57726
  6.15241
  6.09146
  8.40845
  8.48645
  9.25778
  6.13344
 0.159247
  7.43092
   22.551
  9.08868
  47.3413
  10.1133
  10.1608
  17.6401
  2.64219
 0.151457
 0.613024
  9.57867
  15.9302
   5.4862
  1.85256
  2.79784
  1.16317
  9.88728
  5.48533
  10.2064
  16.5976
  22.0931
  7.78783
0.0550063
  3.73944
 0.536888
  3.91994
  2.22375
  2.22341
  3.03813
  4.98126
  4.00609
  3.60038
  3.23118
  2.59663
  2.41737
  2.18111
 0.638416
  6.54336
   1.0372
 0.349581
  4.71367
  3.42796
   1.1877
  4.58351
  9.54646
  2.11476
  4.70263
  6.52584
  8.48784
  7.24462
  5.42252
  2.16139
  12.9797
 0.560653
  2.26827
  3.10808
  6.60233
  6.23306
  35.0756
  3.02219
  4.22826
  9.11636
  9.81942
  1.63827
  10.1241
  6.06945
  10.3349
  4.42368
  42.4495
  2.45799
  1.90125
  4.90345
  21.6646
  8.67176
  2.65308
  4.52039
  2.71382
  3.41101
 0.468612
 0.199415
  9.05098
 0.444782
  2.77453
 0.506064
 0.618106
  2.04261
   4.8187
  4.53776
  3.09681
  12.6719
   11.618
  2.86699
  1.80938
  30.2079
  23.2411
  1.54931
  2.17298
  1.08708
  4.57406
  4.90496
  8.50333
  4.51737
  7.59718
  4.15982
  3.52573
  0.99586
  10.0062
  3.99741
  5.19713
  5.41755
  13.0636
  5.09531
  1.11339
  2.92855
  3.72495
  1.03073
 0.899949
  1.57012
 0.886242
  9.47274
  4.70359
  1.86828
   8.6978
  4.79945
  49.6589
  4.69615
  2.18111
  1.06558
  4.01802
  3.74368
  3.50201
  4.70033
   2.9881
  1.87779
   4.1878
 0.212891
 0.748839
  4.57212
  2.42131
 0.152028
   4.5031
  4.33633
  2.48212
 0.583014
  4.39678
  1.63962
 0.558214
  3.31099
   2.0499
 0.751015
  1.28546
  2.01536
  2.08856
  4.51194
   4.1197
  12.2788
   2.0474
  5.73385
  4.67113
 0.496097
 0.660609
  3.40872
  1.32389
 0.093637
   4.6207
0.0247817
  3.31302
  3.36831
  2.46333
  4.37618
  2.36312
  39.6604
  6.21115
 0.374768
  7.27104
  8.69352
  3.33127
  7.84849
  2.53147
  2.66825
  9.64014
  1.71661
  4.85024
  2.43415
  3.63292
  2.15506
  4.27434
  3.88754
  6.52431
  3.40771
  7.91887
  2.23007
 0.401684
  5.33104
  2.59852
  2.26055
   1.6684
 0.203342
 0.229359
  6.99121
   3.1586
  5.47398
 0.354959
  1.63977
  2.05519
  4.98103
 0.399249
  1.97006
  14.5925
 0.395891
  1.98554
  1.85173
  2.58106
   1.0662
  7.04484
  6.68791
  7.04351
  3.04159
  8.05894
  10.4257
  10.7616
  2.07763
    1.951
  1.00441
   4.1744
  1.06766
  5.92976
  1.91268
  2.19505
  2.02293
  41.1396
  7.96357
  8.41356
 0.627493
   1.7676
  8.33155
  7.30295
  1.82453
  31.1067
  7.64604
  51.4572
  39.3253
  4.59108
  13.0562
  5.79699
  3.72243
  7.52485
  2.60504
  1.53167
  3.08389
  4.54383
  2.73549
 0.212559
  4.47678
  16.7946
  7.19671
  3.94703
  6.48801
  38.6025
  51.2501
  48.4303
  9.49424
  9.57457
   15.236
  19.8413
   41.928
   30.986
  8.39676
  4.44804
  1.55383
  3.60841
  6.82401
  39.0044
  8.98197
  59.1866
  5.35329
  6.91944
  6.71761
   0.8505
  3.00633
  6.02069
   2.9754
  1.45127
  3.69704
 0.631463
   2.1936
 0.518252
  3.15665
  3.12733
  2.78841
  1.00813
  1.47709
 0.132662
  1.44732
 0.434407
    8.186
 0.478784
  0.41445
 0.567929
  2.12671
  7.53137
  54.4837
   25.495
  59.3904
  19.2363
   6.2373
  3.46352
  5.08962
  3.58564
  3.97404
  3.30067
  4.77294
  5.34144
  7.68967
  2.50883
  2.48711
  3.60192
  0.41559
  2.94864
   40.891
  46.2289
  23.5217
  7.44477
  1.47856
  44.2119
0.0183929
  1.64569
    0.495
 0.263523
  1.70226
  7.38557
  7.44766
  7.60347
 0.203502
  16.0989
  6.13102
  1.96061
  3.53282
  7.42403
  2.67448
 0.820951
   1.0715
  1.64267
  1.17548
  9.25196
   6.8895
  5.65074
  1.54444
 0.278935
 0.739025
  2.45966
  1.10902
  7.36643
  6.97814
  7.64431
 0.017827
  7.19724
  4.06254
  7.43274
  7.43842
  5.08993
  3.60771
  3.46321
  1.64106
 0.470684
  4.97191
   7.5416
  6.90928
  3.77925
  3.98658
   4.5112
  4.41592
  1.61316
  6.71808
 0.596806
  7.37548
  2.66096
  3.67295
  7.65806
   3.6781
  8.21251
  4.29034
  4.60558
  3.46796
  17.5253
  5.43413
  3.73685
  5.10049
  6.46208
  5.87381
 0.754728
  6.51244
  6.32294
  7.46651
  6.66316
  6.96652
  2.02964
  2.79667
  1.95984
  2.41965
  2.63024
   2.1039
  6.88196
  1.73481
  6.97929
  8.80623
 0.921388
 0.169953
 0.849135
  6.45603
   2.9629
  5.93113
 0.855982
  2.42778
  2.63024
  5.29475
  5.71024
  2.06213
  23.3678
   61.922
  7.15713
  43.0808
  7.28964
 0.208882
 0.333497
  2.18902
  7.36611
    6.118
   7.1351
  6.06167
   7.3944
   4.2061
  4.43552
  6.01685
  6.92367
  7.20174
  3.00434
  5.95513
  6.01042
  11.0569
0.0261144
   7.5937
  3.03262
  0.86746
 0.453032
  6.39759
  6.19012
  6.29356
  6.14109
   8.4628
  41.3385
  47.3676