 54.993
 61.973
73.5043
70.6341
70.5096
49.5261
30.6028
17.6614
81.2676
57.2107
1.29649
32.7461
 33.782
21.7176
21.7625
64.7961
40.1218
40.3101
 62.292
54.7437
52.7455
64.9974
66.8294
59.4535
59.7788
60.3875
58.4427
 31.248
49.9386
49.0192
87.2668
50.0806
52.4811
15.9664
53.2199
29.1957
25.6719
81.2081
53.4208
55.9576
79.6416
67.0568
75.7861
 78.536
46.2243
 34.094
37.6983
85.9826
84.5854
43.7601
 47.062
52.3097
46.6664
56.9581
54.7594
49.6381
44.9101
84.7218
 83.446
54.4569
35.2469
50.4697
30.9722
31.5556
83.3384
 41.588
42.5762
34.5137
45.5704
51.8022
 53.685
51.1251
28.9895
63.1349
49.0441
71.7365
51.3874
 57.903
 65.968
60.8991
45.3658
 45.283
89.8085
31.1482
22.6721
40.7699
31.1926
51.9174
51.9315
60.9718
54.0605
 7.0538
 12.493
49.8102
72.0089
77.7899
65.3159
52.4833
52.3641
56.7578
78.5937
73.1941
68.3012
86.8429
54.5369
45.0138
78.4441
14.0072
 88.533
58.0003
57.0811
56.6281
32.5314
45.6354
29.1001
29.9475
79.0947
65.1318
41.5449
35.2503
8.21128
36.0068
38.1201
5.31994
44.0724
47.4334
45.6925
43.1015
36.7642
81.2081
32.8012
35.4347
24.5777
19.9157
13.4238
28.8102
 40.288
80.3946
25.8306
2.60309
71.0993
12.7397
34.0443
52.9953
52.0596
62.3578
56.5539
53.1927
22.6204
19.2745
22.2803
60.8418
65.3626
63.6484
 48.159
 89.613
37.2838
62.7877
85.9542
15.1364
20.6501
5.55361
34.2916
18.2337
46.9908
71.5171
72.3122
 41.339
50.3683
4.33368
12.6631
63.9757
42.7963
51.3965
65.1385
61.5815
53.5694
47.6054
29.7393
86.9492
65.1318
56.7603
58.2781
55.4661
35.3856
48.6728
53.3904
79.8578
22.2009
 8.7517
36.5239
54.7692
49.1612
43.5488
51.3748
86.2682
82.4337
73.1885
1.99066
16.0782
41.9327
56.8807
44.9139
32.3209
5.96644
10.3509
89.8502
20.1331
51.2371
 50.307
49.0461
50.7902
49.5213
22.9672
29.3442
18.2746
26.3723
71.7551
82.4588
70.5994
46.2152
47.1929
49.4093
 56.794
25.2571
21.7123
73.9909
28.6245
37.1443
81.3088
10.7876
4.77459
31.1845
10.8872
74.6264
 47.855
89.8161
86.9511
83.3007
29.5664
22.2446
54.3426
52.3315
61.2786
74.5732
59.6849
42.1294
32.9262
 4.3288
41.2693
44.9102
50.6455
25.6857
54.3911
33.2178
33.8555
28.6032