 75.4425
 74.9028
  49.548
 49.1189
 55.0114
 55.0551
  27.368
 28.5451
 45.4364
 45.9633
  67.697
 43.5097
 48.3525
 48.0585
 42.4571
 14.6438
 2.33205
 24.0028
 32.1784
 24.7251
 25.7657
 15.3292
 49.0302
 57.4394
 32.4159
 31.0108
 38.0169
 45.5601
 11.6255
  14.044
 32.4964
  32.048
 20.8942
  22.152
  21.757
 21.8485
 23.0273
  22.624
 8.12308
 38.6687
 68.9335
 63.0498
 57.1098
  78.921
 78.9149
 78.9179
 78.1207
 78.1257
 76.8857
  71.581
 72.1284
 18.1645
 38.7694
 38.2574
  47.682
 45.4468
 47.8965
 47.4494
 50.1331
 42.0588
 40.4775
 45.2735
 44.7295
 46.2751
 39.8177
 38.1502
 87.7426
 45.0008
 36.7119
  36.954
 29.1851
 23.5133
 46.2419
 46.8385
 45.8444
 49.8595
   47.64
  44.366
 40.8473
 73.8819
 48.7437
 55.6497
 52.4002
 56.5193
 55.1533
 64.6028
 60.0449
 55.0923
 58.8265
 50.9728
 47.8367
  54.666
 48.9176
 57.2828
 48.7868
 52.3047
  50.062
 48.6778
 6.73464
  11.758
 38.4031
  34.367
 30.2557
 82.5209
 43.7562
 47.8133
 51.9913
 38.0014
 38.6893
 73.0419
 75.8205
 63.4619
 85.1156
 77.6309
 85.5491
 49.7322
 8.47301
 23.5843
 27.6045
 25.3153
 59.5834
 57.9004
 51.1011
 9.83497
 35.7692
 33.7136
 29.0849
 43.5846
   38.58
 33.5043
 33.3212
 40.6618
 44.3528
 30.1719
 18.3232
  65.996
 53.9104
 67.4439
 49.9099
 46.7933
 45.3472
 55.7711
 57.0908
 52.3651
 75.7314
 56.7546
 58.5088
 61.3548
 43.6993
 62.6915
 48.2654
 45.3958
 39.6675
 44.6495
 56.1284
 72.9819
 73.1906
  55.003
 76.1583
 89.5241
 31.3699
 33.4435
 23.0266
 36.2973
 44.3054
 40.6631
 37.5952
 34.1085
 23.6508
 22.1541
 35.5695
  27.624
  40.357
 40.6132
  8.0237
 5.76579
 35.0996
  14.135
 46.5025
0.858206
 74.6412
 79.0606
 89.1873
 83.3791
  69.515
 58.4119
 75.4976
 70.8084
 79.8789
 82.0487
  39.824
 49.2444
 43.0972
 45.4452
 44.6645
  42.773
 34.7136
 33.8137
 44.3165
 44.1495
 7.73538
 9.87108
 6.71472
 7.54561
 52.7857
 52.0854
 49.4626
 54.3745
 59.1449
 49.9099
 51.4538
 74.9574
 85.8224
 55.8678
 61.9614
 56.5142
 66.7479
 61.0657
 6.84341
 33.2129
 42.0961
 51.5523
 17.0882
 22.2211
 18.6412
 28.0636
 32.0295
 33.4351
 35.5658
 20.1301
 67.5222
  46.036
 44.1657
  87.241
 46.6068
 43.7493
  41.876
 47.2911
 40.8247
 73.7119
 75.0171
  74.137
 25.9651
 87.8626
 20.1794
 37.8631
  15.577
 12.8757
 8.30366
 28.5481
 29.9884
 11.8208
 8.64118
 43.1755
 22.3649
 27.6046
 21.7587
 73.0274
 60.9276
 68.5342
 53.3432
 42.5707
 32.9381
 28.2467
 38.6831
 54.0594
 40.1614
 40.7259
  35.295
 33.4683
  71.201
 74.1394
 25.7241
 18.7809
 4.56433
 15.2472
 27.0885
 49.9845
 3.59875
 42.1699
 44.9846
 13.2929
 19.8712
 3.81824
 81.3424
 40.0996
 84.4227
 59.2826
 86.5421
 80.1755
 72.5325
 73.3731
  87.657
 47.5075
 46.4233
 45.5444
 40.9324
 61.2096
 53.6303
 44.6199
 26.6927
 32.1202
 44.6226
 4.78082
 57.0225
 55.6236
 49.1653
 54.8258
 78.8912
 54.2548
 50.1856
 49.6491
 56.1104
 51.7861
 52.8608
 49.2352
 41.6637
 56.9794
 87.8931
 55.9241
  16.478
 33.0098
 37.8111
 47.9716
 28.8647
  20.927
  12.085
 32.9444
 31.2053
 25.5183
 16.5433
 34.2186
 39.2646
 47.0695
 38.6157
  24.498
 39.0681
 44.2552
 42.2238
 39.8599
 47.5986
 44.4801
 32.2125
 40.1619
 42.4223
 73.3077
 75.8467
 74.4269
 76.1583
 84.7935
 48.9647
 69.5149
  21.388
 85.3372
 89.0632
0.776321
 30.6853
 33.4623
 31.5927
 33.0584
 38.5227
 5.95927
 18.3981
 11.6595
 11.4353
 13.6354
 3.61493
 40.4526
 26.7588
 15.0743
  74.691
 62.8695
  72.718
 48.7689
   46.48
 33.6925
 47.9797
 21.7389
 32.3252
 54.5676
 79.5358
 38.2582
 37.7611
 32.0264
 76.7281
 31.5633
 33.6571
 37.3971
 4.06153
 7.61651
 16.9425
 28.3162
  57.084
 42.7248
 25.0222
 19.2082
  13.387
 49.2122
 48.9465
 54.3741
 56.0602
 73.5446
 59.0503
 23.4404
  22.046
 38.5863
 16.6013
 19.7151
 38.8293
 26.6372
 24.5005
 32.7467
 33.1316
 40.3307
  44.659
 33.3067
 75.7981
 68.2815
 88.7332
 76.0282
 45.2659
 13.0627
 31.5022
 11.9558
0.688134
 56.2064
 25.6841
 2.98937
 7.00698
 30.1737
 41.2788
 33.9564
 43.2622
 2.98177
 66.4193
  21.898
 49.8113
 87.5065
 23.2423
  43.283
   42.73
 53.4437
  46.595
 41.9022
 29.9977
 14.3166
  73.839
 67.0765
 60.8599
 52.6821
 74.6435