   35.031
  31.6106
   35.314
  28.6194
  30.1544
  43.5433
  36.6063
  31.2933
  38.5582
   39.449
  52.0752
   37.515
  33.1245
  42.0463
  33.3006
  30.2955
  47.3805
  45.5666
  44.2756
  48.5702
  19.8533
  11.3184
  24.3864
   48.471
  30.9891
  30.5665
  41.3566
  1.35064
  45.4756
  44.9794
  45.8454
  36.7543
  50.5835
  44.6917
  42.5555
  46.8192
  46.4521
   35.483
  36.7707
  39.9028
   40.076
  40.3999
  34.4685
  33.7049
  31.3386
  38.6088
  39.5651
   49.305
  42.1393
  4.11768
  3.39721
  35.4875
  22.3022
   32.073
  26.2635
  15.3629
  24.9453
  22.6871
  34.0896
  16.0041
  37.1356
  38.8723
  36.1551
  38.8289
  46.5144
  7.74428
    6.462
   3.0895
  3.46654
   32.639
   15.279
  36.5541
  28.0521
 0.331279
  6.77525
  13.7022
  39.0004
  54.3693
  36.2736
  8.50233
  29.2959
  5.88123
  25.0151
    44.35
   52.804
  45.0699
  44.3691
  11.3145
  37.4672
  35.7792
   36.156
  38.5136
  11.5089
  29.2306
  33.3204
  32.7042
  53.4668
  52.6302
   46.467
  38.3172
  35.6425
   35.643
  48.5097
  33.6981
  38.8536
  31.3217
 0.752301
  43.4856
  40.7062
  29.0315
  29.0097
  25.0419
  25.0168
  4.75449
  7.08792
  9.65933
  18.7632
  34.1496
  27.7636
  33.3178
  35.1732
  43.2094
  38.7008
  44.9632
  31.2063
  39.7079
  53.8238
  20.6112
  19.8216
  11.9459
  7.96771
  7.26824
  1.35931
  42.3629
   38.006
  51.9692
   44.552
  3.66002
  25.5761
  1.31677
  13.1458
  38.6284
  46.3066
  39.5152
  31.4067
  29.3777
  41.3299
  41.2053
  31.9774
  40.2184
  2.29975
  9.06351
 0.605311
  35.3296
  21.1103
  13.4106
  32.1561
  54.4351
  37.3238
  32.4045
  51.5928
  45.3465
  39.6749
  41.0222
   37.555
  1.42147
  15.0788
  14.9347
  46.2611
   38.448
   24.703
  5.34983
  15.6651
  14.6105
  31.1861
  43.7888
  51.5039
  51.5761
  2.99116
  49.6984
  2.33057
   14.066
  41.2309
  41.1302
  32.6567
  18.5599
  17.4394
  4.61401
  36.1836
  45.6211
  45.3894
  30.9076
  32.8544
   51.078
  38.0394
  24.3288
  41.8246
  10.4315
  23.2079
  41.8511
  19.9364
  1.00921
    12.43
  1.97222
   4.3543
  16.5491
  38.6743
  1.54636
  24.8451
   5.4021
  5.71433
  11.9704
  54.9793
  40.1998
   2.1292
   20.049
  4.34736
  22.0761
  25.4876
   32.943
  4.31844
  33.6728
  47.4767
0.0104148
  5.48384
  1.34128
 0.554515
   13.376
  49.3029
  36.3039
  7.75673
  33.0583
  23.1327
  28.7767
  53.8716
  54.2769
  12.8744
  14.4471
  7.14791
  2.50453
 0.540453
  17.1999
  17.0018
  1.73837
  17.8935
  7.16578
  2.03653
 0.104611
   9.3275
  1.13913
  11.4453
  17.6295
    34.82
  27.3303
  22.8629
  38.0619
  26.2101
  19.6569
  11.1351
  26.9694
  52.9377
  16.7149
  10.0551
  25.6765
  45.0114
  6.24523
  17.8792
  11.9297
   25.409
  38.6787
  15.3421
  44.0507
  47.5854
  14.4632
  6.38334
  41.6082
  15.3437
   21.945
  50.5087
  4.52593
  19.5188
  12.1021
  15.0558
   19.783
    20.33
  18.3565
   21.958
  17.9834
  33.3467
  12.7268
  6.71432
  54.1587
  14.2176
   3.9579
  19.5538
  3.26554
  9.68562
  1.85611
  46.0635
  17.6501
  19.5312
  11.5291
  17.9493
  9.88164
  6.83107
  16.0042
  0.23867
  16.2822
  38.6134
  8.16375
  7.88595
  12.6975
  1.72762
  5.84428
  10.8058
  14.1473
  15.6812
  19.9008
  48.1165
  21.1458
  11.2116
  6.71034
   5.7037
  12.8391
  47.1076
  54.3782
  48.7742
  9.47883
  51.3862
  39.1694
  6.55158
  8.94241
  52.8484
  23.0658
  5.01062
  2.13176
   4.0443
  6.94374
  23.3685
  23.4447
 0.493122
  9.00551
  16.2976
  11.0891
   18.737
  15.1763
  7.26118
  37.1369
  36.3173
  43.4848
  3.51739
   36.144
  10.0988
  30.3542
  43.6425
   20.195
  11.8207
  39.1038
  32.1363
  12.2199
  18.6817
  42.0447
  17.2932
  31.8132
  15.8373
  13.3934
  1.67723
  2.69722
  35.6713
  30.7822
  30.7121
  6.27804
  18.4675
  5.12098
  4.24766
  9.22848
  15.0364
  8.94481
  1.15609
  48.2736
  35.5778
  4.38022
  11.4747
  22.8162
  26.3068
  1.41024
  12.5677
  29.9491
  35.0202
 0.239364
  5.89998
  10.5104
  49.1221
  53.0629
  32.1547
 0.512408
  51.6075
  38.8465
 0.783119
  4.51989
  8.49683
  45.2172
  15.3126
  37.9145
  30.3061
  13.9877
   14.659
   16.234
   9.8597
  9.98751
  18.1043
  28.4904
  12.7179
  32.1888
   25.146
  10.3019
  3.87106
  4.71854
  54.0385
  13.3141
  40.7924
  31.4449
  36.5784
  38.9169
  37.5178
  3.03279
  43.8005
  23.7054
  32.9363
  7.76805
  30.5703
  31.0478
  19.0596
  7.82447
  2.44123
  14.1072
  32.4279
  22.4256
  29.9051
  14.1008
  27.4454
  40.6126
  46.9793
  32.8175
  11.6898
  10.2816
  44.8256
  7.32724
  3.95563
  24.2699
  32.2465
  8.40535
  3.18943
  42.5616
  10.0433
  12.7655
  23.1604
  29.8872
   36.108
  45.6093
  23.4095
  11.8485
  24.1834
  18.9372
  15.0363
  12.2315
  9.04737
  29.4881
  15.7634
  32.6499
  17.1854
  36.2517
  11.6613
  23.8809
  50.6963
  43.5076
  18.9567
  5.87084
  12.4234
  24.7995
  13.2182
  43.8845
  11.1067
  8.28644
  16.2785
  27.3213
  18.8331
  50.3699
   2.8717
  15.8168
 0.912059
  25.4085
  1.10402
  6.39171
  44.2139
  16.7977
  27.8602
  19.4162
  15.1127
  7.23974
  14.9566
  14.0408
  20.0021
  21.4031
  11.8279
  9.19356
  11.8691
  12.6545
  19.3387
  2.80687
  5.89845
  11.2297
  11.5486
  14.0745
  9.82337
  12.4535
  51.9171
  3.09103
  11.4435
  8.08945
  2.84443
  1.14988
  9.02303
  1.38917
  19.0097
  19.3132
  12.3119
  9.97375
 0.352693
  30.8126
  19.8977
  6.60004
  15.8045
  2.11557
  4.43464
 0.939284
  10.8328
  31.8975
  27.1948
  21.0696
  11.8104
  31.5421
  19.7031
  19.8242
  10.9025
  5.98914
  32.8769
  47.7801
  7.90027
  39.2188
  15.3644
  8.14106
  6.01567
  11.3101
    8.553
  9.66854
  12.5961
  17.3184
  13.3741
  10.0317
  2.50144
  18.7281
  60.1612
  18.2378
   32.019
  31.7654
  41.0084
 0.312454
  11.6515
  5.82761
   9.3042
  8.71983
  15.1351
  16.3836
  19.0209
  12.3374
  4.90884
   9.6074
  44.9695
    33.97
  25.1332
   17.425
  34.8107
  13.0251
   4.2982
  7.59274
  2.22636
  11.7792
  10.7704
  11.5836
  2.16104
  9.55042
  21.9596
  29.6774
  27.1684
  10.7745
  7.54726
  25.5971
  10.5968
  8.38162
  28.7296
  16.6481
  4.58844
  9.57165
  17.8832
  39.2474
  9.53258
  34.1909
   16.225
  6.74239
  3.88284
  15.9709
  13.0463
  52.0929
  13.7472
  33.4206
  46.1141
  7.25421
  33.9835
  54.2739
  45.9181
  43.8053
  13.8479
  14.1314
  18.0973
  11.9275
  36.3615
  2.59321
  7.81213
  11.5406
  19.4957
  15.4551
  15.8823
  17.7435
  43.2502
  8.72398
  18.2835
  18.6419
   31.095
  23.3159
   3.8949
  51.0837
  3.67307
    7.003
   11.017