  49.0797
  46.5091
  48.5947
  59.8604
  58.0367
  63.3524
  9.56408
0.0181931
   19.397
  30.9891
  4.65442
  11.6598
  55.7595
  55.5057
  49.2933
  56.5885
  56.5545
  60.3627
  83.1726
  75.2636
  38.7315
  39.9885
  65.9244
  52.5005
  41.2919
  61.1345
  52.3748
   5.8314
  16.9227
  6.89336
  19.5007
  3.94892
  43.0411
  35.8768
  30.0265
  8.71049
    57.87
  68.8303
  59.2113
  65.6685
   21.273
  28.0979
   4.7379
  69.6166
  58.6929
   65.732
  34.0974
  75.5241
    36.96
  40.2187
   37.397
  61.0684
  10.1386
  37.0315
  12.3685
  34.8024
  51.9941
  58.5567
  63.5063
  7.42012
  7.07474
  8.67535
  15.8769
  16.8378
  25.2584
   21.672
  8.52962
  56.2927
  48.5832
  71.1911
  43.9329
  45.9742
  49.5762
  66.0549
  62.2589
  66.8923
  56.2168
    1.448
   19.376
  1.43702
  12.6745
  29.8411
   50.534
  72.4314
  69.5293
  44.6018
  7.66673
  6.14875
  44.0795
  34.2948
  42.1925
  60.3636
  62.7591
  40.9222
  33.2364
  19.6697
  2.03476
  3.46424
  2.91756
  31.8263
  4.70299
  18.5563
  7.65236
  6.54223
  26.3827
  50.0403
  14.5845
  30.6494
  8.31096
  7.38526
 0.567435
  15.1648
   9.4614
 0.717729
 0.849774
  31.3623
  11.8216
  10.8377
  12.1802
  16.4487
  35.1946
  25.7368
  28.1408
  31.5012
  7.33769
  3.37709
  31.4255
  1.08151
  44.9213
  72.6263
  9.14805
  19.2761
  14.7725
  22.4834
  42.2462
  41.1964
  14.5154
  10.6286
  3.80515
  0.96641
  8.73465
  15.9921
  3.40713
  19.5873
  3.69503
  13.3706
  4.42257
  12.6791
  7.24689
  17.5885
  21.7394
  30.5264
  31.1113
  27.9229
  3.53395
  35.7028
  13.9269
  15.4813
  14.0127
  19.2493
  2.53952
  4.06636
  18.5105
  42.5431
  8.26073
  45.2253
  16.6942
  1.43551
  4.58902
  12.8866
  27.1436
 0.231826
  13.7906
  17.7287
  16.4187
  26.8136
  9.07088
  47.7871
  1.19468
  11.1744
  42.5421
  9.58849
  3.57644
  6.80841
  17.9649
  10.8897
  17.7002
  30.8099
  13.4874
  6.82434
    14.53
   15.397
  38.1733
  10.2364
  18.3713
  21.5236
  15.5182
  27.8089
 0.629638
 0.887123
  15.1939
  2.75653
  1.16663
  48.8506
  25.6974
  27.7997
  33.3281
 0.302331
  6.78758
  42.7474
  42.9425
  55.7598
   11.805
  60.8743
   52.489
  13.9014
  7.06568
 0.100939
  8.95083
 0.846783
  33.8601
  13.5253
  7.98107
  7.15806
  2.79797
  58.9265
   13.775
  2.63228
  9.01249
  5.37538
  4.16739
  38.7526
  27.6337
  4.73299
  18.4058
  11.5604
  3.67839
  16.7917
  34.6092
  3.82076
  31.9305
  13.5914
  33.1265
  46.8315
 0.931232
  34.1258
  32.4609
  7.37244
   41.326
  19.9078
  28.1012
  19.1416
  40.8177
  28.1714
  19.2261
  13.7577
  1.44652
   13.022
  17.1985
  1.78593
  1.98343
  7.64127
  49.6379
   29.735
  14.7337
  5.40971
  31.2616
  12.8216
  2.07728
  30.4651
  14.4878
  19.2535
  16.5968
  0.96726
  5.88209
  20.2884
  54.5233
   43.559
  32.9294
  3.66944
  33.4395
  38.4095
  1.87476
  57.0637
  51.7984
 0.458226
  3.01608
  27.5829
  28.2445
  3.04112
  9.56915
  20.9574
   27.165
 0.666673
 0.753749
   5.7149
  19.3041
  37.4838
  8.83684
  21.7957
  28.7919
    29.92
  27.9923
  4.38317
  15.7977
  3.89302
  19.2595
  23.8244
  16.7723
  7.95834
  22.0018
  15.5773
  23.5655
 0.914799
  14.3882
  34.0408
  34.4118
  13.7781
  44.1474
  17.5332
  3.39413
  13.1828
   15.472
  2.60937
  13.9911
  36.5609
  31.8939
   13.288
  17.6057
  55.9136
   16.592
  24.0846
  17.3379
  22.1267
  17.2471
  41.5878
  20.9928
  11.8187
  44.7192
  20.0855
  1.46627
  19.7329
  14.7347
  51.2985
  42.4676
  1.64386
  2.27116
  22.0964
  35.1966
  1.35732
 0.997473
  48.2308
  52.4807
  17.4468
  16.6874
  6.43852
  6.75558
  6.72213
  26.2775
   5.2226
   42.209
  5.25315
  9.24571
  25.4734
  67.3666
  7.94618
 0.494831
  15.6588
  13.3091
  22.9979
  6.80483
  62.1718
  8.30085
  21.7898
   16.477
  5.96525
 0.887123
  13.5954
 0.539379
  11.3478
  6.09081
   11.488
  1.56673
  11.4228
  9.56009
  7.08449
  11.5147
  8.29488
  23.6893
  1.41164
  54.1061
  5.20638
  3.11049
  1.65446
  13.6796
  13.4308
 0.565214
 0.552538
  1.36183
  1.94021
 0.390343
  3.50055
  14.9706
  1.05269
   4.5741
 0.309538
  7.82278
  18.9787
  10.4094
   24.358
  16.4314
  21.6378
  9.40237
  13.1129
  61.5493
  48.5692
   30.833
  55.7479
   5.2804
  5.23348
  11.8143
  4.28374
  34.3654
   18.431
   30.043
  37.3789
  8.54716
  22.9648
    8.352
  21.2541
  14.8262
  13.4852
  22.9049
  19.8544
   60.248
  2.01579
  34.9882
  13.9958
  19.9072
  13.4745
  15.4289
  17.7478
  59.5403
  13.7449
  47.3484
  40.9194
  7.01486
  6.41422
  1.16553
  8.35392
  4.08203
  6.26506
  10.8957
   26.684
    7.588
  17.6111
  48.0742
  27.7046
  20.8354
  10.6428
   9.9332
  10.8212
  18.0827
  1.33162
  16.1375
  12.9848
  10.5924
  18.7138
  15.6901
  5.65609
  1.91748
  27.2226
  27.6696
  23.6917
   12.793
  30.4426
  13.4515
  11.3065
  8.05055
  17.3694
   5.4478
  4.59067
  23.6512
   19.762
  62.4248
  19.3434
 0.277935
 0.943579
  31.4364
  19.5528
  18.1079
  43.3698
  3.15295
  43.6324
  44.0289
   1.4653
  41.2243
  29.7679
  61.6131
  18.9622
  9.82981
     10.6
  5.84431
  37.6985
  15.4669
  23.3192
  1.64888
  6.84396
   16.286
 0.927225
  49.2595
   1.2206
  9.35888
  12.0763
  34.8166
  26.0255
  10.3552
  21.3948
  8.24876
  80.5129
  71.5908
  26.8904
  2.95084
  30.4491
  24.2808
  20.4866
  15.4319
  23.5741
  22.1991
  46.8804
  10.0894
  4.67405
  34.2268
  4.73269
  49.6118
  7.28295
  10.2423
  4.05869
  30.4273
  9.72367
  15.9865
  11.8552
  10.0533
  31.9676
  14.0685
  50.2024
  48.9494
  18.8545
  20.0275
  72.4816
  3.52973
   28.828
  42.6743
  12.3898
  32.3822
  3.98819
 0.291959
  20.5372
  10.5194
  37.3786
  23.0386
  39.1497
  15.3812
  36.1186
  39.6373
  67.2354
   36.006
  62.0612
  55.5788
   55.616
  13.5432
  8.56897
  23.0072
  3.01163
  15.8152
  46.1267
  8.88929
  40.5606
  56.4968
  51.1436
  33.8991
  30.0478
  28.3362
  28.3875
  33.8991
  38.8494
  11.2165
  45.6603
  25.4031
  4.94502
  25.6411
   8.3447
  17.6029
  29.2646
  1.64383
  3.28267
  10.5822
  20.2033
  12.6565
  5.21728
  65.6133
  61.2863
  39.7737
  35.6316
  25.4754
 0.774574
  40.7246
  34.7019
  8.27947
  17.1137
  5.99521
  14.3183
  9.06755
  1.59062
  42.2976
  6.05377
  0.26889
  25.0166
  1.48783
  0.38969
  1.15862
  7.25192
   40.346
  36.8756
  1.11202
  65.3641
  14.5266
  25.9711
  0.45048
  7.37225
  14.2588
  4.67391
  1.84558
    16.59
  15.6331
  9.76061
  8.54315
   7.6392
  25.4644
  8.62027
  75.3334
  23.2948
  15.5767
  8.30563
  30.2862
  21.5296
  10.8023
  12.6527
   2.2492
  6.20206
  29.2631
  2.11488
  13.8983
  10.3239
  8.22228
  3.72815
  22.1468
  43.2769
  2.09604
  3.33652
  7.79536
   16.234
  52.9866
  7.12878
  5.76323
 0.998116