  2.00856
  17.5067
  13.9997
   13.246
  15.9042
  14.9867
  15.0203
  7.12059
  7.72504
  5.14321
  7.40282
  4.92947
  4.27684
  5.35549
  12.1884
  12.8981
  34.2479
  25.7692
  15.6933
  3.87791
  14.2191
  14.3104
  14.4243
  14.1786
  14.3171
  14.7199
  14.9508
  4.09073
  4.09338
  15.3795
  3.48919
   18.787
  19.3886
  19.3838
  10.3997
  2.64889
  15.0334
  12.3739
  1.64515
  15.9668
  23.0293
  7.81025
  7.08479
  5.79728
  12.3304
  10.0494
  15.6138
  2.94196
  16.4302
  17.4864
  5.80442
  8.56895
  6.99827
  49.5163
  43.3071
  41.9614
  45.6438
  52.6733
  11.6612
  7.40813
  12.3491
  11.0524
  5.83329
   5.1761
  24.1872
  37.7164
  21.1625
  27.5272
  15.8632
  10.3825
  11.8798
  8.55251
  3.39353
  1.72592
  2.06317
      6.1
  7.05389
 0.131267
 0.324496
  1.43643
0.0184192
  9.71706
  9.64585
0.0743687
  12.5492
  12.3298
  21.2576
  21.5642
  20.6996
  8.07626
  9.07278
  3.36396
  3.37987
  3.84396
   3.1543
  10.6451
  12.3736
   14.057
  14.7209
  14.5822
  14.6145
  4.10881
  4.18749
   15.524
  15.0326
  24.6435
  14.0852
  14.0853
   14.939
  5.66157
  15.0262
  5.69627
  18.6909
   4.7768
  3.24787
  2.19288
   3.8008
  4.70458
  4.82801
  6.39212
  6.14992
  4.72524
  5.07177
  5.91729
  4.46746
  5.07791
  3.47838
  4.50789
  7.30579
  4.96299
   2.7999
  4.33207
  3.15218
  7.70766
  8.21208
  14.2145
  25.4225
  12.6251
  15.4183
  4.12376
  3.90656
  2.65778
  13.9164
  15.0853
  15.3956
  0.74334
  4.61051
  19.9377
  25.4098
  16.0393
  8.77767
 0.611441
  9.01818
  13.9523
  2.20237
  11.3363
  3.08487
  10.5494
   13.597
  3.03487
  5.05954
  13.7355
  4.12432
  16.7001
  13.3857
   19.672
  18.8006
   27.878
  29.4851
  44.2109
  55.3928
  7.91596
   7.6321
  21.1141
  11.8263
  8.96812
  24.6902
  24.7384
  8.82996
  1.89001
  9.87781
  1.25703
  3.35896
  31.2924
  5.06984
  7.68652
  4.24998
  5.78235
  11.4154
  30.4546
  1.92673
  2.70028
  5.00444
  7.51165
  3.24594
   5.8224
  7.67494
  14.9599
  24.6274
   9.4627
  11.9823
  9.91524
  6.54651
  15.3861
  3.36396
  1.13006
  5.72658
  14.2214
  11.3672
  17.1541
  6.29433
  10.4515
  6.83353
  9.33881
  16.2092
  12.8087
  2.29617
  1.53204
  5.38573
  9.18422
  12.2851
  12.9885
  51.4919
  40.3161
  10.0177
  36.2945
  10.4348
  6.02002
  2.21467
  17.0119
  6.73569
  36.3677
  26.3139
  13.1802
  2.75425
  7.77163
  3.53483
  14.9245
  4.33471
  13.2267
  4.37036
  16.1295
   14.453
  6.18352
  1.39226
  2.79535
  1.59794
  7.95417
   19.151
  8.11336
  14.0674
  6.79888
  15.6398
  12.9167
  6.05327
  0.96059
  3.89795
  3.71338
  1.37932
 0.883184
  10.7252
  14.7736
  13.4006
  14.3733
  7.03753
  31.0933
   11.942
  13.1463
  12.1034
  7.95091
  14.0444
  4.03509
  1.99744
  14.8917
  15.0191
  3.27621
  1.89924
  2.29875
  5.89632
  4.58388
   1.8519
  6.42816
  3.89205
  8.23556
 0.546392
 0.344658
  7.20115
  4.05151
 0.602073
  6.35521
  4.87716
  10.6011
  4.96326
  33.0625
   8.8008
  15.5164
  9.96771
  10.0777
0.0617195
  13.9931
  10.9244
  11.3986
  5.89395
  4.96124
 0.643822
  19.1208
 0.386677
  4.87386
  5.30021
  25.8593
  24.0178
  18.4551
  4.16065
  2.53849
   11.937
  3.49126
  10.5424
  5.17394
  15.4205
  5.57986
   37.226
  17.2798
  6.27605
  11.2357
  16.3645
  16.3416
  21.4423
  13.5629
  5.75421
  31.2487
  28.3497
  48.9315
  46.9241
  11.1168
  4.43904
  10.1247
  3.92404
  16.0389
   1.1057
  46.6046
  19.6852
  10.8118
  10.3297
  24.1557
  13.9054
  37.1335
  18.2468
  6.66857
  7.09672
  13.3801
  14.0256
 0.919995
  7.54202
  17.6725
  31.6135
  12.0196
  10.7142
   12.701
  12.0132
  16.8501
  16.2798
  7.88269
  9.67683
  11.9535
  9.82024
  12.2721
  7.52521
  3.51607
  4.91137
  1.64421
  5.13484
  15.6089
   14.528
  2.33733
   4.4609
  2.31294
  1.43253
  14.1663
   6.8425
  6.98493
  13.5596
 0.822085
  6.66345
 0.833072
  5.60866
  5.86089
   7.0139
  16.4746
  12.2979
  3.16416
  2.35905
   1.6679
  4.35146
  8.15357
0.0414473
  8.26892
  1.23511
  14.0043
  12.9437
  2.06858
   2.4323
  7.75245
   13.782
  29.6827
  2.47211
  5.52292
  12.7867
  1.37756
  1.46337
 0.681871
  7.46908
  13.2685
  12.7563
  14.0932
  1.78326
  5.45816
 0.871929
  9.95822
  1.73802
  1.52779
  7.78229
  6.95052
  3.68805
   7.5801
  16.1539
  37.1608
  7.27896
  11.4661
  6.62504
  3.13536
  4.67565
  4.28902
  5.71738
  11.6964
  56.2507
  39.6774
  37.2128
   10.521
  8.26008
  16.5998
  8.72207
  11.1168
  15.3593
  53.7065
  19.0987
   15.889
   10.854
  28.7481
  16.6189
  3.15718
  18.5671
 0.836918
  32.9263
  7.01963
  5.67501
  8.30133
  7.56296
  5.00785
  18.5312
  20.4372
  20.0911
   12.645
  8.09319
  6.13239
  4.07935
  10.3047
  14.7765
  18.4945
  3.00927
   16.965
  14.9922
 0.301349
 0.409277
  3.01518
  4.86874
  14.8044
  9.59796
  5.59042
  10.1938
 0.259663
  3.31136
  3.35442
  2.03535
  1.51963
  10.6625
   16.377
  4.23215
  5.30228
  14.5408
  6.39055
  11.6656
  9.10949
  13.3391
  1.90206
  5.98287
  3.24821
  6.65376
  1.36985
  12.2029
  1.11533
  24.9044
  9.17708
  6.95091
  2.76184
  10.9663
  12.6063
   13.389
  12.3638
  10.1592
  9.94862
  15.4468
  43.3887
  47.9534
  7.02655
  7.21855
  4.44493
  15.2594
  11.1903
  4.59577
  40.6327
  45.1599
  7.70978
  36.0086
  12.3281
  20.6112
  11.0859
  10.2533
  1.19023
  24.5165
 0.747541
 0.332657
  27.0339
  20.3107
  4.96305
  29.1866
  11.8349
  3.80704
   1.4564
  6.48137
  5.39214
  9.62343
  29.1068
  36.0314
  24.9021
  14.2976
  12.7811
   9.0548
  20.4437
  10.1442
   13.651
  19.9871
  4.29941
  15.9466
  18.0941
  12.3975
  18.5566
  12.3135
  24.9257
  11.2294
  7.59584
  12.8886
  12.6794
   30.635
  22.7009
  14.5283
  7.48492
  10.9605
  3.22786
  48.2422
  30.6182
  3.05757
  4.66269
  17.6645
 0.758217
  13.1243
  10.9929
  5.95424
  9.55307
   12.832
  10.9221
  49.8803
  8.49464
  17.9055
  15.1382
  9.55783
  18.5751
  19.1147
  19.8818
  3.61796
  3.24559
  5.49855
  32.3051
  0.44124
  12.6174
   16.392
  8.46432
  9.47667
  19.5906
   14.903
  27.5267
  20.6812
 0.846852
  13.3487
  9.56363
  11.6841
  25.5856
  6.86253
  12.7037
  13.0832
   21.201
  11.2147
  4.76879
  29.7168
  12.2594
  22.3827
  10.1822
  1.33802
  9.47861
  4.45738
   2.3376
  34.9684
 0.943168
  4.50921
  52.3752
  12.0515
  29.9525
  21.6582
  9.82542
  3.62409
   2.5614
  10.9409
  47.9867
  22.5463
  7.42541
  19.2108
  15.2693
  22.2038
  1.18466
   10.713
  3.82654
  24.7613
     12.9
  4.60183
  15.7274
 0.511353
  9.05751
  15.2254
  18.9268
  20.1125
  10.4721
  9.48155
  11.9321
  13.8381
  12.3272
  7.66911
  16.4089
  31.1313
  23.9286
  7.26401
  15.4025
  16.6656
   8.1323
  7.53454
  20.3706
  20.8553
  49.6196
  13.1161
  15.4601
  3.83509
  10.1358
  58.4378
  10.8621
  24.0264
  9.81354
  5.48007
  11.4489
  11.0095
  27.5929
  12.4861
  21.7712
  13.5366
   5.4687
  4.87215
  5.45506
  9.71204
  23.4119
  22.8813
  6.63406
  12.0369
  4.85273
  9.70057
  17.8866
  8.21874
  15.4337
  24.2315
  16.0297
  37.2365
  3.80176
  26.4761
  18.4794
  34.8389
  16.9043
  9.77728
  22.0045
  19.6231
  19.0537
  5.28056
   10.735
  16.5827
  16.4068
  24.9844
 0.980305
  5.85483
  14.9297
  15.1946
  31.5986
  41.6198
  36.0066
  6.16808
  29.9883
  7.09804
  13.8785
  14.5384
  9.37137
   2.2894
  12.2269
  34.1547
  36.7332
  28.7194
  23.7446
  4.57994
  16.0507
  24.2031
  41.9102
  7.32075
  12.6032
  27.3765
 0.533402
  36.5817
  1.90603
  5.06873
   13.313
  7.30811
   30.079
  1.80745
 0.838264
  23.7323
  29.9347
  6.16849
   11.575
  56.2925
   29.946
  26.8201
  6.91288
  20.3373
  29.4675
  33.1839
  25.1293
  29.7156
 0.818663
  11.9221
  6.77153
  24.5791
  12.9923
  8.49579
  20.9427
   7.4583
  8.81366
  9.47778
  10.6726
  7.56764
  5.28311
  16.7161
  23.8028
   10.106
  10.7647
  15.7182
  9.56993
  2.19668
  26.5056
  5.06917
  19.4778
  16.2974
  6.71229
  25.4274
  7.12266
  1.87409
  24.8992
  7.56883
  8.94959
  12.3841
  19.2815
  21.5365
  6.50035
  32.3738
  36.2809
  33.5618
  1.79216
  15.1989
  16.4838
  10.1844
  22.4467
  8.35824
  15.7465
  3.32854
  4.63874
  5.52272
  30.7062
  7.80971
  59.0562
  5.92609
 0.876336
  6.73782
  26.2769
  6.45591
  2.10779
  18.2769
  29.5466
  56.5205
  32.1898
  2.19994
  1.87086
  7.83615
  1.87117
  34.8629
  10.3731
  9.46949
  2.77506
   2.0035
  16.9191
  9.36032
  5.86082
  1.35437
  12.6651
  3.70082
  10.0976
  37.7738
  36.5813
  6.80106
  3.30381
  14.0811
  57.8349
  14.7827
  1.17776
  11.3717
  7.07153
  31.4795
  24.8114
  8.36561
  11.5079
  15.7375
  2.18845
  3.22344
  14.4092
  17.3087
  10.4942
  21.1072
  4.08302
  13.0343
  2.62004
  15.9295
  7.17684
  13.5763
  5.10225
  39.6412
  20.9105
  10.4906
  29.7139
  19.2426
  18.6551
  6.23307
  9.54859
  13.2978
  20.7053
  27.0768
  8.84862
  19.5376
   19.648
  11.0729
  38.9611
  27.5456
  26.9857
  21.9985
  23.8208
  49.1103
  3.49353
   18.865
  35.4122
  15.4937
   26.124
   22.329
  6.85181
  4.37672
  2.73126
  6.59634
  39.6474
  33.7361
  34.9194
  43.8528
  14.0286
   31.404
  8.43955
  11.2963
  8.15666
  6.85475
  33.8218
  6.87533
  11.9288
   15.935
  2.63523
  4.85994
  25.7725
  2.32853
  6.41955
   15.143
  11.8852
  26.6298
  44.7123
  34.1491
  7.97395
  23.0038
  34.8416
  33.4658
  45.6246
  40.2503
  58.6677
  35.3943
  37.7172
  27.3586
  24.2933
  19.8066
  40.0277
  14.1624
  7.80909
  7.57288
  11.1599
  43.6094
  16.3031
    16.63
  13.9708
  20.3565
  27.4549
  11.2963
  18.6708
  4.02417
  35.1182
  4.30295
  24.9135
  58.2293
  27.6288
  35.3034
  20.8067
  22.9301
  6.49084
  14.4565
  33.9276
  10.5002
  19.6207
  8.30208
  17.0781
  21.0782
  24.9334
  29.3786
  14.5088