  2.89975
  5.07528
  7.28075
   7.6945
  11.5256
  11.6079
  13.3943
  2.33189
   11.984
   12.799
  11.5289
  13.7818
  16.0366
  10.1824
  10.6014
    40.99
  33.6722
  5.69799
   18.224
  21.8757
  15.5345
  16.4377
  21.7099
  22.1668
  21.4418
  23.3936
  21.6702
  22.7865
  26.9654
  18.2783
  27.8976
  20.8073
 0.879886
  7.64838
 0.167829
  1.57854
  6.45777
  1.07491
  5.82052
  7.00532
  3.20927
  7.43311
   1.9401
  8.56994
  6.57426
0.0678058
  5.95496
  8.98868
  4.80946
  3.80784
  2.63759
  49.8602
  37.3249
  49.8146
  31.9647
  46.9265
  9.07319
  1.68536
  6.88474
  1.42182
  3.11792
  6.26555
  14.3184
  22.2811
  23.8006
  32.2428
   6.3248
  2.90037
  12.1371
  7.35384
  1.46976
  5.83396
  8.66912
   11.164
  14.0527
  5.79869
  5.54018
  7.83776
  4.23232
  9.75663
  8.59374
  6.62901
  25.1399
  24.8829
  22.2681
  23.3079
  20.7802
  9.26175
  13.0105
  14.0323
  20.7865
  22.4884
  12.2945
  14.2219
   15.645
  19.5965
  19.0671
  14.6789
  11.1533
  8.63118
  4.39791
  12.7178
  27.5089
  18.0844
  13.2594
  17.6019
  15.3838
  14.1118
  28.3031
    6.807
  9.54995
  8.77838
  5.27764
  16.5468
  6.43249
  1.12946
  10.8136
  1.86868
  10.0883
  13.3932
  3.96626
  5.01914
  5.18124
  6.03787
  2.20142
  12.4511
  8.97481
  9.30682
  6.90703
 0.603097
  10.9349
  8.05891
  16.4627
  35.6645
   20.465
  18.7919
  4.70511
  17.3878
  23.6532
  23.8039
  18.9552
  22.2608
  7.53023
  6.20316
   25.802
  18.2735
  4.12219
  1.42518
  4.47528
  8.21499
  3.41188
  3.95272
  6.17918
 0.585075
  2.06595
  1.18632
  9.43319
  4.77048
  1.26736
  7.97628
  2.93932
  5.80053
  14.1959
  13.0104
  32.4689
  27.0556
  32.9133
  45.5726
  4.19607
0.0453152
  15.3968
 0.914416
  3.03334
  23.6832
  32.0192
  3.80987
  6.21219
  12.4032
  18.0459
  41.3589
  19.5523
  7.82657
  2.62723
  8.81413
 0.115572
  17.3556
  4.64716
  4.93548
  28.2638
  20.6994
  24.4156
  26.6589
  3.22548
  3.61173
   27.731
  13.0681
  18.2288
  17.9363
  3.65563
  21.6384
  14.0323
  11.9961
 0.217429
  7.86477
  10.7343
  7.60801
   11.566
  2.79493
 0.174321
 0.275059
 0.626308
  2.04268
  8.35531
  10.6914
  5.86157
  6.33718
  1.25292
  4.65586
  37.4947
  47.5127
  8.92483
  13.6213
  4.00329
  1.76888
  3.01401
  7.39047
  3.80085
  20.7206
  29.7757
  3.02611
  3.81103
  3.75206
  2.74774
  6.12364
  7.33853
  8.57868
  2.76126
  12.6218
  13.6528
  11.4208
  4.97451
   15.236
  15.4095
  14.3897
  19.6263
  21.4398
  17.6012
  10.7943
  21.8013
  1.68445
  16.8335
  12.1909
  10.3397
  13.2235
  3.04985
  14.7853
  17.3912
  14.4244
  21.7153
  11.3102
  45.8258
  14.3761
    12.57
  22.4125
  20.1067
  20.7615
  5.13807
  16.9527
  21.7666
  21.5897
  10.8434
  11.8407
  8.16009
  9.91786
  10.0255
  4.42799
  1.53848
  11.8085
  1.46445
  7.68636
  13.6718
  9.25769
  15.1419
  14.6293
  19.3815
  19.1191
  20.0115
  20.3046
  32.7804
  10.0085
  2.60825
  12.4113
    21.07
   22.516
   9.5096
  25.0987
  9.49112
  21.6084
  15.2128
  6.82382
  14.8353
  15.5559
  12.6941
  42.7918
  28.4261
  33.3405
  10.2503
  8.13864
   2.9389
  2.86669
 0.273851
  0.40563
   3.7878
  7.32045
  26.5423
0.0401045
  2.69578
  5.76579
  7.48918
  9.55105
  14.1427
  9.14218
  20.2979
  16.7134
   24.639
  40.8882
  40.1513
   3.2802
  2.85659
  20.2648
    5.481
  4.98566
  13.2396
  51.5921
  23.7803
  0.31347
   4.0679
  27.0381
  1.29479
  13.3827
  6.74646
  16.3277
  11.6158
   11.288
 0.992932
  13.1115
  10.0049
  24.0216
  40.3201
  8.19799
 0.598594
  7.93527
  4.04931
  2.78237
  4.37895
  7.98993
 0.438536
  2.14481
  2.63444
   9.8946
   2.0627
  7.97665
  9.00268
  20.0515
  21.6453
  17.0907
  15.4843
  18.5566
  11.3687
  19.6084
  21.3224
  17.2821
   9.2694
  9.69209
  6.76274
  19.8374
   15.767
  4.19172
  7.62198
  1.41009
  5.83308
  3.57317
  14.2041
  8.96279
 0.147948
  11.6319
   2.1811
  5.34493
  13.0878
 0.427092
   7.2994
  9.60012
  6.45514
  19.6209
  15.7259
  45.3858
  23.9208
  15.1225
  15.8292
  14.6135
  19.9224
  17.7306
  21.9119
  12.3601
  14.1839
  17.4507
  14.6974
  13.0867
  4.28148
  2.16824
  6.49897
  2.76012
 0.728229
  1.88321
  1.00102
  1.80097
  0.95247
  23.6641
  2.79039
  9.41047
 0.466931
  4.70622
 0.832284
  10.9134
  8.90078
    7.825
   32.585
  53.7505
  53.8536
  4.55534
  1.99608
  4.07904
  4.60263
   3.2802
  7.04963
  35.1632
  8.99867
  3.22792
  3.67065
   19.652
  7.76393
 0.540517
  32.0836
  33.3734
  14.6351
  47.7281
  9.50913
  16.3753
  14.0072
  16.3706
  23.9941
  28.1301
  26.4134
  24.3656
  13.5494
 0.942122
  17.0822
  11.5936
  19.4693
  12.9978
  8.80987
 0.515211
  1.77623
  7.81808
  6.45602
  12.8234
  11.2433
  8.14362
  19.6509
  17.7947
  13.5889
  12.7962
  14.3956
  20.3408
  15.9719
  1.87119
  2.15826
  13.1189
  14.1067
  6.96635
  3.44871
  2.22126
   4.7597
  17.8123
  21.8752
  17.1149
  14.5611
   23.599
  12.6807
  6.02982
  8.84129
  3.61548
  7.36933
  18.6087
  4.91245
  10.0863
  41.8657
  4.76833
  7.40737
  3.81903
  3.26444
  1.48063
  1.37499
  3.23332
  1.05309
  4.23685
  8.94376
  15.8201
  50.4161
 0.440025
  1.30249
  7.72808
 0.458652
  9.58391
  6.09538
  31.4746
  35.7554
  3.28112
  17.5459
  11.0541
  14.2439
  6.82026
  9.50998
  2.56396
  29.8248
  7.60626
  31.1147
 0.496843
  43.2617
  22.7449
  20.9412
  44.9209
   2.7951
  14.2215
  7.00733
  12.0013
   3.4541
  10.1829
  21.2439
  22.4023
  29.6238
  24.6518
  6.59786
  19.8734
  11.9356
  9.99503
  27.0968
  13.2193
  18.4496
 0.154748
   12.101
  1.27009
  41.0107
  10.3892
   26.673
  8.51972
  15.0068
  5.74315
  13.9299
  6.91059
  15.7131
  14.7247
  31.2588
  17.4068
  3.77383
  3.79223
  12.6912
  12.0291
  18.8808
  6.48344
  29.1917
   10.369
  10.9196
  17.1156
  8.97326
  23.4086
  2.82703
   2.4212
  21.6212
  21.8142
   21.257
    17.59
  9.32365
  14.9962
  26.8157
  1.78925
  4.13021
  21.2682
  19.5749
  14.8148
  16.3566
  32.4067
  14.4091
  24.8744
  16.7102
  19.4782
  8.01049
   15.066
  7.75962
  17.9013
  18.3141
  26.8124
  11.5155
  4.16049
  30.5615
  13.8632
   1.5723
   51.509
  6.23267
  2.12072
   16.394
  19.1173
  21.3121
  5.53812
  7.16248
  16.8337
  44.2383
  24.8784
  15.5921
  13.9056
  20.6943
  13.1806
  13.9349
   14.934
  11.5434
  7.25454
  12.1983
   1.1281
  0.79023
  6.93976
  11.9212
  3.19222
  4.20759
  14.5443
  2.28766
  6.12627
  21.2639
  18.5144
  8.48254
  21.7875
  2.47502
  22.4365
  13.7632
   14.986
  19.5847
  21.4892
   19.669
  15.3098
  17.5934
  16.9546
  24.6512
  8.06722
  41.3315
  10.8762
  14.7225
  16.0495
  25.1534
  16.2846
  14.8791
  16.0058
    6.735
   23.056
  10.2044
  25.2033
 0.583242
  23.7345
  16.7772
  6.81206
  31.5165
  34.2974
  9.43516
  19.9117
  9.56115
  3.02045
  4.60282
   7.2788
  10.0702
  4.97619
  13.2766
  11.8028
  40.8659
  6.26417
  23.9205
  18.3106
   28.317
  30.8248
  14.5931
  17.5864
  27.7479
   29.759
  37.2256
  34.8546
  28.7009
  39.6689
  35.7485
  6.56211
   36.792
  9.61097
  14.8521
  11.2899
  18.7987
  12.9776
  42.2195
  39.7078
  39.4352
  42.3603
  20.0475
  23.4384
  27.4019
   43.287
  9.17871
  22.1705
  37.8892
  10.5182
  40.4519
   21.944
  11.3384
  25.1808
  2.77089
  10.6668
  40.9092
  39.2359
  14.7443
  36.1069
   35.419
  28.2305
   12.036
  43.9348
  43.2244
  41.9121
  42.2876
  8.24209