  7.70407
  3.87817
  13.1095
  13.7445
  25.7315
  27.2852
  9.72532
  25.5451
  11.2285
  4.46829
  4.25062
  5.58901
  5.80803
  10.8162
  4.62434
  41.7753
  41.1024
  8.38977
  7.71245
  28.2198
  23.2553
   23.247
  17.5462
  5.91451
   12.576
  10.2133
  12.0616
  10.6424
  2.39606
  4.06382
  46.2856
  39.4056
  42.0256
  36.6302
  0.73338
  16.3371
    12.97
  14.6006
  7.10785
  13.4551
  31.7763
  23.9521
   33.154
  35.3258
  34.1706
   24.402
  30.8057
  28.4352
  36.3591
   34.577
  34.5667
  39.9664
  4.51287
  8.34598
  7.59059
  6.77887
  10.7719
  5.67238
  4.86413
  3.44614
  4.75778
  3.54184
  4.16018
  4.96967
   16.608
  3.12203
  3.58764
  16.7363
  2.06062
  17.6091
  14.4214
  4.09831
  8.15001
  1.19715
   20.742
  42.4212
  37.3744
  38.8458
  40.2241
  8.35053
  8.70865
  7.52825
   4.0897
  3.31144
 0.058164
  14.1699
   18.701
  25.9807
  19.0408
  38.8661
  27.0927
  3.24389
  39.2671
  28.1731
  29.0928
  32.8321
  29.3864
  26.7816
  25.2578
 0.787992
  0.59058
  30.8131
  22.4628
  30.9759
   17.997
  11.7194
  13.3499
  3.57964
  14.6371
  8.69153
  13.7372
  11.7835
   15.208
  7.30782
  18.4927
  4.37622
  17.6661
  4.90454
  0.42706
  11.8234
  4.68073
  23.0955
  31.9866
  32.7011
  29.0435
  39.7297
  23.5675
  22.0596
  4.25443
  4.09721
  4.21827
  3.55011
  27.9412
   28.082
  25.3008
  23.3221
   26.834
   17.267
  8.20514
  4.99869
  9.80041
  8.80981
  28.6872
  16.4883
  1.65343
  31.6638
  31.0179
  32.0053
  11.6613
  16.1373
  2.86632
  2.82751
  15.4323
  15.7055
  7.91829
  9.23241
  7.73441
  12.5446
  9.33828
  9.68409
  5.44617
  14.5087
   5.5033
  4.78778
  3.87406
  7.52798
  5.56678
  12.3065
  4.02106
  3.40777
  16.4361
  12.1129
  16.6383
  25.1126
  28.0324
  11.3334
  9.54227
  4.63925
  3.54718
  22.1951
  21.4174
 0.538463
  11.6156
 0.314134
  8.33793
  18.4648
  15.9446
  13.2969
  2.95118
  13.0945
  16.8375
  3.65775
  15.6665
  0.94963
 0.296401
   38.616
  32.7767
  21.0885
  9.42709
  18.0104
  33.7681
  35.1343
  38.3755
  19.4505
  39.7742
  23.6061
  35.7214
  13.4004
  22.7382
  23.0297
  38.3362
  38.9962
  21.7609
  21.0902
  9.87431
  9.40129
 0.210979
  33.8777
  31.4994
   41.452
  4.61323
 0.712519
  16.8018
  15.3137
  7.59598
  2.65704
  20.8818
  25.5941
  29.7218
  37.1998
  19.5721
  34.3618
  34.2099
 0.144062
  13.2866
 0.549842
  1.07436
  40.0274
  64.1515
  57.2613
  31.1733
  9.04732
  12.5531
  12.5298
   3.1974
  9.44429
   33.001
  12.6642
  15.3094
  24.9078
  35.2522
  44.6666
  29.6678
  11.0843
  14.4583
  33.2577
  21.4072
  25.9559
  22.6098
     2.86
  4.32637
  1.04368
  3.27771
  8.68693
  18.7647
  38.9962
  18.1365
  28.4102
  23.4416
   38.262
  41.6639
  26.9067
 0.255338
  37.3335
  39.0574
  35.6005
  5.85528
  8.34747
   9.1607
   8.9743
  1.59414
0.0802848
  8.43506
  3.58803
  16.4632
  15.4543
  37.1381
  37.3744
 0.727934
  6.92493
  25.2074
  27.5506
  14.8385
  4.89823
  6.43582
  7.04512
0.0968752
  31.2578
  34.3165
  40.1595
  30.2878
  23.7923
  33.5779
  24.3839
  33.7089
  18.7775
  40.7542
  33.6168
   33.722
  37.4454
 0.150603
  11.0222
  2.69777
  15.9261
  9.28699
  10.9583
 0.225542
  1.16458
  18.3816
  7.14919
    18.42
  8.66569
  9.00488
   26.709
  20.4451
  23.0495
  28.8093
  5.96394
   8.3729
  17.4095
 0.532885
  7.17034
  4.95539
  5.23609
  3.36373
  1.12038
  28.8301
  17.4873
 0.777311
  26.9801
  4.21168
  14.9102
  11.9676
  40.0574
  16.6528
  26.2588
  14.3475
  10.7805
  18.7385
  2.43628
  6.15048
 0.589029
  2.98799
  13.4762
   10.316
  6.29735
  7.77706
    10.24
  7.29205
  36.0248
  2.55935
   7.2978
  17.4981
  1.79524
  12.1968
  23.8027
  12.2274
  29.4112
  31.5582
  1.23152
  4.91511
  13.4255
  14.3075
  45.0171
  15.2097
  1.77883
  8.30003
  23.7569
  3.58834
  14.7833
  32.6048
  23.2219
  20.0743
  22.6209
  10.3489
  5.93532
  4.20703
  9.09093
 0.986865
   12.306
  4.47558
  3.50793
   12.594
  13.4551
  4.58115
  13.2991
  16.3216
   26.142
  24.3263
   26.486
  30.8129
  32.1762
 0.938762
   34.038
  41.2877
  4.00798
  21.5993
  30.1946
  24.4216
  23.4833
  35.1792
  30.7374
  22.7205
  36.7678
  37.0891
  2.32669
  17.5021
  16.8968
  6.43499
  2.24577
  8.85518
  23.4824
  6.00322
  15.7417
  41.4246
    11.58
  4.41696
  5.31907
  8.35339
  1.16512
  4.70499
  19.0007
  2.80031
  1.48412
  4.95804
  6.45127
   12.594
  17.5015
  8.24671
  20.9432
  42.1148
  7.62003
  13.2311
  19.3519
  31.2308
  8.00099
   16.282
   29.416
  11.3852
  27.9512
  28.4847
  7.05585
  17.3115
  10.3345
  12.5957
  17.4862
  27.4312
  58.0258
  16.2407
  5.04799
  0.49215
 0.254338
  47.5234
   55.222
  16.5381
  21.5757
  16.1214
  13.0351
  11.0619
  9.39238
  8.18845
  7.25215
  7.23328
  7.11624
  26.8684
  13.1708
  30.6068
  30.7832
  20.0339
  21.6305
  1.87353
  25.3247
  7.84829
  8.56418
  35.2939
  27.3117
   10.123
  30.4464
  33.6204
  3.87616
 0.492409
  19.1457
  29.7091
  10.0175
  1.55525
  8.20348
  1.17722
   7.9021
  9.52223
  12.2562
  28.6076
  18.1236
  22.0647
  22.9023
  23.4039
  9.71286
  13.2468
   13.886
  6.50553
  14.5213
  21.1306
 0.638517
  11.5725
  7.17563
  3.38956
  7.94725
  10.7805
  14.1955
  16.4146
  5.68216
  14.4974
  11.3643
  14.7074
  13.7568
  5.85026
  3.18604
  7.11125
   8.3326
  12.0162
  15.0211
  24.4958
  1.91686
  21.7832
  13.1079
  32.3302
  1.16229
  28.0358
 0.785744
  7.84436
  3.25637
  8.39492
  30.1015
  22.7299
  30.8901
  25.5267
  8.22871
   10.603
  11.0988
  12.6426
  12.9519
  0.82097
  15.8891
  13.7372
  7.09276
  30.7755
  39.6617
  1.55592
  31.2782
  34.3344
  38.7144
  45.7933
  32.8039
  35.5053
  18.6479
   29.416
   35.919
  11.0016
  28.7246
 0.389992
  10.4791
  2.30025
  21.2999
  23.4396
0.0409412
  8.79171
  2.18971
  27.3929
   52.605
  43.6026
  15.1213
   3.4755
  1.93303
  0.91438
  14.6928
  15.4657
  4.05538
  10.6915
  3.08038
  15.4041
  42.1485
 0.599075
  3.62762
  13.5209
  30.5712
  16.4412
  29.6835
  25.7084
  34.1931
  8.95922
  34.9168
  29.7587
  31.4664
  5.47207
  1.38578
  6.04134
   18.964
  14.1872
   44.559
  21.3473
   22.863
  14.3074
  13.3676
  37.7184
  38.6478
  1.28121
  30.4742
  39.7736
  13.4315
  10.7658
  22.1999
  18.2675
  30.7938
  28.0624
  9.95193
 0.172263
  11.8364
  5.92714
 0.276867
   24.419
  24.3886
  6.14732
  14.1367
  19.6356
    10.67
  19.7772
 0.598518
  12.2238
 0.971389
0.0922522
  13.5771
  2.73664
  19.0397
  24.8338
  16.4955
   7.1287
  23.7161
  24.1237
 0.371987
 0.799433
  16.9924
  8.88888
   4.9035
  16.8079
  5.20231
  1.85508
  13.5334
  16.8917
  5.99481
  14.4259
  23.5119
  10.3637
  6.63918
  9.52198
  10.2481
   3.1509
  34.5945
  22.2612
  27.0147
  27.2647
   14.766
  15.2034
  8.94248
   5.7203
  1.56815
  11.6096
  13.7929
  1.84743
  1.86117
  12.4821
  2.95842
   2.4094
 0.860438
  9.55384
  14.8053
  16.8942
   5.5307
  11.3749
  11.6876
  13.7869
  10.4916
  23.7009
  6.51636
  24.9316
  31.1477
   30.768
  2.18589
  1.71922
  30.8795
  40.8123
  21.4342
  23.4828
 0.198998
   2.9414
  1.80732
  25.8854
  20.9388
  37.8501
  46.8853
  6.90352
  2.62179
  1.07688
  14.3852
  16.3657
  13.9274
   3.2166
  47.3353
  19.1504
  15.2402
  37.6056
  28.8505
  21.5511
  40.1073
    2.347
  18.3068
 0.129962
  25.0903
  23.0661
  36.6461
  5.25648
  1.96104
  7.69366
  38.8309
  21.4739
  21.3171
  41.6801
  2.65064
  9.32082
  14.4851
  8.69178
  10.5507
  25.6467
  35.8678
  31.7534
  13.9989
  7.80524
  36.8991
  21.3917
  19.3154
 0.510189
  31.5037
  7.13736
  52.8267
  5.94332
  19.2027
  30.8505
  32.0295
  2.16614
  26.5183
  4.04941
  9.13952
    8.493
  4.86092
  21.5557
  61.1011
  67.0619
   15.433
  31.1104
  18.9195
  10.6279
  50.6533
  56.1143
  22.8038
  0.94866
  10.3194
  2.72598
   18.036
  4.91023
  5.27981
   4.2495
  6.14688
  0.18713
  1.75299
  5.26205
  22.3142
  22.2159
  1.41272
  27.8338
  15.5391
  34.0678
  35.5571
  27.6483
  34.6981
  51.5744
  48.0985
  17.7234
  5.91774
  4.48586
  1.19288
  4.58925
  21.5993
  12.4005
   13.723
  10.3183
  16.4958
  13.6871
  15.9986
 0.665354
   34.944
  1.41215
  24.7458
  9.53414
  4.97941
  7.21866
  1.17974
  10.1692
  45.1443
  51.3359
  22.9514
  1.65529
  49.8052
  43.2561
  44.8569
  14.5894
   31.828
  7.08466
  32.0817
  54.9552
  50.5644
  17.7104
  6.31815
  15.0494
  4.56618
  18.1326
  8.37393
  19.0149
  21.0398
  2.05022
  38.4487
  1.34621
  38.7291
  1.08714
   12.806
   12.328
  2.78982
  51.0707
  38.4877
  34.0678
  12.5887
  13.5958
  2.24505
 0.407087
  25.2265
   26.834
  3.44213
  3.20892
  12.8391
  9.16337
  2.20808
  3.11849
  2.90422
  1.97228
  5.42428
  28.9129
  1.96331
  73.2191
  47.6134
  23.8539
     6.58
  19.8254
  30.5753
  5.33814
  4.17636
  17.6541
  8.10283
  37.7346
  9.26676