  41.2915
  5.99881
  4.54906
  12.1846
   39.681
  25.0508
  43.6774
  32.5539
  3.80063
  2.56245
  1.68395
  1.64755
  42.1638
  39.7864
  49.7862
  46.5329
  16.6116
  42.2007
  12.8772
  18.7173
   7.9869
    12.31
  5.61563
  4.50862
  17.1504
  36.0389
  47.7872
  13.2207
  7.07503
  25.2262
  3.63824
0.0266644
    2.318
  38.7466
   4.0819
  3.39274
  1.45383
  3.63386
  49.3737
  22.5698
  2.21745
  32.6414
   6.2359
  13.7361
0.0208344
   1.6682
 0.296769
 0.652052
  16.5237
 0.503609
  22.1907
   18.289
  4.76031
  9.67851
  7.99461
  1.60931
  13.3794
  8.76764
  8.05188
 0.709597
  42.7419
  30.7607
  2.20243
  10.8869
  31.2013
  20.5747
  10.0953
  5.24174
  24.8563
  6.39645
  9.88089
  2.72303
  1.70997
  37.4455
   36.173
  4.01266
  20.6129
  1.91178
  9.48233
  43.4424
 0.442987
  2.48839
0.0378409
  7.33303
  17.4548
  6.80032
  16.5562
  17.2104
  14.5016
  18.1195
  1.44714
  8.18073
  5.18414
   30.298
  1.61357
  13.2698
  34.4566
  9.46107
  21.2637
  8.21259
  31.9006
  4.23492
  7.48408
  16.5241
  17.5648
  7.00656
   2.5389
  24.8973
  16.6356
   30.016
  3.40632
  21.9048
  32.5835
  31.1733
   29.247
  2.55347
  2.66773
   18.169
  3.28654
  2.25483
  16.9564
   10.885
  33.3889
  10.6071
   27.271
  35.2985
  34.7183
  4.37016
  19.3758
 0.768468
  9.24653
  2.36867
  5.46719
  50.4298
  6.69782
  13.9706
   31.018
  43.5169
  38.6378
 0.871141
 0.299162
  1.17823
  41.0205
  42.5929
  21.1519
  8.53983
  21.2019
   7.6222
   9.7892
  8.15348
 0.821775
  4.26405
  4.44774
  10.1745
 0.813148
  34.3625
  7.06993
  17.5541
  2.22815
  5.74844
  9.83096
  2.04294
 0.277392
  8.11901
  2.30824
   5.5282
  7.92704
  42.7095
   6.4354
0.0327711
  12.5972
  20.8624
   14.609
  6.31568
  10.3379
  9.02173
  11.2711
  5.75655
 0.559754
  36.3384
   33.847
   4.6692
  46.4343
  9.91543
  4.23035
  1.61654
  1.97199
  37.2141
 0.398672
   4.0141
   13.158
  2.93353
  4.42718
  8.00266
  7.85777
  2.87498
  8.70886
  3.57966
  4.87749
  6.93397
  1.67971
 0.790321
  3.53831
  1.97799
  36.1418
  10.0305
 0.807523
 0.188584
  3.74185
   2.4841
  6.67791
  8.48024
 0.172363
  13.6275
  2.97064
  37.0849
  41.2652
  3.19456
 0.680075
  32.4794
  2.72961
  10.9634
  15.4377
0.0604692
  11.5525
  2.01947
0.0671667
  1.70015
  31.1995
  17.4311
  2.41621
  1.72169
  41.7102
  3.78105
  38.8695
  36.7382
  45.3204
  4.87726
  4.67731
  1.23412
  2.79042
  11.0102
 0.105677
  2.33043
 0.864698
  9.47931
  1.86667
  38.2955
  2.59209
  14.2876
  7.25255
  13.6795
  15.9551
  3.36697
  8.97188
  1.18461
  1.39721
  11.7801
  2.25966
 0.377057
  3.18879
  1.71755
  7.06173
  30.8245
  8.35688
   5.2778
 0.794759
  4.43948
  3.70727
  33.5011
  2.00825
  5.09421
  35.7454
  18.3825
  16.3253
  9.12063
  10.3973
  4.39766
  9.32954
  4.60067
  11.5601
   42.633
 0.545098
  3.53233
  2.04297
  3.84416
   42.633
  10.0281
  29.6959
  33.9715
  38.2893
  23.8962
  6.74711
  10.4755
  15.7999
  37.8753
   41.833
   37.291
  15.5108
    9.549
  13.3732
  24.2241
  44.6698
  1.62274
  13.0678
  19.6506
  40.1505
  17.3408
  25.5652
  10.4764
  18.1156
  4.09145
  6.73235
  4.48096
  34.7923
  4.41162
  50.1148
  11.7691
  12.8489
   35.388
  6.35849
  4.88664
  3.92941
  4.62111
  2.75741
  41.1369
  40.7552
  24.3871
  4.28543
  2.99329
  22.0039
  3.93995
   41.528
  45.4172
  47.1407
  36.9719
  19.0302
  44.8044
  2.78277
  10.7601
  19.1673
  8.64802
  9.52142
  7.80014
  3.15821
   4.6994
  18.7011
0.0169521
  3.54733
  8.28897
  6.90483
  15.0054
  6.72601
  20.0512
  4.77548
   8.8535
  3.43034
  50.5837
  6.56171
  5.35254
 0.698852
 0.131406
  3.24305
   11.916
  26.1242
  1.50001
  13.4264
 0.418637
   3.5937
  12.3062
  4.91218
  40.2689
  6.84645
  11.9988
  11.9159
   9.5729
  0.39673
  4.19355
  9.98499
  5.21087
  5.06839
  12.0975
  6.44379
  12.1435
  27.4723
 0.618748
  6.87156
  6.29652
  2.71159
  2.80422
  7.06686
  0.78216
  13.2966
  19.2969
  16.7766
 0.448582
  12.7785
  11.4969
  2.78018
  2.83929
  38.7707
  5.92907
  12.7107
   8.6861
  40.8114
  17.4601
  19.3428
  16.4224
  4.71192
 0.190446
  33.5365
  7.86757
  10.0804
  6.15892
  7.39169
  2.22876
  4.12485
  4.09575
  6.31019
   1.8498
  4.39244
  37.7569
  7.42697
  10.7239
  28.5831
 0.566283
  6.06129
  6.33868
  40.1993
  4.39455
  6.36435
  13.9643
  37.4526
  2.59757
  4.33723
  10.1516
   14.891
  30.8162
  39.6056
  6.52328
  10.5193
   22.062
  4.60698
  22.1543
  4.36869
  3.37044
  9.72031
  26.1811
  11.6585
  4.50971
  10.1185
  2.24532
   1.9365
  29.2246
   54.868
  48.3044
  41.7683
  43.0746
   16.034
  14.0563
  36.2776
  51.1603
  21.0452
  31.8795
 0.918997
  32.4997
  1.78682
  33.0019
  4.35631
  5.70787
  14.3673
  12.0629
  28.8293
  3.69522
  37.5163
  11.7411
 0.422782
  16.5079
  12.8262
   8.8313
  14.8218
  8.14636
  7.84186
  3.04817
  7.62221
  1.95945
   14.487
  5.56901
  33.9313
  16.0525
  1.88903
  32.3748
  35.0654
  14.5529
  6.86957
  15.2044
  3.96246
  11.6782
  8.41944
  30.1645
  4.92482
  3.64784
  4.94506
  6.80808
  2.82932
  4.98331
  19.7533
   14.171
  2.81096
  8.95434
  6.15262
 0.377051
  12.5948
  7.21069
 0.928423
  1.77425
  2.41009
  3.46169
  5.66869
  3.92489
  1.56648
  32.4665
  7.52032
   12.663
  16.1781
  37.5167
  1.55888
  14.1253
   7.8774
  10.3035
  6.83941
  17.8354
  3.70322
  31.8535
   3.0101
  1.22917
  34.9477
  11.1872
   15.373
  7.66091
  3.27479
  9.99972
  7.77312
  8.95604
  9.12217
  11.7342
  4.09737
  7.86296
  18.9138
  11.6742
  9.22118
  3.89326
  27.4341
   31.305
  34.8202
   30.511
  16.5025
  4.68838
  4.17481
  36.0723
  33.4735
  6.01463
   10.215
  16.6667
  10.0912
   5.6285
  3.53589
   12.663
  3.96622
  6.96368
  14.2379
  9.54746
  6.26111
  5.60557
  8.33912
  1.61506
  1.79419
  15.5051
  15.6605
  11.2212
  12.0136
  4.28711
  2.76903
  7.37737
  1.72537
  6.27145
  15.1049
  1.00645
  6.31501
  6.31798
  10.6999
  6.64802
  7.50067
  13.4816
  15.8677
  1.14346
  11.5013
  10.4766
  12.6917
  36.7295
  2.93869
  5.93944
  1.48427
  9.21931
  1.81999
  14.6807
  4.39841
  7.73886
  13.2636
  9.14103
  6.14088
  11.1961
  15.6543
  12.2781
 0.705099
  10.3306
  3.52063
  7.36077
  2.48266
  24.4202
  5.46493
  12.8071
  3.79929
  1.19979
  15.1481
  14.7049
  14.2271
  7.02491
  6.52898
  2.04331
  1.66609
  28.7206
  37.9337
   1.8379
  20.5557
  26.3316
  20.5259
  18.1743
  3.78179
  6.41781
  13.7778
  5.95772
  16.6634
  19.5458
  1.74848
  3.11562
   30.398
  6.42956
  2.70599
  5.33658
 0.301479
  7.81744
   5.1061
   3.3801
  9.77844
  3.28828
  20.4073
  20.2491
  14.6693
  18.6614
  21.4375
  4.46314
  15.0691