  4.01589
  5.66041
  10.5016
  16.3377
  20.1718
  7.21838
  8.81874
  20.9828
  21.1371
  20.2309
  23.2225
  13.5824
  15.0585
  16.1637
  8.83838
  9.60553
   12.631
  14.7471
  30.1128
  31.3799
  29.6774
  31.8998
 0.335928
  3.17589
 0.965599
 0.820498
  3.51643
  12.0333
  12.4775
  6.09407
  7.44413
 0.311272
  2.39724
  4.91818
  3.28607
   2.4948
  3.38767
 0.245831
  1.43249
  6.99127
  26.6846
  19.6522
  26.1642
  29.4372
  25.7418
  8.58352
  1.64857
  10.9409
  7.63621
  2.31269
  7.70168
    14.87
  7.27026
  33.5014
  20.1871
   8.4621
  13.9266
  8.52853
 0.424452
  6.51385
 0.658947
  5.21522
  1.71931
  1.34953
  7.58374
  6.49985
  3.98763
 0.403577
  9.65026
  6.47005
  24.8931
  32.9203
  28.8854
   27.911
  28.0023
  32.9517
  36.6586
  15.9987
  15.4487
  8.38903
  9.38184
  8.97323
  13.1325
  11.2147
  24.5464
  19.4898
  12.4187
  12.9036
  26.8873
  1.39234
  14.1637
  8.71957
  9.37999
 0.440127
   7.0795
  11.6298
  6.25987
  9.90401
  15.4911
  5.82752
   11.065
  22.9525
  11.6725
   11.838
  7.58291
  20.0227
  16.0196
  12.5247
  7.52268
  10.8284
  4.08322
  5.79464
  17.0041
   8.4782
  3.62627
  4.98878
  20.8875
  22.1609
  2.10559
  5.12416
    11.25
  13.9049
  1.51005
   13.414
   18.519
  20.4582
  10.2033
  8.70711
  8.21644
   13.134
  14.0273
  3.33859
  15.9059
    7.088
  7.14074
  4.50959
  3.45706
  19.3272
  18.5423
  30.5693
 0.999567
  1.96403
  13.7093
  11.5806
  3.10295
  34.8637
  10.7099
  4.40623
  5.14779
  16.5443
  19.7957
  2.69355
  10.0243
  16.2428
  13.1743
  31.8941
  5.80804
  5.27486
  30.1181
  31.8362
  26.1667
  28.0056
   12.302
  8.06519
  8.30457
  17.5619
  7.36573
  8.41814
  6.07572
  3.66637
  7.52833
  3.79847
  5.43194
  14.8518
  10.8598
    7.203
  2.73836
  7.55859
 0.848079
  15.8685
  24.1872
  2.75023
  24.0805
  6.32925
  1.36003
  3.24269
  6.96154
  2.51985
   29.741
  18.8499
 0.217012
  3.67619
  10.1072
  9.48882
  5.70593
   6.0611
  1.32438
  1.11628
  10.1264
   1.9545
  5.53733
  3.42842
  8.94096
  2.22599
  26.9544
  29.2341
  29.8552
  35.0163
   15.134
  16.4901
  15.4276
  15.8373
  17.2028
   11.664
  19.9655
  23.0111
  20.4554
  29.1577
  17.9523
  9.49642
  4.04527
   28.703
  17.2012
  19.8628
  17.1285
  14.3646
  2.11516
  3.53034
  5.84303
  8.57164
  10.8287
  7.75909
   2.5502
  2.07697
  21.3089
  14.0278
  23.5261
     24.5
  19.3833
  18.0373
   14.782
  27.9638
  34.5233
  30.1604
   30.544
  3.82173
  1.37805
  3.68753
  5.77731
0.0897461
   4.6681
  9.11083
  1.45791
  6.46258
  15.1172
  2.55583
  18.0144
  8.63623
  8.86539
  9.24397
  9.17311
  4.50794
  7.91151
0.0724085
  12.4843
  6.14236
  17.6237
  26.4149
  22.3827
  4.67403
  1.54089
  1.13802
  1.87896
  1.77553
  16.2938
  44.3697
  11.2876
  5.88273
  14.5424
  32.8332
  2.75887
  11.4988
  1.90571
  4.12044
  31.3673
  0.76452
  14.4441
  12.9189
  25.5135
  7.96599
  4.09875
  14.4551
  14.7101
  6.61448
  7.96097
  12.4836
  12.7735
 0.259695
  7.73234
   1.9932
  5.01018
  1.22968
  11.4138
  11.6236
  12.5924
  7.96706
  9.08601
  18.5701
  16.2854
  21.2566
   13.364
  11.0256
  1.22956
  5.65534
  10.4671
  8.08955
  7.31906
  4.31938
  1.86557
  16.9964
  7.99205
  1.79298
  3.34732
 0.133359
  2.88166
 0.677306
   6.5653
  28.7419
  10.4481
  17.0108
  11.2369
  31.3887
  29.6864
  27.3764
  30.1132
  10.0065
  4.71268
  10.3426
  1.00962
  14.2563
  3.05803
  12.2839
  20.4571
  8.99839
  5.93881
  31.1991
  7.26655
  7.63399
  2.72332
  14.9876
  7.32222
   9.6043
  4.87409
   1.0552
  31.7149
  18.0565
  33.2164
  7.56684
  4.91491
  5.27389
  2.26775
  4.67403
  4.55399
  10.6612
   4.5124
  6.02136
  29.3238
  7.17112
  3.28619
  15.9689
  24.6807
  6.03765
  26.6321
  25.5044
  21.9652
  6.07286
  33.4113
  12.9876
  11.1127
 0.176325
  5.66526
  4.07727
  10.4061
  4.89356
  2.79311
  14.3547
  8.70049
  12.0829
  18.4495
  21.5168
  8.45142
  20.6807
  1.68311
  5.70377
  2.35608
  13.5822
  11.1516
  11.4218
   4.0343
  8.51198
  34.4059
  23.3501
  29.9359
   3.9916
 0.964148
  4.35583
  8.92173
 0.661222
  3.18848
  10.9241
  5.82064
  10.2454
  5.75012
   1.7464
  6.93286
  13.0043
  14.3346
  12.1018
  29.6866
  29.2577
  3.88095
  4.54128
  1.61401
 0.701028
  1.88645
  16.2409
  22.6403
  8.31774
  24.5712
  1.80597
  13.0561
   3.0425
  15.2093
  9.12441
  6.89983
  5.80556
   11.249
  4.70322
  12.1959
  6.47905
  31.8947
  29.6882
  24.7139
  18.7434
  4.84332
  31.7708
  3.11108
   1.1522
  26.2949
  15.0915
  20.8003
  9.54784
  18.5485
  27.6931
  17.1538
  16.3211
  11.1039
  2.48589
  30.8821
  7.57326
  6.83543
  16.9487
  19.9086
  27.4488
  19.4652
   2.2413
   19.682
  31.6102
  29.0555
  2.11841
   17.057
  7.36332
  19.1432
  2.31456
   5.1577
  15.1701
  33.5093
  3.00564
  34.3698
  8.48451
  7.03081
  8.16898
  7.45845
  22.1054
  14.0104
  13.8222
  31.8334
  28.9377
  29.8277
  14.3548
  2.64533
  28.3262
  13.9495
  4.83569
  16.8009
  24.1385
  24.0926
  22.8158
  24.4487
  3.33343
  24.1414
  5.72108
  22.2167
  8.69687
  9.12016
  29.7783
  7.62955
  19.4285
  24.3261
  7.65477
  3.65108
   29.164
  1.84658
  11.6298
  27.5564
  4.95885
  3.45713
  14.2332
  25.1128
  24.3177
   8.1168
  30.4119
  25.9576
  6.23883
  1.88503
  14.3027
  26.0726
  8.76178
  10.8328
  28.0708
  22.3617
  5.78048
  13.5835
  1.41555
  13.3294
  0.19086
  10.9963
    10.35
   2.3883
  3.40803
  7.55312
   12.632
   17.675
  29.6506
  24.5599
  14.7572
  6.80497
   7.0204
  10.4964
   8.9659
  14.3962
  19.5604
  24.7852
  5.68087
  17.5744
  22.5816
   11.341
  15.6314
  10.6843
  1.93184
  19.5446
  12.5598
   30.107
   28.335
  21.8033
  10.5117
  14.2262
  15.9616
  28.3824
  9.07633
  34.2543
  22.8959
  14.3548
  1.70344
  3.05663
  31.1064
   12.365
  1.92887
  6.98378
  9.88085
  21.3399
  14.0217
  23.9175
  29.7161
  17.0785
  27.4714
  29.7995
 0.255855
 0.726683
   28.129
  33.3973
  28.6478
  24.4329
   28.941
  16.8699
  30.2083
  32.7088
  23.4093
  24.0976
  14.0486
  12.0184
  14.8756
  30.2461
  29.9868
  10.7526
  31.9307
  2.89217
  4.13067
  1.61885
   19.017
  10.2327
  15.3484
  16.1394
    10.55
  25.0415
  38.1603
  1.27822
  30.2108
   17.971
  9.33389
  9.43287
  3.13955
  2.72081
  8.87476
  35.0341
   5.7403
  8.16187
 0.605984
 0.142693
  31.6678
 0.262426
  13.3279
  30.4556
  5.44224
  4.70687
  24.2448
  5.29254
  27.1557
  4.06467
  27.0222
   4.9075
  10.9151
   17.793
  14.5462
  19.7929
  18.2962
   10.943
  35.8387
  24.1258
  9.71765
  22.6647
  23.9027
  17.6834
  4.47738
  10.1969
 0.112617