 1.44607
 1.28918
 11.2007
 12.4562
 16.9489
 11.8415
 21.6062
 22.5736
  17.722
 2.14209
  23.164
 19.1124
  17.001
 4.73563
 8.75192
0.578874
 14.8692
 3.77617
 0.99918
 1.15177
 4.31293
 6.53722
 3.87721
 2.58758
  4.8351
 8.37842
 5.58425
 3.48886
 5.56944
 30.5035
 22.2332
 26.5675
 30.5516
 26.8045
 5.29287
0.636345
  2.7276
 8.35057
 1.52698
 8.37729
 25.1265
 15.5806
 36.4839
 44.0966
 27.0815
 17.7913
  28.604
 19.9511
 29.7043
 22.3061
 12.6596
 16.3871
  5.2803
 37.7393
 40.2856
 22.4365
 33.2289
  25.559
 38.7162
 10.5276
 6.17595
 24.6478
  21.265
 9.91562
 6.08222
 6.67511
 11.4227
 15.8697
 18.5646
 22.4128
 5.16247
 25.4778
   4.106
 30.2858
 11.3686
 14.0472
 15.4591
 2.60385
 24.2874
 7.76952
  18.678
 21.8217
 3.18636
 9.09573
 13.6311
 22.3108
 30.2434
 6.55681
 25.9482
 12.2159
 27.4153
  12.674
 21.9766
 26.6153
 27.5249
 6.88544
 16.6191
 12.6006
  14.797
 20.4546
 9.36738
 2.93227
 4.44357
 17.6136
 39.8649
 41.0797
 33.5499
 8.31122
 22.0651
 13.8958
 3.50662
 3.04147
 18.1125
  20.629
 25.6125
 2.48803
 25.0928
 26.2239
 33.7994
 4.71727
 19.0422
 21.0503
 5.72628
 2.31082
 19.6538
 8.10684
 15.9325
 11.4747
  26.634
 11.0031
 18.1758
 28.9571
 31.5791
  15.057
 6.23232
 9.50272
 8.75734
 18.5081
 14.6537
 5.49394
 8.47724
 1.71209
 5.80092
 1.33989
 4.90685
 36.5607
 24.7195
 2.98374
 32.1961
  5.9905
 0.15373
 11.4337
 7.71333
  11.028
 12.3566
 42.3432
 18.1574
 15.1122
 22.0165
 20.9803
 19.8415
 18.5957
 12.1652
 2.47023
 17.9389
 20.3877
 12.1684
  14.818
 16.7669
 10.8225
 47.3145
 23.5334
 31.0087
 29.2717
 8.67664
 7.34788
  9.0636
 44.9157
 26.8854
 23.4961
 31.0611
 8.71708
 11.8375
 8.12374
  11.352
 3.71148
 4.90625
 13.7452
 17.2638
  9.6723
 21.7219
 28.3068
  29.159
  32.237
 33.5012
 19.7535
 15.3121
 16.8686
  23.352
  22.253
0.734825
 13.3263
 22.9765
 18.2798
 20.3422
 27.1083
 24.2575
 33.2773
 26.7695
 24.8609
 10.9876
 14.4277
 8.97791
 11.8002
 6.01971
 1.28509
 9.57301
 4.86386
 2.20692
 37.7327
 28.4344
 25.3951
 8.63358
 3.37028
 3.95675
 2.77963
 1.52558
 3.64612
 4.84075
 9.91925
 23.7129
 8.39649
 5.39965
 15.2067
 43.2679
 14.5023
 1.24012
 10.0117
 8.84782
 9.45548
 15.6234
 15.2278
 21.5705
  2.0174
 1.74362
 15.3614
 19.1653
 6.09804
 6.18412
  11.248
 13.5071
0.962938
 6.18926
 23.7873
 22.6594
 6.05873
 8.84056
 14.2682
 4.29226
 5.44468
 3.78491
 8.77073
 31.6297
  19.025
 23.3217
 30.9143
 10.2397
 7.36607
 15.6623
 15.6681
 28.8894
 1.61525
 8.94837
 6.03545
 14.1955
 21.4048
 22.9858
 12.3705
 17.9908
 21.4661
 9.04802
 15.6505
 16.6617
 21.6823
 30.5988
 32.2718
 13.3405
 1.50255
 6.25557
 9.91219
   16.63
 13.1763
 8.47357
 7.70275
 10.6892
 36.8113
  41.485
 38.1939
 2.10412
 5.77913
0.171896
 7.97514
 8.63358
 5.02898
 30.0166
 6.19003
 16.6005
 0.80762
 39.2322
 17.8941
 18.8979
 20.0725
 23.7517
 7.28929
 9.87754
 20.4157
 2.92049
 21.7122
 13.4765
 7.89396
 6.59868
 2.41033
 7.89001
 4.89121
 9.48318
 13.1246
 6.92681
 9.62597
 39.2964
 38.4519
 8.11127
  16.165
 12.0014
 15.7187
 18.4121
 10.2334
 6.61401
 17.1165
 15.3629
  17.089
 18.9274
 23.0973
0.837282
 8.04568
 1.37495
  26.338
 6.66338
 4.19681
 20.2237
 18.9085
 16.4395
 23.2372
 15.7343
 22.8969
 8.61975
 10.6407
 15.1055
 12.9604
 29.8834
 30.8089
 8.18631
 4.81293
  4.3327
 9.03117
 5.26398
 19.6191
 9.50709
 40.8437
 24.1682
 5.63123
 33.1408
 13.4909
 2.33031
 10.1265
 27.5494
 9.59376
 5.99204
 23.3699
 4.58102
 21.4369
 18.0634
 48.9113
 7.86188
 1.89322
 10.5594
 24.7661
 3.99783
 13.0018
  14.758
 8.86635
 31.0509
 22.1183
 12.9592
 21.6573
 19.8352
 12.2392
 33.1258
 19.5144
 25.0665
 7.39887
 2.98329
 16.0753
 43.6115
 6.09866
 12.9758
 32.6657
 23.2987
 9.26157
 1.45332
 29.4029
 36.4019
 27.1264
 32.7099
  25.919
 13.6335
 10.6325
 22.8819
 14.8699
 14.4447
 19.1337
 2.11055
 38.0368
 6.85964
 2.02204
 9.48695
 1.06097
 5.35113
 4.60704
 12.1093
 23.3569
 26.6595
 11.2035
 7.08692
 5.83102
 8.94999
 12.3145
 11.2635
 9.90657
 40.9873
 3.06142
   13.43
  10.942
 5.51292
 11.6171
  29.373
 43.8522
 34.8782
 35.0317
 39.5098
 5.47404
  14.246
 11.0866
 22.7315
 33.8693
 47.8782
 11.5065
 16.7422
 11.2243
 7.75234
 25.8124
 30.7923
 47.9776
 25.1418
 10.7538
 33.7956
 8.95416
 13.9638
 10.0394
 20.2897
 30.9644
 21.7677
 45.5601
 3.30228
 13.1128
  3.5606
 18.9905
 5.74958
 46.9203
 27.8399
  15.107
 18.8234
 4.35937
 11.5264
 10.1305
 26.3955
 16.5043
 20.2012
 15.3937
 14.0989
 30.4833
 18.4281
 6.38278
 8.46316
 24.3195
 36.8809
 14.5709
 13.7808
 7.75947
 25.6462
 7.58717
  31.294
 31.2745
 16.6897
 39.4735
  4.1831
 24.9516
 2.08781
 8.76085
 20.0363
 10.6532
 30.7571
 36.3609
 3.06142
 28.4004
 18.0139
  15.548
 10.6212
 12.3627
 12.0297
  45.567
 13.2045
 36.6713
 15.4188
 2.03556
 39.6104
0.815846
  7.5039
 16.9358
 23.1944
 3.23713
 7.67477
 36.3926
 30.4106
 34.1564
 25.4872
 16.4316
 1.51601
 14.2844
 41.6457
 18.2684
  22.965
  19.757
  18.902
 18.4095
 19.3265
 35.0634
 4.08643
 16.5917
 10.9235
 21.3898
   46.51
 7.62314
 15.9726
 1.40947
  14.146
 24.1111
 24.1103
  7.0243
   16.12
 15.3099
 28.6926
 4.59749
 11.1068
 14.5781
 20.8641
 38.0995
 10.2408
 33.5089
  29.111
 2.79184
 9.36069
 10.3651
  24.403
 32.5291
 19.2285
 18.9843
 23.7331
 25.6189
 21.1086
0.672024
 9.17666
 3.22201
 34.3193
 1.09603
 6.99552
 15.1914
 26.0948
 29.2627
 22.2607
 28.8469
  16.521
 27.0647
 37.8766
 27.2227
 24.7593
 5.39962
 31.2329
 3.19485
 6.19746
 16.2011
  26.866
 26.7587
 47.9153
 1.33608
 5.89998
 4.54106
 21.2996
 14.1963
 18.8671
 12.4915
 9.81926
 21.4972
 8.12744
 14.2271
  33.457
 15.9311
 20.1174
 12.5722
 15.0671
 42.7916
 39.0692
 18.0557
  19.169
 28.1756
  37.197
 2.77634
 0.24031
 22.3106
  39.121
 44.8461
 24.3566
 4.47966
  17.452
 40.8703
 11.9324
 12.8011
 18.0657
 3.57479
 16.1898
 29.6273
 16.1152
 2.25077
 6.87254
 12.2724
 9.74137
 8.15395
 32.6297
 34.1742
 19.4433
 31.6881
 7.03448
 10.9133
  10.108
 41.9091
 19.3121
  11.382
 8.92885
 9.75572
 8.57535
 26.7779
 9.23027
 21.4004
 33.0061
 22.6552
 7.54349
  2.4944
 6.81333
 31.4232