   1.77685
   0.82024
   22.3621
   16.0104
   18.3571
   18.4909
   4.44371
   6.13534
   9.51168
   2.54702
     15.25
   14.2302
   4.81988
   14.3835
   15.0531
   16.8466
    17.261
   16.7747
    18.432
    11.345
  0.760814
   18.6425
    19.435
   8.45029
   21.2034
   7.10835
   1.84417
   13.4415
    7.5487
   14.5446
   10.4919
   7.94816
   20.2098
   19.3395
   8.51057
   5.44216
   8.22979
   3.51943
   14.7269
   3.34212
   11.6053
   13.2142
   8.28858
   15.8282
   9.12146
   2.29364
   9.55979
   44.9138
   59.2336
   45.2583
   47.8375
   59.8569
   6.98391
   16.2809
   3.74206
    15.615
   6.62592
   3.15611
   37.6725
   47.2201
   35.7737
   41.5659
   16.3859
   30.6565
   6.33979
   6.61889
   5.02495
   32.3339
   1.07193
   2.46052
   1.66939
    3.9614
    8.1136
   10.0697
   4.11196
   3.63999
   3.28902
   6.51371
   1.27149
   1.15253
    11.284
   4.88457
   23.8743
   23.7601
   22.2055
   22.6348
     21.37
   23.8183
   15.0525
   15.9352
   14.1871
   17.0399
   17.6421
   9.19987
   10.2763
   12.8667
   3.86471
   8.42883
   5.50288
 0.0917065
   8.41373
   11.3608
  0.118706
   5.45744
   13.0546
   5.52019
   16.7712
   5.34858
   1.57091
   7.53655
   2.79091
   5.02455
   11.2606
   12.1425
    13.326
   3.26312
   7.61738
    1.4291
   0.80961
  0.551947
  0.282436
   6.15956
    4.1255
   4.86117
   2.56549
   5.72368
   7.00686
   12.7011
   1.71414
    15.191
   1.15519
   13.1085
   10.6083
   2.89601
   3.57555
   10.5326
    14.152
    8.6104
   4.84799
   9.69877
   6.50006
   3.32559
   11.5323
   2.57657
   6.80894
   25.8356
   39.5202
   13.3831
   4.57867
   12.6948
    6.2763
    13.502
   26.7243
   32.9255
   37.3059
   22.5076
   12.7171
   16.5888
   6.17564
   7.15586
   12.8314
   11.5608
   20.6266
   19.0836
   13.6958
   34.8838
   62.7175
    48.871
     48.82
    6.3652
   2.79021
  0.172428
   29.9063
   23.4108
   27.8803
   45.3851
   37.2304
   18.5748
   15.7011
   12.4679
   1.13222
   14.5998
   3.47823
   7.80858
   19.3648
   3.39399
   23.3753
    5.2706
   36.4609
   3.80079
   11.0839
   16.8184
   19.1994
   24.7541
   16.9843
   8.10433
   16.5026
    13.061
   12.7993
   1.91079
   11.6842
   15.9352
    3.3207
    25.379
   35.0469
   5.15465
   15.2381
   8.86565
   16.1676
   12.4316
   13.9629
   10.4443
   7.32054
   8.79913
   7.78514
   4.52641
   9.37777
   14.6797
   1.72275
   55.0588
   64.7572
    17.249
   40.6216
   14.1895
   7.35183
   15.9245
   9.47639
   10.2788
   32.7725
   39.7075
   15.6394
   11.4566
    30.635
   23.1032
   10.8647
   14.1585
   13.4267
   4.10158
   1.22122
   2.21087
    10.419
   12.0218
   8.93733
  0.791849
   8.28799
   1.52123
   1.57184
    10.917
    1.5529
   19.8867
   20.0717
   20.0129
   12.8959
   8.77594
    19.952
   15.8037
   16.4838
   8.50061
  0.308385
   20.0059
   10.4101
   9.39766
   8.18679
   11.3378
   11.5133
    7.6477
   12.9565
   20.1122
   2.08125
   15.2232
   4.38414
   6.54004
   5.33484
   2.32459
   2.51132
   1.82732
   3.20222
   20.4124
   18.4937
   9.16546
   3.00842
   7.18157
   6.31568
   5.77682
   5.57501
   12.9579
   3.13034
   5.51496
   11.2947
   7.65083
   1.72586
   24.5873
    1.5134
   17.3935
   18.0587
  0.172506
   1.91668
   3.37681
   15.3222
   2.38916
   8.84989
   5.27463
   8.68332
    2.8037
   8.82284
   14.8618
   13.9902
   6.89656
   16.6405
   10.2863
   20.1948
   28.5484
   14.7316
   58.5591
   17.7322
   18.5324
   20.2171
    23.186
   21.3151
   20.5904
    23.755
   11.4588
   38.2659
   60.2172
   44.7603
   62.9089
   17.4862
   6.84722
   6.88411
   17.6859
   11.1578
   5.77869
   2.82951
   4.28474
   60.7323
   13.3914
   4.21015
   5.35237
   31.7815
   12.0821
   27.1204
   30.3039
   7.76558
   9.58056
  0.457446
   17.1869
   19.4725
   5.61805
   0.98873
   22.2045
   8.94246
   11.0142
  0.791567
   10.3651
   1.69561
   21.9679
   14.1382
   4.74694
   9.12494
     30.39
   5.25063
   8.08042
   5.99792
   6.03677
   16.3541
   11.2383
   8.48799
   5.99438
   1.47189
   11.6011
   13.6416
   11.0469
   20.5485
   12.5237
   16.6783
   16.3131
   12.8667
   5.28726
   18.0021
   16.6094
   2.85623
   4.79589
   5.57658
   15.7086
   12.9599
   7.84739
    5.5367
   1.27484
   14.5825
   10.9277
   4.96578
   6.23505
  0.441947
   19.3647
   14.2573
  0.877493
   2.13342
   7.23815
   9.31545
   9.75922
   9.06582
   19.7951
   15.0577
   18.7262
   19.6975
   16.8459
   17.8835
   19.8995
   9.80297
  0.475863
   5.52891
   14.0557
   12.5048
   12.6904
    12.498
   4.53016
   4.26845
   29.3607
   4.25712
   12.9151
   25.3689
   10.2034
    25.096
   18.9222
   19.0855
   10.7266
   35.0567
   36.9818
   15.2666
   11.7079
   6.92645
   18.0354
    18.046
   17.0262
   15.3168
    50.582
   56.5653
   52.3347
   11.4723
   4.05898
   16.3766
   6.63263
   9.33883
   17.4862
   1.81535
   44.6766
   20.3254
   36.4485
   8.94222
    49.318
   36.5492
   4.77049
  0.611116
   4.10979
   10.5591
  0.469069
   25.6565
   18.9771
   26.9272
   31.0578
   5.13072
   12.2754
   6.03202
   10.1769
   1.41376
   11.5347
    19.197
   17.4518
    3.7575
   10.1151
   7.38512
   7.75851
   3.47629
   2.74151
   6.94505
   12.6389
   12.2901
   6.77314
  0.659888
   4.01003
   8.10737
   7.34355
  0.276142
   9.22015
   6.15653
   5.70875
   1.71047
    13.999
   6.30157
   11.3175
    21.181
   16.9853
   9.59438
   3.81749
   5.46817
   9.28781
   11.8146
  0.693639
  0.475655
   12.0409
   16.8444
   11.8143
   8.36913
   9.51227
   11.0704
   10.2717
   1.46586
   10.4104
   7.12481
   1.12748
   22.6035
   4.68843
   7.69698
   13.3718
   9.91808
   6.46161
   5.47197
   24.0187
   49.4794
   47.8004
   9.04348
   11.8449
   2.64674
   14.8792
    6.2362
   9.49886
   5.67317
   54.9324
   62.4284
   36.1599
   23.6806
   16.0495
     29.08
   11.6528
   7.42032
   8.88792
   13.1159
0.00957398
   11.8513
   14.8569
   3.86871
   8.65177
   1.89152
  0.426353
   34.3377
   38.7741
   31.3393
    6.1273
   28.6516
   11.3602
   22.6512
   7.52593
   12.3758
   25.2688
   14.8729
   33.5283
  0.412285
   1.95767
   13.6783
   4.94239
   9.39115
   6.38789
   11.2067
   4.71906
   20.0807
   29.7651
   38.4559
   12.1582
   22.5151
   21.9786
   6.99312
   3.79126
    6.9275
   45.4946
   59.1125
   30.3106
   29.6654
   7.63316
    17.932
    5.3197
   18.0481
   15.8133
   4.39804
   4.66267
   8.16413
   59.8317
   8.75032
   26.1408
  0.351411
   26.0442
  0.777908
   15.5167
   31.7542
   3.00097
   31.2705
   8.52885
   4.04145
   3.49851
   36.8625
   1.73022
   13.2491
   7.50041
   21.5136
   15.8313
   16.2244
   25.3145
   33.2587
   24.8536
   5.32707
   4.54134
   5.05659
   7.16588
   28.4427
   14.2074
   29.0044
   3.75769
   4.60647
   10.2653
   5.95759
   27.4522
   1.61785
   12.5135
   8.05396
   8.51054
    31.381
   22.5889
   9.90365
   14.8989
   9.28062
   6.00948
   45.5984
   29.7604
   20.4132
    44.777
   5.11283
    33.639
   32.9994
   22.5686
  0.532842
   21.1955
   4.84077
   58.1777
   40.5134
   20.4268
   3.24106
   16.1131
   28.6268
   11.3584
   4.70513
   5.42916
   5.01027
    2.0177
   4.01647
   16.9805
   7.12081
   28.5116
   20.3929
   39.4405
   36.4807
   26.5156
   15.2798
   32.2945
   8.27707
   8.13275
  0.440338
   10.4915
   25.4122
   29.8987
   18.6386
    17.489
   16.6421
   5.23531
   13.8303
   24.0855
   3.08379
    44.246
   22.3044
   14.4469
  0.850949
   4.25592
   43.6808
   18.7247
   14.5129
   11.5147
   11.4796
   31.8906
   8.65344
   45.3668
   17.6572
   26.6545
   15.5231
    11.972
   4.74215
    13.083
   39.3589
   14.3189
   23.0551
   16.9338
   36.0062
   15.9032
   22.8748
   14.6303
   27.8155
   16.6126
   2.18262
   18.9974
   17.6945
   7.31121
   20.5632
   14.3149
   12.2813
   16.0768
   14.3636
    16.617
   21.2666
   10.9624
   5.63029
   4.30556
   15.2993
   55.0956
   4.16904
   21.6472
   13.8152
   10.1798
   23.3551
   7.74762
    18.973
   22.9503
   13.3907
   9.07244
   27.8953
   53.1661
   24.3676
   11.7959
   21.0521
   9.46299
  0.268382
    7.8987
   3.58058
     11.91
    33.566
   1.38738
   5.03032
    8.5422
   14.7337
   47.4401
   5.36556
   9.01886
    35.555
     8.422
   5.09636
   4.27115
   4.78548
   33.5309
   31.9469
   7.48617
   39.9942
   13.1616
   37.0841
   8.70471
   7.68113
   14.4359
   21.9741
   7.64921
   23.5646
   1.25093
    6.4742
   28.2502
   41.4688
   10.6845
   8.00169
   9.81387
   7.16019
   11.1632
   31.4028
   10.9791
  0.521745
   21.4455
   22.6943
   29.9185
   32.8406
   21.8401
   38.0615
   20.1445
   20.5599
    19.104
   39.3109
   28.0249
   9.78444
   39.2082
    36.426
    31.696
   24.4892
   4.25167
   25.5333
    17.462
   31.7276
   33.4747
   21.9335
   33.0519
   23.2091
   20.1291
   19.2122
   43.7941
   35.7092
    32.844
   14.4819
   34.6195
   34.0864
    2.2019
   11.8225
   30.7875
   33.7014
   53.9503
   34.7916
   9.84737
   14.8361
   6.36188
   22.1467
   43.7833
   29.9978
   8.97646
   12.0154
   6.20813
   33.7153
   31.0291
   18.0074
   18.7208
    5.0378
   13.1045
   40.1729
   38.8124
   32.0525
   6.82038
   33.7868
   44.1466
   11.7635
    9.4887
   13.0313
   3.88158
   37.7043
   42.5818
    15.743
   31.2402
   32.6922
   11.2197
   13.3035
   11.8482
   31.6404
   11.6302
   33.5823
   6.77549
   9.19346
   9.80178
   13.1004
    5.4781
   10.8941
   33.9654
   15.1376
   47.4922
   18.8716
   29.5566
   22.7275
   27.8804
   3.96243
   4.74558
   14.3356
   28.1072
   3.37374
   2.22025
   6.47133
   8.78629
  0.613501
   3.22772
    8.1796
   2.07029
    37.963
   22.3465
   12.4374
   8.61744
    4.7429
   3.07498
   5.96503
   3.30379
    6.7254
   3.46388
   4.39843
   6.37346
   15.3094
   52.8331
    45.763
   53.6408
   10.6452
   37.3857
   29.9656
   57.7405
   1.53046
   4.52343
   14.0638
    9.3202
   8.24532
  0.780235
   6.16448
   37.6655
   45.8891
   28.7113
   21.2748
   33.4365
   7.07705
   30.9023
    47.567
   46.2214
   52.7163
   26.8703
   63.4806
   16.7088
   7.69655
   23.1679
   49.8981
   17.2226
   19.1645
   4.04653
    41.674
   34.0321
   12.0526
   10.8136
   16.3281
   13.1961
   16.3854
   14.0357
   12.0504
   27.1791
   12.8595
   14.7226
   19.2608