  54.5257
  44.8304
  50.5585
  45.6683
  44.8285
  40.1668
  41.7649
  49.1937
   38.981
   31.878
   32.494
  54.5943
   55.028
  19.8159
  19.4419
  50.1699
  52.8116
  50.5049
  46.9066
  48.3124
  46.2493
  44.7415
  54.6538
  49.5975
  54.2837
  49.4531
  52.9801
  19.2374
  16.7043
  23.5783
  16.7031
  46.7463
  46.9692
  57.5893
  57.3404
  21.8723
  17.5475
  36.4535
  37.1253
  24.6692
  33.9712
  33.2883
  47.7216
  45.7529
  48.8948
   44.601
   50.585
  48.6498
  45.8881
   43.259
  49.6948
  49.3056
  49.0768
  48.7918
  43.7547
  30.0629
  50.2299
  38.5527
  30.2143
  32.5093
  37.8817
  32.3912
  46.3869
  45.0245
  48.7646
  51.6029
   44.874
  51.2187
  45.8207
  42.6038
  50.3022
  47.7717
  6.20287
  35.4771
  35.0401
  37.1428
  49.4829
   44.711
  49.9272
  46.2085
  51.8069
  44.3697
   46.052
  33.4388
   19.669
  37.8205
  44.7662
  17.5686
  18.2875
   18.248
  19.6078
  37.8218
   37.337
  51.5059
  43.5795
  49.3306
  54.9145
  50.6049
  17.9747
  17.2089
  31.5167
  33.5808
  47.6847
  54.6746
  54.9051
   51.712
  48.6132
  52.2567
  53.7216
  46.3558
  43.5903
  54.5376
  51.6021
   44.914
  19.9493
  38.6103
  39.6751
  36.4722
  31.1193
  41.1414
  31.8767
  42.5109
  51.2154
  42.7335
  51.6396
  51.8522
  34.1884
  39.9212
  46.2312
  37.0154
  37.9906
  45.6173
  38.4016
   31.287
  43.8985
   52.983
  50.8389
  55.1998
  35.1355
  34.5683
  34.0108
  33.8374
  52.2511
  35.3046
  51.1003
  33.7918
   50.591
  31.9455
  40.8961
  46.6709
  44.4408
  23.7743
  17.3506
   45.158
   52.002
  50.1556
  51.9162
  50.2033
  54.3852
  50.3707
  48.1211
     54.3
  35.4671
   54.389
  52.5074
  43.1473
  54.7285
  31.6962
  43.2897
  47.0622
   45.121
  44.7068
  30.3966
  41.9036
    23.94
  48.4221
   49.975
  50.4263
  53.2364
  50.4294
  46.3627
  18.5568
  32.9101
  37.6717
  37.5184
  50.8695
  48.4621
  42.8838
  17.4628
  41.3233
  30.8046
  43.3731
  46.6728
  21.8175
  9.84287
  33.7831
  46.4117
  45.6416
  47.7015
  31.0609
  38.5336
  55.2361
  33.2867
  36.4401
  50.6136
  46.4099
  46.2497
  51.0842
  52.3196
  24.1234
  35.2579
  31.5191
  35.2118
  35.6136
  47.1804
  54.0984
  22.2191
   39.002
   35.173
  23.4726
  40.0086
  47.7631
  46.5925
  42.3207
  43.3476
  31.8639
  41.4727
  35.7635
  33.9279
  17.5759
  49.1708
  31.4832
  25.7056
  40.3272
  33.7539
    40.87
  45.3575
  40.2628
  48.6088
  41.3769
  44.1908
  48.0621
  33.3389
  50.8421
  46.4201
  30.7093
  26.4783
   38.032
  45.8302
  50.8597
  32.5396
  33.7538
  24.2885
    36.19
  34.1429
  37.3902
  41.1546
  48.5802
  47.9734
   41.706
  37.1826
  36.3526
  37.1426
  48.5132
  49.9787
  31.1381
  41.4701
  24.0879
  34.3182
  39.9155
   41.316
  52.7387
  47.0388
  51.8052
    45.47
  40.2378
  48.5954
  39.2505
  37.4067
  42.1205
  35.0864
  46.6438
   31.508
   50.724
  46.3709
  32.6113
  29.9999
  51.2948
  44.6248
  40.9495
  34.2629
  36.0358
  40.6355
  35.1602
  32.6555
  38.8839
  24.0262
  32.7435
  39.6676
  39.3871
   40.446
   35.043
  45.4324
  17.8298
  53.0328
  54.8914
  44.3225
   65.908
  32.2742
  53.6126
  46.3299
  31.0257
  30.4578
  35.9195
  31.9311
  31.6326
  33.9968
  34.0738
  35.4795
  50.5019
  44.1813
  49.7185
  44.9798
  2.61111
  36.0268
   42.287
  40.5672
  34.2686
  34.1778
  32.7153
  38.8717
  32.4675
  31.0924
  38.4132
  23.9821
  38.6768
  38.9749
  33.5508
   16.767
  28.6491
  31.5652
  36.9075
  18.6112
  36.2046
  31.0864
  26.4338
  26.1427
  40.5672
  31.8431
  33.0433
  34.8466
  24.7619
  50.8524
  32.3017
  33.7457
  20.2569
  37.4417
  29.3515
  27.6317
  32.2381
  27.0258
  25.4241
  23.6124
  29.8361
  23.9133
  24.9522
  27.2563
  36.6549
  33.6702
  51.6864
  40.9369
  31.3108
  39.7632
  36.4938
  21.6027
  33.9943
  48.0037
  27.0673
   26.756
  44.7529
  15.5141
  37.6536
  23.9561
  31.9233
  46.7371
  34.3114
  18.0694
  27.6166
  35.2588
  17.6569
  44.7473
  28.6733
  31.4301
  51.2115
  40.3646
  33.7789
  37.7969
  41.4197
  25.0873
  25.6998
  34.9302
   22.145
  32.4302
  26.8431
  35.2104
  51.3962
  35.0109
  31.4457
  41.4159
   52.232
   32.049
  32.0452
  33.5388
  38.7896
  28.3843
  28.1118
  38.0975
  30.3392
  51.8926
  35.1628
  39.0323
  23.5327
  25.7629
  11.6211
  31.1045
  31.9115
  26.5999
   37.027
  13.7267
  11.6813
  40.6644
  40.2366
  28.5179
  31.3862
  19.2964
  13.4115
  27.6474
  40.6435
  23.6028
  19.4786
  23.3727
  43.6502
  27.4852
  32.9107
  41.5991
   35.077
  31.7045
  39.6532
  43.9567
  20.4972
  13.7831
  29.3432
  18.5557
  45.6705
   47.171
  10.5568
  20.1233
  28.2108
  19.9478
   51.061
  27.4142
  42.9743
  49.8934
  48.7969
  20.7818
  22.0747
  45.1259
   50.088
  22.8821
  18.4392
  16.7818
  43.9278
  19.0839
  18.9296
   19.575
  23.2314
  43.9872
  24.3702
  39.9191
  42.4655
  24.9758
  50.3265
   34.408
  32.9188
   24.076
  27.7974
  21.3365
  41.2558
  29.6028
  41.3353
   23.751
  12.7409
  39.2989
  20.7389
  46.2214
   26.743
   9.9377
  21.4141
  6.27441
  7.22885
  3.85596
  3.36275
  48.0374
  1.46986
  2.28198
  8.78545
  4.10304
 0.987544
  1.44845
 0.563337
  1.23587
  3.23326
0.0192339
  19.0765
  24.9774
  1.74435
  2.13931
   4.0195
  1.41196
  4.71439
  5.03726
  11.2363
  10.2946
  41.3949
   29.591
  8.09534
  2.88017
  4.26479
  15.4117
  8.02274
 0.973287
  4.35688
  1.38458
   1.3779
  11.2532
  23.9876
  5.79931
  9.86888
  4.95631
  6.49882
  29.2146
  34.1911
  2.32648
   34.723
  30.4034
   2.7052
  7.15804
  7.95482
   8.1937
  42.3842
  14.1582
  11.1266
  7.23213
 0.752492
  2.15918
  4.44788
  1.05634
   2.7218
  4.04174
  9.22308
  3.99333
  4.11656
  5.00153
  2.88649
  4.38025
  30.5416
  10.4204
  7.57144
  49.3433
  16.5607
  8.70323
  1.12334
 0.162525
  2.02596
  5.27563
  4.73725
   34.415
  34.4829
  30.5945
   1.0342
  3.87031
  51.5343
  2.89801
  8.93414
  6.67924
  6.91493
  15.8927
  6.66576
  7.63343
  2.53133
  6.24821
  1.10601
  3.83871
  8.17968
  5.35216
  10.5062
  10.6898
  10.1098
  33.9098
  3.03187
  4.79875
  14.7147
   4.9057
   2.7811
  4.96356
  10.8864
  10.7031
  23.3188
  7.24917
  2.35515
  1.17547
  31.2914
  3.57607
  1.23599
  1.93318
  1.71337
  17.9652
  1.25057
  43.2124
  2.51303
   23.657
  39.5221
    7.838
  9.04406
  4.41254
  5.38349
  5.75346
  9.07765
  4.75126
  5.23224
  45.2248
  30.1513
  0.73247
  7.69669
  2.44502
  1.59736
  1.45372
  1.55627
  8.23625
  5.73236
  2.19661
  3.19611
  8.36259
  7.77258
  7.38593
  11.8638
   6.2225
  7.00158
  10.3448
  9.76052
  10.7297
 0.889123
 0.453395
  10.3366
  6.12651
  4.21946
 0.399059
  4.92965
   1.1544
  6.70809
  4.32651
  9.00633
 0.623441
  2.42575
  1.01609
   7.1809
  3.12384
  3.49248
  2.39043
  7.05524
   4.7755
  3.36451
  6.81109
  12.9709
  12.3464
  16.0072
  2.89999
  1.09638
  2.27627
  8.86545
 0.292647
  3.52602
  6.32746
  1.58275
  4.67299
  4.87571
   1.8095
   14.896
  5.33856
  39.6451
  5.99437
  5.33856
  10.5243
  5.51216
  8.34132
  8.94822
  2.41585
  35.2396
  3.05522
  8.02299
  3.57111
  4.87549
    1.266
  4.45748
  13.7891
  10.4973
  1.52304
  49.8813
  3.90786
  6.06243
  7.27057
  10.2535
  8.10391
  9.50585
  1.13651
  3.09189
  1.99049
  4.81994
  4.40627
  9.24858
  4.80019
  3.62325
  6.53133
  4.75399
  2.19307
  2.92535
  1.15094
  5.28484
  7.79015
  4.07229
 0.937507
  3.21296
  2.58729
  2.98434
  1.81006
  13.8044
  4.46636
  1.73271
  11.0289
 0.937184
  1.62649
  29.0349
  43.3744
  8.32308
  1.26474
 0.250371
  3.41842
  2.72044
  2.09348
  7.91758
  5.69693
  2.86624
   43.603
  2.26273
  8.22922
  8.52237
  9.90209
  2.93295
  6.87064
  7.38304
  9.94172
  2.11218
  4.90102
  10.6781
  2.63812
 0.583813
   1.2586
  4.50441
  15.3664
  4.74614
  42.4725
  1.27886
  30.2665
   27.256
  2.30364
  4.31388
  7.03349
  2.83283
  1.45795
   2.2132
 0.536998
  2.33212
0.0859683
   1.3229
   2.4771
  9.95718
  1.64621
  2.05784
  6.51235
  6.73118
  2.68614
  12.2078
  6.75698
  5.68227
  1.20246
 0.823336
  3.35608
  4.69179
  2.41605
  1.07521
0.0372427
  4.57535
  9.53331
  5.41355
  10.4594
  7.72373
  1.85391
  10.0229
  2.14936
  9.79052
  2.84098
  1.26486
  3.44689
  3.15962
   1.3421
  6.01698
0.0665258
 0.536998
  0.85729
  2.00644
  4.75279
  3.89497
   7.1061
   3.4198
    6.911
  9.39153
  6.94781
  9.70518
  9.06403
  4.89876
  33.9065
  1.14801
  6.46707
  4.97957
   3.6337
0.0469918
0.0933088
  5.09678
  3.59584
  0.97751
  12.5886
  3.64871
  1.92498
   1.6185
 0.761545
    4.451
  13.3069
  7.25268
  6.81786
  7.76017
  6.59807
  6.63453
  11.5288
 0.620705
  4.76653
  2.26677
  2.56345
  3.22736
  4.62678
  4.20674
 0.956445
  1.90552
  1.33656
  7.33414
  2.10255
  3.41327
  4.50509
  3.70637
  2.97496
   2.2813
  3.49306
  11.8556
  8.09383
  10.2369
  4.61571
  1.01891
    6.845
 0.544863
  1.00629
   2.5397
  13.0553
  1.18116
  5.29136
  2.27476
  3.66228
  6.94257
   5.1405
  4.49175
  3.77813
  4.26174
  10.1699
  42.3397
  3.71571
  7.44584
  7.41515
 0.845225
  5.26515
  9.28646
  7.60917
  8.35267
  17.4396
  15.0638
  6.54301
  9.21736
  7.14262
  6.89503
 0.540051
  24.1326
   5.8135
  5.78487
  9.30861
  6.98041
  18.8259
   2.4354
  7.86218
  3.82625
  7.60323
 0.426181
 0.404849
  3.52803
  1.97412
  9.57616
  2.50925
   1.5424
  6.78562
  2.74038
  11.8096
  2.45664
  3.11142
  2.22326
 0.246071
  10.9005
 0.500605
  1.92811
  3.12883
  1.45377
  11.8848
  1.71813
   5.9215
  1.29513
   2.4695
  9.88064
  1.49911
  15.4062
0.0629268
  1.07851
 0.497958
  3.06629
   8.0949
  11.1923
0.0899493
  3.06802
  2.43939
  9.56309
  7.26861
  5.96964
 0.706764
  1.91098
  54.2952
  3.70427
 0.680755
  6.57155
  10.2094
  3.98836
  1.30378
  3.51719
     7.17
  6.70296
 0.892182
  35.5626
  8.28786
  9.11915
  1.84897
  2.57113
  8.01549
  15.7192
  15.2686
0.0015468
 0.219435
  1.55759
  6.68868
  4.75745
 0.395598
  11.2634
 0.354107