  6.96214
  3.07237
   6.5885
  21.4412
  9.49188
  4.84074
  29.0192
  11.5596
  4.80071
 0.538162
  4.51845
  3.38313
 0.377062
 0.464687
  7.98953
 0.372383
  11.2021
  16.7762
  10.8039
  1.84067
  3.00082
   1.7049
  2.29815
   6.5409
  4.75863
  20.9909
  25.8591
  23.8818
 0.839278
  6.89906
  22.5495
 0.395381
  8.25765
  7.22244
   3.7647
  8.06662
  5.52155
  14.2514
  3.12238
  2.37205
  4.56038
  8.88464
  1.31844
  0.35647
 0.874609
  3.09834
  4.61509
  12.4112
   8.8219
  7.28654
  14.3531
  8.33283
   2.9848
  2.79745
  12.4295
  10.9935
  25.2619
 0.491103
   30.842
  5.42547
  13.7746
  8.08122
  2.30489
  14.9856
  6.26171
  4.93831
  3.84961
  6.64285
  2.94847
  33.9356
  19.2906
  18.8137
  3.72042
  4.26889
  12.6203
  12.6819
  6.94929
  8.83289
  4.25973
 0.315401
  8.79138
  10.4331
  29.6137
  7.40811
  15.6722
   7.7841
  17.2727
  4.67774
 0.493305
  1.79172
  1.37023
  9.62721
  9.49047
  8.10984
  16.2016
  4.03067
  1.35816
  1.47277
  3.74529
  7.71758
 0.196463
  4.28455
 0.513179
  7.13412
  4.53909
  7.40527
  6.47404
  10.4485
 0.324187
  6.02844
    8.504
  19.3266
  3.47675
  5.72242
  19.1349
0.0563073
  16.3924
  32.2322
  5.67882
   5.8392
  5.23825
  21.5599
  22.3962
 0.179862
  3.75139
  1.50303
  6.66017
  2.74018
  1.58228
  3.23313
   8.1888
   3.4288
  21.4969
  1.59724
   3.2492
  6.00349
  8.93175
  2.03443
 0.234345
 0.358475
 0.878584
   0.2276
0.0202197
 0.153592
  5.76906
  11.7297
 0.144802
  5.44167
  6.10976
 0.189464
 0.816816
  5.31009
  4.41531
  11.2201
  6.88517
  1.60723
  6.47437
  7.28402
  4.60274
  28.2292
  4.03021
  1.48733
  1.05115
  3.14258
  2.46371
  5.41521
  19.1468
  11.5264
 0.791471
  9.34047
  13.8937
  2.02059
  6.08513
  2.50886
  13.2323
  4.67538
 0.680827
  7.42254
  29.1378
  4.99797
 0.802978
  10.9624
  9.84898
  6.03476
  3.47712
  3.14302
  3.98091
   6.7889
  4.90213
 0.306013
  10.6613
  2.74614
  1.58796
  6.21228
  4.72628
  3.16448
  3.98491
   11.449
  5.05858
  13.1883
  4.90825
  5.85803
   5.5833
  9.12401
 0.700087
  1.21997
  1.91325
  9.26727
  1.90445
 0.359989
  7.27942
  7.38554
  7.59062
  7.08125
  2.03063
 0.669906
  3.44316
  1.97377
  1.42567
  9.31105
  8.34884
  3.59513
  3.46247
   4.7809
  4.11726
  3.83747
   3.3172
  12.0565
  9.00898
  5.38593
 0.264706
  6.56069
  7.66856
  1.17981
  1.24664
  12.6292
  10.6274
 0.921503
  4.04057
  5.14681
  7.07697
   10.346
 0.448218
  33.6773
  15.3964
  27.2998
  3.65841
  5.27525
  18.7184
  15.5017
  20.8122
  21.9942
  10.0022
  13.1191
  6.51921
  9.49899
  37.3034
  28.2199
  11.8734
 0.907611
  38.4148
  30.1634
  36.1248
  11.2919
  22.1181
  31.8565
  9.42653
  2.50509
  4.73595
  3.63853
  7.09013
  22.3937
  2.11731
  13.7198
  2.73304
  6.46823
  8.06244
  4.09886
  9.79202
  16.5858
  2.75468
  30.8262
   3.5986
  10.2626
  20.4021
  6.71987
    8.494
  34.5117
   23.338
  22.5721
  3.99648
  7.38632
  1.45201
0.0834572
  10.8514
  12.8349
  2.21056
  16.0661
  7.33244
 0.298554
  5.76464
  1.78678
   36.444
  7.45575
  5.02101
   11.313
  3.40399
  4.45583
  6.48466
  16.2445
  7.07187
  2.14023
   34.054
  14.9016
  29.9886
  5.47151
  3.05238
  29.7368
  6.53145
   13.241
  33.0876
 0.961472
  1.46161
  3.81714
  12.5015
  3.54934
0.0391052
  7.60742
  7.28601
  16.5539
   10.257
  14.1187
  3.25199
 0.955981
  12.1032
  6.31544
  43.3956
  7.81535
  11.6292
  6.39113
  2.54797
  4.69857
   3.4123
  11.8692
  47.7872
  8.18132
  27.6304
  20.7215
  3.29968
  6.11971
 0.503337
  30.2914
 0.655781
  15.3104
  49.1616
  26.9508
  14.3159
  24.0411
  3.52467
  2.97741
 0.212506
  1.52813
  1.56098
  3.60137
  9.35328
  5.77991
 0.947475
  2.15555
  8.27849
  12.5163
  19.1761
  28.1224
  31.8445
  3.65662
  21.5073
  5.19431
  5.79265
  7.62565
  11.7332
  5.84015
  27.7454
 0.570185
  12.2052
  3.17447
  1.63782
  2.44587
  16.7532
  18.8589
  9.71721
  24.5484
  22.3902
  19.0448
  4.90707
  14.2484
   1.2407
  9.84207
  15.0868
  22.4759
  11.1596
  3.02033
  36.8674
  36.0109
  49.7039
  30.2513
  3.81015
  9.36747
  5.69861
 0.399866
  13.6594
  2.21679
  5.26586
  21.8538
   7.6049
  48.8022
  28.5996
  5.26568
  26.0943
  77.1763
  42.0341
  50.5204
  59.1919
  35.7534
  31.1166
  29.6919
  8.54886
  4.30572
  14.7901
   30.853
  22.0816
  31.9425
  21.9765
  1.43756
  12.7376
   30.895
  5.86658
  32.1903
  37.3146
  49.2454
  5.84918
  4.72308
  8.05158
  17.6385
  48.6315
  40.1776
  18.8739
   23.363
    21.68
 0.917468
  6.65881
  24.3585
  45.9576
  4.54793
  14.5411
  54.9202
  15.6795
   30.116
  25.1338
  1.89273
  1.00953
  34.8694
  33.0386
  42.1892
  21.4387
  8.69015
  25.0533
  5.87336
  15.7193
  34.0653
   19.277
  43.3739
  32.7775
  4.62819
  6.16949
  24.2177
  33.6446
  41.1609
  18.1261
  18.3364
  28.5235
   42.431
  46.6197
  38.4238
  53.8533
  55.1256
  8.44121
  31.6561
  73.2517
  42.5457
  47.4694
  5.70124
  8.99595
  60.5831
  25.5175
  42.0496
  1.36624
 0.799278
 0.359318
  37.5403
  35.9619
  50.2862
  44.2673
   47.093
  29.9637
  25.3263
 0.410811
  12.6894
  45.4021
  46.0045
  24.6801
  28.5504
  39.7351
  4.48202
  4.60442
  47.6974
  43.7636
  46.3122
  8.27834
  47.5161
  41.9792
  45.8946
  56.2332
  22.0538
  36.7002
  27.8926
  4.41096
   6.0353
  44.9439
  8.97878
  12.4451
  45.2949
  27.3027
  43.5487
  3.50961
   12.314
  8.32145
  56.8617
  9.13372
  4.90069
  3.44499
  48.2138
  6.22581
  12.9493
   7.1219
  47.7941
  6.86143
  35.5151
  25.1576
  71.7922
  46.2358
  3.09282
  24.4801
  56.0252
  2.54512
  13.0708
  14.8494
   35.442
  74.6197
  8.52101
  12.6629
  12.8583
   35.111
  52.9601
  1.66647
  22.2632
  25.1736
  39.0405
  2.80628
  18.3559
   61.333
   44.955
  3.32327
  32.5367
  7.62889
 0.479676
  23.9738
  49.9584
  53.2064
  20.2984
  68.9014
  21.8533
  8.15411
  23.9641
  27.5953
  16.0735
  30.7069
   7.9666
  13.4397
  40.6366
  42.3025
  46.5599
  8.62486
  4.41135
  3.25736
  23.6024
  53.8469
  48.3927
  59.2362
  63.8081
  60.3044
  13.8236
  19.2583
  77.2031
  25.0845
  31.8638
   2.9683
  9.35709
  35.4191
  57.0318
  8.68204
  48.5628
  35.1146
  18.8674
  56.7762
  72.7691
  35.0639
  67.8867
 0.962123
  1.45927
  5.62684
  17.9207
  26.2024
  24.4462
  56.9768
  46.4161
  8.78757
  8.71671
  7.49224
  21.8316
  57.2578
  41.5678
  50.3726
  13.6574
  1.52004
  66.2366
  57.2758
  62.5264
  73.1547
  67.6769
  10.4517
  5.75898
  11.0112
  11.3989
  70.7601
  42.4557
  14.9642
  48.9027
  1.69286
  2.20244
 0.315705
  13.3262