0.617711
0.821395
 3.59347
 3.62153
 4.10437
 4.98035
  5.0568
 6.58348
 6.63275
 6.68812
 6.99821
 7.28023
 7.50522
 8.35637
  8.3851
 8.55727
 8.77399
 8.91261
 8.93985
 9.25861
 9.30498
 9.47206
 9.58319
 9.59905
 9.88753
 9.93226
 9.98569
 10.1677
 10.1726
  10.283
 10.3652
 10.5511
 10.8809
 10.9217
 11.3813
 11.7008
 12.0068
 12.1322
 12.1565
 12.2403
 12.2427
 12.2522
 12.3132
  12.382
 12.4588
 12.6731
 12.6768
 12.7829
 12.8121
  12.827
 12.8315
 13.1527
 13.1991
 13.3584
 13.5127
 13.5661
 13.6595
 13.6673
 13.6846
  13.904
 14.3147
  14.777
 14.9378
 15.0469
 15.1479
 15.2088
 15.2979
 15.4922
 15.6027
 15.8898
 16.2368
 16.2947
 16.3147
 16.3199
 16.3614
 16.6863
 16.8689
 17.1934
 17.3201
 17.4531
 17.9971
 18.2052
 18.4247
 18.5027
  18.503
 18.6502
 18.6786
 18.7034
 18.8556
 18.9007
 18.9551
 18.9812
 19.1266
 19.2621
  19.395
 19.5398
 19.8652
 19.9952
 20.0561
 20.1931
 20.5348
 20.6114
 20.6213
 20.6478
 20.6569
 20.7036
 20.7961
 21.0273
 21.1216
 21.1698
 21.2536
  21.262
 21.4624
 21.4844
  21.502
 21.5379
 21.7986
 21.8028
 22.2406
 22.2942
 22.4142
 22.5019
 22.5996
 22.6662
 22.8772
 23.0028
 23.0337
 23.1735
 23.2079
 23.4141
 23.5239
 23.5357
 23.6399
  23.711
 23.7287
  23.757
 23.8547
 23.8833
  24.002
 24.0192
 24.0363
 24.0386
 24.2627
 24.3097
 24.3914
 24.6588
  24.974
 25.0854
 25.1049
 25.1631
 25.3065
 25.3529
 25.7997
 25.8509
 25.8903
 25.9462
   26.19
 26.2203
 26.2879
 26.3754
 26.3785
 26.3954
 26.4801
 26.4823
 26.5079
 26.5887
 26.7921
 26.8418
 26.8461
 26.9415
 27.0544
 27.0551
 27.0631
 27.1021
 27.1501
 27.1621
 27.2954
 27.2975
 27.4772
 27.5343
 27.6118
 27.6283
 27.6638
 27.7075
 27.7995
 28.0566
 28.0841
 28.1125
 28.1366
 28.1485
 28.3719
 28.5213
 28.8608
 28.8654
 28.9636
 29.4373
 29.6029
 29.7765
 29.8899
 30.0169
 30.1205
 30.1531
 30.1607
 30.2093
 30.2168
 30.2569
 30.3511
 30.6057
 30.6421
 31.0987
 31.1423
 31.4385
 31.4503
 31.6644
 31.7757
 31.8659
 31.8717
  31.885
 32.0908
 32.1449
 32.1849
 32.4949
 32.5903
  32.721
 32.7404
 32.8003
 32.9837
 33.0057
 33.0769
 33.2044
  33.651
 33.7316
 33.8864
 33.9794
 34.2095
 34.3841
 34.4629
 34.4813
 34.5108
 34.5807
 34.6288
 34.6382
 34.7559
 34.8153
 34.8999
 35.1978
 35.2642
 35.3158
 35.5726
 35.5802
 35.6024
 35.7413
 35.9034
  36.006
 36.0158
 36.0459
 36.1129
 36.1869
 36.1913
  36.284
 36.4766
 36.8453
 36.9264
 37.0016
 37.0765
 37.2031
 38.2056
 38.3362
 38.5188
  38.567
 38.6334
 38.6975
 38.7136
 38.8994
   39.13
 39.2581
 39.5271
 39.5564
 39.5938
 39.6656
 39.7038
 39.9243
 39.9264
 39.9671
 39.9792
 39.9983
 40.1664
 40.2461
 40.3233
 40.3413
 40.3641
 40.3695
 40.4079
 40.8872
 41.1194
 41.3556
  41.493
 41.6856
 41.7414
 41.9589
 41.9783
 42.2671
  42.296
 42.5046
 42.6269
 42.7574
 43.1464
 43.2407
 43.3714
 43.3903
 43.4624
 43.5108
 43.5223
 43.6759
 43.8971
 43.9011
 44.0194
 44.0662
 44.1021
 44.1245
 44.2897
 44.4386
 44.4848
 44.6302
 44.9491
 45.0846
 45.1345
 45.1557
 45.1957
 45.2169
 45.4626
  45.653
 45.7341
 45.9103
 46.0133
 46.1515
 46.1956
 46.4586
 46.4591
 46.6252
 46.7353
  46.753
 46.7719
 47.3147
  47.424
 47.5811
 47.7111
 47.8135
  48.247
 48.3053
 48.3969
 48.8596
 48.9496
 48.9613
 49.0117
 49.0393
 49.9855
 50.1062
 50.1161
 50.1913
 50.3272
 50.4183
 50.6338
 50.8117
  51.123
 51.2165
 51.5629
 51.7201
 51.9488
 51.9539
 51.9829
 52.0576
 52.1083
 52.1854
 52.3745
 53.5595
 54.1785
 54.2161
 54.4423
 54.6085
  54.646
 54.7783
  54.834
 55.3786
 56.6543
 57.2465
 58.0506
 58.4481
 59.0855
 59.1242
 59.2232
 59.4683
 59.7606
 60.5903
 60.5971
 61.0789
 61.1207
 62.5254
 64.5953
 65.8163
 65.8878
 67.1275
 68.4614
  71.848
 71.8889
 72.9535
 74.4755
 78.0893
 78.1126
 79.2269
 89.5752