43.8466
39.5355
41.7452
44.6057
75.4161
 82.731
45.1247
20.8064
24.2323
66.0685
 38.896
10.0311
11.9591
29.4516
 16.738
 10.649
54.5861
61.3335
76.0735
68.6552
5.80694
58.9977
23.7486
5.57028
87.6908
55.5531
28.5434
17.8151
19.2752
60.7104
72.0163
11.9592
30.4533
10.8355
25.6344
14.4892
15.5896
56.4736
51.0867
38.8514
86.4609
30.1402
36.3676
74.2834
36.5321
61.1081
87.1036
58.8344
76.2785
24.0016
16.6642
44.6057
88.8787
42.2265
76.0745
48.2807
6.22387
21.8542
19.2757
16.5091
87.4601
72.0187
87.0374
19.5851
37.5732
70.1421
55.5531
31.5626
63.2065
85.4493
 25.924
69.7768
60.9311
38.3936
23.9806
23.7529
70.5918
61.3369
33.5159
29.2989
70.9084
62.8971
85.4369
89.3152