2.01422
 2.6487
2.76613
3.08001
3.21942
3.42418
3.44714
3.97172
4.28684
4.46282
4.56871
4.62483
4.80656
4.97827
4.98705
5.31352
5.32873
5.35644
5.42354
5.46191
 5.6804
  5.781
5.80711
6.04176
6.10317
6.61769
7.03127
7.20069
7.39534
7.44272
7.69983
7.81411
7.89355
7.90587
8.10744
 8.1343
 8.2192
8.25983
8.29832
8.42639
8.44657
8.46518
 8.5719
8.66533
8.90127
9.10107
9.19725
9.24567
9.28328
9.30877
9.34534
9.51543
9.53109
 9.8214
9.84176
9.94285
 10.064
10.3077
10.5406
10.5895
10.6675
10.7216
10.8546
11.1738
11.2415
11.3074
11.5705
 11.613
11.6429
11.7154
11.8372
 11.871
11.9239
12.0404
12.1443
  12.15
12.2374
12.3219
12.4528
12.5579
12.6078
12.6926
12.7315
12.7403
12.7761
12.8244
12.9301
12.9755
13.1232
13.2104
13.3169
13.4049
13.6284
13.7342
  13.87
14.0179
14.0235
14.0432
14.2839
 14.284
 14.543
 14.566
14.7836
14.8057
14.8538
14.9381
14.9493
15.0942
15.1032
15.1053
15.1057
15.2513
15.5378
 15.557
15.8126
15.8323
15.9432
16.1285
16.2047
16.4891
16.5185
16.7469
16.8553
16.9257
17.1511
17.2378
17.2625
17.2665
17.2769
17.3816
17.6461
17.9647
18.2459
18.5948
19.1133
19.1582
19.2677
19.3716
19.4551
19.4726
19.5035
19.5101
19.7301
19.7607
19.8046
 20.151
20.1525
20.2191
 20.287
20.4519
20.5836
20.8937
21.3949
21.5427
21.6527
21.7715
21.7874
21.9007
22.3532
22.6657
22.7177
22.9518
23.2346
23.3275
23.3606
23.3722
23.4397
 23.473
23.5299
23.6009
23.6066
23.6316
23.6373
23.6995
23.7013
23.7525
 23.805
 23.862
24.0615
24.2032
24.2488
 24.319
24.5859
24.6365
24.7482
24.7833
24.9258
24.9911
25.1351
25.5668
25.6511
25.6897
25.7119
25.7917
25.8527
25.9182
25.9341
26.0011
26.0484
26.1278
26.2512
26.2746
26.3278
26.3314
26.7525
26.8865
26.9013
26.9021
26.9857
27.3125
27.4896
27.5106
27.5817
27.6474
27.7759
27.7985
27.8557
27.8802
27.9672
28.0522
28.1699
28.3487
28.3844
28.5108
28.6414
28.6426
 28.862
29.1065
29.1602
29.3708
29.4409
29.4419
29.5965
29.6068
29.6469
29.6973
29.7247
29.7814
29.8082
  29.87
29.8814
29.9358
30.2099
30.2744
30.4044
30.5732
30.7724
30.8073
31.0106
31.0539
 31.113
31.2195
31.2584
 31.396
31.4017
31.5994
31.6577
31.6934
31.7317
31.8051
31.8577
31.9612
32.0295
32.0767
32.1857
32.2263
32.5715
32.5772
32.6007
32.6432
 32.674
32.7935
32.8926
33.0516
33.0822
33.3706
33.4106
33.4846
 33.572
33.6008
33.6522
33.7529
33.7603
33.8598
33.9461
33.9667
33.9708
34.1552
34.1634
34.7201
34.7747
34.9028
35.0401
35.0746
35.3998
35.5184
35.5869
35.8053
35.8097
36.0031
36.0772
 36.513
 36.588
36.6641
36.8563
36.9287
37.0736
37.1067
37.1727
37.1814
37.3874
37.5272
37.6082
37.7008
37.8588
37.9578
37.9862
38.0746
38.1507
38.4066
38.6716
38.7002
38.7584
38.7702
38.8048
38.8109
 39.006
39.1062
 39.178
39.2768
39.3488
39.4433
39.4656
39.6521
39.6643
40.1364
40.2091
40.2424
40.2707
40.6515
40.6816
41.1049
41.1432
 41.154
41.1562
41.3654
41.5488
42.1398
42.2168
42.3495
42.3806
42.3951
42.4018
42.6752
42.7418
42.7435
42.9094
43.0071
43.2923
43.5299
43.6409
43.7313
 43.733
43.9044
44.0188
 44.027
44.0368
44.1846
44.3234
44.5714
45.0669
45.1511
45.2332
 45.925
46.0329
46.2074
46.3121
46.5442
46.5807
46.5989
  46.66
46.7531
 46.756
46.7862
 46.787
46.9185
 47.136
47.2997
47.4019
47.4339
47.5201
47.5927
47.8421
 47.974
48.4547
48.7122
48.7813
 48.822
48.9211
49.0691
49.4152
49.5229
49.6063
49.9672
50.0235
50.2308
50.2954
50.5111
50.6164
50.6432
50.6532
50.7414
50.8112
50.8805
50.9636
51.2658
51.4452
 51.503
51.6353
52.2344
52.2473
52.4658
52.7339
 52.778
52.9148
53.1263
53.1707
53.5165
54.3729
54.4173
54.5482
54.6264
54.8929
55.3106
55.3982
55.4089
55.5585
55.6155
55.6239
55.6661
55.7097
 55.753
55.7797
55.8403
55.8523
55.8712
55.9393
 56.022
56.2924
 56.455
56.6506
56.6596
56.7205
56.7216
 56.879
56.9176
56.9986
57.0883
57.3964
57.6825
57.6887
57.7364
57.8001
58.0407
 58.083
58.2285
58.3265
58.3662
58.7471
58.7923
58.8174
59.0291
59.0673
59.1157
59.2755
59.3638
59.4894
59.6289
59.8625
60.0914
60.3387
60.7019
 60.844
60.8462
61.0369
61.4877
61.5604
61.5976
61.7702
61.9228
62.2891
62.3053
62.3453
62.3868
62.3972
62.4255
62.7241
62.8097
62.8331
62.8794
63.1894
63.2529
63.6142
63.8436
 63.874
64.1703
64.2704
64.3508
64.4529
64.4711
64.5517
64.6187
 64.861
64.9952
 65.249
65.3944
65.4658
65.5413
 65.556
65.7392
65.8149
65.8585
65.9034
66.5675
66.6174
66.7616
66.8948
67.1769
67.2462
67.3614
67.4688
67.4728
67.4739
67.6411
67.6921
67.7965
67.9011
 67.958
68.0124
68.1161
  68.34
 68.358
68.4684
68.5182
68.6832
68.7159
 68.862
69.3576
69.3809
69.5159
69.7086
69.8689
69.8745
69.8857
69.9959
70.0814
70.3459
70.5313
70.6746
70.6885
70.9352
70.9431
71.0127
71.4332
71.8514
72.0094
72.0717
72.1611
72.5316
 72.719
72.8403
73.1293
73.2082
73.4108
73.5996
73.9401
74.0417
74.1509
74.2396
74.3295
74.7386
74.9444
75.0584
75.0731
75.2331
75.2399
75.3758
75.5327
75.8055
75.8137
 75.824
76.0195
76.0248
76.4563
77.0685
77.0878
77.4159
77.5823
77.8244
78.0196
78.0315
78.1934
78.2511
78.3944
 78.434
78.4641
78.5308
78.8751
78.9981
79.1056
79.2948
79.2977
79.4142
79.6653
79.7448
79.9841
79.9982
80.2879
80.3353
80.8536
81.1216
81.6139
81.7086
81.8295
82.3038
82.4182
82.4806
 82.668
83.3628
 83.752
83.8304
 83.933
84.1827
84.5078
84.5396
85.2037
85.5817
85.9438
86.0849
86.2836
  86.45
 86.979
 87.291
87.8307
 87.948
 88.013
88.0746
88.1654
88.1971
88.2544
88.5243
89.3237
 89.476
 89.516
89.9741