 16.2569
 15.4252
 9.86905
 5.49879
 15.5678
 13.2312
 13.2715
 3.15248
  1.9956
 15.9313
 15.0551
 27.1979
 8.63444
 3.92389
 14.8103
 14.7962
 7.00056
 10.2554
 11.9835
 9.94003
 11.1889
 12.1967
 8.23918
 15.6662
 15.9486
 11.0751
 12.1429
 19.4017
 21.3226
 19.3009
 22.8749
  9.9666
 2.74288
 13.1174
 13.4731
 11.2131
 7.11602
 8.76388
 8.74299
 8.66809
 11.8706
 15.3855
 12.4564
  3.6455
 3.73917
 3.59837
 12.5233
 12.4508
 12.3363
  3.2054
 50.1959
 49.5134
 48.3087
 53.6668
 54.1314
 17.9014
 8.57891
 14.8313
  14.843
 10.7936
 5.75041
 28.4666
 24.2884
 18.5335
   26.27
 3.46645
 10.9534
 8.26235
 9.87691
  9.1391
 1.60826
 1.23158
 2.21481
  2.2902
 4.59611
 4.77623
 2.40228
 1.31291
 2.28454
 8.68242
 3.82767
 18.2029
  26.286
 18.5431
 20.8897
 19.7455
 15.5297
 10.0692
 4.47603
 4.90983
 9.40389
 4.75114
 6.65372
 11.6229
 13.1873
 8.35809
 10.0185
 12.3001
 4.77878
  2.7534
 7.91244
 13.4737
 14.6594
 20.5314
 29.0567
 29.3947
 16.0967
   16.58
 1.00596
 2.74356
 3.31123
0.121163
 11.9907
 1.15012
 17.1298
 2.76403
 3.43945
 1.07381
 7.50955
 5.10927
 8.03117
 2.90243
 16.4066
 6.77926
0.259228
 4.73234
 16.0889
 1.10116
 3.11453
 13.8899
 15.4107
 4.95674
 9.32389
 5.80069
 13.0435
 8.56004
 1.85881
0.933272
 16.5433
 32.6315
 5.98745
 4.09324
 14.1086
 12.1545
 9.39684
 7.56623
 11.4679
 10.7752
  5.1608
 2.71581
 11.8994
  16.113
 4.51005
 12.5435
 17.8882
 8.07402
0.325281
 14.4933
 32.5692
 26.5027
 47.6816
 43.5173
 11.1652
  13.638
 31.4473
 14.1559
 9.97604
 25.2469
 27.6725
 15.9337
 4.23833
 2.78123
 20.8116
 20.4374
 8.57383
 16.6313
 17.0147
 9.22857
 27.0759
 2.86247
 5.47729
 23.0826
 24.8931
 16.8979
 18.8957
 16.4562
 10.5997
 14.5935
 14.7276
 10.7143
 9.04648
 9.95381
  8.2409
 15.1748
 7.70693
 9.19606
 10.6368
 12.2578
  8.5357
 9.81293
 17.1841
 17.7525
 4.56715
0.243832
 6.47268
 5.61795
 5.35328
 4.79378
  43.178
 47.7247
0.896078
 23.0522
 18.2029
 11.7898
 18.8232
 18.2499
 15.8461
 30.1718
 25.3078
 11.9067
   2.499
 6.07095
 2.84411
 4.11314
 5.10491
 17.0415
 4.75498
 12.5967
 2.05313
 1.96972
 4.09962
 1.51152
0.578378
 19.1058
 23.0724
  17.122
 7.96349
 7.85632
 13.8531
 12.0216
  9.6285
 4.64854
  14.493
  8.2574
   5.936
 9.71431
 6.94524
 5.83551
 5.93295
 7.92775
  5.6621
 13.9086
 22.9812
 21.7419
 17.6026
0.917824
 2.32643
 10.9294
  4.2556
 8.15816
 6.95101
 7.22728
 3.91994
 3.02752
 17.4778
 6.70311
   16.59
 4.51561
 4.71633
 20.6194
 10.6291
 21.5034
 10.9558
 20.4374
  1.3026
 12.6885
 14.6958
 8.15277
  12.215
  8.4297
 10.7104
 16.1822
 20.4418
 22.7267
 14.7496
 5.43234
0.415939
 2.05027
 2.44739
 1.97795
 16.5441
 5.12002
 13.7936
 12.9063
 6.21689
 10.6989
  11.651
 4.09257
 25.8586
 12.6297
 17.0132
 17.6763
 17.6998
  11.096
0.674982
 10.5132
 11.8632
 15.1301
 40.8845
  47.969
 41.8023
 10.5261
 7.15213
 11.1062
 4.53703
 4.86335
 1.44724
 55.3756
 23.8831
 4.97794
 13.5857
 20.3648
 9.44933
 27.4098
 8.37653
 7.84808
 3.21542
  13.879
 13.3816
 5.03773
 2.39287
 23.4217
 9.55525
 9.69338
 7.23024
 9.28749
 16.0802
 6.02194
 15.7625
 2.63443
 4.44481
 4.67679
 19.4356
 9.06034
 19.0855
0.939909
  1.7047
 3.97599
 3.83349
 8.01079
 15.1245
  14.617
 4.65985
 6.65343
 4.57625
 3.46212
 4.03468
 7.53649
 2.32959
 15.3351
 14.7306
 10.2298
 26.5874
 12.4847
 17.7872
 11.6224
 2.75784
  5.2094
 3.32195
 3.10607
 4.95235
 6.72299
0.645587
 3.31123
 1.56061
 8.86941
 18.9037
 7.91141
 5.39105
 21.1137
  8.3947
 11.7492
 11.4684
 5.63277
 13.3264
 5.52355
 25.6352
 7.05421
 8.80535
 13.6081
0.409551
 1.52099
 5.66415
 12.9963
 17.8111
 7.52593
 12.0036
 4.72015
 11.1967
 8.63774
 11.3708
 19.9972
 6.32953
 4.60233
 7.55861
  14.173
 16.0659
   11.99
 7.83615
 9.60938
 55.9269
 56.2692
 53.7235
 6.76778
 10.7237
  7.9923
 10.4213
 17.3663
 2.58131
   47.39
 2.65217
 17.3357
 6.45704
  16.841
 15.1244
 9.99477
 25.8081
  1.1144
  17.072
   9.701
 5.48951
  9.6626
 25.6676
 16.9587
 23.2382
 16.6154
 26.0798
 9.56124
 6.49996
 2.60402
 1.49653
 13.5963
 8.63978
 8.67518
 14.4133
 19.7245
 15.0669
 16.4638
0.806283
 4.69312
 16.9982
 11.7196
 9.37959
 6.90241
 15.5482
 19.8095
 6.60435
0.624371
 4.98378
 3.10172
0.604365
 5.31848
 5.95848
 6.12749
 1.09874
 9.71375
 8.36742
 11.0406
 12.2894
 24.9625
 7.54436
0.873627
 7.54136
0.878306
0.158328
 4.34501
 11.0643
0.684574
  17.281
0.524575
 16.4235
 9.98095
 12.5027
 8.90273
 4.72219
  5.2253
 3.69774
 14.9421
 47.9848
 48.2705
 10.8844
 14.5392
 17.7291
 3.63521
 9.94491
 15.8761
 56.6866
 37.1482
 8.28321
 21.2559
  14.732
 25.9224
 15.0329
 3.29829
0.291648
 9.07392
 11.0944
 11.1963
  5.7097
0.746224
 2.90453
 1.57323
  11.203
 15.5029
 29.4245
   27.55
 6.67568
 4.69815
0.132957
0.864751
 28.4438
 19.4413
 8.36138
  2.0776
 17.9159
 17.9074
 2.25191
 22.7678
  23.908
 11.0918
  8.8411
 19.6119
 3.70544
 10.5862
 21.1283
0.784919
 7.52915
 12.0824
 12.2063
 3.21479
  30.756
 20.3997
 22.9017
 18.6996
 4.88032
 17.5996
 18.3289
 9.58773
 9.15798
 1.42891
 23.4211
 27.9107
 9.16032
 10.4362
 24.8592
 29.3266
 23.1099
 31.6615
  28.725
 19.0684
  9.2084
 19.6392
 2.03573
 15.0581
 6.80778
 17.4187
 9.73331
 5.83838
 6.06379
 27.9557
 1.79393
 6.46135
 28.4405
 4.10434
 28.5188
 18.6786
 24.2314
 3.31093
 21.0222
 22.2178
 25.5822
 5.97658
 2.78946
 11.6784
 17.6613
 28.7314
 6.41841
 3.72177
 10.4399
 23.1376
 7.99603
 11.2954
 11.6097
 11.6126
 6.15863
 10.5455
0.469726
 6.18669
 2.30005
 22.7675
 19.0887
 7.86308
 17.6493
 34.2203
 26.9745
 23.8628
 21.2559
 27.4036
 25.3405
 3.49091
 19.7159
 27.6162
 4.94843
 3.36951
 3.21399
0.115273
  3.9368
 6.44877
 30.4622
 19.9092
 14.8107
 7.63124
 33.2601
 1.09017
 20.3274
 4.63379
 7.31178
 32.1226
  24.682
 23.7472
   23.55
 26.3426
 30.9259
 7.65982
 15.7971
 1.18355
 1.21742
 27.6497
 19.8017
 30.9796
 17.5312
 31.9355
 17.1473
 21.3548
 11.1415
0.453901
0.588275
 18.0047
 5.43009
 21.2031
 11.5528
0.188692
 18.7706
 6.52744
 19.0828
 11.5395
 12.6921
 3.52595
 16.0077
 5.90315
   10.32
 8.82752
 10.3231
 13.2999
 10.7428
 20.3831
 8.30798
 31.2742
  10.705
 12.9179
 1.80396
 21.4465
0.490686
 24.4395
 7.01195
 1.64902
 6.43688
 9.34938
 4.68292
 3.11568
  12.469
 3.34119
 23.2447
 26.4014
 30.0668
0.222581
   15.95
 11.1721
 9.43741
 11.5504
 11.9959
 27.1023
 14.7624
 10.2109
 10.3134
 26.2816
 29.0641
 12.6599
 18.2261
  10.218
 21.1286
 8.92893
 10.1115
 11.2445
0.149096
 0.32515
 20.4525
 10.4731
 2.10901
0.104108
 13.1024
 20.1625
  20.033
 1.64825
 26.3984
 18.7151
 7.84224
 7.54534
 13.6837
  17.437
 9.90639
 23.4784
 20.9921
 30.9509
 13.4044
 14.8557
0.638114
 26.4473
 11.0935
 10.7725
 3.55643
 23.0625
 10.2878
 47.4032
 12.6572
 5.55613
 11.8127
 3.77481
 6.92537
 19.3561
 17.6986
  26.604
 34.5802
 1.42545
 1.97705
 17.3027
 16.5069
 9.81859
  7.2765
 14.7479
 27.3571
 6.01806
  9.9593
 17.8112
 6.37547
 33.9138
 14.3748
 18.7229
 20.6172
 23.2886
 34.0762
 8.17235
  16.695
 22.3802
 18.6646
 26.9183
 0.42746
 6.24192
 25.3703
 5.63443
 21.3324
 33.5394
0.948429
 7.84137
 2.49045
 4.89908
 12.4036
 15.5562
 8.90227
 14.7587
 33.8102
 8.17373
 32.0604
 31.5751
 28.9002
 30.3632
 19.5858
 14.3824
 13.6131
 4.70528
 4.97688
 4.52146
 11.2017
 4.08975
 8.56009
 24.9089
 26.4589
 34.1664
 2.54651
 5.60262
 20.4914
  17.942
 7.32808
  31.257
 19.7705
 31.4082
 6.05317
 30.6051
 30.8336
 6.86147
  11.358
 17.1613
  27.328
 2.69213
 15.2412
 32.3684
 10.7439
 30.3092
 13.9517
 12.2461
 10.4227
 23.3379
 30.2587
 16.6879
 27.6294
 19.9362
  13.064
  5.6009
 27.8491
 11.8665
 26.6887
 29.2269
 25.5927
 32.1266
 12.7214
   6.605
 6.60945
 3.45715
 28.2779
 5.40462
 20.7686
 1.49659
 5.34958
 4.10079
 20.1572
 20.4036
 18.9616
 1.81981
 6.84117
 12.2922
 8.91715
 1.56808
  14.079
 18.0177
 11.8494
 6.49248
 17.7459
  33.648
 19.1819
  11.717
 10.0445
 24.3405
 21.6112
 20.7355
 11.5391
 13.4139
 24.6016
  22.101
 23.3407
 29.3074
 15.1531
 18.8365
 12.7214
  23.921
 13.9827
 23.9289
  32.047
 10.1456
 20.3456
 18.7147
 19.4675
  18.125
 1.07811
 17.9343
  11.717
 16.0151
 1.18355
 23.3104
 20.3788
 19.3059
 35.2566
 15.5824
 14.4003
  30.313
 19.5452
 13.7345
  5.7143
  6.2248
 23.5151
 18.3134
  19.872
 27.2702
 24.1723
 19.6918
 5.19601
 15.7221
 28.9376
 22.0209
  34.294
 26.8806
 33.9254
 11.2196
 14.7459
 1.52401
  32.843
 10.2107
 22.8233
 25.8889
 9.38526
  2.8008
 6.82304
 1.67233
 9.93325
 8.53191
 18.5767
  27.806
 17.0668
 6.78571
 12.6112
 2.99325
 11.2848
 11.4477
 22.0052
 14.1836
  21.289
 2.16072
 3.41436
 4.95462
 16.8098
 24.8318
 0.86571
 30.1602
 22.8932
 6.52308
 5.94186
 13.5139
 16.2771
 23.3753
 13.7826
 3.77809
 27.2292
 26.5459
 28.2882
 24.4482
  8.8116
 27.4168
 20.5725
0.674887
 27.1569
 24.7662
 10.6438
 17.9366
 27.5213
 8.34965
 3.96119
 22.8727
 1.67272
 29.9947
 27.2931
 4.99461
 4.28252
0.228101
 3.34684
 21.2975
 15.2327
 9.22962
 13.5096
 26.3831
 12.0211
 8.03315
 10.2957
  12.215
 9.85483
 5.17522
 10.4538
 6.06736
 3.28658
 16.0184
 10.0285
 5.98517
 23.5743
 6.87314
 12.8669
 8.31256
 3.67479
 5.83267
 1.57043
  40.676
 23.3386
  3.8453
 7.59569
 7.12655
 11.5591
 13.9673
 20.5334
 7.21359
 32.7714
 6.55639
 38.3077
  32.902
 8.87532
 13.3431
 26.8552
 9.27147
 29.4074
 31.9263
 41.5185
 16.7241
 10.1442
 17.0496
 16.2694
 17.3456
 16.1841
 7.72791
 10.8144
 13.0374
 15.1259
 38.3258
  8.5904
 19.3634
 17.0135
 37.0589
 11.5383
 12.1787
 37.2391
 8.89791
 13.4262
 10.6765
  15.246
 23.8061
 4.70286
 34.8443
 1.58171
 3.28386
 10.8041
 12.6443
 40.5645
 26.4033
 27.3318
 10.0779
 13.9191
 22.7196
 23.6952
 10.6208
   2.185
 5.77377
 5.22369
 3.89093
 18.9307
 26.9132
 15.1489
 21.1266
 6.95254
 19.1497
 16.3326
 25.6123
 14.5902
 5.82707
 1.74661
 20.0675
 7.16721
 22.8975
 5.92596
 18.0554
 9.59186
 26.8557
  39.887
 13.0641
  12.121
 6.09865
 7.05334
 22.7587
0.437915
 5.36806
  13.438
 22.8386
 24.4442
 6.83617
 4.04865
  3.3746
 3.36698
 11.3112
   21.68
 1.63844
 8.23838
 6.17747
 21.7956
 23.7474
 24.1751
 13.0742
 24.1914
 3.42164