  10.2456
   11.905
  4.07348
 0.573588
  1.77289
  1.59284
  3.64261
   6.1014
  3.08598
   4.7088
  2.17441
  15.5468
   15.326
  33.9644
  28.0451
  1.93542
  7.23903
   11.839
 0.263578
  1.28449
  7.92009
  17.4084
0.0250288
  13.2213
   14.046
  7.08713
  8.28804
  8.12879
  10.6547
  5.57506
  8.23153
  2.85245
  11.8127
0.0957002
  7.52172
  3.18749
  2.99127
  8.58038
  12.1888
  11.0289
    4.878
  8.93685
 0.852637
  1.65523
  3.74286
  8.41367
  35.8098
   27.251
  40.3588
   27.002
  34.5314
  7.46262
  0.79686
  6.91356
  0.49374
  6.80744
 0.694827
  16.8237
  21.9846
  36.9066
  26.9751
  4.77059
  9.01143
  10.2798
  5.66071
  10.4109
  4.72348
  8.13935
  5.15416
  7.20687
  9.62314
  9.61314
  9.47687
  7.16383
  10.9997
  10.4431
  5.57762
  5.23629
  11.5773
  12.3206
  10.3403
  19.7348
  14.3452
  7.96733
  16.1163
   17.908
0.0782849
  13.4661
  4.24617
  2.49722
  1.15764
  8.68999
  2.22223
  1.13663
  20.3832
  14.4249
  6.47577
   9.2269
  11.2178
  8.33074
 0.373149
  8.90725
  6.40171
  7.18174
  10.5788
  4.28194
  10.5614
  8.93105
  2.32712
  4.83041
  7.04524
  8.96282
  8.48701
 0.732628
   7.0737
  5.48601
  3.11391
  9.76115
  9.43109
  1.59901
  2.56405
   11.428
  13.0727
  30.8163
  11.3178
  1.73509
  4.38721
  12.6321
  4.62391
  12.9565
  12.2202
  5.65428
  10.4344
  10.7048
  18.4102
  12.9532
  5.80185
  7.54679
   4.7524
  5.46911
  1.58429
  10.0945
  10.3964
  9.57874
  7.65865
  1.89376
  7.18387
   4.2559
  1.20484
  2.38875
  1.36711
  2.39883
  11.5801
  7.39891
  20.4845
  12.6694
  41.1126
  34.6001
  3.27889
  8.95853
  13.8723
  16.0733
  3.33237
  23.8354
  20.4114
  13.8506
  8.67091
  8.15378
  29.5228
  11.4469
  2.87728
   2.0947
  4.39663
  18.8725
  12.6563
  9.90116
  10.1354
  8.47414
  10.5515
  13.5529
  7.03911
  1.53335
   6.9993
  20.6935
  10.6357
  4.20135
  13.3924
  7.96733
  7.56328
 0.725571
  9.56988
   6.4134
  8.03214
  3.67182
  1.47316
  1.25456
 0.331484
  9.20936
  9.20449
  2.85911
  3.78185
  31.7742
  37.8596
  1.38593
  23.3191
  1.51169
  8.09119
  1.54514
  5.76763
  1.05358
  34.3499
   41.142
 0.981108
  6.25938
  6.88625
  3.35258
  9.98483
  9.12705
  9.59642
0.0936373
  10.6732
   5.3826
  10.4723
  5.12457
  6.04259
  6.11597
  9.42244
   11.058
  17.9062
  20.5981
  15.5478
 0.810719
  10.4449
  16.0521
  8.78245
  11.1257
  4.65256
  10.7309
  13.2032
  13.6538
    3.053
   30.823
  11.7029
  6.49597
  12.8554
  5.68761
   7.8636
   7.2775
  6.23948
    5.128
 0.713175
  5.08436
 0.669973
  2.26247
 0.821467
  7.78806
  4.66363
 0.971109
  5.75245
  10.9802
  5.69724
  3.16575
  12.3806
  8.61068
 0.632199
  11.0822
  13.6363
  8.28473
  26.4739
  2.42983
  2.93112
  1.95269
  2.07355
  11.2427
   18.662
  13.7496
  10.5604
  11.2665
  7.36988
  18.1124
  6.11416
  26.6244
  21.3642
  24.5519
  5.75193
  2.68968
  5.42165
   1.9872
 0.648514
  10.3416
  12.4678
  8.16648
   20.067
 0.751112
 0.467454
   3.3107
  3.44194
   12.132
  11.8239
  4.19358
  4.96767
   22.781
  24.1782
  32.2783
  29.1725
  4.16854
  4.66836
  1.19585
   8.0864
  39.2165
  15.1404
  6.94053
  0.27095
  19.3145
  9.70793
  12.4512
  21.1228
  15.8405
  4.14667
  13.6534
  6.83753
  1.40893
  9.55987
  13.4134
  22.4628
  16.6113
  2.30877
   6.0787
  7.73351
   7.1451
  5.45484
   7.3259
  2.78111
 0.583423
  1.24872
  6.88605
  3.71947
  1.02933
  10.2917
   13.022
   5.2066
  13.7569
  2.67253
  5.47809
  9.27191
  2.31801
  8.94234
   1.5001
 0.594178
  11.1982
  6.79589
  9.61417
  5.18608
  6.71208
  5.72965
  5.25674
 0.591765
  7.38551
  5.21147
  6.86277
  8.35532
  4.24995
  6.29443
  10.4859
  3.30882
  9.93647
  12.4502
  12.0179
  31.2943
  2.25601
  2.60439
  1.10693
  10.5343
  16.2261
  9.86292
  11.5253
   20.483
  15.1181
  17.6877
  5.21943
  10.5022
  8.44308
  1.51759
  9.75302
  12.0959
  10.5572
  1.53758
 0.650286
   36.884
   1.0414
  4.85684
  1.09769
  4.86638
  1.87673
  8.24018
  5.49343
  9.19602
  39.7233
  24.7879
  38.1999
  2.81241
   10.955
  3.04055
  4.16854
  9.18254
  27.6727
  5.12772
  6.96414
  11.3839
  15.3356
  11.7157
  7.61651
  8.16573
   6.8474
  25.3913
  4.92576
  6.56519
  4.38328
  10.4523
  13.0564
  8.10543
  18.9414
  15.1865
  7.75021
 0.278791
  2.32391
  5.07224
  1.11989
   2.0222
   6.5616
  4.58195
  1.18059
  9.39879
  7.38828
  10.5825
  15.3894
 0.472593
  14.8558
  11.6962
  6.57269
  5.69016
   5.8709
  4.89688
  5.18094
   8.8151
  8.73222
  3.15169
   9.3144
  14.7599
  5.48075
 0.166518
  13.8626
  12.9203
  20.6903
  20.2693
 0.675829
 0.672757
  1.93862
  4.37199
  6.21723
  25.7605
    14.78
 0.574391
  1.54685
 0.574323
  3.64529
 0.641878
  5.50635
  3.25777
 0.413944
  5.26974
   16.325
  39.7104
  5.51549
 0.615651
 0.292254
  7.16143
  2.60666
  38.5842
  28.2269
  2.12882
  12.7679
  5.73907
  13.0225
  8.32493
  6.38707
0.0436118
  6.51662
  30.0529
  17.0312
  36.0595
  24.7167
   9.0889
  31.2608
  5.22871
  7.12516
  8.06315
  2.82227
  7.46332
  3.20864
  6.76998
  23.2487
  13.0659
  9.58173
  16.9234
  24.1127
  9.77123
  13.0474
 0.452825
  7.02201
  5.71325
  2.90671
  28.6769
  14.5242
  12.0634
  1.68744
   6.1906
  7.68634
  5.70971
  1.60957
  3.50956
  9.24774
   31.546
  20.9512
  7.59454
  1.79789
  18.9924
  1.09606
   10.795
  3.62219
   30.029
 0.398014
  4.13274
  18.8616
  11.4416
  16.8799
  4.01389
 0.493228
  21.7995
   18.302
  18.4213
  15.5827
  2.99018
  2.88593
  11.9535
  3.42573
  6.91785
  16.0139
  2.56294
  6.07332
  5.76163
  19.1916
  2.70343
  17.4181
 0.370831
  24.9761
  22.2018
0.0376632
  6.34857
  15.4911
  10.2682
   14.131
  10.5551
  8.26039
  21.0268
  16.1312
   5.2299
  31.5187
  1.43296
  12.3956
  20.6674
  6.65341
  1.40372
  6.70384
  10.5175
  27.0751
  17.4578
    14.59
  10.5368
  14.1612
  17.1965
  8.09037
  15.6364
  3.82593
  3.07129
 0.501396
  2.71763
  8.48674
  3.22363
  5.91879
  9.19715
  23.2712
  17.2863
   3.3468
  6.32613
  17.3462
  2.61295
  13.3042
  5.73065
  23.7237
  3.70059
  2.97814
  11.7245
  6.32046
   17.079
  7.81619
  28.5969
  11.5059
  6.31633
  3.17018
   24.373
  39.2561
  14.1474
  11.9581
  7.55409
    18.27
  11.7103
  11.7382
  6.57641
  9.07673
  3.75285
   5.5958
  19.5748
  1.05716
  12.3555
  14.5392
  26.0088
  21.5037
  16.8198
  6.76607
  6.68429
  11.8245
  5.20296
  1.74254
  7.90595
  15.1645
  29.8474
  6.73057
  17.2713
  15.7131
  27.5573
  27.9873
  21.5705
  17.8559
  12.5107
  22.0199
  26.9604
  4.25427
  31.3454
  28.0134
  22.0821
  39.2671
  30.4918
  6.92218
  24.4102
  19.8657
  16.3019
  2.27707
  11.4783
  12.1143
  21.2178
  16.2723
  4.30712
  35.2624
  33.3499
  26.8436
  22.0454
  1.53057
  18.6638
  25.5287
  11.4843
  6.68702
  25.4813
  16.1734
  12.4196
  34.2233
  11.1082
 0.846568
  22.0931
  4.11461
  8.85477
  27.9447
  26.6035
   11.886
  14.6856
  4.35744
   2.8038
  21.1943
  25.5277
  23.0769
  10.5488
  23.7572
  30.5334
  29.3517
  22.2724
  15.7143
  20.6329
  10.3521
  1.52572
   1.7454
  4.12998
  6.74558
  3.42272
  21.7648
  2.18388