  6.38512
  9.18457
  1.19398
  14.0489
  8.90888
   16.497
  10.4761
  9.50047
  1.01918
  1.14426
  10.1021
  10.4279
  19.5957
  18.8833
  2.01058
  8.26888
  8.50851
  14.1311
 0.987671
  6.70084
  5.63041
  7.05857
   10.856
  13.7827
  14.2746
  13.9557
  13.2218
  11.8163
  32.7789
  11.0878
  17.3118
  11.1456
  10.5109
  3.82546
  17.0864
  16.6966
  14.2208
  8.15543
  7.47208
  9.24318
  3.33858
  3.46122
  5.04527
  22.2875
  9.49493
    4.533
  2.68886
 0.829588
 0.953196
  12.8737
 0.401773
  11.1195
  13.9243
  15.0051
  11.8959
  10.2878
   7.4568
   1.8577
  1.41558
  1.15959
  2.72059
  0.72888
  6.76094
  13.9702
  28.6328
  13.0588
  29.4929
  2.10309
  14.8581
  16.0747
  6.46385
   10.654
  9.06326
  13.5185
  8.29821
  17.4212
  11.8854
  7.98076
  8.25979
  16.8837
  1.75056
  8.11628
  7.83298
  10.2122
  14.3888
  4.61721
  10.1842
  4.65211
  3.10441
  8.78129
  11.4475
  14.4539
  4.60866
  11.5554
  33.0388
  18.4248
  5.73185
  6.10871
  9.92065
  5.55806
   4.2622
  1.34268
  28.4828
  21.9945
  14.1557
  13.4991
  12.2724
  10.9767
  7.01485
  11.6308
  4.86677
  3.03924
  5.69482
  1.58817
  9.19582
  6.58176
  7.82593
  33.1396
  31.0118
  7.43057
  11.6677
  21.1024
  12.9321
  20.8896
0.0200108
  6.60989
  7.10928
  7.79141
   18.242
  19.3425
  13.6344
  9.00656
  6.02286
  10.3808
  12.4025
  6.27806
   21.024
  14.5967
  9.89729
  6.94283
  1.29198
  5.28857
  11.0871
  11.7678
  12.4585
  17.4422
 0.706918
  1.86509
  16.0917
  9.43811
   13.264
  10.4602
  7.33563
  4.67264
  5.39789
  4.62722
 0.848154
  4.26449
  3.76817
  5.84479
  17.5725
  10.7317
  6.33361
  8.63187
  7.01648
  5.32298
  18.3216
  7.80673
   1.9827
   6.9654
  5.08132
  23.9485
  3.80619
  24.5104
  1.70101
  7.07518
  9.10434
  14.0795
  13.0654
  3.68438
  5.89278
  8.74483
  2.65154
  19.6289
  14.6711
  14.6772
  20.5577
  13.5746
  7.90048
  20.1398
  13.0588
  19.1277
 0.599141
 0.155183
  10.3975
  4.89158
  9.72236
   6.2508
   5.6321
  12.8276
  5.24813
 0.590607
  6.63007
  17.4786
   10.634
  13.5196
  16.9201
  16.4828
  10.5171
  11.5126
  9.24468
  10.7487
  14.1663
  3.96927
  10.2439
  10.0674
  13.4136
  18.5298
  1.27343
   10.064
  4.36068
  14.8323
  13.5556
  1.05588
  6.84036
  0.56177
  1.52167
  26.9286
  20.8448
  8.31058
  18.6475
  1.77209
   1.4566
  9.88239
  15.8714
  19.4872
   4.8307
  8.74289
  4.76456
   17.787
 0.647498
  2.95208
  4.09883
  6.32994
  10.6214
  15.1557
  17.7508
  12.2385
  15.7053
  1.00955
  8.09132
  20.0089
  8.08445
  7.07228
  2.48344
  26.0768
  18.2847
  5.21863
  9.69133
  3.11852
  20.5577
  7.16183
  17.0171
  14.1669
  6.10897
  13.6422
  19.7082
  11.3003
  9.52829
  15.1846
  11.3909
  12.7094
  5.03679
   4.8169
  10.5603
  6.72364
  1.97295
 0.999735
  5.44306
  6.41432
  13.8686
  1.52598
  9.66068
  11.7191
   10.676
  0.97071
   6.1341
  10.3322
  4.42803
 0.717513
 0.876244
  4.68148
  7.26826
  1.33728
  4.80472
  7.56534
  6.16898
  2.67483
   11.668
  5.32261
  9.35521
  4.66834
  4.81284
  5.08569
  9.87004
  8.35783
  7.41978
  6.44176
   6.6894
  7.10855
  9.40311
 0.624765
  3.90981
  2.40038
  5.89601
   3.1771
  4.46109
  1.64093
  4.53153
  1.30979
  8.59585
 0.119468
  11.5932
 0.284286
  6.24229
  2.12526
  12.3983
   9.1849
   17.298
  10.5278
  4.50405
  5.09598
 0.433532
  7.40549
  14.6558
 0.640463
  1.55102
  9.70216
  1.80375
  1.98902
  4.05439
  7.33204
  1.09631
  10.5887
   5.0117
  7.79755
  9.42668
 0.631671
  7.13766
  6.21935
  8.73696
  10.0401
  7.47047
    4.823
  3.23591
  4.80143
  7.21248
  5.67816
  2.87327
  4.02802
  3.50979
   9.5608
  2.41508
  3.35295
 0.660595
   5.2162
  1.95016
  20.0006
  8.92028
  2.29842
  10.3195
  11.1002
  3.80832
  9.65125
  14.2006
  2.44729
  8.97097
   7.3396
  7.09252
  5.33368
  3.42358
  9.43589
   10.915
0.0259894
  3.63861
  8.99578
   2.9921
  14.0993
  7.01469
  4.67876
   6.1341
  2.64553
  35.6474
  9.88031
  2.40843
  8.49573
  4.48203
  3.80295
  5.64347
  5.10349
  9.05616
  8.93624
 0.873588
   5.6286
 0.138798
  5.99063
 0.554521
  3.38712
  7.85561
  22.5725
  11.8505
  8.34559
  9.41301
  20.0841
  4.13613
  2.40843
  8.65199
  3.90289
   8.4855
  5.63923
  10.2643
 0.643782
  5.51682
  10.0657
  15.8536
  3.89719
  6.30053
  9.27462
  4.22791
  5.05641
  2.15188
  8.32899
  5.35496
  8.09418
  13.4061
  1.50331
  10.4622
  7.47143
  4.67891
 0.124351
   5.1421
  9.85896
  3.67604
  25.1497
  1.25172
  3.79949
  5.03688
  9.75953
  20.9378
  6.87915
   3.8736
  4.41208
  4.77609
  7.50146
  19.6841
  9.70838
   7.5847
  19.8972
  18.4415
  3.51398
  10.9306
 0.820763
  10.5314
  7.49332
  8.03113
  4.86731
  9.84649
  6.88245
  8.07408
  5.74858
  20.9191
  1.86467
  9.61587
  4.32205
  9.91354
  3.61121
  4.82881
   1.6426
  7.90189
  7.89696
  10.9791
 0.595649
  8.17937
  8.74436
  9.12314
  7.12518
  2.52791
  7.56637
  11.9798
  10.9421
  9.57652
  8.40075
  23.0975
  9.63066
  9.63628
  5.71688
  3.92895
  22.5741
  25.9742
  1.09696
 0.169721
 0.493612
  13.0241
  8.56022
  12.6807
  18.9821
  7.48328
  8.36701
  7.65358
  17.9969
  14.2765
  16.7684
  13.2653
  4.38893
  16.3184
  4.69593
  3.21869
  5.49287
  3.30483
  16.8583
  15.3395
  11.7355
   12.985
  2.68478
  22.4517
  5.05113
  11.8481
  13.3212
  13.3873
  17.0985
  6.59347
  6.72548
  6.65237
  6.65272
   12.928
   10.441
  11.0718
    9.382
  17.0471
  14.9304
  22.0123
  12.5212
  13.2196
  10.9418
  20.0351
  14.9317
  1.62347
  1.41189
   4.4431
  5.36557
  6.39446
  17.4276
  2.68469
  10.7994
  11.3449
  4.04482
  21.0297
  15.1794
  11.0233
  2.31677
   8.4439
  21.6408
  17.3651
  4.62581
  19.2685
  8.34328
  7.92183
  21.7766
  15.7724
  15.9855
  13.5829
  39.8289
  39.9008
  37.2686
  40.6962
  1.38078
  39.9355
   36.127
  38.8785
  38.7011
  33.4231
  33.1509
  31.9699
  40.1925
   36.557
  32.8209
  10.5494
   3.5923
  25.5857
  37.4477
  35.7059
  41.9695
  40.7852
  38.1638
   47.184
  42.6826
  1.76463
   1.8648
  37.3042
  35.0506
  34.0595
  2.80956
  26.3421
  36.6571
  39.6131
  38.5762
  40.2035
  41.7208
  19.0236
  20.7414
  39.4412
  46.7619
  37.6313
  29.7378
  5.29432
  8.87117
  26.8566
  2.78982
  3.68027
  43.0604
  40.8174
  37.2807
  37.4608
  8.68806
  18.0478
  48.1192
   44.315
  32.2522
  26.9943
  32.5394
  36.3382
  34.9465
  33.7013
  41.6013
  40.9428
  34.4816
  33.2768
  40.6112
  37.9665
  8.75083
  39.9625
  44.5565
   11.103
  24.6752
  27.4597
  33.2591
  34.4062
   40.948
  38.8159
   26.819
   8.5716
  8.66176
  3.16949
  41.4138
   34.572
  2.65686
  39.7255
  42.2011
  40.6434
  41.1263
  17.9794
  40.1921
   43.641
  42.2785
  38.8981
  34.0518
  24.7842
  40.9709
  46.2467
  45.7485
  46.8404
  4.22005
   11.081
  37.6607
  39.5619
  45.7211
  39.0759
  36.5471
  37.9004
   22.488
   22.148
  9.33393
  40.9713
   30.379
  26.6549
  14.5971
  39.4049
  42.6573
   40.102
  39.3522
  6.64943
   27.789
  5.65759
  31.3887
  19.9683
  4.70393
  28.2385
  29.3087
  37.3761
  38.1844
  37.4251
  39.4616
  39.5056
  40.2327
   11.362
  8.21407
  41.1887
  40.1436
  35.1191
  4.65202
  34.6732
  38.8648
  38.9642
  47.2969
  31.8438
  32.5811
   37.822
   32.317
  44.0653
  26.7223
  26.8457
  29.6617
  46.1772
  42.9991
  47.2714
  32.1631
  32.6982
  7.28866
  41.0201
  40.7857
  32.7328
  28.3795
  38.4578
  39.6265
  23.8454
  37.2981
   37.696
  39.5986
  39.3466
  33.7787
  39.4047
  40.2493
  41.7483
  43.0636
  41.4376
  47.3145
  41.3938
  23.9158
  25.1575
  26.6757
  9.67029
  25.6306
  39.4893
  33.2381
  39.3243
  34.2402
  28.9663
  25.0457
  33.8219
  32.5704
  30.0925
  29.8664
  35.9808
  26.8735
  31.6203
  4.05859
   31.247
  31.6203
  27.3189
  40.5997
  37.9601
  40.9006
  33.8769
  8.39578
   31.599
  39.6599
  40.2883
  30.1055
  7.04077
  34.3422
   30.612
  26.4113
  18.5278
  32.6359
  3.54001
  38.1814
  40.7933
  39.5711
   40.082
   48.482
  41.9708
  39.5015
  41.6109
  41.2637
  38.9139
  30.3514
  38.9826
  24.5305
  39.2468
  39.3035
  37.7225
  40.6785
  37.0205
  39.6685
  32.5257
  46.9583
  35.7436
  33.6893
  31.5511
  35.0451
  34.9875
  40.1997
  21.3479
  37.5848
  38.1897
   40.493
  33.3043
  35.7605
  8.44579
  2.02654
  37.6321
  40.1138
  27.5632
  34.7909
  35.4436
   27.525
  28.1671
  30.3577
  27.0696
  2.91283
  2.30692
  41.4935
  45.3813
  40.6727
  7.29932
  22.8276
  34.9067
  41.8678
  45.1081
  38.6051
  34.8736
  40.9213
  45.9278
  43.2002
  37.6478
  39.9157
  23.7723
  30.1435
  41.5832
  8.71558
  41.9076
  6.02291
  10.4205
   37.264
  39.8694
  42.3296
  42.5071
  40.0568
  35.7044
  33.1656
  35.6542
  35.0256
  31.0849
   29.015
  9.81192
  42.8254
  31.4277
  34.8456
  17.3738
  40.4869
  44.3135
  36.8959
  46.3382
  41.0768
  40.0206
  33.3627
  40.3157
  40.5384
  38.3384
  31.3791
  4.58495
  31.9119
  27.8867
  37.4745
  38.7495
  40.4652
  48.1151
  45.5403
  41.0765
  40.0807
  40.9846
  44.7529
  35.1513
  39.6666
  37.0772
  40.3728
  32.1058
  42.6478
  32.4171
  33.1656
  38.4847
  39.7728
  39.1349
  38.0634
  40.9777
   40.303
  45.3837
  44.8187
  38.3831
  37.3774
  41.1949
   40.776
  10.6773
  30.9935
  35.8168
  34.4385
  32.5972
  39.1917
  39.0752
  42.8483
  39.4792
  22.1287
  42.8673
  39.7887
  37.8374
  38.0362
  37.4226
  41.7965
  40.7455
  41.1202
  42.0628
  40.9175
  40.9471
  47.8439
  42.8546
  37.6528
  39.8857
  42.7959
  39.7196
  37.7509
  39.5476
  40.3685
   38.757
  28.2253
  41.9095
  40.5784
  36.6916
  39.0188
   37.276
  31.7946
  32.9197
  48.1577
  42.3477
  42.4142
  31.8361
  33.0376
  37.7077
  36.2081
  37.6178
  16.3439
  40.9146
  42.2989
  42.2493
  35.2432
  29.6043
  30.7754
  36.9728
  40.7334
  41.7359
  27.6684
  9.19333
  38.0238
  41.3851
   36.727
  37.9586
  40.0511
  45.1048
   47.151
  47.6155
  13.9925
  28.8588
  45.2061
  39.1347
  41.4884
  38.5128
  34.7975
  20.5187
   40.203
  40.2345
  36.3512
  41.2747
  18.1078
  33.2644
  37.3049
   32.045
  30.7416
  35.5199
  37.3885
  34.8453
  40.9261
  22.7754
  39.0118
  38.3524
  29.2683
  37.6469
  17.4033
  34.7639
  33.8221
  43.2761
  37.5789
   26.882
  34.0811
  35.1575
  40.8763
  23.0556
  36.0035
  29.6813
   38.413
  35.8012
  29.9386
   40.084
  18.9323
  35.9963
  34.6275
  34.8361
  33.3507
  28.0519
  25.1489
  35.9001
  34.4751
  30.8333
   30.781
  24.6664
  19.5673
  36.7017
  35.5347
   18.176
  27.9603
  29.4956
  39.6254
  34.7495
   34.702
  41.3551
   24.834