 48.2435
 46.6867
 60.7593
 49.9537
  53.624
 38.3396
 36.7021
 8.57684
0.129098
 42.3852
 9.44599
 8.13096
0.111176
 27.4017
  21.134
 47.4155
 43.9942
 18.0725
  30.219
 29.3113
 19.0524
 20.2498
 38.2253
 6.19087
 24.4196
 6.95172
 3.00537
 1.48245
 17.6647
 2.98843
 13.0182
 2.58129
 13.3734
 43.1532
 27.1279
 9.26727
 14.5855
 3.30795
 26.8797
  44.958
 30.2907
 15.0312
 9.86012
 28.5693
 22.5959
 23.5104
 1.53883
   36.77
 6.03663
0.289653
 29.0146
 14.9188
 7.15323
 26.9457
 28.3546
 18.8497
 26.4556
 20.1401
 14.8704
 7.60285
 31.6278
 6.77272
 30.1708
 39.7945
 60.6062
  41.813
 22.4686
 6.91003
 8.58136
 12.0016
 21.4422
 11.4163
  52.819
  22.269
 4.85469
 7.69712
 24.6548
 27.5731
 4.41442
  24.272
 7.46125
 12.0243
 17.5191
 25.5885
 28.1147
 18.8778
 23.1519
 6.59644
 22.9651
 11.7591
  5.4427
 13.3972
 26.7016
 33.7543
 14.3996
 10.9108
 27.3911
0.540017
 10.3987
 2.14882
 2.99614
0.436477
 30.4604
  27.725
 37.4402
 45.9847
 21.9989
 4.03002
 2.02933
 6.19786
 51.0498
 19.1497
 40.1008
 4.09107
 41.1581
 5.57394
 15.6211
 15.9029
 20.2564
 9.04904
 7.91454
  10.462
 2.08023
 1.74972
 4.91432
 37.5138
  65.971
 3.78614
 7.18241
 2.97455
 2.65564
0.951821
 21.9727
 5.59466
 34.0171
 51.9818
 53.8509
 54.4696
 9.19219
 7.81848
 6.67386
 15.6404
0.326291
 1.27209
  25.532
 17.6691
  42.876
 54.1976
 50.1069
 40.7288
 49.7118
 35.3776
 16.2739
 33.5299
 2.09394
 25.7562
 25.4871
 46.1838
 33.9647
 42.0293
 19.3257
 6.13677
 53.3172
 7.63025
 48.7998
 36.0337
 19.7754
  9.8576
  14.414
 31.7694
 32.5509
 17.9184
 41.2477
 62.5839
 52.9142
 38.5049
 4.83434
 13.3862
 11.6208
 0.73518
  2.9254
 6.60102
 6.69535
0.733189
 12.0435
  25.168
 5.27454
 1.50617
 14.0569
  6.1682
 7.30216
 3.73428
 8.10926
 4.28477
 24.3796
  18.515
  11.018
 22.2016
 34.0221
  1.5942
 30.7153
 4.19727
  13.863
 9.55039
 4.03411
 14.6374
 40.9335
 22.5311
 4.68402
  5.7888
 15.4173
  17.427
  40.136
 44.6546
  32.384
 16.0622
 30.9238
 6.08545
 9.54292
     6.7
 44.7843
 15.9106
 38.2365
 28.9998
 15.2228
 49.4088
 58.4863
 31.6879
  35.885
 13.9603
 24.5566
 33.3928
 7.61516
 16.0793
 21.0102
 13.0243
  18.985
 33.4844
 30.2574
 31.5893
 16.8651
 8.42225
 15.8706
 41.8945
 15.6291
 18.4758
 51.5217
 26.2935
 28.1947
 31.9563
 5.89477
 38.3771
0.565905
 2.58467
 12.6263
  2.9851
 24.4087
 42.1384