  1.95831
  11.1202
  8.26245
  24.0124
  10.5522
  4.32777
  4.84398
  22.3761
  21.0195
  24.4946
  25.1243
  26.0221
  6.96414
  17.4815
   14.139
  14.4108
  15.9754
  13.1936
  26.6642
  10.9379
  3.59172
  25.7558
  30.0824
  3.60502
  3.68252
  5.69619
  2.90843
  3.22218
  6.39117
  9.23154
  5.76139
  11.0759
   2.4203
  9.12763
  17.8489
  17.8058
   21.517
  18.1997
  9.63516
  5.04037
  9.49938
  4.37915
  6.27456
  2.75974
   4.9131
  17.7235
  25.6843
   27.662
  13.8539
  11.3287
  20.5565
  18.6168
  22.2543
  24.5086
  6.71614
   8.4666
  2.39879
  1.12326
  10.0578
  6.05822
  5.47243
  10.8602
   12.318
  18.1657
  27.6385
  25.0202
  27.9554
  19.4494
  18.9088
  20.0802
  17.1369
  1.55938
  1.64934
  9.74599
  7.84966
  6.86842
  1.31002
  10.6679
  3.98913
  14.9561
   7.5779
  2.42843
  6.06934
  10.6014
  11.9153
  35.8676
  22.1298
  4.62908
  8.81263
   12.693
  15.5028
 0.703728
  20.3439
  24.6051
  17.3491
  8.83861
  27.2998
  19.6761
  21.0536
   14.539
  26.0314
  31.3348
  13.8974
  2.47002
 0.485177
  13.5359
  3.81626
  13.3021
  18.6866
  23.4388
  15.3367
  2.84452
  23.7213
  4.69166
  14.1702
  12.5502
  10.4174
  25.0588
  16.9196
  18.0163
  20.7726
   7.7058
  30.6785
   16.259
  6.55381
  14.0186
  9.90567
   7.9016
 0.494771
  2.32118
  29.0668
  14.8611
  5.57209
  19.4206
  30.7256
  8.01194
  24.1983
  22.3498
  8.63191
   10.211
  12.2403
   8.0713
 0.314597
  2.93966
 0.992651
   11.126
  17.5673
  17.0042
  4.74575
  19.1855
  23.4379
  3.10414
   20.778
  17.3281
  29.9133
  12.3838
  17.6215
  23.2551
   22.104
  18.8024
  23.5506
  20.5656
  23.2015
  18.9028
   1.2086
  11.5346
  13.3555
  4.32148
  4.38309
  1.35482
  26.0916
  32.0231
   6.3185
  3.00215
  6.77434
 0.657903
  9.38086
  17.2229
  9.86916
  4.44576
  5.44278
  5.24615
  34.9857
  25.0407
 0.237097
  22.3185
  25.0386
 0.386169
  26.1314
  22.1492
  16.4016
   31.642
  11.8517
  9.02874
  24.9211
   8.9225
  13.6161
  9.15231
  26.1243
  27.9948
  13.5748
  9.14481
  24.0077
  3.44169
  14.9406
  15.8686
  21.0963
  14.5668
  14.5094
  7.46316
   13.227
   8.1962
  16.4562
   10.156
  18.0882
  10.8548
   2.1051
  12.8326
 0.503201
  23.3917
  6.58012
  24.0759
  8.91825
   3.4287
  22.0394
  23.0009
  31.7522
  1.11158
  4.98964
   29.681
  6.71734
  10.9933
  12.5031
  23.0803
  10.8314
0.0529869
  16.3896
  12.0815
  11.4031
  18.8433
  14.8564
  9.92912
   14.621
  5.74475
  8.60984
  9.99692
  7.18928
  15.0039
 0.806761
  17.7398
  22.5787
  2.82897
  3.68617
  1.28934
  10.5617
  4.97575
  5.35842
  14.9825
  6.05449
  17.9476
  8.84394
  22.0716
  18.6312
   16.095
   17.264
  22.5391
  3.78174
  11.5317
  33.3639
   3.5655
  14.0116
  23.4135
  20.5743
  3.49702
  30.7749
  3.06276
  2.73634
  28.2166
  6.05444
  6.03079
  20.5549
  35.4265
  13.7693
  3.28802
  8.01026
  8.29138
  8.36189
  6.15717
  24.9108
  29.0986
  17.8881
  3.39469
  12.4891
  26.9973
  6.35821
  16.1561
  20.7737
  23.6937
  31.9751
   9.7117
  19.6554
  25.3277
  24.4063
  7.34624
  34.8072
  1.17891
  3.27288
  15.2417
  25.2667
  20.9244
  20.4782
  21.1426
    17.05
   18.408
  3.67643
  17.4712
  6.65563
  23.5921
  15.1892
   15.547
   19.138
  37.7021
  21.1196
  22.8622
   12.058
  19.7837
   24.829
  13.9071
  1.56167
  1.73976
  1.95484
  12.8108
  15.5703
  2.46847
  31.9807
  1.73213
  11.1447
  8.05113
  16.8692
  14.9922
  10.5625
  6.47398
  9.51611
  7.09871
 0.468939
  8.66056
  26.7467
 0.406129
  8.76974
  4.17103
   20.727
  14.5319
  6.64076
   17.215
  10.7976
 0.932674
  15.1786
  5.90362
  12.7193
  27.3686
   1.2467
  6.78251
  26.6667
  4.88143
   6.5415
   5.6494
 0.226328
  19.5061
  13.3497
  4.01512
  17.6048
   13.458
  12.1414
  13.7646
  17.8205
  21.4395
  16.3565
  17.1945
   8.4387
  20.5185
  5.16628
  8.40815
  16.6411
  16.4764
  8.30534
  20.6587
  39.8252
  8.90604
  4.08775
  3.26802
  11.2018
  24.7131
  31.2994
   9.5809
  19.6922
  1.14441
  21.5852
  18.6066
  9.54404
  3.83667
  15.6427
  7.69637
  9.30651
  10.9849
  14.0428
  13.6773
  8.13438
  18.5378
  11.1381
  6.99206
  10.2183
  20.9397
  11.3635
  20.8162
  23.9585
  20.1235
  6.00995
0.0418353
  2.05214
    25.72
 0.592443
  34.3103
  10.8856
  3.25883
   23.177
  18.0427
  29.4392
  10.4435
  10.2846
  7.16816
  10.4739
  7.03218
  35.0707
  36.4742
  21.1777
 0.112814
  5.92735
  8.51967
  20.3302
  1.73251
   30.022
  27.0934
   15.462
  33.1443
  13.5504
  3.00179
  3.93661
  10.1851
  24.6158
  17.6316
  23.7188
  22.8498
  22.3388
  12.1813
   7.1251
  11.5427
  3.52904
  3.44758
  6.88209
  6.26716
  10.6185
  17.7567
   20.419