  21.4174
  7.58168
 0.642064
 0.909277
 0.377127
  6.50481
  10.1821
  1.57264
  6.90063
  25.1804
  3.71293
  16.9804
  19.0245
  2.57988
  1.53491
 0.722687
  7.89826
  11.8839
  17.4073
  21.4674
 0.923503
  6.71559
  15.3822
  11.2501
   10.988
  5.40482
  7.22438
  10.0486
  4.14576
  8.44923
  3.09714
  3.87268
  14.7561
  8.75957
  3.42025
  13.3783
  19.1121
    1.031
  4.07449
 0.718119
  3.77125
  8.97021
  5.54325
  6.55911
  15.8388
0.0664205
  7.41152
  21.6163
  7.01253
  6.85906
  1.20918
  2.35877
  20.2204
  3.77492
  5.74604
  6.94585
  21.6153
   17.532
 0.106988
  10.2737
  8.34588
  7.99925
  3.69262
  4.12402
   3.2706
  8.75739
  2.52428
  2.91081
  4.30225
  20.7356
  10.0223
  4.44979
  7.02554
  17.7599
  9.81606
  11.6547
  8.79941
  5.90585
  17.1364
 0.100465
   9.0711
  1.33861
 0.227477
  9.19284
 0.870467
 0.387965
   25.204
  19.5268
  0.62809
  10.1473
  5.56948
  2.51845
  23.0314
  17.6012
  23.3728
  6.82962
  7.12175
  7.74191
  2.01902
  8.26631
  20.8466
  1.24859
  25.2537
  21.3421
  12.1838
0.0878878
  1.38222
  8.22684
  6.76675
  4.64151
  4.32901
 0.657512
  4.56959
 0.614085
 0.571431
  2.83093
 0.816333
  1.19146
  2.50971
  6.92678
  19.8881
 0.707348
  8.13577
  14.7476
   5.2806
  8.49861
   3.7045
  5.46491
0.0286184
  1.19436
  9.45665
 0.949631
  3.84368
  19.4716
   14.361
  5.23682
  5.14169
  4.33187
  1.67295
  2.30915
  2.43039
  16.9135
  4.00444
  15.3558
  15.4071
  15.8701
  27.2366
   21.298
  25.4405
  5.79715
0.0240524
   15.834
   10.485
 0.703334
  2.88849
  4.29751
  2.54969
 0.434999
  1.16369
  5.48995
  0.77844
  2.05496
    22.49
  19.8435
  24.0067
  2.28549
  7.37434
 0.134488
  10.1668
  5.83567
  4.44741
   19.241
  19.9006
  22.5178
  7.85263
  5.89535
  2.97875
  23.1987
  2.16092
0.0740665
 0.368606
  19.4255
  14.3668
  7.31881
  5.89456
  10.8959
  3.98391
  11.3942
  9.75357
  7.74608
  18.8996
  4.22036
  1.76655
  19.1603
  25.9214
   2.5759
  2.66866
  16.2995
   24.982
  25.4862
  14.6266
   2.2764
  1.25023
  1.46237
  10.7012
  2.02973
  6.94939
  7.92313
  3.11229
 0.314762
  3.65264
   12.558
  23.4228
  6.40709
  22.9258
  18.8742
    10.82
  21.9984
  21.3328
  16.3058