  3.08126
  10.4879
 0.513967
  18.7127
  40.5261
  26.5458
  1.78907
  18.6461
  8.92958
  14.2379
  4.27937
  1.00958
  5.53286
  17.4729
  4.94763
  10.7437
  7.05227
  8.61389
  9.85727
 0.109834
  4.00366
  16.8065
  16.9884
  11.5168
  26.4228
  2.49325
   36.215
  34.1158
 0.902346
  1.63024
  3.63969
  7.29811
   7.5009
  9.24932
  16.7553
  33.4083
   5.4247
  26.3683
  23.3969
  24.5603
  5.44909
  9.13691
  0.91015
  11.4198
  14.1821
  5.88955
  6.97476
  6.13575
  4.32722
  32.1493
  3.11049
   1.4275
  11.8512
  10.7709
  15.7928
  20.5127
  12.4319
   13.819
  3.57237
  4.37607
   9.6749
  10.7612
  2.02636
  3.04393
  7.27322
  5.89468
  3.91298
  23.1246
  18.7716
  26.9365
  14.7034
  15.6958
  14.2384
  8.62558
  3.53407
  5.89533
 0.608035
   1.3762
  2.70768
  5.33301
   16.102
  21.0341
  0.45628
  2.84029
  3.79592
  11.5035
  15.8341
  30.5408
  5.47041
  5.36895
  7.66351
  7.91241
  1.24757
  41.9683
  18.1544
  13.4871
  16.4174
  6.87835
  13.6591
  29.7088
  49.0597
  35.0093
   41.117
  32.5428
  10.2136
  3.40775
  16.1208
  21.6199
  24.1206
  31.5646
  14.0309
  1.84591
  7.95737
  15.2583
  5.01936
  8.54222
 0.965898
  11.0937
  1.99011
   12.438
  27.1736
  3.86498
  4.72085
 0.308483
  6.56173
   20.519
  15.5231
  14.6472
  11.1804
  11.0791
    7.972
0.0831132
  26.7699
 0.357065
  8.88201
  17.1459
  19.2121
  5.06942
  17.4109
  17.8743
   5.3102
  11.0694
  9.63302
  24.6355
  1.89146
  19.1554
  7.35716
  12.1103
  2.61146
  19.2157
  8.31058
  22.1344
  12.1632
  59.9269
  7.64189
  22.7334
  26.1192
  13.9396
  1.33965
  1.73428
  1.30173
  47.4075
  10.5238
   24.082
   18.484
  2.91911
  5.85248
  3.37462
  2.50523
  8.42128
  17.8676
  13.6008
  30.5517
  19.4181
   19.211
  29.5936
  5.46434
  16.1905
   9.8312
  6.94561
  19.5543
  12.0291
 0.533252
  39.2348
  42.9532
  39.9604
  28.2693
  8.05111
  14.5348
  8.09671
  23.3316
  24.1413
  1.75312
 0.535991
  13.4006
 0.492412
  10.4842
  6.41304
  12.8115
  12.1199
  1.91457
  1.88075
  3.73972
  19.7923
  35.0731
  4.55523
   29.144
  20.3776
  2.58053
 0.814388
  10.6165
  30.4871
   5.0172
  8.04232
  15.9973
   20.593
   11.364
  4.05849
   28.906
  4.95368
  16.4165
  23.4085
  4.34957
   4.4056
  1.66209
  10.7645
  24.9022
  7.83707
  16.4016
  1.54102
  6.22698
  31.2835
  28.7294
  15.6035
  11.9124
  20.8787
  12.0605
  12.2072
  19.6904
  7.77232
  7.28539
  19.8611
   8.7773
  31.4869
  9.57012
  48.5932
  5.61177
  3.52259
 0.909517
  22.2921
  32.3816
   13.945
  17.9736
  3.67024
  1.64556
  33.7267
  11.7227
  19.3192
 0.524853
 0.421324
  53.1906
  19.1598
  13.3029
  14.1494
   13.912
 0.160477
  26.4899
  23.3648
  34.7906
    3.156
  17.5924
  11.4855
       14
  27.3876
  11.7481
  16.5589
   25.737
   24.395
  15.7536
  12.3447
  8.01103
  7.80934
  20.3658
  15.5509
  31.8512
  12.7949
  22.9314
 0.699063
  12.1205
  6.76148
  1.89953
  8.29026
  5.04378
  9.23162
  7.79501
  16.4806
   12.352
  19.7478
  8.74485
  7.23382
   9.9812
   14.623
  2.38199
  3.13116
  2.23112
  20.3267
  7.16191
  30.1731
  3.89894
  23.4238
  23.0271
   18.602
 0.311729
  12.7302
  16.2334
  9.99233
  16.8133
  5.38213
  1.76978
  10.9037
  3.90291
  1.71959
  10.6945
  2.78579
  19.4726
  18.4668
  13.9899
  8.08954
  8.58233
  11.8054
  28.8843
  5.73563
  7.50905
 0.994374
  15.4159
    1.353
  9.91954
  14.0073
  18.9893
  9.27626
 0.620466
  7.42862
  43.9992
  4.13834
  18.6125
  30.4218
  11.0986
  4.99455
  8.21826
  1.01351
  13.1459
  11.4077
  19.6549
 0.868638
  8.54851
  3.93998
  16.2299
  20.4285
  7.21949
  2.07409
   12.898
  7.98052
  6.92473
  13.7198
  10.9549
  10.0944
  14.8925
  5.09549
  16.4786
  23.0066
 0.626742
  34.7727
  5.63442
  10.3273
  15.0007
  17.6524
    10.18
 0.546755
  32.0094
  7.52953
  2.90558
  9.60064
  13.4456
   5.6926
  14.1474
  8.39888
   1.5224
  3.46932
  27.4556
  9.35865
 0.534223
  8.17401
  6.81715
  5.42247
  8.48245
   13.664
  21.6994
  41.8467
  27.8727
   9.6993
 0.430836
  9.16909
  14.8165
   23.467
  13.1331
  13.2851
   30.762
  9.42864
  9.54483
  2.84474
   4.0163
  5.15732
  7.42146
 0.374673
  8.42251
  12.6292
  11.4914
  7.28538
  8.84585
 0.898049
  6.92476
  4.62485
  2.24984
  13.7416
    3.189
  6.40393
  8.20054
  6.44118
  5.93032
  6.72503
  8.87321
  23.9792
  23.6231
  9.50091
  17.3782
    1.233
  7.16357
  7.22216
  4.55259
  44.6872
  46.3381
  13.9276
 0.576546
  2.31997
  26.1335
  21.7052
  1.40738
  4.69071
  6.47283
0.0583585
  6.35096
  11.9682
 0.108522
   24.215
  37.6171
  16.3149
  12.8599
  12.9359
  19.6591
  4.78545
  10.1049
  14.3008
  2.67943
  24.3359
   11.268
  8.81266
  32.0737
  25.3843
  15.4705
  43.5623
  27.2623
  6.40687
  3.72418
  4.48383
  20.7686
  4.91036
  3.97478
  5.24456
  9.09808
 0.644656
  9.69635
  5.70302
  0.37858
  18.0656
   17.099
 0.365031
  5.06859
   8.4189
   2.5189
  10.3816
  5.28328
  6.72245
  11.8305
  8.25959
  8.33407
  2.21958
   16.622
  6.56929
   17.534
  15.4107
  19.4652
  4.21518
  30.3623
  20.4413
  17.9047
  10.2156
  9.50468
  38.9703
  15.0394
  12.5984
  24.2037
  24.0133
   1.2078
  11.6448
  8.58562
  13.3276
  5.16962
  50.6738
  32.2517
  21.5004
   6.4938
  17.1383
  15.9975
  21.9529
  20.4251
  18.1945
  6.19335
  22.1775
  1.86684
  18.5825
  3.34197
  6.58213
   8.3712
  30.9553
  20.0686
  7.47457
  13.3309
  24.6453
  8.20158
   4.5075
  30.2634
  29.3651
   38.604
  40.1927
  5.43955
  10.0881
   32.483
   16.671
  5.19448
  19.1751
  4.84697
   12.713
  19.1968
  3.32287
  14.0932
  4.67055
  5.87503
  19.6986
  20.0682
  11.1203
  2.37254
  20.5422
  3.21925
  11.2173
  35.7446
  12.2181
  0.42112
  53.3567
  2.67021
  8.47228
  5.64949
  15.4056
  27.2077
   20.123
  20.7195
  15.2041
  15.1154
  15.4681
  25.1312
  3.53745
  14.9272
  2.24622
  10.2226
  12.4814
  31.2226
  20.5028
  5.86454
  21.7873
  8.88631
  11.8943
  21.4162
  15.9961
   33.243
  13.9133
  2.29328
  6.32598
  11.4461
  4.82098
   8.6807
  2.87774
  7.56406