   7.71505
   9.24473
   1.53058
   21.5854
   20.7422
  0.518503
   7.77446
   12.2789
   12.3881
   26.3114
   28.6714
   23.3472
    18.133
   34.5705
   4.33025
   17.8178
   17.4229
   15.3436
   16.1869
   5.99396
   5.40632
   6.11593
   13.7441
    1.1766
   4.14277
   36.8505
   35.1586
   3.66186
   9.43672
   1.42374
   11.3816
    11.367
  0.162142
  0.266092
   2.56901
   17.9976
   11.7936
   22.0051
   18.2631
   18.4956
   23.9975
   16.5238
    6.4325
   16.8235
   20.2227
   11.6034
    17.369
   2.57956
   1.76514
   5.99835
   4.10381
   13.3473
   18.1647
   15.8961
   17.4937
   8.65799
    7.7107
   11.2718
   29.4613
   8.17366
   8.54998
   8.30651
   4.88762
   9.18108
  0.821659
   6.94209
   9.23241
   26.8402
   18.8728
    26.862
   22.6952
   23.8347
   19.4239
    13.007
   15.4489
   17.3138
   30.5894
   24.0552
   20.4226
   36.3301
   11.1275
   8.14533
   8.34959
   8.21943
  0.422625
   8.75451
   7.69437
   1.02476
   6.18095
   8.67749
   10.6112
   34.8245
   7.72353
   3.81113
   13.0013
  0.052926
   2.47341
 0.0995494
   19.0075
   15.5481
   19.7288
   28.5521
   13.3247
   14.7544
   2.05313
   11.2684
    20.901
   24.8901
   17.0137
   20.0325
   24.6831
   15.2842
   22.9595
   35.7581
    10.195
    26.021
   24.7744
   21.8174
      20.6
   24.6969
   2.92132
   9.77929
   4.95866
    2.2216
   10.5511
   11.0019
   6.54933
   18.1713
   10.8401
   14.8129
   8.40076
   2.20452
   15.0354
   4.22104
   11.7875
   19.6382
   27.0299
   21.1079
    35.144
   26.3708
   13.8392
   6.61751
   45.3233
    23.801
    25.502
   12.0736
   2.12095
   11.9828
    30.423
   4.91632
  0.724422
   9.98439
   1.47209
   29.6745
   6.16994
  0.362379
   14.7245
   20.2641
   10.8721
  0.151114
   4.83288
   12.9201
   8.32285
    11.195
   5.74325
   15.7468
   4.22401
   1.40644
   2.26859
  0.625657
 0.0325042
   6.98913
  0.784598
   7.11583
   12.6138
   6.50839
   7.49523
    16.804
   33.8344
   29.7539
    21.402
   50.0222
   43.0979
   42.5427
   45.8172
   12.8929
   14.7196
   16.3633
    14.415
   44.8476
   43.7569
   23.8006
   18.1529
   14.9536
   10.0681
   11.4983
   6.25606
   3.58598
    5.8801
0.00499673
   8.53903
   16.2203
   29.5209
   12.7076
   1.76799
   7.24267
   8.45563
   8.82165
    1.8087
   21.2502
    1.3145
   9.43336
  0.696934
   15.2959
  0.796871
   4.74116
   34.5332
   9.86941
   29.8824
   39.2537
   11.0321
   14.4378
   22.5189
   6.72448
   18.0226
   3.27662
    8.1441
   38.6106
    24.417
   23.7384
   9.62148
   23.3026
   33.6755
   5.86111
   2.45375
     35.69
    20.391
   23.8252
   11.6696
   11.4002
   36.7479
   21.8526
   6.25277
    25.349
    13.838
   37.1913
   9.65169
     8.036
   2.20104
   9.70237
   10.3198
   11.2324
    27.438
   5.80218
   8.71687
    3.2647
  0.125113
   15.1787
    1.2604
  0.618267
    27.967
    2.4868
   10.0954
   18.1739
   17.7866
   28.3725
    43.156
   8.81308
   32.5833
   6.50498
   15.8464
   12.2099
   2.49877
   36.2925
   16.8071
    26.709
   27.4064
   15.5788
   37.6816
   32.8176
   26.1792
   12.6855
   27.0937
   29.6997
   6.76216
   4.40975
   1.18222
   26.4837
   5.69519
  0.178649
    9.8135
   17.4673
   11.5118
   21.3664
   18.1108
   7.42077
   26.0499
   1.18604
   29.0575
  0.418282
   3.90658
  0.595604
   3.59864
    42.857
   9.16057
   42.6911
   23.5923