  25.4901
  25.6004
  3.44246
   2.5415
  16.6673
  21.9446
  24.7402
  7.14212
   20.673
  12.7552
   16.526
  22.1112
  12.8462
  12.2329
  4.72321
  10.2032
  14.4546
  6.21668
    19.62
  12.6683
  25.0235
  18.9472
  26.1329
  25.7087
  20.0089
  3.62797
  25.1617
  14.2237
  20.8829
  22.6034
  11.1894
  14.8559
  5.46451
  8.34517
  4.56076
  2.87526
  3.73333
  25.7507
  14.3112
  19.5835
    8.443
  12.5038
  21.3451
  6.63276
  12.2313
  14.9679
  5.58386
  16.5666
  1.73687
    9.056
  10.0577
  1.29454
  15.5903
  5.40847
  13.6778
  17.0316
  3.54651
  1.91231
  10.2764
  4.11943
  22.6231
  16.6901
  7.03828
  14.4768
  3.25312
   8.1987
  4.55188
  4.01853
  2.71347
  1.32863
 0.929992
  20.2489
   8.4073
  3.51802
   1.3255
  6.63222
  4.34072
 0.264538
   7.4849
 0.383706
  15.6347
  2.92503
  12.8202
  5.32172
  3.61303
  13.0239
  19.8278
   6.0362
  24.3784
   10.697
  11.2517
  8.71183
  13.5287
  2.84989
  8.41514
  11.6051
  7.29259
  19.8401
  27.6009
 0.350539
  9.94405
  9.25752
  12.7049
  7.44655
  2.69178
  22.3153
  10.8391
  4.09067
  15.1806
  8.70043
   10.741
  19.7249
  2.20052
   5.7932
  10.9576
  10.1554
  4.54281
  1.50098
  5.09228
  1.25143
   1.5575
  2.73244
  2.37359
 0.510136
  3.38443
  15.0411
  4.49594
  23.4041
 0.366226
 0.408518
  6.80693
  10.8604
  2.42365
  2.76948
  10.2657
 0.359115
  4.78206
  3.31631
  20.4999
   27.979
  13.1254
  20.3419
  7.11388
 0.395067
  18.7808
  9.54931
  6.34642
  1.34061
  6.94776
  17.6661
  5.92826
  4.20042
 0.754224
  14.9213
  6.60644
  4.90825
  11.2623
  1.94238
  0.50619
  8.95605
  2.31001
   2.6459
  1.21046
   1.7775
  14.4157
  2.92246
  21.1174
  22.9212
 0.594748
  7.90749
   14.661
   3.2534
 0.294988
  1.17536
  1.96901
  1.79232
  4.04194
   13.161
   11.269
  16.4513
  6.77095
   8.7348
  3.10981
  2.05887
  0.89068
  25.1786
  20.8697
  18.4588
  6.57298
  11.8168
  3.75297
  23.4238
  6.57788
  7.02127
  5.79092
   13.752
   1.5453
  5.83706
 0.472482
  4.69354
  12.9365
  17.4988
  13.3439
  5.11047
  10.9692
  2.45515
  7.73661
  5.47821
  5.21255
  12.6419
  6.32197
  13.5008
  10.6217
  12.8042
 0.356054
  1.85114
  4.60243
   13.956
  14.2702
  6.04227
  18.8786
   24.545
  28.6677
  21.8255
  25.4381
  20.4596
  1.88441
  5.94143
  15.2489
  24.5046
  29.2126
 0.628067
  1.07525
  8.08975
  30.1104
  14.8784
  13.9339
  14.4887
  14.0936
  6.51011
  13.6595
  28.5718
  6.91291
  22.4014
  16.7472
  3.68515
  4.24035
  1.09517
   11.186
  7.26054
  1.24277
  4.64674
    6.064
  4.21293
  6.13793
  2.44932
  3.16248
  1.56896
  3.97449
  8.04983
  9.50607
  12.6639
  4.30399
  11.8136
  3.57224
  3.54128
  12.7945
  3.67519
   4.4855
  4.08023
  8.48763
   2.7796
  16.2454
  19.2105
  3.12495
   5.3975
  13.5405
  10.8845
  7.29482
  8.75176
  11.2435
   7.3405
 0.372719
  23.0955
  11.1451
   11.015
   3.6368
  23.0724
  19.4142
  9.10073
 0.453857
  10.2769
  12.2621
  3.60661
  5.08671
0.0816864
  2.08097
  2.20177
  6.75826
  14.8535
  13.9262
  5.45884
  3.60866
  6.16725
  9.28254
  8.94715
  9.10309
  3.62778
   12.638
  5.29835
   16.068
  8.45426
  5.69468
  13.6687
  9.25596
  20.2307
  13.7401
  9.53903
  12.7819
  16.6166
  15.8744
 0.622386
   19.167
  7.79321
  16.4696
  28.2532
  3.11937
  10.4905
  13.8377
  5.48283
  9.81307
  2.46873
  14.3941
  12.9397
  5.03812
 0.825719
   0.2883
   23.271
  17.7112
  2.21243
  15.1062
  9.46552
  13.6146
  23.6802
   32.101
  10.8192
  25.1707
  5.16647
  8.44495
  37.0114