    23.8279
    3.20749
    1.69623
    1.49543
    1.01015
    3.73849
    4.45471
     8.1353
   0.619169
    21.1277
    22.2953
     4.6414
    31.2988
    7.17026
   0.883653
    18.2792
    27.0697
    25.2907
    4.74124
    17.3285
     1.3426
    12.8675
    19.8055
    18.8637
     4.1534
    13.4737
    2.07685
    10.1665
    10.0501
    1.94068
    3.87704
    3.77018
    24.7657
    5.01776
    16.2333
     12.417
    27.0184
    3.44272
    2.77217
    5.22116
   0.897822
    5.45852
    1.49626
    7.20216
    23.4523
     0.2168
    11.5581
    22.2653
      4.421
    1.22071
    4.86674
    3.80199
    22.5568
   0.450187
    5.38214
    25.1305
    23.7241
    21.4093
  0.0432563
  0.0895042
     13.862
    2.78072
    4.12093
    3.05473
    1.79138
    4.72415
     10.443
    17.1735
    2.31201
    11.4583
    11.2238
    12.9732
    16.0008
    21.3447
    8.15424
    3.77876
   0.625506
    9.12708
    11.9598
    2.28644
    21.3101
    7.98882
    2.58708
    12.0995
    6.03208
    3.43799
    31.6081
    9.52826
    9.90711
     11.022
    12.9035
    24.2058
    19.8997
    20.9069
    11.5467
    2.31424
    6.20333
    10.4771
    16.1387
    25.9369
    3.01094
    27.5861
    10.8862
    20.5895
     1.6467
    2.48171
    8.94949
   0.586543
    2.04223
    1.01208
    12.7961
    2.68115
    5.04179
    7.42077
    1.78797
    1.67736
    2.86235
   0.423184
    20.5732
    4.92979
    9.02532
    17.0069
    3.58811
    9.48553
    4.96342
    4.09143
    5.95517
    8.93168
    6.97085
   0.819856
    1.78573
    14.4889
    5.70022
    3.89012
    11.0568
    3.90402
    10.0342
   0.261736
    3.31781
    26.4238
    4.17028
    4.54302
    3.14666
    19.8216
    22.7465
    21.1892
    22.5107
    21.8529
    1.66924
     6.7976
     15.201
    12.4198
    7.02307
    2.01331
7.99824e-05
    5.03547
    3.54584
    3.71697
    3.47887
    2.40469
    2.21876
    16.7588
    25.4448
    22.4214
  0.0975518
    1.37531
    4.24117
    18.4206
    5.60704
    4.06037
    1.48172
    18.5967
    15.5719
      16.27
    4.85359
    2.43759
    7.87169
    7.69065
    8.66618
   0.428171
    2.67903
    22.7201
    1.15901
    1.85325
   0.848693
    2.23102
   0.149458
    1.33901
    8.82479
    1.38083
   0.581216
    13.4535
    18.2073
    5.74386
    29.6766
    1.80613
    26.9533
    3.27343
    31.0125
    15.2114
    4.25013
    5.07147
    18.7756
    16.8241
    14.7399
    21.6161
    18.2984
   0.525838
     5.7586
    2.92494
    20.1417
    27.1236
   0.955128
    7.65545
    4.16056
    1.23888
     2.6573
    1.00388
   0.811189
     2.2102
    16.3441
    1.62215
    19.2188
    28.1669
    15.5946
    17.7489
    23.8293
    25.4228
     21.959