 48.1608
  66.981
  10.867
 1.31099
 5.19026
  24.521
 4.01245
 5.21987
 12.9173
 12.4281
0.697642
 14.4865
 14.0948
 45.8419
  40.636
 24.1509
  29.787
 13.2503
 34.7211
 21.5393
 21.1851
 24.3641
 12.9885
 14.3399
 4.39892
 12.7086
 26.4288
 22.1225
 9.53147
 9.88611
 4.81918
  14.507
 20.9235
 11.4689
 6.68754
 8.18444
  4.2978
 7.46697
 11.5017
0.836491
 20.7511
 12.0107
 3.95029
 6.97051
0.635956
 13.1234
 5.50464
 11.3993
 8.41366
 14.9423
 19.4646
 20.4924
 20.3427
 20.3471
 61.2999
 54.6892
 28.9633
 14.8854
 26.4936
 6.12227
0.368592
 20.2726
 12.4713
 4.32454
 1.75174
 2.40013
 5.51605
 25.2693
 12.7134
 1.54309
 21.9413
 22.6377
 18.4266
 4.17413
    7.38
 9.79665
0.347002
 5.08018
 16.4055
 40.0654
 1.61873
 11.2496
 3.78021
 6.86966
 15.7888
  24.482
 13.1543
 2.90726
 12.4598
 30.8722
 34.3906
 25.6342
 48.1693
 26.1935
 44.9265
  30.822
 39.8606
 13.3163
 22.9533
 42.2789
 21.2409
 33.6598
 1.75458
  10.098
 6.95375
 1.06058
 26.7315
 21.8855
 3.01368
 4.32784
 7.98419
 5.85456
 22.2808
 12.2996
 2.56281
0.666055
 15.6946
 8.30397
 4.85945
 44.3652
 64.5075
 19.8155
 17.4535
 33.0231
 46.8532
 44.8911
  29.753
 46.3507
 47.3541
0.171917
 16.4055
 25.2055
 30.8524
 48.9939
 23.5532
 11.4242
 9.36491
 5.04801
  2.2129
 0.40024
 7.69729
  39.686
 23.8794
 12.6781
 11.9788
 26.9894
 42.5237
 3.43873
 18.2266
 2.96724
 3.32457
 67.1812
 46.5723
  67.525
 70.8608
 71.6534
 21.5361
 29.0107
 26.4774
 15.7656
 50.0671
 28.2698
  40.202
 2.26075
 10.0761
 23.5284
 10.3351
 18.2111
 9.61884
 23.4093
 61.9403
 41.2903
 6.69284
 33.8687
 21.5066
 72.9531
 13.0026
 27.6726
  8.4272
  15.875
 42.1516
 43.9082
 59.7073
 48.7222
 9.23891
 21.8945
 65.7016
 71.1708
 1.46308
 4.76927
 38.3107
 44.1093
 31.5149
 72.6689
 66.0814
 15.0063
 37.7121
 69.8529
 66.7158
  45.263
 26.1603
 40.6692
 43.4843
 68.9925
 51.7085
 17.0145
 34.5212
  36.837
 71.0585
 54.8847
 45.0705
 18.2129
 63.6482
 73.3118
 25.5989
 13.3248
 27.1672
 32.8698
 49.5964
 20.5246
 65.9874
 41.8953
 54.0731
 6.61596
 25.6191
 31.5454
  3.4874
 64.6219
 54.2997
 47.3445
 25.1076
 45.6777
  49.612
 45.9882
 40.2312
 8.34086
  29.383
 26.6392
 74.5636
 71.7303
 53.9058
 5.12592
 23.9007
 6.12083
 38.5916
 44.1541
 14.7418
 12.6103
 12.9913
 52.4976
0.969805
   15.84
 7.64829
 43.1463
  42.654
  59.607
   3.147
 9.43111
 5.56337
 2.14151
 65.1956
 54.4816
 11.4255
 37.2316
 61.9882
 8.23881
 39.6508
 23.3421
 66.5375
 24.9657
 12.2081