  18.8177
  38.5135
  20.7954
   23.694
   11.684
    15.98
  8.78496
  10.3598
  15.8428
  2.37702
  28.6037
 0.318623
   15.012
  2.82049
  17.8699
   18.129
  10.7591
  6.89369
  2.83916
  8.66565
  39.8235
  19.1599
  25.7141
  39.3327
  23.6211
  32.3565
   27.242
  7.43894
 0.987326
   2.8684
  5.52361
  47.1477
  42.4972
  34.2795
  29.9242
  29.7327
  31.5228
  21.0706
0.0195849
  2.90499
  10.0343
  12.4483
  1.21716
  15.5121
 0.315206
  2.25321
  31.7378
  23.8272
  4.78241
  6.73069
 0.268257
  8.96775
  6.12983
  1.92234
  11.8738
  11.2518
  14.1504
   6.4767
  3.77407
  6.84507
  5.95237
  4.39912
   20.596
  2.29774
  3.96322
  13.3206
  5.35493
   15.001
   15.347
  7.66894
  4.32311
  1.06385
 0.100375
  23.2754
  29.5329
  32.8268
  23.3033
  2.31405
  2.81208
  18.5806
    3.826
  26.6205
  16.8562
  28.1533
  2.47858
  14.7295
  9.43473
  8.04132
  59.0921
  19.3368
  19.0305
  34.1067
  34.9288
  40.4165
  58.4859
  9.44443
  8.24975
  11.8107
  5.13303
   24.013
   23.231
  24.4879
  15.4574
   1.5198
  31.1488
  32.0715
  10.9398
  8.74418
  5.05717
  15.4845
  8.34889
  19.5917
  1.39403
  9.75756
  47.0908
  28.9622
  6.75025
  4.49989
   15.415
  11.0485
  16.2131
  1.38322
  7.35862
  47.7549
  44.7298
  1.23772
  3.93776
  16.8971
   10.989
  42.9766
  25.3388
   36.123
 0.973979
  15.8555
  4.51731
  20.5245
   49.144
  21.7866
  11.0981
  1.18428
  22.2205
  19.6073
  40.9775
  27.8415
  40.9992
  18.9508
   59.884
  44.3866
  6.22615
  38.0208
  2.92084
  15.1045
  43.4817
  2.38546
   13.933
  11.4112
  2.90432
    32.42
  32.3615
  31.3767
  41.9608
  28.4059
  38.1417
  15.2496
 0.286888
  1.06825
  3.13557
  32.2898
  25.2172
  33.3802
  49.2246
  56.8799
  8.36101
  1.13561
  4.68257
  11.0488
   35.211
  27.0177
  17.3634
  9.62781
   7.4791
  2.33156
  32.2657
  14.9896
 0.977134
  6.67238
  40.7584
  51.8401
  27.5628
  17.7412
  10.6714
  9.66395
  9.22052
  40.3847
  26.4201
  5.38647
  2.97622
  18.4998
  4.61759
  8.92063
  37.0932
  16.0326
  3.30207
  34.1662
  3.40677
  50.3597
  26.9844
  13.0972
  22.5735
  9.36337
  7.54343
  13.2827
  33.4086
  17.4489
  55.8313
  34.6062
  19.8565
  26.6285
  10.8822
  24.1541
  40.3392
  28.0284
  22.5249
  47.2375
  23.3834
  36.1237
  19.9353
  1.77745
  17.8912
  23.2297
   33.213
  41.8098
   16.523
  42.6986
   27.215
  29.8314
  43.1442
  8.63527