  4.65016
  4.48937
   5.5531
  41.1881
  45.6261
   13.033
  1.61002
  2.18198
  13.6418
  16.1596
  5.46268
  4.44086
  6.99975
  4.34204
  2.70362
   1.7303
  1.03257
  7.95938
  14.2313
  14.4371
  11.7304
  6.94028
 0.256918
  18.5927
  18.7444
  21.6235
  3.43857
  2.56913
  37.3645
  35.7897
  8.70137
   12.019
  19.3751
  15.8055
 0.876351
  3.95392
  5.50165
  21.7658
  12.7196
  22.1669
  11.5925
  24.4192
  15.9599
  16.9121
  21.8197
  17.4882
  25.4019
  5.65845
  6.49944
  9.47765
  7.98173
   6.0363
  2.68149
  19.3317
  19.2179
  12.9011
  22.2183
  0.63202
  3.04664
  6.21553
  8.93923
  6.81184
  2.55744
  8.41934
  1.36064
  5.16656
 0.881019
  1.12803
  7.80802
  1.00283
  4.82222
   5.1317
  5.58307
   13.331
  13.7898
  4.15167
  2.17292
  14.2295
  13.7567
  12.8897
  4.05068
 0.804377
  17.0761
   4.4312
  21.1392
  9.47777
  5.20389
  5.06538
 0.536049
  1.19195
  10.8712
  2.45392
  2.86461
   2.7264
  1.73243
  6.66402
  4.59371
  2.08211
  1.12743
 0.641145
  45.8416
  25.8875
  22.6708
  22.4757
  1.10575
   17.572
  20.0076
  44.7926
  36.8874
  45.4354
  45.4784
  38.5182
  32.6095
  1.52078
  14.5811
  14.9704
  2.38572
  18.2043
  1.18631
  15.1219
  20.2928
  18.5356
 0.813945
  2.82624
  26.8107
  22.4049
  20.7908
  4.63838
 0.177829
  14.5674
  5.15322
  4.97026
  1.18653
  6.99607
  6.16687
  3.81574
  0.65063
  21.5072
   18.961
 0.137448
  2.42949
  18.6991
   4.0815
  11.3345
  15.3646
  13.7152
  6.38867
  4.14201
  13.5798
  6.21664
  6.98879
   1.4573
  9.75174
   12.068
  7.89914
  5.31087
  28.8419
 0.731563
  25.6632
  23.5179
  3.67831
  6.47331
   22.602
  12.0611
  8.15425
  13.9219
  47.8112
  17.0398
   10.767
   25.309
  40.5655
  17.4771
    29.93
  21.3025
  40.9045
 0.552717
  22.3475
  21.9913
  12.4179
  34.8048
  12.3305
  8.39357
  18.3659
  2.42133
 0.986773
  14.0196
  12.2589
  10.6459
   14.998
  14.3152
   20.209
  11.6029
  11.9629
   8.4827
  1.50767
  4.38577
  0.99303
   4.8174
   34.932
  30.1124
  31.1217
  1.54832
  4.15373
  19.4552
  15.7546
  33.2575
  6.64599
  3.01827
  11.1565
   2.0642
 0.206066
  14.0995
  3.76243
  4.38279
  11.8452
  12.6681
   41.458
  49.3498
  15.8097
  20.2711
   38.854
 0.597792
  4.81249
  12.3099
  17.7018
  6.61709
 0.549327
  4.46218
  30.3183
  8.20482
  1.97582
  35.8039
  1.31389
  31.2951
  12.0808
  1.32925
  3.98161
  10.0912
  1.22026
  36.1777
  22.4852
  3.12971
 0.589936
  16.8797
  17.2641
  39.7612
  31.8802
  5.48653
  30.7145
  30.1734
 0.281472
  3.31721
  45.8834
  32.7751
  48.3591
  18.9997
  27.3064
  30.6372
  40.6865
  30.0354
  15.2992
  7.68011
  4.74696
  12.0577
  28.1869
  5.36683
  38.0052
  41.4333
  10.5025
  8.91629
  21.8776
  3.80105
  5.57004
  12.1135
  47.4045
  20.2759
  38.4192
  44.7143
  42.1808
  10.9674
  31.6568
  37.5047
  34.3615
  19.3348
   9.6527
  12.3852
  42.9123
   21.964
  10.6028
  29.9501
  31.6457
  31.6675
  18.6201
    17.64
  5.76515
  16.9729
  16.5208
  41.3166
  42.2343
  1.10997
  20.4989
   39.649
  36.2937
  5.68303
  7.21265
  37.3282
  3.09225
  0.21827
  12.0225
  6.31938
  17.3608
  44.0131
  3.52732
  34.1665
  16.3463
  11.3983
  32.7331
  2.51706
  3.92531
  44.3143
  17.9406
   6.5215
  4.99976
  10.9461
  9.53924
  46.4982
  16.8309
  2.30524
  41.3362
  38.7921
  1.57737
  1.52256
 0.082279
 0.448168
   7.3079
  7.42036
  21.2106
  1.13615
0.0176462
  19.4544
  28.6995
  30.2756
   9.0115
  22.2274
 0.222789
  5.66404
  15.1128
  39.1038
  31.5357
  37.7035
  40.0308
  30.8199
  31.4368
  6.16703
  15.4315
  2.41507
  11.6499
  11.8792
  41.0259
  33.0693
  20.2194
  6.86395
  18.0782
  37.9854
  23.6231
  36.1108
  28.6246
  37.6362
  20.2292
  48.7708
  17.7133
  8.96711
  10.7381
  30.8325
  5.08215
  30.5793
  33.4874
  37.4875
  45.3542
  4.87099
  13.5754
  10.4309
  29.5529
  33.5892
   30.053
  34.7929
  27.0077
  2.24282
  48.2607
  39.9393
  17.2511
  42.8012
  22.2115
  28.8261
  25.0512
  35.1293
   33.209
  18.4418
  21.1573
  24.3037
  43.8278
  10.4586
  40.4512
    30.61
  35.3632
  10.1264
  28.4538
  7.93136
  21.9241
  44.0833
  33.9438
  29.1627
  33.7914
  10.1913
  12.3776
  5.41419
  7.61102
  8.79344
  22.2208
  40.8928
  21.5161
  37.3489
  28.5538
  2.04183
   31.047
  17.1591
  23.7841
  7.26595
  4.85063
  2.47016
   51.037
  22.4318
  16.2931
  44.3659
  11.5656
  16.0514
  20.0712
  35.7794
  13.9886
  29.0051
  47.7563
  30.5886
  29.1117
  25.5955
  36.4282
  39.5154
  28.5413
  31.2819
   21.599
  46.8573
  9.65675
  30.3601
  32.4198
  30.1825
  30.6682
  5.42157
   40.162
  2.89611
  7.02093
  25.6764
  20.8616
  1.08236
 0.269531
  5.63301
  7.29675
   11.125
  1.40529
 0.500794
  16.0462
  8.11528
   6.2291
 0.979358
  7.69468
0.0908842
   35.842
  9.67903
  0.61948
  11.1313
  1.99457
  13.0052
  8.63468
  7.78056
 0.817629
  5.33143
 0.220961
  1.95596
  12.1044
  1.79614
  16.5731
  5.03411
  11.8585
 0.412428
 0.711351
  6.94737
  2.56907
  1.31864
  7.46667
  9.71947
  6.73217
   3.4359
  2.69835
  6.73143
  2.23905
  16.9001
  27.2874
  4.23915
  3.83261
  17.1238
   0.9863
  1.37904
  10.3917
  1.62332
  31.2632
   29.073
  27.0434