0.149397
   1.437
 7.87746
 31.5787
 31.6178
 1.96648
 7.27157
 6.30855
 23.4601
 24.8629
  29.023
 30.8334
 7.21887
 25.5047
 10.1322
 25.2381
 25.7244
 27.5157
 19.8529
   12.33
  5.7269
 44.2471
  11.953
 12.7315
 6.09159
 1.04964
 10.4826
  7.9065
 5.37206
 2.57013
  17.011
 8.93585
 5.07761
 1.72069
 17.0369
 1.70207
 43.3479
 30.6561
 28.8005
 4.40982
 2.06137
 1.43516
 2.71069
 7.75024
 9.65133
  17.499
 20.2758
 27.8159
 13.3963
  23.702
 18.0959
 25.3675
 27.8572
 28.5114
  23.618
 24.6853
 3.10995
 3.11005
 1.03302
 10.6584
  10.397
 33.5626
 13.7959
 18.5812
 20.2468
 24.8379
 19.6005
 17.5264
 22.5684
 28.4711
 1.00823
 10.0297
  12.015
 9.90404
 8.96383
 1.09773
 8.14276
 6.60264
 33.5131
 15.0284
 9.43985
 16.8724
  7.7493
 9.08636
 8.17944
 30.4559
 21.4095
 33.3389
 27.4365
 35.4898
 20.4377
 21.3623
 13.7478
 33.4561
  30.895
 31.6283
 28.2609
  21.155
 36.6108
 26.1676
 25.3183
 19.2595
 41.7741
0.312556
 2.30269
 12.3678
  14.353
 22.2437
 19.8156
 25.8595
 25.6113
 18.6118
 22.6667
 13.1254
 13.4024
 11.3104
  5.9663
 2.39068
 27.6032
 17.6053
 25.9609
 41.6822
 30.7834
 7.10365
  6.4619
 13.4415
0.466214
 1.82974
 2.21031
 35.8955
 14.5983
 11.3032
 16.4189
 22.8451
 21.2036
 20.3038
 7.73188
 36.0506
 4.32727
 10.3571
 7.20016
 10.6376
 15.3742
  3.6128
 6.11652
 5.92647
 12.7535
 2.66977
 12.7045
 2.64026
 9.60407
 9.37279
 5.13747
 31.9209
 30.4198
 28.3441
 24.4942
 25.9248
 24.5257
 26.7245
  25.922
 25.3755
 17.1867
0.333381
 8.25517
 17.9564
  5.0882
 9.29363
 7.92242
 23.4502
 28.1678
 24.1846
0.473151
 15.4028
0.673854
 3.17032
 6.88337
 5.28815
  6.6749
0.517271
 7.33737
  3.4926
 22.8209
 9.81474
   2.362
 29.1852
  24.319
 10.8289
  28.111
 25.2755
 6.65851
 19.4765
 4.28178
 6.49627
 23.1525
 23.8599
 31.9601
 29.3284
  22.173
 19.4184
 19.7951
 10.7627
 21.7744
 1.58334
 24.3144
 9.11394
 13.8693
 30.3385
 34.1628
 9.02665
 27.2375
 23.0293
  15.139
  18.048
 30.4199
 18.1977
 6.54938
 1.87672
 6.84528
  2.4936
 10.8132
 32.8829
 2.47199
 25.0335
 18.1148
 6.12681
 34.4109
 10.0385
 23.5271
   8.525
 13.9626
0.536576
 24.9311
 13.2061
 14.2848
 16.3519
 3.88958
 20.0803
 32.8367
 12.8503
 26.0818
 8.48714
 2.46888
 5.70785
 11.4983
 8.71788
  12.658
 10.8217
 17.8859
 1.21907
 4.56328
  21.266
 19.8576
  24.259
0.441098
 10.5596
 24.0912
 7.92178
 20.9989
0.181771
 17.5568
 12.8766
 18.9193
 21.7639
 20.5143
 16.4596
 13.8141
 6.07225
  23.506
 9.63888
 8.50717
 24.0126
 27.1554
 17.6327
 29.2776
 16.0966
 4.50785
  7.6767
 28.4455
 8.87478
  16.098
 8.53058
 12.1594
 19.9211
 15.6362
  15.373
  8.3467
 10.2696
 16.3808
  0.6885
 11.1554
 19.5065
 21.0917
 27.4031
 31.8436
 16.9095
 14.5422
 11.4924
 7.91082
 18.9336
 24.1946
 29.8403
 16.6161
 13.9445
 14.6871
 7.02054
 16.9833
 15.7307
 24.4879
 29.7298
 25.9449
 26.1792
 18.9915
 35.1957
 30.1909
 26.0144
 17.3928
 20.2993
 25.4674
 19.9687
 1.61058
 9.19549
 9.71217
 14.6226
 5.56116
0.250282
 3.37465
0.420154
  3.7547
 24.1306
 12.9958
 9.19151
 9.34055
 18.7407
 15.8657
 11.6929
 5.94493
 6.99785
 2.21697
 19.0091
 2.81837
 1.53867
 11.5132
 27.0787
 13.8146
 9.81314
 4.53714
 15.4284
 14.6935
 23.1219
 10.3021
 17.4164
 8.57187
 4.19395
0.953049
 7.60002
 18.6823
 13.1223
 33.1168
 30.3461
 10.8931
 33.6052
  9.1004
 31.8961
  32.474
 11.3527
0.454504
 25.7792
 21.1404
  14.826
 22.3461
 12.1459
 24.7703
 13.9831
 7.56888
 3.50928
 22.8167
 9.56019
 9.58758
  19.661
 10.1256
  17.208
 26.2883
 3.66926
 2.03359
 6.85195
 19.1945
 9.83576
 2.64994
 12.8983
 23.2861
  21.815
 5.35341
 11.0209
 6.13516
 7.64073
 5.91157
 11.7348
 7.21305
 19.5254
 15.6702
 15.1314
0.727498
 11.1053
  16.061
  24.618
  14.748
 11.8282
 17.6035
 6.14231
 7.28877
 1.41531
 5.21633
 22.7318
 15.7701
  8.2023
 16.9426
  30.499
 7.70589
 1.94186
 18.2301
 15.3969
 10.8411
 10.9097
 17.9085
 18.5977
 14.0278
 11.6565
 8.09929
 17.1453
 11.6867
 9.28377
 34.0217
 7.16974
 33.5196
 17.1779
 22.3883
 20.2003
 16.4198
 8.85179
 10.0198
 25.7753
 21.0694
 10.7336