 22.4039
 34.7321
 11.9248
 60.7323
 58.4378
 40.8948
  18.325
  2.1678
 21.1921
0.499244
 16.4851
0.658686
0.878349
 10.7604
  18.971
 1.59168
   9.429
 6.54175
 7.53487
 4.88927
 7.63009
0.365876
 8.56634
 38.4314
 43.6285
 25.0465
 13.2623
 57.3812
 55.3332
 47.4048
 33.6318
 24.8962
 20.9458
 20.8353
 28.4372
 13.9544
 17.1713
 46.2204
 39.0845
 36.2885
 31.1463
 46.1474
 46.6722
 17.4157
 10.5769
0.332296
 19.5996
 14.1919
 10.6128
 12.0382
 1.95333
 20.2998
 30.1823
 30.7286
 30.6819
 51.7965
  43.918
 11.6213
 14.4608
 2.01814
 8.78818
 4.84421
 9.32028
 7.03824
  3.6709
 15.3815
0.945802
 2.16584
 17.9156
 20.6183
 28.8165
 31.8005
 14.9581
 8.66024
0.817011
 12.5924
 1.83844
 5.78026
 2.44166
0.449867
 9.80468
 16.0203
 13.8211
0.538298
 3.40899
 9.39995
 5.47198
 12.3033
 28.3546
  14.339
 1.00613
0.505535
 23.0943
 25.7505
 11.1362
 23.1306
 16.4213
 14.5683
 22.3959
  20.955
 11.1711
 32.4202
 52.1426
 48.3686
 29.1126
 39.9769
 35.2312
    55.4
 55.7393
 19.7137
 3.55353
 2.24105
 7.81086
 1.12385
 4.49642
 19.7221
 23.8676
 8.45356
 0.11881
 13.0195
 15.2606
 10.5699
 3.04659
0.494212
 0.80697
  6.6984
 5.46951
 12.5268
  1.9396
 13.6828
 22.6037
 23.8995
 15.8222
 9.50416
 9.74483
 12.4815
 5.85143
 12.7386
 7.44851
 28.1374
  34.202
0.128228
 15.7456
 2.26577
  13.283
 7.50717
  7.5466
 10.5673
0.807042
 11.8704
 1.40697
 11.6257
 19.3119
 7.72538
  8.7766
 28.3579
 16.4424
 47.9414
 20.5722
  25.957
 17.8497
 74.9015
  52.564
 29.1098
 42.3014
 60.5602
 45.2735
 49.1874
 31.4522
 67.2933
 29.9353
 26.9115
 24.2797
 10.2154
 16.2145
 18.3263
 26.1733
 13.9347
 12.3937
 38.8767
 48.8025
 35.2653
 22.9184
 10.1451
 6.21623
 7.31999
 2.26606
 9.28283
  3.9488
 9.20634
 30.2122
 27.3726
 28.4766
 10.1543
 5.43294
  1.7024
 8.51113
 26.9044
 28.0169
 9.67137
 19.4437
  14.898
 7.90475
 9.72641
 17.9692
 19.6475
 17.2891
 36.7646
 33.1199
 30.1917
 19.1469
 32.8508
 10.6487
  18.101
 17.0112
 17.3467
 15.1411
 42.5977
 48.4577
 13.3822
 23.9673
 1.54151
 42.7451
 20.7677
 21.0475
 4.63559
 4.94012
 13.6383
  7.0552
 19.0485
 10.4253
 7.35261
  52.602
 10.3293
 3.99028
 17.7454
 14.3345
 1.78783
 9.67742
 38.4082
 36.9593
 44.0696
 41.7874
 1.10517
 17.5553
 63.0841
 27.3906
 8.30402
 4.48387
 24.6104
 46.7561
 10.3393
 44.1632
 67.8007
 26.6287
 1.85139
 36.5802
 5.72454
 14.4203
 41.6913
 28.8922
 22.8106
 36.1195
 30.1565
 7.72891
 2.82793
 30.3158
 32.7163
 26.1077
 4.07604
 5.95401
 36.4558
 33.3198
  45.799
 4.74204
 40.1078
 8.32376
  10.871
 17.1252
 13.5595
 10.1086
 13.2107
 15.7744
 31.5919
 42.8749
 3.35204
 11.8196
 32.1421
 28.7107
 45.8384
 46.5259
  10.239
 39.1013
 20.6177
 23.7334
 16.8152
 7.42873
 51.1119
 31.7328
 7.66976
 1.19098
 26.4819
 32.3809
 6.88941
 9.87352
 21.0764
 5.13666
 6.13799
 10.7275
 19.4365
 5.62895
 20.3133
 18.9151
 3.03808
0.175419
 2.16814
 1.30901
 10.9161
  4.8595
 32.8788
 6.90382
 49.3697
 49.8282
 9.48793
 4.53982
 9.14599
 5.43939
 4.23154
 12.1172
 5.23567
 30.2268
 26.0597
 18.6057
 15.0751
 32.7621
  32.835
 23.1115
 9.39718
 29.5324
 16.8693
 3.88398
 8.58288
  25.537
 15.1652
 35.2912
 34.3469