   3.37198
   0.69174
   26.1254
   16.5837
   11.0038
   8.93898
    14.608
   14.8604
   13.5203
   13.3107
   3.76688
    15.229
   17.0013
   14.2256
   16.6828
    18.758
    10.147
   16.3113
   19.6048
   21.2955
    22.873
   33.3814
    36.109
   21.1547
   7.68921
   1.56581
   9.24255
   8.13489
   2.56178
   2.62394
   17.4711
   5.23077
  0.082815
   3.61902
   2.08046
   4.46944
   6.17335
  0.937773
   4.80232
   5.26333
   66.6233
   55.7182
   53.3941
   49.7864
   1.49635
   4.74021
   24.7493
    16.806
  0.958764
   7.18181
   23.2694
   26.5412
   50.2657
   2.36534
   7.67605
   9.60105
   1.73529
   8.10822
   5.14946
   2.60885
   1.28621
  0.362339
   8.71827
   8.46548
   4.03353
   1.13507
   10.4233
   11.0763
   6.66055
   18.7668
   29.9093
   26.5879
   27.4256
   24.9035
    27.185
   19.3779
   15.8394
   8.51453
   10.1145
   18.3522
   20.0317
   9.93931
   18.0742
   8.20392
   14.7916
   13.3297
   9.75003
   19.2032
   9.77643
   13.4147
   4.22061
   12.1542
   5.73586
   17.4696
   17.0499
   4.76333
   8.34312
  0.457376
   9.60411
   5.84442
   12.1824
   7.20856
   3.57928
   1.59945
   2.98513
   15.8125
   12.1222
   15.5859
    12.829
    11.224
   13.6517
   1.00299
   1.01148
   9.41726
   2.02106
  0.527134
   18.1792
   18.2036
    8.3936
   2.97854
    3.9803
    8.1532
   17.0253
   11.3828
   7.87246
   8.55975
   22.4494
   17.5541
   25.8547
   5.74256
   28.3891
   28.6999
   18.8489
    21.817
   23.7927
   6.37497
   21.3712
  0.204459
   11.4053
   22.3152
    12.973
   30.0822
   18.5214
   21.6134
   1.29584
   27.0804
   26.9136
   36.8893
   38.1588
   42.4972
   8.14408
   3.29289
   30.2788
   29.9755
    25.936
   31.5471
   28.4568
   5.90165
   6.07568
   7.17069
   4.57595
   1.56109
   24.3634
   1.50977
    7.4459
   14.9989
   22.6132
   35.9194
   29.5065
   31.9077
    20.451
   26.8801
   6.11083
   16.0613
   15.8394
   21.1629
    28.839
   9.26094
   5.39267
   5.68325
   6.93539
    19.602
   15.5649
   16.0609
    12.164
   16.2136
   12.2277
   2.64092
   5.49636
   1.09337
   3.81497
   3.65197
   3.97787
   43.4788
   46.0429
    31.984
   45.8442
   14.2148
  0.624365
   2.10249
   7.19282
   24.8887
    47.213
   10.9862
   12.9498
   16.8214
   13.1643
    18.046
   16.7366
   14.8894
   18.2654
   15.8182
   4.66399
   0.97838
   5.39531
   2.16409
  0.479814
   2.61917
   23.6945
   26.0616
   24.7008
   17.0903
   13.0959
    19.728
   17.9707
   14.4786
   6.75859
   9.77672
   18.2124
   15.5408
    20.379
   7.30688
   13.6454
   9.30654
   10.6361
   11.3798
   8.21764
   10.7553
   30.3668
   2.18078
   7.49547
   16.8081
   5.90964
   5.98957
   8.05877
   3.20405
  0.558593
   3.52554
   27.2091
    23.234
   9.16324
   1.35886
    10.124
   5.89125
   2.78147
   7.06945
   13.3766
   3.90538
   14.1469
   15.5242
   13.4945
   12.4364
    8.0333
   2.47585
   25.4215
   28.5654
   11.3806
   26.3854
   2.10186
   2.63903
  0.901978
   7.23037
   10.4897
   3.94225
   17.3402
   4.47842
   22.9996
    14.963
   7.52197
   10.2127
   8.64635
   31.8687
   16.5965
   9.86281
   25.2194
   23.5424
   4.36081
   2.38734
   20.9308
   10.9883
   30.6506
   34.5158
   43.7605
   44.9254
   4.28904
   4.81952
   1.05883
   2.16376
   7.66815
  0.120046
   7.05499
   38.5457
   23.5366
   1.54862
    20.455
   38.1861
   5.61963
   27.7541
   18.0185
   7.89789
   4.06376
   18.0195
   3.33966
   16.5805
   3.78315
   21.4724
   10.4924
   4.30553
  0.826866
   12.8742
   10.1273
   21.7444
   5.11279
   13.6442
   11.8252
   4.95561
   1.71563
   7.73746
   4.41572
   5.37318
   4.87721
   3.81978
   10.4733
    4.9994
   5.25398
   8.34777
   4.89925
   18.3109
   16.3425
   8.26521
   5.37161
   5.76871
   8.26275
   3.37406
   2.89701
   12.0806
     17.58
   26.1313
   7.64258
   7.69326
   5.29619
   1.63678
   4.99344
   7.65923
   2.33939
   2.22489
   3.96068
   2.60904
  0.972035
   4.94272
   1.44691
   7.41873
   10.2955
   16.8188
   17.7718
   18.1957
   11.2455
   26.7812
    28.144
   20.2687
   24.2764
   1.35786
   6.75429
   9.17927
   14.4662
   2.33866
   22.2395
   10.9347
   17.5923
   6.93234
   1.56171
   3.95616
   30.0039
   24.7386
   4.17764
    14.611
   24.7016
   5.69653
   12.9609
   25.1655
    14.076
   30.5106
   55.4134
   53.4293
   57.8234
   5.55552
   1.16694
   7.05198
   2.10588
   4.28126
   8.20166
   4.28904
   2.64746
   43.4478
   18.6751
   2.26296
   45.3837
   28.0115
   11.4223
    2.3039
    7.7484
   1.95654
   9.19286
   21.8319
   24.3767
    21.364
   13.5182
   17.2385
   4.21093
   4.02805
0.00294444
   33.1576
   31.1717
   18.7166
  0.310357
   4.86518
   15.6032
   6.77143
   9.76787
   8.95751
   11.6508
   15.5226
   8.11833
   3.72234
   7.81078
   3.54905
   2.34276
   4.77211
  0.093506
   14.3291
   5.33152
   4.54135
   3.58346
   7.83471
    14.871
   17.1919
    18.609
   28.6094
   28.6555
   28.4442
   3.76689
   8.51292
   4.93661
   5.33572
   2.39856
   7.97963
   5.42972
   29.1754
   22.2368
   1.10099
   8.54965
   23.9417
   14.3129
   20.6035
   40.2233
    51.862
   6.63578
    6.2772
   3.96861
   7.93487
   5.89093
   36.2037
   36.2182
   24.7486
   49.9459
   29.7093
   30.3332
    12.923
   10.7316
   5.80883
   7.32137
  0.334938
   2.96592
  0.188575
   3.95131
   0.11562
   8.02153
   15.0032
   44.8907
   50.2577
    18.782
   25.2988
   16.0886
   17.2977
   25.0049
   2.97256
    17.048
   10.1073
   18.1212
   27.5086
   34.3701
   21.7394
   22.2088
   4.27219
   26.1392
   2.82285
   11.5226
   5.76653
   2.62416
   16.9601
   21.3034
   15.9889
   6.79778
   9.86284
    31.551
   15.1868
   32.7972
   4.58394
   2.41163
    24.753
   15.7443
   22.2093
   16.3047
   2.94796
   35.7114
   28.9008
   25.1468
   8.80766
   5.82663
   19.0806
   23.3096
   21.7426
    32.277
   7.16928
   50.1138
   19.5896
   15.6049
    21.032
   26.7546
   15.7722
   16.9742
   3.11198
   11.5464
   23.5039
   2.66984
   5.32566
   31.5327
   17.1164
   13.1227
    6.4809
   37.2937
   32.9509
   32.7987
   14.4792
   18.6763
   30.1607
   6.55097
   28.7607
   24.3314
   13.1199
   16.4839
   18.6254
   26.1264
   9.25945
   20.1273
   20.1273
   31.0711
   30.7686
   13.7058
   38.3575
   19.8937
   12.3006
   2.26601
   31.6213
   22.7953
   17.3704
   13.5602
    24.856
   7.80452
   12.2894
   8.88811
   6.40447
   10.2989
    2.0525
   1.94352
   13.5066
   18.4164
   7.94399
   16.4373
    17.118
   25.1753
   21.7584
   1.90693
   20.1605
    12.696
   19.6909
     20.19
    18.248
   25.7354
   30.2448
   8.42644
    11.625
   21.0993
   35.5007
    31.259
   5.26985
   27.3592
   25.5503
   31.4595
   28.8663
    23.039
   30.2369
   22.4855
   29.9807
   9.72587
   47.3066
   42.6564
    15.074
   7.66621
   30.9306
   13.3225
    10.804
   15.2153
   10.6272
   10.1649
   11.1408
   13.9723
   5.74543
   27.8062
   14.7086
   19.0431
   32.4279
   2.37586
   2.83103
   34.9568
   34.0856
   14.9681
   14.1947
    21.101
   6.57447
   10.6193
   34.1671
   22.6239
   23.4574
   8.95338
    2.7606
   30.0976
   8.09391
   27.7436
   29.0398
  0.409519
   7.91238
   34.4816
   13.2923
   41.6294
   15.3408
   19.5097
   21.5533
   36.8414
   9.56354
    17.431
   14.6748
   24.3482
    12.362
   9.65121
   27.5396
    19.578
   26.5822
   13.1243
   18.5852
   21.3028
   17.2708
   13.1306
   40.7913
   23.3385
   39.4298
   10.0271
   22.0036
   11.5542
   5.75813
    3.4537
   19.7688
  0.679478
   17.3424
   4.50448
    10.661
   17.6437
   19.3324
   24.8968
   16.1192
   14.7988
    35.635
   18.7602
   40.9781
   24.7242
   50.1363
   31.5944
   11.9128
   39.1805
    9.8298
   31.8318
   21.6543
   2.25315
   24.7501
   22.5236
   45.6674
    52.582
   14.4266
   6.16782
   4.33047
   19.2461
   44.4389
   2.79276
   20.6685
   40.2268
   34.1428
   29.5211
   1.53291
  0.518815
   1.50178
   8.63921
   21.2456
    11.838
    5.0688
   7.01217
   20.3158
   31.4809
     1.611
  0.601037
   3.52301
   1.65521
   4.56696
   6.12474
  0.245576
   11.2505
   3.53245
   28.8892
   6.02533
   24.8454
    13.301
   32.1524
   44.1239
   18.2675
   37.5575
   21.9881
   37.6319
   6.09998
   33.7416
   5.25463
   9.10789
   3.67915
  0.836882
    32.083
     1.245
   12.2839
   32.2896
   9.75967
   5.64819
   27.8781
  0.836882
   9.60606
   3.63179
   4.84869
   5.54962
   23.1657
   32.3818
   26.0678
   14.9676
   1.01108
   8.07735
   17.2311
   19.6058
   2.31269
   2.63453
   3.29682