    6.6214
   3.84272
   5.50957
   27.0665
   4.17809
   3.18621
   8.35934
  0.318473
   6.83895
   2.74406
   3.10758
   6.06036
  0.918772
   4.48077
    2.8112
   4.75015
   1.84343
   8.92579
  0.724081
   7.19607
   1.28255
   40.5914
   31.1485
   49.2105
   38.5577
   37.6173
   6.44843
   3.99062
   3.85525
   4.80723
    1.7682
   6.51169
   28.9945
    25.276
   10.4363
   5.57784
   8.06526
   2.69279
   3.89591
    3.0347
   3.15575
   8.91303
   2.07465
   10.5238
0.00691814
   6.15189
   12.9527
   19.3262
   29.2398
   18.5937
   11.6154
   8.06454
   2.01233
   1.06162
   1.11537
   9.11468
   3.27669
   4.49129
   1.65156
   1.44799
   3.07093
    2.7407
   3.18931
    4.1479
   8.09168
   9.53432
   7.17054
    2.6638
   3.92521
   23.6775
   29.7313
   29.4808
    37.748
   5.09906
   4.12487
   9.27531
   9.14002
  0.781415
   20.4884
    10.898
   6.78511
   3.61901
  0.801175
   4.98723
   8.79706
   20.9586
    7.8443
   10.7005
   26.3009
    3.8811
   6.37414
   8.92125
   5.16139
   8.86288
   10.4773
   7.78687
   3.12534
   10.6729
   2.15421
   4.51071
  0.863289
   5.49093
   1.03308
   9.39626
   1.76134
   26.8144
   36.7416
   5.50733
   22.4732
   4.48451
   3.50205
   10.9244
   6.40799
   12.5442
   13.5726
    2.6014
   5.39768
   3.36884
   4.63193
   4.52875
   6.83361
    2.8195
   7.67725
   23.3252
    7.3896
   15.2897
   14.7436
   2.37808
   4.01459
   13.6963
   8.77769
   8.42762
  0.600057
    12.866
   29.4589
   4.81477
   10.0286
  0.863346
   8.22215
   3.26002
   5.62395
  0.169136
   11.3472
   1.04725
   10.6033
   4.00387
   3.34321
   4.63881
   5.67981
   6.26722
   4.80899
   1.29971
   10.2742
    8.3839
   30.4947
   35.7301
    30.863
   0.43174
   1.46469
   7.87373
  0.277996
   1.71482
   6.26775
   20.3331
   37.1083
    16.289
   2.78688
    6.3047
   12.4539
   2.45171
   15.2266
   16.0889
   12.8902
   13.4892
   7.76757
   5.18796
   1.06919
   1.09967
   6.43557
   2.14998
   9.72826
   3.21115
   5.12083
   8.75347
   15.4887
   12.7749
   2.57346
   14.0635
  0.185487
   1.92661
   1.88574
   19.3317
   11.7016
   19.3068
   2.72055
   25.4686
   8.89605
   1.83887
   2.27051
   2.49051
   11.3536
   9.08579
   2.65865
   3.85075
   24.1052
   4.73303
   1.20961
   11.1875
   3.99167
   10.9428
   1.24196
   10.3241
   1.40462
   4.40554
   40.2888
   26.9786
   42.5584
   4.86593
   7.68245
   6.06608
   4.22566
    5.4834
   0.43174
   2.56463
   29.1763
   6.28445
   5.15557
   15.4547
   8.43587
   23.5961
   23.4902
   10.4597
   21.7372
   6.75514
    1.9958
   1.02891
   8.94684
   10.5368
   4.62622
   21.0023
   10.8916
   4.85748
   2.15123
    5.0106
   12.0007
   2.70835
   13.7397
   9.59507
   3.07111
    27.453
   7.37478
   3.39293
   6.44771
    9.8136
   1.80291
    9.0825
   6.27028
   27.4512
   28.6983
   4.72249
   5.55463
   1.21643
   7.29429
 0.0318398
   32.1843
   28.3266
   4.66845
   23.0418
   10.8236
   6.13905
   3.94548
   2.36663
   1.10535
   6.54498
   13.6316
   18.3328
   4.09782
   45.1702
   14.7736
   19.2884
   5.77383
   19.7436
   3.07781
   7.90415
   24.4651
   9.10197
   2.55997
   3.93331
    29.235
   7.13467
   18.9504
   20.1285
   14.9994
   27.4087
   24.9686
   14.0346
   10.5055
   16.8979
   20.3806
   11.2704
   6.30542
   24.7604
  0.576235
   2.84465
   28.6073
   19.4399
  0.529434
    11.759
   10.2275
   3.58119
   16.9915
   1.54226
   11.4452
   2.08506
   5.41384
   16.2854
   25.6921
   20.4848
   15.1367
   14.0226
   14.3709
   16.9406
     0.947
   3.35726
   4.28615
   3.36516
   2.93751
   6.24295
   1.67264
   4.32218
   15.4831
   1.77578
   17.1546
 0.0745175
   17.8668
   12.1741
 0.0129624
   1.19947
   10.6425
   31.1507
   16.0092
   34.0346
   19.5232
   6.26498
   29.7384
   24.4651
   25.3661
   14.5006
   19.9204
   18.6461
   13.4805
   28.4199
   27.9224
   24.7876
   21.3934
   15.9411
   11.8311
   18.9706
   10.9166
   3.09033
   21.3386
   3.01052
   1.31031
   15.0627
   34.8343
   20.0485
   15.3294
   4.82173
   23.4046
   16.1068
   25.1863
   16.6396
   16.3012
   12.3283
   14.7964
   9.34608
   25.0839
   4.93706
    12.329
   19.8237
  0.397443
   21.1421
   10.5246
   14.5584
   10.4282
   26.2874
   7.16673
   21.7641
   19.2436
   4.72757
   5.32514
   2.62216
   8.65243
   13.7338
   7.16725
    19.574
   7.33652
   23.5447
   23.5447
   1.73942
   3.07962
    1.5279
   11.3826
   12.7946
   8.31665
   4.93612
   13.0127
   3.68693
    6.7275
  0.316854
    25.201
   8.06123
   27.7665
   23.2303
   9.19008
   20.5697
   16.6813
   18.8311
   22.9381
    24.971
   27.6088
   2.18003
   12.0556
   23.0499
   19.8171
   18.7534
   17.3386
   17.4406
    27.249
    15.835
   5.29757
   12.0358
   32.4441
   6.87421
   23.0023
   6.56091
   25.1057
   7.72238
    2.0695
   1.40401
   14.2985
   36.5499
   22.4811
    6.0251
   11.8876
   11.8608
   2.70462
   11.8327
   28.2717
   14.6455
   6.24352
   9.36956
   26.4452
   2.10329
   7.46869
  0.377616
   10.9222
   15.4474
   22.3013
   19.9094
   3.99644
   11.2308
   1.35093
   24.9738
   13.1438
   37.2068
   19.4433
   22.2467
   8.44442
   4.56325
   6.05627
   4.42109
   18.1583
   9.76257
   24.2795
   1.47948
   5.91139
    20.608
   15.1508
    4.5363
   5.57814
   6.93027
   9.82032
   6.73926
   22.0479
   2.72968
   8.87602
   15.4342
   21.7782
   14.0103
   19.2805
   24.6943
   21.5049
   21.4393
    16.271
   3.22567
   4.46174
   13.2676
   21.7027
   12.8735
   1.51936
   17.9299
   18.8421
    19.464
   11.4497
   24.5186
   20.6033
   16.8467
   17.9181
   11.6105
   16.5474
   25.9484
   13.3733
   27.4032
     0.357
   13.5105
   18.9897
   16.9698
   16.8744
   3.60897
   22.3491
   15.0608
  0.503967
   19.8769
   23.3598
   12.0085
   8.67321
   1.07157
   29.7296
   26.4002
   21.8361
   18.2636
   37.4953
   1.26406
   4.72514
  0.322111
   4.28919
  0.194221
   15.9102
   12.7587
   11.0496
   3.56609
   17.3067
   27.8775
   5.52963
   41.5668
   14.6763
   7.33317
   4.76804
   6.03668
   8.05893
   18.8054
   24.1327
  0.199258
   11.1294
  0.167119
   4.66862
   4.59805
   1.57434
   37.5215
   15.3287
   8.44682
   18.3286
   9.98076
   11.4269
   20.4081
   18.3829
   18.2289
   2.83002
   17.4685
   23.4136
   22.5071
   4.63853
   14.0866
    4.4659
   11.1316
    7.2376
   24.2153
   6.57095
   27.1433
   10.5228
   15.9231
   14.6552
   23.6734
   4.84744
  0.297623
   7.13829
   25.3084
   20.0236
   20.7684
   22.5511
   2.68506
   27.2781
   22.4092
   28.0148
   16.6326
    4.3515
   10.9097
   1.80825
   13.2585
   2.62585
   11.4144
   1.63237
   5.09745
   18.7449
   5.91612
   5.63789
   3.17449
   4.20574
    1.3255
    25.229
  0.892173
   25.3177
   10.6196
   2.45111
   20.1782
   22.9968
   5.78164
   4.38082
   2.43845
   33.2376
   34.6723
   1.50441
  0.294456
   6.26136
   21.7454
    24.235
    3.8084
   1.10952
  0.393617
   9.73205
   11.2649
   33.5015
  0.869511
   9.02591
   2.93569
   6.66595
    5.0247
   2.52012
   2.73106
   7.85244
   9.89182
   20.8603
   8.27063
   1.28809
   4.35557
   33.0345
   13.2387
   24.2748
   28.8285
   22.5916
   13.2495
   27.9555
   4.84508
   10.2942
   16.4225
   15.6673
   20.6007
   17.8902
   26.0059
   17.3017
   15.6109
   8.05821
  0.509212
  0.697552
   15.6432
   7.21622
   20.5885
   1.77274
   10.5556
   1.44534
   7.04839
   14.0892
   18.5581
   5.95827
    26.084
   3.49872
   3.88011
   9.08385
   5.24755
   5.23703
   12.9137
  0.577297
    24.943
   9.51581
   1.88118
   2.49044
   2.23864
   17.9454
   9.89471
   3.69731
    11.107
   14.6798
   11.7164
   15.2468
   5.87127
    11.349
    8.5331
   5.14554
   6.28667
 0.0725418
   6.96208
   5.35162
   4.57386
   27.7049
 0.0354904
   1.52912
   21.4246
    29.023
   23.2169
   19.9647
   20.3825
   3.63995
   16.9966
   18.2332
   6.61563
   2.86552
   2.21113
   6.30965
   11.1897
   19.6945
   23.8965
   26.9478
   4.51117
    17.471
   4.47627
   3.29274
   15.2286
   10.2591
   28.5568
   7.43318
   1.53415
   22.5609
   21.0253
    1.5692
   2.87807
   2.51729
  0.678719
   10.4507
   14.0879
   15.9667
   4.73391
   1.94243
   21.4899
   16.7005
    1.5692
 0.0317507
     3.701
   16.2925
   4.03463
   16.8095
   2.06384
   8.68934
    24.704
   18.9356
   3.23143
   17.5779
   3.94185
   18.3804
   6.36855
   19.9647
   14.4896
   8.21563
   1.73417
   15.4979
   18.3455
   11.5434
   4.47601
   6.12512
   14.3679
   14.8309
   4.12713
   29.4207
   8.30203
   23.1177
   2.81128
   3.04907
   11.0359
   19.9995
   2.21916
     14.23
   32.0365
  0.794981
   7.33257
   7.22231
   13.4189
   2.20066
   7.45415
   17.7023
   1.38172
    9.1272
   24.6722
   19.8821
   11.6818
   13.2495
   5.32789
    23.437
   22.5083
     11.24
   32.6619
   32.6749
   32.6958
   31.2141
   3.22384
   15.9797
    5.9704
   15.7561
   30.4859
   3.70165
   5.73022
   4.83654
    12.975
   19.6236
    15.106
   24.8135
   13.0626
   0.71511
   13.6485
   14.4159
   2.13032
   21.7966
   6.24851
   19.5993
   13.5592
   1.27509
   0.75436
   28.6656
   20.3852
   7.57165
   9.00587
   10.0585
   15.0275
   4.41776
   3.97886
   8.65558
   19.5257
   19.0334
   26.3877
   36.5318
   5.30094
   25.7645
   14.6749
   10.0729
   24.2862
   3.21418
   15.9756
   15.7366
   7.30419
   25.7976
   1.96435
  0.678446
   3.45085
   18.3007
   7.44771
   2.24166
   14.4954
   7.43086
   8.71234
   8.21176
   14.8533
   3.03826
   9.63019
    8.2116
   22.6381
   28.5188
   17.6261
   7.38294
   8.12185
   5.95548
   12.4656
   15.2064
    7.0768
   25.1792
    22.619
  0.327493
    16.829
   11.7949
   5.04216
   2.45389
   24.9645
    1.6723
   0.13801
   23.0671
   2.63146
   5.75283
   3.25265
   6.92139
   4.22677
   22.2384
   14.6185
   14.5241
   8.95649
   13.5308
   18.4265
   13.7983
   6.09932
   6.22867
   4.71482
   2.07062
   4.73591
   3.86507
   15.2064
   17.2097
    17.123
   18.5182
   16.3652
    5.2102
   3.62108