1.02011
1.51737
1.92915
2.11498
3.21795
3.90636
4.38561
4.52039
4.89753
 4.9411
4.95517
5.07918
5.13672
5.26213
5.40817
5.49383
5.78628
5.93462
6.20428
6.46195
6.48014
6.64275
6.67609
6.78856
6.96164
7.09853
7.21328
7.29612
7.41949
7.44315
7.56663
7.63965
7.69146
7.79321
7.85207
8.20475
8.26335
8.44445
8.79571
8.80034
8.89557
8.94224
9.24905
9.34996
9.35608
9.43344
 9.5362
9.61033
9.71783
9.73413
9.80596
 9.8949
9.89577
9.89974
10.0115
10.0717
10.0862
10.2528
10.2569
10.4152
10.4369
10.5348
10.5492
10.9605
10.9606
11.0338
11.2037
11.2771
11.3709
11.5543
11.5743
11.6466
11.7161
12.0875
12.4138
12.4269
12.7786
12.8443
12.8719
12.9683
13.2471
13.4215
13.4521
13.5957
13.6008
13.6297
13.8138
14.0793
14.2277
14.2877
14.3298
 14.475
14.6086
 14.682
14.8673
15.0223
 15.067
15.0847
15.2731
15.2755
15.5628
15.6888
15.7643
15.7677
15.9045
16.0902
16.5124
 16.535
 16.621
16.7577
16.9337
17.0943
17.1623
17.1928
17.2011
17.2117
17.4533
17.6364
17.7159
17.7404
17.9167
17.9761
18.1009
18.1869
18.3241
18.4336
18.5879
18.6663
18.6926
18.7217
18.8513
18.9166
 18.966
19.3284
19.3851
19.5297
19.7018
19.7283
19.7397
19.8057
19.9887
20.0468
20.0621
20.1323
20.2859
20.5067
  20.62
20.7013
20.7638
20.7658
20.8074
21.4363
21.5175
21.5229
21.6242
21.6244
21.6469
21.8635
22.0362
22.2936
22.3414
22.5559
22.5958
22.9288
23.1477
23.2983
23.3441
23.3507
23.5641
23.6022
23.6546
23.6648
23.7402
24.0315
24.0428
24.0947
24.1673
24.2074
24.3833
24.5056
24.8247
24.8875
24.9572
25.1674
25.3529
25.4986
25.5407
25.6038
25.6518
25.7855
 25.914
 26.024
26.1651
26.3547
26.4083
26.6354
 26.821
26.8771
27.1783
27.2073
27.2361
27.3383
27.5023
27.5218
27.5377
 27.693
27.7134
27.9539
28.1131
28.1799
28.4335
28.4829
28.5049
28.6918
28.9657
28.9674
28.9997
29.0227
29.1701
29.2856
29.2996
29.3159
29.4704
29.5301
29.6331
29.7898
29.8253
29.9246
29.9357
30.1036
30.1323
30.1359
30.1814
30.2304
30.4176
30.4527
30.5634
30.6053
30.6239
30.8021
30.8386
30.9797
31.1276
31.1412
31.1588
31.3858
31.4892
31.6371
31.6809
31.7991
31.8357
31.8643
32.5644
32.6504
 32.697
32.7864
32.8574
33.0943
33.1398
33.2094
33.2313
33.2452
33.2513
33.4422
33.6952
33.7483
33.9301
34.0191
34.1233
 34.264
34.4708
34.5145
34.5755
34.9708
34.9805
 35.088
35.1414
35.5537
35.7284
35.7396
36.1838
36.4577
36.5001
36.6184
36.7526
37.2519
37.2553
37.2636
37.2765
37.3427
 37.344
37.4527
37.7088
37.9448
38.2012
38.2182
38.2245
38.4266
38.5079
38.6994
38.7912
39.1357
39.1557
39.2682
39.4312
39.6516
40.0065
40.0433
40.1058
 40.234
40.4187
40.4248
40.6077
40.6104
40.6595
40.8972
40.8982
41.1198
41.2635
41.3215
41.3434
 41.381
41.4526
 41.518
41.5332
41.6528
41.7808
41.8014
41.9939
42.0677
42.2027
42.3352
42.6822
42.7865
42.8073
43.2218
43.4436
 43.696
43.7298
43.8044
43.9498
44.0217
44.0296
44.0592
44.0617
44.2099
44.2119
44.2122
 44.347
44.4464
44.5654
 44.663
44.8403
44.9193
 45.024
 45.465
45.4862
45.5117
45.5946
45.6901
 45.727
45.8771
45.9304
46.0711
46.0906
46.3118
46.3784
46.3841
46.3896
46.4844
46.7845
  46.81
 46.843
46.8936
47.1647
47.3015
47.4871
47.5501
  47.56
47.6212
 47.888
47.9021
48.3361
48.4129
48.4927
48.5633
48.7232
48.8158
49.2455
49.3087
49.3519
49.4841
49.7022
 49.985
50.4132
50.5402
50.5565
50.5769
50.7367
51.0141
51.2125
51.2927
51.3909
51.4924
51.5779
51.6442
51.7503
51.9712
52.0217
52.0778
52.1086
52.7985
53.1784
53.6504
53.8382
53.8661
53.8922
53.8968
 53.959
54.0046
54.2536
54.3261
54.3969
54.7374
55.0263
55.0902
55.2421
55.2484
55.3126
55.6962
55.7198
55.8677
55.9106
55.9989
56.3344
56.4147
56.6113
 56.773
56.8167
56.8314
 56.851
56.9856
57.0074
57.0867
57.2462
57.3797
57.4317
 57.909
57.9095
58.1259
58.3032
 58.432
58.6186
58.6926
58.7785
 58.892
58.9812
59.0193
59.0657
59.1538
59.5864
59.6197
59.6429
59.7194
60.0593
60.0714
60.1767
 60.343
60.3782
60.3845
60.5093
 60.562
 60.678
60.7533
60.9569
60.9857
61.0009
61.0966
61.2087
61.2655
61.4138
61.5022
61.8236
62.0644
62.1528
62.3237
62.4565
62.6861
  62.75
62.7618
62.7963
62.8871
63.0268
63.1652
63.2071
63.2595
63.4147
63.4998
63.6617
63.7761
64.0795
64.2448
64.4698
64.5829
64.6351
65.0587
65.1427
65.1512
65.2618
65.3252
65.4013
65.4872
65.5985
65.7343
65.7839
65.8712
65.9669
66.2806
66.2918
66.7194
66.7587
66.8021
66.8522
66.8713
 67.272
67.4221
67.6252
67.6517
67.7119
67.7168
67.9044
 68.013
68.0776
68.3171
68.4975
68.5342
68.6961
68.6996
68.8944
68.9558
69.2325
69.4216
69.4536
69.5658
69.9438
70.0833
70.2588
70.3858
70.4638
70.5162
70.7341
70.8562
70.8564
71.4002
71.4104
71.4618
 71.556
71.7139
71.7206
 71.788
72.2491
72.3413
72.3797
72.9456
73.1416
73.1951
73.2805
73.5897
73.9883
74.0882
74.2557
74.3746
74.6867
74.7122
74.8077
74.8522
 74.944
75.1845
 75.319
75.3585
75.7583
75.7633
75.7767
75.9404
76.3669
76.4428
76.4533
76.4918
76.5306
76.6563
76.6809
76.9613
77.1853
77.3172
77.3948
77.4176
 77.609
77.8021
 77.855
77.8978
78.2263
78.3486
78.3552
78.5383
 78.555
78.5835
78.7221
79.1192
79.1826
79.3058
79.6994
80.1017
80.1158
80.3605
80.3685
80.4267
80.9845
80.9863
81.4833
81.8094
81.8371
81.8639
81.9625
82.3073
82.6583
82.7119
82.8856
83.2977
83.7972
83.9248
83.9686
83.9856
84.1881
84.7164
84.9491
85.1114
85.2147
 85.242
85.5673
85.5868
85.6195
85.7703
85.8068
86.1121
86.2244
86.3354
86.4616
87.7916
87.9865
88.0152
88.5748
88.9359
89.5117
89.7516
89.9273