  6.93515
  4.02479
  4.18755
  9.92148
  11.2814
  1.59692
  9.58459
 0.422951
   3.0237
  10.2302
  1.43089
 0.252554
  2.20554
  2.73487
   6.7384
  4.20215
  23.8954
  25.9104
  13.9775
  25.1672
  21.8258
  14.2056
  5.43067
  8.66712
  1.04987
  21.1676
  17.6045
 0.839725
  1.56721
  3.87046
  2.24154
  2.72162
  7.25457
  3.12196
    2.095
0.0536626
  5.59769
  1.27938
  2.19929
  6.34124
  7.93285
  9.56628
  5.09431
0.0150248
  12.5687
  12.3589
  9.52374
  3.15651
  7.13716
  12.8428
   22.419
  10.3872
  3.91923
  3.43411
  9.39361
  1.52666
  4.53411
  12.0861
  8.46442
 0.706765
  7.06701
 0.327447
  6.08149
  5.45708
  4.67012
  4.35456
  4.08927
   3.2916
  5.38861
  3.28087
  4.67227
  3.64628
   5.9549
  6.13429
  8.41822
  6.44475
   2.1087
  20.8869
  30.3053
 0.895461
  3.65773
  6.22125
  17.3963
  25.8154
  10.1529
  2.15796
  6.03014
  0.87736
  8.65651
  4.24281
  7.29541
  8.16787
  5.48031
  2.91779
  6.47079
  1.37665
  6.50795
 0.895927
  13.7152
 0.718073
   8.9332
 0.253391
  3.82573
  10.1244
  6.88099
    1.173
  16.9703
  10.9492
  6.15099
  5.84246
 0.284815
  5.09571
  5.12982
  2.64121
  19.7808
  17.1104
  17.3882
  8.10491
 0.884918
  5.33481
  20.7997
  6.59408
  2.89438
  0.53685
  11.3458
  9.41632
  9.65745
  3.97981
   1.1166
 0.465933
  4.49707
  9.77186
  3.87354
  11.8962
  6.71318
   1.0976
  4.14227
  27.8426
  3.39804
  2.51697
  5.53058
  3.34081
  19.9359
  31.8367
  10.2504
   6.7881
 0.668029
 0.737164
  3.81301
  4.33251
   9.3556
 0.422163
  7.23782
  20.9403
  1.29037
 0.709539
 0.538956
  9.92264
  13.5712
  12.6218
  5.27246
 0.331938
  24.3129
  2.80292
 0.420369
  6.90383
   7.5495
  4.65127
  1.44966
  3.05024
  1.63115
  20.8675
  15.3333
  8.97873
  4.25224
  7.73997
  4.29016
  12.0711
    17.38
  7.75962
  3.69411
  4.83818
  8.38306
 0.127466
  38.4301
  25.1015
  2.73598
   25.027
  8.41143
  3.86746
  4.15634
 0.658676
  25.9268
 0.611296
  1.76487
  3.64765
  6.46409
  5.72363
  3.03326
  7.48419
  6.88423
  7.77148
  4.52923
  1.07125
    5.951
  6.89749
  10.4864
  4.79859
  2.09379
  10.6161
   18.092
 0.355387
  9.10611
   3.5845
  12.9238
  9.52185
 0.450781
  2.33509
  10.4531
  3.27659
  11.5008
 0.768215
  14.4422
  1.68372
  13.4805
  17.5829
  11.0994
  0.85191
  1.61642
  10.5038
  4.16705
   3.9459
  4.44003
  1.67408
  13.7877
  1.85279
   6.5793
  3.30499
   11.324
  8.22011
  2.53776
  24.2741
  2.06908
  1.90043
  11.6099
   6.4246
  5.29332
  4.22034
  3.11299
  5.44722
  2.57765
   7.3872
  6.56259
  10.7629
  3.17098
    7.231
 0.172196
  1.54463
 0.329649
  9.29235
 0.357285
  0.60928
  12.3377
  13.9727
  7.73913
  5.43452
  15.8007
  37.4613
  4.24445
 0.327955
  14.2101
  8.34646
  13.9663
  10.8327
  8.60913
  1.08803
  10.0981
  5.77817
  40.9928
   8.5111
  5.01323
  2.20319
  4.81803
  14.1752
   9.3224
  6.19909
  14.5322
  7.35297
  4.22067
  7.97248
  14.7248
  4.06525
  15.3791
  23.8921
  1.46488
  5.32458
  6.45206
  3.97453
  1.04826
  4.45727
  11.9378
 0.509322
  2.33295
  7.13364
  2.81299
  4.38883
  1.91139
  3.04735
  8.92065
  23.6987
  32.2175
  2.65157
 0.966562
   3.2091
  9.96013
  16.1781
  4.33767
   1.6656
  34.7505
  1.53806
  3.48686
  11.8381
  6.50523
  29.9861
  4.58724
 0.392406
  1.22423
  7.60678
  10.2824
  13.3043
  10.9821
  3.91902
  8.33675
  11.5439
  8.57246
  8.16869
  9.53937
  3.09287
   7.4663
  31.7063
  3.67362
  6.33834
  1.38417
  8.46054
  1.81676
  6.88231
  24.2905
  8.18828
  11.6989
  33.3515
  7.10096
  1.04583
  6.75001
  4.72995
  3.30763
  6.36448
0.0227126
  8.17349
  9.13499
  1.99431
  11.0944
  6.49749
  1.20245
  3.82522
  3.43084
  1.13549
  2.87815
  12.9608
  7.38955
  6.53516
  4.77611
  11.2527
  2.58436
  1.55823
  11.0618
  5.03065
  6.10236
  1.11149
  4.34007
  3.53878
  1.93252
  7.31218
  8.99976
  3.66669
  4.15257
  12.2049
  4.85726
 0.198394
  10.5541
  1.22713
  30.9863
  4.65455
 0.201176
  1.17524
  6.04992
  11.5133
  6.59165
  7.09412
  18.0437
  1.74795
   7.3153
  18.3697
  4.34286
  13.4433
  3.87069
 0.287986
  9.48573
  3.61523
  11.5288
  19.7553
  14.4965
  6.79143
  9.76435
  2.95815
  5.14801
    33.84
 0.816914
0.0331309
  4.96401
  11.8513
  1.85562
  4.44354
   2.0702
  9.24938
  17.8229
  32.0702
   24.807
  32.9952
  15.5972
  27.8577
  19.6072
  5.17878
  10.2778
   14.309
  10.1136
  4.29372
 0.800526
  13.3832
  3.05201
  4.46538
  5.92476
  16.6662
 0.755123
  9.84489
  30.1169
  18.5249
  35.6702
  16.2542
  17.8394
  8.39453
  6.27478
  6.44673
  10.2001
  6.44708
  26.0847
  22.4584
  31.0716
  18.6497
  10.4598
  6.80485
  7.14021
  1.49807
  19.6448
   31.047
  15.5894
  1.28644
  5.45273
  40.3113
   2.5375
   6.8864
  6.75519
  14.1364
  13.9988
  10.1561
  38.8025
  32.1994
  1.62766
  8.80706
  33.2777
  2.09378
  11.9874
  1.96735
  16.5092
  10.7195
  13.0292
  6.73568
  2.58447
   3.2836
  20.2121
  20.0806
  1.73644
   10.464
  21.9766
  16.1288
  2.82201
   22.594
  38.8345
 0.682912
  41.7966
   11.559
  19.8535
 0.438014
  11.2644
 0.172182
  3.39123
   5.3985
  15.2894
  18.6221
  14.3546
  11.8205
  5.84588
  4.36889
 0.380552
  10.8649
  31.3235
  13.9157
  24.2331
  42.1829
 0.908682
  5.86872
  15.8083
    15.67
  35.7341
  21.6187
   5.6367
  2.01985
  3.16093
  1.25939
  15.7274
    6.112
  4.10285
  2.94717
  6.57204
   13.831
  15.5555
  4.19917
  13.2296
  32.8324
  7.73224
   18.447
  10.1625
  7.83956
  1.49159
   23.124
 0.220608
  8.16788
  12.3346
  4.84362
  4.77046
  6.74823
  8.40275
  31.7624
  28.6142
  37.3111
  10.2322
  11.0147
  19.7369
  3.34918
  11.9974
  8.64262
  10.1346
  7.94963
  47.1982
   21.961
   2.5055
  12.9342
  14.0395
  4.86211
  5.50187
  13.3142
  9.34199
  3.36353
  27.2177
  11.6514
  4.79792
 0.354673
  11.7561
  2.07747
  12.5357
  17.7597
  4.55176
0.0479226
  20.7805
  36.6443
  23.0857
  2.79793
  21.1321
  11.6402
  6.45997
 0.550496
  19.8414
  13.5323
  19.4155
  8.97732
  3.94582
  20.5509
  3.06008
  14.1019
  12.3516
  6.96139
    8.757
  19.9706
  12.3752
  9.30885
  22.4023
  1.58507
  5.94001
  6.69336
  6.13363
  8.98508
  4.02234
  41.2649
  32.5626
  4.88629
  7.33713
   15.727
  5.50239
  7.89132
  23.3515
  18.8083
  4.59233
  7.66065
  3.92994
  14.1856
  3.51082
 0.978992
  11.5661
  5.60114
  9.39231
   3.1177
  8.19818
  41.8654
  3.51061
  22.6635
  8.94839
  13.0027
   54.206
  56.7823
  11.5081
  6.47448
  3.61999
  5.54144
  24.6701
  6.00594
  6.28984
  2.00846
  25.0632
  5.63376
  4.77719
   1.2715
   17.526
  16.1678
  40.2697
  15.6552
  9.60853
  3.56489
  41.2429
   12.092
  4.10374
  7.75551
   2.2528
   4.7506
  5.66266
  4.32755
  15.7965
  40.9157
  9.20936
  21.3453
  27.9101
  13.5789
   1.3043
  8.22904
 0.409212
   7.7319
 0.970585
  24.2812
  66.4847
  49.3106
    49.31
  1.48079
  12.0997
  4.02876
  2.44404
  12.9968
  3.23596
  23.4305
   0.1546
  34.7096
  1.91053
  30.7078
  4.20498
  10.9175
  8.16421
   6.5372
  9.42475
  2.59554
    25.36
  11.1965
  16.3557
  41.6717
  7.80131
  31.0916
  11.5774
  31.6708
   18.966
  29.8726
  25.9684
  54.1224
  10.4762
  12.0051
  3.59459
  8.48431
  5.68466
  12.1206
  64.4861
   1.5652
  15.5558
  34.0203
  29.3223
  46.4392
  29.1309
  36.5366
  46.5052
  13.2519
   8.9614
   44.285
  23.2949
  47.1697
  2.94743
  11.0493
  13.7952
  29.6794
  14.0542
   12.181
   7.2084
  15.8688
  18.0591
  41.4372
   2.1412
  14.3871
  49.2146
  14.8593
  22.1939
  53.9116
  42.1477
  22.2062
  27.4247
  2.41125
  46.4404
  14.4842
  10.5337
  4.52433
  51.1582
  16.9362
  61.7894
  3.55505
  33.9628
  7.77642
  38.7528
  12.6767
  46.8486
  37.8728
  47.1693
  34.2483
  6.45549
  45.3175
  16.4604
  29.3842
  33.1671
  7.38094
  44.3853
  9.26192
  9.39934
  16.5054
  43.3318
  10.6052
  40.6534
  29.1261
  16.5791
  36.3459
  42.8552
  40.2793
  40.2783
  10.7675
  11.7384
  20.8775
  14.4332
   14.627
  30.0718
  34.6075
  15.6964
  21.9318
  46.4119
  56.4681
  29.4618
  3.80368
  23.3801
   60.763
  5.76925
  3.98491
  31.0867
  5.45857
  30.1228
  35.9596
  68.2845
  49.1384
  20.7468
   41.643
  44.8137
  32.1945
 0.648599
  5.88184
  2.30011
  10.0616
  8.46912
  51.6217
  29.8543
  32.3174
  3.37859
  20.0658
  2.33681
  27.0263
  31.1459
  46.5286
  26.8899
  53.1203
  6.95896
   58.042
  63.5391
  14.1186
  25.1865
  24.0609
  23.8441
  7.49897
  52.5805
   18.877
  21.0853
  55.9823
  53.6651
  5.41532
  62.0074
  26.2807
  24.1532
  30.5076
  19.9445
  48.9281
  48.4915
  27.9789
  18.0227
  54.6183
 0.855059
  61.9254
  44.1432
  61.0155
  9.20998
  5.32696
  60.3973
  53.8965
  12.6058
  19.2911
  54.6556
  22.4649
  9.33286
  11.6073
 0.266426
  19.4378
  6.65974
  5.18003
  60.7346
  35.4521
  50.2087
  62.2498
  26.5969
  32.7837
  54.9342
   3.1092
   24.095
  14.9595
  1.49743
 0.878962
  8.95778
  13.0597
  37.1805
  21.8746
  66.2518
  26.1966
  35.4438
  51.1549
  59.6141
  53.8964
  25.2889
  21.7925
  50.8382
   38.483
  27.0913
   24.073
   23.591
  54.1864
  41.0696
  36.0419
   36.137
  22.2925
  1.63322
  9.09543
  9.71623
  53.9485
   58.042
  11.8484
  5.68409
  10.2175
  66.3224
  66.3106
  7.22999
  9.53412
  18.9479
  34.2652
  7.93844
   6.8417
  38.6156
  63.7265
  64.3094
  32.5283
  64.2512
  63.7082
  68.6839
  66.3046
  7.85851
  8.83029
  3.00541
  7.61727
  61.9405
  20.2881
  64.8929
  58.0379
  36.8858
  10.9389