  17.5876
  16.6241
  7.44243
 0.129671
  9.88553
  2.22283
  13.4276
  28.3768
 0.912844
 0.243396
   25.271
  14.8561
  5.35768
  13.7805
  24.1008
  26.8805
  22.0341
  29.8932
  30.8999
  36.7195
  50.2783
  13.8403
  18.9213
  23.0234
  10.4771
   1.9938
  19.2195
  26.4468
  5.47531
  12.1745
  11.7115
  1.28962
  2.87543
   3.6124
  4.11046
  2.46319
  32.5319
  4.82905
  8.60139
  3.89717
  3.72649
  5.46995
  2.88371
  3.87182
  2.49555
  11.3631
  6.28708
    4.594
  11.1925
   4.9337
  6.44587
 0.180971
   2.3041
  1.50039
 0.469208
  11.8889
  21.7516
   33.316
   37.123
  9.46442
  21.8152
  13.6036
  5.30183
  18.0088
  3.17364
  23.7468
  28.7612
  6.31677
  0.44905
  6.14892
  3.02328
  4.64472
  5.94437
  4.98764
   9.9057
  1.41454
  1.45105
  1.64949
  13.6315
  15.6067
   17.195
   24.714
   23.078
  4.65336
  52.6389
  9.68813
  30.4324
 0.581621
  17.2536
  31.4668
  23.0767
  12.8517
  27.5988
  3.00762
  6.40069
  1.23701
  6.65694
   4.2809
  2.17395
0.0390065
  5.69492
  2.12745
  11.3958
  3.48578
  2.24947
  4.66419
   6.3614
  6.35305
  6.88681
  11.1556
  24.5923
  2.35176
  1.86376
  6.71629
  1.79622
  2.96605
  2.42503
 0.780399
  19.3864
  8.64881
  11.7326
  54.8502
  16.7945
  19.2677
  1.80338
  28.6488
  17.7967
  15.8918
  14.4077
  1.77127
  26.2585
  2.33945
  20.3229
  9.25905
  9.65187
  3.42653
  17.9571
0.0456706
  1.19295
  2.19523
  11.2657
 0.484767
  8.85237
  14.4437
  6.76828
  28.2635
  25.7847
  3.27814
0.0268854
  6.55886
  13.2713
  1.90039
 0.533693
  2.35289
  11.9893
  13.6794
  15.3836
  11.4808
  11.3906
  3.24475
 0.780487
  1.53082
  8.13202
  17.2508
     17.8
  9.94063
  17.9602
  4.52263
  20.3269
  15.8192
   27.227
  9.66089
  17.7607
  4.76805
   4.2211
  29.4926
   4.6583
  11.7046
  8.70215
  6.91092
  4.02693
  30.1719
  28.1017
  4.44952
  3.68959
  1.60072
  7.07788
  27.3207
  10.7639
  3.92744
  2.43762
  3.41371
  0.44269
  13.3459
  8.83405
  40.1965
  22.0419
  11.1638
  5.50212
  2.52589
  15.6866
  10.5485
  22.9718
  13.0379
 0.246887
  6.93578
  31.6276
  22.7857
 0.215487
  13.2779
 0.154935
  18.8993
  3.50769
  6.00365
  2.53001
   4.5412
  28.0194
  6.71435
  4.72482
 0.388971
  5.16292
  30.4245
  0.71179
  4.98986
  6.07109
  13.8616
  1.61951
  6.89557
  2.73564
 0.874086
   12.191
  8.31648
 0.381602
  7.22954
  4.95672
   6.6737
  18.8037
  4.26371
  6.57909
  2.09107
 0.730192
  2.00266
  8.04808
  3.14124
  7.73015
   5.6394
  26.1134
  26.4837
  14.0806
  34.9577
  23.3116
     4.91
  5.32356
  25.8279
  7.07765
    6.458
  16.8851
  16.6908
  5.77426
  13.0383
  8.85278
  36.2792
  8.40897
  1.21741
  9.37569
  22.0735
 0.659555
 0.236645
  5.97347
  15.9929
   3.6348
  6.13519
  19.6777
  24.8363
 0.225828
  26.8035
  2.22001
  4.58167
  23.6119
  1.16157
  1.68275
  1.02126
  8.32392
  6.77957
  1.44709
   8.0772
 0.682434
  3.86603
  12.5055
  2.60315
  8.25398
  2.52091
  5.44631
  12.2061
   6.7407
  2.84373
  13.4836
  19.0248
  19.4904
  12.9715
  12.4811
  2.86423
   29.305
    13.88
  1.76419
   25.462
  5.45601
  21.0584
  1.48267
  22.6633
   6.4841
  6.95431
   13.226
  9.64772
  29.2109
  4.21549
  3.71118
  32.2873
  20.2146
  1.45724
 0.839244
  11.5274
  9.38953
  6.23722
  4.92539
  22.6423
  2.50931
 0.361524
  16.3432
  12.1603
  11.6146
  2.21603
   8.6528
  13.2931
  32.1218
0.0283884
  7.38084
  13.8861
  4.13193
  4.74908
  3.31664
  7.41392
  17.9891
  28.6407
  9.89347
  2.80181
  11.1842
  26.9611
  2.09922
   35.686
  12.7657
  3.19717
  18.7983
  8.60103
  15.2004
 0.325602
  5.06284
  3.54834
  4.85998
  12.9764
  6.80745
  19.2099
  25.7681
  30.4331
  34.0518
  6.49716
  23.4291
  23.0207
  6.05802
  1.80981
  0.92759
  19.9391
  13.4692
  15.0195
  10.1482
  14.0438
  5.81672
    27.25
  27.2446
   13.494
  20.9494
  24.4393
  26.8625
  22.0013
  31.6448
  29.5345
  31.4531
  18.4707
  29.1772
  22.8432
  44.9976
  33.7728
  14.7843
  5.61444
  5.87179
  21.3413
  27.0379
  29.8327
  8.28582
  32.0745
  1.68549
  22.2664
  23.0177
  30.2871
  22.7319
 0.115397
  22.6625
  7.71345
  4.07087
  18.7919
  15.0589
  29.0231
  3.88491
  24.1464
  3.69023
  19.9501
  19.5552
  28.3559
  5.25103
  5.39564
  2.82773
  9.39805
  40.4805
  5.51815
  30.6215
  2.88236
 0.317096
  27.9457
  20.4971
  14.6691
 0.796992
  1.63688
  21.5893
  14.7735
  43.9907
  22.8381
  4.95016
  1.72009
  9.20475
  9.45333
  39.3946
  4.96984
  6.65231
  3.20889
  18.0071
  32.0298
  17.6571
  6.04688
  5.63467
  7.17239
 0.981553
  11.8555
 0.317434
  14.3923
  2.70903
  6.20464
  14.5446
  43.0686
  21.1854
  7.47386
  9.19096
   11.373
  42.7067
  20.0004
  1.83794
  22.2439
   6.8136
   23.517
  13.2559
  4.98171
   9.1652
  17.1616
  6.93899
  4.59357
  8.63218
  31.8946
  2.82761
  6.31185
    10.22
  17.5011
  1.24853
  7.26811
  17.1877
  8.18378
  9.60927
  5.32033
  8.58785
  2.76901
  21.5222
  4.55249
  21.2542
  4.35939
  21.9103
  8.54336
   19.809
  4.06866
  23.9261
  4.55877
  3.58472
  7.46683
  8.87455
  5.63736
  2.07528
  7.72845
  12.5127
  17.0641
  14.7059
  20.4141
  24.5212
  5.30346
  15.8675
  16.5801
  27.5878
  1.16933
  1.96169
  11.1018
 0.164737
  2.69478
  16.2404
  30.3391
  25.8038
  13.4577
  13.8303
  18.6708
  24.9468
  22.6558
  15.4751
  8.39397
  6.85958
  21.8114
  17.9469
  8.50705
  42.1986
  19.8678
 0.907936
  3.52672
  7.50517
  4.38163
  14.2187
  16.6302
  2.43158
  39.3446
  25.6805
  1.32149
  24.7198
  32.7784
  34.2472
  42.6153
  22.7375
  24.3762
  29.6632
  27.6407
  32.4883
  17.2234
  28.7193
  19.8037
  4.94908
  13.1175
   5.0134
 0.799469
  21.0294
  28.1461
 0.595333
  17.3086
  4.50058
  9.36824
  2.62884
  6.89669
   23.762
  11.0332
   2.0857
  11.4402
  25.5149
  12.5188
  23.0491
  44.8748
  10.9625
  2.76953
  12.5145
  1.88101
  4.57981
  11.1246
   6.7652
  14.0978
  1.24628
  6.20951
  3.65053
  36.2778
  17.5378
  49.2891
  1.13589
  3.88295
  29.8375
  43.0904
  23.4615
  9.16855
  3.40357
  36.2521
  17.2389
  8.70285
  8.03311
  25.2035
   33.376
  16.9195
  38.6629
  6.84285
  6.07322
  32.3705
  12.0569
  8.18634
  1.65859
  22.2646
   23.551
   33.736
  29.7132
  36.2289
  11.2321
  6.78527
  4.99272
  1.93633
  1.41123
  25.5894
  1.51487
  6.58871
  23.5435
  12.5059
  42.5682
  19.2372
  37.8128
  18.8766
   35.335
   26.908
  15.3657
  8.42083
  15.7689
  5.30513
  3.94433
  16.8115
  18.2677
  1.13922
  11.9886
  6.34969
  29.1485
  5.19323
  2.91235
  25.1425
   15.145
  36.8748
  20.4374
  5.81035
  14.6492
  30.7021
  16.0503
  33.0782
  5.88953
  13.0184
  11.7738
  5.13889
  21.4239
  2.82521
  28.9585
  6.50274
   1.4792
  23.1772
   15.404
  3.79759
  2.20727
  17.0129
  29.5601
   25.169
  5.80372
  20.1813
  10.0676
  12.4099
  1.12699
  6.23154
  4.76595
  26.8548
  5.01413
  10.9241
 0.451562
  21.3664
  19.5914
    16.89
  2.38426
  10.3421
  7.08674
  29.9089
  0.38256
  23.3797
  17.8026
  23.7176
  53.4171
  23.6602
 0.244103
   15.904
  19.0006
  5.00448
 0.757675
  5.54782
   11.183
  9.48332
  32.8262
  3.98239
 0.559434
 0.638261
   8.1623
  3.95447
 0.261088
  6.78507
  1.41158
  5.52132
  1.85978
  12.8938
  6.47801
  10.6056
  8.03037
  2.24207
  9.98063
   5.4182
  7.02463
  17.1969
  4.01996
  11.7234
  3.46454
  3.66896
  1.38534
  3.17816
  10.8456
  18.7142
  6.74795
  8.38997
  10.6872
 0.590618
  8.47186
  22.0789
  11.2556
  8.55068
  11.5337
 0.744487
   2.8164
  28.5935
  24.3875
  3.03916
  4.68688
  19.2595
  5.47386
  19.9209
  3.26822
  7.14376
  8.57396
  2.74284
  6.89675
  1.42501
  1.76619
  10.0575
  28.3372
  5.63064
  4.34489
 0.884777
  1.98165
  1.49804
 0.664976
  5.05711
   17.003
  4.94677
  4.72223
  4.60197
  2.85038
  20.4225
   4.4463
  12.0984
   1.1354
  26.5692
  7.33006
  4.24174
 0.465888
  10.5016
  25.9281
  18.8883
  53.2723
  10.1965
  25.1361
  23.7074
  1.01293
  3.34819
  20.5301
  7.65678
  3.43028
  8.80029
  7.18828
   15.151
  11.8669
  10.9716
  53.6083
  5.19584
  31.3996
  29.7456
  20.5462
  19.6361
  20.5477
  17.8326
  3.92688
  23.1465
   31.403
  8.45836
 0.259918
  3.95926
  9.25386
  22.2118
   4.2234
  19.4461
  8.44898
  14.5124
  4.47835
  23.1554
  1.20764
  17.2256
 0.691265
  2.52462
  2.56529
   1.0353
  12.5727
  29.1425
  13.0868
   20.841
  21.2993
  20.7767
  6.84481
 0.771343
  4.18392
  2.28531
 0.384677
  23.5399
  12.1436
  5.43466
  18.1289
  32.1561
  44.3674
  45.2981
  43.1088
   48.666
   7.4179
  0.97172
  26.3439
  16.9583
  23.9461
  24.3095
  47.4388
  41.7233
  3.56847
  27.1825
  16.8552
  9.23457
  27.0542
  15.9162
  35.7226
  5.30686
  24.7877
  20.7688
  6.77463
  44.4474
0.0413943
  1.44037
  33.0774
  0.96992
   13.287
   13.535
   42.496
  20.1904
  53.0548
  8.82001
  13.8496
   2.2208
  42.5475
  55.6876
  51.2204
   2.0131
  47.9134
  9.90024
   4.7467
  23.4194
  17.4011
  18.0728
   43.508
  7.68215
   27.819
  27.8111
  20.6741
  45.1477
  27.8157
  27.9138
   48.504
  46.0461
  54.6257
  55.1704
  3.20698
  19.3918