  9.20682
  12.6437
  13.2172
  8.39098
  3.21837
  12.0714
  14.4882
  14.2878
  12.3237
  5.12201
  2.15196
  14.0778
  14.0933
   12.219
  12.5719
  14.4669
  43.6689
  31.6499
   109.42
  82.3483
  86.8311
  87.2843
  96.0985
   62.312
  61.7474
  52.0356
  93.7414
  11.0467
  5.56009
  5.00445
  15.0909
  13.1495
 0.651255
  3.95901
  2.21717
  10.6952
  8.41457
  1.56841
  14.6159
  18.4665
  1.13998
  17.8691
  9.87425
  1.89961
   21.664
  20.1612
  27.6983
  27.7726
  8.57716
  4.33534
 0.856795
   3.3546
  20.2139
  4.26585
  1.15047
  6.54751
  1.26061
  70.3828
  77.4034
  29.1706
  25.1552
  64.7779
  65.3511
  109.471
  92.1354
  32.7709
  41.9796
  63.6146
  54.4471
  6.73008
   5.7068
   22.349
  15.4121
  46.3142
  61.8553
  13.8516
  3.43925
  3.45176
  5.96761
  21.4443
   14.539
  93.6826
  104.435
  25.8013
  92.4912
  51.2941
  78.0406
  15.0709
   2.9749
  12.3517
  1.12953
0.0636178
  3.96614
  3.54674
  17.8927
   8.9846
  10.3345
  16.9906
  32.7762
  13.6858
  4.56686
  2.64078
 0.835986
  4.85424
 0.182893
  19.0792
  35.4137
   21.597
  18.1635
  10.8438
   5.3996
  7.91537
   6.2664
  1.84074
  1.65142
  14.4603
  12.4229
  12.7739
  10.8486
  55.8173
  38.7843
    28.34
  40.7664
   7.4452
  65.7193
  101.241
   105.98
  83.2436
  79.6815
  74.7022
  106.798
  34.4535
  35.8499
 0.649834
  6.10013
  10.2869
 0.467843
  4.55613
  1.13521
  15.6178
  47.0243
  19.2435
  13.9446
  14.1308
   3.0634
  20.2479
  17.3418
  4.52759
  16.5839
  3.09398
  6.38281
  12.7468
  16.6119
  2.36129
  12.1256
  63.3528
  46.2391
  32.7684
   42.058
   50.391
  108.799
  87.0744
  92.4267
  64.6888
  54.6652
  5.58944
  0.19557
  12.9166
  53.9109
  57.9636
  8.69832
  36.5431
  32.1663
  7.39865
  4.92358
  3.93394
  7.45505
   5.7237
  27.6278
  24.6602
  29.6237
  16.0185
  2.69633
  12.0071
   4.2554
  16.6022
  7.26558
  45.9555
  80.5312
  112.741
   110.97
  83.6306
  80.5632
  59.0827
  22.7849
   10.727
  68.4861
  76.2783
   95.433
  77.0445
  75.5499
  14.9541
  14.1095
  3.49126
  57.3213
  55.5059
  49.7882
  75.9075
  33.5816
  44.9208
  18.3514
  13.6813
  0.60136
  24.7823
  10.4597
  2.32954
  83.3387
   63.726
  76.2346
   66.304
  75.2374
  68.3521
  2.35644
   13.937
  16.9586
  75.7659
  81.6371
  56.5645
  63.3205
  65.9687
  14.3777
  16.7637
  36.1852
  20.1901
  11.2606
  21.0331
  16.2772
  50.4511
  17.3829
   2.2585
  26.4845
  72.3011
   70.373
  23.6527
  21.4154
  44.2615
  47.9972
  65.3369
    81.87
  54.6725
  54.4097
  76.0325
  55.7413
  77.1422
  82.5336
    36.32
   35.448
  15.6446
 0.894546
  45.8761
  35.4331
  19.7716
  36.4956
  35.1391
  5.04326
0.0926259
  46.8379
  15.0549
  59.7217
  15.2451
  30.1378
  61.2913
  5.95886
  47.5263
  2.67968
  46.4162
  29.3354
  73.1645
  59.8421
  73.8053
   6.4729
  61.4965
  38.2407
  51.8301
  41.4204
  19.6101
  11.6724
  8.86694
 0.899984
  11.8335
  4.16765
  2.13363
  33.5905
  63.6549
  67.8668
  10.9574
  11.9891
   74.674
  72.4164
  73.0132
  78.9714
  72.7629
  81.4229
  64.4035
  64.3627
  66.3182
  73.3924
  71.3735
  47.6946
  86.1939
  56.6344
  56.1456
  43.0188
   27.621
  38.3266
  34.2278
  77.2547
  2.30427
  4.12411
    75.84
  83.5668
  5.57724
   4.8766
  71.8664
  40.2095
  77.4799
  74.6005
  64.0167
  11.0776
   4.9085
  25.0995
  25.2633
  13.8942
  23.7228
  43.1677
  30.7193
  22.2556
  14.0757
  11.6927
  2.62797
  52.5829
  62.7756
  72.5006
  7.25964
  75.2999
   69.357
   79.829
  53.1168
  10.1558
  36.2971
  15.5476
  11.2087
  33.8389
  56.1264
  64.7718
  42.5988
  28.4826
   12.363
   46.065
  55.3859
  55.5718
  79.8257
  30.2938
  52.7962
  7.76241
  7.69436
  59.3803
  62.2722
  82.1271
  78.0514
  9.06308
 0.670997
  76.6533
  61.2805
  12.1538
   42.877
  38.2738
  41.8976
  10.9273
  25.1395
  7.94332
  58.0311
  20.4143
  53.2783
  109.305
  64.0731
  52.7118
  3.94754
  79.1457
  28.7032
  45.7729
  65.1467
   72.172
  40.9841
   69.058
  72.2916
 0.896301
  72.0151
   75.562
  2.64391
  5.08523
  11.4942
  2.60634
  68.5009
   68.382
  85.2774
  55.6191
  58.8364
  61.9786
  60.9622
  75.2546
  70.2163
  100.975
  17.5817
  32.4445
  27.8968
  3.53577
  23.1973
  1.63122
  25.2189
  16.9822
  7.89601
  63.2012
  86.9205
  72.7366
  58.7384
  54.0662
  64.2961
  66.2856
  5.77414
  66.3413
  3.36543
  3.24331
   1.6557
  2.76297
  71.7045
  67.6664
  8.88901
  23.8153
  42.5554
  2.50415
  54.0714
  12.4856
 0.936334
  71.7218
  38.0549
  71.9868
  69.1591
  5.32209
  2.92742
  18.9221
   1.7266
  8.12288
  76.0668
  67.5005
  24.3246
  44.0995
  21.3752
  36.3284
  2.64416
  34.2683
  21.8163
  33.6573
  21.9127
  19.2167
  35.0709
  43.5645
  13.0909
  4.92181
  5.20613
  31.1789
  51.0461
  45.6901
  5.96183
  18.8394
  59.5957
  8.71138
  64.6486
  35.9449
  78.7367
  63.2098
  76.1581
  27.7591
  66.5353
  67.1601
  2.81884
  38.5714
  41.0806
  62.7546
  42.8498
  22.3333
  36.7551
  3.53967
  57.7272
  59.4295
  75.7899
  42.7176
   31.442
  15.8374
 0.302976
  69.0401
  64.8779
  49.5539
  62.3138
   5.1926
  42.9581
  25.1172
  45.3636
  48.3085
  78.5713
  95.5853
  61.6193
  78.2456
  18.2797
  65.4145
  54.9381
  75.2668
  15.6653
  37.7645
  48.5039
  13.8565
  27.4515
  40.0405
  67.0647
  76.1136
  64.8735
  30.2177
  39.3348
  18.8719
  32.5692
  32.1054
  38.7863
  29.9034
  54.7949
   50.608
  48.9793
  43.7435
  54.8666
   44.136
  38.7755
  49.5104
  46.1397
  22.5611
  42.6965
  5.23319
   6.7143
  62.1235
  36.5433
  54.9852
  65.4821
  63.2237
  9.98932
   23.525
  38.8321
  67.1708
  54.6238
  21.9948
  62.7405
  7.82035
  14.6325
  55.0053
  58.2367
  57.2738
  42.7581
  46.3675
  8.76575
  81.1361
  7.98296
  2.19202
  1.92625
  41.3828
  35.1147
  27.7051
  38.6656
  1.74983
  49.8382
  41.3051
  13.4399
  73.4172
  51.5978
  15.0409
  4.02694
  10.1593
  10.7335
  42.2756
  44.0211
  39.4767
  85.8593
  12.3735
  15.9158
  13.1348
   32.661
  1.96269
  25.4905
  33.4081
  98.6127
  30.4028
  40.0138
  40.9476
  42.8331
   49.632
  23.5137
  49.1476
  42.4044
  38.7466
  8.44515
  42.5209
  42.8805
  13.8652
  46.0442
  45.4453
  47.5362
  38.7451
  20.9525
   45.367
  70.2399
  9.47329
  3.43904
  27.3439
  17.7114
  53.5294
  56.4874
  53.5023
  46.4503
  36.1058
  47.5513
  71.9323
   11.183
  1.09216
  40.7196
  15.4593
   54.315
  42.3842
  50.2013
  10.2879
  12.9601
  6.69428
  3.87935
  35.6197
   13.203
  25.5261
 0.356751
  4.54434
  43.0486
  38.0833
  35.2759
  27.6075
  48.1719
  33.3304
  18.1187
  59.4603
   45.842
  51.5783
  50.8103
  61.4629
  46.9705
  74.9158
  29.4656
  71.5677
  62.3858
   53.981
  58.1187
  15.4293
  39.2127
  2.00886
  56.6939
  54.4716
  53.4767
  62.3332
  58.0879
  67.9081
  18.5886
  52.4098
  43.3527
   53.981
  57.8871
  47.3341
  34.5542