  27.7949
  9.73766
  11.2849
  98.8663
    40.27
  28.6524
  46.1202
  27.8387
  28.6879
  24.4181
  29.5251
  105.723
   105.59
  22.3437
  23.3144
  34.5835
  24.1996
  14.2862
  32.4112
  25.6608
  21.0642
  38.0456
  44.1798
  43.4869
 0.264054
  50.1072
  38.6576
   27.836
  25.1168
  15.5077
  23.4408
  26.1776
  23.9039
  99.2776
   16.203
  26.5337
  21.4854
  23.6029
  99.5668
  24.3481
  44.8156
   39.862
  42.9634
  24.9446
  12.5696
  22.7509
  43.2556
  44.8392
  13.0175
  34.2646
    14.25
  46.3065
  98.6983
   27.609
   29.582
  21.2652
  26.6478
  99.9773
  34.7936
  30.1389
   21.467
  20.6437
  9.09894
   106.86
  98.9562
  19.5665
  19.2082
  18.8975
  41.0481
   47.596
  6.45878
  20.4447
  18.3136
  10.8372
  25.0648
  26.5266
   21.995
  106.048
  4.28813
  6.72539
  13.8299
  15.7516
   22.073
  49.3506
  14.7602
  98.8646
  27.3766
  35.5005
  25.0525
   106.42
  91.5036
  4.36704
  104.165
  16.0819
  4.46419
  34.4853
   37.736
  27.3369
  21.8778
  50.1092
  55.6346
  34.9032
  24.9718
  24.7053
  35.1722
  35.5851
  28.6903
  32.3713
  30.0998
  21.6704
  36.6485
  30.9537
  38.6541
  21.2975
  31.5772
  31.5211
  28.0273
   36.658
  31.6081
  38.7554
  32.3291
  22.2696
  32.6989
  41.1027
  45.5439
  22.6032
  32.0364
  28.0705
  42.2157
   32.569
  30.2887
  47.8422
  35.3396
  38.6999
  23.7772
  23.9233
  36.9916
  37.7475
  22.0875
  21.2955
  37.5112
  22.4849
  38.0958
  24.0645
  15.2081
  30.5074
  34.7966
  39.6572
  16.7164
    16.87
  21.5285
  35.3321
  31.2103
  28.4669
  37.9886
  39.3358
  34.9165
  32.5671
  13.6183
  14.8092
  37.9547
  29.4529
  32.5742
  35.1176
  31.7021
  18.1114
  37.1981
  33.3926
  33.8154
  35.3898
  27.9639
  30.9161
  30.3088
  23.4701
  22.0401
  25.6442
  31.9164
  31.9094
  30.5158
  38.4187
  36.0929
  32.4783
  34.2077
  32.9475
  33.4153
  34.2041
  28.8583
  33.3824
  28.7571
  35.9665
  35.0619
  30.5879
  15.9682
  35.6815
  20.8927
  25.8079
  7.34069
  30.9007
  49.8817
  15.7652
   28.697
  24.3396
   17.038
  22.0506
  16.4407
  22.4769
  15.9084
  34.2506
  44.3719
  23.4787
   28.369
  16.1579
  27.9644
  23.1032
  18.8088
  17.8866
  18.2107
  27.1614
  15.9045
  20.8292
  23.2858
  13.7325
  42.6152
  36.2845
  17.5921
  32.0135
  37.6493
  95.4909
  95.3606
  35.1369
  33.7272
  34.7324
  31.2779
   31.724
  37.1194
  24.7129
   16.019
  14.4576
  34.2187
  32.1107
  8.94193
  7.92422
  4.16587
  4.01414
  3.96561
   4.3543
  4.32278
  4.25405
  5.92664
  7.03349
  5.27004
  1.47084
  1.95339
   2.9746
  2.42051
  1.34684
  3.02418
  3.35226
  4.29568
  5.63562
  10.1059
  4.11462
  2.83572
 0.556254
  2.07887
  32.0569
  4.27431
  3.94997
  11.4196
  11.8773
  5.22482
 0.670534
  4.37832
  10.1561
  2.98584
   3.0395
  6.11076
  3.44317
  2.91122
  3.07582
  1.94157
  1.39177
  3.03902
  3.28519
  4.79751
  1.13685
   3.5438
  1.24988
  4.20046
  7.53816
  20.1613
    3.793
  9.54553
  21.6758
  6.57833
  8.64679
  9.28553
 0.894632
  3.91951
  1.79788
  2.39812
  1.37299
  1.68816
  22.4143
  3.29754
  4.35932
  6.01352
  10.2943
  9.81123
  105.748
  5.87707
  15.0118
  7.77166
  8.53186
  2.88039
  3.18396
  3.02041
  3.44934
  3.35794
  4.24129
  5.51686
  1.26308
  8.42654
  1.73517
  1.36616
   6.9414
 0.109417
  3.19063
 0.886038
 0.816237
 0.769855
  1.12984
  3.85926
  106.955
  3.95714
  8.17592
  4.12795
  2.87741
  17.8286
  27.5561
  27.8429
  3.81387
  2.46149
 0.722233
  5.72831
  7.32729
  3.73676
  5.63589
  1.84314
  6.64196
  1.81979
  8.37457
  3.43152
 0.211542
  1.03715
  3.63714
  3.44893
  5.84472
  4.88508
  1.48837
  19.7248
  8.62649
  105.903
   7.4552
  15.7347
   8.9095
  9.56812
 0.373988
  4.12826
  8.73553
  2.98786
    3.111
   5.2562
  4.68621
  4.71361
 0.169464
  8.42654
   12.525
  103.193
  7.83268
  19.4526
  24.6779
  3.10317
  1.56762
  3.24047
  3.83853
  2.28778
 0.974101
  4.39731
  1.47829
  3.57382
  1.74254
  1.51088
  5.69492
  8.81601
  2.67332
  3.36648
0.0917585
  5.35028
  3.42762
  4.26915
  1.67184
  1.62419
  4.30313
 0.300611
  5.44713
 0.201858
 0.483643
  3.99095
  1.64004
  2.02835
  13.6969
   2.9912
  1.00236
  5.62525
  2.12879
 0.783653
  9.97504
  9.64447
  1.08997
  1.68765
  17.6619
  9.31744
  4.74728
  3.39522
  3.15549
  7.76328
  6.95786
0.0626215
  4.38535
  3.18845
  4.41732
  20.2896
  23.3035
 0.620052
  5.52821
  2.49066
  3.75549
  1.09665
  4.64923
  4.70244
  1.80271
  6.79433
  6.64213
  3.24056
  2.52573
  16.7149
  6.57689
  9.50026
  1.90429
  4.45699
  3.13389
  3.42736
  1.89484
  7.35496
  3.01203
  15.5743
  13.2759
  7.32934
  5.47226
  5.08579
   4.0922
  5.38897
  7.16847
 0.285858
  9.38405
  9.33198
  0.70374
  1.46872
  1.58852
  7.97559
  4.52099
  1.31623
  1.64523
  3.66507
  8.90018
  5.75818
  8.58469
  5.00225
  7.74401
  9.60935
  104.339
  1.08419
  3.62602
  5.03997
 0.723006
  2.05203
   5.3421
  4.25893
  6.27264
   9.5204
  2.37457
  5.48918
 0.532688
  7.01192
 0.455979
  2.68966
  6.60961
  6.54805
 0.791255
  1.43102
  2.87738
0.0853614
   3.7287
  5.80398
   3.3573
  2.15145
  2.23906
  1.33687
  1.85337
  1.88261
 0.850029
  1.47154
 0.179126
  34.6589
   5.0776
  9.89888
  3.19926
  1.29261
  4.79719
 0.785795
 0.765684
 0.939836
  9.75914
    12.47
  10.6273
  13.3119
  6.80662
  104.226
  5.16538
  2.51275
  2.56075
  2.09066
  4.57838
  6.33333
  6.09417
   4.8068
  4.93374
 0.818203
  7.03349
  4.08419
  1.63779
  6.66878
  5.68015
   2.2881
  4.52849
  3.34671
  2.59405
  1.70553
 0.741028
  28.8371
  1.22649
 0.421523
  1.64741
  7.54667
  3.95645
   27.462
  5.07492
  5.53969
  3.58535
  8.07543
  2.85964
  4.21797
  3.17431
  3.53494
  5.45817
 0.619326
  3.18912
  11.0678
  11.3913
  5.96303
 0.922414
  2.74222
 0.466899
  4.84988
  5.72009
  8.09672
  1.28599
  1.12976
  6.32572
  3.97205
   2.1531
 0.340567
 0.247628
  7.01236
  3.91236
  8.05289
   1.3941
  2.39088
 0.460509
  5.50877
  1.52251
 0.863356
  3.05096
  2.08803
   3.6134
 0.356065
 0.619048
  3.26449
  1.54812
  12.7301
  2.44042
  4.85295
  7.01066
  1.59591
   2.8526
  4.40437
  4.28086
   3.5849
  4.20088
  1.18939
  2.99364
 0.805329
  1.03914
  2.97967
 0.372688
  1.40198
  6.03579
   35.712
 0.671178
  6.22817
  5.40602
  3.17124
  3.81953
  1.57133
 0.922598
  2.33717
  9.30947
  4.90977
 0.708031
  1.68551
  0.26764
   7.7442
  1.50187
 0.997211
  5.58872
  2.08999
 0.692218
  3.23264
  3.95833
 0.124597
  6.30264
  0.12698
  2.08912
  1.16263
  15.7287
  18.4269
  2.54007
  10.9465
0.0619464
  2.56704
    9.402
  3.24568
  1.76237
   3.9159
  1.36363
  0.41826
   3.8101
  1.01723
 0.178492
   5.2403
  3.37579
  1.24412
  9.42202
  3.40567
  2.45292
0.0304341
  5.95283
  2.22354
  1.47624
  1.90779
  14.8642
 0.326151
  1.91162
0.0121223
  5.17263
 0.553669
  13.5975
   2.2526
  10.6768
   35.141
  14.3333
0.0162482
  2.23644
0.0605608
 0.135884
  6.60354
  1.41048
  1.14439
  0.64809
  1.86029
  3.36028
  2.20542
 0.336669
  2.47275
 0.808701
   1.5554
  18.6233
  2.61629
   6.3684
  13.0353
  9.51308
  13.5165
  8.47128
  4.38329
  10.0308
  0.37352
  4.37205
  1.99828
  1.63701
 0.310905
  5.94132
  3.00197
  7.81493
 0.171422
 0.819311
  5.68371
  14.2265
  8.88881
  4.83295
   5.2617
  4.31323
  6.81487
 0.897655
  3.29561
  1.64926
  1.05638
  1.79308
  3.69726
  26.0563
 0.681104
 0.993928
 0.077711
  4.42746
  20.5796
  9.34413
  10.8852
  3.38126
  3.75389
  20.0698
   17.611
  6.41054
  5.18606
  35.9484
  8.69078
  9.77174
  6.95673
   19.083
  9.88556
  15.9526
  7.54021
  7.19383
 0.180307
  6.29647