   51.7942
   57.2366
   39.7147
   48.5639
   16.5416
   10.6175
   41.2509
    41.954
   45.5942
   65.3458
   25.1626
   26.0776
   21.7151
   26.7737
    28.786
   12.8869
   43.0012
   30.5843
   19.2684
   58.4153
   48.2555
   50.0656
   23.4929
    52.373
   50.8002
   60.0323
   63.6721
   14.3342
   38.8806
   44.6787
   39.7274
   48.8418
   54.5151
   51.7447
   48.3212
   55.6704
   15.1011
   40.2019
   28.0413
   21.5016
    12.144
   21.3206
   23.8817
   32.9143
   21.3755
   31.8961
   53.6994
   59.4936
   13.5411
   15.6206
   26.8922
   22.8923
   37.2064
   43.7768
   52.5675
   50.5325
   49.2579
   13.8117
   47.0283
   42.0551
    55.199
   58.6764
   12.3556
   69.3422
   63.2136
   52.1604
   47.4301
   25.9272
    58.503
   22.2336
   35.9841
   54.0752
   53.0876
   39.1326
   61.6542
   29.2494
   30.2844
   41.3802
   58.6454
   65.3012
   30.6915
   29.6798
   28.7799
    43.127
   65.5106
   42.0833
   48.6416
   9.64372
   17.3085
   44.2797
   40.7418
   43.2869
   23.3793
    22.496
   27.5555
   3.20594
   4.34152
   12.9565
   13.0264
   60.2753
   63.0984
   23.8418
   47.5051
   14.1099
   44.4469
   44.4497
   28.2274
   49.6673
   23.4233
   8.14635
   16.3506
    14.937
   34.1647
    30.239
   26.8007
   27.1596
   41.0387
   45.0831
   37.3859
   34.0389
   40.9919
   46.4952
    28.806
    29.917
    37.512
   31.5375
   36.1545
   35.6396
   22.1299
   33.2952
   37.8794
   42.3654
    20.948
   52.0412
   57.0312
   48.5598
   34.3495
   31.3016
   58.5375
    48.502
   24.5525
   62.8028
   36.9253
   36.5018
   45.2885
   32.1517
   20.8147
   44.9125
   41.1718
    43.187
   48.3743
   23.6542
   30.6403
    32.605
   26.8997
   41.0108
   30.5783
    36.339
   31.4449
   36.9961
   37.8033
   25.9719
   26.2012
   32.9464
   39.6548
   37.0304
    30.859
    29.733
   33.7267
   27.2962
    21.522
   23.4733
   13.7047
   31.2792
   37.6694
   32.5928
   19.6526
   16.2924
   23.2018
   37.3754
   33.5303
   27.6085
   33.2294
   36.2872
   31.5031
   20.9517
   22.1928
   34.4612
   35.8079
   39.3706
   30.7384
   36.4155
   16.0916
   29.4654
   34.1788
   39.4717
   30.5537
   19.3063
    28.853
   37.3214
   22.5329
    24.388
   28.6296
   26.4635
   35.4233
    31.344
   42.3005
    29.386
   33.0413
     29.44
   31.3296
   35.7013
   33.6583
   36.4294
   47.1265
   30.4873
   32.2166
   61.0531
   33.0906
   47.6267
   36.9851
   15.7092
    38.712
   27.5123
   15.0386
   20.5204
   30.2448
    53.103
   20.0942
   44.1342
   48.8696
   28.3991
   49.4004
   12.2642
   29.7177
   20.8347
   28.9414
   14.2435
   34.7779
     52.58
   24.4579
   27.8085
    20.062
   19.4602
   53.7946
   21.0394
   17.5372
   16.2056
    14.842
    23.511
   14.5108
   26.8663
   21.9905
   17.8224
    43.702
   37.9234
     14.49
   32.5854
   30.4372
   34.1726
   33.2803
   25.1649
   34.4419
   34.7577
   41.9627
    21.259
   36.8966
   20.8005
   19.1999
   30.6401
   30.6047
   2.25933
   7.72438
   4.39643
  0.586681
    1.6829
   1.80578
   1.45781
   3.42894
   4.05664
   5.31027
   3.82444
   5.18294
  0.354803
   4.62297
   1.35311
  0.217762
     5.338
   1.41662
   6.86163
    4.3789
   1.05651
   2.52375
  0.533337
   6.98831
   35.1828
   2.14959
   4.76899
    9.2633
   12.8874
   12.7513
   2.73136
   1.84487
    18.541
   3.51339
   4.33061
   14.5592
   1.40014
    6.6474
   4.29611
  0.475713
   3.24084
  0.258921
   2.89294
   3.51565
   1.08178
   1.18173
    2.4995
   5.52357
   7.94907
   25.8368
   4.39624
    3.6615
   29.0278
   7.26385
   9.58862
   11.6695
   3.65703
  0.267386
  0.887841
   2.94498
   3.38249
  0.208246
   24.8045
   3.33421
   1.78514
   7.54461
   5.49844
   3.45172
   6.67426
    17.903
   7.62107
   3.65539
  0.177434
   1.47399
    3.1352
    3.9264
   3.14488
   3.13878
   4.94101
 0.0216017
   16.5498
  0.542091
   3.10062
   5.86562
   2.77578
   2.24051
    3.9827
   3.07854
   4.73463
   4.59128
   2.74918
  0.490195
   1.82849
   13.5633
    23.541
   30.4572
    1.2968
   4.44232
   3.30293
   4.15044
   7.10051
   11.9627
   7.24071
    7.0035
   5.84548
  0.176553
   8.99803
    3.7567
   2.31601
   1.95458
 0.0811985
 0.0641048
  0.381904
   1.87503
   3.86872
   4.10071
   3.47618
   21.0569
   16.7297
   2.90964
   7.35568
   13.4011
   3.47178
    3.9057
   6.45035
   4.49265
   9.40564
   1.68992
   8.17527
   0.22952
  0.835242
   5.98716
   6.27218
   16.5498
   16.2794
   8.75616
   14.4978
   22.9116
   4.24908
   2.47927
   8.30095
   3.07661
  0.938294
  0.276762
   5.60595
  0.423237
   3.04057
  0.470357
  0.116136
 0.0764104
   18.3616
   1.69866
   2.06129
  0.163181
   4.49635
   4.04367
  0.271195
  0.284443
  0.116098
   3.32752
   5.65518
   1.08794
   1.78236
   3.84714
   1.21255
 0.0441803
   16.5341
   8.09696
   1.52829
  0.169757
   2.83241
   5.53512
   4.44839
   3.03869
  0.153395
   1.81382
   12.6107
   18.4136
   3.00754
   4.25284
   3.61919
   2.72062
  0.871871
   9.45092
   8.36749
0.00315428
  0.264135
   1.52494
    1.7569
   16.0793
   28.0461
  0.830903
   1.01879
   3.49182
   2.74812
   5.31912
   5.79568
   6.32798
   2.64999
   8.24811
   8.00805
    3.4867
      2.94
   20.3059
   3.72683
   6.80359
   1.48595
  0.906337
   3.17704
   2.07955
   2.41338
   6.22649
  0.314451
   17.9152
   14.7432
   5.52647
0.00462105
  0.413662
   4.34032
   5.74842
   7.63747
   1.21257
   6.30283
   9.77702
   1.59649
   3.30107
   1.58704
   4.32606
  0.548861
   5.42155
  0.920005
   8.46599
   3.23131
   7.14452
   3.20057
   5.48534
   16.4679
   3.95448
   3.07191
   1.77453
  0.145866
   1.58185
    1.7974
  0.942633
  0.388599
   1.07458
  0.190699
   6.36456
  0.753097
   1.82733
   5.52899
   6.53778
   1.35869
   1.89633
   8.51029
   7.80962
  0.153445
   1.88957
   1.82857
  0.178146
   1.07771
   3.42803
   1.14599
   3.68393
   2.12253
   1.32614
   1.04552
    0.3582
   2.33883
    1.2144
   4.97395
   2.15172
   35.8145
   2.91652
  0.317529
   2.13159
   2.31738
  0.261473
   1.95811
   17.9474
   17.1294
   14.8465
   13.7093
   8.09417
  0.222378
  0.872007
  0.956043
   1.84901
  0.834995
   7.60342
    6.9141
   5.42392
   5.35435
   1.47288
   5.31027
   2.69721
  0.370607
   2.78826
   6.85595
   8.65072
   4.95718
    7.1438
   4.37606
   8.08929
  0.882045
   22.3663
   4.34188
   2.76115
   8.79259
   2.97044
    29.812
   6.21508
   2.64066
    6.8014
   9.71149
   6.25463
   2.07056
   2.79088
   4.72104
   7.35378
   3.40089
   3.69079
   12.9913
   13.6378
   2.15551
   1.13339
    4.7574
   1.25974
   4.58455
    7.9913
   9.10901
   3.08525
   2.68318
   4.73454
   1.35966
   5.65087
   2.81072
   1.87109
   4.31791
   1.67928
   1.44981
   7.97612
   3.64635
    2.0862
   2.36003
    1.1881
   4.70513
   4.01098
  0.418478
   4.18175
    1.1337
   1.93704
  0.361727
   3.44241
   6.24048
   5.55118
   4.19619
   1.90943
   13.6927
 0.0557728
   6.27107
   5.42091
    4.0927
    6.4642
   4.47212
   4.15685
   5.66492
    3.2134
  0.733729
   1.86124
   5.89404
   3.91116
   1.88189
   5.51018
    1.5859
   6.39974
  0.704948
   3.54771
   34.6662
  0.597732
   1.05912
   1.80928
   2.20446
   1.99543
   2.31294
   3.01007
   6.15586
  0.663827
   2.03862
   3.34884
   3.05654
   5.25208
   2.96427
   3.23351
   2.72702
    1.8776
  0.473455
 0.0718852
  0.204231
   4.66159
   3.43053
  0.454639
   1.52283
   1.75969
   4.07197
  0.701381
   17.8882
   14.5328
   5.83278
   10.5382
   3.32343
     5.246
   11.0893
   1.38218
   4.43024
   2.04936
   0.29764
   1.68654
   3.31557
   1.94782
    1.2221
   2.32594
  0.184146
   2.14711
   3.32389
   5.05633
   13.8741
   4.35576
 0.0324325
   2.89374
   6.16752
   1.64338
 0.0622251
   12.3794
   2.76295
 0.0670977
    1.8315
   2.33469
    2.0913
   0.88524
   17.3984
   4.13401
   10.7265
    41.303
   7.79478
   2.83671
    1.0446
   1.49668
   1.36446
   9.12805
   1.67192
  0.365487
   4.02318
   3.13818
    9.7809
   1.57609
   1.11044
   1.83764
  0.269438
  0.658066
   2.60833
   2.48847
   1.34295
   9.01341
   4.35443
   18.0332
   6.02103
   8.23584
   10.3854
   2.99549
   4.80833
   3.16305
   6.90699
  0.967209
    2.2605
   48.7949
   3.54506
   17.0698
   11.3281
   2.70414
   7.03022
   1.83021
  0.371365
   5.63426
   1.64353
   2.37088
   26.0277
   2.23465
   1.73858
   32.6887
   10.5346
   18.5552
   0.20262
   5.73635
   10.2927
   9.79343
   1.01931
     4.736
   6.48063
   16.9078
   8.41183
   3.79267
  0.424152
   13.8523
   14.0016
    10.274
   9.76864
   15.0417
   12.8734