   8.28902
   7.32084
   6.11684
   1.49509
    3.6625
   6.01124
    11.911
   9.93472
   11.7349
   3.90179
   9.90758
   3.65199
   7.29598
   12.2842
    0.1236
   17.7164
   24.4464
   19.5832
   28.3465
   30.9431
   5.45182
   5.81186
   2.36968
   4.49634
   20.9568
    21.296
   1.61341
   1.01473
   1.09254
    9.4166
   9.70211
   17.1726
   2.39606
    10.925
   9.75453
   1.83894
   8.72506
   6.90734
  0.650412
   5.53851
   9.99619
  0.919521
   2.08543
   8.60578
   10.8428
   4.96864
    15.394
    3.8214
    16.612
   28.5594
   28.5309
   8.56748
   5.51129
   16.6196
   31.7706
   25.6182
   8.28057
   2.88155
   26.9604
   10.0465
   5.19137
   3.60673
   2.73921
   1.92576
   6.45606
  0.376739
   10.1891
   4.16463
   6.47436
  0.526388
    3.3615
   5.46941
   6.45691
   1.24915
     9.739
   4.82255
   24.9703
   25.0456
   11.9111
   16.5094
   37.3297
   27.2836
   3.62743
   1.47685
   6.57703
   5.22641
    3.4383
   1.75151
   6.59336
   6.94382
   3.20073
   10.4873
   4.50323
   9.89305
   2.99191
   9.28681
   14.3232
    2.5079
   2.26168
   22.9109
   5.70656
   1.09083
   3.49098
   31.0087
   15.4137
   8.44178
   9.16555
   4.67575
   1.15596
    9.5259
   2.75533
   20.3884
   6.49663
   30.7623
   2.31427
   10.6878
    16.572
   3.53958
   10.1467
   6.55748
  0.373902
  0.239193
   15.1705
    9.2149
   7.99498
   9.93428
   6.49844
   1.49341
    15.796
   8.65461
   12.7574
   12.5753
   28.3692
   2.93452
   13.5302
   5.65302
   23.7853
   13.9114
   8.90322
   6.35118
   10.0139
  0.673906
   9.88964
   26.9768
   3.72167
   3.14608
   28.7089
   5.14001
    7.0482
   4.88956
   19.3148
   10.1558
   1.66133
   5.68022
   14.9996
   14.6755
    14.677
   10.6038
  0.513359
   5.07105
   2.31233
   8.51592
   31.8564
   11.4611
    30.232
   5.09534
   8.48952
   6.36346
    1.6111
   17.4917
    28.428
   3.30715
   22.4035
   1.32301
   1.86784
   9.95307
   32.3174
   26.2246
   6.24387
   22.2272
   6.93756
   7.63032
   9.72124
   6.41413
   23.1629
     3.075
  0.444966
   0.11711
   14.9912
   6.73066
    9.5191
  0.914911
   14.0996
   18.9947
   4.06875
   9.30138
   3.22624
   3.70275
   3.73333
   10.4324
   2.87622
   8.57416
  0.309458
   2.89299
  0.691953
   10.2831
   21.2839
   5.24052
   7.23667
   5.78969
   12.4874
   4.52124
   3.51702
   4.26007
   32.3894
   2.11959
   11.5426
   1.60231
   17.9425
   9.58282
   17.4543
  0.351323
   10.7339
   4.86904
   8.74025
   9.05546
   17.3423
    29.327
   6.40493
   2.02165
   12.5132
   34.8703
   39.7774
   8.80887
   21.0178
   4.44777
   6.65822
   10.4829
   4.37945
   8.28388
   5.26626
   5.13047
   4.02119
   12.1146
   3.67854
   10.2732
    3.4261
   20.8273
   11.1061
    27.853
   19.7662
   7.62789
   12.0351
     4.234
   21.3893
   24.8879
     9.791
   20.2049
   37.2045
   39.6563
   10.1577
   15.7542
   20.6788
   11.0523
   24.3695
    21.626
   21.1464
   9.59043
   16.8472
   12.4664
   0.72712
   2.61145
   1.32525
   6.23087
   11.6824
   16.5734
     10.46
   8.47125
   18.5849
   20.1935
   7.54943
   28.3716
   4.39151
   2.38094
   4.33904
   4.95014
   4.46868
    14.398
   3.31482
   15.9091
   9.10573
   15.9084
   39.6161
   2.91887
   18.6539
   7.24337
   7.97366
   14.1979
    6.2268
   21.2967
   22.7917
    7.8467
   2.99778
   2.73842
   5.52532
   12.9431
   4.57869
   13.3275
   24.5226
   2.83618
   23.3575
   30.3495
    18.139
    16.432
   11.7101
   7.47244
   20.2827
   7.50729
   12.7905
   3.13651
   0.17902
   5.93384
   20.1459
   12.0514
   28.9054
   18.0786
   3.29152
   15.4162
   26.2683
   13.2496
   13.9738
   24.9454
   1.29076
   6.79025
   5.65784
   28.6052
   10.8548
   7.67708
   18.0572
   18.3068
   3.73357
   4.15891
   3.61763
   8.85411
   3.98243
   7.31542
   1.66707
   2.25978
   3.92692
   12.7162
   2.22565
   5.49243
      8.44
    4.3552
   0.26349
    24.684
   21.3584
   12.1023
   3.73898
   4.91282
   13.3012
   11.9671
   5.91798
   4.75584
   1.25056
    1.5754
   10.8726
   12.3203
   1.48788
   6.37737
   4.94481
  0.413274
     2.547
  0.641591
   5.46769
   30.6744
   4.79655
   9.62571
   35.1632
     22.68
   9.09988
   7.06231
    5.1531
   1.48122
   7.90036
   6.56544
   8.03337
    11.538
   15.2021
   7.85757
   1.37485
   5.58238
    6.3122
   4.87745
   12.5717
   22.4093
   3.76637
   14.3218
   9.88033
   21.0163
   14.1125
   21.1981
    20.429
   9.54179
   3.16113
   40.3287
  0.585034
   2.55289
    3.1717
   6.09275
   8.84683
   3.20109
   11.7329
   27.1106
   32.8267
   39.3322
   6.78245
   14.2001
   35.2413
   3.25232
   4.33955
   6.19857
    15.536
   29.2888
   2.46846
   10.2277
   6.49021
   7.51141
   6.10282
   15.0399
   8.63477
   3.65968
   18.8114
0.00184078
   32.1214
   6.27559
   19.7258
   6.46031
   8.61786
   1.52054
   12.9731
   6.42456
   8.22221
   25.7296
   16.5553
   30.2769
   11.6897
   6.24778
  0.618191
    19.831
    5.7656
   24.7657
   42.4471
   4.96621
   1.36427
   24.0061
   3.45106
   1.21955
    19.788
   4.63142
   17.1999
   15.6091
   0.78951
   31.6564
   33.6833
   17.5541
   11.8986
   23.6646
   3.49011
   1.26568
   20.9751
   15.3633
    6.0746
   42.3453
    42.367
   4.28563
   4.17054
   5.76365
   9.22276
   22.4167
   11.3477
    15.345
   9.34709
   10.7069
   34.5689
    15.883
   5.32047
   3.33121
   2.29795
   5.78621
   11.6398
    5.0709
   6.07686
   8.62712
   12.7798
    5.7227
   14.1964
   13.3364
  0.914306
   7.28616
   2.02469
   5.51675
   9.51328
   5.46414
   29.6033
   34.0097
   7.98844
   9.97242
   22.1749
    42.372
   14.3549
   41.2272
   12.1765
   13.3439
    28.549
   1.21715
   3.63953
   13.6978
   15.2915
   6.77916
   20.2703
   10.3705
   2.31907
   39.3877
   21.3524
   12.4178
   8.48909
   20.5832
   29.5475
   1.65872
   9.38027
   1.14661
   21.0301
   9.29747
   4.91384
   11.9788
   19.4381
   9.57184
   17.6849
   27.8283
   11.7285
   14.8714
   10.6179
   9.35992
   9.79383
   21.6168
   38.9651
   17.5984
   14.5758
   6.20492
   14.9294
   50.0007
   17.8329
   0.18476
   23.8297
   7.61605
   22.2725
   22.5108
   22.3558
   31.9146
   8.76716
   24.4728
   12.4455
   1.14591
   4.55413
   5.66444
  0.732484
   18.2476
   8.23086
   11.5541
   8.41153
   12.5334
    38.194
    6.3977
   5.19909
   10.3484
   13.0815
   8.74291
   3.57283
   10.7781
   6.74353
   5.71646
   12.7557
   18.9809
   5.66406
   7.36581
   10.4919
   15.1139
   18.0161
   0.51971
   5.02594
   34.1456
   15.4345
    11.615
   33.6822
   3.27127
   8.99936
   8.80353
   17.8267
   16.9953
   6.02709
   26.6542
   23.5082
    11.371
   11.7246
   7.68042
   12.6974
   10.3189
   5.45317
    42.028
   4.18636
  0.691978
   3.29933
   14.4595
  0.172708
   1.38826
  0.399682
     2.212
    6.2493
   8.67285
   7.80499
   39.0601
   54.7382
   55.0855
   28.9739
   12.9896
    22.398
   29.4245
   14.2497
   54.1609
   20.1606
   16.6016
   16.9059
   10.8314
   23.7342
    12.043
   1.40663
   8.66916
   26.4536
   2.87801
   3.04413
   10.2163
  0.106849
  0.144309
   20.1022
    46.192
   43.5344
   29.8131
   14.7398
   6.36514
   40.8511
   19.3988
   6.77849
   4.21941
   13.2111
   7.19763
   2.15707
   19.2056
   20.5097
   39.3265
   21.2332
   23.0379
   29.5082
   7.99934
   6.56534
   15.8253
   6.47681
   4.57863
   3.85252
   26.1017
    11.108
   3.86139
   20.1956
   6.92969
   15.3867
   7.36442
   17.9334
   11.9754
   31.3223
   1.23945
   23.5843
    1.9294
   10.2352
   10.4337
   14.8624
   6.41345
   3.59665
   20.1596
   10.1101
   14.6529
    45.831
   10.8412
   27.2766
   9.86312
   1.56671
   14.6216
   12.9485
   26.7609
   13.6016
   3.61697
   26.3949
   12.2151
   7.06582
   5.91037
   63.5478
   3.12389
   6.51203
   39.7572
   25.8307
   43.6148
   36.4455
   39.2308
   36.1816
   2.37593
   9.35631
   43.4458
    15.184
   43.2412
   10.1947
   14.8448
   11.3214
   31.2571
   7.59534
   19.4051
    3.9986
   10.7024
   15.6852
  0.326231
   39.1497
   14.6089
   27.9508
   37.9656
      7.67
   4.62827
   53.7646
   41.5785
   23.3566
    23.112
   21.3628
   2.45114
    56.727
   15.2989
    12.513
    0.6781
   57.7371
   6.81278
   41.8183
   9.20951
   49.2572
  0.429639
   57.4872
    37.549
    51.415
   42.4452
   10.3521
   42.4295
   54.8595
   16.0279
   21.6556
   35.0381
   26.6321
   47.4762
    20.281
    31.195
   43.6942
   27.3151
   19.7349
   40.7392
   14.4832
   16.7089
   42.9352
   43.9475
   49.2823
   40.1934
   17.8278
   17.8266
   56.4533
   7.13205
   7.05224
   41.6097
   38.1405
   13.4674
   29.4133
   49.4746
   52.5217
   30.3752
   5.25719
   14.8507
   9.86757
   30.9194
   38.5647
  0.160387
   15.6641
   31.5772
   31.7715
    63.474
   46.9734
    12.338
   50.7944
   42.5679
   29.7107
    12.271
   3.17502
   4.69617
   5.49896
   10.7464
   48.3715
   24.4029
   4.88528
   17.5692
   20.1228
   56.9708
   23.6501
   55.8508
   13.6632
   6.47972
   27.8819
   29.2032
   9.45864
   1.00223
   60.2893
   25.1028
   19.5152
   64.9222
   1.88553
   38.0468
   31.7363
   5.41743
   48.9963
   41.9928
    31.306
   8.44816
   56.4856
   21.7392
   4.37046
   15.2914
   2.28304
   14.2715
   29.1267
    56.373
   11.3731
   14.8204
   15.4154