  13.9453
  14.0832
  14.7488
  3.19042
  11.1256
   1.7212
  23.9306
  8.07477
  5.19239
  3.15209
  1.47747
  8.89681
  12.9716
  8.89573
   18.968
  33.3615
  34.0677
  1.29564
  2.83803
  13.4692
  15.2532
   12.752
  12.1425
  16.1575
  16.1085
  13.3472
  16.6865
  16.3021
  5.33597
  19.0875
  10.9165
  11.9254
  5.46412
  40.3513
  33.2197
  12.2126
  5.55527
  3.51159
  13.1475
  2.66804
  16.6248
  31.7418
  30.4225
  12.8012
  7.61656
  10.0418
  6.06072
  1.93555
 0.211977
  6.65844
  13.9454
 0.604126
   47.255
  44.4999
  57.3142
  55.9275
  65.0733
  12.0287
  12.9451
  17.5411
  17.8733
  6.63358
  9.96774
  28.4022
  31.3403
  30.0667
  1.42827
   11.196
  4.21196
  4.21131
  2.17668
  28.9016
  36.5844
  40.0364
 0.855809
  6.72581
  41.1534
  43.0741
  8.97473
  8.14171
  3.58074
  2.61699
  3.99008
  2.34607
 0.849424
  12.1576
  3.04184
 0.734667
  8.45628
  4.02026
  1.22929
    12.69
  19.8456
  11.8078
  17.8808
  4.38564
  7.01797
0.0382406
  10.1106
  14.7171
  5.28752
  12.7797
  12.1501
  7.22539
    8.884
  15.4858
  9.34428
  7.58796
  1.03796
  10.2398
  10.3913
  17.9022
   13.771
  5.05763
  5.44184
  12.1475
  7.31382
 0.934389
  17.9885
  17.7183
 0.882512
  6.42846
  8.28684
  8.57295
  1.49353
  24.6059
   24.108
  10.0835
   9.2622
  3.13168
  1.81591
  1.47275
 0.675113
  9.34023
  2.38237
  2.15333
  1.23627
  2.29696
  4.50742
  22.1592
  11.7149
  23.3653
  14.2684
  12.1685
  8.72019
  3.46895
  12.8607
  4.16039
  7.47444
  16.4228
   9.4763
  11.1839
  4.65501
  6.67462
  13.6728
  15.0115
  14.0736
  15.0424
  38.2566
  29.3701
  1.69876
  11.5829
  2.85731
  2.68898
  10.1832
  9.75752
  4.15183
  20.6933
  11.8791
   14.965
  15.2829
  17.8595
  13.0059
  15.5477
  15.3094
  17.8806
  28.6714
  45.0916
  68.9411
  62.6954
  44.9665
  13.3763
  2.20178
   15.121
  41.4338
  29.8859
  18.5438
  36.4343
  26.3586
   14.975
  9.82887
  3.62338
  10.8452
  8.02969
  28.7362
    29.52
  1.89918
  5.60774
  19.2153
  19.9452
  15.1174
  14.5526
  30.5601
  3.09172
  6.37081
  18.5339
 0.484157
  20.8876
  11.2869
  18.7896
  20.7464
  10.8233
 0.771598
   16.948
0.0382406
  11.7506
  17.1238
  8.29699
  3.58251
  1.11143
  14.3193
  6.78464
  16.9045
  13.4148
   16.603
  13.1308
  15.3966
  12.4023
  11.2294
  10.9645
  5.08344
  5.41679
  2.74839
  1.72944
  67.9089
  50.6115
  29.3635
  30.6441
  17.8776
  6.42888
  5.51929
   5.5909
   28.786
  29.2673
  14.0037
  6.97965
  14.8262
  12.4432
  2.77033
  8.15731
  14.1845
  5.26821
    11.64
  12.4994
  13.2153
  8.51258
   3.2718
   7.6337
 0.500291
  4.75126
  10.5421
  17.0222
  19.4212
  1.53722
  4.82828
  8.31419
  13.9911
  10.9156
  4.20338
   3.1563
   2.7559
  10.2572
  16.4494
  13.0791
  10.1997
  16.5953
  12.8263
  6.71996
  35.8456
  22.5422
   5.7366
  6.62731
  2.94599
  4.13313
  16.5937
 0.195719
  2.25018
  3.34549
  2.97067
  7.80352
  1.48174
  1.10224
  2.02716
 0.376104
  19.7931
  19.0337
  22.3646
  5.48349
  20.9617
  8.61353
  5.41759
  17.0901
  5.09624
  2.32601
  16.8635
  10.8794
  39.1124
  3.87935
  13.2605
  12.4168
  12.9831
0.0191333
  3.44238
 0.188304
  3.82014
  11.4097
   1.1285
  2.56583
  11.7192
  12.4723
  9.50753
  11.6131
  6.99569
   3.0183
  30.5297
  17.3731
  41.1534
  39.7704
  8.37385
  3.72995
  8.91037
  12.4924
  11.8261
  7.25986
  23.2476
  15.8816
  10.3116
   32.494
  11.8881
  8.31406
  11.4665
  18.6238
  20.3257
  20.5971
  22.1834
  19.9405
  30.3605
  67.9384
  65.2544
  48.4232
  3.66716
   1.3929
  4.96275
   5.7766
  4.54902
  6.67209
  4.24609
  5.35658
  57.1565
  39.6829
  6.28464
  32.5658
  7.35384
  38.0778
   37.577
  10.4641
  19.0142
  4.27012
  6.13031
   12.443
  1.14163
  3.53653
  12.7423
  36.4936
  5.90042
  6.22871
  7.95295
  14.1998
  11.8523
  9.89498
   13.804
  18.2824
  2.59382
  4.74304
  16.0732
  11.8122
  2.16261
  10.5176
  11.8591
  16.1814
  9.47307
   13.641
  3.10611
  6.30825
  4.84017
  3.48216
  11.0115
  17.5618
  8.63817
  18.3578
  4.84709
  6.71372
  6.19808
  16.1105
  5.94876
  5.53434
   3.8629
  2.74989
  8.16598
  13.2737
  21.8426
  15.4448
  9.78149
   5.6449
  5.00797
  3.73605
  2.48303
    21.51
  8.45201
  5.57316
  1.72284
  4.85847
  12.2829
   11.362
  22.5332
   2.2344
  20.8548
  30.9774
  3.57478
  8.04931
  16.0281
  9.76095
  12.2906
  11.2711
  1.83591
  3.42588
   8.7797
  1.18451
  3.14124
   9.1664
  6.81475
  3.32453
  6.31615
  11.2954
  36.0474
  1.17396
   3.6133
  10.0295
  7.64077
  25.9815
  21.4631
  9.29151
   9.2502
   30.635
   43.413
  11.5445
   14.169
  10.2048
  7.26743
  16.2998
  5.09057
  27.4881
  28.3173
   52.141
  53.6671
  60.4858
  6.15516
  5.84824
 0.360974
  12.1668
  1.78858
  12.0246
  3.66716
 0.478509
  63.3246
  18.2434
  5.73539
  42.7267
  10.4586
 0.294641
   23.198
  37.6914
  18.2629
 0.577373
  5.99362
  11.7543
  15.1802
   21.359
  21.9486
  15.6786
  7.42444
  20.7194
  9.88378
  10.9712
   8.9382
  17.0117
  25.4157
  13.4493
  17.4267
  9.39442
  2.21223
  6.35876
 0.786574
  21.0133
  14.1012
  15.2815
  9.84454
  4.37052
 0.125437
  2.99434
   1.1025
  3.67638
  19.5026
  7.43439
  23.9407
  14.6502
  17.6618
  14.1993
 0.983287
  10.0484
  9.80005
  2.40338
  3.85194
0.0186834
   3.8156
  3.39942
  10.0667
  13.6096
  14.3067
  4.53699
  13.8681
  8.80346
  15.2336
  13.4271
  29.1708
  45.3016
  16.8388
  12.3775
  10.7973
    14.99
0.0717661
  8.43231
  17.0281
  12.0473
  5.55092
  57.8228
  61.2636
   10.621
  13.4077
  7.96065
  2.49617
  1.20201
  65.9849
  60.5817
  7.26781
  26.4565
  42.0229
  4.84621
  11.9275
   3.6883
  6.35727
  25.5378
0.0904695
  2.13092
  24.3323
 0.152847
  21.9219
  10.5963
  16.3328
  2.28236
  5.39659
   3.1479
  35.7638
  45.1708
  12.2114
  61.6657
  12.7099
  9.77542
  5.63209
  8.63035
  33.7717
  11.1597
  1.70632
  14.7645
  8.02846
  5.33483
  12.4543
  3.26578
  14.3702
  7.22201
  12.5182
  43.7753
  20.2487
  22.8459
  11.4244
  21.2272
  12.6702
  21.2353
  23.5873
  10.4669
   15.173
  24.8822
  2.78398
  6.44454
  18.8518
  20.4264
  19.8387
  30.7481
  6.77342
  27.1402
  4.51975
  12.1806
  16.2527
  15.9062
  9.74145
  27.6337
 0.898065
  11.5307
  14.3003
  11.6732
  1.21079
  6.90092
  1.71582
  26.9174
  33.1963
  16.4715
  4.86639
  31.2423
  17.6381
  37.6512
  40.2452
 0.589292
  7.65632
  20.3764
  12.3987
  9.87528
  15.2221
  18.3711
   18.891
  7.65872
  25.9141
  23.5438
   26.633
  14.5538
  31.0222
  59.3647
  29.8251
  11.0703
   21.289
   12.378
  25.1739
  20.9535
  33.7293
  32.4368
  27.3051
  28.4643
  3.11514
  35.1868
  27.9382
  12.9117
  4.76948
  6.81492
  23.0359
  5.54583
  10.9026
  63.6646
  3.02352
  5.93069
  8.87089
   19.806
  22.4034
  36.8633
  7.80076
  21.8565
  31.3699
  17.3185
  22.9352
  16.7871
  12.5967
  13.7621
 0.602441
  1.71572
  26.0217
       13
   3.5286
  3.49132
  32.3068
  47.0655
  7.61576
  31.0747
  6.09498
  8.76486
  10.2105
  34.1175
  17.9921
  3.16364
  20.5083
  43.7171
  32.0811
  15.3321
  12.5691
  18.2278
  6.34454
  40.6806
  36.0344
  3.25317
  46.3606
  6.56704
  13.8584
  12.3216
  29.3751
  33.5671
  24.8627
  4.25596
  21.7892
  26.5302
   38.546
  13.9469
  40.3941
  39.4988
  12.0001
  5.17639
 0.182851
  26.1732
  28.7445
    32.75
  18.9532
  23.9678
  8.58068
  14.8256
  39.2482
   14.997
  6.72133
  23.4702
  9.57097
  11.2909
  36.7314
  29.0801
  9.78456
  6.58674
  31.9009
  9.84865
  12.8162
  6.62098
  4.88556
  6.29524
  5.25362
   8.4945
  23.6979
  2.09169
  35.0251
   24.217
  14.0508
  1.40956
  4.26715
  8.71289
  5.91929
  1.24526
  8.41726
  20.6917
  10.9197
  24.8163
  3.50617
  21.0541
  1.35722
  13.8657
  11.2371
  9.51319
  5.03407
  6.96315
  29.7175
  0.64856
  5.33585
  28.8222
  3.48377
  37.0494
    8.889
  20.5543
  15.0934
 0.571555
  6.93435
  15.3392
  8.01868
    14.49
  4.58301
  16.9153
  10.5778
  26.6197
0.0211034
  14.3197
  5.13479
  6.27929
   19.333
  1.45442
  2.78022
  8.16209
  30.9999
  5.93219
  17.4951
  21.6745
  27.2313
  10.0311
  28.9905
  11.9892
 0.699686
  26.6782
   21.853
  11.2037
  15.2247
  30.1001
   5.6642
  11.9922
  21.4846
  16.1987
  23.6166
  41.1754
  27.9345
  4.10621
  15.7552
  23.4389
  5.84468
  11.9105
  18.4386
  22.5866
  19.5109
  8.48135
  30.9122
  34.2551
  26.7571
  11.0151
  15.9939
  10.5136
  16.2478
  5.20386
  15.4658
  29.0989
  6.38751
  5.22067
  17.6538
  4.13337
  5.52738
  13.3821
  25.4619
  9.98451
  22.7261
  31.6118
  19.9988
  40.4261
  64.6018
  7.21711
   12.953
  1.46988
  6.96612
  13.4892
  20.4418
  3.48621
  24.3266
  10.4491
  9.00656
  17.0431
  36.0538
  4.52186
  15.5862
  17.7233
  9.26003
 0.334631
  20.0136
  31.6042
  1.29891
   26.028
   23.766
  4.92077
  25.0422
 0.247408
  18.2258
  1.62059
  19.7312
  19.0053
  11.2141
 0.456053
   20.478
  10.5678
  9.96835
  7.15177
  29.0566
  26.4067
  64.9869
  9.98045
  25.2216
  6.63109
     7.91
  27.7476
   26.292
  20.0184
   14.021
   10.754
  28.9022
   30.244
  2.48117
  13.3908
  33.0349
  30.3302
  24.1335
  21.8093
  9.47659
  10.8863
  3.51196
  24.9987
  16.9005
  37.0349
  26.4804
  10.3832
  26.2634
  22.2881
  4.18715
  34.9309
   26.463
  22.3521
  27.2191
  12.6105
  35.3979
  28.9954
  21.9797
  8.80342
  31.5825
  25.7051
  42.8391
  13.6397
   19.793
  7.42294
  35.0798
  12.6522
  20.9635
  29.1641
  17.4707
  19.7769
  18.1496
  12.8594
  26.8287
  23.5241
  8.83208
  36.9422
  8.24665
  61.5052
  13.9575
  16.0467
  20.0454
  38.6961
  3.66138
  19.5179
  5.69843
   10.913
  55.7537
  3.94807
  4.59095
  28.7609
0.0117628
  9.95845
  11.0914
  2.38467
  15.9304
  15.8117
  27.2498
  19.1801
  30.9879
  11.8246
  10.8971
  17.1378
  6.19155
  25.7571
  20.2091
  27.0038
  6.90515
  4.58398
  12.9518
  36.1398
  31.9182
  19.6274
  16.2377
  5.61972
  16.5157
  36.5463
  43.6134
   5.3898
  8.63245
  8.51036
  13.1932
  14.8982
  9.35373
  6.72676
  16.6052
  10.8096
  10.9507
   4.8553
  64.8769
  9.70886
  7.96137
 0.804806
  3.04028
  38.8638
  1.60953
  44.7812
  38.1544
  2.33535
  7.49511
   7.3712
  1.34972
  10.8114
  10.8645
  13.0851
  42.1175
  31.0627
  46.2038
  32.1661
  38.5561
  28.2884
  47.4361
  39.9828
  31.7318
  13.0153
  33.2855
  32.6769
  43.5172
  28.7284
  24.1591
  25.7567
   57.575
  55.8805
  35.2715
  46.3204
  29.5335
  33.9948
  27.2945
  46.9075
  17.8681
   59.145
  48.1031
  18.9283
  45.2185
  30.2051
  39.6315
  35.2066
  28.0705
  16.6522
  39.1542
  51.0671
  28.2814
  38.9339
  52.6711
   22.265
  23.3822
  55.2183
  10.5681
  30.0016
  39.3663
  13.7493
  9.15365
  6.32937
  35.1346
  23.5421
  36.5074
   51.355
   33.626
  52.6947
  40.1844
  37.4007
  54.6562
  7.40646
  28.5164
  15.1112
  29.5978
  26.3016
  1.23842
  33.0621
   2.9889
  28.0394
  24.6817
  47.0389
   29.643
  56.5235
  50.0506
  27.1939
  5.63966
  20.9594
  42.6955
  55.6603
  39.5093
   42.739
  37.1167
  40.4074
   58.184
  47.3483
  45.6177
  30.5693
  24.5847
  45.7155
  2.79754
  20.9836
   43.578
  32.8352
  27.6279
    28.28
  15.9209
  6.76613
  49.6234
  44.5448
  15.7582
  6.87018
   1.4916
  10.0776
  33.8101
  13.8081
   20.928
  46.5294
  25.5233
  45.7769
  35.3168
  18.5959
  24.7832
  37.3786
  27.0654
  16.1014
  45.9143
  34.3645
  35.6248
   19.835
  17.3088
  30.7129
  25.1144
  31.0554
  48.4985
  39.1424
  40.8103
  49.1221
  30.4775
  25.8321
  44.9638
  17.4884
  39.7093
  14.4018
  30.9858
   2.6967
    31.41
  27.3902
  44.0897
  17.6795
  42.7784
  9.09298
  25.6065
  42.3201
  38.4873
   48.706
  31.0976
  37.1503
   40.769
  30.1641
  33.1004
  32.5191
  27.8855
  8.85787
  11.0009
  6.00486
  22.5159
  16.2591
  21.7574
  47.8568
   29.921
  29.3548
   42.546
  31.1253
  29.1287
  19.3589
  20.3571
   31.246
  18.6626
  3.82208
   28.391
  24.4981
  54.6309
  21.2154
  29.6762
  12.5452
  1.56888
  19.5894
  19.4356
  16.6062
  21.1087
  15.3588
  24.9145
  18.0269
   13.075
  14.9496
  24.7655
  24.8761
   29.454
  7.74942
   36.446
  15.0612
  43.9079
  27.1787
  2.44486
  39.9645
   32.375
  55.3336
  57.9397
  35.6292
  62.1958
  58.7097
  12.4128
  20.1441
   25.505
  44.6529
  16.5698
  49.2633
  7.71707
  3.95082
  6.98666
  5.23709
  58.2644
  61.7206
  28.7583
  1.33291
  27.9645
  10.4777
  7.90822
  9.56278
  31.2347
  29.6195
  10.9471
  3.76787
   3.3223
  14.7976
  28.9582
  10.0128
  6.79441
   18.136