  1.84468
   15.419
  40.9533
  12.7735
  6.76522
   6.5902
  1.92955
  11.2749
  4.99375
  7.93176
  9.43415
  13.7192
  1.43535
  18.5057
  18.2289
  25.7258
  40.2617
  7.70586
  7.42068
  11.3629
  14.0591
  8.74653
  8.21506
  16.3992
  16.1407
  9.75645
  5.37856
  14.1046
  16.1169
  33.3533
  21.8787
  32.5759
  22.5757
  4.55483
  2.20931
  42.1441
  32.9885
  48.0289
  10.1241
  20.1861
  5.68656
  9.94278
   2.0252
  6.51621
  24.3134
  13.9529
    1.004
   3.0664
  2.33531
  10.4986
   4.3723
  1.17269
  3.70072
  1.33507
  61.6997
  75.4843
  70.8551
  69.2485
   54.418
  2.85299
  8.46318
  15.8477
  5.32263
   30.985
  22.3983
   39.147
  45.9599
   42.093
  28.9925
  43.7622
  43.9033
  22.3295
  18.2993
  39.8646
  35.7876
  37.8979
  21.3245
  15.8475
  40.4559
  53.3457
 0.667346
  4.54832
  6.61878
  3.67205
   9.9362
  2.29498
 0.646971
 0.707444
 0.402006
  12.5933
  19.5165
  5.27806
   28.727
  26.5078
  33.5591
  32.7555
  31.8837
  5.97706
  13.3371
  10.9833
  18.8382
  9.39198
  8.13521
  20.9747
  21.4908
  16.8119
  21.6161
  13.3043
  19.0398
  17.8066
    6.605
  5.25859
  7.98126
  11.5995
  23.5273
  13.8264
  5.78717
  16.0136
  14.6977
  4.76356
   3.8817
  5.29495
   11.754
 0.333912
  4.50368
  2.01532
   8.1781
  2.95031
  15.7499
   4.9169
  17.1246
  1.52216
  14.1271
  14.6205
  6.76658
  11.7325
  7.51115
  7.81321
  5.58799
  11.7238
  3.07995
   2.1414
   12.724
  22.9078
  10.9947
  6.39541
  12.4717
  15.1038
  10.1789
  13.0984
   12.368
   14.814
  21.3513
  6.81865
  7.66192
0.0027372
  7.37309
  4.12114
  8.80887
  3.37217
  2.27388
  34.6615
  30.6242
  39.3058
   23.233
  44.2949
  17.4918
  35.2812
  48.4103
  41.8747
  43.3295
  38.0484
  43.7057
  5.64768
  43.0497
  6.83298
  43.5682
  35.3305
  37.3249
  22.5803
  14.3184
  34.6014
  51.7768
  68.1355
  75.3698
  11.0297
  29.4399
  6.95162
  37.8747
  24.4678
  31.6062
  55.3447
  51.9095
   8.2377
  7.65214
 0.590952
  1.23408
  16.4763
  45.2071
  52.7496
  8.22297
  6.37142
  15.2663
  12.0452
   18.889
  48.6395
  21.2889
  23.7107
  28.6504
  30.8775
  8.48065
  15.4235
  12.9259
  16.9125
  15.9397
  18.2132
  21.4898
  3.32468
  15.0912
  10.9833
  8.79501
  44.7035
  38.4439
  40.7836
  38.6193
  26.5193
  40.4342
  7.84129
   3.4653
  2.68941
  16.7582
  31.7478
  27.6598
  11.3384
  8.62436
  15.6792
  10.5506
  4.39014
  8.15182
  56.7115
  59.8204
  41.8839
  67.1361
  20.7031
  33.4581
  18.2287
  20.0053
  44.4925
  39.8967
  7.53778
  28.5646
  26.7911
  31.4674
  37.5122
  30.5063
  32.3617
  28.2066
  3.69758
  23.8948
  3.56283
 0.326556
  5.93689
  5.85195
   9.2516
  3.98238
  3.18536
   4.5717
  30.8478
  21.5314
  2.43281
  10.5532
  20.5597
  11.1688
  23.1076
  9.06237
  5.41469
  13.6787
  5.32922
  12.0499
  21.4493
  18.9281
  16.6829
  9.26171
  17.9915
  43.2543
  21.7331
  12.9519
  10.7578
  8.16967
  6.17336
  38.2838
  15.1699
  4.33856
  5.09583
  15.1548
  13.7786
  10.1675
  3.42312
  3.75377
  14.1922
  27.4605
  13.0269
 0.579122
  14.9603
  4.08575
  5.06162
  4.64451
  4.13132
  9.45774
  7.55532
  14.9904
  22.5365
  46.8483
  12.9145
  12.0783
  10.1141
  9.13482
  24.4703
  25.0333
  9.25799
  28.0137
  35.3816
  24.6386
  5.00453
  8.97655
  8.80177
  4.74175
   12.778
 0.397783
  7.51398
  7.46077
  5.17925
  4.22522
  36.1216
  24.8993
   3.4288
  40.4557
  37.3415
   7.7118
  35.7889
  43.5476
  20.9733
  9.85497
   30.954
  21.4415
  24.2018
    10.15
  70.7933
  34.3237
  9.30837
  39.4394
  39.4839
  6.88892
   23.854
  8.54143
   9.2237
  38.8403
  76.9703
  78.2468
   50.992
  13.4404
  16.9624
  5.69862
  17.7451
  5.72575
  17.1957
  3.70425
 0.153001
  71.4186
  29.1657
   1.1516
  33.7722
  59.8769
  11.2651
  35.6658
  32.8631
  16.2494
  46.4573
0.0189185
  6.77639
   15.745
  3.71489
  1.88746
  4.30719
  25.2112
  42.9039
  3.40049
  1.56346
  11.3788
  8.62841
  1.63789
  4.02247
  12.9298
  4.18811
  11.7439
  25.1915
  23.9901
  17.0192
  9.90204
  13.1624
  6.16658
   2.9431
  28.6598
  7.56952
  45.5265
  43.0523
  12.8631
  6.09035
  1.97673
  7.99046
  16.3894
  16.6852
   13.292
  2.81298
  9.54916
   16.249
  13.2016
  13.8384
  10.7577
  3.21725
   14.309
  15.1918
  8.87741
  16.4418
   34.092
  6.73137
  14.5805
  1.03282
  14.3911
 0.869061
  5.30695
  13.4087
   13.599
  14.9046
  4.43022
  11.9049
  2.32533
  8.34877
  17.1258
  1.01132
  18.3632
  21.6606
  15.5214
  17.4706
  15.3532
  4.65119
  12.3898
   23.209
  24.6623
  26.8344
  12.7358
  2.49428
 0.226339
  6.10977
  7.00902
  7.03433
   3.4811
   4.0841
  8.35746
  2.77001
  14.7392
  3.68992
  34.6236
  14.5594
  34.0885
  42.4207
  23.6021
  28.3773
  45.4556
  16.7912
   27.195
  50.4037
  42.5398
  29.4984
  19.3593
  11.9455
  10.3115
  7.30367
  44.1054
  18.7965
  40.4477
  66.7775
  60.0556
  65.3621
  3.98062
  5.77203
  9.91367
  2.94036
    2.637
  28.4935
  13.4404
  12.1013
  77.7454
  26.8533
  9.67905
   60.399
   46.025
  2.17297
  16.4571
  45.6567
  12.4092
  6.26008
  5.23478
  24.3377
  28.4821
  37.3032
  45.4533
  14.6768
  11.2076
  11.0968
  2.39118
  2.33116
  43.0762
  43.4711
  37.2637
  14.3306
  25.1867
 0.927804
  6.34243
  11.7217
  20.3308
  7.48647
  14.4678
  22.3227
  1.13914
  8.59442
  1.37999
  15.3248
0.0176107
  12.5592
 0.016478
  36.1858
  6.27887
  14.8431
  15.3404
  2.36439
  3.86455
  21.8149
  11.3914
  27.4189
  27.5017
   13.079
  6.97598
  9.48557
  9.98632
  6.06595
  3.48959
  8.40163
  6.10977
  10.5655
  1.02936
  1.64159
  1.63078
  3.65255
  8.85043
  12.2074
  2.83767
   34.364
  45.0777
  11.4116
  8.87427
  37.8048
  45.3925
  22.8265
  38.0972
  39.3211
  14.2783
  34.0309
  55.0197
  63.9145
  1.79669
  2.85578
  23.9487
   12.946
  1.59085
  65.7322
  67.3386
  37.3926
  73.7411
  36.8223
   38.127
   29.783
  18.9233
  8.55175
  16.5687
    22.74
  13.9612
  17.7028
   18.623
  21.3294
  25.3773
  23.5504
  13.1476
  10.1592
  10.6273
  7.67982
  14.1498
  38.3178
   40.113
   37.049
  27.1801
  21.1948
 0.424045
  46.6259
  40.9792
  28.7968
  1.60675
  43.0323
  14.6753
  8.75715
  35.2916
  52.9415
  5.28352
  25.7533
  2.93167
  54.0836
  15.2458
  5.35496
   14.613
  21.8025
  7.70611
   15.427
  6.92892
  21.2178
  17.5129
  36.9976
  39.1278
  12.5776
  6.03153
   13.835
  42.1746
  42.7797
  42.9641
  20.5883
  3.69574
  7.03325
  6.03047
  10.3251
  29.2857
  44.6429
   40.174
  16.6722
   12.594
  7.15414
  52.6022
  10.9122
  26.6494
   41.079
  11.7303
  49.9103
  34.1816
  9.98376
  48.6916
  32.2643
    29.44
  34.6474
  34.2591
   48.854
  9.99495
  8.48529
  19.2436
  18.6452
   41.154
  10.6873
  30.8198
  7.73143
  17.2739
  49.3898
  51.5272
  2.82267
  6.88771
  32.5699
  44.2111
   6.9129
  54.0162
  33.6527
  30.7809
  44.9788
  14.2054
  3.77216
  7.36803
  22.5224
  42.3676
  44.1613
  32.4135
  23.9309
  19.0104
  33.0955
   8.0664
  10.5738
  5.64348
  8.77335
  23.4677
  41.5446
  40.0119
  11.1249
  11.6962
  40.9787
  7.03133
  10.3054
   13.983
  7.33339
  8.21252
  3.55815
  7.38668
   40.886
  10.7834
  51.3717
  50.0783
  4.16987
   53.963
  34.6395
  11.1848
  38.0688
  10.4103
  9.80234
  17.8769
  34.7942
 0.555052
  7.92325
  56.8526
  22.5565
  36.7248
  16.7687
  12.0303
  47.6157
  39.9565
  36.1943
  1.55908
  73.7107
  62.4623
  18.8244
  12.1634
  12.7204
  5.50582
  19.5435
  17.5921
  14.8955
  15.4165
  49.4775
  19.3353
  51.0117
  44.7756
  14.9108
  4.59187
  62.4408
  75.1129
  9.72579
 0.240741
  28.1134
  8.15398
 0.381082
  36.9948
  37.4428
  25.2168
  3.79595
  3.33176
  31.4533
  22.7383
  10.5781
  10.2316
  39.4581
  44.5854
  4.68283
  8.92846
  29.6084
  22.1673
  6.30187
  35.8942
  16.0938
   44.096
  34.9823
  4.67732
   15.685
  12.2302
  3.89541
  14.9332
  17.3402
  8.03787
  5.93931
  28.1881
  20.0308
  16.5456
  47.6461
  11.0229
  3.83451
  33.1449
    6.016
  67.5377
   43.959
  12.2306
  8.01097
   45.886
  29.3913
  10.9978
  12.8584
  5.54924
  43.1013
  15.7179
  7.96808
  4.54351
  15.4568
  2.23536
  5.63508
   15.054
  53.9098
  16.4011
  33.9862
  22.5915
  33.7912
  29.0936
  35.6331
  18.4427
  2.82212
  10.0503
  41.2911
  3.23658
   31.547
   6.9745
  25.9039
  14.3035
  20.5214
  29.1061
   77.284
  15.0094
  1.28014
  44.7069
  8.46374
  3.86395
  39.6876
  34.6799
  32.2576
  9.13806
  34.7396
  59.4258
  36.2199
  1.62721
0.0319167
  42.0871
  8.30544
  14.4243
  37.3881
  12.0617
  42.6761
  31.1708
  5.40776
  8.99333
  32.0922
  7.36545
  19.0426
  16.6887
  48.1277
  38.9483
  19.5448
   34.891
  51.6361
  3.80396
  3.88517
  24.1579
  8.13927
  20.4256
   36.706
  34.8422
  7.36275
  20.1634
  43.3481
  11.8472
  17.0078
  33.8361
  13.0278
  20.9687
  17.0569
  40.4428
  6.80465
  4.19976
  25.3808
  7.31602
   49.509
  41.6228
  2.20033
  23.0769
 0.276278
  18.5183
  17.2139
  4.69795
  12.8129
  32.7165
  15.1668
  27.6824
  40.3014
  48.0642
   37.137
  32.6214
  37.8941
  12.3421
  46.7389
  34.0962
  43.6871
  28.2105
   6.1494
  11.0108
  42.2126
  2.64188
  46.5974
  33.5868
  45.8159
  24.0166
  52.0156
  46.8369
  38.6517
  49.4155
  49.5278
  43.8643
  40.8991
   31.521
  48.8706
  46.6893
  25.5584
  32.9615
  16.2772
  36.8963
  32.2005
  31.5713
  43.4182
  37.1847
   51.572
  34.1232
  36.9164
  7.08058
  18.2367
  14.3065
  46.7259
   29.221
  43.8168
  4.47609
  40.8643
  32.0053
  32.6911
  29.9153
  35.0081
  34.9103
  39.2038
  21.8154
  27.5778
 0.244528
   48.966
  9.24155
  42.8566
  40.4726
  46.8406
  17.2666
  56.9889
  14.4068
  43.9457
  45.4412
  46.5125
  52.0586
  21.1991
  36.4453
   32.764
  34.3139
  47.9129
  26.0408
  30.4135
  41.7546
  33.1177
  6.51236
  27.0453
  5.56835
  4.55667
  37.5267
   20.495
  43.7128
  24.1156
  10.3315
  9.51133
  39.7564
  43.7181
  34.6768
  34.9796
  23.4538
  4.12535
   39.184
  28.3848
  54.9515
  30.2625
  49.5175
  13.5134
  50.5491
  45.2507
  53.8037
  76.2335
  30.9492
  74.7395
  11.4729
  7.00461
  31.1881
  30.9402
   15.903
  31.1128
  24.2672
  30.1682
  9.03613
  48.2318
  1.24694