  35.8751
  37.0482
  25.5458
  15.2873
  13.8026
  15.7681
  7.85077
  7.79839
  13.5888
  13.0805
  14.1625
  8.65384
   8.3246
  17.4622
  11.5418
  48.5675
  48.4248
  14.5035
  13.9807
  14.1007
  14.5083
  15.0955
  6.50759
  14.8667
  17.8187
  4.67444
  11.9613
  10.4221
  9.74462
  35.3494
  35.0133
  31.1948
  24.6008
  5.36713
  3.10001
 0.985547
  42.7006
  43.7231
  44.0385
  29.9005
  27.4256
  23.0818
  20.5805
  35.8532
   21.627
  15.3441
  15.5393
   5.2269
    35.55
  35.5689
  37.7967
  38.6165
  29.0003
  31.9319
  27.4531
  38.1167
  31.5382
 0.994986
 0.798091
  60.6855
   76.787
  44.8286
  60.5434
  40.0858
  2.14189
  11.8788
   35.689
  36.6189
  29.6766
  33.9754
  21.7442
  17.8072
  58.0739
   59.318
  31.3903
  31.5021
  38.8004
  26.5424
  20.6581
  45.5676
  42.5399
  43.8562
  5.87733
   6.7443
  42.2338
  42.1246
   5.5688
  19.6416
  14.4296
  4.44379
  4.57301
  12.3907
    3.221
  3.95958
  9.32372
   3.2197
  10.0401
  4.07702
   6.8268
  7.40861
  1.46324
  23.8704
  34.3086
  34.6933
   35.339
  35.3995
  31.6857
   22.823
  7.89257
  11.7258
  11.7216
  18.0772
  9.24655
  18.4521
  12.3589
  7.69992
  16.2941
  12.5091
  12.8887
  17.3535
  15.8026
  14.5383
  34.0083
   6.9884
  11.9567
  10.7715
  8.10606
  12.3914
   12.425
  10.4666
  1.07509
  3.00022
  15.2044
  0.42762
  1.12825
  19.3823
   11.425
  6.91554
  10.4307
  7.08181
   6.2249
  2.07297
  5.70319
  12.1493
  7.20338
  14.6075
   14.329
  14.5422
 0.656349
  11.8825
  7.50262
  3.64155
  16.5188
  24.4154
   17.598
  16.1328
  16.3772
  11.8631
  7.08477
  19.7927
  15.0924
  6.48561
  9.31452
  9.48974
  9.10571
  10.2699
  7.79359
  11.7043
   10.361
  62.9327
  59.9918
  34.5448
   22.984
  20.0206
  20.5372
  19.4111
  22.4661
  27.7998
  30.6739
  33.0667
  31.3827
  28.4024
  36.2151
  19.0126
  23.3195
   38.336
  16.6427
  14.6267
  13.6731
  17.1614
  50.4473
  20.0626
  35.7899
  36.1694
  2.14458
  32.4325
  4.22844
  18.0512
  9.83608
  32.0151
  16.7402
  15.3626
  19.9018
  34.0918
  17.7076
   8.1855
 0.982076
  9.94979
  14.7698
  60.2167
  56.4093
  7.41402
  5.06906
  9.75237
  14.7062
  17.2544
  6.67869
  62.7258
  29.8011
  32.2731
  28.0204
  34.3995
  2.53716
  3.22927
  33.7487
  31.4732
  9.19531
  6.27155
  13.1553
  16.4981
  10.4631
  8.02381
  4.64638
  15.0405
  23.2585
  33.2255
  29.8708
  25.2893
  17.7367
   26.861
  31.5079
  32.3727
  35.7532
  35.2264
  25.3969
  15.8402
  11.3757
  3.22358
  21.6533
  29.0388
  20.0597
  38.5488
  38.1155
  61.7343
  19.6458
  55.8322
  27.0312
  34.5731
  2.77272
  12.8704
  35.0596
  47.1398
  29.7658
  35.8333
  32.0739
  29.0387
  20.6408
  25.7196
  18.3866
  20.0039
   22.614
  5.36875
  11.0102
  3.70035
  11.5062
  9.59407
  14.8395
  4.97495
  4.73292
  1.38103
  16.1261
  4.03949
  6.57585
  33.2318
  31.9151
  28.5655
  25.9579
  10.9142
  14.3953
  17.8837
  15.6665
  8.44073
  12.4203
  8.75077
   9.5638
  18.8348
  9.31359
  7.73178
  5.56101
  19.5431
  17.7175
  32.5513
  15.5215
  17.8698
  18.3076
  22.5657
  1.40234
  2.93702
  10.6132
  8.32811
  9.32721
  9.59494
  9.12498
  18.0631
  10.0573
 0.571419
  7.71836
  4.35483
  16.8893
  4.47591
   14.023
  1.04793
  8.65179
  8.56147
  8.92632
  13.7691
  19.1614
  9.18023
   8.1572
  23.0003
  44.5222
  4.99551
  12.9117
  8.32939
  18.7081
  20.0421
    15.02
  30.4449
  14.4518
  15.1818
  27.0069
  7.87822
  18.1345
  6.58819
   3.3361
  19.8211
  9.35102
  5.92575
  3.63192
  1.78228
  4.73144
  10.2514
  20.7381
   14.048
  6.31425
  38.0602
  20.4128
   39.237
  42.2336
  44.1763
  16.9016
  22.9405
  25.1985
   28.037
  25.1008
  20.5351
  31.8058
  22.4275
  21.7393
  61.9685
  28.5628
  6.12165
  20.0841
  17.5011
  9.56996
  28.8521
  27.8086
  5.29953
   14.993
  50.0736
  46.8604
  33.6302
  16.7169
  26.5949
  24.8164
  35.4577
  18.1653
  20.3741
  11.8462
 0.572122
   14.873
  49.3425
  25.7304
  27.7975
   22.402
   38.852
  10.0087
   25.297
  34.6665
  11.4312
   39.854
  2.70093
   2.4533
  28.8439
  15.3779
  8.43967
  19.6226
  50.4486
   56.021
  5.99252
  3.79909
  3.54822
  9.78952
  8.08613
  1.36064
  12.3565
  5.56532
  25.7931
  21.4073
  37.2665
  20.9271
  26.5713
  27.2665
  2.25207
  10.4678
  4.00911
  1.90714
  42.5253
  15.9295
  44.7806
  39.3117
  11.4361
  3.26565
  6.83385
  19.8668
  28.1851
  11.1615
  20.2763
  12.3508
  20.3901
  17.5187
  12.5339
  19.4641
  17.8014
  14.5725
  10.5636
  9.46075
   9.3789
  11.5356
  9.76525
  33.2259
 0.739544
  7.57514
  9.13631
  8.96525
 0.427892
 0.417757
 0.339614
  4.70957
  2.61826
  7.48966
  3.32548
  5.93431
  2.63774
  2.47619
  2.14761
  11.7042
  29.9189
  11.0182
  16.2011
  12.3475
  9.51137
  10.9476
  20.4323
  30.7666
  34.3746
  29.0148
  29.0673
  18.8692
  19.8441
  9.68887
  6.53277
  1.47428
  1.09307
  6.36936
  7.54461
  9.05473
  12.6521
  43.3789
  22.7498
  27.0049
  20.5982
  27.8164
  29.2808
  19.5721
  22.0961
  37.0386
  57.0637
  18.1491
   8.6219
  21.8792
  22.9117
  13.1263
  24.5486
  18.6172
  34.3036
  1.85853
  15.5002
   18.066
  40.2407
  43.3774
  48.9296
  11.4238
  30.0989
   38.373
  22.6874
  38.2812
   24.939
  10.4106
  10.4825
   20.676
  19.6116
  55.3025
  9.48708
  25.7131
  35.8134
  3.90233
  52.3599
   26.885
  19.5237
  31.7627
  12.1163
  14.6917
  56.2295
  13.8419
  18.1702
 0.376216
  20.8456
  32.6527
  38.1147
  16.4667
  2.42879
  18.2881
  19.5852
  4.18407
  1.12574
   1.3082
  23.2299
  24.7021
  30.9356
  14.2584
  11.7353
  9.19559
  15.4694
  13.9178
  10.8847
  14.8847
  8.01611
  21.2358
  15.0618
  10.3698
  19.4779
  9.76475
 0.941484
  10.4357
   8.6421
  12.1929
  0.46146
  38.0716
  5.78175
  3.15804
 0.502477
   14.405
  8.92153
    20.39
     10.5
  12.3821
  17.2378
  32.5318
    34.32
  32.5284
  4.26738
  3.35868
  3.87777
  10.0396
 0.519269
  8.15802
  6.12876
  19.8441
  4.04582
  6.98533
  5.28803
  6.20775
  20.5428
  9.67601
  4.68679
  5.02606
  14.9745
  1.27606
  36.8019
  41.0635
  20.8695
  19.9131
  28.2633
  38.1288
  29.9056
  30.9919
  16.6089
  2.30825
  34.5289
  34.8271
  56.1991
  39.6536
   27.544
  35.1909
  18.6242
  28.1352
   30.795
   51.357
  30.1897
  57.9299
  29.5021
  25.5317
  15.0601
  19.4642
  26.8653
  15.6655
  11.0688
  10.6952
   23.213
  12.9625
  40.3802
  24.5661
  22.1908
  43.8452
  12.0958
   13.751
  4.04827
   11.924
  15.5797
  33.6989
  33.3084
  31.6618
   2.4299
   26.463
   53.737
  20.8826
  25.7825
  43.6184
   50.936
  50.4782
  39.0091
  35.6623
  43.4692
  19.3402
  32.9228
  33.5845
  47.6374
  44.0747
  7.02733
   17.464
   24.022
  1.72375
  5.09093
  13.1131
   15.612
  14.0513
   25.008
  23.6343
  5.08272
  35.1549
  35.3745
 0.765316
  14.5662
  19.9159
 0.127552
  11.4089
  8.45259
  10.8867
  43.5147
  9.05971
  8.80519
  9.59731
  18.4573
  21.0186
  25.4691
  15.8619
  13.5003
  20.8454
  23.7657
  11.2668
  10.5351
   15.067
  14.7926
   5.4185
   33.667
  11.0736
  16.0382
  28.4707
  43.9615
  4.20831
  7.85888
  8.55399
  20.3352
  5.09178
  9.15781
  18.3447
  40.4792
  1.07507
  16.4537
  50.5591
   1.8214
  2.58605
   3.5756
0.0896329
  23.4645
  47.3553
   49.811
  34.9338
  23.6473
  36.0557
  17.6277
  10.0293
  13.9857
  6.94111
  14.8081
  25.7722
  28.3377
  27.3315
  1.11029
   1.7508
  9.48784
   48.603
  13.7172
  13.2778
  3.16608
  10.3491
  35.9939
  25.6808
  24.6974
  15.3834
   2.3835
  11.0537
  24.8914
  29.7931
  21.9845
  23.1751
  12.3241
  8.02658
 0.471252
 0.976069
  6.46678
  4.63326
  9.31609
0.0780387
  12.4723
  49.4721
  50.4056
  45.9506
  42.4784
  23.5039
  24.0731
  23.3765
  15.1527
  48.1073
  30.6636
  16.2513
  7.56739
  22.1331
  8.60731
  6.52696
  1.50871
  28.8615
  26.3816
  10.7861
  15.5202
  13.4536
0.0721323
   9.6341
  1.05564
    14.83
  42.9721
  42.3707
  2.34629
  4.04891
  9.24282
  12.2793
  46.4246
  3.83658
  7.26522
  39.7074
  42.3127
  25.6466
  4.03374
  9.16078
  12.5445
 0.025821
  28.1771
  5.26669
  56.2054
   13.178
  19.5363
 0.857118
  23.8154
  3.59754
  23.2015
  36.3252
  29.9523
  27.4329
  28.8137
  12.3241
  25.9924
  24.6561
  26.8321
  26.3364
  23.4775
  31.1417
  3.46931
  6.29062
  51.6801
  39.5768
  40.8703
  6.24393
  2.33096
  21.6097
   1.2206
 0.142904
  12.6945
  9.74525
  54.0439
  3.19024
  13.2675
  7.79232
  9.40324
  5.44084
   40.554
  34.9604
  47.6811
  60.3656
  2.09007
  3.47211
  19.0139
  13.8044
 0.464792
  35.9726
  37.6589
  9.45648
  8.54876