  1.93905
   14.433
  12.0033
  20.4137
  16.1548
  12.5949
  8.73182
 0.209217
  1.71804
  3.99907
  21.9924
  25.6439
   0.8034
  16.3128
  19.8151
  3.18965
    6.201
  8.65054
  2.38486
  1.52571
 0.601075
  2.94987
    9.157
  8.45676
  11.1817
  6.72209
  2.04932
  8.56004
   4.2779
  1.60384
  3.13136
  3.90615
  5.88884
  3.43089
  15.7166
  2.48105
  2.05632
  1.92551
  5.35957
0.0377004
  2.07198
  11.3854
  4.39821
  11.7844
  9.77641
  4.68207
  6.80633
  1.30472
  8.68316
  0.11578
  14.9252
  11.4961
  4.35982
  12.4371
  1.73381
  2.75294
  10.9158
  6.27033
  4.12315
0.0406617
  9.35757
  2.59271
  17.1533
  6.51781
  26.0446
 0.155551
  5.57955
  7.13245
  6.50064
  1.76078
  2.75643
  11.4736
  6.43954
  10.2445
  14.8389
  9.97456
  2.71914
  2.94554
  13.0614
  9.65795
  7.76924
   2.9598
  5.90758
  14.2338
  2.85653
  8.24667
  12.4113
  12.6548
    1.333
  9.94412
  3.17859
  14.8232
 0.707181
   19.584
  4.35461
  7.54749
  8.69828
  6.51732
  5.92311
  5.82098
  1.86158
  7.12724
  6.51706
  29.3315
   3.2728
  8.77245
 0.563387
   6.1995
  12.0065
  9.48924
 0.781773
  11.5802
  8.06482
  7.51506
  17.8055
  10.3647
  3.54975
   4.8162
  1.09831
  12.6518
  9.57914
  3.69246
  8.30285
  3.70811
   5.7916
 0.634106
  16.3862
  6.15453
  7.83327
   7.9612
  8.61738
  8.37544
  6.56005
  13.9018
  7.45513
   8.3645
  10.7222
  9.30779
  9.69871
  9.09125
  2.15907
   2.7041
 0.562276
  7.27865
  5.81661
  3.08349
  8.64378
  1.92715
  27.6755
  4.82786
 0.162178
  3.59202
  6.62501
  1.39608
  8.46851
  2.79855
  14.8721
  7.06756
  18.2929
  14.5383
  21.9032
 0.100244
  2.75817
  9.97106
  8.12892
  4.60364
  7.27737
  3.10745
0.0157777
  24.1856
  17.1437
  5.19557
  3.77044
  14.0448
  11.1736
  8.28519
  3.61377
  5.41648
  11.6988
  5.27153
   6.7378
  5.34053
  13.3419
  4.35757
  10.8868
  5.18438
  9.58935
  7.91381
  5.60956
  4.84767
  1.48059
  6.30105
  7.71143
    9.812
   8.3813
  12.5953
  1.93766
  10.3025
  10.7002
  12.4872
 0.865153
  8.95234
  2.39943
  8.56994
  8.74161
 0.755939
  7.07114
  17.3625
  17.0384
  12.5503
  21.0901
  12.7868
  3.36818
 0.179079
  6.78672
  1.56504
  6.20953
  3.92845
  2.16251
  9.55329
  1.78842
  5.75981
  7.33617
  10.8855
  2.55042
  6.52928
 0.489153
  11.3219
  24.0781
  14.6752
  14.9015
  4.77012
   6.6048
  5.17285
  7.58366
  1.99386
  13.1515
  10.3624
  13.3785
  11.2055
  13.2417
  2.34754
 0.416287
  8.99439
  6.07173
  6.89644
  10.9001
  23.1814
  23.1448
  5.07501
0.0165088
  23.3802
  8.98012
   6.6683
  10.5998
  5.04969
  7.39019
   4.3282
  18.2913
  18.9628
  22.3643
  2.97012
  6.49373
  9.78741
  21.9032
  18.7002
  13.6713
   11.005
  3.16313
  4.69524
  10.9005
  4.53495
  2.55895
   7.4604
  7.81315
  2.68439
  7.79828
  2.43152
  13.0694
  14.5681
  8.60447
  4.77038
0.0365175
  10.3344
  10.7025
  2.18481
  3.67126
  0.25336
  4.59565
  22.9405
  9.93594
  26.8278
  24.2322
  3.24696
  16.9703
  1.42507
  10.1793
 0.247127
 0.998672
  11.5028
  11.9198
  9.52769
  2.26479
  7.48003
  5.52413
  9.90825
  3.70198
  3.81358
   5.6257
  18.2318
  15.6057
   11.289
  13.9823
  6.24303
  16.6158
  4.15176
  21.8471
  20.9257
  8.95559
  1.64887
  8.55488
  15.3629
  2.96979
 0.835179
  3.62959
  6.09364
  11.3659
 0.459495
   5.0712
  3.75641
  1.62084
  2.44618
   14.334
  5.51226
   2.5896
  11.2833
  18.4634
  14.1378
  1.52223
  0.74594
  4.11458
  1.68661
  5.08702
  3.47105
  5.73909
  12.0871
   7.3875
  3.20254
  18.2009
  17.3532
  15.2036
   18.394
   1.0541
  8.17472
   1.0403
  9.09679
  3.49966
  11.2747
  12.3042
 0.191356
  4.73915
  4.18657
  2.95837
  2.30449
   2.9002
  5.87638
  9.22839
  3.82952
   3.9944
  1.40426
 0.560538
  2.48031
  2.62293
  4.80015
   1.7053
  8.30957
  6.16189
   1.0434
  3.18664
  1.16602
  4.10021
  8.19208
  5.24834
   8.6217
 0.630242
  8.92255
  5.90259
  1.89753
  1.41458
  3.62965
  3.96701
  8.12997
  19.4466
  8.88039
   13.651
  6.31735
  7.88681
   8.6994
  5.99829
  1.21769
  3.35259
  3.96753
   6.1552
  4.54995
  8.05367
    14.31
  7.62816
   6.4226
  3.15869
  7.02335
  1.65326
  11.2869
  1.95939
  7.31563
   14.334
 0.347488
   1.9878
   9.6762
  2.52929
  0.69753
   1.4313
  6.60157
  5.55698
  5.52088
  2.32735
  2.31976
 0.716463
  2.35932
  9.37686
  3.37405
  9.24901
  6.92151
  1.93775
   11.831
  9.98512
  14.5553
   8.4532
   14.354
  1.32318
  3.75034
   9.4813
  9.34269
  7.26853
  17.5112
 0.666199
  4.72127
  15.5713
  7.95495
  12.4821
  5.34559
 0.651869
  10.6797
 0.130195
   5.5491
  14.3021
  14.9327
    13.95
 0.222272
 0.161236
  8.52415
  8.12153
 0.136217
 0.280569
  4.27114
 0.838901
 0.623948
   10.399
  3.14327
   3.5567
  3.52201
  4.10283
  1.17852
  0.67409
  13.0781
  13.9823
  12.3305
  2.13587
   7.8728
  12.9452
  3.20832
  11.9656
  5.77335
  19.8577
  3.41992
  5.77841
  1.51211
   7.3822
  1.47869
  1.00883
  3.29551
  4.31586
  3.40715
  1.06288
   3.9703
 0.412181
  4.43126
  1.62732
  1.11285
  2.70199
  5.47203
  6.63922
  1.05881
   8.6972
  5.21995
  18.3725
  6.03052
  7.09099
  7.67674
   8.0863
  12.5368
  3.99775
  7.14019
  6.56624
   9.9802
  16.2718
   3.9829
  3.63457
  8.63962
  1.06485
  3.32298
  8.49004
  8.07528
  11.7546
  16.9926
  9.57684
  5.69483
  11.6435
  1.33075
  12.4427
  8.15657
  20.3599
  17.3265
  11.6246
  11.6657
  1.42893
  7.35054
  15.6415
  16.1851
  14.7847
  12.0463
  3.70658
  8.17387
  12.4501
  12.5761
  10.7046
  12.4156
  1.37919
 0.941766
  1.15366
  4.05587
  18.9939
 0.600712
  1.94812
 0.738177
  15.6768
  7.83469
  12.6951
  10.0521
 0.496985
  17.5181
  10.0406
   3.1359
  8.05224
  1.67096
  2.40424
 0.298482
  2.06228
  5.60347
  6.63522
  2.47072
  12.6625
  9.01787
   11.325
  4.47982
 0.115994
  4.22675
  14.4622
  4.47209
  3.63704
 0.965667
 0.483188
  8.34886
  11.2156
  2.31164
  29.8064
  30.1535
  35.7859
  1.39417
  45.9462
  39.9518
  39.0864
  39.4597
  39.3429
  26.2922
   23.631
  25.3119
  2.97017
  31.0324
  33.2442
  31.6318
  32.0939
  34.8621
  39.0863
  35.5835
   40.182
  36.1519
  35.1276
  10.1154
  4.74088
  3.03446
  33.0384
  34.2774
  31.5404
 0.867583
  38.8785
  31.8856
   15.938
  22.4559
  30.7965
  28.9354
   33.687
  2.00341
  18.9338
  38.0774
  40.3202
  29.3909
  40.2402
  45.7113
  40.1455
  35.7399
  36.7569
  37.9459
  35.9487
  0.21105
  46.9358
  39.8511
  36.2207
  40.5624
  14.4529
  37.2819
  32.7394
  2.53776
  27.7203
  31.0753
  2.46414
  30.0722
  21.4821
  12.0498
  19.0155
  31.9142
  41.4469
   41.335
  42.9504
  29.6568
  29.9424
  6.88853
  42.4329
  39.0926
  34.7415
  31.0379
  32.5636
  8.36865
  28.1458
  13.4055
   33.187
  32.6726
  38.6551
  36.8726
  41.0034
  38.3219
  36.4655
  27.7918
  27.3322
  32.9099
   20.626
  42.0494
  40.3093
  25.4049
  35.6603
  35.6603
  36.0414
  40.7437
  41.1916
  38.0855
  44.2629
  41.2512
  13.0362
  26.9025
  27.6734
  40.9272
  36.9119
  14.1612
  9.85637
  9.91045
  39.7743
  31.5003
  36.4473
  33.1595
  26.3132
  40.7568
  46.0289
  39.6928
  41.7386
  30.1042
  35.8968
  20.0449
  5.12633
  29.5695
  26.4179
  36.0469
  34.1678
  36.3386
  30.2532
  32.4686
  34.0389
  33.1648
  17.0397
  20.3938
 0.632628
  30.7815
  33.1225
  17.9794
  27.1322
  35.6192
  18.1328
   16.019
  33.4036
  35.7341
  29.5678
  31.1286
  30.5918
  34.9605
  35.4354
  42.9202
  35.6725
     7.84
   20.626
  15.6583
  13.2382
   28.308
  17.5032
  11.6653
   39.948
  37.9625
  30.4634
  34.7235
  41.4033
  40.4359
  43.2812
  38.6016
  29.0397
  32.4539
  38.3114
  29.4342
   25.373
  39.4516
  38.2839
  33.6784
  36.2394
  39.9493
   36.529
  38.5674
  38.1889
  42.9718
   25.081
  36.6564
  40.2113
  40.9484
  38.5973
  39.1089
    30.63
  36.9695
  34.4641
  38.2491
   36.362
  28.7455
   34.448
   29.089
  28.4847
  12.9476
  17.3093
  25.8815
  35.1428
  32.7903
  30.0521
  33.2086
   41.187
  44.2618
  40.7823
  41.1575
  4.63169
  32.0108
  33.7422
  18.1251
  5.31516
  42.2921
  42.2492
  38.3411
  39.1224
  41.0504
  42.4446
  42.7847
  44.0728
  39.4125
  42.8203
  41.6902
  32.6465
  26.8449
   14.627
  31.6545
   30.143
  36.9873
  39.9064
  39.1848
  36.5017
   37.086
  24.9343
  35.5261
   13.573
  23.7119
  34.5911
  34.9193
  35.8582
  35.0302
  31.6892
  33.7555
   33.344
  27.6061
  33.8384
  36.7676
  37.5285
  49.9009
  45.5407
  41.1106
  29.5533
  30.3093
  33.6554
  43.3275
    28.73
  30.0003
  11.9052
  35.5861
  32.7931
  34.7113
  34.4621
  36.3348
   30.395
  29.7449
  33.9459
   32.442
  35.0027
  35.6976
  20.2669
  32.8839
  33.4469
  32.6865
  31.6201
  37.0099
  38.3916
   42.419
  40.6547
  35.9434
  38.6644
   36.912
  3.02489
  34.8375
  34.7683
  37.0864
  32.8969
  33.5956
  30.4783
  34.7278
  39.7445
  43.7884
  37.3349
  38.9155
  39.7515
  39.3599
  3.78284
  10.9944
  29.0127
  32.3569
 0.187053
  33.8256
  34.2349
  36.2431
  37.3151
  23.9735
  17.4495
  23.1619
  20.3507
   32.431
  2.29411
  39.5644
  33.6043
  38.1558
  35.1489
  40.4628
  46.2021
  36.5257
  28.3334
   23.631
  26.1411
  33.4816
  44.1099
   44.203
  42.0099
  41.9985
   45.989
  42.4017
  40.6618
  42.6089
  32.3161
  9.14616
  40.3649
  38.9045
  38.6797
  44.6959
  14.5212
  36.6473
  10.4049
  45.4689
  38.2686
  33.5768
  31.6002
  24.4161
   37.591
  37.6481
  50.2404
  40.5808
  39.6095
  40.9645
  20.9184
  13.9157
   32.248
  32.5802
  29.9479
  34.2548
   41.935
  45.0106
  36.9482
  38.0553
   39.265
  30.9746
  46.4324
  44.2133
  38.5989
  38.0152
  43.2204
  40.8272
  37.4574
  44.0315
  38.8222
   42.466
  35.8347
  40.5932
  38.4112
  31.5997
  31.0574
  34.4791
  41.3442
  38.8929
  39.8984
  37.7495
  33.1501
  37.3661
  35.9926
  15.3915
  36.8578
  39.7069
  36.8292
  45.2507
  36.8292
  44.1567
  42.4705
  41.9313
  38.7753
  40.9266
  39.0435
  41.2433
  43.6443
  37.5078
  38.5055
  33.9061
  32.2525
  32.9594
   29.741
  4.30034
  38.1057
  33.2552
    34.44
  35.9572
  26.4241
  30.6148
  29.5449
  33.4927
  32.8701
  19.5758
  34.7826
  29.4991
  31.1199
  31.5208
  34.2062
  37.3598
   34.156
  34.4548
  36.0422
   30.826
  35.0563
   41.097
  38.6181
   40.933
  17.5258
  14.7975
  34.1953
  22.8377
   33.958
  35.1818
  25.5002
  34.2973
  30.4368
  40.7115
  40.4791
  40.0798
  38.8237
  34.1504
  24.9061
  40.1653
  36.4787
  33.7026
  40.5494
  23.5469
   40.203
  34.3685
  41.5032
  43.3518
  40.1753
  40.4919
  11.9148
  31.5164
   34.866
  23.8619
   24.516
  32.1718
  31.0429
  36.4425
  26.1168
  30.6118
  35.2655
  37.2388
  29.6486
  32.8084
   38.952
  27.2449
  36.4425
  36.4305
  30.6855
  37.6915
  32.8683
  38.2276
  38.7242
  33.2542
  19.6107
  29.8713
   14.275
  32.8008
  29.0598
  21.7102
  30.9059
  32.5839
  8.09687
  31.6837
   33.238
  31.9283
  35.5524
  35.0227
  31.7919
  33.4697
  30.7353
  35.3054
  31.9075
  31.6302
 0.821303
  32.9965
  33.1348
  21.2308
   17.479
  25.4747
  4.55868
  15.0362
  14.5112
  8.29879
  2.48559
  30.8427
  31.7495
  6.75514
  19.2399
  14.2395
   14.725
  26.1888
  3.80023
  38.1372
   19.497
  34.5587
   36.417
   9.8742
  17.2285
   10.316
  1.00263
  19.2319
  25.6069
  33.5801
  10.4393
  26.1443
  14.4658
   8.2923
  4.74797
  23.4999
  19.1784
  25.4341
   29.517
  36.3731
  23.7364
  31.9352
  21.5309
  13.6242