 1.9259
 5.6755
5.79677
5.90804
8.18214
8.55201
8.58958
9.02104
9.55378
9.86632
9.93884
10.2482
11.4269
 11.558
 11.731
12.3811
13.6186
13.8406
13.9563
14.4614
15.0637
15.1218
15.4453
16.5061
17.3539
17.3643
17.4041
17.5914
17.6076
17.7662
17.9125
18.2711
18.7422
19.0498
19.0671
19.4859
19.5992
  19.66
19.7879
19.9021
20.1707
20.2683
20.4671
20.5195
20.5665
20.9335
21.0014
21.1477
 21.207
21.6275
21.7074
21.7101
22.1241
22.6762
22.9483
23.1959
23.3548
24.3734
24.3953
24.7532
24.8214
24.8727
25.5174
25.8639
26.0669
26.2594
 26.607
27.0081
27.3843
28.2596
28.6973
 28.766
  29.31
29.6069
 30.363
30.6679
30.7058
31.1341
31.6973
32.0223
32.1809
32.3714
33.1518
33.3064
33.5143
 34.316
34.3429
35.0866
35.2294
35.3397
35.4524
35.5161
35.6433
36.0062
36.1977
36.6812
36.9016
37.3941
37.6779
38.4553
38.5625
38.8879
38.9071
38.9425
39.4297
39.4718
  39.81
39.8876
39.9401
40.5134
40.7418
 41.344
41.4805
41.6157
41.7438
42.0149
42.8196
43.5227
43.5545
 43.571
 43.664
43.8246
44.6553
44.8966
45.0154
45.1128
45.2048
45.2627
45.3957
 45.458
46.0571
46.3221
46.3283
46.6869
46.7947
46.9286
47.4122
47.4181
47.7933
 47.969
48.1214
48.2429
48.3087
48.3408
48.6478
48.7263
49.0574
49.3497
49.3661
49.3876
49.9008
49.9751
50.8899
50.9823
51.6336
 51.714
51.7334
51.7738
52.3336
52.4608
52.5642
53.0997
53.3136
53.3452
53.6118
53.8593
54.2025
54.2283
54.2804
55.0289
55.0472
55.2051
55.2968
56.0803
56.1691
56.2385
56.3528
56.4067
56.5934
56.6781
56.7627
57.0583
57.9239
58.0241
58.5171
58.7396
59.1439
59.4379
59.5374
60.0665
60.6005
61.1419
61.2984
62.7894
62.8825
62.9989
63.2176
63.4652
63.4725
64.2702
64.4056
64.5507
64.6197
65.5432
65.5611
65.5722
65.5754
65.6354
65.6444
65.9876
66.4888
66.5997
66.7015
66.7572
67.2968
67.7613
67.8734
68.5147
70.0984
71.5564
 72.498
74.2649
74.4029
74.5396
74.5858
75.2843
76.5224
 77.201
77.9367
78.0168
79.6796
80.5183
 81.109
81.7974
82.9268
84.3033
86.6302
87.0107
89.3795