   1.15161
    9.8151
   8.34367
   18.6611
   35.2091
    5.5562
   18.2032
   37.5113
   12.2905
  0.974659
   18.5855
   17.9159
  0.585114
   30.0557
   12.9481
    5.1853
   21.4528
   2.18439
   14.7519
  0.697112
   1.21644
   31.0132
   33.0338
   2.12632
   15.0698
    36.592
    21.669
    5.5301
   4.45522
  0.990845
   9.96435
   27.1283
   35.9366
  0.751237
   2.41852
   61.0946
   34.7541
   2.09268
   8.14472
   43.5994
   44.6798
   40.8567
   6.01379
   5.56735
   12.2079
   44.4575
   40.6363
   5.85984
    7.6184
   28.9311
   27.2674
   2.33933
   20.3496
   22.0756
   11.8365
   10.1605
    23.031
   25.4582
   15.6925
   13.2972
   31.2046
   2.51982
    2.7825
   4.60182
   16.7217
   34.8055
    10.209
  0.294566
   8.20174
   19.3943
    1.9793
   16.0098
   3.77522
  0.127765
   28.7688
    23.586
   7.65391
   20.6032
   28.6597
   5.52137
    7.4912
   13.5912
   3.60944
    4.4331
    22.411
   20.5604
   21.0051
   46.0107
    22.924
   27.2143
  0.447549
   17.6209
   2.61585
   35.4338
   30.2557
   32.2207
   12.9398
   25.3345
    40.841
   42.5125
    26.751
   3.41399
   12.3986
   3.71748
   9.85845
   11.3881
   19.5222
   3.77703
   13.4554
   5.80239
    29.433
   1.12713
   35.4883
   14.4649
   0.64632
   4.16025
   1.95459
   7.87198
   12.2525
   16.4859
    9.2356
   15.9911
   7.86519
   14.1269
   12.3882
   13.1655
    12.024
   3.91206
   2.61547
   29.5649
   5.77944
   2.18626
   20.5385
  0.973171
    1.1407
   10.2399
   8.34993
   12.5597
   9.38755
  0.853761
   40.4385
    14.612
   8.60175
   9.97892
   47.2818
   8.85716
   14.1561
   34.7251
   16.7533
   50.7065
   12.0071
   8.16783
   3.27436
   1.94838
   1.63976
    3.3151
   3.58906
   5.13296
   17.3768
   5.32727
  0.527667
   5.68106
  0.363585
   23.1839
   9.84739
   8.69989
    5.0436
   16.7171
    2.3338
   41.9274
   32.6187
   15.4599
   15.4588
   32.6686
   9.20902
   8.83826
   20.1557
   10.6105
    5.6139
   2.60247
   29.3969
   10.6613
   0.39068
   4.50418
   10.1859
   44.0635
   45.9818
   34.8858
   19.0836
   11.6592
     10.99
   10.7957
   2.04625
   7.64914
   3.11034
   1.34915
   5.41902
   18.1433
   5.94684
   29.4588
   9.02776
   20.4199
   7.03117
    13.267
   2.06932
   4.30451
   10.3954
   25.6485
   1.18013
   5.68654
   28.3616
     1.874
   4.60688
   16.1858
   9.80983
   3.05405
   4.63839
   15.1573
   1.13909
    14.956
   14.0623
   1.54789
   19.2997
   24.7015
   9.53219
   11.7315
   31.7452
   40.7884
    1.5719
 0.0572667
   29.9909
   37.3411
   13.7023
    14.027
 0.0830052
   11.7566
  0.887834
   6.27477
      2.79
   14.6486
   5.89744
   1.53071
   6.63246
   10.0909
   11.4595
   5.64374
   46.0655
   47.6675
    48.035
   42.6091
   24.3648
   11.0926
   1.41364
   31.1026
   1.90331
   7.29959
   6.25728
   14.1815
    16.694
   11.2773
   9.92072
  0.153615
   20.6042
   22.9936
   49.8533
   46.2937
   3.16699
   8.84681
   8.75989
   8.07194
   2.07468
   35.4467
  0.840596
   12.7426
   10.9911
   4.13484
   10.4063
       9.5
   14.1565
   5.29797
   0.90913
   21.0216
   27.0699
   46.8116
   28.8709
   8.43628
   14.5239
   2.71043
   10.1931
   6.06038
   7.72782
    14.569
   2.81593
   7.47411
    5.4262
   5.84322
   49.2377
   14.4755
   8.09772
0.00496502
   12.2347
   17.9089
   12.1436
   14.0021
   28.9281
    30.614
   3.50621
   4.90372
   9.43481
   2.64236
   36.7614
   17.0122
   39.3519
   3.45864
   11.2919
    11.482
   14.6818
   1.79251
   3.55778
   7.47203
   6.42756
   8.72981
   2.31035
   5.07152
   28.2611
   30.9151
   1.27579
   4.31716
   13.0428
  0.730331
   14.0907
   3.38201
   1.37698
    12.414
   6.02118
   9.12389
   24.3119
    18.159
   11.8716
   17.6766
   24.6022
   3.40633
   5.98816
    2.9023
   45.6195
   3.28443
   14.2727
   14.9986
   47.0371
   11.5498
   13.8854
   1.70805
   11.8492
   4.08466
   7.57082
   7.10462
   4.38959
    8.1183
   39.8735
   35.2648
   35.9979
   24.7271
   1.32622
   37.3629
   21.5496
   18.5307
   7.49899
   14.6303
   1.26616
   37.1628
   29.4266
    14.842
   0.26776
    2.1224
   7.22853
   13.2457
   7.19195
   12.6749
   10.1982
   7.49505
  0.148002
   2.68033
   8.71272
   3.82305
   9.63684
     37.47
   19.2606
   7.80418
   3.23266
   4.53044
   1.30547
   2.52144
  0.324752
   15.1008
  0.338438
  0.139256
  0.398958
   12.2494
   3.29319
   11.1337
   16.5556
   1.07559
   52.6349
   28.9326
   15.8511
   36.7633
   2.18026
    17.487
  0.182639
   10.2797
   6.82124
   3.14818
   15.5865
   10.6307
   15.3759
   2.98284
    14.829
   10.0743
   30.4284
   19.3391
   13.8258
   10.3141
   1.29405
   4.80186
   25.6447
   6.98633
    6.6837
   17.7828
   8.36204
   37.2713
   31.4471
   13.0653
   10.5916
   7.35099
   16.8305
   10.8166
   35.9195
   19.4748
   9.47124
   6.00278
   36.7817
   3.19801
   6.15685
   18.2219
   1.95489
   10.9237
   5.41051
   32.1042
   37.7189
   28.7814
   11.8665
   9.55613
   35.7857
   4.20802
   3.87191
   12.4484
   5.23512
   4.30144
   37.8197
   11.1478
    11.486
   17.6175
   40.4607
   33.2631
   19.4062
   23.2827
   7.82552
   5.81434
   2.16005
   15.7752
   11.4135
   10.7093
   4.67899
   28.9412
   43.6234
   16.1099
   2.44403
   8.41267
   1.18408
   40.7245
   3.56403
   13.0507
   6.03147
   1.04324
    3.9822
   33.5118
   6.80733
  0.703024
   30.5994
   47.0549
   5.95058
     1.174
   3.07969
    23.263
   15.6392
   10.4538
     42.17
   21.5915
   7.77416
   2.10939
   2.29956
    6.3102
   1.19565
   13.0238
   11.7353
   16.4663
   8.96561
   18.4902
   13.4841
    3.9165
   47.8825
   27.3947
   18.7356
   15.3631
   6.95078
   8.72741
   9.70574
   6.90794
   11.8803
     5.312
   16.5832
   6.92327
   3.58404
   2.38938
   5.90619
   26.1562
   0.12655
  0.156281
   2.42997
   13.6649
   3.62666
   4.69281
   1.74401
   3.46063
   12.2178
   35.7143
   13.2378
   6.28837
   11.3471
    3.5404
   6.38532
   45.5926
   6.71681
   7.12223
   10.7139
   3.42333
   7.28769
   32.3626
  0.468548
   8.72612
   2.76091
   3.81942
   30.5805
   10.4097
   3.85536
   19.0749
   11.2317
   16.0038
   7.28769
   9.49558
   5.05491
   9.39112
   8.07251
   15.9609
   38.0692
   3.71986
   9.81577
   1.91609
   1.88643
   3.58889
   5.06325
   2.96733
   4.45926
   1.55039
  0.300114
   4.69554
   5.13308
   1.19191
   0.14616
   1.60575
   5.16942
   5.00271
   18.2299
   23.3873
   17.9148
   37.2968
   4.28934
   18.6499
   7.28769
   5.58856
   19.5175
    10.832
   1.06006
   16.2779
   32.2887
   3.01677
   7.58074
  0.666697
   12.8467
   16.6801
   21.5653
   32.4402
   10.8766
   5.37488
   16.4564
   8.21622
   4.81075
   18.5576
   6.69495
   19.8521
   4.04859
  0.274387
     12.65
    15.213
   13.0974
   6.19611
   40.4363
   5.68071
   11.3358
   7.23318
   3.21602
   16.1138
   12.5034
    15.201
   9.24453
    4.6712
   22.6454
   31.9302
   1.64973
   3.14168
   2.97641
   3.37939
   5.13827
   31.4545
   28.4344
   42.1848
   13.0229
   40.5707
   4.89843
   5.08167
   5.41881