  9.72821
  10.4782
  12.7165
  7.33233
  7.07344
   13.195
0.0814375
 0.972669
  8.46092
  10.9908
  9.91306
  11.7341
  1.85057
  2.95218
  2.82575
  3.79548
  12.3853
   5.6119
  29.2977
  23.1503
  34.8115
   50.582
  19.2411
  19.8281
  28.1008
  9.14637
  4.95177
  3.20361
  4.05964
  5.96714
  4.70243
  13.0089
  29.8536
  27.2271
  10.1953
  1.57957
  3.46154
  11.7732
  10.1263
   15.987
   5.2701
   5.4802
  33.6675
   30.722
  3.06504
  11.9724
  10.8966
  4.41854
  12.6558
 0.856089
  13.5695
  1.48624
  5.00007
  3.55031
  6.31443
  3.74572
  4.65749
   13.788
  13.0424
 0.833039
  10.4703
  6.53373
  4.05339
  19.9986
  29.8734
  39.5343
  3.14489
   4.1315
  13.9114
  2.76117
  1.61462
  5.92948
  4.30833
   17.648
  14.6789
  9.49192
  12.5621
  20.9008
  24.9696
  2.82069
  12.8176
  10.2755
  2.00874
 0.175994
   3.6505
 0.678539
  10.1928
  10.7501
  1.96801
  12.5725
  12.3292
  3.70201
  8.63838
  6.16776
 0.383896
  2.82805
  5.34396
    1.248
  19.5671
  10.7674
  18.9776
  6.23523
  7.63112
  13.2374
  1.11576
  37.1087
  18.5942
   12.398
  14.2749
   2.0542
  8.91399
 0.365565
  6.34264
  2.92904
  6.27779
  3.71855
  3.14651
  5.59823
  21.0328
  9.40281
  11.3193
  4.19793
  10.3603
  3.20744
  9.73409
  12.3897
  0.31963
  7.91464
   29.653
  11.0457
  2.58394
  3.36983
 0.723564
  9.86187
  12.6779
  7.10877
  4.89194
  13.5149
  17.3309
  44.4688
  33.6198
  10.7698
  2.46399
  6.18497
  8.39005
  4.42715
  6.99647
  5.78489
  24.1511
  21.9464
  30.7229
  37.4758
  5.89721
  6.08438
  16.7426
   13.628
  10.3461
  8.46025
  11.4666
  4.15143
   4.8201
  7.28445
  12.7456
  11.7204
  3.84556
 0.546118
  6.33763
  15.2082
 0.797954
  9.40414
  1.15955
  3.76983
  5.45746
  21.4954
 0.960938
  4.17454
  2.28864
   5.5703
  3.78839
 0.544026
  13.8987
  11.3324
   37.309
  2.15567
  9.13899
  15.7451
  13.9756
  11.6964
  14.6309
  15.6385
  15.4791
  1.81293
  23.5924
  53.4556
   54.287
  7.93411
 0.419062
  6.67038
  7.23156
  2.72099
 0.218392
   13.012
  3.04075
  5.71677
  8.76947
  13.4394
  15.8735
  10.8991
  18.8156
  14.5712
  20.3287
  1.66289
  11.0881
  3.68044
   12.363
  7.12264
   15.238
 0.378252
  11.5495
  10.0595
  4.62342
  1.66876
  1.17559
  7.63692
  5.80966
  13.2144
  6.87409
  18.4496
  45.6466
  3.85867
  1.34936
  2.76469
  1.78551
  30.2701
   20.077
  3.31797
  38.8278
  5.85429
  1.09361
  2.99482
  5.44362
  11.4076
  19.1708
  5.99419
  14.5811
  14.5612
   32.816
  2.15959
  23.3242
  13.1225
  4.21676
  5.17096
  0.15209
   23.486
  4.23856
  4.94072
  5.87517
  7.78212
  6.54478
  6.99916
   3.8178
  2.74125
  3.05965
  9.31497
  4.53885
  10.1939
   3.4168
  7.55678
  10.3533
  12.1432
   2.7297
  4.81572
  3.18613
  11.0362
  2.41015
   13.188
  17.3198
  1.26653
  1.86745
  3.31061
  3.26068
  6.89817
  0.96639
  4.86878
  1.64313
  2.38216
  7.44037
  2.09127
  13.2257
  1.35099
  9.81256
  3.64529
  9.90746
 0.886007
  8.93556
  4.90326
  1.40074
  3.52295
   20.292
  26.6696
  8.98726
  29.1859
  13.2193
  2.58704
 0.176594
  2.48186
  4.29406
  2.22339
  8.60738
   4.8866
 0.115703
  4.22125
  5.13965
  7.42182
  5.53056
  8.18913
  10.9775
  27.9935
  38.4106
  1.16954
  9.07107
  6.10604
  6.58229
  4.85005
  25.6374
  28.4693
  14.7502
  7.55456
  2.58043
 0.423616
  4.05902
  12.7001
  13.4626
  16.6862
  15.5488
   3.0739
 0.301995
  6.28986
  1.16521
  4.61305
  1.49217
  3.69436
  5.91191
  5.40769
 0.598185
  10.8781
  2.63686
  3.67738
  6.34322
  3.83288
  4.00069
   33.406
  34.7496
  10.2009
  15.2237
  9.25202
  2.03136
  1.95494
  30.4364
  26.5471
  6.38873
  7.59891
  21.8882
  7.24964
  11.7507
  3.58424
  8.56878
  7.19779
  9.51777
  2.29063
  36.2497
  26.3382
  2.67282
 0.160495
  32.7568
  5.38438
  4.73514
  9.84708
  2.85878
 0.303096
  2.95825
  7.71988
  27.6538
  14.9736
  2.10724
  8.26076
  18.9741
  28.1445
  8.52382
  17.3809
   0.5005
  4.40577
  10.7846
  31.7494
   3.0547
  1.23971
  1.15303
  8.14536
  6.73366
 0.097962
  20.3171
  4.17023
  6.85541
  17.6271
  1.52132
  31.0083
  5.77489
  31.9682
  6.48237
  10.7618
  5.98496
  18.3277
  2.52883
  3.85809
  5.13946
  4.52924
  5.85093
  33.6122
  7.91725
  32.2091
  30.5262
  3.61513
   6.9276
  18.0725
  9.01731
 0.683015
  4.30685
  3.74943
  4.47609
  35.1336
  33.7155
  7.64507
  0.96557
  5.27674
   6.1544
  6.93344
  31.1211
  7.82692
  6.03877
  10.9746
  3.33505
  13.9458
  8.82539
  7.62432
  8.80931
  11.2917
  4.96411
  7.00426
  5.26569
  5.55156
 0.912495
  11.7153
  8.84921
  17.0066
  28.2509
  21.4368
  22.9713
  18.9238
  12.4064
  18.0699
  13.9923
  2.08415
  16.8324
  20.6297
   28.667
  26.5684
  7.91407
  10.7495
  22.4403
  7.65009
  32.9527
  16.1017
  5.21919
  5.24435
  3.79924
  5.64416
  19.6789
  10.5081
  17.6753
  30.0699
   9.9433
  20.9514
   5.7381
  2.31141
  8.38094
  1.37467
    2.846
  2.79988
  5.75815
  4.50614
  5.48856
  0.73551
  5.88339
 0.742806
  22.7263
  26.7874
  6.38867
  1.54206
  2.92432
  5.79393
  5.52488
   9.7048
  5.42431
  4.42146
  10.9813
  10.0759
  7.29451
  2.28441
  13.5599
   2.0349
  2.44446
  9.50918
 0.626451
  8.05495
  7.91534
  3.70822
   12.736
  7.41944
  5.44932
  3.91559
  14.9775
   8.7465
  8.60779
  6.80745
  27.0835
  20.3482
  27.9165
  5.82279
  30.3628
  5.88933
  28.9604
  0.92231
  38.0171
  3.12047
  5.59265
  4.39045
  3.99991
  8.69896
  7.69087
  27.2461
  11.1918
  10.5369
   17.032
  20.4657
  2.40795
  7.16378
  5.47273
  19.7735
 0.727567
  16.4923
  13.8075
  21.3067
  35.0103
  6.21199
  3.02556
  7.20364
  20.2421
  16.6491
  17.0347
  24.0538
  11.6322
  12.5092
  11.7991
  5.37227
  37.8027
  3.98267
  12.8876
  10.7247
  6.56391
  12.5028
  27.5445
  38.1268
  10.6245
  10.5123
  11.4883
  20.7802
  24.7734
  7.99044
  7.55633
  3.22816
  1.59261
  3.73226
  3.28272
   18.625
   1.8042
  30.6827
 0.743518
  8.39205
  2.70802
  19.4042
  16.3348
  5.52136
  3.60715
   14.861
  2.20135
   7.2047
  1.15011
  11.2431
  34.0791
  29.7131
   7.6929
  6.56984
  5.86131
  2.57822
  2.55421
  5.56688
  17.9603
  1.91119
  16.9031
  37.6926
  27.7756
   10.564
   6.7816
  34.5571
  5.52771
  5.81148
   2.5696
  18.6596
   35.587
  4.27094
  1.53722
  14.4341
  14.6152
  1.23576
  25.2557
  9.09238
  26.6691
  14.6827
  8.61821
  5.30113
  42.6619
  39.4375
  34.8871
  12.2116
  30.0021
  9.18458
  10.4442
  11.5296
  14.6965
  6.80908
  36.8493
  1.59249
  23.0954
  8.42017
  15.6267
  10.4792
  19.3726
  21.8881
 0.513676
  9.02358
  11.7603
   7.8764
  15.4925
  36.1345
    36.85
  9.24905
  5.25687
  1.16196
  6.17555
  10.6669
  1.18667
  12.3124
 0.503582
  17.5846
  7.81632
  26.6521
  31.9111
  26.6789
  5.29512
  2.78335
  13.6825
  1.93934
  17.4737
   7.1246
  15.9585
   5.4851
  6.97532
  1.03755
  8.08424
  1.97251
  15.8401
  1.91927
    28.34
  7.64595
   20.736
  9.88993
  3.56557
  9.21282
  4.98439
  7.65819
  5.30325
  6.74157
  2.85324
  12.6461
  37.3982
   39.334
  6.61641
  4.70306
  4.35082
   33.378
  15.6143
  4.66543
  15.3417
  4.09492
  26.4781
  11.9546
   23.083
  13.3366
  18.2032
  25.0997
  6.15307
  8.56425
  5.16565
  29.5191
   3.5413
   8.4517
   8.4024
  9.15253
  2.09853
  2.86029
  30.9083
  2.40043
  17.0072
 0.111654
  2.19071
  1.96388
  6.09157
  6.00202
  23.0065
  2.21953
  2.23046
  15.2828
 0.462536
  4.69086
  11.2036
  3.44137
   10.146
  31.1228
  5.80447
  15.1378
  3.75536
  18.1057
  9.01252
  22.3093
  1.37133
  4.18054
  17.9551
  4.36258
  9.96733
  7.62518
   44.736
  10.2317
  1.73548
  22.7104
  11.8096
 0.714628
  21.5494
  29.7799
   5.8691
  1.10614
  38.6359
  24.2622
  20.8324
  39.7605
  2.90317
  5.27737
  9.85283
  5.30795
  1.53086
  26.7995
  33.8724
  30.5858
   6.5414
  31.1473
   2.8371
  32.6539
  4.78547
0.0216335
  42.8882
  6.12838
  12.7567
  5.76247
  44.9251
  11.1081
  10.4246
   7.8628
  7.52909
  7.92309
  32.1325
  3.80449
 0.893922
  16.5723
  15.7231
  23.6903
  35.6437
  8.79801
  20.7579
 0.280313
  4.06206
  21.5711
  6.07771
  5.22169
  29.3276
  23.1335
  29.9955
  5.99872
  7.92534
  11.1743
  24.2824
  5.60298
   1.2268
  1.96908
  3.20771
  30.3879
  10.2621
  24.2174
  29.8073
  3.39594
  8.24828
  37.9892
  1.41425
  31.0797
  27.5591
    31.86
  3.85222
  13.8091
  6.80105
  29.4865
   6.8801
   4.1913
  27.5183
  27.6519
  35.3321
  23.0312
  39.3022
  22.8214
  22.2023
  26.6427
  36.7034
  10.4982
  16.0404
  9.64391
  8.69338
  12.8265
  3.84061
   0.5698
  1.46841
  8.93591
  8.35208
  30.6046
  23.7992
  5.56469
   7.1588
  37.7979
  36.7177
  39.1116
   23.045
  42.0144
  22.4177
  3.70066
  21.3026
  14.4803
  2.18351
  18.5565
   8.8738
  30.9099
  52.7072
  19.9298
  32.7159
  7.45745
    23.99
  29.2138
  42.4896
  5.22206
  2.88437
  6.89023
  9.57634
  32.2668
  32.2846
  18.5367
  8.98615
  23.3532
  13.8499
  12.3625
   3.1649
  18.2084
   11.546
   1.7613
  53.5351
  22.1978
  5.43167
  38.7206
  4.48988
  9.90798
  7.00194
   13.544
  2.51906
  34.9613
  21.9681
  3.86914
  4.18446
  6.54302
  24.9962
0.0193138
  5.18205
  2.33687
  5.70151
  10.0863
  41.3674
  3.90949
  11.3107
   7.8823
  7.52816
  27.4969
  7.30078
  23.9339
  7.03231
  5.28275
  9.50797
   14.775
  5.10943
  7.38893
  38.7106
  4.93581
   17.561
  4.91281
  19.0976
  27.4496
  35.8754
   25.238
  2.21517
   20.201
  22.6718
  27.7072
  32.0799
  14.9474
  10.4143
    17.72
  24.9316
  17.2879
  25.2261
  34.3253
  11.9893
  6.57453
   1.4117
  5.13044
  29.5354
  28.0195
  14.6337
  8.07716
  9.71916
  17.5626
  4.63767
  26.9462
  5.04151
  14.5981
  3.59332
  13.9367
  26.9973
  31.7824
  5.74226
  11.5302
  18.1521
 0.802276
   20.201
  6.50222
  36.9242
  5.18267
   3.3913
  27.9246
  2.74358
0.0935897
  5.67949
  7.92736
 0.631387
  32.5788
  28.8574
  14.7259
  20.8099