47.7377
 60.613
 60.502
54.7362
56.4668
50.9845
 40.984
36.7633
40.2395
36.0983
43.6872
53.0764
55.4285
43.7423
38.6543
50.6196
37.9191
36.7138
36.7439
76.2444
 67.772
72.1771
74.6535
79.1493
56.2425
53.3022
44.8575
55.4758
42.7394
50.8707
59.5592
24.8986
50.2718
28.1968
85.1795
86.0833
50.2452
35.3254
66.3168
 63.567
49.2891
51.0104
55.1747
86.1298
53.6178
35.7155
45.7719
62.4358
  66.85
48.1532
40.7957
20.7994
49.7666
  38.09
54.4861
63.5652
72.2098
 86.583
50.1152
85.7968
 53.078
  8.226
38.0601
51.0104
62.7551
 76.981
34.9938
42.1395
 28.101
39.4976
48.8154
38.7136
35.1943
37.3513
51.6791
72.2099
65.9532
71.4682
72.9064
57.3071
65.8468
62.9251
67.9808
52.1957
16.8584
25.4107
42.7721
 58.567
54.4215
66.5259
31.6602
22.7717
49.9069
50.9982
41.9209
73.2983
65.2301
64.2185
23.7832
  39.96
 55.564
74.2241
50.0026
46.8005
47.9621
47.3168
70.8116
74.6547
69.5653
 54.802
 66.689
4.83541
 41.215
82.8915
38.6334
54.3553
 34.357
42.6129
74.5098
63.2747
74.3244
 52.989
58.6883
57.8012
54.2406
56.9944
55.1077
52.1489
64.3692
63.6819
38.0601
87.2036
42.7511
15.8026
72.8384
64.3942
33.9717
72.3251
54.0003
54.5558
72.6463
54.0245
12.6902
50.4756
58.6587
46.3437
74.4173
46.2491
51.9702
63.6968
58.5675
49.9069
31.6424
30.9536
20.7868
11.3302
86.9402
59.3644
58.6743
 55.428
53.4408
38.0965
 37.393
56.9119
32.7417
61.6003
58.6939
54.8775
72.6674
76.9084
66.6547
36.9856
43.3193
42.1545
72.3841
47.5731
77.7469
45.2974
41.5728
57.5164
89.4651
54.4978
55.1772
 85.725
53.3625
54.3211
53.0923
3.03493
46.0523
22.7155
 34.392
51.3182
35.4438
50.9371
 63.818
43.6116
51.6825
48.0649
74.5094
50.1093
44.1215
33.0861
50.4755
31.6666
62.2549
61.8289
22.3586
 35.173
83.9942
 49.976
50.7735
52.9218
61.8147
37.0642
58.2768
49.7563
53.7144
89.0815
73.8131
57.5163
73.2021
85.0648
63.6772
42.1347
43.6826
34.6611
64.7354
42.1097
40.4744
36.2037
65.7339
30.9159
85.1047
 36.081
72.3243
81.3091
71.6259
62.6725
67.7009
81.7461
57.5105
62.3033
31.2259
49.9047
28.7891
63.6773
35.8728
85.3548