  19.9758
  22.2702
  42.5023
  16.1846
  17.5955
  30.6513
  1.61225
  19.4571
  12.8717
  8.41148
  29.3056
  33.3392
  33.9118
  30.9414
  17.9005
  1.77922
  1.33807
  15.8012
  23.7826
  23.7075
  24.5909
  19.8299
  31.6844
  15.7277
  14.6287
  8.27639
  15.7989
  40.4613
  48.5877
  38.4444
  38.0623
  9.24063
   2.9026
  62.6278
  62.3535
  51.4098
  41.5902
  53.7484
  45.0713
  38.9997
  50.5742
  30.2039
  14.3686
  1.67652
  2.11001
  1.72643
  1.78747
  17.5482
  24.5111
  15.1233
  8.33911
  4.41783
  31.1871
  17.3235
  3.64293
  15.1586
  13.5197
  62.0576
  84.7237
  55.1284
  61.6572
  74.9923
  15.4095
   14.378
  46.5882
  43.6531
  32.4498
  41.5757
   35.244
  46.1858
  60.8061
  79.5277
  42.6473
  50.5242
    27.72
  17.0691
  36.1936
  53.1963
  41.9297
  61.0832
   5.6237
 0.822798
  56.4588
  61.2786
  6.53656
  1.00386
  11.0162
  11.5812
  24.4687
  25.1821
  8.50285
   10.159
  5.14048
  5.87243
  8.97161
  16.0051
  4.28069
  8.69029
  37.2634
  44.1408
  40.9016
  29.3589
  47.8214
  20.1917
  45.6405
   11.115
  13.8496
   10.996
  14.6307
  25.8697
  24.7254
  31.3088
   30.779
  21.9355
  27.3419
  1.57316
  7.68016
  8.94813
  28.5509
  23.3096
  23.9118
  25.6506
  33.0212
  24.9503
  23.3492
  19.7444
  10.5902
  1.03867
  2.43501
  23.5954
  25.3737
  14.8088
   14.674
  1.18322
  2.74446
  1.38902
  2.33675
   10.255
  6.60662
  2.35721
  2.79455
  2.49138
 0.630548
  6.48604
0.0485645
  14.9925
  21.8183
  9.89629
  24.8185
  10.1731
  14.3002
  4.77226
  13.5164
  5.26111
  32.2424
  23.3374
 0.726164
  29.0324
   8.3299
  12.7173
  15.7326
  15.6836
  20.9062
  22.3182
  5.60326
  44.1028
  43.7096
  39.2115
  9.66923
  38.8349
  46.1263
  39.3185
  38.8582
  34.0472
  45.4655
  49.3685
   54.077
  31.8834
  44.5173
  33.1248
  32.1521
  41.9318
  41.3646
  29.5789
 0.442215
  23.8368
  85.1993
  53.9806
  11.3984
  6.03861
  8.45627
  6.01087
  6.27228
  45.8667
  31.3437
  33.6868
  51.6213
  41.2347
  13.3653
  18.5522
  6.14488
  2.23136
  19.4491
  6.66244
  9.00783
  20.8213
  2.68363
  29.7308
  2.10238
  40.8712
  41.3935
  48.0935
  39.4205
   43.115
  14.3086
  7.47688
  29.1686
  29.0217
  17.7175
  2.87911
  13.8916
  4.41272
  8.71076
  47.4217
  46.5805
  19.2695
  43.4152
    54.36
   39.044
  33.0213
  47.7701
  43.1851
  46.5882
  51.0371
  35.6194
  9.39597
  1.30421
  22.7237
  4.20071
  14.9958
  10.9162
  70.8178
  61.4351
  45.1563
  51.3088
  46.3321
  35.0651
  8.88423
  14.1721
  67.9954
  57.5518
   46.896
   50.197
  35.9412
  55.3916
  24.8771
  11.7835
  43.6395
   31.968
  36.1758
  3.61737
  19.8536
  19.3907
  15.0185
  6.29513
  7.29193
  2.28756
  2.32964
  3.89806
  9.22664
  13.7066
  8.15634
  41.7875
  21.8361
   33.745
   30.779
   1.1648
  14.2995
  8.38908
  4.19524
  15.1957
  2.77513
  1.68853
  13.7954
  26.1197
  24.4565
  18.5461
  2.06995
   15.857
  24.4609
  27.9186
  30.1766
  33.2299
  26.5903
  25.9778
  25.2184
  15.7675
  13.5283
 0.549207
  13.9573
  10.0006
  12.9695
  8.96045
  22.9587
   25.486
    43.86
  15.1813
  25.3467
  6.34811
  10.2417
  15.6718
  26.0163
  23.6128
   2.5589
  22.2467
  30.7505
  8.54448
  15.9889
  2.77605
  17.9802
   23.037
  1.11914
  17.5643
  41.9912
  20.1584
   26.818
  25.5636
  6.64518
  14.0343
  16.6054
  8.31273
  20.1002
  15.4944
  5.81934
  14.0527
   7.4798
  15.6262
  2.19501
  37.8025
  32.2513
  56.4587
  68.9899
  45.7511
  16.6818
  47.6516
  45.0854
  51.5383
   49.237
  48.3034
  36.1655
  11.0309
   59.035
  33.9365
  33.9486
  39.6738
  28.0762
  16.4978
  2.48454
  13.6373
  11.9752
    47.09
  74.7904
  62.5247
  24.7385
  15.8542
   6.6232
   44.289
  21.0602
  1.47794
  3.08114
  10.5446
  17.9298
  87.6313
  29.0225
  23.7639
  38.3746
  49.7999
  15.7507
  44.7235
  29.4175
  28.2748
  46.8059
  5.92699
  21.2217
  32.9801
  13.3705
  2.57563
  9.54246
  55.2377
  4.85979
  15.3071
  12.5941
  26.6609
  6.81502
  21.5637
  39.9092
  18.0582
  14.7297
  5.45169
   52.987
  35.1152
  47.7014
  28.6993
  4.78348
  14.6048
  13.7427
  11.5195
  62.8377
  18.1209
  57.9568
   56.811
  18.1785
  21.8147
  15.8035
  8.18304
  13.8155
  21.6668
  1.82867
  5.64426
  1.13276
  1.07003
  30.9073
  19.7641
  32.2423
  19.0775
  1.85213
 0.947774
  7.86903
   24.653
  18.9742
  23.9208
  12.3469
  13.8113
   6.7079
  9.89669
  16.4857
  12.3973
   13.018
  12.2527
  11.3502
  10.0554
  9.77923
  14.5004
  4.70822
   12.646
  24.1186
  22.7646
  4.56164
  26.1504
  22.2562
  1.92862
  12.3054
  7.19841
  44.3105
  44.2548
  21.3338
  22.6866
  6.20293
  24.9828
  7.16175
  20.1868
  3.78898
  15.3718
  8.59696
  9.67438
  19.2941
  12.8063
  47.0425
  5.58113
   13.042
  56.5107
  43.9929
  32.9162
  58.6236
  38.1569
  34.7105
  69.0297
   33.206
  5.75998
  27.1368
  27.1977
  18.1938
  29.4159
  47.3053
  45.2753
  7.96748
  71.8763
  57.9358
  82.5997
  9.31169
  11.9171
   7.3508
  14.3087
  16.3362
  44.0275
 0.925458
   4.7466
  9.33974
  7.51135
  55.7125
  20.6248
  39.1745
  53.7532
  25.7828
  29.1076
  6.54027
  30.9249
  23.4767
  20.9171
  26.8835
 0.650895
  26.9939
  45.6358
  27.1612
  41.2945
  13.0084
  29.8105
  55.9989
  11.3916
  15.5431
  3.49386
  28.9802
  6.56532
  36.6914
  7.93597
    25.52
   3.2629
    1.084
  3.86128
  18.3223
  30.8201
  18.5629
  12.9631
  21.9116
  32.8017
  29.9604
  18.9737
  22.9052
  13.9851
  3.48387
  2.79918
  8.77592
  16.8316
  14.2641
  26.2185
  4.86883
  17.1117
 0.509437
  1.77848
   1.5483
   22.059
  47.0694
   44.294
  28.1686
  15.9634
  9.05711
  24.9639
  10.7505
  11.7045
  14.7133
  24.9826
  21.2797
  18.9593
  20.5921
  16.4505
   15.331
   17.266
  19.0367
   22.158
  6.31311
   2.5482
  36.5678
  45.1961
  9.55812
  7.84254
  30.0812
  51.1582
  20.7497
  44.4128
  29.4159
  4.81152
  29.2879
  33.9437
  53.8685
  53.1378
  19.6196
  11.3014
  27.8669
  5.67893
  3.34011
  63.1262
  74.8953
  50.7152
  53.4147
  39.9825
  45.9584
  35.4292
  55.5907
  11.5488
  13.9198
  13.2857
  62.9251
  20.6251
  10.4176
  20.3726
     3.35
  12.0622
  3.42087
  7.52042
   42.297
  40.8302
  28.6458
  2.62528
  43.1901
   37.339
  38.0844
  52.6427
  62.6507
  53.7819
  52.0506
  61.6164
  2.76249
  29.1662
  35.3985
  47.6467
  57.1077
  61.6016
  1.03398
  42.7652
  43.9502
  42.0977
  12.7026
  7.43448
  26.7676
  7.35184
  7.94012
  20.5297
  2.59586
  47.2564
    51.29
  8.10076
    12.61
  5.48118
  47.0768
  8.41865
  8.41917
  51.1952
  36.6495
  55.2055
  27.0055
  47.6427
  50.5815
  41.5214
  8.40896
   16.831
  14.2401
   32.352
  47.2743
  53.2078
  11.4974
  23.4964
  47.3791
  7.13085
  13.5346
 0.869987
  5.47571
 0.985228
  50.4023
  55.7809
  18.9582
  39.5172
   56.963
  22.6493
  20.2998
  20.2596
  24.6313
  6.14678
  40.0964
   47.235
  64.0061
  60.2909
  38.7792
  39.0996
  51.6042
  52.3555
  40.4121
  16.8271
  53.5786
  50.4702
  60.3325
  59.6578
  10.0554
  9.97316
  1.78114
  55.1245
  44.4842
    36.14
  46.6543
  3.29068
  41.9631
  58.4734
   27.056
  12.1538
  45.1122
   54.544
  42.8646
  42.5674
 0.391125
  13.5664
    2.435
  19.3748
  12.3786
  11.1431
  1.93884
  11.4654
  8.44253
    58.04
  52.6351
  53.8272
  41.1092
  51.4671
  56.8922
 0.222159
  8.21907
  19.2081
 0.706746
 0.349874
  63.8567
  56.9024
  1.63683
  22.8709
  2.21427
  18.9606
  44.9111
  50.1729
  40.8173
  64.0964
  46.2463
  40.9656
  30.5195
  30.1648
  13.0075
  36.9689
  38.2465
  44.9122
  8.52302
  2.47994
  16.5001
  46.7174
  5.88719
   13.134
  6.38389
  24.4607
  14.6585
  53.4805
   28.533
   49.128
  31.0463
  42.5777
  46.5329
  9.38145
  42.1108
  11.1787
  48.3171
  52.7359
  11.8815
  8.93845
  46.9465
  42.3081
  40.4776
  31.6601
  33.1354
 0.298535
  43.7228
  36.9328
   40.899
  38.4698
  14.2971
  58.7282
  2.20774
  11.2718
  0.06679
   2.5904
  26.1699
  17.0428
  15.8211
 0.166858
  2.15518
  3.94864
  54.9236
  17.0554
   3.2645
  36.6578
  41.8302
  31.5055
  2.73575
  25.2905
  16.5855
  12.0712
  8.01273
  52.4189
  26.7924
  2.76211
  5.55343
  7.05132
  15.9757
  54.5693
   41.451
  40.3721
 0.177822
  32.2665
  19.1333
   20.298
   19.075
  51.0108
  48.2065
  33.4229
  6.88993
  55.8929
    50.13
  26.8517
  50.8167
   14.397
  25.3466
  3.25699
  23.4953
   15.175
  44.8783
   60.856
  44.3816
  18.8521
  41.7235
  48.7969
  33.2997
   55.516
  18.8558
  7.36189
  23.0871
  51.0104
  14.2612
  24.9009
  21.3601
  38.3151
  36.0751
  30.4235
  28.3551
  24.2757
  32.7117
   5.4764
  13.1619
  10.8625
  4.09326
  33.3359
  30.2003
  29.6842
  40.2212
  41.5593
  40.9501
  9.48665
  42.4353