37.6293
37.3799
67.6547
67.4854
57.6343
18.4208
18.3849
62.0098
21.4314
 86.022
68.2965
26.6804
27.3603
18.3053
25.3602
41.3808
44.2903
63.1012
22.9769
32.3903
16.2791
49.8466
50.1991
60.8275
65.3562
67.8395
59.5256
86.9592
75.4674
43.3651
31.1333
33.3719
46.6034
62.2688
44.3342
50.0516
14.7209
40.6752
48.5965
58.7459
61.4003
72.5686
61.0593
76.2276
26.3632
36.2162
29.5822
45.6942
56.5898
68.2646
40.1243
52.8281
47.4632
47.3576
58.5518
22.9029
  60.88
 36.552
 43.101
54.9404
83.0868
44.2001
39.4328
49.3007
32.4076
45.7837
31.4117
46.7445
49.2832
60.0399
48.2281
48.0693
29.4903
61.5089
76.2432
56.6894
22.5048
24.9022
45.9856
67.6487
64.7491
39.9359
37.6106
41.3462
29.9168
87.4214
23.9504
13.1872
43.8511
48.7292
48.7401
65.8897
64.1731
33.8943
13.0961
65.8879
71.6322
80.4635
 71.231
52.0571
20.9446
27.4669
57.8178
19.9533
46.4198
43.7311
50.0372
50.6507
85.9825
32.9946
67.2021
67.2935
61.6202
49.7641
45.6614
55.6788
7.26833
47.2537
73.3365
68.2176
78.1814
58.4092
46.4224
 34.578
50.0611
22.0604
22.4422
52.7897
 65.492
27.8911
24.0465
66.1654
83.0868
12.4382
66.1939
30.0019
38.9114
59.1017
52.5377
46.4984
54.5701
65.8446
49.2831
49.7109
27.0261
28.2706
31.7713
21.2402
27.1222
13.3044
39.9308
22.9162
22.5739
66.1639
59.0894
54.0341
15.5666
   20.4
48.8697
49.2423
51.5738
57.5307
58.9019
 61.396
60.8459
89.5913
48.5056
 57.222
47.1041
63.8233
45.2436
18.7925
16.6151
14.6202
19.6146
32.3541
17.7172
82.0969
35.3074
57.4087
64.7497
53.8172
8.57448
57.1744
42.1767
67.9784
67.4176
68.8618
58.4935
51.4113
33.2477
18.9927
18.3849
72.8634
82.7182
35.7354
36.5299
62.4908
65.2976
4.39325
79.9426
46.4518
62.3778
78.4767
38.3164
  43.37
50.1346
 43.668
77.0714
83.1352
86.2443
67.0563
35.7681
41.4198
 47.357
78.1723
53.3941
82.2175
24.8058
14.4454
46.3364
64.5473
35.7216
35.5108
40.6626
26.8441
23.6027
17.9197
19.6175
72.8916
78.1648
83.0055
52.4502
54.6432
 31.778
  78.67
 8.7714
44.8419
 17.425
76.0321
 78.115
 51.477
 55.496
28.2539
29.3134
26.4193
68.6467
16.5503
59.1639
22.7233
65.6189
36.9267
62.7168
5.96976
 13.492
3.63916
61.4214
 72.863
 66.672
31.1737
15.7061
60.8662
49.9535
79.8211
26.6827
86.3067
82.8166
30.2916
79.8423
51.3666
30.5858
49.2184
31.3215
31.3479
33.1821