   30.2679
   19.6206
   5.52081
    2.0099
   14.1737
   11.4414
   1.60835
   2.58998
   1.29351
   21.1316
    17.167
   18.2672
   14.0428
   26.8674
   11.6201
   32.1972
   43.5988
   42.4986
   3.57018
   7.15818
   28.6751
   26.4658
   7.00437
  0.289472
   3.71418
   9.47535
   31.2853
   26.1139
   10.7683
   9.98932
  0.737929
   4.08973
   9.74956
   5.53278
   6.83941
   2.32748
   1.56875
   8.17086
   3.39431
   2.05793
    4.6091
  0.747685
  0.667661
   10.7004
   12.8152
   6.71055
   8.32462
   1.87273
   2.09878
   9.25247
   16.3004
   27.7031
   7.48071
   29.6969
    23.489
   9.37756
   15.2195
   5.92394
   18.5218
   18.1543
   5.80922
   4.39587
   7.37067
   5.16748
   6.06108
   6.00905
   3.35604
   1.31835
   2.40104
  0.116139
   2.80215
   5.49153
   15.7765
   18.2151
   21.7701
   25.4757
   24.4394
   15.3139
   9.73881
   4.72363
   1.64001
   1.53431
   33.2279
   3.21907
    7.6408
  0.119274
   7.32246
   5.88063
   10.9289
    2.1534
   8.71634
   11.8511
   16.6565
   1.10109
   8.43099
   4.85575
  0.939541
   2.05468
   7.50302
   16.2228
   11.2602
   4.57596
   5.27019
   9.18993
   19.7068
   9.23535
   19.6678
   21.0723
   12.8776
   7.04788
   25.0578
    12.142
   38.9057
   17.3092
   23.0847
   8.74319
   2.79568
   5.33056
   9.30264
   17.8846
   24.0107
   4.84289
   3.77312
   7.56893
   6.77267
   3.82924
   11.3335
   2.42723
   14.0077
  0.304124
   7.88707
   3.26202
   1.87285
   6.00316
   2.83991
   36.7024
   2.39756
   15.8677
   5.40312
   5.15998
   8.92766
   10.2126
   25.1853
   6.86974
   15.7337
    15.985
   3.57685
   30.1707
   12.2022
   14.7249
   24.6226
   7.11196
   6.28712
   11.7636
   1.48746
   19.3229
   5.33523
  0.902712
   32.0125
   27.7518
   6.25303
   4.08587
    12.529
    5.7479
   2.93361
   19.1775
   3.51016
  0.691013
   1.94444
   23.7481
   17.9578
   24.6004
   21.9027
 0.0236922
    17.077
   5.79744
   20.7345
   4.87927
   4.63705
   23.7219
   9.06834
   2.29647
   26.4919
    43.417
   13.1219
    3.3791
   1.34593
   4.02317
  0.757722
   10.5761
   7.29824
   6.60915
   8.36808
   11.8705
   1.89081
   4.03554
  0.411197
   2.20217
   9.49599
   11.7426
   5.51617
   11.6385
   9.48276
   2.41722
   4.06006
    7.7251
   10.5836
   2.80192
   3.45278
   10.3681
   8.68382
   7.15282
   1.24272
     6.217
   9.51748
 0.0466444
   6.37134
    7.2611
    4.8996
   2.13127
   4.44871
   1.36189
   3.06494
   1.38879
  0.872151
   6.69966
   6.94127
   3.95501
   11.6395
   5.41272
   4.65738
    9.4753
   1.63464
   10.6684
   27.7963
   4.21632
   3.93918
    6.0151
    9.9682
   14.1625
   3.59934
   6.37817
   6.11967
   6.42471
   2.00032
   6.46784
   7.07328
    7.2091
   7.62464
      24.4
   3.76969
   1.55282
   1.89787
   0.78582
   8.08139
   11.2321
   3.35537
   13.2944
   3.99074
   22.2108
   3.59347
   8.94826
   22.0823
   1.61289
   3.02106
   5.12804
    13.128
   5.62786
    1.1912
   2.59271
   15.3962
   14.6033
   3.31224
   1.94926
   8.39754
   7.76993
   9.21933
   6.54976
   4.98034
   1.45464
   13.1469
    1.8538
   11.1467
   1.46883
   11.0209
   8.82383
    3.9113
   26.5267
    4.2715
    29.833
  0.809035
  0.496026
   4.23915
   6.09243
  0.860118
   3.86376
0.00305995
   2.28122
   4.54411
   16.2395
   7.42895
   13.0817
   4.02534
   9.29282
   3.92605
   3.78057
    3.5085
   15.5265
    13.816
 0.0709856
   7.30051
   1.42974
   3.16033
   7.03414
  0.228034
   1.68541
   2.62305
   12.2948
   4.17811
   1.09261
   11.3308
   8.10314
  0.873967
  0.243649
    3.1636
   2.29184
   7.52476
   6.88657
   3.59023
   11.5094
   4.32444
   0.98738
   19.1347
   0.97332
  0.775774
   6.17309
   11.0518
   4.10615
   16.3801
   7.02703
  0.947423
   2.34421
   3.25525
   8.93602
   32.7353
   2.70454
   8.64003
   6.10238
  0.366744
   2.06217
   1.50238
   5.56972
   6.23142
   3.01465
   4.58266
  0.954682
   3.48787
   2.71609
    6.6248
   7.44544
   5.13264
   4.51005
   4.91672
   3.55014
   10.8428
   8.99249
   11.8298
  0.509329
   8.04494
   5.74731
   10.6565
   7.63938
  0.434885
   11.2411
   6.04933
   4.51094
   6.76078
   8.52562
   6.95658
    3.0412
   2.06812
   3.97263
    6.5199
   5.89893
    1.9531
   8.99465
   8.01381
  0.298102
   2.36965
    30.899
   3.44859
    4.4857
   6.42817
  0.171698
    6.5301
   1.33812
   1.09727
     13.71
   5.58622
   6.02042
   16.9099
   16.3751
   7.38379
   5.50979
   9.45474
   5.06675
   2.19455
   3.56555
    24.537
   3.91983
 0.0165511
   6.24021
   2.60567
  0.171264
   7.90843
   48.0827
   34.0341
   7.89853
   11.4287
   24.5201
   1.14307
  0.417172
   16.0906
   8.73239
   13.3492
   33.2283
    26.715
    47.104
   8.34917
   11.9414
   0.27995
   9.19859
   7.27671
   8.42143
   6.49747
    33.362
   7.42081
   10.0844
   1.89413
  0.667581
   4.73586
   1.28104
   10.8728
   23.6654
   10.7897
   20.0263
   32.0141
   20.8229
   1.39145
    8.6839
   10.2627
   3.43668
   9.58756
   6.97471
   3.03527
   14.3115
   19.9223
   9.80536
   33.1493
   18.7187
   7.42479
   9.44903
   3.23045
   7.78641
   33.3445
   45.3108
   4.81488
   3.85153
   8.66735
   8.94988
   9.71021
   10.7854
   15.0789
   7.15212
   15.9077
    7.5605
   6.85311
   31.1568
     34.27
   14.4896
   4.70079
   5.12405
   24.4955
   2.98653
    14.818
   16.3001
   6.96254
   2.53778
    16.829
   7.46063
   4.06584
   10.8369
   2.05627
   2.34693
   26.9656
   7.32497
   6.77105
   34.6828
   2.04925
   43.7777
   12.2266
   7.78327
   20.9315
   9.86114
   9.05886
   20.8783
   1.36042
   10.2328
   1.18217
   15.7223
   26.0003
   23.6173
   6.59562
0.00941094
   3.27647
    14.767
   10.9254
   1.28762
   4.89166
   34.7674
   5.53811
  0.683543
    5.6724
   15.0997
   11.0763
   2.07007
   15.2424
    20.506
   15.4821
    5.4128
   3.31778
   9.19973
   4.95553
   6.21109
   9.24835
    3.2837
   1.06489
   8.66362
   16.0776
   10.1213
   13.5996
   1.32265
  0.890892
   15.9734
   6.81919
   5.76099
   17.8061
   17.6094
   2.44215
    12.162
   1.57834
   12.6892
   2.85781
   4.07255
   5.86365
   25.6803
   29.6618
   26.4332
   32.1775
   16.6809
   8.31418
   16.3144
   1.31477
   3.40711
   10.9506
    6.2138
   8.95568
   53.2314
   17.6985
   9.16954
   7.67206
   10.2107
   8.91039
   10.6485
   2.42802
   20.6434
   1.70493
   2.36939
   8.34185
    3.4345
   6.71326
   11.4559
   9.25743
   16.4015
   14.0557
   19.6846
   18.8382
  0.264975
   17.6456
   7.62692
  0.944504
   11.6969
   8.71582
   4.55569
   12.1431
   7.27541
    4.0895
   9.26845
   7.99285
  0.335954
   4.86185
   10.0663
   23.3204
   2.03729
   18.6596
   9.65478
   15.6786
   7.96182
   20.0146
   3.77077
   9.34063
   15.8928
   8.59722
   19.1527
   7.05604
   9.20888
   43.1092
   31.5694
   4.42138
    2.4019
   22.6683
   9.72968
    2.3819
   14.6266
   2.33714
   12.6875
   15.3639
   1.85464
   26.4219
   12.7694
   9.28314
   3.44834
   6.50533
    4.4707
   5.12381
   7.78282
   46.5548
   4.86604
    22.278
  0.622966
   22.2538
   44.3687
   12.2733
   4.40599
     6.921
   10.6516
   35.9401
   4.45132
   8.28983
  0.181015
   32.3709
   5.17784
   6.01448
   7.38404
   5.71451
    9.9414
  0.321766
   47.3405
   1.40915
    23.883
   4.81972
   34.6341
   21.9723
   9.24893
  0.622862
    11.182
   1.89381
   13.9091
   16.3585
  0.701198
   47.2995
   2.62948
    32.371
   27.6598
   24.1262
   18.8049
   15.6825
   7.66876
   9.25332
   2.81761
   34.8197
   46.4757
   46.7193
   8.34625
   7.59241
   2.69715
  0.872586
   10.3165
   8.74969
   32.7436
    5.1868
   18.2519
   8.28614
   35.6069
   9.17185
   11.2002
   3.99565
  0.440692
  0.859417
   6.18129
   34.5947
   16.9593
   15.7765
    46.387
   27.4419
   30.5061
   4.32725
   33.1492
   15.7035
   7.06909
   8.22868
   5.78308
   2.67955
   25.5234
   19.4232
   63.6196
   4.54872
   10.4439
   8.63607
        28
   52.9236
   54.2609
    41.604
   43.0088
   14.0664
   18.9468
   48.8104
   34.5075
   43.6525
   13.2107
   14.5835
   12.5244
   28.9349
   22.5383
   12.8719
     4.344
   19.7297
   15.8253
   34.4531
   18.3379
   28.5216
   44.5576
   7.94335
   12.4801
   52.8551
   46.4156
    34.983
   29.3686
   4.29381
    53.935
   11.2295
    8.8488
   7.02063
   57.6085
   14.8213
   68.8368
   15.2989
   38.4769
   17.4439
   46.5076
   12.5225
   53.7132
   53.0835
   54.0525
    39.718
   2.03338
   50.9975
   14.3419
   28.4867
   36.2568
   21.1467
   50.8632
   12.0551
   37.2023
   16.7579
   48.3991
   43.3515
   13.3249
   47.0658
   15.9717
   21.2866
   40.8642
   49.0895
   47.0814
   47.4254
   12.8272
   17.5144
   70.6881
   13.5562
   35.9414
   9.38939
   43.2677
   35.9263
   14.9684
    33.062
   43.7767
   54.1084
   31.0118
   26.3063
   35.9732
   2.11661
   14.9421
   12.3638
   29.9096
   39.0715
   60.7617
   52.7261
   33.5818
   47.2696
   48.6901
   32.5716
   6.04771
   4.90686
   10.2321
   5.82858
   7.79989
   59.9766
   29.3597
   37.5901
   15.0144
   11.9763
   32.9204
    54.076
   28.9683
   52.0892
    77.241
   13.2221
   26.8143
   24.7195
   8.18893
   13.7556
   45.3013
    30.771
   33.1745
   62.4976
   34.4253
   11.1933
   60.9293
   28.1759
    26.026
   32.2289
   13.7481
    52.786
   54.9699
   27.4159
   9.37416
   54.3834
 0.0204829
   70.0865
   69.6204
   25.3061
  0.102202
    62.487
   32.3082
   54.4027
   62.6064
   34.3089
   20.4415
     4.699
   10.9773
   32.5807
  0.139182
   2.84785
   69.6304
    55.548
   69.7658
   30.1487
   36.8967
   60.1134
   14.4067
   13.5557
   12.0686
   6.73503
   5.46882
   19.1204
   33.8134
   53.1348
   28.8457
   66.7841
   52.2086
   62.4871
   25.6003
   34.6103
   56.1733
    45.453
   25.5163
   14.1486
   59.4545
   44.2236
   61.9264
   40.3679
   34.7033
   7.94488
   18.4622
   6.04335
    61.337
    77.241
   4.50682
   3.41426
   19.9737
   67.8864
  0.561064
   24.7032
   37.3476
  0.118496
   42.8464
   71.0867
    71.418
   36.5044
   65.1703
   65.2112
   68.6291
   5.42979
   1.10238
   13.3042
   71.1898
   71.3322
    30.358
   31.8179
   11.3472
   1.28169
  0.784188
    1.8334