  2.60476
  2.67733
  22.0497
  12.2654
  0.58236
  7.97428
  25.4783
  9.38512
  27.3914
  7.47387
  8.05311
  8.19986
  1.85785
   1.1538
  5.22052
  25.5089
  15.7947
  53.8372
  20.4488
  5.07181
  2.28681
  19.9752
  9.04244
  1.66866
  1.45523
  22.5896
  27.0369
  2.35233
  50.6184
  29.8529
  1.74123
  34.3255
 0.320486
  28.3656
  8.89245
  5.78293
  1.46991
  2.83738
  36.6611
  2.23133
0.0397572
  7.13536
  8.59386
  0.97414
  10.5991
  19.2575
  5.09623
  5.38609
  24.7175
  30.3903
  22.3951
  2.19591
  29.1619
  24.7215
  8.14702
  5.79304
  2.10036
  4.78496
  22.3751
  4.68876
  21.6487
  24.0809
  31.5047
  10.4244
  6.53641
    1.619
  3.11883
  9.24914
  27.9634
  13.8389
  7.39954
  16.4302
  3.43296
  16.0274
  3.75014
  10.8818
 0.930685
  24.4068
  11.5443
  16.0999
  24.7278
  11.0612
  31.3606
  9.77104
  4.99534
  3.47374
  4.70633
  8.40181
  8.80594
  12.9338
  19.7505
  20.6504
  35.5573
   6.0389
  2.65791
  3.67103
  8.09038
  1.01403
    5.486
  4.10287
  7.16917
  1.77317
    1.309
  7.26027
   33.181
  2.39866
  2.89993
  5.90159
  6.03416
  3.98754
  3.30816
  8.49107
 0.643815
  6.63477
  2.88686
  8.81316
  2.61108
  23.5902
  3.41296
  7.72306
  23.3989
  2.11821
  6.75658
  10.3143
  3.00709
 0.558523
  1.68242
  12.0996
  1.13644
  5.19416
  37.0388
  4.32119
  11.4832
  1.34546
  41.8344
  4.84381
  7.35059
  33.0709
  3.74846
  3.17709
  3.36824
   7.8828
  4.50238
  10.2881
   5.4107
  10.8301
  2.96886
   2.2115
   5.2211
  4.76856
  1.66861
   23.829
  2.24012
0.0753572
  2.89394
  5.28597
  3.81784
  5.28599
  34.0173
   24.888
  2.35733
  25.3195
   13.164
   9.3241
  8.12924
  14.9823
 0.317187
  7.86147
  1.73164
 0.246682
  3.39011
  1.22103
  1.23238
  38.9996
  25.0779
  23.2147
  23.3255
  25.5567
  19.1798
  3.29703
  5.46997
  1.61169
  5.77496
  5.62198
  30.2978
  10.8679
  9.48176
  2.63654
  1.15244
  6.31689
  4.70968
  5.97022
  1.38479
  28.4402
 0.118741
  6.33666
  5.05745
  8.39245
  1.25276
  1.19427
  9.42571
  21.6643
  22.8201
   2.6418
 0.204898
  1.72659
 0.896842
  2.14143
  10.4433
  20.9997
  2.54625
  6.83425
  29.1437
  28.0331
  1.30693
  7.55994
  21.9496
  23.3872
  3.60073
  6.91515
  3.21359
  8.40058
  1.61836
  2.73872
  5.21327
  6.61588
   1.7078
  10.6622
  4.51921
 0.431617
  39.2896
  44.5929
  32.0763
  25.4713
  20.4224
  1.86777
   6.9145
  24.7441
  2.12828
  8.34948
  3.52773
  3.83352
  4.32337
  1.86757
  1.29341
  21.6204
  17.2553
  34.3199
  9.07437
  21.0416
  23.4122
  18.6766
 0.867137
  33.0443
  2.30336
  3.96965
  7.18302
  1.73481
  3.17384
  17.7136
  12.1519
  20.9133
  34.5601
 0.349947
  18.6041
 0.532907
  2.50687
  3.01664
  3.76292
  4.44268
  1.77457
   4.3674
0.0225457
  1.07495
  5.53353
   33.044
  1.99601
  5.89662
  2.03744
  3.12878
  20.8608
   2.5672
  30.1785
  30.7328
  12.7412
  25.9394
  8.70686
  11.8563
   33.527
  2.89365
  9.45228
 0.571837
  23.0506
  6.18645
  6.04182
  1.36401
  7.84555
 0.257078
  6.29186
  9.56883
  1.22058
  22.0887
  16.8934
  11.0373
  9.18431
  4.51938
   2.9631
  1.30705
  25.0105
   9.0125
  2.42923
  25.2347
  1.60253
  4.74428
 0.255995
  42.9701
  2.64371
   4.7061
  1.19309
  5.82163
  33.5918
  5.61723
  5.29541
  10.6976
  2.72103
  1.26992
 0.850356
  2.49999
  11.3918
    5.721
  8.79486
  29.9671
  1.84007
  4.45454
  12.8159
   12.699
  2.69966
  10.6248
   17.322
  24.4864
  31.5363
  31.2472
   7.5846
  11.2705
  32.6953
  5.68971
  6.17237
  6.59698
  2.85361
  7.23925
  1.46143
   5.8584
  4.81785
  22.4309
  2.25355
  4.79096
  4.18486
  14.8278
  1.31615
  1.50704
  21.1981
  35.1394
  11.6773
  20.6603
  22.0634
  21.7521
  3.13404
   22.775
  19.5665
  7.04135
  13.0464
  30.0429
  3.38542
  15.6657
  1.55896
   19.101
   11.063
  7.67321
 0.707334
  5.27047
   1.6251
  12.7306
     30.3
  3.36262
  27.7778
  10.9438
  8.50601
  33.9191
  8.85679
  7.22042
  11.9269
  17.4491
 0.074546
  5.12871
  18.5214
  5.23285
   4.2731
  11.9639
  10.3819
  5.18748
  11.3754
  13.4203
  1.52274
  1.08767
  17.4186
  14.5254
  12.2617
  12.6846
   2.1411
  50.1947
  32.7259
  7.41229
  5.81197
  44.7224
  29.5933
  4.69075
   24.852
   17.469
 0.432311
  21.1038
  21.5735
  16.1856
  14.5308
  19.1386
  14.0472
  7.87806
   12.044
  32.7785
  4.47986
  1.54631
  1.96817
  10.6718
  4.47011
  20.9125
  10.7879
  11.8879
  4.27676
  3.16579
  24.6196
  28.9594
  24.5348
  25.2255
  15.5399
  6.82724
  29.9613
  3.52721
  30.6117
  9.14485
  2.54862
   2.3297
 0.248366
  1.77408
  2.96445
  27.2552
  28.0623
  34.1752
  5.13364
  9.02287
  33.7813
  2.04274
  4.80801
  5.17439
  6.96435
0.0899655
  27.4146
  10.5042
  20.6336
  31.2712
   29.647
  29.7414
  15.4879
 0.844304
  1.42276
  4.54136
 0.328611
  4.56427
  2.30756
  1.95011
 0.287074
  1.87385
  4.24443
  5.35385
  31.0639
  1.48032
  12.8761
   13.674
  15.0302
  1.28674
   4.6287
  20.5788
  1.88052
  1.41821
 0.638839
  2.44559
  7.11655
 0.942819
  2.85359
   6.7496
  35.7544
  2.14542
  27.5063
  19.9224
  19.3283
  32.2171
   5.7323
 0.918945
  26.2977
  34.5114
  21.5777
0.0618365
   20.355
  24.4543
  20.9167
  32.7945
  25.8758
  4.42311
  10.7859
  5.43166
   31.581
  25.5839
  10.9809
  27.8277
  32.1067
  44.5589
  21.5193
  24.0321
  19.5146
  1.93585
  5.87588
  21.9109
  16.6943
  22.6454
  1.48999
  5.42107
  8.79783
  2.69409
   7.4487
  22.9398
  15.3478
 0.953621
  13.9046
  3.20089
  4.64586
  3.05165
  17.9848
  3.95622
  4.73535
  11.8725
  21.4498
  23.9951
  25.9838
  13.7748
  9.74593
  3.26257
  1.29592
   6.3183
  44.7284
  41.1027
  26.9469
  32.1674
  30.8948
  24.7527
 0.899256
  5.58373
  4.63223
  38.3819
  22.6226
  14.7559
  22.6275
   11.707
  24.8697
  24.2162
    2.179
  2.84549
  7.21843
  9.01328
  6.19084
  4.25325
  29.6492
  24.1907
  22.4616
  17.7948
   5.5901
  19.0772
  17.5578
  12.7177
  21.3406
  31.3351
 0.314084
  10.2883
   24.335
  34.7745
  23.9625
  39.6858
 0.822823
  18.6223
  36.7972
  13.6695
  18.7286
  21.0316
  2.35974
  5.88099
  5.75394
  8.48532
  19.4192
  21.7707
  8.81353
 0.944386
  4.15806
  5.32423
  0.88257
 0.576869
   9.9533
  1.38429
  7.81373
  10.9101
  4.23865
   13.952
  5.42127
  22.7544
  4.35811
  34.1958
  6.60827
    25.94
  13.0599
  23.7803
  11.0402
  17.7108
  20.0233
  17.2875
  23.4649
  2.47734
  9.91627
   12.209
   22.243
  2.92414
   13.912
  25.6299
  11.0302
 0.677466
  1.96441
  4.60824
  2.71472
  17.4371
  14.7387
  20.6891
   18.393
  14.6982
  30.0313
  13.4747
   3.0623
  22.4523
   11.381
  7.85643
 0.197423
  3.87421
  1.93226
  8.04724
  15.2218
  23.7415
  30.2347
  16.9934
  7.07153
  1.24049
  17.3846
  1.76621
  11.5838
   6.3568
  4.78154
  9.43932
  2.38459
  10.0854
  9.36011
  8.57586
  9.11425
  3.05442
  5.50763
  2.23181
  10.3611
   2.4728
  1.34915
  8.75026
 0.789705
  8.30019
   7.3746
  1.90477
   3.1434
  4.51358
  3.66879
  15.9585
  9.52226
  13.2496
  26.1087
  29.1875
  3.79773
  5.61274
  6.21271
  6.01308
  32.8019
  21.7162
  26.9713
  30.8846
  11.2685
  15.8662
  15.0721
  17.6224
  14.0452
 0.962809
  9.80564
  16.6492
  10.4412
  25.0854
  8.81677
  3.99009
  8.15147
  2.14972
  1.53588
   11.316
  3.72863
  21.1675
   23.911
 0.150622
   14.179
  10.0867
  22.8065
  34.1302
  10.3149
  23.0692
  17.8174
  19.2223
  2.30784
  2.26998
   3.0474
  13.6744
  12.8402
  12.7553
   2.4347
   1.9463
  14.4471
  5.49224
  3.04062
  4.99661
    10.32
 0.686031
   14.019
  14.7605
  1.95418
  15.3707
  17.0613
  16.4869
  3.04234
  3.92407
  2.37296
  12.8206
  3.91372
  10.3051
  2.94892
  18.9338
  23.8983
   16.113
  17.2422
   3.9445
  1.43869
 0.336121
  11.3394
  2.83032
  6.65402
 0.595913
  3.88191
  4.26904
  16.7343
  2.49797
  3.00045
  3.41121
  2.75796
  3.90763
  2.84426
  2.72103
 0.356425
  2.47582
  4.27145
  3.07436
 0.695394
  4.62631
  15.3245
  3.55883