74.1763
71.3918
 54.221
49.4601
52.4824
53.1795
52.8165
50.0588
53.7111
53.1749
54.8202
54.2262
 49.739
78.1422
70.1153
73.5589
41.8664
38.2712
42.7091
32.7132
37.8292
39.3233
 34.058
24.4659
29.2284
31.2378
29.1637
15.8188
 12.191
28.3991
40.5046
47.7861
49.2337
53.7621
54.8069
73.0294
71.4304
74.0939
85.4115
85.4153
49.5814
49.2583
52.3288
52.5117
53.1306
50.6742
52.5851
51.9882
53.0896
51.9254
60.2065
48.9285
49.4779
76.1546
76.1542
48.9628
49.5155
50.5429
67.5514
68.0292
 59.422
63.9138
58.5527
54.0174
81.0488
49.6013
50.1766
50.0388
49.6694
47.5743
48.1269
55.3615
50.6454
49.9081
53.8483
55.8311
49.6027
50.4661
50.3992
86.1309
50.5364
86.4418
35.5527
65.6648
44.8178
84.4813
32.2031
44.1025
59.7794
 31.831
52.3699
12.5606
 52.756
 15.193
10.3123
15.0777
28.3726
49.4345
36.1445
38.8778
58.3139
59.5279
54.0865
52.0539
75.9853
80.6106
78.1891
57.0697
62.9679
48.7804
 50.039
53.0747
84.6966
82.4071
85.4116
85.4226
70.1153
24.4463
18.5161
24.4285
24.1923
38.7885
 27.895
 29.211
29.2736
37.7195
29.6889
74.1414
50.2943
52.9614
53.6053
54.2866
52.5429
49.7465
52.9098
53.1438
54.5112
53.8015
55.5527
44.3509
63.3983
58.2305
 49.669
 50.016
46.8222
 48.042
50.0371
79.7537
72.2127
74.3389
 76.305
73.6953
54.9267
62.6418
71.4401
68.3502
68.4511
75.2212
55.7234
 58.846
67.1516
55.7986
49.1119
51.5089
 53.688
53.8498
52.2712
 51.361
52.4501
51.2688
49.6028
49.9112
50.9434
86.0381
78.2524
26.9008
 24.579
86.4496
70.9931
54.1341
40.8613
61.3501
54.9941
44.5011
34.4235
35.3894
40.7224
50.2595
18.2296
37.1927
22.8828
34.0775
34.1974
37.3379
28.8491
37.3507
24.3235
27.8135
31.7318
78.7656
67.4992
74.7519
39.8948
88.5643
52.5057
52.6512
51.6567
52.4384
49.9367
51.6704
52.4412
53.3887
53.7624
56.5113
49.7904
56.8109
51.9307
52.5683
51.4507
51.4009
43.6716
35.1846
 30.554
45.9312
85.4174
86.7715
84.3241
86.4496
52.4242
52.6388
49.3545
52.9363
55.6977
53.1478
53.7163
46.9672
48.5729
47.5688
48.6779
50.1237
80.8566
52.6514
68.8848
69.8983
 71.008
67.1518
78.0589
73.1002
76.7444
50.0235
48.6415
47.5409
75.2689
80.6106
57.9579
53.4486
55.5765
54.0889
53.4501
54.2258
 53.681
50.8306
52.4478
52.9619
52.4984
52.4806
52.6671
52.1593
50.3493
 49.857
51.6223
50.5394
52.4909
60.7917
87.6007
77.6663
67.5676
72.1246
75.9318
 59.625
41.7226
18.2288
23.6613
54.6424
43.6581
 38.322
47.7683
37.0559
34.9222
79.7194
61.0553
52.2538
48.6495
76.7386
62.9181
46.7408
53.4207
71.2247
69.1059
61.9015
53.7507
49.5073
52.1031
53.3194
50.9368
25.7748
32.2927
31.8657
52.5523
52.7438
52.9599
52.9668
52.8406
53.5884
52.1207
 51.151
48.1833
47.7254
74.8132
68.0546
67.4775
54.3752
71.7266
77.8062
 64.058
54.3526
  53.47
47.7876
50.5768
51.9404
 52.943
52.9224
49.4214
49.7576
51.4648
86.4453
50.7203
 45.649
44.4348
31.6425
33.7721
38.3981
29.3997
 58.769
21.3006
51.9728
50.8757
52.3193
53.5754
 53.539
49.7228
56.4126
54.5966
59.4037
51.0442
58.3537
47.4607
49.9507
77.6609
49.2967
60.9891
48.5924