  56.5841
  58.7964
  58.0103
  30.0359
  24.7465
  25.9229
  28.0141
  107.154
  105.147
  107.431
  28.5586
  28.6698
   24.486
  27.2386
  25.0439
  97.5452
  96.1476
  103.266
  34.3196
  18.7885
  21.3444
  23.7816
  25.2606
  26.1071
  23.2151
  94.6618
  105.003
  107.434
  23.1992
  6.26507
  61.7342
  55.4188
   33.984
  33.3162
  102.315
   6.5803
  33.7747
  13.0484
  103.302
  102.153
  104.935
  60.6002
  31.1972
  31.0069
  26.4804
  4.88031
  29.9127
  96.4468
  28.8113
  26.4622
  102.285
  103.348
  16.2168
  96.9472
  15.1561
  23.5032
  18.1214
  36.8337
  54.4272
  40.6866
  37.6797
  35.4366
  38.5393
  42.2452
   39.475
  39.7146
  26.1203
   30.664
  39.5237
  39.5772
  41.1828
  41.6156
  34.8948
  24.8134
  25.1841
  35.8225
  42.4011
  50.4715
  36.6224
  25.5206
  32.3859
  35.6271
  48.9527
  49.3354
  38.8094
  33.0328
  41.3185
  32.0359
  34.1921
  34.6784
  23.5997
  26.8089
  36.8036
  42.3544
   28.787
  29.3798
  37.3492
  28.0647
   27.251
  48.9589
  53.9272
  27.5411
  36.7791
  41.9689
  58.4877
  35.5201
  38.2088
  34.9067
  46.1228
  43.5626
  49.0486
   30.982
  42.4163
  39.6271
  36.8826
  37.3447
  49.6758
  32.3228
  29.3059
  55.7377
  38.6621
  35.8177
  38.3019
  43.5816
  47.0848
  32.4354
  52.6634
  55.2791
  34.7764
  43.4895
  35.7586
  34.1177
  46.2801
  44.2265
   48.451
  44.0372
  35.0924
  41.6327
  39.7101
  53.2251
  48.7231
  41.3172
  55.1503
  47.6755
   41.421
  54.4147
  48.1257
  44.9113
  34.8881
  28.7697
  51.0426
  42.0061
  40.5331
  39.1797
  40.8268
  52.5258
  30.4404
  35.7925
  28.5859
  42.6793
  34.1918
   37.675
  37.7536
  22.8217
  36.1474
   41.229
  105.784
  33.3384
  37.5003
  48.8939
  32.3342
   23.438
  23.5416
  16.0685
  31.2744
  19.5836
  30.1388
  29.7365
  24.5191
   19.458
  37.7399
  35.1086
  23.5711
  29.0581
  28.5519
  34.8076
  38.8048
  28.3768
  39.7531
  40.7037
  20.4338
  32.6697
  18.0868
  30.1911
  21.6342
  22.6025
  21.4679
  41.9754
  32.0308
  30.3641
  19.8877
  23.0097
  24.3759
  41.9644
  32.5498
  51.7434
  37.5517
   40.938
  33.3568
  34.1151
  33.9813
   46.091
  35.7783
  32.7345
  33.1837
  33.2245
  22.2922
  23.9501
  48.3783
  19.2424
  41.8731
  26.6145
  39.0434
  30.4341
  45.1903
  30.7028
  20.4786
  28.0438
  35.7527
  28.6701
  24.2602
  31.6706
  25.7233
  5.70239
  105.229
  31.9542
 0.131617
 0.204563
  1.61056
   5.1809
  4.58949
  2.70868
0.0365286
 0.152706
  4.81374
  2.43417
  5.02447
  4.17382
  3.61395
  5.30433
  2.02248
  3.78654
  3.85706
  3.50358
  10.0486
  4.95059
  1.58373
  5.07785
  18.9368
  39.8846
  24.2297
   17.738
  3.75367
  16.0035
  27.9394
  28.5165
  2.77221
 0.829503
  1.15623
  2.53629
  3.66539
  8.70238
  8.07416
   25.477
  7.61175
  12.1748
  4.01813
  26.0755
  1.03656
  4.29626
  2.13949
  2.49198
   2.4317
   3.5053
    5.038
 0.867431
  1.84195
  3.26229
  10.4467
  9.66581
  2.09556
  1.61455
  10.1687
  10.2821
  4.48383
  2.25616
  1.81405
  9.01707
  8.74732
  10.3055
  25.7007
  25.2493
  45.5045
  35.4818
  37.1617
  41.0922
   17.288
  20.4455
  23.6398
  42.3459
  12.7549
  35.1147
  2.53558
  1.58225
  3.68659
 0.452225
  23.3006
   6.7638
   21.083
  33.2936
  6.19009
  10.5338
  6.41902
 0.420727
  1.20028
   8.3852
  39.6176
  6.20764
  5.09989
  6.52694
  7.39943
  20.4518
  5.40768
  5.10046
  24.1337
  5.46677
  8.99183
  23.7111
 0.822973
  7.25053
  95.2149
  1.66594
  8.57797
  5.81011
  40.7773
  32.9351
  39.2489
   15.907
  19.9056
  17.1998
  16.9446
  11.5984
  36.9328
   2.7121
   1.3394
  3.08582
  27.2715
  26.7551
   8.4753
  10.1567
   24.096
  10.9755
   5.7269
  9.97462
  6.14632
  1.33367
 0.381402
 0.664944
 0.523911
  4.91835
   12.482
  5.48817
   23.592
  1.84945
  10.0676
  9.35417
  8.65781
  9.97317
  8.27375
  4.51284
 0.354088
  7.87826
  10.4095
  38.4999
  43.0865
  10.2139
  41.3204
  29.8985
  27.2465
  0.31495
  1.85662
  2.91298
0.0192732
  4.18126
   6.1482
   1.7477
  27.3093
  16.9265
  21.0174
  4.23744
  0.40548
 0.165005
  1.89344
  1.05264
  0.23776
  9.83513
  9.18296
0.0188091
   1.4578
  3.53255
  1.19257
 0.531576
  32.7669
  9.87849
  5.97967
  1.56542
  11.5112
  3.55917
  6.45963
  24.3427
  5.58364
 0.444508
  22.4512
0.0839446
  3.85346
 0.126841
  4.39201
  3.28387
 0.564522
  4.38734
  1.09666
  5.58925
  10.1474
  4.94476
  5.09334
  2.14488
  4.38608
  2.63471
  5.41662
  4.11347
 0.298636
  5.34195
  10.1773
  16.5822
  2.79445
  10.4621
  5.34138
   27.168
  3.34627
  3.62993
 0.310064
  3.53838
 0.174527
 0.232995
  5.52892
  7.58878
  9.54378
   6.0727
   6.9877
   7.0618
  2.07231
  8.23411
  31.0864
  16.9571
  22.8543
  7.02685
  1.50759
  5.13668
  30.2509
  28.3927
  1.24361
  2.16632
   9.7473
  8.84825
  2.69575
 0.177365
  5.06572
 0.233266
  3.33649
 0.174026
   4.4391
   1.3572
  2.89672
  4.42628
  4.28626
 0.982925
 0.632876
 0.108142
  4.68296
  2.74418
  1.44958
  30.3537
  4.92237
  8.44175
  17.2725
  39.8966
  22.6427
  2.68333
  4.17031
  2.64997
  9.30695
  3.31618
 0.514412
  1.25428
  11.2645
  4.28362
  1.16781
 0.796232
  9.35357
  1.93592
 0.268291
  3.82027
  1.47854
  1.15883
  27.4101
  37.5861
  10.8796
  1.20965
  5.18999
   1.0538
  5.01945
     4.57
   4.4565
   1.2267
  3.50079
   2.2694
0.0318296
  2.20917
 0.135512
  5.09618
 0.325866
  3.64059
  3.68494
  1.11022
  4.36416
   2.8018
  10.7289
  5.55663
  5.49262
   3.6026
  1.78707
 0.457357
  4.95251
  100.693
  11.1296
  11.1123
 0.625233
  23.0482
  12.1025
 0.929956
  2.99454
  7.44686
  3.75202
  1.23264
  1.51348
  3.58347
  4.69085
  3.57217
  4.16103
   1.6722
  6.10717
 0.742442
  2.74763
  3.04266
  3.86276
  1.24964
  1.32286
 0.463937
  3.20105
  2.90659
  5.80191
  1.02752
  3.33125
  3.33588
 0.183779
  2.02337
  2.21205
  1.93902
  8.13818
  2.14672
  1.94986
  7.44691
  5.44243
 0.454141
  3.43516
  2.81291
  1.94777
  2.12615
  3.52484
  2.57387
  5.37004
  5.67715
  1.34027
   1.9739
  3.18091
  0.76749
 0.964872
  2.93458
  2.23316
  2.77416
  3.25288
 0.591047
  6.34353
  1.53602
  9.86565
  4.78685
  7.90409
  7.39133
 0.637955
  2.19583
  21.0916
  7.36888
  4.42308
0.0325545
  3.75265
  3.67555
 0.989128
  3.18139
  1.64429
  5.79803
   3.4134
  2.07407
  2.84043
  7.44585
   7.3328
  6.25899
 0.617096
  5.56451
  3.30233
  3.80723
  1.69921
  21.6873
  10.2353
  4.09855
 0.248944
  4.51914
  4.64877
  4.15932
  2.92449
  2.52386
  1.28233
  2.27417
  4.45965
  4.14736
  3.81679
  5.01572
  2.86044
  2.36945
  4.04317
  3.98091
  3.85049
  3.45865
   1.0367
  1.19818
 0.736848
  6.61895
  4.87827
  3.32259
  8.54501
 0.926083
  9.44064
    9.451
0.0269224
  3.17193
  3.82411
   2.1451
 0.236865
  6.65108
  5.67881
  6.20396
  5.08441
  5.29884
 0.805155
  4.72322
 0.111684
    2.773
  1.85045
  2.20575
  4.42661
  1.15981
  3.52788
  5.56506
  6.92067
  5.57098
  6.22709
  7.70565
  18.4799
  4.65047
  6.30047
  6.11798
  4.09406
  4.30761
  1.49617
  24.1389
  4.19734
  1.96517
 0.612035
   1.9135
 0.124032
  2.31237
 0.464935
  4.54974
 0.355274
  2.39983
 0.767871
  1.31547
  2.20163
  1.05754
  4.54972
  4.78206
  4.87735
  4.03009
0.0362375
  5.50097
 0.259868
  2.44255
 0.692585
  8.13504
  3.46041
  3.71625
  5.99978
   3.7805
  3.96741
  4.40158
  9.72506
  4.33674
  8.28449
  4.91046
   3.2464
  5.32337
  1.10932
  3.89553
   2.6643
  6.18886
  1.27833
  13.3687
  11.0572
  13.9319
   8.5955
   4.8616
  4.02752
  21.9818
  7.24385
  7.03896
  5.19689
  2.38598
  4.73108
    5.103
  3.20111
  2.93313
 0.866518
  1.27801
  4.14833
 0.237439
  1.25032
  2.50412
  4.62046
  5.30383
  4.53801
  3.41084
  1.15586
  1.62371
  6.34301
  5.68552
  5.18137
  1.17002
  4.61877
   1.6345
  5.28943
  1.26481
  2.22411
  7.35743
  6.36962
  1.90059
  1.55153
  9.31284
    2.773
  2.60095
  3.60689
  4.04706
 0.641106
 0.689347
  2.56142
  3.04939
   2.3263
  5.96655
  5.02323
 0.954519
  3.28832
 0.700485
  5.66558
  7.54964
  6.21758
  88.0547
  2.09073
  6.15239
  4.92409
  8.64026
  6.11243
  5.58793
 0.251371
  3.59053
  1.69031
  3.56777
  1.15817
  7.29734
  2.45238
  4.25256
  7.11675
  4.95918
   3.9822
 0.244392
   3.9951
  0.14391
  4.39123
  6.59824
  6.09877
 0.499351
  2.30033
  4.83057
   1.5845
  1.23973
 0.433421
  22.5082
  15.9011
  4.79505
  6.41768
  2.04851
  7.82588
  8.12508
  8.37797
 0.961155
  2.20657
  2.01177
  5.33504
  7.18762
  4.06419
  4.04841
  12.4861
  7.13991
  7.22112
  7.28768
  5.35256
  6.90473
  9.96173
  7.27062
  7.21474
  7.06801
  1.85495
 0.401188
  1.20315
  6.38084
  6.31745
  12.5456
  8.39206
  12.7914
  4.55964
  8.09647
  7.29769
  2.20022
  2.35268
 0.686978
  3.81013
  2.37202
  39.7297
 0.748585
  1.82834
  2.77374
   1.6678
  2.35027
  1.58341
  3.40086
  3.46021
  3.77745
0.0365161
  5.39626
  6.76083
  4.91162
  2.25785
   4.0509
  3.25288
 0.335773
  4.07201
   2.5446
  3.62166
 0.112587
  7.21312
  4.37654
  3.01465
  7.10836
  9.65673
  5.18709
  5.00525
  5.36877
  5.43055
  2.06589
 0.468352
 0.837637
  8.75005
  8.21034
  6.32902
  4.75044
  8.55285
   3.0165
   3.4493
  6.38453
  5.32796
  5.88249
 0.759312
  4.01553
     1.95
  1.96739
  1.89499
  1.60137
  0.66298
  4.80842
  4.19097
  1.15851
  1.65313
  8.22806
  5.91186
  4.96765
  7.99733
  6.77446
  5.54693
  4.02918
  4.04398
  4.52384
  1.28497
  6.90254
  1.76579
  2.82199
  9.88627
  8.07408
  7.52805
  5.16355
  9.11407
  2.16063
  8.66591
  2.83935
  2.65483
  1.22293
  7.84417
  3.66216
  3.30887
  6.80861
  2.82622
  6.55673
  7.75638
  1.80908
  4.05646
 0.617783
  6.56549
  6.70057
  6.62452
  4.73195
  8.52167
  4.96876
  3.85091
  3.23323
  3.16478
  4.31414
  3.59598
  6.87445
  7.28772
  7.16488
  6.20249
  5.72342
  13.2307
  15.2142
  8.36545
  6.86455
  1.05404
  13.8371
  3.66867
  9.49616
  6.32911
  7.32568
  5.57875
  10.0915
  4.39476
 0.467472
   4.1995
  9.33985
   1.6063
  3.29375
  8.28055
   11.272
  10.3266
  4.30752
  5.02858
  3.81327
  3.83018
   12.465
  11.5219
  1.58821
  9.87935
  3.16433
  7.38544
  3.16304
 0.750697
  11.9274
  15.2323
  3.98342
  2.27259
  12.3156
   6.3363
  7.17744
  6.42969
  2.82237
 0.797802
  7.04444
  6.31259
  14.1074
  15.0455
  6.46789
  8.37082
  2.23892
  3.38375
 0.268188
  5.01098
  7.14893
  7.22112
  12.7116
  7.88502
  7.99685
   6.5097
  6.11486
  6.27789
  5.56922
  9.48282
  6.92558
  16.8441
  12.4784
  7.99532
  86.0133
  32.4084
  31.2852
  12.7914
  5.71492
  0.51212
   4.5291
  4.28552
  4.67887
  7.66734
  7.68322
  4.00292
  0.62004
  1.42719
  7.83482
  5.11041
  8.49339
  9.31104
  16.7957
  19.6897
  19.9644
  3.35202
  4.55365
  4.93751
  8.36159
  6.88516
  13.2932
  7.03425
  7.46931
  8.66857
  13.0175
  13.0456
  12.6535
  8.34391
  10.3946
  7.94246
  2.57138
  12.2404
  12.2743
  7.51266
  6.44859
  11.9552
  12.4248
  24.0313
   22.287
  21.4984
 0.306319
  2.70519
 0.428504
  3.32903
  4.41318
   6.4681
  12.9398
  16.4065
  4.85738
  22.3735
  22.0934
  9.62036
  6.65868
  16.7613
  6.12891
  5.90669
  22.5043
  5.77324
  7.07939