5.51917
6.87196
8.86717
 8.9961
9.48067
11.3823
 11.919
11.9567
12.1965
12.2598
12.6502
 13.542
14.0589
14.3487
15.2368
16.5504
16.6256
16.8117
17.2797
17.4483
17.7982
17.9347
19.1951
19.3465
19.5416
19.6357
19.7325
20.7855
21.2253
21.6247
21.7777
21.8888
22.0058
22.2236
 22.241
22.3174
22.6282
22.7065
23.0088
23.5975
23.6584
23.7668
23.8813
24.3141
24.6075
24.7417
 24.948
25.3024
25.3257
25.9464
25.9857
25.9988
26.0391
26.1586
26.2991
26.5169
26.6286
26.7435
26.8186
26.9659
27.1438
27.3395
27.4764
28.0193
28.0603
28.2848
28.4238
28.7291
 28.732
 28.778
28.7853
28.8319
29.0081
 29.069
29.0834
29.1737
29.3149
29.3999
29.4547
29.5313
29.7562
30.0052
30.1174
30.1929
30.3388
 30.495
30.5253
30.6111
30.7812
30.8527
31.1301
31.1668
31.2025
31.2692
31.2813
31.4481
31.4742
31.4905
31.4953
31.5135
 31.566
 31.687
31.7975
31.9773
32.0953
32.2787
32.4071
32.6637
33.0897
33.3466
33.4604
33.5093
33.5709
33.8484
34.0265
34.1204
 34.464
34.4763
  34.52
34.5369
34.5405
34.7562
34.7916
34.8962
35.1269
35.1964
35.2082
 35.417
35.4254
35.4541
35.4892
35.5191
 35.591
35.7688
35.8153
35.9032
36.0476
 36.062
36.0667
36.1227
36.1557
 36.159
36.3609
36.4312
36.6744
36.7323
36.7681
36.7965
36.8652
36.8943
36.9041
37.0379
37.0405
37.3375
37.4317
37.5275
37.6718
37.6748
37.6813
 38.192
38.3003
 38.365
38.7879
 38.863
38.8938
39.0752
39.1459
39.4175
39.4525
39.4747
39.5211
39.5945
39.6882
39.7694
40.0818
40.1577
40.1929
40.2776
40.4201
40.4446
40.4583
40.5847
  40.67
40.7308
40.7584
41.0525
41.1488
41.1755
41.2225
41.3396
41.4325
41.4883
41.5287
41.5743
41.5795
41.6664
41.7161
41.7266
41.7366
 41.837
41.8521
41.8764
41.9124
41.9783
42.2478
42.2607
42.3172
42.5247
42.5801
42.5818
42.5944
42.6766
42.6806
42.7133
 42.773
42.8594
42.8707
43.0528
43.1351
43.3271
43.3608
43.4596
43.6598
43.7085
44.0637
44.2565
44.3819
44.4131
44.4384
44.5652
44.6638
  44.74
45.0365
45.3574
45.4535
45.4943
45.6743
45.7614
45.8988
45.9261
45.9893
46.0119
46.1203
46.3235
  46.39
46.6099
46.6865
 46.833
46.8979
47.1189
 47.134
47.1901
47.2012
47.2136
47.2788
47.3557
47.6775
47.7085
47.7906
48.0123
48.1274
48.2021
48.2904
48.3014
48.5054
48.6376
48.7453
 48.767
48.7876
48.9181
 49.056
49.1919
49.4599
49.5646
49.5983
49.7664
49.9275
 50.217
50.3343
50.4432
50.5109
50.9038
50.9328
51.0928
51.2236
52.0725
52.0777
52.0961
52.1204
52.3898
52.7746
52.7859
52.8405
53.1567
53.4842
53.5479
53.7041
 53.824
53.9457
54.2064
54.4031
54.4223
  54.64
54.6521
54.9922
55.2643
55.6326
55.7408
56.0667
56.1474
 56.324
56.5358
56.9914
57.3871
 58.174
 58.401
 58.411
58.6334
58.7031
 58.735
58.8385
59.0005
59.1489
59.7124
59.9478
60.0272
60.3827
60.4126
60.5361
 60.538
 61.579
62.3866
63.6828
63.7028
64.4872
64.5095
64.8013
65.2537
65.4467
65.4547
65.6896
65.8659
  65.87
65.9569
66.4103
66.7109
66.7454
67.0982
67.1926
67.6679
67.9702
68.0186
68.1175
 68.212
68.5986
68.6474
68.8701
69.0284
69.0412
69.7787
69.8214
70.2951
70.3757
70.9158
71.2192
72.6488
72.7089
74.2915
74.4981
75.4688
75.7406
76.0785
77.7652
78.1472
78.1861
 78.592
79.0469
79.2682
79.6013
80.0748
80.2667
83.0224
84.4976
87.7799
87.9608
88.4488
89.0281
89.6084