  0.124733
  0.570111
   2.56091
   11.0957
   22.0445
   6.32484
   1.49009
   9.78233
   10.3767
   15.8779
   20.8258
   23.7409
    12.503
   20.0322
   42.5206
   46.4766
   10.0757
   9.32126
   18.3761
   19.0493
   16.4352
   20.9885
   21.9732
   9.74989
   6.65476
  0.371493
  0.411954
   25.9992
   27.6743
   17.6383
    21.913
   13.7857
   4.00736
  0.300747
   1.93331
   9.25421
   6.28985
   3.98116
    1.0691
   12.4294
   2.06119
    12.023
   2.97401
   1.00785
   13.0279
   1.35634
   0.61214
    7.3771
   36.3003
   41.1681
   39.9641
   30.0769
   35.7855
   10.5196
  0.595713
   5.35874
   5.39278
  0.713517
    11.365
   22.4022
   26.2504
   11.1947
   10.0527
  0.910513
   1.61197
   6.16041
   11.1667
   1.40396
    8.9216
   2.88762
   8.01592
   3.02231
  0.379957
 0.0441239
   2.33927
   18.1861
   13.1118
  0.123499
   2.09948
   16.9008
    17.526
   17.1598
   17.0809
   33.8777
   30.8969
   17.8152
   1.49773
   2.61333
   4.02191
   1.64744
   17.6264
   11.6029
    16.832
   20.5838
    19.812
   13.0907
     8.224
   6.85271
   8.46769
   8.57831
   17.4731
   17.1726
   24.8431
   17.8804
   25.6502
   3.55055
   4.33544
  0.498344
   9.26151
   6.93302
  0.213339
   9.80938
   4.47168
  0.661291
   9.83435
   10.3831
   10.2169
    1.3124
   7.67064
   11.2538
   3.40642
   4.32379
   11.5775
   12.2084
  0.122221
   8.51173
   6.80539
   5.65526
   26.0487
   26.5202
   15.8102
   14.7692
   17.1087
  0.551008
   10.0422
   13.2637
   21.1241
   24.1002
   8.90289
   2.90664
   29.2862
   22.1733
   11.6084
   8.85881
   4.61789
   5.92662
   10.6985
   11.3087
   1.74501
   12.1023
   3.86441
   3.96674
    3.2854
   6.69327
   12.1961
   3.85985
   7.77695
   9.38518
   10.5904
   7.84364
   16.3199
   35.3181
   44.0659
   37.1357
   3.57946
  0.467733
   19.4814
   19.6183
   3.05774
   19.7695
   30.3752
    20.936
    13.818
   21.9595
    46.874
   52.1263
   22.5595
   7.77585
   4.00761
   15.4929
   3.35548
   20.8566
   29.8371
  0.980833
   19.5305
   22.6615
   13.6557
   17.0736
   4.27685
   8.39824
   16.8229
   19.4122
    15.541
   14.8977
    4.9835
   11.8532
   1.49773
   1.10039
   4.28162
    9.1494
   11.1878
   2.22913
  0.869393
   6.02292
   12.4039
   7.90459
   7.97726
   5.07058
  0.941251
    8.1298
   10.9432
   10.2258
   12.2837
   40.4976
   40.8352
    2.0611
    3.1085
   35.6236
   8.67235
   1.53652
   10.6017
   4.85267
   22.4344
   26.2793
   9.12672
   2.10014
   21.9015
   4.86292
   1.13232
  0.528733
 0.0729975
   10.1628
   16.9408
   13.9962
   9.20644
   12.1616
    9.4146
   5.94395
   8.81033
   32.9559
   13.8285
   24.8901
   31.8012
   18.9305
   0.74338
   11.7611
   10.1488
   9.55389
   17.5254
   1.78226
   19.4744
   5.87174
   17.8822
   8.14674
    40.235
   24.7993
   16.4128
    18.709
   26.2614
   1.03049
   12.0194
   10.1886
   5.82017
   7.04764
   3.02187
   10.2678
   5.50883
   4.96363
   11.2999
   5.16877
   2.14378
   2.19539
   4.49912
   8.21971
   11.7047
   17.2848
   8.48013
   6.00808
   17.1726
   13.6394
    16.385
   41.2357
   13.1837
   6.79016
   13.0194
   12.1434
   2.69394
   7.11727
   15.3786
   27.5709
    13.264
   14.2978
   9.42726
   4.91658
   5.94183
   1.77513
    32.988
   39.1879
   9.10525
   8.20548
    0.1915
   1.14322
   1.81868
   1.82273
   6.84321
   27.4568
    8.0351
   6.61217
    12.671
   1.33242
   1.98786
   2.92249
   3.67598
   16.1524
   30.2248
   41.6546
   45.0687
   11.5774
   8.23918
    1.0313
   3.72701
   12.2672
  0.181004
  0.405413
   41.1891
   26.5419
  0.582264
   1.31289
   31.9814
  0.888915
   12.3299
   23.3466
   6.44931
  0.991905
    15.445
  0.642409
   6.29309
  0.224253
   29.7978
   40.2165
   12.8152
   11.0275
   2.93911
  0.226215
  0.798848
  0.155016
  0.546551
    10.375
   10.8675
   3.34082
   8.31198
   4.56512
   6.60244
   1.24869
   5.25659
   14.4168
   15.5035
   20.5619
   6.18717
   20.0383
   7.73204
   4.93609
   17.7037
   16.9758
   10.7325
   16.4836
   9.15094
   18.3737
   5.92782
   20.9242
   23.4355
   5.38987
   7.44916
   8.75307
   10.7709
  0.181476
   11.2317
   2.33692
   12.3068
   3.40841
   10.2449
   7.28532
   12.6013
   11.8039
   5.83693
   11.7446
   6.76535
   25.7555
   13.5133
    21.377
    16.732
   19.2078
   15.2284
   20.7929
   13.7413
   18.6968
   34.5729
   28.3411
   0.13467
    2.1467
   3.93419
   5.19853
   8.08081
   2.61342
   1.09663
   1.62771
   7.64323
   10.2188
   12.3467
   19.9659
   16.2601
   8.90777
  0.644575
   4.77859
   2.21943
   11.4482
    3.7067
   10.9361
   2.39827
    38.244
   32.3268
   40.4127
   6.38646
    13.732
   2.35682
   1.24452
   12.0272
   11.5774
   2.05883
   42.6058
   8.67753
    13.548
   20.8122
   2.68242
   37.9246
   43.0296
   16.4687
   22.5347
   6.48215
   10.2301
   40.3097
   19.7487
   26.5534
   20.9127
   19.5788
  0.411007
   3.81777
  0.142414
   9.14029
  0.843263
  0.422781
   9.93298
   9.27291
   4.22905
   6.11321
   6.58492
  0.704741
   31.0751
   12.8525
   14.8928
   10.2691
   34.4729
   21.8007
   12.6016
  0.942005
   13.9478
   11.1422
   8.64871
  0.674598
   1.27858
   0.40985
   7.07771
   4.91618
   11.8329
   20.8821
   2.01435
   17.2962
   31.1179
   29.7317
   31.5947
   4.05805
   14.9781
   7.49571
   4.97337
    10.424
   6.94402
 0.0615388
   4.24659
   2.23376
   5.72248
   4.20146
   10.9637
   10.6657
   2.35978
   40.8896
   41.6138
  0.335082
   1.59182
  0.626124
   1.77519
  0.255504
   38.5731
   30.9338
   16.4161
    30.814
   30.9284
   9.68594
   5.69501
   5.83648
   5.90393
   18.8017
   16.5951
   36.6571
   33.2779
   19.5017
   37.4082
    6.9456
   2.53593
  0.535391
    12.595
  0.865159
   23.6292
    17.357
   23.7314
   20.2597
   20.4612
   13.7945
   3.05695
   27.6583
   9.43319
   34.1084
    26.566
   21.2404
   24.9677
   38.4313
   8.18291
   12.9836
   1.72987
   1.42279
  0.716885
   2.29106
    21.916
   6.33612
   13.9227
   9.37626
   22.4492
   11.1467
   25.5788
   23.1029
   28.5555
   25.6059
    12.631
   19.8763
   14.2144
   29.7899
   10.6453
   25.3613
   1.68915
   1.46639
   11.0214
   14.7767
   15.4563
   4.11537
   5.94143
   9.73612
   2.65603
   17.3981
   7.05559
  0.614427
   15.7814
   32.0674
   10.9078
   12.1397
   20.6753
   1.46048
    22.946
    25.273
   28.7115
   21.6304
   6.44028
   9.80619
   2.72978
   9.99947
   5.13064
   12.7016
   12.6427
   24.9687
   25.0207
   32.6027
   23.9802
   32.1831
   13.5062
   17.8942
   1.30764
   25.5027
   27.3367
   27.5467
   25.1361
   25.1466
   13.5338
   30.4293
   25.6698
   1.42021
   18.2577
   13.6674
   24.1944
   12.4439
   5.86632
    21.068
   45.2951
   4.81261
   3.36056
   3.84513
   4.58695
   6.98871
   19.9049
   3.75106
   1.52418
   11.5063
   2.27939
   2.76088
   2.83621
   24.8655
   15.7296
   9.71322
   23.6933
   15.9715
   5.75433
   29.2261
   10.3887
   34.6738
   24.9674
   25.3929
   25.5737
   1.35016
   4.40381
   1.59489
   24.7315
    29.943
   29.7435
   14.5311
    12.997
   4.26946
   26.4706
   24.9639
   26.5635
   2.80772
   15.3025
   10.9637
0.00365738
  0.848953
   2.72225
   26.3506
   3.48081
     3.664
   18.5642
   1.40609
    27.907
   20.0179
   27.9839
    7.0004
   3.55044
   3.30349
   23.8913
     14.44
   22.7234
   12.2328
     19.75
   11.5112
   13.3088
   15.5425
   1.66181
   27.9449
   18.2179
   8.77378
   5.59339
   19.1089
   28.9561
   24.4744
   26.5828
   12.3659
   24.6472
   23.5011
   18.1759
   27.9507
   4.28599
     8.034
   7.02872
   4.60142
   12.9922
    4.6596
   4.56789
   1.83729
   10.6163
   27.2764
   5.02034
   2.45102
   6.96526
   3.79813
   15.7032
   10.1916
   5.26688
   8.54551
   36.2742
   6.40978
   13.4784
  0.608669
   6.00157
   21.1879
   15.1571
   9.40277
   6.77788
   20.0173
   17.7363
   18.9981
   13.6857
   19.8193
   10.1516
   13.4919
   23.0839
   22.8323
   11.0278
   1.05311
   4.62643
   9.16073
  0.576871
   19.7096
   19.3937
   8.39212
   7.20054
   19.2883
   13.7235
   26.7502
  0.659391
   19.0026
   12.9706
   14.1148
   16.3652
    15.773
   10.0163
   25.1027
   12.0594
   1.65734
   28.2974
   14.9701
   39.8964
   20.4252
   3.35023
   3.89668
    20.012
   17.9385
   27.2919
   18.9673
   2.10137
   19.7126
   34.7742
   24.5493
   13.8899
      26.3
   28.5744
   9.63822
   17.4935
   31.0757
   13.9141
   16.6164
   35.3734
   17.5352
   33.7901
   31.0422
   6.62284
   27.9031
   1.56303
    3.8153
   17.8445
    4.4909
   16.5505
   7.88692
   10.8878
    8.2715
   10.0442
   14.3603
    22.547
   38.0394
   8.56189
   15.1204
   7.10406
   11.7263
   7.49636
   19.6516
   19.1261
   9.86646
   28.2397
   16.9732
   19.8488
   20.8134
   27.3689
   25.3257
   29.1401
   25.9325
   33.0079
   29.0642
   25.1272
   8.25828
   9.58808
   29.3366
   26.3037
   4.73646
    13.125
   32.0272
  0.689306
   20.9157
   34.3841
   12.0927
   24.8745
   17.6464
   29.7975
   28.6334
   4.09442
   20.7133
   18.4619
   19.8854
   21.3935
    4.0997
   2.88469
    1.4769
   5.92258
   2.18106
   27.2043
   24.1866
   4.90484
   19.7624
   6.37008
    10.671
   4.71349
   7.50648
   3.14099
   15.0652
   23.6343
   24.1428
   21.4331
   21.4975
   12.3549
   15.6061
   24.0273
  0.864457
  0.929459
   19.1765
   12.4025
   2.82236
   11.7911
   27.6073
   33.8606
   5.51147
   7.20422
   18.8557
   11.6176
   2.62228
  0.939654
   11.7741
   5.17572
    18.719
   2.95057
   3.03367
   27.1117
   4.86265
   29.3093
   4.03781
  0.480974
    31.733
   43.4059
   25.3719
   8.69502
  0.364316
   30.3186
   2.74156
   9.61375
   6.44207
   18.0816
   7.51986
    16.895
   9.47849
   13.8345
   24.0253
   23.9677
   8.89982
   23.4065
   23.9576
   9.58729
   28.4369
   21.6227
   1.70314
   15.1898
   19.9193
   17.3106
   30.0046
   6.86617
  0.437837
   1.64772
   28.8628
   1.35168
    26.186
   29.5653
    25.427
   34.2133
   19.2188
   13.0996
   45.6236
   29.0805
   21.6138
   20.7609
   32.9741
    28.423
   3.89831
   6.21745
   22.1699
   6.23259
  0.508495
   27.2589
   2.23748
   33.9345
   12.9545
   37.2262
   4.53413
   9.01765
   15.0949
  0.856144
   10.2084
   7.95891
   24.6722
  0.416953
  0.400236
   22.9672
    9.2207
   5.44111
   20.7673
   33.8478
  0.677135
   10.3809
   10.3967
   21.1676
   20.8698
   31.7841
   24.7904
   19.8546
   26.0475
   27.5285
   24.3639
  0.537319
   19.0572
   14.7977
     3.735
   13.3256
   16.5221
   14.6601
   10.1429
    2.5283
   1.25606
   4.07375
   28.7414
   10.9436
   9.74838
   15.3264
   9.32802
   28.6022
   5.91853
  0.598003
   9.19595
    23.438
   25.3798
   28.6781
   26.4442
   25.3682
   6.98966
   34.5489
   16.3174
   27.6355
   20.4883
   22.1849
   11.3835
  0.481798
   9.96103
   13.3052
   6.46988
   13.5114
   1.93996
    6.6985
   6.87205
   3.34803
   13.7501
   44.5443
    38.782
   27.3158
   41.7595
   41.2379
   33.4715
    3.9218
   4.07913
   38.6803
   14.5229
   3.53992
   5.53019
   7.96074
   41.0889
   15.7441
   36.0066
   22.7588
   52.3195
   2.30576
   5.97974
   3.08434
   1.88141
   17.4248
   1.21016
   8.00274
   20.2621
   34.9543
   19.9965
   18.5825
   23.7605
   40.9756
   47.8756
   38.9785
   34.3031
   6.34046
   47.4996
    15.947
   10.0634
   35.7294
   33.3682
   9.85129
  0.292116
   36.9589
   1.88044
   46.2554
   48.9493
   33.2302
   1.04846
   1.62539
   31.7569
   26.1799
   20.7472
    23.903
   20.1303
   25.9818
   17.9104
   13.9305
   15.4807
   49.2251
   29.5649
   23.3663
   35.6184
    22.654
   4.12752
   40.7474
   42.2491
   9.94173
   37.9858
   12.4977
   5.83261
   9.55265
   4.54283
   24.4709
   35.5815
   47.5901
   27.1048
   45.3427
   24.2072
   45.9249
   34.0331
  0.781047
   6.23979
   26.9749
   4.39149
  0.312739
   6.90496
   21.7678
   34.2204
   40.5626
   7.87402
   36.3018
   36.2076
   18.1699
   17.0188
   15.5682
   19.5294
   8.85983
   30.0759
   27.0414
   36.8654
   7.91829
   4.25922
   35.3676
   11.7804
    3.2022
   27.5622
   24.5891
   3.17114
    30.709
    33.142
   40.9207
   41.5358
   49.0296
   41.6364
   25.7699
   45.3847
   24.3045
   12.0453
   39.5438
    17.616
    15.389
   16.0467
   12.9796
   1.45515
   13.5574
   11.1276
   46.4737
   4.53062
   2.72825
   4.95991
  0.620002
   13.0209
   4.87423
   14.5372
   19.7046
    3.9102
   26.0223
   16.1315
   16.9237
   14.1947
   10.1824
   11.4809
   40.2957
   44.5106
   11.7059
   6.52503
    6.5312
   23.6161
   3.64442
    42.926
   13.0138
   11.9614
   10.7615
   7.32199
   12.8894
   21.8704
   9.83308
   14.6355
   6.85986
   2.02329
   9.89276
   12.7487
   8.60237
   22.7891
   37.4697
  0.386031
   28.4967
   12.7262
   22.5901
   1.86784
   8.35332
   43.8674
   41.8768
   30.5274
   33.3983
   10.8074
   14.7617
   43.4679
    8.5109
   13.6113