   4.98133
   15.2337
   6.65824
   10.5627
   13.7646
   7.60356
   2.28936
    2.2533
   18.5536
   5.25096
   6.74723
   10.6009
   14.3863
   15.6489
   16.4243
   10.2572
   7.86488
   12.9359
    9.3543
   14.4893
   14.8459
   10.3658
   12.5556
   4.35217
   11.0319
   15.6268
   7.76725
    16.796
   18.3865
   18.7332
   22.2695
    12.891
   9.27326
   4.16611
   2.55986
   2.45045
   15.5156
    10.549
  0.480304
   16.8605
   9.11973
   7.23301
   16.1276
   4.30044
   12.8653
   14.0115
   14.6342
   45.0329
    29.889
   49.9455
    49.115
   21.9474
   9.46349
   17.5303
   0.54524
   12.9645
    16.711
   10.1334
     12.51
   15.0364
   20.2838
   6.76521
  0.820663
  0.716059
   2.19804
     10.06
   37.6668
  0.479961
   1.95468
   2.63844
   10.1984
   2.73956
   2.94682
    4.5126
   5.23981
   9.94795
   3.39213
   14.8806
   19.2902
   6.03805
   8.52003
     6.294
   17.9197
   10.7112
   17.1932
   23.1459
   7.72107
   14.0962
   14.2259
0.00400215
   1.73179
   1.15776
   14.5342
   9.85179
   8.22762
   18.4929
   18.8934
   17.6789
   10.8654
   14.5667
   2.59238
   14.9594
   9.12999
   15.9677
   13.9028
   11.0112
    6.2896
   4.46387
    10.069
   1.19194
   18.3465
   7.88761
   3.58524
   3.36794
   2.67902
   3.44695
   3.23921
   8.70341
  0.980018
   2.60498
   8.31128
   7.69449
   9.03603
   4.74471
   10.9869
   6.04051
   10.5028
   12.2241
   14.2568
   11.3089
   16.8994
   17.4645
   10.4124
   7.56441
   15.2517
   8.96199
   3.23626
   2.74913
   7.66827
   4.92389
   6.31828
   18.5855
   3.27741
   19.2054
   21.7374
   1.54477
   11.7961
   5.83344
   13.8469
   0.59289
   7.85605
   11.4132
     28.04
   5.93547
    8.2496
   15.5171
  0.771253
   2.97141
   13.9845
   3.87246
  0.415155
   6.43943
     11.22
   13.8997
   54.1369
   15.8872
   42.6768
   5.50446
   3.82974
  0.975754
   23.7628
   7.48419
   2.29873
   27.5333
    31.313
   12.0647
   0.81138
   5.60746
   11.9965
   16.5364
   14.4661
   14.8635
   2.88669
   13.8564
   6.12752
   1.83252
   7.61929
   17.7461
   30.3951
   8.24459
   9.36539
   23.1235
   25.1076
   17.9107
   14.0352
   2.64627
   13.2679
   17.7212
   14.2259
  0.506712
   4.31242
   2.21032
     4.569
   1.98025
   12.4362
   8.37866
   10.1467
   11.9268
   3.59003
     7.821
   6.19044
   3.74823
   6.36273
    16.129
   11.0622
    37.512
   44.8652
   3.22227
   10.8534
     19.43
   11.6086
   1.79669
   10.9702
   5.85572
   30.6328
   18.8601
   3.07765
   14.0609
   4.45009
   14.0196
   1.44182
   0.43188
   7.13924
   10.5792
   19.6495
   12.0673
   4.89803
    7.9018
   6.05538
   10.4862
   2.01705
     7.642
 0.0322897
  0.171666
   22.2815
   24.8046
   13.1133
   9.76247
   14.8927
   8.26328
   17.3918
    15.327
   10.4244
   17.4374
   11.8094
   19.2475
   8.84412
   8.43272
   17.3094
   7.85738
   9.14175
   17.8889
   5.78517
   4.88042
   2.45195
   17.8326
   16.1552
   16.3007
   4.06082
   5.37631
   3.44272
    4.6792
   6.29205
    20.618
   1.15304
   14.1934
   1.37868
   3.15995
   1.02085
   3.29567
   2.18279
   1.19146
   14.2357
   14.1141
   3.73818
   18.4147
   11.0783
   6.28643
   6.31819
   26.5351
   16.6371
     8.235
   16.4037
   1.85274
   4.69981
   7.56794
   3.40803
   16.2577
   1.82627
   4.91514
    8.7904
    5.4999
   6.70303
    8.4415
   13.2716
   5.04687
   0.25133
  0.089939
   15.8328
   1.03165
   14.0572
  0.317823
   13.0772
   6.56156
   15.2807
   9.89531
   6.79908
   44.5108
   47.8142
   34.9486
   10.5391
  0.892217
   4.81392
   2.16712
   9.96588
   7.30211
   2.40422
   3.26145
   4.47691
   20.2875
     13.83
   3.82624
   24.8168
    17.182
   23.8395
   32.4529
   14.3133
   5.53711
   1.88306
   12.7595
   12.8488
   1.48473
   8.00883
   22.2823
    11.731
   3.00895
   5.64996
   9.07844
   15.8081
   16.7673
   15.6665
   11.2302
   2.41664
   15.3455
    15.448
   1.81777
    1.8612
   2.41761
   9.97375
   2.47478
  0.492066
   6.99166
   5.80026
   20.2094
   14.6632
   19.6662
    8.3732
   3.87958
   1.19455
   7.32341
   7.22506
   5.08159
   15.4076
   14.2251
    1.1858
   13.6024
   7.41707
    6.2463
   3.68277
   1.42065
   7.78406
   7.95639
   6.02517
  0.701858
   6.83273
   9.31154
   0.82761
   6.95069
   10.8358
   2.04175
  0.765393
   9.80322
   17.5114
   14.7162
   11.5593
   18.8258
   13.0336
    14.861
   19.4357
   12.1927
   16.8586
   1.63005
   5.17007
   2.15918
   4.37372
   2.26538
   21.5576
   11.5166
   10.1915
   8.88539
  0.670466
   28.2147
   28.1981
   2.00921
   8.59514
   13.4459
   19.9676
   10.0919
   7.02954
   13.6386
   12.1024
   14.5553
   8.72246
   9.29769
    2.7178
    22.324
   54.2227
   40.7372
   6.98661
   4.86593
   1.90489
   3.39769
   6.69581
   14.4379
   13.0595
   33.1794
   11.8321
   13.0584
    22.905
   1.58739
   5.96142
   21.7941
   5.99523
   3.47407
   7.56863
   10.0372
   20.4075
   17.7461
   27.9797
   7.32946
   13.0414
   11.1624
   1.97301
   2.54803
   5.92275
   3.23333
    3.0094
   7.55657
   15.1081
   13.0084
   6.17706
   11.9125
   17.2592
   6.98619
   14.8297
   15.1801
   13.3337
   17.0483
     12.79
   1.68711
   2.05117
   9.54275
   1.63631
   7.16237
   1.48113
   8.85741
   15.0053
   15.6728
   9.07376
   16.1154
   14.9415
   17.0939
   24.1461
   19.7879
   9.57902
   6.80501
   18.8103
  0.121977
   1.55485
   6.61978
   10.0285
   7.10396
   6.58605
   13.0773
   7.00402
   4.70739
   6.42925
   4.53746
   10.1375
   3.56867
  0.697602
   50.9845
   17.8133
   5.04673
   2.56374
   12.3028
   1.75852
   25.9216
   36.8495
   8.25406
   25.9343
   0.67034
   5.13269
   15.1879
   6.59124
   24.2149
  0.835294
   13.9558
   7.58659
   15.1119
   5.90984
   7.06129
   6.10861
   18.2642
   13.9681
   16.8039
   11.2535
   2.00976
    2.5288
   13.8404
    29.002
    13.239
   18.5618
   2.78264
   21.5958
    21.545
   4.52677
   14.0524
   10.6686
   0.66559
   3.26142
   7.19436
   7.98832
   6.72276
   2.82941
   1.33896
   6.17676
     12.06
   1.42282
   6.59943
   4.44679
   7.51527
     4.948
   29.2974
    5.2519
   16.1818
   8.03932
   21.3007
   3.20958
    2.7952
   2.34345
 0.0899039
   2.97885
   3.97127
   6.29528
   4.89321
    1.7465
   20.8049
    1.3528
   17.5262
    17.646
   4.94388
   10.0297
  0.703931
   0.83238
   17.1715
   8.08871
   15.7787
    0.7872
   14.6826
   1.83716
    9.5025
   7.88633
  0.204778
 0.0552371
   17.6378
   39.9498
   2.02911
   19.6953
   10.2914
  0.233126
   16.1912
   1.73091
   2.94452
   4.12386
   3.99311
   4.68813
   11.4734
   1.01093
  0.419097
   1.35562
  0.302585
   2.24186
   5.35685
   24.0133
   22.1837
   21.7579
   24.8214
   21.5502
    20.491
   21.6902
   18.3993
    23.938
   9.69602
   9.75259
   7.64243
   0.73595
   23.2908
   16.3595
   9.66894
   16.0873
   6.26694
  0.201797
   8.36803
   48.8922
   15.5298
   1.75302
   3.19736
   28.1018
   4.08188
   3.34918
   18.0461
   7.58225
   6.12672
   8.63422
    12.655
   14.9651
   5.88805
   6.20269
   9.81534
  0.302343
   5.65677
    8.1365
    5.3615
   6.77615
   6.70672
   5.90674
   18.0218
   3.76256
   3.06225
   11.4835
   3.15928
   6.23662
   25.9037
    19.867
   8.86551
   4.17971
   21.8122
   17.2311
    5.0344
   10.8608
   17.0887
   14.1713
   5.17717
  0.439561
   14.4432
   7.98393
    2.7638
 0.0234582
   1.54015
   21.4877
   23.2513
   20.4522
   11.8564
   9.70016
   2.14959
    3.7735
   7.05899
   15.0809
   22.6293
   1.27519
   14.8107
   17.8044
   14.2674
   7.13298
   15.7711
   11.2694
   20.0086
   4.37334
   12.8092
   5.00775
   3.00381
   13.6406
   17.1805
   13.9906
   42.8237
   3.48145
   23.8613
   1.11219
   4.61038
   2.32013
  0.725239
   3.88723
   2.64032
   11.5774
   23.2836
   23.6353
  0.816619
   3.73961
   3.71792
   9.99291
   16.4664
   14.4975
    25.683
   13.4026
   28.0739
   20.2145
   31.0466
   11.6696
   19.9377
   10.2871
   38.3136
   18.7819
   6.28571
   32.5361
   14.7573
   16.0748
   14.8611
   13.6311
   4.04621
   5.24524
   21.3718
   13.0858
   13.9973
   7.09257
   22.6259
   7.59455
   7.56119
   7.53802
   14.3986
   4.52723
   22.2021
   1.45628
   22.8152
   7.27751
   9.77125
    8.3774
   7.56092
   12.8804
    20.445
   14.9837
   11.4657
   8.19788
   18.8254
   27.8877
  0.346821
   44.3682
   13.8886
    37.037
   0.32758
   9.10177
   14.0037
   24.9391
   25.3899
   5.89074
   12.1556
   2.84204
   22.9932
   2.94511
   46.2287
    16.443
   3.76353
   4.75608
  0.118498
   3.95737
   17.0993
   15.4389
   7.31145
   18.5069
   7.29335
   23.2642
   17.5706
    24.053
   16.2565
   12.6311
   14.1589
   5.74742
   12.8737
   5.84913
   9.19441
   3.26613
   1.34462
   2.84671
  0.458199
    44.461
   1.86577
   6.89064
   15.8632
   13.9229
   28.6675
   11.1144
   25.4024
   6.51684
   2.01225
   2.44113
   38.5866
   12.6745
   1.77418
   18.5337
   12.8093
  0.904035
   46.9204
   12.9168
   12.2945
   6.39106
   1.68757
   1.37872
  0.889781
   28.0695
   11.4531
   34.7594
   32.9015
   21.2708
   19.5678
   5.80146
    9.0403
   13.2098
   2.40023
   17.1102
   1.67606
   11.1085
   23.4276
   6.68725
   7.79374
   22.2898
   23.9834
   18.8043
  0.647614
   7.21756
   5.57282
   6.05612
   9.05878
   18.4612
   18.7616
   4.28402
  0.186144
   4.50084
   13.4778
 0.0625981
     16.63
   16.8874
   11.5143
   4.74448
   34.7067
   47.1736
    24.018
   22.6593
   26.5527
   4.36934
   16.2506
   24.3364
   17.5589
   23.0419
 0.0783197
   14.4292
   24.0989
   4.15893
    3.5402
   11.3366
   11.7913
   3.00019
   23.3439
   24.2502
   2.00658
   2.86022
   2.96955
   3.10752
  0.498579
   4.60387
   7.31923
   8.81024
  0.195349
   14.2723
   46.4241
  0.922989
   9.25989
   47.7098
   26.6891
   1.56296
   15.4523
   6.62581
   30.1025
   5.84173
   30.0356
    11.429
   4.37332
   3.06743
   12.2744
   16.6025
   2.10058
   8.66245
   44.9293
   21.2197
  0.261448
   18.3035
   25.5246
   9.66823
   14.0305
   22.0424
   17.1028
   16.2858
   11.2803
   27.4307
   24.6559
   12.0323
   17.1913
   8.73009
   2.49517
   18.0293
   4.25429
   1.06777
   38.4498
   11.8925
   5.03065
    10.659
   23.6387
   2.86335
   5.32444
   12.7482
   18.6462
   7.49022
   5.77674
   2.10258
   28.4385
   2.30712
   4.94059
   34.9581
  0.802459
   9.50603
 0.0033572
   18.3963
   6.13279
   17.8468
   17.7924
   12.6206
   8.71133
   16.3296
   25.4476
   11.1335
   1.12606
   2.02114
   3.47362
   16.9613
   4.28711
   7.26915
   25.4685
   3.07279
   4.68123
   3.09217
   12.0037
   20.6671
   21.5019
     16.25
   21.6789
   17.4313
   3.34764
   9.67611
   6.22304
   6.24921
   10.0895
   27.0495
  0.424412
    3.5413
   4.38855
   25.9668
   51.8299
   9.47794
    5.5728
   16.8984
   27.6929
   9.89619
   8.33963
   10.4029
   27.7484
   26.4835
   19.8017
   13.3849
    24.407
   17.7109
   18.3743
    6.4245
   12.6289
   24.1245
   24.9074
   1.12446
   34.8897
   35.9814
   5.30156
   7.14044
   2.48221
   13.0657
   21.1246
   4.67673
   12.2578
   35.2657
   10.3481
   24.3653
    21.711
   9.67387
   14.6923
   0.33624
   7.42693
   8.49584
   23.4312
   6.81044
   1.00107
   3.55671
   13.0372
     3.109
   14.1228
   24.5559
   7.70762
   12.0395
   3.93925
    24.336
  0.395221
   9.00042
   6.35947
   24.6872
   6.67581
   15.6311
   13.1873
   14.5308
   27.9976
   22.3488
   23.4073
   1.09366
   31.1222
   4.76572
   8.23131
   19.8155
   8.11918
   2.71167
   7.91927
   20.9895
   4.59514
   21.6224
   21.8098
   26.6301
   18.5815
   38.3141
   22.8337
   2.94295
   3.49419
   22.3222
   24.7264
   32.3469
   24.0903
   19.0534
   19.3058
   5.02768
   2.13552
   2.18715
   25.3614
   19.7455
   9.54427
   6.57652
   19.4516
   21.6303
   8.34203
   3.80819
   34.0451
    18.831
   12.8145
   26.3042
   18.4379
   14.8945
   14.4903
   13.7594
   25.4166
   17.1958
   6.88295
   19.3904
   19.6661
    25.493
   24.3987
   42.4511
    9.2355
   23.1226
   21.1575
   7.90715
   22.1886
   22.6847
    14.067
   13.9587
   14.0751
   6.66348
   9.99533
   18.5352
   10.6014
   23.5434
   3.02163
   8.45144
   5.58907
   26.6461
   4.68021
   7.98631
   23.1337
   48.3429
   26.4146
   20.8526
   50.3365
   19.6437
   14.8865
   14.8446
   8.28398
    22.363
    2.9557
   23.2928
   26.6736
   29.9646
   17.6698
   21.4807
   21.1245
   22.5677
   39.0408
    9.2656
   24.1907
   23.9852
   4.05353
   4.02368
   17.8467
   11.9146
   17.7999
   5.38929
   3.66182
   7.80663
   20.8552
    27.516
   15.1737
   7.25258
   6.50676
   11.8754
   26.3703
   2.70665
   26.6244
   11.3649
   6.50293
   13.6177
     2.018
   6.98015
    4.5987
   6.95368
   22.8865
    6.2378
   23.4824
   8.33075
   22.4102
   27.1167
   18.2135
   20.9196
   6.19129
   28.4403
   5.29007
   12.3115
   41.0656
   21.5908
   4.19104
  0.651184
   7.54883
   8.26573
   33.1568
   8.45572
   18.8346
    6.1577
   17.0075
   10.9713
   11.9652
   2.61537
   7.96871
   11.2176
   11.8365
     10.79
   25.4503
   4.40587
   16.3035
   13.2579
   32.0197
   17.3493
   18.3502
   31.9819
   3.15547
   3.84227
    44.924
   41.9418
   1.43411
   29.3634
   6.71917
   13.6417
   3.82415
   14.6453
   2.15243
   34.9167
   3.02239
   16.7968
   8.12148
   18.2014
   17.6334
   15.0537
  0.599768
   14.6821
     4.961
   9.20324
   3.82849
    9.8791
   25.2619
   17.0245
   3.23102
   17.7422
   27.3916
   14.0318
   18.8508
   9.78863
   6.81731
   20.4917
   12.0102
   18.1436
   21.8219
   24.0205
   3.05062
   13.3648
   8.55548
 0.0199652
   13.0475
  0.130198
    11.888
   4.34726
   17.0944
   23.4493
    11.467
   19.8463
   19.4263
    33.172
   29.6057
    17.142
   3.39065
   14.2936
   6.98345
   1.83974
   24.8906
    7.6232
   6.38267
   18.7092
   1.96324
   9.68776
  0.900834
   13.3996
   2.15043
   3.39502
   36.2581
   34.8378
    15.532
   4.18174
    10.566
   20.1715
   1.41999
   33.0742
   5.72797
   37.8351
   12.8926
   3.27207
   22.2747
  0.589447
    1.4282
   4.06384
    3.3869
 0.0864505
   2.01061
   15.3689
   47.7545
   15.0471
    7.2609
   16.8911
   9.95032
   14.5564
   1.51606
   2.96585
   1.67416
   15.5605
   14.9467
   26.4337
   18.0431
   3.02645
   18.8158
   19.3022
   1.78542
   24.1464
    3.6239
   26.5253
   7.50642
  0.534608
   2.23148
   9.36877
   24.5764
   3.59027
   7.82532
   27.2787
  0.475565
   46.0907
   4.24581
   1.22553
   1.69848
   2.77283
   5.29127
   3.17493
   6.67685
   3.50361
   3.83544
   2.75924
   8.40226
   24.9878
   27.5536
   10.3522
   19.4659
   5.14673
   5.34422
   1.53386
   8.34069
   16.8787
   6.19897
   29.1694
   8.85687
   2.40806
   16.8019
   6.50493
   19.2257
   13.1977
   18.2473
   30.3598
   22.1364
    10.121
   12.5587
   7.78203
    13.654
   1.52223
   17.2672
   6.64657
   2.51373
   0.29086
   5.68055
   20.8072
   3.73965
   14.4135
   8.77811
   5.23842
   6.32188
   8.79008
   4.66674
   9.48346
   3.96732
 0.0315573
  0.444596
   7.91799
    9.2826
   24.0975
   19.8005
   14.5841
   1.00078
   0.92723
   5.92248
   9.15211
   4.46271
   43.0607
   6.71213
    27.414
   11.4989
   28.6356
   8.23215
   4.52909
   2.78493
   12.4352
   6.24336
   32.3234
   16.8354
   26.7913
   16.9071
   10.6916
   10.5132
   9.29764
   33.7824
   18.5378
   17.4972
   11.4038
  0.584363
   7.95527
  0.348861
    10.172
   10.5819
   3.97373
   5.33658
   3.40306
   13.3939
   3.95646
   23.5178
   10.5544
   15.4206
   1.27909
   7.72177
   15.0655
   4.54313
    8.4322
   7.40324
   20.2933
   2.48988
   2.39209
   21.0328
   15.2716
   15.6048
   18.5761
   1.03705
   14.4285
   7.14103
   9.08273
   14.6814
    7.3114
   10.1997
   4.03457
   3.83044
   4.98941
   11.3367
   26.0448
   1.94406
     7.734
    7.5051
   7.08949
   7.43995
   7.53561
   4.04597
    28.737
   1.11475
   15.0228
 0.0922132
   26.7102
   13.8951
   5.70969
   7.05687
  0.763392
   28.8278
   1.35786
   3.19805
   2.49878
   6.23871
   1.12442
   7.05674
   3.00585
    9.7075
   9.13041
   23.9664
   10.9316
   5.73708
   8.83782
   2.92527
   10.1884
   20.9145
   6.91067
   9.10644
   4.68886
   5.07935
  0.311894
  0.854478
   5.38861
   6.43964
    5.7232
   13.5853
   8.69514
   3.94247
   4.24091
    10.581
   29.5065
   15.4495
   9.45246
   10.6089
   45.1467
   21.1331
   4.52924
   7.42885
   6.27894
   10.8099
   3.46295
   13.5502
   18.9489
   2.21129
  0.058673
   1.41639
   1.85074
   9.20845
   15.7754
   8.49722
   8.15014
   1.66748
   7.43919
   4.02512
   11.2406
   7.08703
   26.6451
   8.84444
   7.20863
   8.86826
   7.14595
   13.4275
   11.5078
   13.2986
   3.52953
    14.709
   10.2093
  0.710155
   4.68536
   2.29799
  0.504675
  0.386069
   3.67947
   14.8217
   0.88051
  0.603021
   1.65091
    3.1187
 0.0426854
   6.53604
   1.18971
   6.96528
   4.20066
  0.125693
   4.20859
   12.1011
   2.54451
   1.55194
   6.18226
   12.0907
   17.1116
   10.4415
   7.62647
   3.27484
   21.4196
   6.34479
   2.40023
   9.80958
   30.8865
   2.57945
   2.19629
   4.12669
   2.66519
   1.54347
   4.97322
   5.46439
   8.84731
   5.55569
   8.28714
   12.5372
   15.6097
    7.3683
   14.3184
    33.294
   25.2432
   20.3303
   0.29114
   1.34116
    50.004
   2.96038
   8.73681
   4.91383
   4.19026
     4.604
   13.9873
   6.81057
   9.43336
   35.7591
  0.586348
   16.9634
   13.7707
   17.5856
   9.83202
   19.2835
   13.1699
   22.1596
   7.47835
   10.8433
   9.79233
    12.679
   10.7138
   4.33529
   17.9874
  0.696614
  0.934689
   14.5203
   21.5084
   20.0566
   16.5528
   7.38462
   6.70953
   4.18264
   47.0098
   11.5793
   25.5311
    2.3997
   6.62799
  0.451014
   8.18387
   11.2353
    5.4453
   5.68233
   51.2999
   7.92015
   13.9543
   13.5281
   22.6644
   9.88326
   16.8208
   5.92245
   13.6284
    5.9887
   8.64711
   8.27372
   1.12292
   8.79754
   1.31549
   8.82784
   27.1084
   6.08417
   2.32442
   7.78284
    9.4028
   6.14953
   15.9366
   3.10774
  0.512746
   0.74127
   18.4357
   17.7963
   13.9439
   11.7227
   7.26754
    1.7957
   16.5451
   5.99806
   1.68978
   4.79834
   7.23878
   15.7596
   25.5398
   8.37844
   16.7343
   26.7518
   7.77215
   5.83552
    12.894
   9.91657
   4.91615
   32.7359
   3.26547
   15.3643
    1.3779
   11.3364
   13.9765
   19.3132
   15.5986
   9.98968
   10.1132
   15.3146
    9.2269
   18.7962
   19.3511
   23.4175
   16.9184
   14.6267
   15.2813
     17.43
   14.6837
   31.5326
   17.1953
   13.0965
  0.417433
   15.8523
   15.8606
   12.7721
   1.32468
   3.05377
   1.17398
   16.6908
   6.76679
  0.864913
   10.9815
   9.13943
   11.9357
    17.754
   20.4883
   21.0313
   25.5347
  0.843202
   10.1677
   18.9464
   13.0085
   16.1939
   5.42658
   1.46321
   5.93796
   22.8636
   18.9593
   13.3658
    17.292
   21.2239
   5.19251
   17.9148
   2.79568
   3.21141
   25.2398
   27.0352
   5.74961
   26.5674
    7.4629
   5.96122
   3.64086
   1.76525
   10.8429
   1.06401
   22.0576
   8.92375
    4.2351
  0.468384
   21.6257
   13.8073
   20.9679
 0.0101704
   19.3105
   7.65759
   17.8845
   12.4396
   12.2565
   2.17092
   24.1729
   7.03529
   3.96195
   16.9004
    9.9842
   20.9946
   24.8894
   16.1722
   17.1376
   15.0089
   15.5264
   17.8015
   20.4488
    21.976
   29.4946
   16.3193
   15.5147
   6.80295
   18.8476
   18.0236
   12.1302
   16.5044
   14.0828
   15.3414
   25.7448
   6.20093
   15.6761
   6.10876
   15.4048
   0.29278
  0.300684
   15.1377
   14.0619
   12.0983
   33.3741
   33.3215
   9.26483
   8.47935
   35.0454
   2.71859
   14.1232
    2.0139
   28.7709
   8.52758
    8.8656
   11.9991
   11.6221
   15.8595
   6.79369
    13.169
   17.3308
   15.7259
   6.74333
   14.6221
   12.5235
   8.28213
   7.22111
    11.347
   18.3007
   3.03887
   24.5944
   21.4031
   3.86699
   4.03924
   13.4547
   3.08878
    9.8123
   9.84201
   11.6292
   6.97606
   24.0351
   2.29348
   12.1179
   11.7973
   11.3519
   13.6168
   15.5069
   14.7147
   3.66199
   5.50607
   33.0488
   9.97244
   14.3674
   8.14657
   10.0695
   4.16206
   5.99398
   4.04173
   12.2992
   6.05417
   2.01546
   1.89219
   7.67493
   21.8451
   6.09947
  0.438489
   1.01714
   2.90441
   15.1339
   14.2141
   6.38937
    8.6406
     3.151
   50.3059
   18.6541
   2.07675
   5.50607
   2.45392
   10.5834
   2.27654
   3.28142
   1.81895
  0.818294
   4.31851
   1.85401
   6.34761
   18.3932
    11.673
   2.98842
   14.2774
   9.21462
   14.2732
   15.2809
     2.235
   3.29522
   17.5927
   1.73911
   4.14898
    5.2002
   4.35523
   13.5226
   10.8868
   5.95382
    16.727
   0.22612
   2.59942
    5.6036
   12.8481
    19.525
   32.4459
   8.62844
    5.0972
    8.5243
   1.81563
   46.7762
   10.9977
   23.8352
   10.8359
   13.9939
   5.45236
   13.0465
   24.4461
   18.6926
   14.2303
   6.59943
    5.5878
   10.7163
   6.48996
   8.25105
   14.0962
   4.42235
   2.63179
   15.5241
  0.317477
    6.4178
   3.28552
   5.43613
  0.778451
   4.51275
   2.12514
   11.6292
   31.1818
   25.7169
   0.94076
   6.70197
   48.5019
   2.15436
   14.9703
  0.403109
   5.35875
   16.4459
   10.3459
   20.5348
   2.94866
   3.95573
   12.6006
   22.4933
   6.92715
   5.49973
   17.1529
   1.05723
   10.8506
   5.31211
   18.2428
   8.07681
   9.71592
   4.44156
   6.00292
   10.6245
   23.6938
   5.82919
   1.75091
   33.8546
   2.30051
   13.0797
    1.8357
   5.97421
   12.4784
   11.7587
   7.90988
   15.7795
   15.9807
   4.34556
   11.6453
   9.73593
   5.28537
   3.72849
   15.4276
    7.8117
   7.61718
   14.7943
    2.8732
   3.76684
   2.30126
   13.3624
   5.09154
   10.9072
   1.14705
   1.21769
   7.77891
   16.7562
   5.75963
  0.539416
   11.5475
   2.94893
   6.97739
   10.4249
   3.20526
   11.2857
   3.15243
   8.10524
   3.31148
   3.78628
   13.1053
    25.548
   4.58434
    3.5374
   8.45018
   17.7461
   24.1856
   8.86951
 0.0353377
   23.6392
   5.20911
   6.41105
   1.83173
   14.8185
    9.3927
   7.73096
   13.1937
   9.39548
   4.71425
   4.69775
 0.0544081
   1.52321
   31.1589
   13.7064
   4.79293
   26.0949
   13.4037
   29.4704
   20.6916
   10.5628
    31.903
   13.2683
   24.4763
   28.0086
   28.7672
   3.22877
   1.30289
   2.66619
   18.2292
   5.02091
   10.5276
   8.05174
   3.05072
   14.6674
   4.57455
   14.5206
     4.681
   12.1509
   19.4697
   8.16151
   9.04286
   18.8004
   4.12621
   8.25925
    24.295
   2.42649
   16.9774
    7.4519
  0.752777
   6.47279
   12.9797
0.00362166
   11.9015
   7.69093
   7.45377
  0.641264
   12.5008
   11.1877
   6.94756
   6.98524
   26.0362
   1.10142
    5.0048
   5.36552
   5.21468
   11.1008
   25.1207
   12.9653
   4.42358
   10.8757
   2.21823
  0.484679
  0.200764
   25.4759
   10.1341
   14.5041
  0.617428
   4.52248
    3.3479
   10.9132
    15.317
   16.4958
   2.86989
   3.78583
   15.0881
   3.84872
   6.74708
   11.8626
   12.9767
   6.80339
   14.8165
   2.02309
   20.4952
   13.1938
     3.055
   1.91031
   0.33396
   5.63555
 0.0581492
   8.92404
   7.32499
   24.8442
   3.71147
   15.3415