   157.606
   157.967
   8.71564
   4.75885
   2.67623
   2.12413
   12.2115
   8.06129
   2.03301
   4.31512
   3.43455
    3.6473
  0.818109
   4.58422
   5.87148
   21.0699
   23.9455
   2.35215
  0.402984
    5.9927
  0.881073
  0.603675
  0.693546
   1.45366
  0.907672
  0.374887
   1.18966
   1.63712
   1.65628
    5.8108
   7.32413
   3.30578
   6.45375
   3.82975
   154.546
    155.06
   9.64032
   155.637
   8.40084
   159.105
   158.609
   131.849
   16.3401
   1.43821
   131.624
   26.6042
   20.7527
   11.7964
   11.4178
   24.0533
   2.17966
  0.263119
   12.1682
   7.17294
   20.4501
   7.87422
   5.77747
  0.131672
  0.988199
    1.7905
   2.27493
   10.1867
   11.3806
   7.72396
   11.1534
  0.261128
   13.9917
   10.3056
   8.12951
   12.8845
   7.27102
   6.03836
   3.18884
   3.05719
  0.644561
   2.18046
   4.04417
   1.11401
   4.55111
   1.89236
 0.0172486
   5.05276
  0.907345
   3.69241
   2.13767
   3.75161
   2.33967
   2.87108
   4.97814
0.00210586
   1.52103
   4.87676
   1.71558
   2.51699
   1.08886
   3.12981
   11.9137
   14.3143
   5.86978
   8.26239
   12.5222
    7.4092
   0.81827
   5.17513
   5.02227
   10.8207
    7.8034
   6.81701
   10.3922
   4.60444
   5.79887
   4.73509
   2.06522
   12.0852
   8.30992
   3.94838
 0.0924348
   22.7482
    4.7026
   15.5643
   4.68969
   1.67769
   4.67246
   2.78867
   5.04863
   2.99282
   1.24291
  0.640899
   9.05054
   10.2943
   33.3922
    28.459
   15.9799
   12.8536
  0.678221
   2.66862
   17.8527
   13.8111
   13.1777
   2.46508
   5.20142
   12.3706
    3.0064
   13.1021
   9.16881
   19.1949
   6.61057
   9.66411
    2.3813
   6.38672
   7.84417
   150.386
    29.565
   9.64753
   17.4196
  0.462589
  0.650089
   1.60853
   29.3976
    33.332
   3.71161
  0.708358
   24.3887
   1.38876
   0.50892
   24.9963
   41.7538
   12.5631
   7.09368
   10.2533
   5.33146
   8.58546
   14.5439
   22.2913
   30.2922
   1.43066
   3.04113
  0.895052
  0.956712
   5.43284
  0.198143
   23.7144
   14.6378
   16.3416
   13.4806
   5.44604
   4.38084
   1.86147
    1.3912
   9.92605
    131.54
   7.56842
   136.156
   3.43591
   7.08981
   8.28251
   4.85446
   23.0978
   9.49658
   8.64483
   4.06023
   15.6192
  0.152763
     5.889
   19.6722
  0.719983
   9.77784
    11.901
   16.6499
   4.70439
   7.69152
 0.0803422
   1.91864
   8.82739
   13.5548
   2.68012
   3.87185
   15.6232
   14.8249
  0.730107
   1.71233
   3.39005
  0.798079
   4.27763
   2.33058
    4.7764
   3.21534
 0.0201504
   2.37844
    3.5536
   1.84057
   1.34094
   4.77354
   1.81768
    26.312
   3.27289
   4.50698
   1.99742
   16.8879
   6.77204
   6.85442
   2.75564
   3.52237
   3.04673
   6.84284
   9.43647
   3.69071
    8.2497
   2.39933
   17.1562
   21.8474
   17.6225
   9.01741
  0.197006
   10.5493
   2.59027
    1.1629
     4.984
   3.62447
   1.85878
  0.735492
   18.3997
   3.71206
    1.7195
   2.68089
  0.935383
   4.83915
   3.78256
   9.44443
    18.184
   1.45768
   3.82882
    3.5186
   6.69218
   6.48398
   3.19275
    10.753
   36.0202
   20.8486
   165.025
   5.88066
   7.98616
   4.18758
   29.2481
    15.104
    11.914
   24.1214
   6.69617
   10.8312
    8.5162
   1.61656
   9.02866
   12.8827
   8.72147
   28.3384
   14.9797
   9.26525
   2.33643
   3.87913
   22.7451
    16.983
   9.82614
   16.0313
   23.9455
   20.4128
   1.12256
    19.665
   2.16267
   1.46997
   7.54236
    2.1419
    5.4642
  0.892023
   3.97121
   17.0187
   35.6302
   151.557
    1.6697
    3.6392
   8.28458
   5.04981
   27.9112
   2.22795
   160.019
    160.13
   15.6775
   16.2448
   5.24682
   1.71165
   3.15601
   11.6211
    9.2598
   3.59945
  0.810377
   0.48756
   5.54775
  0.904981
   5.38384
   3.03125
   3.99565
   1.46933
   2.67479
   4.38703
   4.25194
   1.78425
   3.86639
   1.10987
  0.137421
   16.2239
   18.2438
   23.5811
   8.47642
   13.4605
   8.99078
   2.66365
   13.7799
    12.821
   9.80022
   14.0059
   7.66678
   2.85738
   19.7237
   7.31114
   10.3413
   34.7612
    4.8279
   5.46855
 0.0964404
   2.36816
   2.68451
   11.4325
    4.8003
   3.87902
   3.87789
   2.86705
   3.14402
   2.59523
     8.324
   15.7704
    3.6339
   4.18423
   4.93284
   16.6779
    16.333
   8.62701
   14.2106
   7.07801
   2.69354
   17.2327
   18.3793
   7.61006
   29.0954
  0.661616
   25.8394
   157.551
   12.4989
   14.9797
   18.8301
   8.56896
   23.9614
  0.159389
   20.0281
   9.23168
   4.85407
   20.9633
   28.3508
  0.181818
   0.19834
   4.40855
  0.341867
   7.45669
   30.8296
   1.76864
   1.82905
   1.97165
   7.86649
   7.71459
   20.4697
   14.9161
   2.37573
   7.53451
   6.51892
   1.28601
   2.34333
   3.72912
   5.50121
   4.77632
   2.59194
  0.651739
  0.547011
   6.24129
    9.3574
   13.8811
   3.21707
   10.5137
   4.86533
   15.3089
   3.97467
   11.9214
   7.68043
  0.301434
  0.438441
   6.61866
   25.0036
   3.19112
   3.98288
   1.50776
   2.75152
  0.930807
   6.69784
   9.81439
   10.1965
   0.70421
   1.21181
   13.4579
   16.6353
   22.3004
   14.9533
   12.6979
   8.34289
   129.845
   136.427
   155.903
   138.554
   22.4545
   3.93288
   20.9305
   11.2487
   18.7485
  0.241312
   4.86132
   0.54618
   1.63894
   22.3017
   2.13355
   0.69265
   22.9309
   0.50819
   2.88205
   8.80683
   5.30767
   3.69404
   11.3442
   14.8597
    19.346
   5.14915
   6.78064
   7.37365
   9.37257
   4.39553
   13.5342
   29.4491
   4.42063
    24.199
   17.8662
   9.72963
   10.4858
   13.7015
   26.2619
   9.12156
   19.7016
   14.4451
   16.2957
   8.49156
   6.23649
   4.24348
    2.3971
   4.93605
   11.7829
   7.81666
   32.3856
   2.63024
   3.73042
    2.3299
   12.6163
   15.2353
   9.75595
   7.46507
   5.13265
   7.71598
   4.63708
    5.1029
   8.86243
   14.8783
   12.8658
   13.6273
   23.6907
    3.6603
   2.75831
   2.30526
   9.82545
   3.29486
   14.2521
   19.8376
   7.25181
   15.9911
   3.43553
   10.8247
   13.8435
   15.7267
   6.76814
   4.89444
   4.71532
   10.7644
   5.74898
   4.56368
   21.1713
   9.53307
   7.49265
   1.07433
   4.23254
   13.4631
   17.3159
   6.01559
   1.48532
   2.68622
   13.2317
   10.3739
   5.47671
   16.9159
    6.7467
  0.636725
   4.33193
      10.8
    8.7883
   7.45318
   10.6401
   9.99999
   5.36259
   5.71643
   3.66021
   2.11402
   7.39043
   7.29276
   15.0799
    11.385
   8.55235
   22.4881
   1.14388
   9.16973
   6.62474
   13.9792
    4.2493
   3.81382
   15.2433
   29.4449
   21.2913
   11.0253
   20.9735
    7.9651
   9.49456
    30.184
   24.2353
   24.5145
   2.72562
   7.05407
   6.91835
   18.5417
   132.503
   13.1694
   9.04138
   12.9308
   1.87002
   11.6354
  0.112953
     5.386
   17.4072
   3.37448
   17.9355
   4.22532
   13.8157
   15.7854
   9.88581
   6.74404
   18.4125
     1.219
   3.01091
   15.2384
   7.72693
   12.0099
   6.72043
   8.22525
   22.0904
   24.5708
   4.01315
   11.7838
  0.238122
   11.2364
   17.6143
   8.73326
   14.9041
   2.51062
   13.4694
   8.53105
    8.9103
   3.89661
   5.23584
   2.05774
   6.17329
   16.2704
   14.3386
  0.968935
   14.8294
   3.36693
   13.8554
   14.3435
   1.61084
   5.95231
   21.6226
   13.5428
   4.18877
   12.5044
   6.25219
    12.613
   8.08734
   9.71135
   3.59636
   7.78744
   11.4419
   5.22814
   3.08468
   15.0137
   3.66567
   3.02632
   12.0238
   13.3765
   27.2321
   8.37017
   3.73637
   20.0288
   12.2989
   10.8993
   16.6063
    9.0869
   1.82433
   1.45439
    7.9848
   5.87929
  0.893321
   16.7936
   8.16987
   16.6935
   2.87716
   21.1841
   17.9063
   15.2293
   16.4977
   4.23256
   1.09667
    1.8927
   6.40322
   12.2834
   14.8337
   14.9848
   1.88638
   6.18672
   11.4784
   6.53613
   21.7895
   15.0656
   36.9298
    26.416
   14.2732
    3.7124
   14.5306
   10.3096
   16.0118
   14.7089
   2.14605
   9.87113
    5.8517
   15.3261
   7.10981
    1.6026
   14.5206
    10.389
  0.754657
   4.28465
   3.98916
   4.91935
   7.48432
   16.6734
   4.06913
   3.86485
   1.00947
   2.76324
   154.705
   10.4343
   20.2849
   12.2956
   12.2719
   5.00091
   4.76569
   15.6364
   3.31244
  0.606555
   4.00565
   5.26422
   4.98091
   2.12358
   17.9732
  0.458137
  0.855977
   18.0888
   7.38378
   12.5367
    15.011
   4.42134
   5.18871
   12.7946
     5.641
   11.2916
   6.46141
   1.12802
   7.02956
   8.16423
   8.98079
   16.9642
   2.52411
   13.5334
   6.33209
   9.23066
   6.07767
   5.20027
   3.46173
   7.64072
   10.1247
   6.52721
   5.70801
   21.4063
   2.56927
   3.10566
   3.20782
    11.031
   12.1507
   8.38431
   11.3586
   11.8921
   11.6986
   19.6449
   7.02954
   10.7856
   22.7297
   3.39517
   2.68215
    16.275
    8.9585
   9.13444
   11.6875
   10.9436
   2.76754
   7.89578
   10.6381
0.00749224
  0.251912
   6.54759
   18.5796
   7.43805
   2.78089
   8.48648
   3.35034
   4.68645
   10.7232
   12.3851
   12.8644
   7.46994
   6.39737
   9.44892
  0.798954
   14.3797
   2.75526
   2.86134
   11.7279
   8.85219
   12.6032
   16.4873
   6.57374
   9.47494
   20.0081
   6.12212
   4.51994
   3.45258
   11.4126
   11.8782
   8.78594
   2.28629
   7.68906
   1.70605
   5.59342
   2.50258
   13.1969
   1.11437
   19.4674
   6.27455
   5.15753
   3.16419
  0.232613
    9.1571
   6.07564
   18.7133
   5.71117
   10.8648
   7.24577
   9.82368
    6.4889
   4.96747
  0.956851
  0.975226
   12.8421
  0.898501
   15.6197
    9.9952
   2.72016
   12.8157
   5.17768
   4.41856
   11.9114
   13.5483
   20.8159
   3.60359
   1.68701
    22.905
   33.1732
   3.86752
   14.5621
   3.61559
   1.39492
   11.6194
   3.53417
   2.67268
   8.02355
   10.4907
   8.49517
   29.3734
    2.9661
   18.0084
   10.8853
   5.13176
   15.0199
   10.8217
  0.243391
   5.44058
    6.1722
   4.37561
  0.524421
   5.32855
 0.0220941
   2.99678
   9.93806
   2.58229
   20.7557
   6.82941
   2.44583
   13.1192
   11.6671
   22.0601
   6.51653
   5.25681
   4.58859
    2.7241
   11.6048
  0.894484
    1.3493
   8.71231
  0.784898
   8.28483
   1.61729
   10.2903
  0.186574
   5.94214
   7.25995
   129.322
   38.0438
   6.23886
   3.00414
   12.3492
   1.84278
   4.69198
   9.84029
   13.3758
   5.19215
   5.41485
   13.1727
   3.03274
    12.669
   14.6923
   6.98312
   1.24383
   6.36325
   17.9864
   6.65856
   7.16123
   3.78643
   6.63914
   20.0953
   8.66855
   1.39216
   0.65902
   4.73827
   16.5127
   1.24892
   13.3844
   4.34957
   4.69572
   3.74773
   5.14402
   24.2466
   17.3707
   6.12142
   6.18415
   3.19533
   7.75277
   4.59324
   17.3361
   3.31517
  0.594698
    12.691
   40.1959
    145.17
  0.902739
   12.7307
   12.4612
   7.41952
    7.8404
   0.07622
   4.08682
   5.08887
   6.09139
   23.3522
  0.528496
   1.42695
   16.5274
   2.71864
   12.8603
   6.10945
   8.97928
   5.31373
   8.18797
   3.65565
   11.7114
   1.00836
   9.53951
   8.54085
    6.2104
   1.32097
   4.13492
  0.131049
   8.63125
  0.931689
   12.6217
   13.2004
   36.9812
   9.15749
   10.8105
   11.2971
   4.50931
  0.154115
   11.0264
   34.2948
   11.3353
   1.12183
   13.5264
   3.40719
    9.8062
   16.3241
   1.97053
   4.44099
  0.877759
    1.4647
   11.4424
   1.94608
   8.19869
 0.0928925
   3.59489
    3.2494
   8.57041
   7.71623
   15.3316
   11.3709
   5.28939
   9.35451
   7.36619
   9.36588
  0.483834
   2.20107
   8.33164
   5.07143
   7.26512
   1.18522
     13.76
  0.485768
     14.74
   10.1878
   3.49724
   8.53373
   12.6627
 0.0128131
   4.67528
   2.67773
    5.2548
   9.55422
   17.7871
    15.235
   18.1603
   8.46921
   1.11395
    1.9821
    13.128
   3.36083
    4.8321
   10.0589
   4.79519
   2.43781
   9.84552
   3.70909
   12.2972
   4.16264
   19.1887
   4.06907
   14.5061
   25.3547
   12.0211
   16.0395
   4.13375
   1.43554
   8.78847
    13.363
   15.4924
   8.01035
   4.23521
   15.3386
   4.73263
   6.65475
   9.06391
   13.4881
    4.1897
    4.6698
   5.63608
   4.42671
   7.16815
   1.72701
  0.777718
   9.32998
   1.69006
   3.71073
   21.6814
   7.16418
    13.079
   9.03486
   6.80976
    22.785
   6.30667
   8.33917
    21.548
   11.7857
  0.701366
   7.13067
   20.8507
   17.3144
   10.8116
   10.5643
     13.69
   8.40512
   5.68843
   11.8044
   7.98704
   3.63175
   15.4017
   4.95076
   11.3909
   7.54958
   4.25154
   5.16502
   12.0256
   14.4699
   10.5679
   8.52612
    17.317
   4.03853
   18.1139
   8.39699
   13.7831
   6.86148
   14.3049
   1.77545
   14.6593
   6.84125
   11.3499
   4.24725
   19.1478
   13.9695
    15.286
   3.21842
   5.51493
   2.59717
   5.01399
  0.771033
  0.502283
  0.725185
   4.13421
    3.4347
   14.0109
  0.928989
   10.3733
   13.6783
   2.60619
   4.25381
   6.73887
   7.89134
   16.6985
   22.4157
   7.94031
   17.3484
  0.317071
   3.13872
   2.62487
   16.6024
   14.3902
   28.9416
   25.7262
   15.3658
   12.6046
   1.89419
   4.38783
   2.82055
   10.3423
   13.3083
   1.00875
   5.72218
   18.9132
   6.09556
  0.144416
   1.66941
   8.92607
   1.22404
   15.6129
   17.8121
  0.642251
   14.2788
   16.4152
   13.8971
  0.104309
   12.9236
   4.12222
   14.9669
   1.28743
   11.3941
   11.6602
  0.766078
   8.60612
   2.25218
   15.8289
   14.0901
   8.10675
   5.98874
   22.4037
   16.1483
   23.4211
   18.1249
   9.07991
  0.941548
    25.526
   9.17196
   4.58699
    20.722
   23.3049
   22.4691
   12.5429
   1.14521
   2.14209
   35.9084
     22.45
   20.7785
   18.8017
   8.83314
   15.2804
   11.0843
   8.65942
   3.93185
   1.76602
    10.044
   8.93323
   7.51817
   1.41708
   22.0983
   7.48629
   12.6704
   18.8977
   7.98799
   10.7524
   24.5829
   10.6047
   29.2198
    3.0773
   29.4645
   20.9568
   2.21355
   20.2153
   9.75522
   22.7424
   25.5827
  0.902739
   38.0111
   25.9757
   42.3571
   154.565
   22.4244
   19.9193
   13.6867
   20.7731
    2.7775
   4.65672
    1.7999
   3.33629
   2.41708
   5.69943
    3.4663
   3.56172
   25.6737
   25.3039
   9.45933
   6.79559
    19.413
   1.69032
   24.0957
    3.4252
    11.367
   22.0139
   18.4175
   13.8652
   11.3186
   6.65687
   16.0151
   10.4242
   11.8051
   21.4539
   11.4754
   18.5454
   6.65674
   12.7104
   1.99877
   21.4955
  0.154073
   7.19211
   13.7918
    4.6605
   3.83626
   15.7271
   18.0562
   1.63663
   11.6352
   18.6439
   20.3442
   22.5251
   22.7025
   22.8758
   9.28168
   22.3536
   6.55815
   18.9981
   155.909
   1.39936
   5.58507
   154.925
   16.8419
   8.17748
   2.94478
    2.9494
   28.3252
   11.9509
   7.15949
   25.4068
   5.66631
   9.30449
   1.98332
   38.9094
   20.9295
   17.8955
   15.5216
   10.3128
     4.093
   4.14413
   11.1384
  0.106024
   28.4615
   7.67473
   16.9568
      11.8
   30.1506
   27.6429
   3.36517
   6.24111
   29.6397
   13.0791
   11.2051
  0.817122
   154.549
   7.29335
   4.63684
   10.6474
   5.11672
   1.65066
   6.22601
   1.48405
   2.64562
   18.1414
    6.7348
   12.5401
   2.72637
   2.84149
    6.3684
   12.3612
   1.95932
   2.64188
    20.297
   5.07836
  0.700523
   11.4279
  0.262824
   4.30357
   2.37993
   13.3239
   18.0214
   2.02775
   4.12177
   9.47934
   6.37171
   14.6308
   4.24031
   17.6032
   5.39629
   2.82671
   10.9429
   8.26059
    17.039
   13.7007
   19.7259
     8.449
   7.60467
   9.25032
   8.03069
   39.3973
    1.1554
   15.5394
     3.721
   7.90393
    24.178
   0.98596
   4.45084
   28.6596
  0.528933
   4.20207
   2.11208
   3.47108
   3.12927
   163.307
    24.968
   13.2748
   7.30415
  0.990804
    3.5194
   1.60659
   5.51913
   7.94566
   1.88931
   1.78763
   12.0104
   3.53122
   18.5737
   23.4538
   24.2078
   28.1485
  0.278522
   2.87562
   5.02001
   5.37889
   10.8267
   13.2513
    26.436
    14.694
   32.1154
     3.012
   12.5317
   1.24065
   2.75443
   22.4648
   16.3544
   14.6575
    15.289
   2.47957
   15.2095
   7.17272
   12.2253
  0.609743
   13.4791
    29.463
    31.512
    12.871
   31.8009
   28.0203
   1.02162
    31.842
   11.6915
   12.4903
   21.7261
   24.7263
   9.28921
   34.1455
   4.07961
   17.1713
   2.06808
     10.07
   12.8453
   25.9021
   13.0057
   30.1343
    27.395
   12.6977
   3.93357
    8.5649
   4.62297
   9.28095
   11.4669
   14.7749
   2.06168
   4.48274
   26.5849
   2.25858
   16.6864
   6.59747
   4.20701
   17.0737
   9.86991
   18.7439
   13.7965
    6.8699
   17.6295
    25.272
   9.71091
   2.83762
   0.33535
   6.98104
    5.6889
   2.36995
   8.40229
   9.80014
   11.9321
   6.65306
   6.16827
   25.9931
   7.90007
   5.31754
   10.2582
   5.84399
   21.0305
   18.0724
    13.786
   8.38489
   3.69136
   13.9234
   3.32352
   6.42894
   6.92749
    41.838
    2.4856
   4.48528
   24.2183
   1.05948
   9.18682
   21.6563
  0.233505
   2.64141
   17.0107
   8.58252
   12.0545
   2.72991
   9.12394
   7.98165
   47.6082
   23.0419
   22.2312
   10.1237
    36.553
   43.2922
   4.21723
   7.51166
   11.1887
   14.7577
   18.9757
   20.9967
  0.736081
   9.96987
    15.541
   58.3702
   55.5264
    55.355
   55.3456
   57.4116
   19.4067
   35.9085
    47.975
    55.943
   56.0899
   55.7039
   55.6973
   56.8842
   25.0484
   14.7496
   20.9243
   5.55946
    16.275
   149.585
   31.8632
   1.61387
   7.64724
   7.24977
   5.91339
   11.2849
   2.55927
  0.215507
   5.59932
   20.2191
   168.573
   2.02181
   16.0106
   3.34433
   27.2402
   31.5885
   2.00977
   4.05379
   13.3402
    25.558
   22.2482
   20.0559
   4.56074
    59.967
   54.4988
   63.1856
   54.4659
   49.8429
   158.307
   7.68956
   5.42022
  0.873722
   37.7357
   54.5722
   61.7508
   59.7416
   61.2687
    47.335
   49.7358
    49.797
   55.9229
   47.9902
   53.5329
   38.7242
   25.5183
   31.1991
   24.9535
   26.2773
   52.6217
   33.9203
   7.21733
   5.47001
   1.66831
   7.91385
   10.0202
    2.2837
   6.18961
   20.8539
   12.8949
   6.12389
   16.2093
   12.9983
   3.48897
     3.616
   2.12462
   55.2905
   56.0566
   57.0394
   56.4274
   55.0093
   47.5073
   41.6434
   15.5316
   11.3916
    10.199
   43.1301
   43.0729
    36.034
   30.8219
   51.9547
   11.7156
   7.04938
   9.85302
   2.93051
   54.4681
    54.413
   56.3654
   55.3206
   62.0637
   62.4241
   55.1278
   59.5812
   60.1463
    59.967
   57.1286
   58.4487
   15.7267
   7.19072
   8.14657
   6.28207
   2.15299
    15.055
   4.65787
    19.386
   15.3004
   21.0499
   17.6669
   3.26472
   3.51591
  0.982583
   3.82677
   30.0626
    3.6393
   11.6405
   1.48057
   20.3375
   20.6619
   5.72425
    7.8824
   9.00509
   12.2896
   17.5505
   2.66254
   4.48937
   6.52598
   46.5683
   46.7451
   50.8187
   50.8716
   46.7283
   4.88702
  0.840754
  0.505632
    11.022
   19.2969
   9.47924
   4.17733
   2.75329
  0.458711
   1.48436
   14.8081
   13.6313
   8.46398
   2.80589
    4.6237
   2.02736
   9.88038
  0.556551
   1.81653
   29.0707
   28.1608
   21.9587
   4.48811
   1.25985
   2.15369
   3.48539
   23.7643
   47.0713
   46.8609
   57.4441
   54.0324
   3.41341
   4.08952
    8.6318
   12.8288
   16.0464
   2.28424
   2.43395
   9.04356
   3.11266
    50.907
   50.9757
    15.055
      7.09
   9.70476
   42.5297
   47.4673
   42.4734
   42.6418
   46.8805
   4.30986
   3.26906
   5.69373
   16.4117
   2.23517
   11.1992
    15.923
   3.20608
  0.579761
   13.8954
    158.54
   7.57979
   2.85822
   7.29492
   1.06476
    7.0527
   16.8755
    2.5475
   4.63205
   5.49906
   3.65086
   5.60403
   2.23688
   28.2157
   28.0899
   28.1017
   29.3005
   17.3403
   17.1741
   13.6673
   11.7703
   3.18495
   15.4971
   3.51076
   9.66821
   3.26398
  0.348558
   12.4765
   3.14373
  0.748129
   3.13583
   3.60136
    5.5251
   19.7261
    3.6357
   29.6751
   1.24503
   1.83284
  0.420227
   4.84591
   55.1531
   54.9678
   59.5723
    55.425
   4.34518
   3.44332
   13.7332
    2.0838
   5.56712
  0.445296
   7.95396
   21.6697
   1.18614
      9.43
   3.69976
   7.47323
   5.31312
   2.32822
   7.14181
   5.69338
   13.0974
   43.4587
  0.793004
   32.2628
   33.6847
   28.1468
    28.722
   2.24033
   8.52688
   26.0396
   11.7234
   17.6852
   5.01567
   128.337
   14.5733
     2.281
   50.9276
   46.5868
   45.7826
   48.8727
   55.7043
   58.1707
   25.7313
   42.5908
   17.7062
   39.3995
    41.191
   31.8457
   36.5524
    51.553
   37.3383
   37.5944
   37.5271
   43.0219
   43.1259
   27.5803
   27.7999
    43.555
   43.5434
   32.8938
    27.017
   27.4077
   27.5359
   28.0298
  0.673076
   40.7397
   39.2045
   34.4356
   25.0367
   11.0378
   50.5267
   48.5986
   3.65361
 0.0437029
   11.4026
    2.1149
   48.8197
   34.8986
   30.8308
   12.5839
   54.6003
   42.7379
   34.1994
   43.3407
    8.2425
   44.1524
   29.2193
   3.98279
   13.5806
   18.5762
   17.2324
   5.87739
   2.45629
   46.3452
   17.3832
   32.9159
   35.7708
   6.25428
   47.3745
   6.39613
   33.6762
   28.1916
     40.11
   17.2327
   6.80593
   56.1469
   56.7893
   56.0425
   55.8626
   11.9457
    13.199
   16.0604
    5.8239
   23.0374
    10.497
    1.0768
    42.818
   37.6108
   37.1939
     45.31
   41.9719
   39.5453
   42.7783
   11.3902
   16.2028
   39.6595
   47.0334
   46.3693
   52.2145
   46.8342
   47.1142
   32.1681
   36.1088
   42.1396
   6.55743
   16.3644
   23.1854
   41.8073
   42.5952
   40.9285
   8.99785
   4.64586
   2.83852
   4.28084
   4.49601
   2.32064
   2.23494
   5.27433
   47.9829
   46.0343
   48.5591
   47.1954
   8.31515
   55.3708
   57.0573
   46.1038
   48.7865
     3.164
   3.24195
    14.958
    14.958
   2.35088
    8.8789
    48.548
   49.5465
  0.208047
   22.7304
   9.67841
   6.40163
   18.6244
   17.4558
   24.9277
   23.4407
   53.9541
   61.5869
   57.9843
   62.4116
    55.488
    49.058
   43.7897
    51.612
   47.0135
    54.717
   26.6788
   11.7039
   15.0988
   4.44579
    12.193
    12.525
   42.5397
   43.2232
   26.5901
   42.0634
   41.9717
   28.1364
   49.8273
   55.0819
   39.5181
   41.3973
   34.8851
   42.2701
   39.6819
   43.1335
   28.7168
   29.0562
   40.0863
   33.5027
   27.8693
   29.0023
  0.946441
    8.9551
   14.4094
   4.24471
   11.9986
   49.0025
   55.0907
   53.8713
   54.8264
   10.5012
   5.24339
   41.4323
   43.1259
   39.1856
    35.383
   45.1009
   30.4792
    42.074
   39.2267
   28.0317
   51.0282
   57.2007
    54.545
   55.6569
   57.0306
   55.8972
   56.5604
   45.1263
   40.2708
   47.2615
   46.7193
   49.1955
   50.5038
   1.30593
   6.96216
   4.00771
   5.18795
   4.23966
    13.983
   4.68356
   19.5907
   31.6819
   1.16766
   17.9769
   2.33795
   6.20776
   46.8832
   45.1323
   41.7565
   51.1268
   50.1887
   42.7063
   21.9187
   34.1804
   41.7794
   36.0976
   30.0721
   7.46862
   45.9347
   47.3986
   31.5902
   31.9028
   42.8395
   9.69671
   9.37813
    4.5611
   1.13797
   6.44697
    6.6927
   18.9409
   8.63109
   7.16961
   20.2257
   25.9625
   28.4712
   56.4094
   55.8248
   55.5651
   56.4333
   7.91702
   43.0945
   45.9626
   54.7005
   52.3493
   57.0819
   53.1648
    56.867
   56.3857
   62.0771
   56.7946
   56.9275
   53.6652
  0.127756
    24.957
   34.8912
   0.36892
   13.9749
   8.26091
   44.3676
   37.8811
   27.8665
   16.4727
   27.0272
   44.5226
   46.8698
   2.79226
   9.23544
   4.08202
   11.4374
  0.595679
   50.8824
   51.7655
   40.9558
   40.6967
   15.4898
   23.1976
   3.29676
   45.9008
   51.4934
   47.0237
   54.6238
   55.0475
   51.0282
   50.3472
   26.6307
   25.9714
   13.4848
   34.9808
   3.35784
   4.87526
   1.68213
   16.9483
     15.71
   12.3338
    61.175
   55.2003
   50.8979
   50.9773
   47.0202
   55.8541
    47.027
    46.958
   46.9936
   42.3751
   64.3598
   56.1445
   56.8296
   56.8886
   56.4797
   18.5399
   16.5064
   15.6109
   50.1375
   57.5738
   13.8278
   39.2931
   36.8212
   37.1223
    45.941
   52.0007
   44.2687
   26.1066
   29.9966
   12.0409
   8.50185
   8.74791
    3.3928
   7.42342
   30.7923
   54.3793
   55.3371
   54.0852
   48.0858
   43.8839
   7.98822
  0.717626
   8.13443
   13.7156
   56.2474
   56.3906
   55.8321
   56.2136
   55.3366
   56.5721
    41.639
   24.7286
   49.1662
   1.25985
    30.202
   2.16919
   46.5055
    45.904
   51.6732
   50.8743
   45.8703
   48.8059
   57.2195
   60.3212
   5.19905
   20.5867
   1.15604
   2.27376
   1.68868
    1.8578
   2.98924
   11.5375
   11.3705
   56.6633
   56.5305
   55.2531
   55.2141
   54.6445
   59.7008
   59.4735
   56.4961
   47.4123
   6.62739
   5.87166
   18.1003
   11.6803
   48.1082
   48.3985
   40.3583
   50.5594
    49.078
   40.0464
   43.3613
   32.0318
   42.9368
  0.444789
   39.7246
   53.7265
   56.7588
   57.7382
   54.6975
   55.8989
    54.792
   17.7195
   53.5422
   55.9989
   54.6995
   58.0047
   47.4821
    64.316