   35.5817
    29.724
   7.61382
    14.401
    9.2225
  0.749705
   16.3289
   19.1388
   13.0042
   11.9619
   21.0894
    34.518
   20.2933
   21.1409
    11.542
   17.7241
   23.6232
   17.9817
   15.8438
   28.9453
   11.2918
   23.2042
   26.7193
   16.8374
   36.3857
   4.15723
   13.8869
   2.10554
   9.72178
   21.5051
   23.8419
   2.49116
   29.7613
   29.1347
   15.1827
   12.1397
    10.045
   8.58796
   10.3893
   9.91735
   7.10153
   6.35964
   11.6621
   2.66698
   13.6145
   6.56114
 0.0845798
   3.37505
   14.4454
   8.92642
   16.2843
   4.42519
   7.70252
   1.75077
   3.95252
  0.122558
   6.05598
   3.68705
   4.16156
   26.4176
  0.586203
   33.8969
   13.9936
   20.4588
  0.954359
   9.31632
   3.40371
   10.4903
   5.54711
    1.9611
    10.632
   12.8984
   14.2726
   10.7846
    1.2359
   4.12834
   4.42748
   8.98424
   4.36893
   1.14825
    9.9338
    8.2133
   5.78422
   9.10022
   30.4214
   29.3366
   35.4217
   18.8563
   12.9358
   28.4228
   28.9384
   5.92846
   23.1993
  0.761385
   8.25484
   7.83938
   19.3974
   19.6202
   16.8678
   14.5031
   6.32227
   14.1388
   6.40869
   2.40522
   8.95286
   1.62953
   7.10402
   1.14742
   12.8186
   13.3943
   11.1636
  0.954157
  0.171197
    2.9329
   16.7816
   16.1643
   10.3108
   30.5366
   5.03167
   10.7465
    6.5696
   4.35578
   6.08804
   26.5451
   2.85102
    16.541
   31.5792
   13.2747
    14.881
   8.96451
   20.6902
   16.5508
    24.549
   12.7195
   32.0207
    7.2118
   6.85797
   4.49847
     9.515
   3.66003
   10.1923
    13.867
   2.52742
  0.919375
   4.91922
    6.4034
   8.45098
   3.88306
   11.1582
   4.83672
   1.87993
    11.829
  0.272308
   11.4807
   12.0412
   14.5482
    6.4144
   7.46259
   17.4799
    12.854
   30.8139
   28.6524
   17.7193
   5.08556
     11.29
   3.79279
    11.105
   3.33279
   14.5217
   4.00456
   32.8359
   31.0638
   28.6895
   28.9939
    2.0528
    14.881
   3.46305
   31.1112
   2.46083
   5.63438
   10.2124
   14.6841
   3.90801
  0.760761
   3.45008
   28.6719
   23.5409
   4.87053
  0.708464
   4.29038
  0.960387
   13.8727
   5.15401
   8.59858
   32.7931
   5.17615
   3.02006
   15.3984
   5.17099
   7.39047
   8.06198
      9.25
   24.5124
   12.6526
   24.8745
   31.2304
   32.1248
   3.89113
    2.4151
   14.8187
   9.61675
    7.8834
   15.7187
   5.56334
   18.1887
   24.3067
    7.4505
   5.32032
   8.60908
  0.300121
    14.588
   2.99224
   23.4412
   19.1163
   17.3382
   13.0462
   2.43113
   9.46723
   22.4798
   2.89242
  0.886051
   4.10641
 0.0657963
   12.1934
   12.4913
   6.25575
   1.54357
   1.86667
   2.41722
   1.04419
   1.90461
   2.12089
  0.896043
   17.7169
   28.1007
   27.3259
  0.754944
   4.97519
   8.87401
   13.6321
   18.4187
   2.15033
   10.6572
   9.09018
   1.09552
   12.2113
   5.91101
   11.0136
   3.54284
   24.4841
   6.65282
   5.26559
   10.3432
   6.86525
   2.40799
   15.0195
   5.86951
   27.8121
   10.9438
   2.22142
  0.885158
   7.80202
   23.5914
   34.8786
   2.96051
  0.156765
   3.91712
   3.46073
   26.7108
   19.6714
   10.2524
   3.21327
   5.35976
   7.75097
   36.0135
    10.614
   14.7189
   10.7465
   3.76013
    1.6462
   8.57915
   17.4913
   8.24447
  0.993957
   15.9559
   11.4502
   13.3786
   5.06448
   23.9026
   1.67235
   7.99013
    2.7004
   29.6002
   1.51746
  0.965816
   1.71815
   15.2896
   10.1828
   2.91382
   6.27564
   8.37241
   25.7474
   1.29988
    12.109
   16.2383
   5.38557
   6.78565
   7.77416
   5.45997
   28.9754
   28.9166
   27.1771
   16.1212
   5.30835
  0.830248
   5.88147
   6.87196
   14.5574
   12.7005
  0.871845
   11.7857
   21.7591
    22.073
   27.6844
   27.5941
   23.7779
   25.5855
   28.1596
   26.3263
   4.09083
   3.66573
   6.62078
   6.81661
   6.19008
    1.4735
   9.72424
   27.6269
   28.3934
   3.91518
    15.909
   11.2209
    7.1256
   13.8322
   3.35119
   4.23324
   25.6112
   13.3583
   2.28539
   6.08375
    8.7094
   6.38516
   2.35813
   4.48034
   23.3081
   21.5136
   25.3196
   1.80489
   14.3964
   2.10366
   12.8474
   10.6293
   1.85205
   4.04748
   13.9569
   16.8667
   7.08578
   10.1321
    13.951
   35.4064
   20.5115
   1.62383
   13.4664
0.00601194
   7.57314
   10.7177
   24.2432
   34.6154
   9.14979
   10.2089
   8.54449
    10.732
   24.2536
   32.9068
    20.145
   16.3942
   1.88447
   32.9285
   17.7613
   5.80593
   7.41244
   32.9004
   6.27431
   3.03746
   5.66646
   12.0067
   10.5677
    1.9864
   5.00177
   10.0728
   3.58611
   3.51988
   8.97947
    3.6032
   11.7851
   23.6533
   37.1908
   4.98474
   4.02386
  0.889919
   22.3508
   14.3334
   23.5368
   7.57688
   23.1528
   23.5728
   13.3098
     5.237
  0.570335
   6.51861
   28.7956
   35.0381
   28.1277
   29.9328
   29.1665
   28.5885
   16.5604
   38.4178
   31.0811
     1.588
   3.59048
   3.28775
    5.9157
   8.56651
   9.15272
   1.48589
   30.0865
   15.0491
   1.38351
   3.09013
   10.8547
   13.2423
   23.8037
   11.3783
   11.7047
    15.557
   14.1793
  0.890714
   15.4154
   13.3091
   7.92845
   12.3928
   4.96888
   7.06887
  0.221397
   29.7731
   14.3999
   15.1917
  0.120798
    8.4821
   9.15773
   7.00766
   2.85098
   20.8691
   14.3143
 0.0626605
   29.7547
   6.21887
    3.6641
   26.3138
   11.5102
     16.31
   4.99748
   3.58408
   8.51178
   1.19547
  0.361877
   19.6303
   7.84981
   6.65402
   21.4041
   4.51391
   4.70063
   10.0539
   11.6134
   19.6334
   26.8521
   1.48686
   6.94702
    28.655
   6.03788
    2.7158
   39.2326
   8.69786
   29.5124
   4.73296
   12.8746
  0.754375
   15.2088
   6.66648
   1.21388
   6.75557
   5.97693
   8.82621
   6.82022
   4.41804
   22.3529
   3.61866
   4.43226
   2.37319
   13.1223
  0.884483
   5.04261
   9.23656
   5.18518
   2.33613
  0.368396
   22.8985
   1.02657
   24.0929
   27.0374
    15.993
   1.41929
   1.67025
    6.2904
   17.2509
   1.10851
   24.2169
   3.85737
   17.2511
   0.46715
   10.5532
    9.0989
     8.259
    2.8023
   30.7138
   32.4608
   21.8225
  0.831353
   25.7597
    37.364
   2.38271
   35.2887
   34.1997
    6.5358
    28.929
   11.9382
   9.62932
   5.58823
    23.857
   29.6778
   4.10095
   13.5954
   28.7597
   33.3271
   16.0281
   9.72324
   1.97431
   24.9977
    12.855
   5.71435
   22.3421
   25.9965
   4.12294
   24.0332
   16.6637
   5.39579
   1.28583
   5.75647
   18.4106
   18.9583
   7.91852
   21.7076
    14.563
   2.36929
  0.480763
   14.7342
   28.4597
     21.08
   11.7632
   7.28493
    18.993
   12.2493
   7.48693
  0.740077
   10.0522
  0.635492
   27.4248
   2.86764
   6.96455
   8.35517
   6.61111
    33.614
   8.99092
   34.7601
   19.4004
   4.34524
   16.0795
    6.2943
   4.29181
  0.649671
    23.747
   21.3039
   19.7781
   10.4174
   20.1177
   14.6354
   13.5595
   21.2027
   2.32086
    9.8439
   21.1979
   20.7458
   11.9363
    26.129
   14.8223
   5.94456
   5.19852
   2.33895
   1.07456
   6.42341
   24.9568
   48.8125
   28.2861
    45.881
  0.167441
   16.7515
   1.80664
   3.54764
   17.7133
   13.6135
   20.5863
   9.90905
   8.52322
   21.9399
   1.11016
   11.4028
   16.3346
   28.2892
   10.6338
   1.20118
   19.7525
   7.59955
   37.0242
   11.4351
   20.9366
   13.5845
   35.5695
   4.26193
   11.7932
   18.2105
   1.39552
     1.899
   11.4158
   10.1883
   5.08184
   17.3595
   34.5612
  0.258965
   27.5838
   24.8598
     27.99
   8.06004
   10.7291
  0.320101
    9.1966
   25.6008
   8.59024
   14.2763
   11.2242
   24.9986
   17.6628
   6.84179
   3.21055
   4.15757
   13.2791
   19.5214
   1.84906
     10.71
   4.10238
   8.19278
   11.4658
    11.401
   17.6682
   14.4875
   20.1692
   10.3979
   11.8703
   18.1602
    4.3885
   11.6474
   6.97773
   13.1895
   6.04683
   12.3688
   9.34928
   47.8774
   35.3666
   34.5042
   27.8185
   5.16836
   40.6161
   20.3777
   13.4482
   24.0305
   13.9347
   21.3769
     8.229
   13.1105
   16.0281
   24.2198
   1.63235
   23.3912
   8.57673
   14.1289
  0.333521
   6.49122
   14.2194
   4.79341
   5.71774
    14.166
   5.13817
   12.5488
   7.61992
   36.9795
    7.6878
    2.7593
    4.6992
    3.0971
   28.9534
   3.23704
   8.24951
   11.0022
   20.9384
   3.60581
   12.1681
    36.888
   6.76306
    6.6458
   12.4598
   7.35541
   34.3819
    20.803
   8.36057
   2.68509
   9.17753
 0.0383319
   11.3864
   8.72917
   24.5435
   16.8688
   11.8529
   4.65645
   9.89401
   14.9772
   5.51298
   2.48452
   17.9747
    8.2825
   1.89236
   5.70016
   14.5605
   5.63359
   32.5238
   8.49015
0.00683844
   7.13365
   21.6462
   29.7858
   8.46652
     3.804
   13.4039
   36.5012
   12.0575
   17.1838
   10.6619
   23.1013
   9.78474
   13.3247
   18.2305
   3.89431
   11.4959
   1.44318
   5.28985
   36.2313
    1.7759
   38.8726
   17.7862
   19.5285
   14.0252
   14.3884
  0.181047
   3.35063
   0.57464
   1.50499
   10.8129
   8.55723
   12.4952
   5.80349
   42.7585
    26.394
   23.7863
   3.65804
   10.1889
   9.57176
   43.2458
   39.1166
   34.2293
   25.0501
   19.7087
   26.2006
    3.1586
   4.13256
     1.985
   14.2793
   11.9768
   16.3255
   18.7444
   36.4405
  0.509137
   4.30139
  0.166318
   5.91149
    9.3632
   24.7968
   17.6175
   22.6656
   12.1673
    3.0622
   10.3464
    5.4603
   3.01309
   17.8676
   16.9415
   20.6658
   1.67879
   17.7207
   33.9961
   14.9958
   28.4259
   16.0214
   37.4082
   8.15586
   21.3106
  0.259566
   25.5798
   32.5007
   24.3937
   22.2183
   6.89658
   40.5762
   23.7706
    20.631
   13.2178
   25.2986
   16.0014
    14.545
   26.4276
    31.226
   14.2707
   18.4439
   17.9752
   21.9618
   21.4061
   15.1399
   32.3989
   19.9041
   6.20962
   37.3308
   10.9354
   7.47959
   6.96611
 0.0192794
   26.4231
   6.43138
   35.3678
   5.81244
   1.60686
   16.9584
   4.20494
   2.17954
   1.06684
   2.64806
   40.2052
   19.4696
    26.009
   5.22612
   13.7441
   9.89279
   14.1286
   12.8308
   26.2806
   6.66249
   17.7532
   16.8379
   27.1976
   3.24478
   44.2694
   25.7777
   14.9981
   24.3966
   4.26072
  0.879113
   4.85937
   2.40487
  0.698954
  0.400192
  0.193755
    10.851
   24.9161
   4.94083
    2.3859
   5.02075
  0.547089
   18.0412
   38.5416
   8.71931
   30.4132
   10.8559
   3.85165
   18.9528
   33.0315
   12.9006
   11.6851
   24.5954
   35.2221
   5.82052
   14.4526
   31.6101
   8.10718
   31.9614
   4.67633
   40.3487
   18.1393
   18.6554
    25.161
   15.4296
   34.6816
    40.178
    35.177
   31.4625
   14.9134
   2.30402
    3.9113
    33.662
   14.8064
   9.57107