1.04754
1.32235
1.53303
1.73957
2.06687
2.72032
3.00974
3.04401
 3.3569
3.57226
4.09884
4.59074
4.89329
5.21038
 5.2572
5.27703
5.29139
5.64032
 5.7062
5.75252
5.91717
5.94128
6.57021
6.59434
6.70162
 6.7177
6.74729
6.84774
 7.1254
7.27789
7.28613
7.28885
7.81485
8.33303
8.45374
8.64649
8.80483
8.92155
9.08813
9.29336
9.36284
9.40964
9.89226
9.93189
9.95973
10.0003
10.0573
10.0719
10.3447
 10.364
10.5821
10.7384
11.2203
11.6268
11.9558
12.1029
12.1156
 12.302
12.3628
12.6855
 12.824
13.5965
13.9054
14.2073
14.2318
 14.605
14.6565
14.6628
 14.663
14.7503
 14.811
14.8479
14.8553
14.9587
15.0444
15.3551
15.5434
15.6427
15.7211
15.8221
16.5122
16.5846
16.6472
16.6656
16.7282
16.8095
 17.091
17.0937
17.2418
17.2736
17.4997
17.5873
17.7257
17.8213
17.8364
17.9978
18.1856
18.2461
18.4119
18.6011
18.7085
  18.73
 18.904
19.6333
20.0763
20.0857
20.2185
20.5322
20.6586
 20.781
21.0302
21.2842
21.3577
 21.361
21.7013
21.7065
 21.901
22.2243
22.2862
 22.509
22.5461
22.6011
22.6618
22.6991
22.7328
22.8982
23.0435
23.1074
23.1496
23.1508
23.1629
23.3826
23.5551
23.7114
23.8434
23.9968
24.0485
24.0866
24.3285
24.4299
24.4704
24.5305
24.7681
24.8754
25.0344
25.2662
25.3456
25.4084
25.5884
25.7434
26.1093
26.2642
26.3296
26.5928
26.6421
26.7529
26.8235
26.9011
26.9605
27.0081
27.5459
27.6446
27.7901
28.2225
28.3875
28.4605
28.7983
28.9845
29.3741
29.5263
 29.615
  29.64
29.6732
29.8095
30.2495
30.2574
30.5339
30.7729
30.9588
31.0311
31.1053
31.1074
31.2798
31.2934
31.4155
31.4486
31.5432
31.8847
31.9632
32.2436
32.3473
33.1843
 33.207
33.7004
34.0063
34.0868
34.4661
34.5162
34.5666
34.6247
34.6891
34.8076
35.6557
 35.758
35.8583
35.9063
35.9319
36.2752
36.3718
37.1102
 37.274
37.5589
37.7851
37.8561
37.8758
37.9612
38.0255
38.3093
38.6081
38.6838
39.1364
 39.277
39.7313
40.1285
40.3097
 40.515
40.9465
 41.319
41.5003
41.6635
41.7068
  41.77
 41.813
 41.873
42.1281
43.1966
43.3039
43.3836
43.4988
43.5214
44.1919
44.2251
44.8602
45.0601
45.3514
45.7237
45.7303
 45.862
46.0979
46.5114
46.5136
46.9106
47.2058
 47.334
 47.781
48.0197
48.7678
48.8922
 48.958
49.1063
49.2839
49.3597
49.6825
49.8415
50.0372
50.0694
 50.081
50.1311
50.1857
50.6003
50.7789
50.8081
51.3384
52.3208
52.4276
52.6057
53.3338
53.3379
53.3896
53.8245
53.9198
54.0602
54.4829
54.5703
54.6791
54.8273
55.0308
55.1957
 55.616
55.7324
55.7893
56.3613
57.0528
57.5943
57.7445
58.0207
58.2674
58.4121
 58.442
58.7696
59.2419
59.3797
60.2991
60.6675
62.2832
 62.498
62.5609
63.0237
64.4112
64.6866
65.3112
66.2675
66.3256
67.6438
68.1103
69.0602
70.1535
70.6382
71.2196
71.3875
71.8269
71.9847
72.3869
73.1976
73.6012
73.8361
76.0691
81.5089
84.7529
 84.998
85.9536
86.0715
87.4336