0.953273
 1.77178
 2.02652
 2.55881
 3.08331
 3.52676
  4.1178
 4.33621
 4.35352
 4.84319
 5.31564
 5.55379
 5.85572
 5.92698
 6.05064
 6.06721
 6.12336
 6.12771
   6.228
  6.4278
 7.04991
 7.11775
 7.18345
 7.27551
 7.29717
 7.47089
 7.72006
 7.94278
 9.62823
 9.71453
 9.77889
 9.99181
 10.0494
 10.0495
 10.0945
 10.1133
 10.1562
 10.5257
 10.9556
  11.544
 12.2863
 12.6126
 12.7064
 13.2269
 13.4382
 13.4638
 13.5111
  13.529
 13.5562
 13.5866
 13.6291
 13.8335
 14.0727
 14.3971
 14.5923
 14.6096
 14.6229
 15.4996
 15.7469
 15.9571
 15.9579
 16.0808
 16.3092
 16.3927
  16.712
 17.1301
 17.3099
 17.7013
  17.866
 18.2335
 18.2777
 18.2797
 18.4915
 18.4916
 18.6702
 18.7267
 19.1289
 19.1322
 19.2171
 19.4597
 19.7169
 19.7573
 19.8343
 19.8476
 19.8972
 19.9143
 20.0448
  20.064
 20.0854
 20.1651
 20.2493
 20.7224
 21.1462
 21.3518
 21.4622
 21.6597
 21.7367
 21.7986
 21.9745
 22.0885
 22.3051
  22.382
 22.4364
 22.6544
 22.6753
 22.7261
 23.3825
 23.8484
 23.8814
 23.9179
 24.0098
 24.0667
 24.2047
 24.2459
 24.2595
  24.437
 24.4547
 24.6197
 24.6258
 24.8324
 24.8351
 25.0069
  25.269
 25.2927
 25.3282
 25.3878
 25.4288
 25.4523
 25.5205
 25.5628
 25.7894
 25.8707
 26.0052
 26.0821
  26.188
 26.2028
 26.2554
  26.304
 26.3216
 26.3368
 26.3778
 26.5252
 27.3249
  27.524
 27.5937
 27.6386
 27.7104
 27.8919
 28.2278
 29.2632
 29.2691
 29.3206
 29.6961
 29.7902
 29.8967
 29.9248
  30.092
 30.7514
 30.7819
 31.0117
 31.1834
 31.5177
 31.8634
 31.9611
 32.2735
 32.4696
  32.903
 33.2487
 33.2767
 33.3446
 33.4793
 33.4887
 33.4941
 33.5885
 33.6432
 33.7455
 33.8653
 34.0586
 34.1148
  34.143
 34.3103
 34.3307
 34.6565
 34.6908
  34.843
 34.8947
 35.0205
 35.0578
 35.1313
 35.5038
 35.5194
 35.5657
 35.6161
 35.6621
 35.9179
 35.9248
 35.9304
 35.9681
 36.0924
  36.178
 36.3512
 36.5148
 36.7492
 36.7637
 36.7947
 36.7991
 36.8006
  36.906
      37
 37.0483
 37.4425
 37.6631
 37.8761
 38.2798
 38.6618
  38.942
 39.0449
 39.1612
 39.5219
 39.9759
 40.1302
 40.3191
 40.3558
 40.5786
 40.5915
 40.9725
 41.7755
 41.7773
 41.8342
  41.919
 42.2965
  42.319
 42.3521
 42.5024
 42.5173
 42.5202
 42.6478
 42.7689
 42.8683
 42.8909
 43.1035
 43.1199
 43.1314
 43.1341
 43.1517
 43.2587
 43.5791
 43.6515
 43.7677
 43.8044
  43.934
 44.1181
 44.2701
 44.3459
 44.6503
 44.7193
 44.7873
 44.8095
 45.0055
 45.6575
 45.7166
  46.242
 46.2804
 46.3095
 46.6357
 46.7433
  46.875
 46.8849
  46.891
 47.0904
 47.1465
 47.1479
 47.1878
  47.219
 47.3435
 47.3629
 48.2699
 48.2881
 48.2935
 48.3027
 48.3514
 48.3589
 48.4318
 48.4451
 48.4844
  48.517
 48.5225
 48.5298
 48.6066
 48.6664
 48.8753
 49.0841
 49.1452
 49.3552
 49.4596
 49.4804
 49.7752
 49.9352
 49.9834
 50.0049
 50.0905
 50.1161
 50.3137
 50.3295
 50.5849
 50.8447
 51.0686
 51.1354
 51.2853
 51.6661
 51.8151
 51.8234
 51.9135
 52.0487
 52.1381
 52.1723
 52.2174
 52.2488
 52.3058
 52.5905
 52.7231
 53.1757
 53.2896
 53.2922
 53.2954
 53.4544
 53.5271
 53.7792
 53.8188
 53.9298
 54.0769
 54.1871
 54.2475
 54.3323
  54.341
 54.4852
 54.5769
 54.6802
 54.8856
 54.9062
 55.0524
 55.1649
 55.2533
 55.2689
 55.3602
 55.4118
 55.4256
 55.5017
  55.571
  55.593
 55.6192
 55.6819
 55.9219
 56.0375
 56.0643
 56.1466
 56.1544
 56.1815
 56.2007
 56.2606
 56.4519
 56.4646
 56.5042
 56.5272
 56.5915
 56.7197
 56.7542
 56.8017
 56.8107
 57.0125
 57.0244
 57.0355
  57.036
 57.1284
 57.2348
 57.2422
 57.3494
 57.3715
 57.4215
 57.4409
 57.5613
 57.6339
 57.6604
 57.6964
 57.7596
 57.7781
 58.0908
 58.1416
 58.2327
 58.3051
 58.3969
 58.4553
 58.5302
 58.5984
 58.6393
 58.6754
 58.6765
 58.6978
 58.9138
 58.9537
 58.9854
 59.0352
 59.2258
 59.2916
 59.2976
 59.3483
 59.3704
 59.4754
 59.4819
 59.6854
 59.7099
 59.7469
  59.749
 59.8346
 59.9037
 59.9838
 60.0735
 60.1601
 60.2074
 60.3279
 60.3669
 60.5682
 60.6031
 60.8318
 60.9147
 61.0714
 61.1297
 61.2384
 61.2701
 61.3853
 61.4151
 61.6841
 61.7962
 62.1858
 62.4757
  62.496
 62.5965
 63.0301
  63.072
  63.102
 63.1963
  63.353
  63.589
 63.5995
 63.6555
 63.6579
 63.7625
 63.8276
 63.8582
 63.8973
 64.0005
 64.1608
 64.1689
 64.2381
 64.4759
 64.6925
 64.8184
 64.9197
 64.9762
 65.3493
 65.5025
 65.5063
 65.5368
  65.617
 65.8136
 65.8544
 65.8662
 65.8958
  65.911
 65.9701
 66.0477
 66.0591
 66.1292
  66.327
 66.4276
 66.5401
 66.6686
 66.6816
  66.709
 66.7854
 66.9304
 66.9661
 67.1299
 67.1748
 67.2448
 67.2684
 67.3867
 67.6502
 67.9507
 68.0785
 68.0973
 68.1069
 68.2404
 68.4008
 68.5255
 68.5456
  68.706
 68.8185
 68.8569
 68.9331
 69.0807
 69.2979
 69.3549
 69.3595
 69.7389
 69.8026
 69.9082
 70.0008
 70.1619
  70.219
 70.3358
 70.3628
 70.3692
 70.4211
 70.4456
 70.5108
 70.5329
  70.694
 70.8336
 70.9586
 71.2544
   71.26
  71.412
 71.7003
 71.8681
 72.0135
 72.1037
 72.1861
 72.2598
 72.3024
 72.3891
 72.4391
 72.4604
 72.4845
 72.5052
 72.5534
 72.7608
 73.1318
 73.1329
 73.5914
 74.1162
 74.9581
  75.218
 75.2926
  75.346
 75.5369
  75.709
 75.8108
 75.8754
 76.1328
 77.1698
 77.4312
 77.5045
 77.5792
 77.7782
 77.7982
 77.8741
 77.9963
 78.0182
 78.1745
 78.3812
 78.4638
 78.6724
 78.6729
 78.6805
  78.774
 79.1498
 79.3515
 79.3851
 79.5642
 79.7106
 79.7541
  79.894
 79.8988
 80.0859
 80.1192
 80.1299
 80.2597
 80.7529
 80.7832
 80.9821
  81.071
 81.0953
 81.1847
 81.1995
 81.2301
 81.3395
 81.4592
 81.6386
  81.818
 82.0262
 82.0559
 82.1102
  82.132
 82.2041
 82.2144
 82.3162
 82.3186
 82.3701
 82.4155
 82.7999
 82.8619
 82.8673
 83.0742
 83.3658
 83.6232
 83.6475
 83.8045
 84.0838
 84.2389
 84.4573
 84.5223
 84.5962
 84.8698
 85.4136
 85.6786
 85.8814
 85.9456
 86.0139
  86.027
  86.571
 86.7456
 86.7464
 86.8712
 87.7189
 88.1703
 88.4521
 88.5053
  88.562
 88.6004
 89.2605
  89.885
 89.9169
 89.9351