    26.5424
    40.9425
    31.5907
     29.206
    28.7306
    32.8765
    30.2172
    26.7735
    26.4984
    27.1133
    28.2741
    32.8865
    14.1637
    29.8852
    30.5979
    10.9743
    14.8531
    30.3149
    27.1266
    14.6417
    14.6061
    47.9819
    30.5303
    37.2109
    29.2027
    12.3867
    31.4306
    30.9814
    15.9007
    15.9992
    29.8934
    39.9961
    18.3713
    30.2626
    12.5422
     11.328
    37.6652
    27.5181
    43.2163
    38.6716
    36.2548
    42.8302
     48.251
    35.7305
    37.6362
    36.4959
    44.4573
    53.1175
    45.1996
    34.2976
    47.9982
    39.3852
    28.2045
      38.41
    50.5868
     45.985
    39.2597
    52.5594
    53.1608
    49.6851
    49.5184
    45.6735
    28.1802
    43.5105
    38.8395
    44.5297
    52.7646
    52.5719
    36.9253
    30.6714
    36.9903
    49.8657
    50.4567
    46.4795
    37.3264
    43.1608
    43.3002
     53.248
     49.167
     43.218
    39.9673
    48.8336
    45.2581
    48.9234
      50.58
    50.2623
    44.5115
    43.4245
    51.4224
    44.2478
    51.0378
    51.9931
    48.8302
    44.9692
     51.004
    25.8971
    51.5137
    30.6718
    47.5795
    51.1787
    52.7095
    47.4249
    26.0971
    46.6173
     37.217
    38.5407
    52.2708
    51.4628
    29.7572
    31.5594
    25.9873
    30.6369
    27.4389
    33.7734
    45.4263
    36.0764
    34.6513
    51.9438
    36.3392
    33.7172
     51.724
    29.3528
    38.6461
    31.5257
     30.253
    30.9283
    26.8532
    32.4245
    38.4424
    30.1701
    31.6652
    38.7778
    39.6739
    45.0943
    37.9354
    47.0584
    34.5443
    39.1128
     50.136
    49.8265
    36.7085
    26.3204
    34.9396
    38.4059
    32.1491
    43.2522
    45.6085
    31.9658
    47.3053
     40.135
    34.7882
    26.6372
    50.1353
    28.8488
    32.5503
    52.2773
    35.8925
    28.3231
    28.7019
    31.4011
    11.9605
    40.5339
    1.03951
    4.06031
    2.17226
    5.05042
    8.78065
    5.46765
     5.1398
    5.60059
    2.58626
    1.24806
    1.58331
    2.12414
    1.18519
    13.1148
    2.07535
    4.82924
    1.30066
    1.56837
    7.59224
    4.57706
     5.4711
      10.84
    29.0136
    34.0421
    21.9891
    41.0346
    4.23268
    20.1135
    42.5573
    3.11944
    6.19366
    1.99083
    5.35464
    2.90013
    12.7241
    18.0673
    15.2655
    16.9327
    5.57766
    42.0639
    1.23774
    3.98362
   0.870588
    1.24864
    4.73984
    1.59549
    4.66322
    4.55537
     2.2426
    2.39453
    11.5404
     7.1728
    2.77789
      9.331
    12.3747
    5.70248
    1.68496
    11.7361
    10.6132
    17.0051
    8.71407
    9.16558
     53.163
    53.1132
    29.5882
    26.4671
    33.1565
    19.7491
    46.7324
    3.46242
    3.14218
    2.39453
    1.76178
    6.21755
    21.4971
     11.655
    8.14164
    5.75477
    4.63485
    14.2028
    12.3975
    10.8661
    13.1313
    13.5685
    26.2698
    4.97303
    12.4627
    33.7052
    6.82997
     17.332
    31.9725
    4.50608
    5.21226
    3.93495
    8.21774
    13.5098
    52.6897
    36.5757
    45.7777
    21.5286
    24.5079
    20.6732
    21.4347
    8.21457
    5.54817
     4.3548
     5.7642
    41.6747
    18.2025
    16.4904
    25.7302
    4.38949
    7.05924
    15.4336
      15.64
    4.97406
    7.22886
    1.01221
     2.0789
    2.08672
    1.25166
    1.60054
    1.00658
    1.84565
     22.587
     13.571
    10.1256
      8.927
    8.82444
    7.20681
    17.8593
    11.1084
    5.10645
    2.54177
    12.4036
    7.84431
    45.8957
    52.1929
    14.2391
    39.1025
    35.8917
    36.5586
    3.68683
    1.31715
    1.27565
    3.19025
  0.0640579
    6.68079
    3.26704
    31.7781
    20.4812
    19.9529
     2.4852
    5.03593
    5.00917
    2.16194
    4.97672
    18.0117
    17.5683
    1.15586
     4.7349
   0.136491
    2.68839
    2.09929
    36.0764
     16.085
     16.085
   0.238208
    16.2332
     9.0503
    11.7068
    24.8131
    15.5632
   0.933857
    2.10712
    26.9889
    2.56163
    4.93641
    2.49171
   0.199914
    2.32152
    10.9727
    6.51641
    15.7259
    14.7603
    15.8984
    15.6392
    2.50757
    4.60322
    7.33386
    9.04515
    4.75545
    6.69282
    4.21581
    14.8879
    17.0712
    2.70698
     14.203
    13.7175
    32.2759
    2.27783
    6.71247
    5.10131
      4.875
    2.90875
    3.17318
    18.3835
    11.3636
    7.61807
    11.6263
    9.45633
    7.89111
    6.43222
    13.7901
    42.4821
    21.1622
    25.7738
    9.72904
     6.7371
    8.08275
    35.1996
    38.8448
    4.16058
    4.93137
     14.879
    9.40981
    5.41562
    8.36917
   0.334035
    1.25784
    3.24611
    3.78828
    2.02563
     2.8022
  0.0845435
    2.99341
    2.41629
    2.92735
    2.62931
    2.48269
    6.28412
    5.13673
   0.555392
    40.9634
     12.634
      12.51
    25.3206
    45.1242
    27.1085
     9.4333
    8.95994
    5.12232
    8.85318
    2.07166
     4.4733
    2.89073
      7.785
    1.08983
    1.15959
    2.89029
    12.3208
    9.04856
    9.62276
    3.24867
    7.10503
    8.36434
    15.6915
    32.2672
    49.9513
    17.5944
    2.58454
    4.26142
    4.93831
    1.88138
    5.17121
    3.79431
    2.13213
    5.49023
    1.14771
    1.36312
    3.40882
    1.76368
    2.28721
    10.5359
    10.7735
    1.61283
    11.2614
    3.93626
   0.563418
    11.2843
    10.2317
    12.4407
    1.91342
    5.35092
    5.95426
    2.04816
    12.9395
    15.2963
    4.77444
    28.7599
    15.4049
    4.62434
  0.0640579
    9.14614
    4.40224
    4.44595
    4.86204
    4.87771
    3.14459
    9.92503
    9.49597
    7.35071
    7.82658
    2.48916
    3.12058
    5.32705
    1.03255
     4.5489
    5.03664
    1.22963
    4.05605
    5.15938
    1.19606
    11.0087
    1.80345
    1.32189
     1.6923
    4.88543
    5.22953
    2.03785
    1.04089
    12.3916
    9.64238
    8.92915
    6.07992
    8.31197
    3.11052
    3.65526
    4.62903
    4.78115
    11.0239
    3.59558
    8.33264
    3.88493
    8.53984
    2.53512
   0.372967
    1.28614
    1.22495
   0.880447
    4.94031
    4.60212
    3.14018
     4.6638
  0.0677308
   0.135594
    2.90346
    2.48706
    14.3318
    7.47692
    7.99982
    15.7803
    1.87448
    3.75934
     11.706
    22.5241
    16.3355
    5.90834
    4.53707
    9.71006
     10.475
    5.38914
     2.3609
    1.46901
    5.02387
    4.30548
    2.00848
    3.89507
    1.37227
    1.48242
    10.9966
    12.9478
    31.7055
    3.15013
    3.21978
   0.130837
    1.82988
    1.96869
    2.66943
   0.372382
    3.12991
    3.21702
    5.03072
    1.47858
     23.286
    13.4099
    5.38902
    6.40994
    3.04813
    2.12771
     2.9212
    3.01618
      3.103
    3.80151
     0.3878
    5.47647
    1.85365
   0.737591
    7.23163
    1.88433
   0.180936
    1.36543
    1.32183
   0.660324
    2.39322
    4.75723
    2.89029
   0.940111
    1.74891
    10.2762
    6.47393
     7.5402
    1.88143
    9.09351
    7.68356
    1.38233
    3.28156
     3.7892
    1.53348
    1.53348
    2.36923
    4.24185
    4.77991
    6.66771
    6.00946
    6.33361
    4.36196
    5.41506
    2.04593
    1.52504
    1.45564
    4.92727
    5.69778
    2.25183
    3.81165
    11.0311
   0.420972
      29.12
   0.657271
    0.22587
    1.64532
    5.71071
    5.83074
    5.73436
     9.2309
     4.9427
    4.43279
     2.7876
     17.945
    7.11886
    5.74384
    1.47361
    1.19305
    5.88156
    2.52383
    2.13571
    5.67466
    1.95642
    3.76923
    5.02441
      5.552
    10.9723
    1.06997
    2.23981
     3.3343
    1.08914
    1.41535
    2.96431
    1.60588
    5.06309
     10.711
    2.60809
    1.61945
    6.91326
    4.39534
    3.19118
    7.04883
   0.396633
    7.05292
     15.106
    4.03121
    6.03309
    4.79108
   0.368698
    4.33755
    4.35836
     4.4948
      2.701
    5.37598
    5.74732
    4.72496
    25.5163
    6.32733
    3.07872
    4.51746
   0.724214
    1.38499
    1.69417
    2.09092
    11.4875
    2.17953
    3.02954
   0.503736
    2.10321
   0.393652
    3.68837
    3.89613
   0.338277
    1.91744
    2.08476
   0.277151
7.47411e-05
   0.263655
   0.186807
    1.23308
     1.5944
     6.8969
    13.8732
    4.80526
    4.86933
   0.350931
   0.378784
    1.89481
    2.81485
   0.716903
    2.03999
    4.71679
    1.00359
    1.73439
    5.55411
    10.6772
    8.34398
    1.89282
    1.82022
   0.349274
    4.68466
    5.66299
    4.67126
    3.44063
    2.13459
    5.36773
   0.909731
    2.17308
     5.0355
    3.80205
    3.47799
    2.81701
    4.44721
    3.78357
    6.14993
   0.232018
    3.81055
   0.171677
    4.09877
    1.11368
    1.26508
    4.33618
    3.94946
     2.7815
    2.36908
     2.3484
    2.22072
    2.55063
    1.92017
    4.47697
    18.1558
    11.5538
   0.863141
    5.65953
    1.23177
    3.10909
     1.1747
    5.62166
     5.6656
    1.11345
    5.20965
    2.68436
   0.169433
    3.08038
    2.99056
    10.0176
    3.59134
    3.53554
    2.44423
    3.06383
    1.30472
   0.308677
    1.26605
    13.1417
    1.57745
    5.97757
    4.35354
   0.875705
    6.19025
    0.98305
   0.828791
    3.85661
    13.0294
    3.30383
    10.5951
     10.106
   0.457982
     1.4701
    4.38762
    1.31007
    1.79185
     7.6936
    1.57521
    6.36967
    5.05008
   0.219213
    4.43253
    6.85445
    3.87349
    3.40865
   0.264025
   0.240546
    4.88525
    2.49103
    1.58273
    7.58704
    1.57716
   0.302824
     5.2721
   0.189562
    5.48396
    2.42189
     4.0112
     1.5867
    4.97061
    6.41636
    4.24977
    2.77452
    2.93831
    1.45209
   0.113084
    5.24369
    1.14081
    3.04499
    3.06583
    2.70973
    2.63056
    4.50986
    3.58124
    2.51944
    4.09788
    5.86407
    4.60561
   0.678747
   0.596223
    1.79763
    1.17269
    4.44972
    1.68119
    1.19914
    1.72162
    1.71573
   0.685454
    3.72754
    1.20381
    2.24678
    1.44919
    4.01618
    2.64216
    2.23757
    1.55492
    1.06043
    1.90901
     3.7312
    0.51226
    1.25523
   0.419339
    3.15559
       3.69
    5.27549
    21.2618
     1.2176
    5.63876
    1.57696
    6.40337
    6.30325
      8.684
    6.89091
    11.5538
    6.86236
   0.334693
    5.06812
    5.41426
    9.22176
    5.85543
    3.26877
     1.1998
    1.27536
   0.677339
    17.4786
    2.83932
    10.3197
    1.15605
    2.33936
     1.7849
    4.76979
    5.22052
    4.18505
   0.719695
  0.0473348
    11.8671
    5.97995
   0.939498
    1.96186
     6.0123
    1.73973
    1.30059
    1.00051
   0.843701
    1.68183
    10.4842
    10.4868
    2.37086
    1.52964
    8.98797
   0.698959
    1.55395
    5.46014
   0.296694
    8.54268
     4.3857
   0.742421
     2.9475
   0.931582
   0.125887
    7.11351
    6.35029
   0.800333
    5.30021
    6.01229
    5.59583
    11.5212
    9.13396
    2.62195
   0.915719
   0.945068
    1.42622
    22.4968
    3.66087
    3.14119
  0.0374955
    2.06175
  0.0379861
    4.83843
    3.00584
    20.7947
    25.7738
    2.86374
    2.60658
    3.23377
    3.05353
    46.0599
    45.8056
     12.665
    31.3593
    6.43801
    5.87813
   0.147349
  0.0511795
     11.743
    53.0043
    8.47219
    2.43799
     1.9365
   0.822705
    1.26855
    28.8028
    1.66327
   0.274822
    1.89787
    3.25912
   0.182095
    6.38194
 0.00420418
    5.05835
   0.703028
   0.804042
    2.08496
     1.3846
    2.61881
    8.14345
    7.72835
    11.7352
     13.163
    11.7595
  0.0859717
   0.316158
   0.606527
    31.6939
    3.82036
    1.71388
   0.402472
   0.153671
    4.50101
   0.752397
    1.68437
    1.33954
    8.73774
    9.73294
    15.8934
      9.942
    2.62271
    13.4594
   0.931283
    3.24696
    10.1455
    3.16416
   0.770592
    2.82011
    2.87833
      4.956
    5.81133
     1.3712
    1.16017
    3.15147
    5.76833
   0.620078
    0.32648
    5.58348
   0.165174
    2.30089
    6.44832
     3.1736
    2.40466
    1.84213
    7.07715
    7.40065
    4.63069
    1.56876
    1.54728
    4.85838
    4.46467
    36.2191
    4.69397
    4.28247
    4.91012
    4.89189
   0.615283
     1.5225
    4.35974
    2.13194
    4.53613
    6.17569
   0.438673
    0.97635
   0.367774
     7.6642
    1.16066
    10.2321
    11.7096
    48.8264
    1.63668
    5.80116
    6.25973
    2.84717
    1.62796
    2.04697
    5.76615
    1.18018
    9.84196
    1.50707
    4.29519
    7.19195
    3.06243
    2.27307
    2.29268
     1.6298
   0.914501
    1.33611
    5.78433
    6.62598
    4.63871
   0.997303
   0.332314
    4.88272
   0.711023
   0.985997
    2.17765
    3.57608
    8.52354
    11.1172
   0.996902
   0.493113
    0.84145
  0.0803544
    2.47009
    3.96027
    4.84291
    2.61504
    1.45309
    1.56865
    4.87707
     8.1592
     4.6025
    1.65655
    2.24656
    4.91297
    2.64617
     5.4231
    5.22402
     9.5229
    5.26794
   0.190638
    2.74957
    2.48514
    1.27945
    7.65912
    5.72177
    0.47602
    6.30719
  0.0116379
   0.801064
    0.26605
    5.86621
    7.55751
    1.62147
    6.84989
   0.835537
    2.16939
    7.73383
     7.3774
   0.570863
  0.0291057
    1.37318
    5.65096
     3.0704
    4.43451
   0.571779
    5.64833
    1.41361
    5.53278
    1.20884
    1.06986
    2.21607
   0.765203
  0.0310585
    1.21018
    1.44461
   0.661976
    1.15089
    5.70675
     6.7764
     3.1994
   0.815787
    1.62648
   0.139874
    2.70584
    3.28944
    3.73953
   0.727249
    3.12128
    9.57267
    1.42255
    2.88003
    4.09276
    2.87026
    4.82504
    5.84197
    3.17385
    2.84944
    5.46533
   0.997303
    48.2222
    46.6945