  10.9685
  10.9137
  8.86723
  9.05427
  9.70486
  9.63062
   11.626
  11.7475
  32.9673
  32.9453
  23.8424
   23.787
   23.728
  23.6739
  10.5302
  10.4663
  24.8402
  24.7731
  7.44035
  7.35111
  10.2275
  10.4667
  10.7618
  10.5962
  12.1673
  12.4727
   28.205
  27.7681
  31.3503
  30.9675
  23.1466
  23.0044
  47.4963
  47.6865
  9.74204
  10.1043
  9.79306
  9.92225
  10.4561
  23.3878
  23.4869
  24.2414
  24.1185
  24.1183
  24.1471
  9.99489
  10.0595
  8.45509
  8.58729
  14.6399
  15.5693
  5.19955
   5.0577
  3.65617
  3.46468
  4.39618
  4.12105
  28.0984
  28.4391
  15.8691
  15.2875
  35.1487
  35.1251
  35.2245
  35.0452
  35.0229
  35.0428
  34.9655
  46.8787
  46.8791
  28.9596
  28.7691
  27.5032
  5.43548
  4.20907
  3.81916
  9.95648
  9.82915
  9.00831
   8.5169
  11.3542
  11.0772
  10.5146
  10.2908
  10.8041
  11.1093
  10.2737
  10.3853
  9.49845
  10.0006
  11.4427
   18.804
  5.91363
  21.1862
  21.0198
  6.80423
  19.9982
   3.2212
  18.0812
 0.869061
  2.53062
  2.14266
 0.689803
 0.186817
 0.455866
  9.03993
  8.28033
  7.86835
  8.83674
  7.63451
  11.2252
  10.3522
   15.595
  17.2201
  15.1944
  12.6384
  11.6241
  35.5435
  35.8942
  2.58721
  32.5311
  10.5472
  10.6296
  32.9023
  33.0808
   10.463
  32.9075
  21.7666
  24.5119
   4.4969
  4.15258
  5.22542
  5.01673
  4.70986
  46.7532
  46.6034
  47.0043
  46.7301
  35.2544
  11.2095
  11.2625
  46.9478
   46.862
   36.295
  22.7819
  16.8365
  17.7968
  24.6358
  25.0942
  24.9656
  24.7436
  4.77282
  4.60049
  4.60953
  4.52489
  3.29979
  4.11891
  3.80698
   10.258
  9.97588
  5.09987
    5.076
   5.3076
  11.2423
  11.3901
   9.7337
  10.6909
  22.3576
  22.1108
  11.2346
  11.3744
  6.71069
  20.7233
  4.95055
  22.5677
  22.5696
  11.5121
  9.91326
  17.0867
  42.6997
  41.1282
  40.8893
  40.7256
  32.2999
  33.8982
  8.94686
  9.79943
  9.99137
   9.9421
  9.80555
   10.057
   9.0672
  24.4265
  24.9102
  23.7835
  24.3369
  10.8987
  9.78223
  9.98378
  9.97516
  10.2903
  10.3032
  8.95763
  9.26595
  9.61303
  23.2818
   23.447
  2.70188
  3.02439
  34.2396
   36.998
  29.7713
  27.9181
  33.0136
  31.7989
  29.7395
  7.96318
  8.19804
  10.0682
  8.42692
   9.0705
   9.6471
  10.8262
  10.1693
   10.116
  10.5459
  7.45034
  7.49178
  11.0919
  10.9941
  10.8487
  11.1604
  11.0217
  11.4106
  27.5114
  11.0831
  10.3907
  10.8741
   11.113
  9.95268
  8.01057
  9.97093
  8.54244
  7.71372
  8.47291
  37.0468
  23.4264
  23.2143
  36.6058
  10.3092
  11.3933
  9.45528
   9.4197
  8.03262
  8.65068
  8.07727
  23.7797
  8.56392
  27.8988
  12.2845
  14.3836
  10.1426
  8.74001
  11.8916
  14.1831
  21.9268
  10.3101
  19.8599
  6.78162
  18.8409
  19.8673
  20.1986
  4.67948
  12.1773
    12.68
  7.88088
  12.7461
  19.7075
  18.8551
  12.6727
  10.6623
  9.88563
  5.30617
  12.2832
  4.86035
  11.5861
  3.95433
  3.46558
  4.97611
  4.92151
   5.3616
  4.90565
  4.85561
  28.3451
   49.661
  59.7947
  30.8398
  33.0473
  46.7378
  46.7087
  32.6775
  29.8175
  31.0945
  6.44568
  6.58267
  6.04527
  30.0038
  29.2243
   29.711
  30.9224
  30.2553
  3.53872
  24.2185
  4.37257
  17.5372
  12.3457
  33.0844
  32.8432
  10.1469
  32.7067
  31.3562
  31.2546
  32.6778
  32.6842
  31.4597
   31.268
  30.1562
  12.3427
  10.0361
  3.18922
  4.46016
  1.04909
   18.559
  1.23723
   16.804
  1.99793
  17.5535
  1.37803
  35.0814
  10.9379
  12.5911
  11.7922
  5.76837
   18.403
  23.8259
  16.0998
  3.69934
  1.79662
  8.36633
  1.43225
  3.12946
  8.65079
  3.69322
  10.2584
  21.4917
  9.36392
 0.478803
  32.9813
  31.7168
   34.299
  33.5036
  28.7901
  25.2806
  34.6404
  35.0563
  47.7241
  22.4749
  36.0285
  68.1036
  58.6919
  10.3537
  5.45145
  5.64887
  10.6684
  13.2179
   7.2808
  26.3112
  27.4049
  35.2235
  9.60945
  7.85767
  35.8324
  18.0594
 0.478744
  3.98067
   27.764
  22.9844
  3.71372
  11.7149
  3.81979
  11.6666
  12.2643
 0.618175
   23.297
  31.7075
  35.7495
  19.5318
  25.0945
  22.4862
  13.3927
  8.45781
  11.8181
  8.94686
  9.04971
  11.8218
  7.54598
  9.30291
  2.32126
  4.08384
  7.36812
  54.8522
  48.8644
  21.3767
     35.5
  5.19813
  1.34879
  4.56874
  3.20229
  32.8721
  27.9547
  32.8729
  27.9539
  32.7203
  27.7658
  10.5999
  5.58595
  2.75936
  2.82201
  10.9766
 0.522533
  1.95596
  1.65214
  2.65649
  8.86646
 0.718767
  8.01245
  7.72725
  6.38236
  43.9089
  56.2575
  20.8308
  16.0463
   4.4417
  33.1408
  10.4883
  28.0299
  2.77772
  10.5893
  17.1709
  23.9529
  8.70323
  4.26601
  1.10546
   35.201
  25.0636
   20.631
  21.2459
  35.3552
  16.6619
  30.2953
   24.174
  27.0111
  34.8391
  29.8247
  16.4934
  12.8665
  6.03873
  13.4529
  15.3418
  33.1557
   30.341
    27.55
  35.0197
  1.84372
  1.80423
  2.40632
  1.37987
   6.0046
  2.31701
  6.49469
  10.2645
  2.09624
   2.2798
  1.46166
  4.53461
  7.13311
 0.355719
  7.23863
   10.961
   10.028
     24.4
   38.631
  37.9128
  24.2068
  31.3158
  21.4496
  9.11578
  34.5861
  11.8168
  22.4422
  16.3101
   16.489
   21.932
   22.163
  9.09853
  35.2595
  24.1783
  21.4175
  23.7643
  24.1618
  13.6423
  17.2427
   13.706
  53.6515
  49.6757
  34.3049
  30.4212
  25.5705
   34.751
   25.471
  32.3715
  18.8817
  8.49346
  6.23814
  5.56922
  24.5776
  8.33707
  24.0944
  6.75604
  16.6381
  20.1959
  17.7394
  14.2491
  7.70415
  11.4398
  24.7495
  14.3909
  13.8716
  7.13561
   6.6835
  2.39507
  7.84396
   12.097
  1.01717
  6.08516
 0.827303
  30.5318
  31.0974
  35.2194
  1.49038
  6.71229
  22.4053
  33.9543
  11.2746
  45.6536
  33.7118
  36.5698
  16.8472
  9.24191
  16.1846
   10.574
  14.6078
  31.8206
  32.7621
  15.9294
  21.2614
  8.04598
  29.4533
  37.5819
  29.4799
  20.1617
  15.5592
  18.5023
  1.61898
  19.4201
  9.19096
  1.10904
  9.70653
  1.73799
   12.301
  6.21378
  1.82193
  8.75488
  7.52085
  3.33264
  6.99528
  4.47626
  4.89786
  10.2132
  58.6491
  35.8565
  19.2333
  22.3255
  25.0678
  40.9881
  47.3041
  23.1713
  43.4037
  46.9477
  44.6532
  21.6595
  42.2804
  46.6844
  24.0822
  4.52133
  4.82362
  1.53487
  24.1772
  14.0978
  19.9652
  24.9256
   7.4237
  29.1921
  5.70152
  29.3706
  29.7565
  27.9532
  5.04233
  10.1626
  28.1348
  14.3352
  31.6429
  21.6417
   25.222
  35.5129
  41.2362
  13.0268
  3.02972
 0.126672
   9.9365
  12.0728
  14.1779
  17.0012
  4.57954
  13.4575
  17.3143
  7.63716
  28.4681
  3.71446
   18.437
  6.52921
   10.253
  1.72169
  4.06475
  3.85419
 0.744164
  22.0892
  9.63411
  8.99463
 0.130556
   44.287
  2.15763
  18.0477
  16.5358
  6.22109
  27.9744
  17.7555
  15.9098
  34.6308
  14.6049
  44.4972
  27.2846
  15.9199
  66.3262
  2.49319
  5.82917
  1.51218
  6.12666
   11.347
0.0126969
  3.26785
  33.1533
  9.83926
  3.51728
  5.87429
  19.7231
  0.69912
  19.3809
  29.0673
  15.0275
  1.94359
  4.83979
  3.20429
  15.3921
  15.4393
  34.6815
  32.9703
   4.4944
  3.62444
  11.8728
   11.134
  14.2005
  11.9475
  1.97191
  2.75144
  15.9138
  12.6312
  34.9983
  26.7879
  26.6793
  28.4544
  28.3412
  15.1297
  21.6653
  24.5371
 0.776881
  29.7188
  11.3227
  5.19866
  47.6311
  34.5098
  26.9966
  1.95626
  16.4181
  40.3278
  44.0634
  9.62388
  16.6647
  17.5512
  28.1591
  28.2985
  4.54447
  8.81041
  20.8095
  18.7303
  14.1378
  14.7223
  19.1172
   11.866
  3.86995
  10.5988
  4.15216
  24.4237
   7.2341
  18.8232
  16.9319
  18.8653
  7.92269
  24.8186
  28.9952
   18.759
  14.7713
  32.0996
  28.6967
  31.6604
  19.8338
  23.5704
  21.4293
  34.4134
  31.1002
  10.9667
  17.9239
  19.6365
  12.5381
  19.6329
  13.5414
  20.3855
   30.127
  24.4241
  31.8854
  21.7817
  31.9941
  34.5306
   3.3479
  1.05908
 0.893409
  4.03433
  1.64313
  6.94902
  19.9499
  5.89969
  1.19642
  10.6858
  4.35743
  16.9681
  7.00856
   18.401
  16.2514
  13.8716
  16.5451
  18.6638
  24.0975
  18.2115
  1.05496
  6.60034
  3.50038
  1.82283
  2.07689
  13.0805
  2.20489
  3.86643
  34.7465
  29.9021
  23.8216
  8.44621
  3.08961
  6.91453
   18.223
  52.5846
  44.6138
  18.0665
  20.6239
   14.459
  34.9526
  21.9129
  22.4477
  19.3124
  16.8098
  8.96742
  17.0007
   29.178
  21.6849
  32.0876
  24.6086
  25.0897
  45.2615
  16.0884
  4.76136
  18.0965
  18.2972
  7.13076
 0.957079
  4.95089
  8.75972
  1.00796
  11.7149
  2.31891
  7.34595
  7.36145
  1.82511
  9.35143
  3.38588
  52.0908
  23.1254
  32.3096
  46.3653
  46.3953
  46.0683
  42.4277
  43.0717
   16.647
  9.42081
  44.3811
  33.8258
  14.7159
  4.61512
  1.59573
  30.0693
  17.3477
  5.83856
   7.7144
  3.54993
  32.5887
  11.6326
  16.9391
  23.7301
  23.9769
    22.48
  3.01819
  29.8364
  21.7065
  12.3149
 0.912912
  35.1079
  16.8701
  18.3688
  44.8753
  28.9129
  14.2217
    4.083
  18.7119
  6.24657
  3.39428
  4.55312
 0.989256
  8.56685
  3.02773
  10.5671
  10.9044
  12.4804
   2.5424
  7.39808
  0.26734
  13.4993
  3.02972
  3.89125
  52.5216
  2.18408
  16.4702
  15.5362
   2.4649
  18.5334
  18.7489
  32.9948
  20.5038
  33.1469
  29.8628
  21.2873
  15.3358
  30.1221
  33.6115
  8.58353
  50.5379
  8.02927
  2.62544
  13.8648
    7.675
  1.63503
  2.83317
 0.968822
  9.74636
  1.80601
  15.7967
  14.8054
  55.6583
  17.4712
  10.9582
  2.98362
  30.2085
  38.0573
  9.56296
  35.5066
  34.7293
  22.1518
  8.01602
  10.0323
  7.25915
  17.9789
  22.9683
  31.7058
  27.2194
  16.2656
  5.70701
  30.0937
  26.4285
  17.8616
  17.8224
  11.8501
   1.9221
  6.38245
  1.87474
  7.28112
  30.2741
  30.2743
  2.99763
 0.158756
  34.0192
  32.0906
  47.3258
  41.5382
 0.711216
  9.10839
  3.57143
  5.54806
  10.4893
   10.589
  38.4709
  13.3381
  20.4123
  21.5488
  19.9154
  14.4157
  14.8824
  12.7005
  24.8848
  27.1322
  14.6851
  17.5958
  8.90324
  11.3964
  9.77666
  10.1267
  28.2053
  26.7664
  31.3565
  30.2317
  32.0522
  24.4239
  11.6982
  9.12818
  30.2298
  31.1556
  31.9941
  32.4461
   9.7491
  6.34043
 0.813243
     3.71
  20.9185
 0.477821
    2.086
  6.86204
  14.0859
   28.114
  22.4564
  6.56718
  1.78688
  1.08426
  6.18956
  5.49715
  5.24435
  25.9941
  29.9438
  31.6692
  31.4927
  29.8575
  11.4213
  20.3941
  8.31777
   13.112
  22.2244
  7.33326
  17.2058
  20.2144
  18.8648
  7.26576
   13.634
  23.8969
   35.345
  32.2359
  28.1011
  29.7921
  30.5847
  20.7294
  14.6829
  8.75222
  12.3176
  2.32663
  12.4737
  9.08063
  4.66207
  4.22101
 0.510732
  12.4038
 0.819832
  6.05067
  9.37672
  6.07021
 0.957079
   4.2449
  0.19615
  3.18832
  9.84117
  3.58828
  4.54902
  1.10203
  1.52829
   5.0093
  10.1273
  7.87282
  4.66035
   7.3938
  4.08147
  4.44124
   25.611
  19.9131
  6.24594
  11.2108
  14.0066
  4.73162
  39.8573
  40.4348
  47.3813
  43.0557
  22.9328
   18.729
  9.76851
  20.8466
  23.2602
  18.7678
  26.6063
  9.42026
  1.26752
  0.35714
  28.4258
  4.12659
  5.39648
   5.2095
   6.3818
 0.793595
  29.8536
  17.0296
  35.5995
  34.9734
   30.097
  28.5215
  44.2395
 0.117434
  3.69329
  0.66529
  9.54042
  9.06825
  4.61863
  11.1407
  28.4032
  3.35114
  8.50484
  5.71456
  2.15612
  2.79701
  3.24751
  7.05358
  36.3541
   53.138
  7.67798
  22.2948
  22.2322
  33.0194
  32.0489
  33.0241
  22.1726
  7.53572
  5.83829
  26.1656
  13.5986
  30.9968
  22.5851
  27.3547
  9.42806
  34.4845
  41.0587
  26.0673
   25.625
  30.9187
  24.1558
  51.9548
0.0528576
  7.73672
  13.4889
  7.09087
  13.9493
  9.30794
 0.660272
   25.902
  48.5032
  21.9041
  9.37661
  49.6664
  31.1503
  11.3611
  52.4107
    3.984
  3.36357
  3.38315
  20.5594
  9.79378
  5.61338
  9.15388
  26.7775
  24.4914
  20.1209
  16.2341
  32.5596
  26.7755
  10.4031
  21.5874
   7.9922