  26.1318
  30.2806
  12.2208
  2.44978
    33.07
  7.37402
  4.90851
  1.28379
  2.27572
 0.692116
  27.2914
  28.9196
  2.24056
  8.22018
  14.6719
  36.3252
  36.2394
  9.59993
  7.47361
  10.2636
   26.632
  13.8199
  3.09532
  3.32665
  10.3783
  3.21231
  9.17662
  7.27965
  4.51285
   5.8111
  1.34183
 0.906733
 0.496595
 0.443691
  5.92637
  6.11689
  27.9429
  38.2013
  39.4901
  22.6758
  8.75887
  2.40507
  29.4045
  45.0495
  40.9414
  11.7097
 0.775738
  1.74189
  33.9119
  31.4855
  11.6508
  9.60952
  11.8259
  16.2611
  36.8318
  29.2076
  36.2046
  38.0655
  4.31757
  6.85302
  24.4331
  6.76918
  38.4056
  3.06874
  18.4112
  5.69238
  5.02677
  8.47782
  1.68388
   6.4095
  6.70342
  5.46454
  8.83458
  6.35501
  2.57691
   9.7824
  6.98053
  2.27476
  23.1756
  16.7028
  26.2581
 0.928469
  3.78067
  2.11159
  35.1465
  11.3201
  31.0387
 0.874981
  6.34296
  2.74033
  16.3406
0.0612562
  1.04359
  21.6593
  29.5591
  17.3139
  39.0806
    32.87
  7.28246
   29.091
  9.88157
  26.6746
  2.98017
  10.2175
  2.19793
  23.8508
  9.44596
  7.85217
  32.2951
  23.7914
  30.2227
  24.9254
  25.1825
  25.0428
  2.77686
  25.1746
 0.448355
  9.33943
  11.0019
  10.2336
  33.6125
  25.0371
  15.9539
   30.031
  35.9477
  22.5215
  9.01427
 0.493682
  9.46366
  1.29686
  30.4251
  13.1556
  3.31068
  31.5904
 0.716829
   4.8139
  14.0501
     15.2
   28.485
  2.22817
  6.22303
  13.7233
  5.11594
  4.88873
  11.2123
  5.45532
  1.40174
  45.4479
  6.04947
  3.19213
  7.83862
  4.22798
  16.1408
  1.42962
  6.26704
  4.96473
  6.60498
  6.41269
  1.43701
  25.6092
  6.87736
  12.2501
  5.25467
  2.74609
  23.5513
  26.1043
  37.9336
    1.349
  20.2228
 0.603526
   37.484
  36.4814
  2.08508
  1.46272
  2.86561
  0.16877
   7.6687
 0.509729
 0.981819
  11.6451
  12.7873
 0.763835
  2.73669
  10.8241
 0.256895
   1.5605
  9.51393
 0.635087
  12.3701
  4.63255
  9.69505
  24.2149
  2.41914
  2.99054
  2.60647
  1.62639
  20.2885
   7.6634
  2.57765
  7.11551
    0.382
  1.48809
  8.74559
  21.4541
  2.63768
   6.7054
 0.889064
  5.66417
  3.24257
  9.17245
  4.63466
  40.6587
  5.58355
   4.5716
  2.52629
  1.90646
  5.88882
   10.897
  4.36617
  9.05966
  8.44502
  1.12016
  7.69266
   2.6072
  3.77734
  2.10939
  5.68465
  15.5109
  10.4019
  11.5731
  5.53178
  5.54759
  4.98923
   2.8422
 0.342697
  1.77818
  5.22615
  6.83453
  8.13434
  30.4585
  30.4211
 0.122983
  7.46179
  12.4257
  8.55348
  3.42829
  34.5804
  6.87504
  7.40208
   30.235
  12.4673
  2.79929
  3.16421
  8.09689
  32.5642
 0.808829
 0.137219
  4.01488
  12.0649
  5.11147
  2.97011
  15.4986
  15.8543
  22.0475
  2.08504
  1.25266
  11.5655
  5.71933
  12.6418
  4.50245
  2.62568
  42.1114
  23.5197
  5.60932
   2.7912
  1.71577
  35.2584
   19.436
  5.12726
   1.4684
  3.59139
  36.3563
  23.2763
  29.8762
  1.74586
  1.29987
   15.172
  7.80281
  6.77646
  40.5284
  35.5056
  29.2113
   18.518
  26.1903
  30.5304
  21.4958
  29.0104
  6.43126
  4.57171
 0.913784
  8.98611
  35.2971
  40.1295
  22.9225
  20.8157
  3.35763
  17.4852
  3.97472
  5.62456
  11.8338
  8.61641
  12.3654
  14.3434
  19.8034
  1.75098
  8.31722
0.0907653
  4.85207
   32.345
  3.38001
  4.57249
  28.0748
  1.83168
  5.80418
  4.59519
  3.62395
  5.81302
  12.2834
  5.03365
  0.55376
  9.79826
  14.0328
 0.307463
   3.7346
   1.2144
  5.68375
  13.7091
  3.49883
  11.2813
  1.27368
  14.7081
  48.6021
  24.9029
    27.71
  19.1167
  9.97043
  4.05675
  23.3912
  1.64831
  9.83014
  7.32988
  21.3084
  10.4164
  9.61265
  16.3076
  12.5571
   5.8763
  5.29505
  6.39979
    9.873
    0.632
  10.2805
  10.3242
  35.6365
  14.6296
  24.2341
   9.0987
  8.45197
  15.7264
  6.92502
  38.3852
  10.7122
  8.72114
  24.4105
  18.7984
  18.0862
  12.1046
  15.7744
   8.0738
  7.11416
  1.48896
  19.0642
  25.5923
  2.75231
  7.28799
  14.8382
  4.95091
   12.305
  22.2296
  9.75617
  30.2161
  4.81003
  1.17786
  1.25801
  18.4752
  2.42231
 0.353438
  2.74564
  13.7958
  11.1363
  15.6505
   7.2951
  13.1792
  20.8882
  16.0401
  6.11259
 0.221818
 0.585056
  4.80632
  6.04481
  31.1455
  7.37024
  16.2474
  23.8028
  19.9085
 0.652781
  16.3329
 0.994797
  2.99457
 0.464048
  4.45735
  31.0767
   4.8457
  2.84351
  30.2624
  11.4245
  1.76544
  1.65389
   7.5715
  2.25526
  20.7277
  4.05635
  8.80742
  22.0428
  33.8293
  4.80083
  2.53723
  9.58685
  13.5256
  11.2743
   36.048
  4.90392
  5.86263
  13.1203
  15.5316
0.0699746
  12.7373
  29.4679
  2.46894
   11.242
 0.398675
  19.9977
  21.0177
  1.35609
  16.2013
  24.9944
  27.2167
  18.9505
  36.0431
  32.7218
  39.1577
  21.3762
  8.76786
  12.1333
   7.4889
  10.2828
  9.78345
  9.52092
  35.2784
  17.6268
  8.80846
  5.37585
 0.919154
  0.30285
 0.525354
  13.5504
  4.13856
  1.59445
   9.1041
  31.5294
  1.73888
 0.947553
  1.98938
  3.64339
  3.99418
  17.1551
  0.99353
   18.515
  7.96698
  12.9564
  1.03654
  1.13732
  1.80835
  7.63609
  3.16454
 0.870046
  5.99494
  16.0895
  29.9317
  12.5984
  0.22048
  27.6406
  17.1968
 0.643472
 0.561219
  12.9961
  12.6345
  1.65046
  1.35501
  10.2413
  11.2636
  9.97739
  42.5599
  33.7173
  1.41571
  4.80955
  2.08731
  7.23203
   8.1488
  21.2418
  11.4063
  10.4605
  12.0882
  23.0228
  20.8932
  13.9739
  10.5224
  17.8658
  11.5802
  4.69098
  6.74026
  2.30826
  30.3268
  10.6418
  9.85443
  22.9764
  2.79602
  28.3759
  6.86004
  11.8952
  1.68076
  16.9518
  17.4672
  4.23913
  1.50421
   8.0179
  6.98944
  5.61857
  3.23864
  2.80339
 0.201197
  9.19427
   7.2596
  14.5519
  42.4432
  6.39078
  23.9022
  11.6098
  17.2831
  14.7548
  13.2016
  21.2929
  2.05795
  35.8872
  18.1505
 0.148603
  3.91063
  17.6023
   11.012
  10.4452
  5.71006
  15.7098
  36.0959
  43.3192
  3.60655
  9.93826
  19.2234
  31.4355
  19.8443
   4.3957
  1.74815
  7.99855
  11.6324
  10.4995
  16.2056
  17.4521
  14.3141
  6.62349
  30.1951
  2.58556
  3.56224
  3.03326
  12.8515
  18.0158
  2.42434
  16.3781
  10.5584
  45.9911
  5.94406
  7.27622
  12.4331
  14.5185
  6.14954
   4.6868
  7.83134
  11.8964
  12.6694
  5.32037
  14.7723
  12.6415
  1.27155
  16.0828
  30.8203
  9.40009
  5.17572
  15.8275
  9.81647
  8.19817
  9.10117
  28.7356
  37.4466
   5.4276
  56.7107
   18.301
  1.41968
  9.87243
  14.6786
  1.25211
  16.8276
  26.7688
  12.5102
  10.6839
  14.4906
  18.1481
  11.8216
  6.17785
  8.32384
  20.2684
  18.7144
  14.0523
  8.61883
  8.49568
  6.58598
  9.72366
   8.8102
  27.9593
  18.0201
  19.5878
  5.38729
  2.38341
  2.10135
  2.47004
  1.94044
  19.2229