   13.2057
  0.843321
   19.8983
   15.7272
   8.02109
   9.93514
   2.96596
   2.40927
   15.4485
   11.9605
   15.5039
   9.96626
   14.6792
  0.142256
   7.39431
   3.96715
   11.2211
   5.90234
   9.09487
    9.7929
  0.110668
   4.51707
   8.56338
   12.4661
 0.0393868
   12.7759
   14.9173
   9.92573
   22.3564
    13.702
   15.0605
   22.0064
   3.49173
   11.5579
   2.09251
   11.1585
   19.2255
   6.34986
   1.70598
   8.02546
   13.2663
  0.241265
   11.2176
  0.596872
   14.3105
   11.8166
   7.83979
  0.258872
   2.24579
   62.6277
   46.7819
   36.5385
   37.2215
   38.7634
   8.08416
   17.0643
   18.8939
   13.1035
   9.87549
   19.6495
   8.82194
   16.4915
   44.6943
   19.2463
   7.21371
   9.54443
   19.3622
   7.34816
   8.34007
   6.19699
  0.231601
   2.74869
  0.365671
    2.1382
   3.61671
   8.57723
   5.00974
  0.240501
  0.795461
   2.97185
   21.2474
   11.0681
   7.80711
   1.16664
   3.16502
    3.9261
   20.7479
   2.55952
   1.00602
   7.59731
   11.4468
   11.9515
   1.03239
   6.58074
   1.91496
   6.40792
   8.16278
  0.304876
   4.93187
   8.76617
   15.9233
   18.0797
   16.7763
   6.31302
   15.5617
   22.2475
   15.7442
0.00229006
   4.66149
   7.59936
   3.69474
   7.21247
   6.07209
   19.1591
   6.25652
     5.746
    3.3589
   1.29057
   1.72318
   4.46249
    6.3785
   3.42615
  0.178486
   5.09372
    7.0832
   8.15206
   6.21614
   7.54184
  0.345839
   14.2967
   7.92961
   11.5004
   9.49754
    5.3328
   15.1372
   6.62253
    7.0381
   33.0972
   20.8338
    6.2938
   10.9613
   12.5774
   12.2305
     1.357
   11.1551
   11.0129
   11.0797
   11.6849
    15.061
    4.5442
   12.7753
   4.45637
   20.1862
   9.51407
   14.1886
   22.8735
   11.4175
     15.18
   25.4164
    24.517
   12.3991
   5.35573
   28.4258
   9.90384
    6.0898
   8.40835
   3.21409
   8.84635
   1.56106
   5.24998
   11.2988
   6.21435
   9.40214
   5.76009
   7.82208
   29.4232
   23.8517
   1.61849
   22.1757
   14.2327
   12.8099
    16.906
   19.5299
    22.294
   4.53406
   1.93962
    2.9864
   17.3821
   2.55952
   10.4322
    16.612
   10.1297
   2.86296
   5.02374
   12.4163
   7.41668
   8.55499
   7.78068
   3.31084
   1.40986
   1.28807
  0.228783
   5.06608
   10.0355
   14.7679
     25.57
   29.5201
   18.3875
   5.44718
   22.2739
   10.8381
    11.588
   9.45706
   18.6617
   14.4257
   41.1314
   12.7702
   18.8344
   2.59696
   18.8755
   5.99723
   3.88825
    20.498
   3.59081
  0.206289
   9.63086
 0.0418047
   1.99331
   4.12242
   3.98114
   4.87058
   2.43019
   7.81372
   16.1065
   18.4126
   11.2165
   11.8787
   8.47799
   6.25185
   3.76697
   13.5993
   6.20996
   3.68657
   8.33391
   11.6063
   6.59949
   4.90362
    10.053
   18.2883
   8.34774
   17.5278
   7.58243
  0.143944
   4.70913
   2.83772
    9.7858
   3.16339
   5.34574
   5.37906
   1.90879
    7.5622
   5.03279
   9.06308
   8.55052
  0.303892
   1.27843
  0.831078
   4.35968
    2.3106
   15.5301
   10.5184
   4.26273
  0.441147
   7.58151
    4.3553
   10.2956
   11.6516
   14.6127
   3.75716
    8.9564
   8.13774
    22.867
     0.828
   8.82789
  0.544308
   4.12018
   13.1667
   3.83684
   20.8707
   6.81303
   16.5415
   12.6942
    18.947
   11.1688
   42.1352
   6.85149
   19.6886
   19.2105
   16.3043
   22.7245
   6.43431
  0.793138
   18.5264
   44.6784
   50.1093
 0.0138404
   14.7091
   6.98118
   7.85801
   11.7582
   8.79597
   5.36158
   28.5114
   10.4765
   12.0381
   39.6294
   20.0333
   25.9199
   17.4497
   6.77085
   4.58236
    11.788
  0.135201
   6.30806
   21.8369
   7.60652
   3.10781
   10.6963
    11.553
   6.29014
   2.27512
   2.54498
   2.17668
     4.773
   3.32143
   19.4579
    7.3823
   12.2699
   10.7465
   2.73424
   10.9509
   7.54514
   4.20149
   10.1832
   6.62755
   9.07773
   11.3901
    8.3981
   6.99774
   5.22539
   9.67504
   1.99487
   8.28234
   8.08848
   8.68352
   13.9035
   9.93632
   20.9884
   5.52216
   8.67165
  0.163819
   2.50256
   3.80067
    16.414
   1.69436
   4.75815
   7.32402
   4.44432
   10.8593
   14.7743
   1.68056
   8.91094
   16.7267
   5.47235
   8.40748
   3.76743
   13.2729
   18.8928
   20.0234
   8.46733
    8.9788
   14.8322
   3.62287
   3.71629
   8.72566
   17.4471
   2.08253
   11.9703
   10.2628
   16.4827
   12.5657
   4.68249
   6.74271
   19.3579
   5.22943
   4.47872
   4.75525
    2.4186
    16.605
   6.18269
   15.7202
   23.2334
   16.4148
   51.3275
   12.4433
 0.0248049
   1.86567
   10.4862
   4.39251
 0.0138404
   6.73823
   33.8411
   11.3021
   14.5674
    33.333
   13.7812
   16.5439
   6.95448
   18.9606
   1.98164
   1.48794
   1.30882
   35.0684
   13.9311
   10.8241
   9.24017
     9.351
   10.8829
   1.52238
     2.938
   17.2199
   19.0463
   9.02645
   13.3513
   3.28269
 0.0142773
   10.9412
  0.711967
   1.99065
    4.9427
   2.36443
   9.25092
   8.63749
    4.3543
   1.76425
  0.091066
    19.288
   6.86245
   5.52553
   10.4687
   13.2354
   20.9576
    6.3226
   5.86756
   4.31209
   13.5378
   10.4147
   9.45138
   9.12317
   5.21419
   2.03496
  0.279355
   8.39198
    1.9159
   8.26292
   7.26024
   8.20332
   1.76352
   8.61567
   11.0053
   5.48252
   12.2525
   2.78941
   25.7808
   56.1974
   9.85516
   5.20247
    8.6685
   8.31416
  0.764937
   57.9965
   19.7231
   28.3423
   10.2629
   18.2083
   13.8287
   15.7563
   2.52906
    6.7221
    6.1943
    3.1847
   4.75653
  0.934743
   1.24439
    14.916
    43.356
   22.4733
   22.1683
   6.35228
   17.1084
   6.97941
   8.67256
   16.0579
   1.08881
   4.50901
  0.463947
   5.39209
   17.5602
   9.72717
    6.8742
   5.62625
   9.47884
    23.027
   26.5663
   10.6449
   21.2212
   30.8977
   20.9042
   6.10101
   3.38435
   4.60494
   5.56311
    6.6978
   22.4671
   1.73975
   4.25486
   41.8597
    6.4457
   32.1378
   8.34979
   15.3002
   24.6046
   2.88811
   11.0373
   6.87198
    19.757
   21.9655
    21.175
   22.2115
   9.61448
   6.71822
    16.763
   9.50597
   23.2884
    28.204
   7.04184
   43.6405
   12.2419
    7.3907
   16.1671
   18.7181
   44.8392
   21.3148
   8.20197
   40.6162
   5.57975
   5.16456
   9.12536
   4.55215
   38.8827
   16.0577
   3.56063
    6.2097
   8.17799
   8.76179
   21.3488
   12.3139
   5.72365
   22.7484
   3.19411
   8.15435
   22.4173
    23.508
   7.44566
   20.8186
   42.7007
    13.106
   13.4934
   23.7873
   10.2786
   18.2861
   19.9704
   4.78321
   15.4623
   20.8021
   20.6228
   2.95481
    3.5386
   7.77005
   17.6446
   19.8904
   5.70338
   4.56266
   11.7961
   14.7105
    11.344
   17.2921
   7.64324
   20.0947
   4.34508
   40.0785
   28.4628
   10.2689
   17.5019
   24.1906
   14.0651
   22.0947
   7.85681
     17.48
    8.1946
   15.4119
   9.15597
   8.75421
   5.23528
   15.4947
   21.8591
   9.16777
  0.789711
   17.0168
   5.47229
   14.5295
   13.2316
   12.9558
   8.01798
   21.0834
   16.7211
   9.17454
    22.293
   16.5117
   27.6751
   15.0158
   8.96425
   19.6391
   21.5067
    23.393
    7.2359
   7.45329
   15.5658
   18.8071
   9.81872
   5.97163
   8.70933
    8.0487
   20.2236
   31.2164
   9.73494
   3.58515
   8.32817
   2.36876
   4.68873
   20.7187
   17.0809
   6.89488
   9.83219
   2.21689
   18.3652
    28.745
   9.44487
   3.30943
   9.04181
   39.6363
   0.20903
   14.1272
   6.38025
    0.5797
   21.5168
    5.5469
   8.44115
   6.48574
   5.18294
   4.76331
   10.1677
    4.6981
   2.05659
   4.44688
   15.0963
   1.23721
    10.747
   12.6486
   4.15255
   1.48965
   22.4395
   27.7969
   10.6918
   23.1268
   3.15541
   6.79471
    20.855
  0.676843
   1.70639
   10.0667
    12.523
   3.07982
   20.2488
   22.1776
   5.86588
   17.1214
   20.2073
   17.3742
   3.67957
   7.84797
   21.0687
   17.1336
   16.2864
   14.7487
   17.2683
   15.2115
   25.3519
    18.601
   22.6317
   48.0053
   23.7399
   4.30943
   14.5528
   17.8404
    21.733
   8.17196
   20.8728
    6.6981
   21.0633
   16.5595
   10.8965
   3.65852
   16.4595
   28.1753
   6.99764
   18.3838
   12.6124
   29.6155
   18.3583
    18.695
   22.7117
   23.1673
   20.5869
   6.28739
   27.6783
   31.8796
   16.0424
   12.2234
   14.6075
   12.1351
   18.9539
   10.4341
   13.1901
   8.88557
   4.32817
   12.3703
   24.4919
   22.8215
    8.1031
   15.5481
    5.0116
   7.21777
   8.33334
   25.2513
   19.0443
   25.2316
    14.088
   39.2267
   31.1181
  0.133054
   5.56287
   37.7899
   10.4464
   1.08953
   7.48149
   3.63211
   2.52673
  0.898767
   3.80705
  0.850688
    14.755
   10.5998
   6.89635
   5.56793
   7.24037
   4.55282
   4.49793
   8.55941
   7.86114
   1.98428
   3.70532
   3.43023
   5.83856
   21.0349
   23.4592
   14.4874
    13.623
   15.1946
   3.32961
   0.73575
   2.28931
   5.41627
   18.1507
   7.70124
   11.3298
   18.0415
   2.45954
   6.12425
   22.9385
   13.1479
   1.03914
   19.1422
   2.96542
   6.09686
    5.8263
   18.1583
   5.65458
    19.994
   7.65772
   5.24729
   7.10472
   2.04901
    4.1435
   6.35799
   23.1938
   17.6721
    9.2248
  0.172647
    27.463
   15.3421
   21.3225
   2.63439
   17.0677
  0.817721
   1.26395
   5.99761
   1.82207
   6.05017
   6.50634
   11.9028
  0.256164
   5.81683
   3.83501
  0.705705
   9.04449
   1.82207
   1.88556
   9.64642