  29.1415
   25.755
  15.4037
 0.493306
  4.41536
  7.29892
  2.63561
  4.83618
  4.15915
  6.73533
  16.7628
  32.1856
  36.7113
  30.7637
  18.9008
  29.9206
  22.7812
  31.6535
  9.40336
  28.9104
  12.8255
  24.7602
  8.02181
  24.6919
  17.4398
  7.96144
  34.9423
  10.2543
   4.6153
  8.17979
   3.4983
  17.9357
  29.1795
  28.9581
  3.58163
   6.9067
  1.96731
  2.25498
  4.03897
  12.5272
  32.1561
  8.22513
  1.01633
    2.679
   1.9963
 0.649048
  2.70828
 0.925129
  4.91261
  2.05357
  1.53333
  3.56335
  15.3019
  4.36428
  1.38979
  9.48989
  2.05318
  10.7193
  13.5421
  1.40099
  22.7228
  11.2198
  14.3536
   33.516
  25.5237
  13.1956
   9.0525
  12.7434
  37.5824
  28.1593
  9.11077
  11.3736
 0.278933
  3.33185
  4.88672
  2.66076
  1.10656
   7.5197
  12.0278
  3.43914
  12.7883
  3.56091
  2.12833
  12.3292
  3.80875
  17.9916
  20.1782
  33.8972
  22.0567
  20.7275
  27.5817
  8.53029
  15.5008
  17.7031
  26.5805
  10.5227
  4.16152
  27.3496
  1.36128
   33.647
  26.6118
  6.48186
   3.0011
  6.28689
  8.24502
  6.80448
   6.5366
  11.3996
   7.1916
  3.56624
  19.5362
   12.756
  30.6841
  2.94557
  0.14305
  4.91605
  5.50523
  2.76701
   9.6437
 0.383657
  2.71401
  21.4624
  2.88413
  7.32827
  2.91017
  1.27182
  12.1782
  9.69635
  2.27694
  21.7808
  9.13701
  17.1808
  3.47291
  2.31876
  25.3817
  22.6834
  24.6631
  19.6974
  15.7581
  14.0862
  4.32725
  17.8513
  26.1303
  8.48259
  19.2108
  20.7889
  28.4976
   13.369
  2.69151
  12.0686
  9.27985
  3.43585
  5.53225
  5.22211
  35.5115
  10.4781
  5.37142
  14.9219
  7.27716
  8.98039
  7.51649
  6.83284
   5.6433
  2.75209
  1.25872
  5.22651
  20.2233
  8.72569
  5.11249
  5.95443
  13.8722
  17.4439
  1.91952
 0.155546
  10.5098
  7.66586
  9.95586
  9.08387
  13.2221
  20.9266
  8.10795
   35.001
  3.47291
  4.67567
  30.9988
  4.79327
  26.7094
  25.0857
  5.00859
    27.45
  21.3785
 0.318687
  23.6831
  11.2915
  5.04654
  4.08128
  13.5934
  18.4453
  37.2899
  7.96103
  17.6161
  2.99871
  8.06594
  9.54498
  7.25474
  2.82489
  4.97219
 0.621838
  5.57526
  13.4838
   21.604
  22.3659
  27.0053
  9.22228
  9.41938
  8.88246
  9.23876
  5.09295
  5.88796
  3.33748
  13.3266
   27.291
  2.53646
  25.1286
  4.06982
  8.02275
  3.12971
  16.9596
  10.7238
  1.63106
  19.3102
  3.23772
  31.8853
  7.60726
  3.88123
  7.74517
  31.9785
   3.3601
 0.655691
  11.6243
  6.04411
  2.90585
  12.0922
  6.08475
  9.85715
  14.6314
 0.491764
  38.4572
  20.2017
  38.1879
  15.9174
  7.36797
  4.66972
  21.0402
  28.8701
  25.3304
  33.6407
  2.30145
  9.73982
  2.86921
 0.160738
  7.56952
  31.5131
  12.2348
  13.3051
  16.3427
  18.4599
  6.97415
  30.4177
  11.3052
  26.1992
  4.07476
  11.7093
  24.7239
  19.9861
  2.36196
  8.59251
  2.80119
  2.86666
  18.0802
  17.4976
  2.16233
  8.31541
  11.7594
  17.8696
  29.5986
  1.30424
 0.279758
  7.19036
  16.3891
  20.5818
  1.49188
  6.49879
  17.2671
  32.6403
  21.3627
  15.7994
  25.1574
  6.88826
  4.09138
  17.5727
  24.0081
  9.15739
  7.58957
  2.40152
  30.5359
  6.07238
  11.3234
  14.0221
  18.3953
  4.02277
  4.31376
  4.24308
  7.41598
 0.758711
  5.81702
  20.4251
  5.47495
  4.61039
  32.3153
  15.4068
  5.43727
  27.7456
  7.71734
  34.8618
  11.5917
0.0796091
  10.8731
   27.588
  5.28116
  17.1489
  8.81688
  5.70671
  14.0197
  5.84093
  10.4841
  12.7737
  28.1549
  17.3637
  3.17315
  12.2193
  9.21175
   4.9797
  8.41121
  1.87598
   9.2715
  3.60945
 0.300132
  18.6176
  21.6814
  34.1534
  10.3852
  12.7953
  13.8624
  11.4812
  6.12479
  37.3992
  9.48865
  16.0563
  9.87804
  12.3442
    14.77
  29.2246
  26.9056
  27.8229
  25.7351
  11.0079
  3.75503
  30.4294
  22.9293
  10.0518
   7.7729
  5.91315
  8.31921
   5.5797
  2.04717
  14.9388
  2.27803
  6.70669
  3.09552
  8.76663
  5.30477
  18.5823
  9.15013
  10.6424
   4.1121
  7.98006
  10.1446
  14.7647
  15.4342
   15.658
  12.0574
  13.2403
  11.1563
  15.4285
  17.5999
  15.3932
  25.4628
  21.9565
  14.5706
  5.00987
  19.1848
  8.50991
  7.30608
  8.91942
  15.6078
 0.141983
  14.5437
  19.0414
  5.14941
  16.7286
  11.6135
  18.3533
  14.3681
  31.8305
  33.0809
  21.7905
  11.9717
   30.128
  4.25929
  4.29138
  32.7108
   17.489
  3.40481
  20.8835
  28.8695
   6.5867
  0.83845
   2.6748
  2.89375
  31.6667
  21.3044
  6.21438
  30.6486
  31.8053
  20.2109
  4.44778
  17.0173
   12.385
  21.3545
  13.5259
  6.55441
  21.5428
  34.6476
  4.57402
  7.61336
  16.8326
  5.95622
  12.3734
  3.43256
   2.6061
  6.49406
  11.5084
  3.69149
  7.27665
  7.22006
  29.6574
     11.6
  3.23974
   26.929
  21.1056
    6.314
  20.8529
  18.8187
   29.188
  19.5484
  10.6912
  5.75579
  23.1997
  25.5251
   15.163
  12.5824
  17.4017
  9.32681
  14.0386
  6.48623
  13.6528
  8.75731
  16.2624
   8.7014
  10.4008
  21.4812
  27.3855
  22.7381
   21.123
  30.4317
  6.55682
  13.8988
  4.53675
  8.76823
   15.455
  26.9755
  9.20303
  5.46324
  2.52952
  26.2989
  17.3693
  3.29601
  9.71867
  25.6779
 0.604656
  5.53718
  8.28296
  17.3393
  1.77027
  33.7966
   27.005
  10.2031
  33.1496
  1.93691
  26.1585
  1.06874
  18.8627
  5.43208
 0.973063
  12.8089
  12.0889
  12.5569
  6.25312
   2.4949
  3.11775
  24.9154
  5.52555
  8.49248
  16.7352
   21.278
  18.1461
  20.3503
  7.50411
  6.96672
  8.01093
  26.4065
    18.21
  27.5047
  4.13682
  5.91565
  4.04533
  5.66401
  5.59411
  4.35845
   1.5574
  5.65031
  3.03532
 0.584534
  8.39779
  10.1894
  14.8334
  37.9954
  13.7338
  6.93064
  6.89038
  8.91618
  21.7977
  16.3718
  9.23908
  10.2323
  8.30491
    4.011
  10.0998
  23.7443
   7.9216
  7.95392
  6.62282
  2.29657
  18.2027
  2.02067
 0.771498
   1.0383
  19.8358
  5.42836
  17.2959
  3.23636
  17.0302
  2.47227
   1.7449
  18.9478
  17.9301
  4.23305
  18.7659
  3.73139
  8.39902
   21.845
  15.2577
  16.8966
  13.2638
  5.34587
  8.28929
   2.8288
   2.2815
  2.52014
  11.3913
  3.94749
  9.96372
  2.86403
   11.441
  14.4519
  24.9897
  21.9463
  12.7662
  3.55475
  40.4879
  2.01845
  8.29553
  23.7267
 0.465972
   7.5506
  24.8968
  11.4178
  18.6389
  8.16954
  6.50833
   4.5285
  21.0453
  15.2106
  10.6073
  4.40874
   23.502
  5.03292
  4.27775
  3.10407
 0.999502
  31.3698
  20.4252
0.0977962
  12.9835
  2.89842
  6.15204
  14.1396
  5.20704
  1.27231
  20.1119
  18.6822
    12.69
    8.515
  3.35033
  1.23285
  30.5848
  17.1815
  10.6201
  34.7345
  4.33037
  4.94895
 0.321201
    2.615
  5.31234
  20.3569
  5.99161
  16.6992
  17.9945
  2.50228
  3.53303
  7.53508
  4.67257
 0.195623
  13.4592
  1.56151
  1.39582
   22.895
   3.2759
  21.1826
  31.5098
  13.9435
  3.38363
  8.27506
  22.4215
  34.4597
  31.1634
  37.9958
  22.8163
  21.6511
   3.3112
 0.961359
  8.42284
  15.3762
  43.5286
  17.0811
  38.0472
  4.22257
  22.1255
   3.3481
  3.55782
  28.3075
  15.3121
  17.0209
  8.96566
 0.861308
  8.97621
  23.4998
  12.7856
  14.1202
  8.65086
  8.91619
  20.6654
  23.9713
  7.62248
   31.008
  20.7167
  18.4074
  26.2167
   3.6691
  1.22402
  8.52843
  18.1844
  15.2443
  11.9324
  17.6577
  5.57429
  5.80507
  6.11748
  40.1885
  40.0565
  4.23659
  35.8637
 0.353393
  19.7573
  3.55594
0.0736444
  4.67038
  8.96791
  32.6577
  14.7087
  16.6666
  6.71667
  5.32858
   1.9884
  30.0941
  36.0363
  6.58131
  7.28126
   7.7004
  38.7099
  7.61797
  34.5608
  32.9396
  5.71213
  1.40943
  9.04737
  3.94747
  4.08585
 0.380472
   5.1169
   41.347
  10.8413
  34.2527
  36.6104
  9.19409
  21.5223
  2.08073
  23.9721
  26.8817
   25.405
  2.07637
  1.65807
  30.8835
  10.5951
  18.3639
   0.1422
  20.5649
  10.6674
  2.43941
  1.32996
  15.8314
  10.8821
  5.89933
  22.4682
  4.41875
  9.50293
  12.2175
  5.19785
  37.8184
  46.1854
  14.3757
  1.52018
  9.97959
   10.132
  12.5885
  10.1652
  6.40899
  5.01636
  12.1913
  33.5141
  12.0808
  34.5597
 0.470657
  3.46345
  10.7715
 0.883094
  13.3427
  16.8644
  36.3746
  5.53679
  11.1258
  10.6591
  9.53559
  11.0187
  2.22848
  22.1614
  4.84334
 0.247627
  37.4442
  2.75635
   37.398
 0.988826
  2.13723
  16.9565
  3.65537
  30.7814
  12.2806
  16.4047
  12.8639
  12.3989
  3.52467
 0.739565
  33.1384
  17.6792
  8.48697
  5.24562
   36.488
   24.906
  8.87577
  24.9177
  1.02619
  45.4898
  13.9823
  1.07014
  3.77418
  30.8447
  2.82299
  3.26951
 0.551561
  7.74017
  9.19706
  4.74868
  8.75653
   8.2222
  21.7725
  6.20842
0.0734883
  25.5758
  2.49387
  17.3026
  14.7999
  30.6666
  2.01322
  24.6274
  3.27657
  2.11516
  19.1774
  5.92702
  8.21651
  11.9442
  30.1786
  23.7175
  32.6056
  7.31314
  17.3619
  2.63356
  16.0206
  21.8233
  33.6845
   33.824
    11.45
   9.5676
  14.1582
 0.216062
  4.13299
  3.63579
  25.1186
  25.9661
  24.7764
  22.8602
  12.5916
  7.62899
  4.89075
  17.8048
  4.81075
  1.89094
  18.9452
  6.30109
  7.63101
  14.1625
  9.81718
  6.26647
  27.7128
  16.7836
   1.0565
  7.35287
  21.7468
   6.0461
  2.14652
  26.6105
  3.04649
  9.72279
  2.02606
  3.21568
  17.1967
  0.53406
  32.1504
  24.2196
  17.5578
  16.9451
  2.99296
  13.3792
  21.6955
  1.97571
  15.4729
  9.97897
  14.3552
  1.36262
  22.5312
   4.6954
  17.6584
  11.5777
  11.7976
  19.8121
  16.6179
  2.37193
  12.7569
  42.2126
   28.504
  1.63532
  12.7698
  31.7957
  33.6292
  8.04803
  23.8415
  17.9028
   11.647
  10.8498
  9.79713
  18.4082
  32.8935
  17.9133
   3.0279
  3.42426
  15.0495
  3.06397
  2.74761
  32.5962
   3.0374
  33.5846
  11.8186
     32.2
  32.2355
  11.0096
  13.9843
  23.4849
  26.6924
 0.176002
  18.7322
  13.8652
  32.6528