  6.85605
   4.3325
  17.0378
  10.9994
  12.0356
  13.3834
  8.02001
  8.40239
  10.9064
  4.45847
  17.6328
   15.388
  7.94649
  1.20227
  4.37377
   24.375
   11.266
  4.75581
  12.2136
  5.94532
  7.01652
  3.18638
  6.37217
   9.8404
  12.6579
  6.23282
  9.72565
  7.74329
  11.1658
  21.6177
  14.1588
  14.4052
  20.2545
   20.666
  2.96375
  13.2558
  2.67976
   26.588
  15.2485
  10.6251
  15.0952
  8.72356
  6.14649
   7.8534
   3.3458
  15.3559
  8.22388
  15.2249
   3.8981
  7.48386
  48.5287
  58.3567
  47.5097
  48.6088
  49.7716
  6.58648
  12.4366
  2.73965
  14.2724
  3.83237
  10.4561
   39.551
  49.2807
  56.0787
   12.101
  17.9427
  3.71672
  11.2285
  17.2996
   4.8664
 0.109062
  6.75634
  5.39277
  1.21429
  2.60234
 0.785257
  7.79097
  11.0431
  7.46741
  2.19281
  4.51754
  36.5808
   21.815
  25.9016
  7.56386
  4.32012
  12.6287
  1.74742
  8.97857
  5.40312
   11.104
  10.0959
  8.81241
  14.9806
  14.4867
  7.19113
  4.75326
  11.5218
  7.61191
  10.8141
  14.9274
  9.03035
  13.5526
  20.8822
   6.7502
  2.98391
  2.09182
  5.32765
 0.978492
  3.68827
  3.99607
   3.5231
  9.83088
  2.61043
  1.86363
  6.15468
  3.17046
  5.41642
  1.36482
  2.26393
  1.98548
  1.68157
  5.36161
  2.09732
  1.92412
  13.0319
  1.84709
  25.5898
  10.3739
   3.1544
  3.21045
  13.0899
  4.61496
  5.45874
  2.01699
  15.2529
  3.51883
 0.852014
  49.4626
  18.8763
  8.83997
  31.1931
  20.5065
  16.9098
  23.7403
  29.5539
  28.3782
  18.4355
  36.7051
  10.4467
  5.45815
  12.1556
  6.15572
  20.8036
  25.2296
  29.2458
  11.3973
  2.87992
  23.9993
  58.9693
  58.9309
  51.2876
  2.90335
  12.4068
  27.1508
  29.4839
  25.8774
  40.3193
  22.5992
  7.11917
  16.6227
  4.73497
  28.9874
  19.6925
  8.02443
  13.3276
 0.929926
  19.0392
  45.2201
  39.8942
  3.94507
  20.9497
  23.7645
  22.7921
  15.8911
  5.76536
  8.19642
  9.88105
  9.06339
  7.67304
  6.46301
  7.56386
  30.8193
  16.7344
  3.64047
  16.1196
  16.6195
  12.9465
  8.37323
   9.4102
  23.5821
  18.7117
   6.8918
  4.14891
   6.3484
  15.3856
  11.7256
  4.86509
  36.7812
  41.0611
  8.61905
   31.891
  36.6673
  30.4967
  5.35454
  6.26326
   11.648
  46.7778
  52.5937
  4.03805
  30.8001
  16.8927
  16.8121
  20.3348
  35.7055
  29.6701
  30.2819
   2.1334
  1.64468
  6.99691
  4.57428
  3.04142
   1.3715
  2.82559
  21.1274
  24.1133
  9.56658
  3.83813
  4.29984
  2.76987
  9.12822
  7.44688
   2.9651
  10.7992
  10.8138
  9.27438
  8.40416
     6.87
  5.64073
  12.4417
  14.3411
  11.6591
  11.5038
  7.77872
  2.73407
   14.146
  5.69943
  4.04267
  7.67305
    8.464
  2.66331
  3.95465
 0.867844
  8.60166
  12.6604
  13.3081
  4.33402
  7.89861
  5.78643
  12.7824
  6.06876
  14.3422
  19.0139
  1.62816
  0.43317
  3.36968
  9.86845
   2.7538
  1.33418
  2.81679
  4.15184
  14.1997
   9.2372
  7.76877
  7.36843
 0.134639
  6.00632
  2.30772
 0.364445
  36.1692
  24.0828
  16.7641
  12.4535
  19.7936
  19.8852
  24.1899
  3.91477
  58.4417
  6.94311
   3.5039
  16.8676
  31.2685
  11.3303
  13.9602
   9.5878
  27.1777
  54.8682
  51.1508
  38.1246
  3.28055
  4.34224
  13.4466
  15.4706
  9.69649
  14.0858
  8.74467
  39.4335
  19.2939
  28.4708
  53.5257
  17.8351
  25.0282
  18.2317
   13.164
  11.3412
   6.2523
  18.0462
  3.19547
  4.75778
  20.5589
  39.0827
  9.51984
  11.1408
   10.987
  8.23258
  22.7805
  16.6392
  26.7261
  7.83676
  6.88689
  5.21192
  14.6939
  3.92708
  4.52565
  7.14861
  3.55172
   1.1253
  1.31565
  1.20786
  10.6892
   13.032
 0.222624
   1.3929
  12.2685
  10.3605
  7.37452
  4.98434
  2.21346
   15.178
  16.0093
  18.1937
  18.5104
  12.7987
  6.70935
  9.88796
  6.43803
  3.89959
  5.95567
  8.01729
  7.73373
   6.4076
  2.22112
  1.02698
  2.99825
  17.0591
    3.328
  6.04358
  2.82547
  10.8264
  11.4878
  14.6113
  6.49011
  10.5736
  5.73496
  4.60495
  5.97854
   25.457
  20.3769
 0.457307
0.0529406
  14.0267
  20.1526
  22.1939
  31.4686
  3.49397
  29.3313
  18.9529
  9.93031
  6.04628
  52.5998
  24.5998
  16.0587
  5.57061
  21.5758
  16.4454
    6.895
  31.3104
  11.1688
  23.9521
  52.9203
  38.4437
  50.3209
  5.30818
  6.29644
  5.54144
  9.78341
  4.13046
  3.28055
  11.9014
  44.6341
  31.4798
  13.2099
  49.7356
  31.9361
  9.76448
 0.107883
  18.5961
  8.08539
  1.43092
  51.1772
  33.9197
  17.8045
  16.1999
  9.26398
 0.419519
  6.14998
  8.49381
  24.7154
  27.1466
  8.84215
  9.93792
  16.5929
  3.44217
 0.322374
  4.36158
  16.9712
  6.23405
  4.18396
  3.06738
  18.6971
  16.7717
  1.89442
  6.64566
  4.38083
  10.2305
 0.275545
  1.89216
  13.6677
  19.3249
  8.00352
  0.98512
  13.7973
  1.45598
  10.7515
  10.0355
  37.2016
  6.58323
  23.9529
  4.55466
  18.1151
  8.65185
  6.73855
  8.16483
  2.10392
  28.9219
  19.5437
  12.4487
  17.0264
  14.7849
  7.55421
  28.6103
  18.9423
  37.0101
  42.4759
  13.0253
  14.5996
  16.1043
  13.7724
  17.4616
    50.07
  43.6359
  18.2599
  26.8337
  3.49408
  27.4407
   1.9134
  11.4694
   20.166
   0.4217
  5.65399
   29.244
 0.353073
  29.2452
  9.66452
  17.2435
  6.20604
  7.35827
 0.651055
  50.2204
  32.1274
  56.2424
  7.87327
  26.9418
  17.7171
  5.70769
  22.5525
  23.5005
  21.7433
  8.42746
  13.3539
  9.90913
  39.5398
  18.9725
  40.1869
  4.11646
  1.38366
  34.1663
  29.5203
  41.3652
  24.3569
  31.1155
  31.8583
  23.8433
  30.2091
  4.42973
  3.86918
  2.79349
  4.67629
  8.50414
  3.66062
  28.2398
  6.20546
  23.1999
  25.2892
  27.1382
  15.2512
   1.7916
  31.1185
  19.5014
  18.2367
   19.335
  11.6799
  7.39888
  50.8521
  16.1783
  56.2859
  24.7364
   9.7636
  25.0554
   27.207
  9.64566
  28.3636
  30.9713
  55.2161
  26.2774
  5.66835
  51.3187
  29.0223
  23.9574
  10.3221
  26.1664
  47.9807
     23.5
   4.5528
  30.5865
  6.13766
  13.0066
  30.1884
  33.3467
   10.061
  19.2479
  1.27325
   15.228
   6.0129
  6.74701
  7.23514
  30.3891
  51.6295
  18.2807
  10.3283
  26.7076
  11.4318
  21.1805
  22.7543
  22.2937
  25.9306
  35.4843
  18.1491
  7.82101
  14.0387
  18.6953
  19.2119
  18.6354
  7.19363
  24.1462
  26.7893
  1.59038
  17.6339
  18.4304
  7.38902
  51.4278
   30.418
  27.2116
  19.0659
  29.4005
  34.2444
  30.2694
  14.8498
  19.3557
  31.8823
  31.5453
  23.6972
  27.2163
  14.4645
  23.4307
  8.52266
  3.59959
   1.5019
  0.86444
  15.2832
  14.0421
  28.5674
  18.1512
   17.238
  25.7018
  40.3951
  17.1959
  13.7169
  3.90056
  8.75298
  27.3585
  34.8402
  12.1356
  37.8238
  3.97475
  22.1371
  30.5529
  22.8482
  7.88407
  6.78979
  16.7838
  28.5577
  30.7552
  53.0391
  2.56642
  25.1471
  2.63517
  4.18706
  7.90214
  17.4163
  8.98556
0.0233479
  25.8616
  52.0667
  4.84776
  1.98647
  16.0528
  58.2968
  1.50738
  13.2816
  5.90935
  1.48771
  4.02212
   8.7976
  9.12358
  5.65333
  7.59878
  17.8423
  24.5562
  22.3212
  15.4901
  7.30279
  15.8577
  8.32118
  6.04821
  3.36618
  3.38033
  22.1995
  5.52852
  6.16988
  55.9415
  19.5563
  18.9969
  3.18557
  5.66578
  8.35613
  11.1048
  30.4501
  6.17134
  11.9703
  11.4414
  9.13827
  9.42134
  34.3443
  7.63696
  27.5479
  31.5761
  10.4237
  31.4414
  16.6685
  29.4152
   5.1874
  21.7546
   23.064
  4.65495
  17.0547
  12.5431
  7.69476
  5.08824
  13.5649
  26.6782
  26.5184
  31.2185
  9.26607
  37.7651
  41.6272
  6.26422
  11.4771
  7.08383
  21.5458
  21.3153
  3.78628
  6.05826
  8.65308
  15.8054
  3.15052
   23.987
   14.937
  21.2437
  42.1749
  16.6569
  12.0601
  22.5212
  34.8097
  25.2277
    13.34
  5.72111
  25.9029
  24.3766
  28.5517
  23.3376
   12.656
   20.429
  11.1805
  11.3057
  15.1829
  19.0724
  15.9576
  5.17425
  5.00553
  17.9713
  5.03204
  43.3634
  26.6394
  4.62548
  19.9772
  3.78373
   23.091
 0.637528
  18.3139
   35.093
  27.0228
  25.1088
  30.1562
  52.8314
  3.96974
 0.812362
  22.4615
 0.462002
  3.99986
  3.31734
  13.7011
   8.8236
  4.90589
  6.05714
  22.0721
  9.30395
  21.4188
  10.6907
  3.50735
  8.03447
  1.08186
  25.5462
  5.11945
  17.8121
  8.66599
  23.6633
  24.4669
  14.7536
  29.2495
  25.3588
  6.59767
  12.2617
  11.0135
  31.1625
  25.6362
  2.63639
  12.9797
  19.0201
  13.0459
  36.3452
  32.3503
  22.7325
   7.4808
  7.42511
  16.0164
  8.65282
  4.31842
  25.6518
   15.028
  9.97998
  10.0989
  8.54058
   13.253
  5.66892
  19.4042
  8.77324
   19.578
  28.6132
  14.1005
   5.0911
  26.7753
  28.2593
  0.51982
  29.4744
  12.5554
  2.55488
  21.2068
  6.64155
  5.76316
  3.93994
  13.2422
  21.1428
  2.82427
  25.0037
  5.08824
 0.321878
  27.0517
  2.30844
  4.34761