  22.4553
  22.5867
  7.40976
  5.28057
  19.1848
  19.3142
  12.3515
  15.7638
  14.1535
  14.0945
  2.55289
  2.09321
  15.9397
  16.5331
0.0666545
 0.407854
  26.6234
  26.8211
   52.217
   52.381
  15.2364
  15.1615
  14.6336
  15.1124
  11.8025
  11.9865
  13.3882
  13.2271
  13.3606
  13.2773
  14.2264
  14.0623
  27.6485
  27.7166
  49.9825
   50.756
  48.7373
   49.517
  6.16631
  6.41996
   8.1457
  8.79851
  8.36574
  9.01659
  16.7092
  32.0326
  32.0451
  33.0065
  31.1218
  31.7806
  31.5419
  39.1883
  39.1407
   21.899
   22.433
  21.8983
  23.6663
  23.9478
  22.3628
    22.44
 0.777769
  19.2745
  6.37915
  4.74386
  22.8609
  21.4614
  21.8868
   23.336
  23.6778
  22.8412
  22.2647
  22.8433
  23.9061
  21.3866
  4.84002
  3.09897
  9.15139
  9.49471
  8.65855
  8.77597
  22.8933
  1.73029
  4.29107
  4.52797
  60.9154
  61.4557
  55.3155
  55.9248
  52.0774
  15.2194
  17.6109
  18.1659
  15.4545
  15.6795
  20.7232
  21.5696
  41.0122
  45.1799
  22.6018
  23.0134
  22.5739
  23.0226
  23.1585
  39.4033
  40.0767
  38.8349
  40.0146
  32.6292
  8.79939
  8.54887
   39.193
  40.0088
  38.1017
  38.0186
  36.5458
   24.993
  7.19042
  7.24015
  7.19552
  6.91121
  9.86027
  6.98017
  7.67694
  5.72737
  5.85986
  9.63172
  6.07577
   6.7995
  6.75134
  7.94539
  7.47272
   7.7847
  8.05396
  6.68347
  6.52474
  36.5269
  35.6998
  37.1006
  33.7068
  32.4403
  33.4741
  37.2208
  38.0992
  27.7707
  28.9595
   13.765
  28.8099
  14.0105
  14.8067
  12.2654
   12.739
   14.154
  12.5227
  13.5409
  15.6398
  15.3459
  15.0025
  15.1697
  15.8603
  13.9297
  25.7785
  39.6083
  9.23439
   8.5444
  37.3389
  38.8397
   21.787
  21.6911
  25.2125
  4.26944
  10.8894
  10.4718
  7.66601
  6.65525
  16.9855
  15.4649
  15.0339
  15.3332
  13.9796
 0.658549
 0.928681
  1.63876
  0.53179
  1.00784
 0.361316
 0.493611
  16.8343
 0.699553
  10.1225
  9.66331
  28.5581
  12.8564
  8.58585
  26.4586
  27.2034
  14.5285
   16.421
  14.2969
  13.0803
  27.1525
  25.9918
  27.8128
  28.1104
  15.3888
   16.911
  31.6302
  16.5907
  1.96247
  3.71988
  5.91278
    6.961
  6.38896
  8.90231
  5.42409
  7.72812
  9.01608
  6.85393
  8.42532
  9.91653
  8.02418
  38.6031
  37.5028
  42.6822
  24.6277
  25.1084
  25.1127
  23.6541
  24.2487
  24.6437
  22.3137
  22.4028
  24.4233
  26.0769
  22.0333
  36.0353
  18.6025
  18.3964
  13.4811
  15.3694
  22.4804
  21.9868
   19.447
  19.9488
   10.574
  5.72502
  20.3816
  52.2279
  18.8128
  51.0007
  28.7673
  10.2354
  5.51872
  4.85473
   21.701
 0.685566
  2.42704
  8.59979
  13.3005
  4.32476
  24.8634
  25.6508
  13.1375
  6.43472
  6.36069
  15.2711
  36.9647
  31.0154
  37.8064
  24.5647
  52.5489
  4.53702
  5.72581
  7.31792
   27.393
  58.3116
   23.567
  14.7692
  3.02615
   26.898
  26.0664
  32.3568
  56.2239
   1.5491
  2.68137
  56.1123
  32.7135
  54.9385
  44.8949
  8.47121
  18.8664
  25.7717
  34.4443
  27.0797
  24.3994
  14.3579
  26.8527
  17.1378
  27.7052
  15.1488
  27.7707
  10.1924
  7.08189
 0.496608
  33.0356
   25.074
  12.5821
  26.8851
  22.3747
  17.8875
  22.2249
   13.462
  16.2566
  11.9708
  16.7044
  12.4045
  19.4594
  14.9898
  2.21759
  6.78564
  24.0343
  24.2492
  22.0007
  8.84854
  10.4622
  10.5239
   24.291
  1.83829
 0.820529
  3.54357
  36.9635
  49.7175
  5.43204
  2.54347
  45.3028
  42.4903
  15.7766
  20.5714
  16.9297
  9.23575
  19.9496
  35.1727
  44.7332
  28.0578
   23.606
  18.7745
  28.2053
  18.2199
  13.1955
  13.6093
  28.1681
  9.62496
   23.555
  33.9369
  36.9844
  30.3918
  38.9149
   18.396
  3.24146
  16.6429
  32.1432
  28.3695
   32.369
  26.1612
  4.72223
 0.540256
  4.83426
  8.57347
  4.57335
  3.30954
  5.70688
  5.66971
  5.07134
  8.72724
  3.81251
  7.14955
 0.837215
  31.0695
  43.6382
  43.2101
  35.2775
  40.2958
  25.8103
  13.3996
  24.8187
  15.5628
  26.2099
  20.7711
  21.4355
  26.0409
  25.9158
  12.3343
  25.7041
  13.4238
  13.2936
  19.2101
  23.2623
  19.8396
  58.4136
  54.4211
  23.4648
  18.4988
  25.1082
  8.27937
  5.43855
  4.67669
  10.4186
  15.0918
  30.2732
  31.4101
  27.7813
  21.8618
  9.81591
  8.11014
  2.97387
  14.3499
  12.9446
  3.73159
  19.7728
  12.4637
  5.80121
  15.4297
  2.67297
  8.53207
  3.65658
  3.00682
  30.6366
  44.7338
  5.83668
  30.4501
  23.4301
  9.31932
  5.08268
  23.8207
  14.0817
  60.3679
  40.7188
  21.8685
  14.1413
  21.8618
  22.0362
  23.6006
  24.1489
  26.0642
  31.9027
  25.3817
  15.0649
  39.8278
   24.702
  18.0471
  1.22529
  4.13721
   7.3425
 0.382373
  1.55885
  6.49075
  20.8148
  4.79727
  12.1527
  0.22056
   9.2447
  2.24107
  7.44805
  9.90255
  7.16638
  52.5235
  36.0919
  29.6379
  38.9009
   45.438
   39.193
  37.4115
  2.35205
   34.146
  26.5133
  10.8237
   15.685
  17.2512
  8.67632
  14.6755
  19.8806
  29.5258
  30.7767
  8.54456
  29.1396
  14.0589
  19.7432
  14.4694
  24.8338
  8.81289
  16.0659
  19.1321
   2.0258
  52.7601
  60.8356
  50.5682
  68.4129
  3.42394
  11.2699
  15.7523
  3.36919
   3.9221
  16.7024
  17.2569
  26.1503
  7.73073
  22.8811
  6.89744
  27.2577
 0.678775
  1.17315
  22.9142
  20.9088
  34.8013
  11.0018
  13.0583
  7.77647
  41.7034
  12.0677
  25.0838
  15.2092
  16.5129
  39.6029
  38.7154
   10.068
  11.7829
  2.23666
  11.2135
  8.86073
   21.656
  58.3247
  1.04146
  5.38404
   23.873
 0.574198
  58.0324
  9.37902
  26.0243
  2.92594
  5.72082
  20.8102
  21.3517
  25.8915
  23.8678
 0.151873
  8.54425
  13.9739
   11.844
  13.7667
  10.4918
  15.8245
    21.03
  14.8987
  19.5877
  19.6636
  14.7902
  17.8231
  25.5843
  12.6493
  18.8837
  12.2944
  30.5542
  37.0048
  2.66152
  0.12386
  34.0998
   39.324
  33.2403
  33.0367
  3.33498
  8.87602
  5.46126
  3.38082
  6.75141
  16.9661
  3.86641
  12.6336
  26.9994
  22.6346
   20.422
  22.5992
  26.9382
  14.0689
  19.1186
   23.637
   19.673
  21.7618
  18.7008
  19.4779
  23.4033
  28.5952
  25.4748
  16.0897
  23.7195
  8.33237
  24.4018
  18.8875
  26.5165
  29.6745
  40.5803
  13.7737
  21.1348
  15.0334
  11.7621
  3.44061
 0.974105
   12.543
  1.77019
  5.25859
  13.5787
  8.99242
  5.82463
  19.7728
  21.8108
   8.2057
  3.11855
  4.91912
  5.32411
  15.0423
   15.495
  19.1802
  4.46525
  25.0324
  4.93382
  27.0124
  8.85081
  25.6654
  21.1508
  57.2373
  23.5908
   19.202
  25.7678
  26.0114
  26.8832
  22.7599
  21.1431
  43.2454
  21.7539
  10.7325
   34.775
  43.1411
  43.8759
  35.9715
   34.991
  14.9748
  7.25746
  14.3967
  15.4585
  12.1836
  4.41413
 0.676562
  3.85725
  4.41248
   4.1108
   6.8001
  29.2172
  32.6314
  36.1672
  38.4708
  37.6112
    38.94
   9.4506
  22.7385
   15.691
  21.1581
  10.4498
  10.3262
  27.5723
  24.5706
   27.342
  30.6289
  34.7946
  44.5578
  21.9507
  19.2818
  26.7463
  14.3298
  5.34662
  18.1328
  26.0013
  20.4576
  27.2976
  23.0804
  13.3136
  4.47565
   37.974
  7.54368
  11.8546
  18.8895
  11.8867
  19.5838
  11.3538
  23.7433
  15.8403
  2.01706
  12.0502
  4.30196
  11.2699
  11.3856
  42.9569
  19.4841
  12.9217
  27.2787
  7.93013
  43.3393
  11.1579
  28.8091
  5.27683
   36.954
  31.9497
  28.1789
  31.6452
  1.13268
  54.7528
  3.17411
  9.30146
  23.0325
 0.147455
  8.31896
  10.1756
   31.716
  2.98324
  19.3219
  45.9921
  30.4201
  1.44655
  40.3432
  33.6077
  13.2043
  1.89131
  20.4616
  31.7553
  5.83496
   28.236
   27.077
  16.8281
  12.2751
  24.7045
   11.701
 0.736472
  14.3589
  16.1841
  9.15676
  28.9959
  36.0032
  29.3643
  9.56316
 0.626288
  1.94024
  48.3506
  17.6745
  24.6064
   24.516
  4.87334
  19.2095
  16.9021
  19.6677
  16.9505
  13.0596
  13.3964
  17.0008
   21.614
  19.6448
  21.5383
   12.859
  44.8561
  33.4657
 0.743101
   1.8706
  11.0803
  4.39338
  1.47595
  14.1739
  3.08965
   20.434
  13.2809
  4.79919
  20.8559
  2.57598
   25.561
   3.4644
  5.43299
  20.0481
  26.4972
   29.408
  19.0927
  28.1399
  20.3345
  24.7109
  22.5989
  27.0467
  16.6292
  25.1866
  31.5415
  34.8458
  33.9606
   35.932
   4.1381
  4.54013
  3.52835
 0.726666
  3.13123
   14.758
  9.14596
  20.2654
  14.3967
  22.3723
  28.7615
  5.09733
 0.927669
  4.82222
  7.68179
  6.66834
  6.36961
  6.72119
  5.32551
  9.09694
 0.883149
  37.1851
  13.8417
  4.88112
  28.2563
  43.1557
  39.6058
  36.3072
  25.0757
  3.30117
  14.0269
  16.6004
  13.8183
  23.2577
  10.5426
   7.3303
  11.5296
  25.5478
   6.7261
  21.1823
  49.2557
  37.4024
  17.7637
  18.2781
  25.7939
  16.9369
  13.0149
  19.7325
  1.30734
  9.52875
  62.2136
  46.1348
  14.4432
  8.08698
  34.0057
  20.1577
  6.13484
  10.3265
  17.7605
  29.6272
  26.0051
  7.91282
  15.7393
  10.7481
  30.5726
  43.1218
  26.6008
  28.9758
  55.6534
  2.52874
  20.0961
  43.0507
  7.93481
   14.201
  54.2909
  19.1775
  14.0789
  46.2191
  6.37434
  9.15767
  7.82445
  8.85491
  13.0886
  30.7926
   11.467
  35.1871
  43.7704
  6.08419
  22.0871
   7.9101
  28.3093
   14.014
  22.2531
  11.3654
  18.6966
  12.5655
  12.6388
  2.87047
   15.373
  2.94516
    22.54
  7.44196
  15.4427
  8.75925
  28.1063
  8.27052