0.00375677
   8.80334
   6.64076
   22.1885
  0.767872
   6.74623
    1.4531
   18.6419
   28.1627
    8.7285
   9.02375
   12.9732
   5.75381
   10.9325
   10.9523
   0.46682
   8.68696
   11.8436
   3.23587
 0.0615539
   1.36815
   46.0879
   35.4942
   41.8415
   27.6175
   45.0545
   6.93696
   1.91658
    4.6953
  0.751673
   23.8855
   25.0058
    24.022
   17.0156
   25.0853
   9.48044
    13.845
   20.0002
    31.552
   29.3652
   5.38773
    12.042
   3.67139
   11.6852
   20.8165
   21.6584
   4.76082
  0.781151
   8.81571
   7.00496
   5.30049
   3.44803
   16.0119
   22.4094
   18.2281
    27.436
   4.82344
   6.76776
  0.721307
   1.18348
  0.847288
   5.55828
   1.01421
   11.8837
   10.3148
    26.346
   43.1788
   35.6212
   11.1263
   24.7041
   5.92027
   3.96678
   7.91179
   21.1432
    21.213
   8.42553
   13.7748
   14.5604
   3.48359
   11.4019
    29.343
   32.2987
 0.0286549
    6.7205
   5.42472
   1.28123
   18.1333
    1.4014
   15.5719
    22.398
   1.04547
   3.00217
   6.27772
  0.900747
   8.53332
     10.12
   9.60234
    10.328
   6.74572
   3.31949
   4.07528
   29.2997
   42.8997
    1.2812
   12.5089
   34.3973
   8.61578
   2.24242
   10.0128
  0.538635
   15.7806
   26.7415
   1.89932
   13.6479
   18.4565
   25.5908
  0.266029
   16.7428
   1.12404
   2.28474
   6.58605
   26.7735
    5.2264
  0.749311
   5.09373
   14.3867
   9.94544
   36.3685
   16.7835
    4.4876
   1.65778
  0.544308
   1.16492
   2.26501
   26.8553
   25.6565
   8.63402
   23.7531
   3.72133
   6.11968
   3.69795
   4.83583
  0.406857
   3.34825
   19.6649
   7.57713
   31.9942
   44.9535
   35.3881
   2.87123
   5.73479
   13.5607
   3.36782
   11.3169
   6.73358
   8.77219
   40.1904
   14.5897
 0.0282652
   27.8535
   5.42488
   3.49054
   2.73626
   4.09699
   18.9145
    30.763
   10.6918
   6.76208
    3.0393
   7.94969
   6.34517
   2.65231
   1.87961
   5.30466
   5.76065
   4.37565
  0.618552
   1.89523
   3.25676
     19.41
   17.0974
   14.7813
   34.2065
   29.4947
   4.75762
   1.41703
   9.48064
   30.5822
   32.9513
   21.1649
   12.4675
   2.07355
   26.0306
   12.1957
   4.89085
   9.88431
     3.554
   3.81304
   9.36223
   5.24729
   7.36008
   48.0112
   44.5983
   30.4816
   12.8498
   8.79273
  0.383087
   16.2113
   12.9315
   2.87123
    8.0359
   44.3781
   1.24056
   7.05325
    26.428
   20.9459
   17.9276
   16.0521
   7.48413
   13.1494
   13.6671
    5.5498
   9.74133
   7.62448
   5.00668
   10.7821
   7.92306
   3.04414
   10.9825
   13.7737
     10.77
    8.0273
   26.8036
   9.31583
   26.6058
  0.938571
   29.2831
   8.03473
   2.21426
  0.498356
    1.3938
   39.4284
   49.8898
   8.80621
  0.870854
  0.606337
   10.6337
   5.94312
    42.953
   45.1874
   1.71204
   7.16536
   23.5966
   3.58282
   8.21019
   9.59814
   3.17098
   23.8858
   38.7001
   37.7433
   22.9815
   17.6959
   13.8632
  0.705876
   2.87457
   29.7881
   28.6203
   11.8988
   30.8745
   35.1858
   8.91612
   20.9827
   30.2758
   1.89057
   11.7149
   22.6314
   36.0323
   28.5741
   4.85895
   14.0246
   23.8738
   17.1975
    16.089
   13.1414
    29.268
   17.1327
   17.2894
   24.0258
    31.639
   29.5369
   30.5064
   29.4894
   32.0526
   27.8511
   36.1917
   36.5382
   24.4832
   15.3963
   1.31736
   16.4677
   11.0049
   31.2028
   22.2964
    22.747
   27.6773
   18.6979
   35.3769
   3.42708
   19.4282
   27.1877
   33.6561
   13.9198
   34.1485
   22.7288
   31.6045
    33.622
   25.7578
   26.1649
   1.69773
   23.4738
   25.5695
   30.8472
   17.5968
    20.043
   4.80684
   22.4184
   6.37604
   30.2311
   19.2938
    12.792
   13.4995
   1.35002
   19.0193
   16.8169
   34.4845
   22.4882
   30.8247
   24.0237
   31.0758
   34.7683
    23.665
   24.6445
   19.3365
   23.0029
   47.0199
   27.6127
   21.5792
   2.87524
   9.20291
   2.44972
   37.5594
   3.75738
   13.7326
   27.5819
   12.5127
   17.4289
   24.7783
   0.44687
   15.7062
   3.09563
   15.3851
   18.1339
   29.3285
   23.6057
    13.935
     21.44
   9.08698
   10.9397
   2.59275
   22.0147
   28.8614
   32.0961
   38.4655
   29.1772
   7.54076
   22.7299
    18.745
   17.8162
   16.4068
   3.98455
   21.3534
   25.2017
   9.60571
   33.3798
   36.4691
    10.365
   13.9819
   4.08736
   5.26754
   7.33155
   12.7276
   21.8329
    8.2104
   19.5078
   11.1446
    9.9488
   8.26071
   2.15533
   23.1969
   20.0181
   7.49043
   6.94714
   8.69898
   22.1998
   25.0552
   31.4164
   21.0544
   16.6087
   1.41376
   20.4233
   12.4455
   24.4205
   4.48756
   16.8003
   21.3064
   15.6114
   3.03223
   8.66269
   4.50139
   6.95173
   2.57805
   3.84748
   19.2381
   33.9408
   2.54389
    6.9748
   9.08413
   7.02847
   5.02456
   33.3538
   32.8158
   20.1552
   36.2352
    2.4947
     4.777
   2.41924
   16.5896
   15.2864
   4.08618
   8.80795
   8.75456
   10.7423
   18.4965
  0.603923
   10.5255
    1.5872
   3.59868
   29.1199
   18.0416
   3.75426
   12.9652
   14.7209
   2.28972
   22.5933
   7.12166
   24.9328
   24.7902
   27.0565
   16.7129
   17.5381
   14.5524
   22.2542
   22.7034
   38.2843
    2.9645
   4.65627
   4.42468
   28.6906
   19.8557
    21.923
   19.1517
    29.805
   28.8623
    7.1829
   5.52357
   30.2683
   25.4292
   21.2791
   7.62374
  0.484409
   5.64604
   1.08694
   10.4159
   24.7492
   35.7344
   1.50569
    16.089
  0.362691
   15.4404
   12.4307
   21.4671
   7.05555
   5.62568
   11.8412
   5.61461
   6.51485
   24.8226
   14.8144
   17.1063
   16.6393
   12.9067
   12.4535
   7.20314
   12.2506
   24.0516
   23.0708
   14.1323
  0.722462
   22.8893
   30.9483
    19.353
   31.9099
   16.1838
   23.9208
    22.299
   8.34968
   0.76717
   25.6142
   21.0597
   33.1476
   15.1752
   10.0317
   29.8059
   12.3162
   19.2552
   15.6841
   9.06011
   10.7641
   25.3531
    30.987
   28.1176
   26.3846
   24.3039
    19.466
   25.3971
    20.758
   3.43158
   4.98391
   29.7253
   41.2727
   4.49056
   22.9168
   7.94922
   7.38767
   25.3982
   52.5954
   26.8844
   26.9491
    1.0119
   22.2464
   39.9385
   9.99892
   19.1137
   7.60356
   26.2446
   9.38777
   13.4721
   19.8395
   24.5701
  0.882788
   26.6018
   6.66977
   2.98881
    4.0546
   8.98442
   18.6466
  0.544046
   2.19397
   5.03867
    9.3398
   15.0996
   5.89095
   20.1905
   25.1949
   12.3383
   13.5731
   1.80889
  0.767766
   8.07564
   3.87777
    9.6503
   5.90397
   23.2004
   25.6555
   12.3712
   26.0042
   2.13395
   11.0403
   3.19456
   7.89538
   22.5354
   3.24532
   20.0566
   36.0826
   17.2093
   23.3732
   33.5299
   12.4813
   20.7026
      27.8
   4.32005
   21.4425
   2.49885
   9.96695
   26.9149
   18.9605
  0.663022
   31.7295
   14.9161
   20.9936
   18.9113
   33.5164
   32.2965
   13.9068
   7.66691
  0.152997
   20.8172
   18.0116
   30.9785
   17.1686
    10.061
  0.549544
   3.59949
   21.8157
   22.9818
   4.03782
   13.9999
     30.99
  0.100075
   22.7491
   3.34596
   22.4061
    8.5291
   1.01104
   18.7381
   11.4474
   1.66481
   13.6083
   16.0758
   8.18828
    2.9853
    21.453
    5.2495
   8.02671
    13.039
   13.6258
   24.9984
   7.72214
   11.3663
   3.01808
   44.3994
   48.4174
   6.33202
   5.67538
   7.47069
   24.6506
   25.7972
    25.604
   12.4894
   15.2226
   19.1062
   34.7236
   13.3397
   10.8313
   15.4167
    30.817
    19.082
   35.0984
   11.1062
    22.051
   12.7144
   33.3482
   10.3137
   17.5334
  0.771214
   17.5732
   16.0677
   18.5425
   26.6534
   5.70146
   22.2888
   9.63736
   47.1937
   28.3706
   5.45123
   16.1909
   15.9533
   12.1726
   33.7416
   18.1349
   5.09596
   15.2371
   7.06533
  0.444484
   12.4257
   23.3211
   9.68037
   11.4649
   16.2321
   2.46605
   26.0021
   9.51333
   5.20432
   8.98875
   11.3014
   3.26482
   6.08158
   18.2355
   6.91764
   39.0472
   10.3137
   18.1199
   3.49326
   35.4938
   28.6932
   4.32909
   1.18522
   3.47683
   18.6027
   23.6247
   6.04415
    5.2248
   2.66948
   8.79325
   5.01549
   17.2676
    22.647
   24.2148
   3.75205
   13.7411
   11.3923
   9.15534
   8.63443
   28.9752
   22.1851
    13.259
   5.26612
   10.4984
    29.753
  0.461233
   12.5398
   1.24265
   2.27337
   3.99668
   9.51941
   2.00145
   30.8802
   1.52617
    33.163
   7.84453
   15.7396
   19.5323
   26.4038
   1.66495
   18.5999
   26.3526
   11.6705
   14.6637
   9.50673
   55.0628
   4.29528
   5.81692
   12.1318
   11.7154
   20.1734
   37.8116
   17.2617
   9.84507
   5.01161
   15.6299
   13.0643
    29.051
   5.89419
     24.65
   26.7468
   3.68423
   11.7954
   18.8343
   7.76433
  0.903801
   3.99794
   5.56505
   19.0293
   22.9165
   27.7345
   36.2467
   28.7521
   8.60495
   35.2999
   25.4643
   35.8943
   28.4282
    35.951
   37.4753
   4.97325
   19.1216
   23.1784
   17.0334
   33.5476
   4.32564
   49.6629
   11.2398
   10.5993
   21.3723
   4.63848
   3.07648
  0.572488
    5.4035
   24.8413
   29.1945
   32.4235
   17.1726
   6.52024
   13.0167
   19.3934
   7.91624
   8.96445
   38.7661
   20.6804
   20.9975
   25.4642
   32.9555
   21.7906
   11.1928
   3.73089
   22.7149
   34.4112
   19.7033
   20.8906
   36.2256
   23.5599
   40.8029
   26.9789
   5.78325
   27.5801
   35.8748
   15.4532
   31.1948
   13.9313
   24.4885
   8.54352
   34.4314
    29.757
   35.3524
   22.7251
   3.62586
   24.4588
 0.0630067
   37.6891
   14.3192
   10.4025
   37.4754
   33.6833
   21.8119
   3.54544
   1.33871
   4.88353
   4.87875
   19.4448
   29.5114
   31.9353
   26.4246
   9.04447
   22.6097
   24.1374
   28.1371
   20.0351
   35.5276
   19.2089
   7.96111
   36.4719
   26.2304
   5.25543
   24.8429
   16.2814
   9.40763
   33.3404
   30.3212
   19.6589
   5.91706
   8.25015
   16.3845
   9.67079
  0.639679
    22.538
   3.38071
   24.1091
   32.5781
   10.7725
    22.881
   26.0025
   4.10938
  0.860371
   9.52293
  0.893244
   3.65486
   26.5044
     2.017
   11.4862
    35.263
   33.1117
   38.3551
   39.0448
   35.7582
   18.9126
   26.9505
   27.5959
   8.12009
   10.9234
   6.80015
   5.54652
   8.74215
   13.1359
   6.97815
    5.3167
   12.6928
   14.6332
   9.79016
   25.1321
   31.3272
   25.3958
   19.1836
   2.40236
   19.7034
   14.5223
   14.2938
   2.13316
   38.8186
   3.82478
   29.2178
   12.9102
   5.40291
   9.01097
   6.73457
    29.144
   2.99141
    6.9848
   18.1303
   15.3594
   27.3048
   30.1917
   12.5197
   1.95087
   8.86177
   28.0483
   4.06958
   6.29514
   17.0321
   2.84768
   3.21368
   32.9505
   24.0307
   17.0646
   2.68206
   13.3229
   3.31835
    31.417
   9.98787
   4.94521
   6.61793
  0.978357
   11.9982
   1.25942
   39.3748
  0.873749
   19.5212
  0.386521
   20.1135
   5.69992
   10.1114
   3.28253
   3.78683
   6.31873
   16.4035
   12.8318
   2.61699
   42.4687
   8.34036
   4.99569
    11.478
   6.12632
    13.846