9.87428
13.0528
13.4298
 14.031
14.1404
14.7111
17.5947
19.3305
20.7929
21.1632
22.0435
23.2232
23.6108
24.0295
 24.354
25.0439
25.1418
25.4438
25.8853
26.1091
26.1641
28.5724
29.4589
29.8597
30.1139
 30.237
30.2713
30.3074
30.5484
30.7609
31.0849
31.6872
31.7556
33.2883
33.3145
33.3177
34.1653
35.1305
35.4015
36.5014
36.8243
37.2596
37.2927
 37.929
38.1986
38.2516
38.3683
38.4142
38.5002
38.7737
39.2569
40.2432
40.2723
41.5816
42.1304
42.1437
42.6954
42.7785
42.8642
43.0035
44.5393
44.5986
44.7786
 45.732
46.0189
46.1619
47.4076
 48.151
49.1327
49.6999
49.9429
50.2744
50.5427
50.6036
51.6898
52.7338
52.9343
53.2416
53.6526
55.2604
55.5957
55.7596
56.8318
57.9989
58.2655
58.6495
58.8798
62.4166
62.5427
64.5873
66.1732
66.6075
67.5967
69.5419
69.8684
70.1227
72.6523
73.0127
73.1971
75.0962
75.6713
76.7648
79.3083
85.1547
86.5647
 88.983