1.31998
4.90265
5.20299
5.33804
6.09812
7.09512
7.14602
7.59508
7.93497
8.04064
8.50573
8.68552
9.32721
10.5748
10.7892
11.7754
11.9496
12.0627
12.2743
12.4697
12.9447
12.9842
13.0172
13.0786
13.3884
13.5533
14.0954
14.5492
15.8852
15.8951
16.0316
16.6306
16.9694
 17.439
 17.455
17.5761
17.7166
17.8711
18.6819
 18.748
18.7667
20.1335
20.2402
21.0326
 21.312
21.5547
21.8011
21.8594
22.0859
22.2224
22.5216
22.5436
 22.696
22.8553
22.9229
 23.051
   23.1
23.4933
23.5093
23.6865
23.8351
23.8541
24.2676
24.3524
 24.431
24.5453
24.6129
24.6182
24.7572
25.2298
25.4208
25.5824
25.7413
25.8136
25.8732
26.0475
26.0638
26.1037
26.3016
26.6822
26.7899
27.1845
27.5957
28.0008
28.0473
28.0714
28.2376
28.2537
28.3606
28.4231
28.4421
28.4819
28.7422
28.8424
29.3489
29.3946
29.4039
29.7083
29.8029
30.1442
30.5424
31.0067
31.0765
31.1115
31.3657
31.4349
31.6038
31.6365
31.6427
31.6436
31.6876
31.8247
31.8826
32.0191
32.2856
32.6134
32.6317
 32.759
32.8776
32.9122
32.9499
 33.087
33.2299
33.3005
33.3448
33.4848
33.5024
33.5885
33.8376
33.9374
34.1657
34.2704
34.7673
34.7744
34.9199
34.9224
35.1514
35.2332
35.4828
35.5265
36.2438
36.2576
36.2859
36.3569
36.8523
36.8562
37.1128
37.2495
37.3304
37.5429
37.8022
37.8346
37.9133
38.1056
38.4142
38.4661
38.8332
38.9015
38.9243
39.5925
39.6603
39.7078
40.1623
40.8233
41.1752
 41.283
41.4004
41.4306
41.5151
  41.59
42.1979
42.2807
42.9521
42.9757
43.1638
43.2951
43.3401
43.3787
43.4212
43.7668
43.8744
43.9443
44.0388
44.2508
44.4402
44.6581
  45.06
45.3966
45.5926
45.6042
45.7047
45.7211
45.7503
45.8867
46.0014
46.0708
46.1622
46.3292
46.3428
46.8679
46.9726
47.0154
 47.732
47.7504
47.9727
48.6616
 48.885
49.0931
49.4331
49.5587
49.6603
49.7041
49.7681
49.8693
49.8853
 50.043
 50.162
 50.473
50.5965
51.1479
51.1876
51.4299
51.4778
51.9099
52.2805
52.7754
52.8481
 52.864
53.4514
53.5176
53.5293
 54.532
54.6511
55.1461
55.1475
55.7966
56.2516
  56.93
 56.933
57.0076
57.1356
57.2955
  58.05
58.2565
58.3744
58.7361
58.7638
59.1721
59.9302
60.0404
60.2254
60.3306
60.3422
60.8256
61.5067
61.9847
62.5325
63.1801
63.2966
64.6916
67.0605
67.6373
68.4426
69.6824
71.1892
71.6113
72.6079
72.8046
 72.896
73.2463
73.7351
74.6269
74.7975
75.0133
77.0259
77.2178
77.4285
77.5573
77.8469
78.3275
78.4891
 78.738
79.0827
79.4705
79.9808
80.3087
81.2942
81.4757
81.7999
 81.848
82.1252
82.2156
82.4367
82.7375
83.0623
83.2372
85.5968
86.3566
86.5138
 86.744
86.9566
87.3444
 87.448
87.9181
88.7392
89.7165