  17.4307
  11.7039
  16.9224
  18.3875
  20.1245
  21.9795
    21.16
  2.02064
  17.5549
  22.1038
  7.16185
   2.6316
  9.12409
  10.4473
  20.8294
  18.9104
  19.7003
  30.1917
  21.2847
  13.3731
  8.68073
  11.1816
  8.20839
  14.1587
  16.3621
  22.3635
  17.6237
0.0293124
  7.31891
  10.3054
  10.0571
  10.3089
  22.5453
  2.59306
  23.3333
  29.4212
  44.4204
   5.5518
  8.97955
  2.82478
  23.1862
  23.6789
   23.052
  22.8971
  18.6131
  21.0309
 0.735086
  3.92899
  5.80015
  11.3017
  22.4042
   23.594
  10.9526
   6.7993
  18.9869
  14.4922
  21.7722
  13.3038
  4.81216
  10.2462
  3.21746
  5.98097
  23.4036
  18.1794
   17.061
  17.2766
  12.3636
  3.84234
  6.17658
  6.14126
   1.8221
  25.5155
  15.9246
  9.91393
  19.9607
  40.2164
  5.28549
  10.6006
  12.7046
  21.3379
   17.655
   21.547
  10.9447
  5.56243
  14.3604
  6.00931
  21.7676
 0.869548
  10.0168
  3.60275
   23.374
  24.1881
  19.0597
  5.86631
  24.3036
  17.1217
  3.21325
  31.7207
   11.791
  17.4712
  5.61976
  20.1956
  20.0525
  21.4312
  1.81641
  8.99735
  11.7951
  7.42019
   3.0712
  3.12007
  2.85202
   12.597
  11.0335
  21.8611
   38.291
    12.79
  10.6511
  7.94801
  4.17764
  2.02782
  10.8927
  10.3198
  11.4665
  6.96543
  5.24412
  10.6677
    9.629
  6.34677
  8.57047
  0.16501
  24.1318
  13.1665
  12.7246
   2.9498
  14.2866
  14.5894
 0.385699
  3.53169
 0.822835
  4.74965
  9.98048
  10.3078
  1.02451
  9.02148
  8.24122
  12.1543
  11.4058
  17.4898
  3.17097
  6.07436
  6.70071
   14.199
  4.51754
  5.77667
  2.64347
  5.29731
  25.0737
  21.0725
 0.958981
 0.604373
  8.23585
  4.96526
  5.69599
  2.26759
 0.322914
  5.94711
  4.92893
  8.17737
  6.58263
  6.42178
  17.6141
  18.5233
  18.0779
  4.25574
  3.20788
 0.470943
  19.6882
  18.9362
  16.8812
  18.1338
  13.5115
  19.3864
  17.7461
  3.51812
  2.85494
  18.5417
  5.88884
  9.87147
  7.70406
  5.18879
  1.13059
   17.009
 0.558014
  11.0012
  12.6791
  13.5513
  6.74627
  1.25348
  12.8822
  4.53502
  5.64357
  5.46131
  14.1577
  16.9771
 0.182035
 0.621752
  7.29142
  19.1079
  2.52466
 0.301507
  7.31798
  1.77495
  14.3457
   5.9158
  3.12005
  6.87789
  20.7405
  23.0337
  2.38342
  11.9118
  8.35065
  11.3274
  14.2496
  6.10489
 0.813131
   7.7599
  2.86673
  3.54648
  21.8805
  20.4274
  20.0779
  4.26057
  10.8268
  10.6125
  5.77514
  3.71671
  23.2896
  1.26948
   2.8572
  12.9825
  5.55358
  11.7821
  4.79862
  7.65834
  7.55579
  14.3123
  20.0487
  5.62368
  3.39211
  11.3961
  3.99147
  2.38737
  12.7344
  3.58964
 0.620328
  1.22145
  2.65689
 0.111065
  2.37547
  4.96059
    5.414
  3.43336
  6.75681
  11.4724
  16.8343
  21.8336
  17.6403
  13.1699
  2.35321
  4.25392
 0.155012
   23.755
  2.85027
  13.5452
  0.91558
  2.02821
  1.45454
    12.61
  1.38308
  8.92176
   20.523
  4.00038
  6.19281
  5.91597
   12.574
  22.2583
   5.0112
  6.23902
  2.07179
   17.951
  13.1203
  16.4668
  9.53773
 0.425503
  4.10534
  2.55133
  4.48854
  22.9594
  13.6592
  14.0096
  5.36668
  9.08387
  3.89599
  2.03397
 0.811376
  4.41131
  6.19055
  1.98447
  17.1209
  4.57971
  13.0936
  18.6757
  11.2197
  1.19626
  16.8176
  4.85606
  14.5483
 0.943109
 0.474721
 0.627933
  1.60476
  8.79985
  8.32562
  5.77984
  7.85641
  9.63456
  12.1189
  3.45249
  10.7614
  11.9613
  23.8424
  9.31247
  7.23461
  17.5193
  14.7226
  8.17388
  3.38764
   18.248
  9.44988
  2.39927
   5.2547
  7.00614
  13.3288
  1.11519
  17.5151
  5.47846
  9.11319
  4.73518
  8.51955
  2.15841
  10.9988
  6.07839
  7.67247
  22.9946
  4.96376
  16.8734
  6.59751
  13.1685
   3.4413
  5.07716
  2.84774
   3.1523
  17.6374
  13.2166
  10.4992
  23.0839
  22.7886
  1.31211
  12.4993
  4.86899
  1.72755
  6.63792
  5.24989
 0.174666
  11.1564
  8.78771
  3.32231
 0.196306
  20.6188
  8.91948
  14.6501
  22.2594
  1.48087
  3.04689
  17.2747
  23.2614
  18.9223
 0.936862
  14.8246
  4.68479
  4.86495
  5.82925
  4.99219
  20.8363
  17.2259
  14.0159
  17.9294
  6.18643
  4.59509
  6.87368
   6.9516
  13.8465
  9.69467
  20.3348
  23.2329
  10.3018
  18.4313
  20.7965
  20.0625
  27.9169
  22.0468
  21.6541
  1.58372
  3.71805
  3.19603
  14.1575
  22.9322
 0.207832
 0.608169
  10.5399
  18.9806
  4.62176
  13.1291
  18.3462
  11.7383
  17.6606
 0.123968
  9.51129
  8.50121
   5.3447
  11.8907
  4.81049
  5.88214
  6.40437
  13.3413
   2.8751
  1.54699
 0.636951
  1.93149
  10.8631
  2.68484
  15.3506
  16.3256
  15.6594
  3.25687
  0.68793
  13.4312
  13.1063
  2.16559
   3.0535
  1.08038
  10.0819
  2.98569
  18.9637
   18.815
  1.49938
  22.0955
 0.433859
  11.0633
 0.897051
  3.13833
  3.84521
  22.9523
  23.3355
  8.35503
  2.17154
  10.9333
  9.23041
  2.72776
  1.51514
  17.2874
  14.4608
  11.4583
  10.5144
    16.65
  14.3796
  19.4058
   7.9073
  7.39864
  11.0063
  1.47448
  9.51694
  6.60228
  13.6308
  11.1209
  2.74196
  1.61956
 0.535534
  1.82735
  8.79953
  16.6077
  5.97072
  18.7488
  13.0524
  4.74335
  11.0556
    15.77
  2.19375
  21.8091
  13.8743
  3.64191
  9.81465
  16.4492
  6.98509
 0.651738
  12.2767
  32.6345
  18.4673
  20.0559
  24.8438
  1.89664
  10.5666
  7.77268
  10.7806
  14.6059
  22.8368
   8.6169
  17.5943
  16.4737
  6.15787
  13.6335
  18.8377
  3.11467
 0.557302
  3.20852
  4.61582
  4.50911
  19.7732
  16.8093
   17.229
  9.55039
  22.6864
  18.1934
  20.2669
 0.470838
  8.56745
  9.13577
   21.499
   23.474
  21.6695
  19.1323
  13.9652
  21.4844
  33.5094
  22.4549
  12.3556
  9.83395
  20.3989
  2.77945
  2.70378
   23.046
   18.711
  22.9536
  22.7675
  21.0596
  3.72947
  1.25233
  6.17615
 0.905519
  10.8957
  0.49325
  13.1468
  10.6354
  7.11041
  23.0117
 0.441517
  1.79911
  11.9967
  3.12847
    7.495
  11.6334
  1.20796
  10.6078
0.0709927
  34.6703
  16.4434
  6.02774
  7.82239
  29.4646
  4.94945
  1.26693
  16.1978
  9.80329
  4.42535
  3.68783
  9.39037
   13.016
0.0260823
  10.2773
  3.42981
  1.28727
   8.7955
  11.6693
  24.4931
  4.46067
  11.6908
   21.623
  2.12731
  18.8853
  22.2792
   20.077
   6.4688
  2.33287
  8.94071
  4.30517
  11.9136
   18.098
  17.8684
  4.05552
  14.6342
  5.82503
  18.6417
  15.0595
  5.86798
  8.67121
  13.8163
  11.3097
  3.36096
  20.6164
  1.78802
  5.23782
  2.93967
 0.123968
  4.62031
  1.14407
   9.0638
  19.2339
  15.2318
   3.8548
  9.43185
 0.362604
  15.9323
  8.72052
 0.291444
  10.9999
  7.15408
  14.5362
  17.8243
  10.4874
  17.2995
  4.04668
  5.99214
  20.4534
  4.57195
  1.06395
  7.08389
   11.001
  16.5856
  4.18616
  22.1873
  13.2702
  18.1049
  23.8192
   20.608
  19.1217
  23.1786
  28.5238
  18.6954
 0.129756
  1.85703
  25.2755
    6.128
  6.08058
   2.0665
 0.460031
  2.39452
  17.4996
   11.344
  1.97994
  4.76238
   13.644
  25.1632
  22.3988
  3.74748
   3.8456
  4.28163
  8.66445
  21.0983
  8.39261
0.0285406
  19.8004
  18.7751
  6.06455
  14.1203
  7.75888
  3.59978
  22.9813
  16.9611
  20.4904
  6.34947
  17.1981
   18.008
 0.367744
  8.59037
  4.10798
  1.75859
  4.30053
  13.3366
   2.3334
  9.35143
  18.8408
0.0577335
  7.91365
  16.0773
  19.5185
  19.6238
  22.0449
  6.64679
  15.0718
  2.90249
  1.65082
  7.38905
  14.5129
  16.8155
  7.05962
  9.77374
  4.91924
  4.14219
  11.8099
  3.78555
  8.37942
  12.8967
  6.72061
  2.36916
  3.21368
  2.22882
  27.3551
  2.20597
  12.7747
  5.75658
  3.59978
  2.79886
  1.41329
  5.67501
  21.0727
  13.6819
  6.23082
  4.19057
  14.2541
  11.1409
  17.1945
  23.1499
  3.07301
   8.3615
  16.5738
  19.6595
  2.94251
  38.1635
  29.6257
  30.9676
  38.3332
  23.0361
  3.32147
  14.8526
  31.7535
  31.2671
  26.9385
  17.2146
  7.94997
  10.8066
  8.78036
  20.3614
  19.4023
  14.5883
   15.894
  3.38726
  6.61651
  20.1317
  28.7529
  12.3014
  6.10701
  28.6724
  4.70246
  31.9933
  17.4284
  2.64382
  27.2183
  17.6246
  5.76331
  37.8923
 0.414481
  5.16369
  2.37742
  12.0993
  10.6839
  7.64157
  17.9274
  3.07178
   33.168
  19.7356
  14.8041
  18.8221
   21.059
  12.3919
  29.7878
  27.0544
  24.9532
 0.523987
  17.0583
 0.406838
  13.6859
  32.7037
  31.1209
  5.92071
  32.0448
  18.4253
   34.437
  5.47447
  13.5996
 0.687459
  3.82566
  23.0295
  5.74122
  30.5117
  1.54743
   5.9164
 0.308622
  36.6657
   6.4923
  27.9582
  11.7346
   10.609
  18.3314
  22.7046
  17.7911
  17.6079
  13.3947
  32.8363
  2.72681
  15.1307
  19.5553
  5.79558
  31.9572
  32.5338
   7.8047
   4.8192
  6.20075
  7.46839
  16.3757
  29.6478
  12.1034
   24.085
  1.47514
  8.67321
  3.94176
  17.7931
  33.1259
  29.6573
  33.2246