   38.1318
   24.8949
   14.8958
   2.15542
   5.25564
   5.04653
   5.93114
    13.007
  0.986778
   14.9426
   25.0983
   37.7032
   33.0666
   33.6413
   35.9849
   31.6558
   25.4553
   38.2445
   33.1462
   29.3065
   29.6828
   14.5838
   16.2937
   33.7366
   13.7723
   25.1622
   5.79042
    14.985
    16.691
   14.2036
   17.7301
   2.66976
   1.77427
   19.9165
   18.7921
0.00239238
   1.67916
   7.14511
   14.9309
   6.39745
   8.74182
   9.16784
   3.49949
    2.4213
  0.327027
   6.13088
   9.63898
   3.88449
   5.64773
    11.301
   7.60083
   4.62251
   2.56442
   11.0395
   6.27445
   8.60208
   3.67223
   30.2968
   18.5321
   27.9656
   12.6451
    11.111
    13.551
  0.959632
    30.381
   9.24382
   8.57969
    11.275
   29.7686
   31.6428
   5.45171
   11.3933
   0.44516
   15.4142
   8.53128
   7.49619
   6.39472
   13.9335
    1.7135
   13.4177
   11.5374
   36.3232
   33.0256
   28.8697
   38.8503
   28.9917
   35.2496
   14.5871
    17.644
   26.1692
   6.54964
   4.64344
   11.7239
   7.69006
   11.3873
   18.4325
   32.0108
   1.99712
   1.13027
   1.07257
   13.2582
   8.42822
   15.9742
   7.44015
  0.469551
   3.33289
   36.2299
   28.3623
  0.260081
   15.7121
   13.0253
   5.20312
   8.20327
   9.87423
   6.68773
   19.4384
   3.52627
    3.8846
   31.7454
   1.70699
   5.34106
   24.7305
   20.9713
   35.2826
   1.05683
   10.3763
   32.4989
    25.192
   40.2747
   36.6523
   26.3254
   32.8229
   15.5999
   23.6159
   15.2615
   13.6414
   22.5296
   24.3048
   24.7911
   3.83715
   6.93922
   1.67744
    4.9572
   6.86699
   12.5673
   1.98351
   31.2848
   14.1767
   4.25507
   2.31878
   9.32584
   3.66089
   8.29347
   35.4951
   7.81535
  0.673891
   15.3445
   15.5207
   20.5869
   35.2085
   26.4554
   1.14424
   34.0618
   6.61823
   33.8069
   4.69425
   38.1973
   36.6785
   21.4686
   10.3763
   15.2841
   11.6449
   1.91464
   19.6466
   4.94653
    8.2214
   4.34779
   8.96063
   35.3336
   18.3814
   40.0844
   23.6205
   27.9806
    23.753
   3.54078
   9.67643
   8.03323
   2.56885
   4.31046
   11.9733
   15.7399
   14.5092
   12.7377
   33.2434
    11.799
   35.4066
   28.7653
    24.482
   35.0305
   8.45534
   4.87516
  0.736606
   4.69351
   9.97383
   13.2213
   10.6807
  0.665635
   1.08347
   7.67069
   6.40582
   6.49904
   7.90204
   1.39595
   10.0809
   9.23386
    4.9189
   3.78642
   15.5086
  0.671763
   1.60341
   8.28783
   1.59574
   1.19954
   7.78552
  0.238786
   5.71807
    5.6295
   3.21708
   7.14002
   9.07004
    8.2188
   5.67658
   3.11729
   4.96223
   5.53059
    3.1371
   9.95055
   9.35961
   10.3565
   9.29986
   3.87998
   5.60726
   32.4361
   6.40893
   7.00255
   21.1697
   8.54829
   1.08121
   8.49006
   3.21364
   27.9256
    3.6231
   3.13812
    9.8101
   2.60151
     18.95
   7.82775
   6.82604
   3.48192
   8.74879
   24.9828
   5.94195
   11.0624
   9.26918
   5.06708
   5.69886
   27.3017
   20.7839
   10.7541
   2.23985
   13.3065
   8.57718
   8.24232
   6.03384
   4.24015
   35.0248
   4.52846
   9.97151
   5.54911
   11.2694
   5.68731
   6.34937
   6.76047
   194.757
   5.53848
   23.0389
   12.5644
   3.21261
   0.10687
     1.596
   47.5383
   2.62633
   6.91579
   184.188
   6.65461
   27.5562
   2.33259
   48.3402
   8.80104
   1.17548
   8.69934
   30.8644
   11.2983
   5.47704
   2.47865
   3.09665
   8.70959
   4.27848
   2.32072
   20.1566
   11.4463
   15.1509
   1.24542
   11.0098
    194.53
   1.57856
   14.9212
   8.27994
    8.5088
   9.47772
    29.685
    7.0629
  0.765615
   18.6599
    22.422
   10.7124
   8.84479
   9.27901
   5.30117
   3.86348
   12.4714
   8.97384
   1.30724
   3.99722
   10.3436
   3.82627
   35.8093
   14.7541
    32.122
   11.8423
   193.586
   195.081
   13.2824
   3.41664
   7.34055
     5.237
   28.7918
   15.5612
   194.541
 0.0916284
   24.4404
   10.0185
   7.75203
  0.260203
   2.67997
   10.4577
   2.97586
    4.9519
   1.13352
  0.351538
   2.99791
   8.48953
   6.26387
   5.03885
   36.1386
   7.54267
   10.1665
   9.45919
   20.3303
  0.144975
   2.97422
   8.47125
   0.71574
    27.887
   13.0855
   12.0769
   17.3829
   10.2461
   14.8599
   10.2959
   2.80897
   54.3275
   7.18087
   1.02569
   3.57783
  0.884312
   7.46512
   6.45198
   2.53069
   4.15816
   11.2098
   4.38785
   2.90836
    10.254
   4.42713
   4.89909
   10.0732
   7.49469
   18.7964
   25.1638
   7.86633
   16.2925
   31.3496
   11.4586
   5.72963
   19.4915
   37.1703
   2.62111
   27.6197
   5.98414
    4.4799
   5.60198
   6.04816
   4.19606
   12.3572
   5.20545
    25.094
   7.50389
   8.04925
   9.11237
   28.5572
   4.54626
   13.8674
   7.58439
   8.79039
   12.3942
   31.2673
   10.4986
   8.26476
  0.606616
   6.36933
   8.06703
   24.3489
    3.4905
   10.1505
  0.786324
   2.49676
  0.458633
   1.21744
   2.23218
   1.90932
   32.3963
    12.573
   2.57634
   7.59181
   3.90955
   2.84628
   25.2587
   195.195
   8.94097
   11.6271
   1.72268
   7.18988
   6.98671
   6.59602
   7.89584
   16.7464
   5.50426
   2.11004
   37.6131
   7.30792
   4.14147
   27.4679
  0.090674
  0.702066
   8.27376
   13.3488
   7.63224
   7.50587
    31.742
   27.2639
  0.949366
   7.12501
   31.8801
   10.1498
   11.0553
   31.3393
    5.1187
   7.02461
   29.8267
   3.74995
   189.957
   194.849
   7.69871
   4.33602
   5.72985
   3.48037
   2.69225
   24.1038
   8.56006
   3.10896
   6.37337
   194.173
   194.308
   4.75146
   6.03089
    10.252
   10.7255
  0.731144
    10.339
   19.5902
   20.0294
   24.0185
  0.333933
     7.097
   36.0879
   11.2017
   16.8212
   5.32977
   26.1222
   25.6343
   194.595
   16.3002
   26.7987
   25.7721
   220.723
   14.8203
   6.72284
   5.25493
   23.7913
   3.54909
   21.0599
    10.035
   31.1045
   2.69953
   220.898
   7.97119
    4.1148
   4.95207
   5.26912
   5.53328
   9.15182
   10.9164
   1.27945
   9.46703
   6.06119
   4.89214
   17.4754
    22.905
   34.5961
   10.2402
   14.9186
   20.9448
   5.15502
   5.01312
    10.518
   24.5047
   11.7714
     15.54
   10.5047
    10.461
   16.1132
    6.8671
    7.7575
   22.0489
   8.51376
   12.7243
   21.4287
   10.6054
   0.89136
   29.7744
   4.93117
   15.0766
   35.3263
    57.695
   4.51772
   217.464
   11.9771
   10.4562
   5.44046
   33.5663
   16.6908
   9.49668
   72.8854
   73.3924
   57.3283
   3.95014
   5.51044
   7.16353
   2.38177
   3.15919
   9.04786
   21.7254
   7.48512
   9.04113
  0.245399
   2.97707
   3.65679
   56.3593
   68.4106
   67.7017
   63.1262
   27.3433
 0.0465163
  0.145232
   13.3318
   14.5984
   3.67001
   52.3988
   5.57548
   15.0896
    45.944
   2.93748
   8.26587
   13.5656
   0.13946
   2.99631
   30.6373
   3.24386
   58.7407
   41.7685
   4.95856
   3.93041
   33.6323
   2.14788
   9.89565
   13.6497
   5.07071
   1.71508
   33.4606
   7.78381
   4.94253
   11.1523
   217.506
   15.2106
   3.31323
   46.3223
   18.6681
   11.5898
   11.2762
   2.39035
   10.2449
   9.94773
   4.71015
   27.7239
     19.71
   28.1968
   7.26136
   4.56905
   16.2588
     41.15
   3.63454
   1.44175
   3.19718
   4.84243
     2.873
   10.5719
   22.2502
   3.07705
   7.27332
  0.453794
   6.25552
   0.31386
   7.34826
   11.0659
   37.9162
   22.6741
   6.31403
   3.52306
   44.6091
   85.3339
   27.3687
   61.6162
   22.9165
   48.4727
   56.1945
   29.2051
    52.383
   43.8985
   31.3245
   44.1902
   10.6152
   4.33962
   1.07969
   2.63856
   31.7282
   42.6922
   43.1788
   49.8972
   4.53648
  0.228592
   22.4776
    10.696
   2.85098
   5.20469
   7.45049
   35.3317
   1.51759
   3.08837
   3.64092
    72.953
   26.7892
   0.81903
   30.6002
   4.80136
   5.53615
   1.16715
    1.5873
    7.3098
   11.1447
   62.2849
   10.4996
   10.8546
    5.0857
   4.21093
   12.3846
   53.2496
   4.85973
   15.0528
   180.749
   18.9877
   11.1792
   9.13481
  0.963954
   22.1002
   18.4407
   1.90429
   4.87867
   36.4144
   78.9544
   22.1117
   9.16683
   7.15235
   23.5649
   48.0121
   30.3742
   6.48534
   25.0733
   1.05016
   26.8823
    54.944
   5.44583
   11.5306
    20.852
   9.58946
   62.5481
   22.9546
   2.80301
   104.416
    73.602
   12.8989
   80.4913
   37.0542
   36.4533
   29.9038
    47.727
   3.07191
   5.03437
   42.3514
   8.88469
   30.0162
    12.717
   11.7735
   61.9263
   1.42993
   51.1157
   40.1583
   35.6529
   2.33976
   56.5473
   5.87417
   10.6122
    3.4521
   18.3485
   1.14848
   14.4787
   2.79005
   9.62214
   68.7074
   61.6215
   45.5507
   24.6491
   52.3966
   41.6021
   79.3482
   56.1527
   75.2657
   54.7043
   48.2093
   59.2864
   51.2388
   3.79958
   57.3095
   18.9071
   18.3097
   22.0312
   18.2648
   19.9447
    2.9765
   59.6655
   35.6759
   75.8885
    75.564
   21.6457
   74.9618
   97.1693
   12.3551
   73.9616
   11.0062
   5.00199
   5.78901
   36.6007
   40.4364
   43.6108
    31.036
   196.146
   7.00559
    22.317
   45.4024
   27.1832
   72.0567
   78.6441
   3.15545
   19.7919
   35.4379
   24.9475
   35.1172
   1.82984
   6.13297
   61.1819
  0.853681
   7.98079
   7.80469
   12.8678
    4.6291
   68.8534
    82.202
   54.0561
   58.8088
   41.9577
   85.2449
   16.0858
   61.0097
  0.436025
   2.51998
   45.5419
    40.332
   37.8117
     21.79
   57.8781
   53.8486
  0.204393
   37.4179
   19.0262
   25.1918
   40.5634
   35.0835
   35.4763
   70.7262
   43.0357
   13.7501
   51.7775
   3.58918
   97.5808
   101.754
   81.6893
   58.0531
 0.0918316
   56.7014
   38.3957
   12.2378
   20.3892
   76.3717
   27.1161
   18.4383
    9.7253
   77.6429
   70.8395
   1.99151
   1.26037
   58.6085
   4.69169
   54.7747
   57.0442
   50.2795
   8.45511
   7.08931
   2.23094
   9.17542
   5.26615
   76.9174
   47.9377
   27.7129
   75.5452
   77.4422
    38.512
   57.6529
   8.70554
   79.3569
   77.9535
   8.11844
   7.77993
   59.6331
  0.760218
   60.4512
   71.7507
   45.6552
   5.13942
   3.46663
   27.6967
   38.0144
   78.0666
   57.0898
   13.6901
   32.7687
   66.3877
   30.9684
   14.4693
   82.3911
   63.9251
   32.1453
   55.0167
   12.0835
   6.16248
   69.6004
   66.7171
   90.9048
  0.353226
   77.1976
   92.5049
   20.3083
   9.98357
  0.243901
   45.7807
   7.37349
   33.2589
   1.27284
   77.5293
   14.9269
   21.6806
     11.35
   71.5545
   21.4702
   52.2729
   47.0649
   26.5495
   7.21167
   11.1065
   8.42575
   24.7716
    29.073
   21.3582
   36.3092
   98.2132
   1.01703
   4.17656
   39.3231
   78.3487
   89.8982
   2.56319
   8.31014
   1.08332
   53.7063
   11.2597
   87.9096
   73.4492
   81.6861
    63.513
   9.54179
   33.4745
     86.41
   56.7896
   74.4562
   80.7993
   100.228
   199.923
   99.8871
   18.9343
   35.0157
   56.1812
   45.1183
   94.7924
   55.4316
   54.6835
  0.448212
   3.70706
   3.68494
   81.5151
  0.937793
   9.43939
   10.0923
   94.6188
    84.219
   5.64745
   28.9093
   7.89832
   8.60579
   82.7489
   94.2262
   74.4996
   65.0807
   29.9576
   74.9648
   84.6784
   38.2468
   87.9931
   82.7129
   82.8919
   1.88576
   48.8548
   88.3723
   88.8784
   79.4594
   76.1161
   10.7515
   94.9402
   14.5678
   87.8553
   89.5849
   42.4414
   94.8517
   48.1808
   72.8359
   211.885
   19.2242
   7.77473
   78.5476
   87.5486
   19.4442
   14.2307
   91.1194
   10.3298
   39.7134
   87.7695
   26.2424
   51.6443
   57.0733
   56.2483
   51.8172
   185.567
   66.5004
   62.2078
   95.0823
   90.6123
   94.8324
    63.968
   66.1236
   31.6302
    44.392
   27.4482
    208.78
   110.318
   109.185
   69.1387
   94.5145
   12.3891
    15.073
   12.3093
   19.3833
   205.479
   204.736
   89.4665
   79.8482
   83.5378
   4.07747
   38.5578
   90.2173
    208.78
   45.4159
   32.3353
   27.4751
   209.069
   81.6802
  0.328256
   190.877
   36.6109
   32.6254
   1.73803
   99.7343
   9.61177
   67.0092
   7.19099
   8.82008