 18.3451
 38.1035
 59.6751
 20.2856
 59.7183
 46.7343
 46.7343
 39.0396
 48.7748
 41.9418
 41.7951
 45.7708
 46.3323
   50.57
 50.6892
 50.6275
 55.8831
 57.1359
 65.4702
 86.7915
 40.2026
  46.303
  45.964
 22.2138
 23.8479
 49.3289
 89.4999
 23.1645
  36.471
  74.871
 32.9136
 54.4472
 28.5633
 72.7244
 59.2052
 47.8094
 50.5883
 38.0703
 46.5219
 47.9506
 37.5813
 14.1799
 71.2699
 42.1024
0.922173
 43.7037
 80.6165
 13.3107
 36.0336
  49.428
 78.7037
 65.1003
 62.1609
 51.5973
 19.8942
 34.0708
 34.6857
 57.2107
 44.4447
  31.826
 42.8002
 57.5076
 81.7734
  81.175
 31.4223
  82.983
 18.7942
 44.7948
 55.5548
 89.4842
 58.4704
 59.2519
 39.5239
 42.4136
 20.5093
 62.0769
 10.2053
 63.2979
 5.50089
 41.8744
  57.924
 78.9967
 87.0135
 36.8413
 38.0706
 17.6323
 87.1953
 49.5382
 52.2205
 89.4999
  19.118
 22.5291
 33.3358
 19.1225
 35.1002
  30.335
  28.563
  65.246
 83.2141
 56.4205
 87.7684
 68.6199
 55.5458
  58.949
 58.7359
 62.1367
 54.3523
 47.6873
 52.3853
 63.5034
  78.945
 84.4408
 19.3724
 69.8426
  55.647
 86.4463
 45.0604
 58.0653
  57.677
 78.0172
 28.1625
 45.0158
 19.8726
 67.7215
 63.5551
 5.68772
  72.686
 48.4131
 44.1016
 36.8491
 63.3074
 48.4563
 50.1734
 2.18086
 29.7353
 23.9144
  38.338
 47.1762
 44.7944
 59.0638
  81.175
  78.184
 80.5853
 84.3229
 54.9194
 89.3709
 53.1979
 88.4096
 52.6804
 62.6718
 44.4883
 39.8494
 42.3015
 31.1681
 34.5475
 28.8064
 78.9909
 56.2028
 60.2322
 84.0345
 58.3913
 49.9685
 76.6006
 87.1808
 89.4617
 51.6198
 63.4857
 31.8975
 82.6516
 23.5834
 77.7208
 70.9686
 79.7886
 59.7684
 77.2083
 13.1128
 36.3008
  50.279
 48.1024
 46.9095
 53.1799
 49.1751
 78.1255
 34.5376
 89.6277
 51.3478
 29.2516
 26.1189
 12.0317
 56.9603
 48.7747
 78.1096
  11.403
 76.9888
 68.8032
 76.3438
 50.4504
 58.5162
 88.4013
 83.0067
  35.943
 62.5196
 46.4815
 22.9608
 24.5891
 36.6573
 49.3055
 47.3426
 33.8064
 32.7275
 79.7764
 69.2467
 76.1309
 47.0924
 47.0244
 40.5578
 57.2401
  66.616
  78.693
 60.1425
 39.1593
 48.3919
  15.531
 48.0456
 58.5293
 88.4713
 80.5761
 62.1863
 88.3275
 76.1411
  89.797
 61.7804
 12.6711
 43.6301
 48.3864