 19.9606
 66.4527
 76.4872
 51.1734
 61.3254
 51.1648
 75.7762
 18.3365
 45.7947
 73.0148
 66.2765
 62.3059
 61.3729
  17.653
 22.3492
 23.3435
 75.5086
      71
  29.623
 71.1018
 21.2138
 80.7775
 88.7365
  61.204
 73.3092
 69.1605
  76.621
 65.7794
 56.7013
 44.5182
 45.2791
 65.2745
 59.7687
 79.4335
 47.7278
 72.6512
 47.8528
 53.9118
 48.9509
 61.4302
 69.1748
 34.9968
 60.1529
 60.2897
 44.0472
 44.6797
 37.2917
 35.2748
 35.8438
 46.4866
 86.8699
 67.6099
 63.2932
 63.9718
 68.5913
 47.5563
 80.2954
 46.2046
 78.2216
 83.4657
 59.9507
 35.9978
 62.9492
 42.4295
 31.3491
 36.4339
 56.0017
  44.275
 64.4349
 78.9143
 67.6666
 32.1661
 68.8123
 66.0696
 75.4123
 74.3912
 19.8597
 79.1986
 69.0685
 68.7267
 72.6101
 29.2596
 72.2119
 60.5557
  19.797
 55.6121
 31.2057
 61.8612
 61.2711
 36.4634
 79.1993
  69.399
 63.7287
 33.3938
 34.4327
 51.9564
  27.175
 74.1296
 55.0226
 29.2827
 69.0979
 74.9543
 76.6629
 88.6768
 61.8088
 52.0221
 73.7766
  43.477
 45.7923
 55.4716
 55.9556
  66.894
 71.2912
 88.6341
 65.8402
 67.8485
 31.5506
 43.6674
 73.8221
 88.8346
 55.2473
 58.1614
 85.8824
 44.4548
 54.3701
 78.6945
  37.673
 43.0898
 39.9711
 17.2583
 14.8265
 81.2824
 59.9654
 59.8252
  56.501
 62.8125
 61.3193
 78.3591
 80.9263
 47.4516
 40.2675
 32.7561
 34.4792
 41.8692
 46.2821
 46.9484
 30.1221
 49.5807
 51.6342
 50.6289
 50.7982
 45.8905
 17.9653
 45.3561
 47.0315
 86.2504
  84.481
 78.7716
 69.1299
 55.4095
 28.6265
 76.6935
 22.4729
 87.6444
 87.2717
  2.5416
0.451108
 16.0837
 27.9324
 69.2866
 76.2649
 67.2175
 73.4685
 26.5529
 89.4353
 34.1319
 66.1794
 67.1011
  63.893
 47.5588
 15.7469
 76.4526
 68.7307
 63.0172
 56.5702
 28.3867
 50.8197
 19.8295
 61.8246
 83.6061
 83.5606
 15.3443
 47.7018
 83.4585
 80.0195
 42.3594
 67.1473
 48.3467
  63.605
  81.321
 68.4308
 77.6762
 85.8824
  46.783
 43.6126
 52.0263
 25.6065
 36.4749
 47.0023
 65.0721
 64.3116
 80.3952
 75.7126
 54.8228
 86.9998
 57.7591
 51.9491
 59.0993
 53.7988
 79.5249
 49.9417
 77.1925
 13.4017
 35.6497
 51.8591
 63.9005
 68.1141
 59.1505
 63.0235
 73.7766
 31.3258
 50.5206
 38.6044
 53.0686
  16.002
 65.2657
 74.3188
 71.0057
 54.0196
 66.3224
 22.7786
 85.5216
  52.923
 20.1191
 67.7466
 72.2742
   76.52
 49.2721
 77.4332
  59.997
 45.3799
  52.726
 44.4704
 55.4424
 65.8848
 75.4662
 87.8832
 65.3284
  58.481
 84.4543
 76.3332
 75.3952
 34.3391
 59.9847
 75.6397
 53.3818
 48.9051
  46.566
 38.7387
 48.5321
 82.9979
 89.0017
 57.7591
 73.1025
 57.3468
    59.1
  65.884
 52.9052
 65.4416
 53.4624
 89.2951
 62.5522
 72.7499
 59.0003
 66.4133
 35.4413
 43.2698
 55.2589
 85.1359
 58.7294
 53.3362
 70.3756
 76.3683
 62.6107
 48.4933
 49.2758
 31.5207
 32.8265
 59.5777
 59.8413
 71.2318
 88.6527
 68.8936
  45.453
 74.2742
 64.3146
 81.7244
 63.4828
 25.1174
  56.936
 38.0658
 60.0714
 65.0574
 10.0753
  69.276
 62.4035