 8.37283
 8.32132
 23.5173
  24.561
 26.7028
 27.1598
 27.4565
 25.5511
 26.0738
 16.6578
 50.4503
 50.4351
 39.5348
 49.4679
  49.447
  50.078
 49.6504
 13.2155
 4.93637
 21.6874
 19.2743
 7.15758
 7.34573
 7.79225
 7.14714
 12.9988
 13.3714
 31.3382
 8.35881
 7.67476
 7.70215
 12.6158
 12.3908
  6.2386
 6.01404
 7.25204
 7.38897
 1.90044
 1.73839
 2.33984
 42.4006
 43.6182
 22.6144
 5.71479
0.198919
 0.24625
 1.27943
 1.84382
 10.7669
 3.09737
 3.19418
 2.68809
  3.4617
 23.6132
 24.3879
 2.88446
 2.77035
 17.6409
 23.6373
 25.5415
 16.0881
 34.4799
   13.31
 12.7848
 19.9154
 20.0655
0.925454
0.116247
 24.0165
 18.3563
 20.0664
 1.94536
 4.32935
0.755846
 4.76309
 33.3868
 25.3107
 28.3547
 15.1939
  2.5908
0.158147
 26.1031
  6.2152
 8.71701
 4.21572
 1.44111
 10.9574
  8.1375
 6.32456
   3.248
 42.8708
 42.2098
 44.2337
 17.3097
 16.0492
 23.3852
  6.4593
 6.52027
 5.63036
 2.59272
 7.72463
 7.60241
 6.26553
 7.68139
 6.55029
  8.2865
 8.19916
 9.22689
 21.8819
  13.168
  3.3693
 31.2478
 7.21608
 7.66574
  8.2545
  9.7228
 9.84615
 5.50633
 1.53095
 4.34371
 16.5531
 37.3807
 24.3571
 49.5762
   4.067
0.319441
  11.936
 5.35281
 19.6792
 13.9409
 46.5965
 24.3954
 49.3869
 8.11123
0.764854
 22.8153
 20.4144
 17.6409
 17.7807
 1.65305
 15.5571
 25.3281
 6.70136
 10.1874
  10.369
 14.1086
 9.78302
 12.1017
 6.97784
 2.37957
 2.20393
 2.71911
 9.15165
 12.1859
 9.50832
 1.33582
 6.07604
 4.32346
 8.09671
 26.2253
 20.0128
 24.6133
 14.5209
 6.84772
 18.2549
 17.5942
 21.4901
 20.4994
 15.8122
 1.43623
 9.36205
 6.93914
 5.96396
 4.09073
  8.3152
 12.6454
  21.356
  6.6077
 8.90592
 24.2862
 2.96173
 7.87055
0.869987
 17.0447
 9.90216
 1.81495
 1.16751
 5.84596
 59.6543
 3.10261
 8.50778
 3.86357
 15.1547
  17.523
 21.3575
 35.7737
 7.39659
 6.51235
 3.74915
  13.004
 17.5612
 42.8707
  10.154
 2.97011
  5.4468
  3.6969
 51.1711
 44.4723
 14.3599
 29.7767
 25.6915
 19.6505
 14.5732
 44.9832
 24.5875
 19.3152
  24.471
 25.4486
 26.9354
 17.6685
 42.2589
 52.3962
 12.3305
 1.77013
 4.42437
 17.7255
 11.3203
 9.45276
 15.4612
   4.959
 17.1703
  22.587
 23.4741
 3.45149
 5.18042
 4.21646
 3.12726
 16.9997
 16.4607
 18.3905
 24.6587
 11.5637
 10.0179
 1.45723
 3.76754
 21.4209
 43.6494
 15.1345
 3.93502
 1.97932
 6.77972
 32.1183
 41.6711
 1.09127
 51.8793
 24.8286
 13.2914
0.860891
  13.381
 42.2622
 18.9559
 8.24936
 18.1737
 27.1625
 28.5904
 21.3315
 21.1611
 25.9319
 24.2787
 13.9761
 17.3468
 2.18072
 12.5978
 4.02218
 13.6836
 22.0284
  43.169
 13.3838
 9.79458
 12.3308
 20.6917
 17.6676
   0.421
 6.14856
 44.0007
 11.7137
  32.701
 3.62893
0.633677
 21.0267
0.643826