  6.78239
  4.03327
  13.7386
   18.031
  12.6108
  13.5116
  24.8415
  26.3017
  10.7046
  14.9585
  6.03783
  16.2209
 0.781666
  5.98109
  7.23072
  14.3814
  19.9496
   6.4031
  5.14927
  2.87733
   15.853
  2.46456
    5.884
  13.2088
  3.81532
  6.26958
  8.48462
  30.4502
  28.3451
   3.8905
   22.175
  8.41373
  22.6778
  26.3895
  24.1016
  14.2563
  5.90377
  17.0293
   21.333
  26.0038
  1.29455
  16.2971
  16.4857
  18.6402
 0.411117
  4.19066
  4.34446
  3.43251
  2.15888
  1.01951
 0.632459
  6.29498
  1.50408
  2.88497
  32.0481
  16.1287
  7.73206
  2.71941
  2.48308
  3.15408
  6.79976
  4.44807
  7.10871
  8.70339
  25.0863
  3.70362
  0.50506
  5.37503
   1.8366
  18.2657
  24.1123
  1.09956
  3.71806
  8.00994
  5.88478
  20.2428
  39.1432
  23.9002
  22.4071
   18.956
  15.0411
  15.4462
  4.78355
  5.87464
0.0546189
  0.57704
  3.08628
  1.68249
   2.9214
  19.6636
  18.1007
  4.06094
  6.48275
  5.63234
  14.8753
  2.52986
  10.5451
  7.89393
  4.28969
  7.43723
    14.55
  10.9485
  20.2467
  18.2773
  6.20996
  5.63491
  28.3872
  24.2204
  5.53506
  4.30754
  24.2452
   24.971
  4.24472
 0.820825
  6.93142
  1.03187
  1.50059
  16.0099
   13.997
  16.0839
  7.79733
  7.51629
  4.71276
  6.39762
  29.1109
  18.1372
  16.2075
  31.6536
  27.7061
  4.66376
  39.4138
  11.4836
  15.5427
  9.37108
  16.2465
  7.49643
  11.5555
  34.2997
  25.7687
  2.78875
  18.6161
  8.16554
  13.8985
  7.85601
  2.45197
  20.7274
  1.47565
  4.77999
  5.75808
  10.7986
  26.4961
  16.8659
  4.64582
  3.48765
   19.336
  7.48923
  1.70476
  4.88783
  6.19012
  1.42951
   7.0465
   4.6369
 0.874004
  3.82279
 0.757637
  4.87812
  22.4012
   33.499
  27.1036
  1.29184
  15.1112
  7.88085
  4.43296
  3.93578
  18.4115
  18.5936
  2.72299
  16.2336
   17.342
   7.5145
  16.6423
  32.7386
  3.85545
  4.53793
  5.70572
  19.4333
  3.46276
  5.31692
   14.923
  9.89182
  1.85602
  2.20062
   2.9967
  14.0557
  6.36479
  16.6934
 0.359776
  15.6726
  21.4381
  11.5352
  8.35469
  20.3504
  2.47324
  4.72015
  25.7784
  19.8384
  24.4846
  2.79755
   11.237
  4.35062
  24.4913
  4.28774
  4.59045
  26.2349
  7.95543
  5.31758
  2.70498
  1.27522
  18.8885
  6.14148
  7.46776
  16.2465
  7.01276
  9.50304
   8.3339
  14.1656
  1.91644
  1.60204
  8.76497
  7.14465
 0.508135
  5.81428
   2.0881
  1.47552
  13.9693
  7.41641
  27.4149
  3.86835
  8.29962
  2.14528
  8.62701
  22.0704
  30.8372
  2.65833
  5.14457
   7.8355
  9.76174
  12.3389
  5.66226
  3.10657
  26.8807
  31.9642
  17.0013
  3.52253
  23.2251
  2.23308
  12.5694
  1.24182
  5.44074
  3.78582
   1.6877
  5.05135
  4.84344
  6.27099
  4.71949
  6.53029
  5.67728
  2.99671
  1.23027
 0.836517
  7.09537
  9.10322
  2.40325
  9.47071
  1.62434
   17.936
  8.62554
  15.2876
   6.4768
  18.1743
  24.5341
  9.38902
  4.08536
  24.4464
  3.03345
  5.74811
  6.47345
  25.8635
  14.6289
  9.66027
  3.35209
  1.24066
    1.459
   17.939
  8.57528
  1.71943
  11.7555
  16.6954
  2.79078
  5.71587
  1.72371
  7.31377
   2.9089
  27.4244
  15.7737
  16.2118
  22.3695
  18.3663
  9.89596
  5.03536
  3.52014
  14.4387
  28.2975
   22.333
  6.31698
  7.37679
  4.66987
   7.9398
   27.401
  6.59938
   12.354
  3.97043
  3.63398
  4.02263
  9.52206
  3.49496
  8.23283
  2.10911
   17.939
  21.7743
  21.2705
  8.61996
  3.58097
 0.301408
  2.93543
  34.1133
  23.5706
  6.36507
  11.8348
  6.43423
  6.68746
  25.0896
 0.645566
  24.7934
  20.3403
  18.4368
  13.8876
  12.3461
 0.879347
  28.8417
  8.00633
  12.2713
  21.6671
  5.96332
 0.330265
  8.26412
  11.9662
  16.6327
  6.52887
  28.2306
  2.74368
  10.6381
  0.58546
    15.44
  1.96964
    33.19
  2.51549
  21.6269
  33.9976
  19.4068
   15.609
  31.5497
  3.74519
  19.3648
  0.22267
  31.6219
 0.916659
  8.83983
 0.517114
  26.0475
  4.80102
  4.74645
  16.8591
  12.5468
 0.795834
    1.562
  4.53987
  5.98906
  2.79433
  5.30824
  3.88587
  20.5555
  20.8227
  24.4157
  41.0566
  31.8977
  11.2074
  28.2546
  14.6584
  15.8497
   27.467
  8.39402
  12.7034
   11.666
  3.86196
  29.8354
  28.9137
  2.44361
  1.26243
  3.14472
   21.705
  2.23998
  16.8246
   26.675
  17.0737
  17.7285
  14.9588
  36.2514
 0.598686
  19.6372
  19.6301
  8.88422
  12.0638
  6.56565
 0.327585
  29.5901
  5.33086
 0.916606
   6.8225
   22.636
  4.46687
  9.59521
   15.914
  5.72412
  3.62247
  7.56928
  25.3901
  31.8509
  11.4297
  30.7854
  3.14391
 0.911914
  18.6968
  16.7507
  38.1441
  16.2405
  20.6086
  18.5128
   3.2429
  26.0348
  9.36893
  6.24529
  0.68862
  5.72689
  4.07541
  4.04916
  10.3946
   34.364
  28.7919
  35.7591
   13.147
  11.5337
   17.675
  4.65684
  36.5756
    20.97
  15.2063
  24.6392
   2.3677
  19.3471
  17.8432
  30.6826
  37.9653
  23.7603
 0.224753
  13.1107
 0.682095
  21.5182
  3.53768
  19.9189
  5.38419
 0.536746
 0.656793
  1.86847
  4.21133
  4.47137
  16.2581
  26.9864
  7.15287
  19.4106
     10.7