  21.3558
   4.1753
  8.11837
  9.17197
 0.350391
 0.501358
  11.3719
   9.9004
  11.0622
  7.41732
  6.59343
  2.73597
  6.29711
  6.27738
  55.1458
  42.7612
  16.0685
  14.6447
 0.855915
  6.12294
  30.4574
  24.6804
  3.45615
  12.1047
  58.3379
  23.3867
  34.5227
  36.0862
  23.8905
  9.53576
 0.573612
  10.6225
  6.32254
  12.2802
  9.04165
  7.23597
  7.59857
  8.90655
  2.53215
  8.40596
   7.7671
   5.5177
  10.4997
  1.42286
   11.978
  3.17328
0.0554377
  20.9473
  14.0434
  14.5632
  16.5232
  12.2811
  15.1678
  10.9887
  9.84265
  7.66955
  5.85849
  5.11412
  1.72401
   6.2096
  20.8554
  13.3567
  22.6965
  6.11842
  1.08358
 0.308987
   6.0783
   8.1488
  5.21828
  8.32179
  9.84805
  15.3148
   36.615
  34.9861
  23.0895
  35.5193
  20.8645
  27.2632
  21.5231
  30.2965
  1.08974
  23.7072
  30.0476
  17.6343
  19.3841
  15.8492
  44.0978
   9.2007
  3.29749
  31.6327
  30.4447
  17.2183
  23.6382
  20.7875
  25.8232
  10.4902
  14.0968
  8.12305
  15.5432
  24.1077
  2.34195
  5.27478
  17.6531
  12.2708
  16.7005
  19.0392
  1.49976
  1.32941
  1.42286
  26.1911
  30.5297
  21.6233
  22.9437
  10.2932
  48.4973
  31.2262
  37.2101
  8.73873
  3.65524
  11.6016
  16.1224
  11.8808
  4.09231
0.0464072
  6.10162
  12.4283
  21.1236
  18.9886
  18.6606
   4.5703
  5.01446
  9.69727
   10.914
  7.37054
  22.7022
  20.0948
  28.2259
  19.7512
  18.0409
  4.61489
  11.0191
  19.2971
  15.5802
  7.91828
  20.1989
  23.4002
  43.6394
   13.832
   7.6362
 0.139076
  26.0724
  8.04414
  7.21101
  1.43627
  28.2978
  55.0745
  40.0841
  5.04858
   26.239
  25.7164
  10.9413
0.0282465
  3.97798
  14.4316
   12.207
   6.9451
  4.26869
  8.68061
  5.83319
   1.6834
  32.2452
  24.2368
  51.3789
   55.043
  20.5498
   33.249
  23.1465
  17.4868
  13.7168
  8.34101
  11.3985
  5.01537
  7.55686
  19.5609
  27.0897
  3.38023
  11.6222
  6.22853
  6.48866
 0.126661
  10.3244
  21.0369
  27.9664
  10.8479
  51.9867
   15.812
  12.5138
  27.0063
  6.47411
  3.05422
  12.6778
 0.658353
  49.1855
  57.9368
  14.3285
  9.47352
  15.4834
  7.72796
  32.2456
   11.688
  8.69999
  13.8575
  7.94981
  32.8084
  9.36501
  9.16646
  24.6087
  14.7333
   13.147
  26.4833
  23.2189
  35.9987
  26.9704
  16.6002
 0.337769
  7.90713
  2.75524
  13.0562
  25.7389
  16.8516
  31.3384
  39.5073
  5.97491
  22.2134
  8.04382
  10.0972
  8.50174
  37.9047
  15.7872
  13.2694
  37.3713
  2.06327
  19.1644
  10.1165
0.0276887
  22.4885
  23.0791
  21.3417
  27.1432
  9.38258
  29.2453
  6.94476
  49.7178
  4.66428
  14.9882
  15.4609
  10.4919
 0.657245
  16.5934
  26.4221
   8.8324
   32.362
  36.6047
  4.53659
  7.10426
  26.2575
  25.4874
  44.1823
  54.8729
  2.21917
  4.45248
  11.5183
  15.1954
  28.1068
  7.40809
  15.8464
  12.2607
  9.09488
  13.3741
  1.26786
  10.4755
  37.6542
  20.2871
   16.387
  33.3201
  57.0938
  21.1396
  22.2675
  2.70985
  15.0189
  2.38977
  10.3738
  10.5958
  15.7449
  33.6384
  12.4661
  35.7463
  4.31571
  0.13622
  33.5286
  55.1055
  15.3087
  24.5295
  9.30569
  6.18139
0.0157245
  10.3723
  26.6593
  10.7497
  23.9974
 0.482183
   17.779
    33.54
  21.0738
  26.3305
  13.2647
  16.3636
  18.2378
  35.6488
  15.3589
  1.29937
  1.97977
  14.7101
   18.995
  28.9637
 0.238424
  30.2871
  30.3682
   6.4505
  37.9785
  3.67571
  35.6378
  16.9621
   4.8892
  10.1285
  9.54466
   9.8918
  6.20143
  1.75999
  50.4459
  18.0849
  14.5351
  13.2004
  39.0354
  2.17371
  33.6584
  23.8558
  38.3576
  2.14351
  14.4064
   25.807
  8.74788
  11.6059
  58.3799
  2.36411
  3.54145
  37.4121
  11.8443
   9.2039
  5.87729
  31.0668
  27.3389
  33.6043
  45.0005
   10.276
  34.4494
  4.20655
  55.9872
  38.3409
  10.3996
  4.49079
  11.4675
  10.4928
  6.01451
   15.109
  11.2034
  26.2147
   11.059
  7.74694
 0.359478