 33.6736
 4.78128
 5.76292
 4.20423
 4.65664
 9.29581
 26.8718
 27.2994
 30.5206
 16.5489
 13.0492
  20.021
 16.5132
 64.8913
 58.5954
 10.4848
  9.3223
 17.5127
 8.84371
 16.0506
 42.1047
 9.26903
 19.5604
 64.5907
 45.1781
 36.5848
 37.6373
 7.90019
 1.81441
 9.41768
 6.27781
  20.099
 15.4056
 13.4537
 1.61776
 3.70806
 1.04479
 4.12142
 3.28139
 11.9285
 4.18903
0.898954
 9.27788
 12.2589
 7.34271
 23.1654
 14.8173
  4.2124
0.658019
 1.18586
 14.4837
 7.13104
 1.44505
 3.85089
 12.9682
 12.5974
  11.758
0.275727
 3.05179
 1.81236
 8.64121
 3.31486
 3.97879
 15.5181
0.992159
 6.24092
 1.44113
 12.7023
 43.7316
 49.9343
 43.9813
 30.3607
 35.1056
 29.7351
 28.6264
 41.0999
 9.39141
 32.1719
 27.6456
 33.9883
 30.3877
 71.6883
 21.2127
 20.0845
 38.1818
 19.1113
 30.0637
 44.0188
 35.4359
 35.7687
 8.27119
  10.244
 6.18296
 9.73669
0.563398
 20.1341
 9.40401
 19.0388
 31.7526
  14.719
 10.5868
 3.28661
0.898954
 29.5173
 33.0425
 12.3408
 12.3567
 15.9688
 45.3052
 33.4238
 38.6829
 2.75692
 17.6354
 9.44279
 13.8382
 19.7485
 11.2571
 4.25681
0.534769
 21.6279
 10.1071
 6.55711
 2.45974
 9.64403
 1.29802
 18.8401
 8.62991
 7.65775
 7.57455
 12.5296
 39.0965
 31.0798
 44.1051
 36.3244
 31.9545
 32.7891
 20.0204
 21.8058
 9.96222
  9.9956
 49.6957
 42.8492
 68.2002
 22.8205
 7.29552
 18.1617
 46.4253
 20.5401
 18.0086
 36.3808
 67.2165
 74.5867
 22.8466
 37.8088
 26.6105
 8.05303
  4.5614
 0.24342
 14.8923
 3.52868
0.984549
 2.19893
 5.07458
  3.6043
0.643681
 34.3592
 44.4767
 48.4148
 62.4479
 31.0457
 30.8971
 30.0437
  34.439
 24.9298
 9.98693
 14.3269
 18.5218
 9.85194
 30.5358
 52.1138
 10.4256
 1.61895
 16.9591
 18.9546
 33.2299
 9.06586
 60.0619
 13.8644
 11.3721
 30.9715
 2.59547
0.111702
 22.0401
 3.70101
 65.0965
 66.5084
 17.6695
 20.3457
  31.041
 13.7974
 34.3595
 4.28766
 9.13974
 8.18114
 15.3652
 20.4721
 8.01946
 5.53744
 63.5195
 19.6195
  21.197
 30.2248
 35.8911
 26.2794
 29.5591
 26.2002
 2.01414
 24.6539
 20.8008
 47.6076
 13.1286
  55.388
 8.68169
  7.3487
 17.9801
  26.339
  7.4786
 40.8596
 68.9975
 16.2437
 7.45477
 20.8645
 27.3205
 7.63761
 26.8071
  47.868
 20.7969
 2.38758
   34.56
 41.6511
 23.3697
 13.3637
 22.2506
 5.81401
 5.58829
 12.3245
 57.5773
 29.1299
 47.4058
 51.3075
  36.144
  52.747
 35.1091
 33.5467
 52.5718
 4.68004
 10.1104
 23.4542
 28.5027
 4.01005
 12.5768
  44.514
 20.9175
 47.8139
 39.9749
 26.6835
 29.2369
 23.6926
  36.196
 44.4406
 49.3924
  36.973
 62.9533
0.438562
 6.73389
 7.42298
 17.8066
  43.918
 2.72103
 44.0482
0.708999
 1.76803
 20.0062
 17.5572
 6.05053
 2.26715
 4.56128
 40.5174
 35.1521
 23.1115
   41.64
 51.4164
 45.6095
 31.6829
 17.6989
 0.65235
 47.5507
 41.5805
 44.7168
 20.4541
 1.25189
 26.5568
 36.7224
 38.9909
 20.0707
 7.47972
 11.1605
 40.1042
 33.1862
 10.4141
 35.0718
 42.5036
 10.3801
 14.0181
 22.6231
 7.59892
 43.8872
 20.3281
 9.68219
 39.5287
 19.0669
 47.9609
 25.2264
 6.13249
 5.32056
0.401885
0.228454
   30.89
 41.4976
 45.7473
 5.09037
  6.0016
 1.42174
 18.7831
 14.4807
 16.1471
  31.104
 14.3218
 40.6436
 39.8708
  42.269
 20.6594
 3.86256
 33.1155
 2.38231
 2.43418
 36.5808
  47.082
  5.9435
 19.6858
 4.63047
  2.5122
 36.0959
 2.48189
 61.9078
 44.2312
 33.1586
 52.8997
 15.9544
 25.5017
  1.5172
 5.89939
 16.1994
 2.17392
 49.9859
 16.8107
 27.7951
  4.8342
 32.8591
 36.5616
 40.8481
 47.9825
 31.2072
 22.5913
 7.00212
  18.139
 7.82775
 33.2153
 21.8533
 48.5536
 43.9504
 27.3677
 75.9469
 1.56785
 17.5841
 30.6398
 2.62223
  0.1149
 1.88253
 6.12841
 17.1622
0.312836
 2.07182
 44.9182
 8.72006
 22.0865
 23.6663
 8.37903
 46.3871
 36.2646
 36.6963
 22.7245
 32.8545
 30.4338
0.250558
 42.7388
 50.6024
 32.9566
   11.91
 36.4526
 39.9729
 1.78436
 13.2294
 34.2898
 8.04355
 44.0113
 30.2638
 44.7209
 39.3975
 10.0249
 45.6142
 53.5234
 37.2148
 3.91503
 22.6013
 15.7349
 51.1925
 38.8978
 15.5569
 39.2545
 48.5038
 67.7343
 41.6387
 8.48432
 5.09735
 2.03666
 4.67984
 29.5334
0.120503
 8.43192
0.524156
 9.61041
0.298749
 38.9593
 43.9504
  46.111
  42.386
 43.0089
 5.38215
 51.6072
 50.2997
 53.4017
 58.7792
 30.7473
 45.9454
 37.6082
 1.95037
 45.2553
 36.4825
 48.8261
 3.48316
 13.6296
 33.5923
 32.3787
 63.0916
 61.8402
 31.6521
 41.1027
 21.4817
 23.2132
 49.2394
 5.90147
 6.79623
 32.2723
  2.6502
 32.4287
0.603591
 3.17477
 6.40339
 10.0963
  1.7184
 9.87743
 11.4038
 7.65039
 3.50655
  7.5159
 13.4524
 30.9858
 13.6448
 4.78858
 3.59814
 32.0185
 16.2382
 25.7798
 25.4163
 9.63217
 16.9769
 6.58764
0.930388
 13.8664
 19.1724
  10.934
 57.5656
 25.9939
 28.9599
 15.8469
 26.6903
 23.2373
 3.33144