  5.46516
  19.0935
  24.7739
  25.7948
  25.8305
  26.2817
  10.1623
   32.997
  34.2201
  3.22134
  5.80817
  2.18773
  4.78586
    5.079
  38.0559
  30.9495
  4.93195
  2.20769
  5.79162
 0.931733
  1.33868
   5.2039
  6.42323
 0.827872
0.0687054
  8.96028
  8.71689
  16.4179
  8.48247
  8.04788
  16.2272
  16.8901
  8.69477
  8.94302
  7.90284
  9.15336
  17.6754
  5.93122
  28.2267
  23.4472
   27.736
  29.3269
  24.9893
  28.5152
  11.1848
  10.4606
  18.2742
  17.7512
  23.1786
  15.5456
   14.401
 0.713719
  18.2187
  8.36299
  28.0585
  28.9709
    28.79
  21.4861
  15.0196
  22.8812
  21.4344
  10.2506
  1.21711
  1.87037
  2.08048
  6.85367
  3.53461
  2.59449
   6.5783
  4.74383
 0.304048
  7.36505
  4.74614
  29.7308
  5.50858
  2.36865
   11.581
  5.47539
  5.70462
  2.22101
  19.6683
  21.9272
  22.6392
  7.29145
  31.4025
  20.5983
  6.96692
   28.435
   25.554
  29.5671
  20.9318
  26.4636
  26.3692
  28.2267
  3.58379
  5.94809
  6.18698
  7.59791
   9.2846
  16.1431
  5.59037
  9.70014
   8.4199
  13.6216
   26.688
  22.3266
  23.5669
  30.8397
   18.941
  8.43267
  22.0492
   21.248
  21.0178
  11.3752
  6.67571
  4.88656
  5.81943
    2.182
  6.86827
  6.73308
0.0422837
  6.67442
  3.64628
  9.54733
  7.38349
  4.26735
0.0546577
  3.77916
  7.03691
 0.256308
  3.06128
  4.77021
  28.3408
  14.9241
  13.0049
  26.6639
  4.27355
  5.90763
  6.42712
  18.1464
  25.3986
  29.3713
  26.1027
  11.6506
  23.8797
  20.4792
  25.4282
  28.7577
  28.4686
  6.47088
  2.22105
  18.0968
  4.12588
  1.58049
  7.58779
0.0513697
    2.977
   7.9595
  5.69559
  3.39517
   10.111
  8.36651
   15.359
  6.16878
  28.5974
  3.84153
  14.2817
  24.7495
  25.6054
  29.7049
   5.2197
  37.9203
  27.4741
  24.4997
 0.617772
  23.4934
   22.812
  23.5946
  21.1928
   16.481
  15.5693
  6.82247
  37.8209
  10.9208
   6.4709
  31.1873
  20.6784
  16.2336
  41.0359
  30.7852
  21.5841
  14.8642
  8.70857
  22.7147
  0.87809
  3.60793
  3.99272
  3.40122
 0.178412
  7.65077
 0.388118
  7.04656
  22.2278
  23.8802
  7.71041
  3.80463
  18.6938
   11.961
  36.6642
  7.04192
  4.26799
  30.9235
   0.3654
  21.8255
  5.30222
  5.81876
   10.967
 0.047836
  5.60724
  8.49015
  18.3428
  18.4213
  23.7916
  3.26496
    15.81
  3.91414
  26.5313
  3.67731
  22.8925
   13.987
  21.5219
  7.06382
  1.81482
  26.8973
  46.3966
  24.6475
  1.93249
  12.9925
  21.6915
  4.30239
  1.22749
 0.596202
  26.0028
  15.1878
  22.5023
   7.9388
   19.616
  14.1632
    21.72
  16.3875
  15.7154
  23.4923
   31.349
  4.32952
 0.687935
  19.0396
  23.2917
  25.2958
  6.77961
  5.53628
  7.17302
  10.0103
  8.81959
  3.37606
  6.52729
  21.5433
  23.0533
  26.9414
  19.9436
  6.40829
  8.63873
   13.781
  5.33151
  24.1763
  28.9877
  14.7663
  23.4413
  4.64309
  24.4347
  17.6539
  3.49557
  16.2864
  40.1366
  17.7152
  1.24749
  10.9822
    3.583
   30.421
   3.6006
   36.172
  17.8857
  29.1658
  15.8825
  15.2402
   30.374
  18.8167
  32.4906
  9.31198
    18.64
  32.7961
  3.80153
  26.0792
  16.6968
  16.6222
  13.5903
  48.1436
  40.3557
  24.8619
  51.4613
  23.6649
  53.3977
  26.7737
  21.8449
  11.6801
  20.1466
  1.53368
 0.555798
  9.96003
  17.5478
  23.6586
  21.8559
  7.20155
  16.4457
  29.7365
  1.91733
  7.98471
  22.8231
   9.3429
  32.0549
  34.3831
  43.8821
  29.9522
  44.7007
   21.791
  49.7685
  2.56186
   5.3865
  11.0375
  46.6411
  15.3654
  2.06209
  12.6355
  8.10939
  3.32176
   14.623
  13.7871
  18.0852
  2.39681
  21.5958
  18.1958
  50.1222
  7.98503
   13.979
  25.8173
  26.3918
   24.459
  9.09071
  5.30912
  4.64834
  37.9188
  19.5303
  22.1661
  20.2554
  39.9847
  2.28627
  4.56996
  24.0084
  3.62864
  14.6009
  19.4804
  22.3928
  21.5645
  20.5464
  19.3552
  53.2594
  15.4808
   7.3991
  19.1202
  52.7142
  30.7066
  21.2403
  10.5511
  1.93291
  17.3261
  23.3801
  31.3912
  29.2353
  36.9819
  11.6506