  5.62575
   16.381
  24.1584
  26.1039
  1.56194
   5.2248
   12.859
  5.61654
  3.51572
  3.44907
   13.659
   15.298
  28.5584
  2.75157
 0.416379
  3.89717
  6.25709
  4.93203
  1.30344
0.0184377
   4.4154
 0.631501
  18.3794
  14.4331
  13.4457
 0.739204
   6.1278
  19.8127
  6.04778
  1.82424
  22.9107
  9.25776
  4.57949
  22.6062
  4.97933
  3.69333
  3.90343
 0.134915
  13.3388
   6.7523
  20.6215
  3.47392
  6.22233
  11.9669
  3.21546
   3.9659
  19.6589
   6.3679
  4.82894
  5.86799
  2.87516
  3.17192
  28.1683
  6.33795
  1.10834
  19.7736
  3.78864
  7.75969
  24.1944
  11.0382
  13.5776
  20.7015
  27.3564
  17.6732
  9.33109
  2.87875
 0.325955
 0.375463
  1.73327
  24.5047
  25.7845
  5.70543
  17.6171
  13.0901
  15.7522
  10.7926
  4.15995
  6.25889
  5.24106
  3.91908
    21.83
   17.091
  9.68215
  25.0459
  9.65484
  17.1274
  6.27022
  5.42168
   5.3564
  9.05311
  18.7843
  4.86567
  12.9429
  14.9041
  17.8043
  6.31208
  2.30625
  6.87973
  7.07179
  3.06933
  6.56569
  15.1304
  4.90812
  4.96189
  5.69474
  14.6257
 0.579282
  3.49162
  4.61294
  18.5158
  4.41617
  1.46464
  14.9133
  23.0187
  5.56662
  19.7576
  3.22754
  1.88505
  4.82068
  23.8906
  3.74301
  21.1566
  19.5041
  25.3892
  15.9391
  1.87303
0.0490876
  5.34064
  17.0972
   22.276
   7.7927
  16.9999
  22.4501
  11.9448
  7.71041
   9.7082
  7.83819
  17.4583
  26.5473
  13.3415
  11.4889
  7.54768
  8.54876
  6.45595
  16.8801
   14.453
  15.6162
  5.11936
  1.06204
  1.29416
  14.8367
  21.8616
   11.736
  4.55021
  16.1092
  9.45747
  14.2084
  5.19345
  6.13247
  1.28752
  13.7977
  2.00562
  4.28459
  4.49641
  10.0985
  3.51864
  24.1606
  10.9461
  18.2476
  19.8987
  15.6666
  13.0238
  10.3391
  22.0532
  27.0192
  4.57578
  9.87779
  14.4707
  1.52538
  23.3269
  7.83068
  22.7717
 0.523721
  3.61975
  3.00215
  9.64071
  5.28097
  1.44719
  3.34059
  25.5618
   19.277
  18.4231
  21.5844
  5.49243
  9.97203
  11.6575
  3.59443
  14.5236
  20.2999
  12.1189
  19.7679
  16.4559
  8.51337
  13.1028
  7.25979
  8.01252
  16.7953
  3.21632
  18.5518
  21.7116
  23.3615
  19.2266
  19.5669
  3.13319
 0.691499
   16.524
   1.9381
  13.1142
  1.07066
  1.61931
  1.49652
  5.16637
  9.41973
   16.374
  15.0531
  7.64554
  6.50941
  0.84451
  18.3045
  12.9648
  10.7805
  3.48789
  12.8168
   3.7892
  5.52106
  3.49394
  10.0157
  2.68039
  21.5933
  5.09779
  1.91892
  2.51763
   9.9662
  2.60899
  8.03059
  21.0777
  22.9895
  17.7705
0.0499707
  21.9916
  1.35893
  10.3176
  1.02289
  3.52405
  6.58828
  4.03129
  11.6764
  8.48668
  11.0967
  13.9194
  3.54887
 0.371861
 0.546117
  2.50586
  12.2626
  29.8361
  21.0586
   25.782
  2.73539
  16.0142
  18.0135
  1.06181
  10.7014
  5.82527
  1.59948
  7.20099
  4.38115
  12.0032
  8.63809
  2.46962
 0.566917
  7.29713
  1.61989
 0.965869
  17.4705
  3.61357
  7.55321
  9.27532
  7.19836
  4.83433
  2.17385
 0.229422
  1.57133
 0.806762
  2.46362
  4.21062
  11.2845
  1.44586
   2.0472
  4.59309
  5.37661
  24.4367
  27.8905
 0.801471
  25.9958
  3.71777
   4.8458
  4.02186
  2.62455
   1.3826
 0.170003
  11.9755
   1.7246
  7.18955
  2.99644
  8.29321
  3.21972
   2.8962
  4.77916
  7.69986
 0.243332
  5.18575
  6.91243
  1.16285
 0.209882
  8.40361
  9.78083
  11.1607
  3.37538
  4.36349
 0.203086
  3.53776
  13.6303
  9.09034
  5.05322
  2.35044
  3.53989
  14.8512
  3.41197
 0.920271
  2.57136
   2.6659
  12.7351
  16.0044
 0.280576
  11.0454
  8.47652
  1.58038
  17.0586
  24.3731
  5.56914
  2.27478
  6.69089
  8.61369
  15.2384
  8.79751
  7.57872
  6.21777
  8.30134
  2.40165
  24.4794
  8.90618
  12.3958
  16.2382
  9.22061
  1.16836
  2.12169
  1.91351
  5.61364
  5.03131
  12.1909
  7.37806
  2.86626
0.0927248
  10.5374
 0.181029
  2.34093
  3.50007
  8.80834
   30.555
  1.27659
  2.59622
  17.2022
  6.12707
  8.16787
   5.4172
  12.5011
  0.46506
  7.37058
  4.61923
  4.86581
  2.53901
  14.0695
  5.37343
  8.73068
 0.327713
  3.38455
  5.41101
   4.3015
  6.86453
  2.40449
  2.80953
  1.05935
  4.09337
 0.263246
  6.50989
 0.775494
  5.37826
 0.371088
  1.67799
 0.532258
  5.94136
  1.06322
  1.22773
  7.85649
 0.823639
  2.51276
   4.4281
   5.5535
 0.710913
 0.236039
  8.29031
  3.12054
  2.05978
  0.05735
  3.61619
  10.8204
  9.57186
  1.26183
  15.6412
  5.38496
  4.43473
  1.69691
  3.58257
  17.4764
  4.43306
  2.69522
  4.35286
  5.35816
  4.54204
  7.73062
  12.4765
  12.2627
  1.44471
  2.52866
  3.56255
  3.54569
  1.26077
  1.12819
  5.90437
  1.43637
  1.34863
  6.52382
  12.4778
  1.02837
  5.63959
  2.66184
  4.06289
  0.55706
 0.769609
     5.44
  3.00061
  21.9794
   4.2154
  20.3183
  8.46771
  1.12875
  1.74208
  2.98483
   3.4598
   1.1303
  4.70104