  28.8126
   24.275
  19.4182
   19.453
  24.6095
  14.8225
  14.9162
  44.3485
  48.9094
  40.8778
  40.8826
  40.4248
  36.3259
  42.7747
  7.60196
  7.79335
  3.11745
  18.8972
  17.9818
  15.9954
  16.5068
  1.79027
  18.8891
  17.4532
  1.19527
 0.705052
  26.4656
  28.1722
   7.8996
  19.3972
  24.8338
  17.2999
  24.1057
  45.0912
  35.9758
   13.469
  14.4299
  7.23659
   2.0879
  5.60084
    11.23
 0.717596
  9.99042
 0.123632
  16.8904
   16.491
  15.0028
  10.2692
  10.2099
  10.1935
  36.7226
  35.2158
  16.2962
   26.821
   4.7157
   32.578
  34.2938
  31.7072
  3.14698
  3.51849
  4.46787
  12.8321
  15.8345
  7.67561
  17.9283
  6.89262
  17.5626
  32.0082
  31.6637
  28.1185
  8.19051
  19.1024
  10.1864
 0.757539
  6.45337
  8.18174
  5.38805
 0.519744
   7.4444
  10.4507
  6.54735
  5.72665
  44.2404
  44.2538
  36.0793
  11.3289
  32.8704
  15.5884
  18.1751
  25.4037
   26.886
  22.9611
  29.6964
  17.6456
  23.4976
  22.8857
 0.175096
  3.49832
  19.8755
  41.8355
  19.2982
  17.3925
   14.533
  29.2972
  13.6224
  26.3952
  21.2977
  15.1954
  12.4965
  25.8237
   14.165
  2.31487
  9.29585
  3.90606
  1.04634
  47.9813
  12.6309
  1.47534
  10.9044
  46.7015
  13.5563
  40.3746
  41.7569
  26.1315
  22.6409
  10.1935
  25.7807
  20.5202
    16.79
  21.7314
  16.4954
 0.946895
  7.70973
  1.39665
  20.5159
   24.269
  12.3396
  2.04017
  2.71026
  6.53908
  1.58095
  10.4539
  2.86606
 0.403661
  10.0077
  11.1525
  18.6406
   29.517
  32.8621
  26.5049
  35.4456
  2.81683
  1.20181
  18.3869
  25.8204
  10.0599
  6.17637
0.0601036
  4.59498
  19.1739
  21.4104
  14.7709
  21.9851
  7.60799
  6.23001
  3.29525
  8.18681
  13.0324
  5.25973
  21.2914
  25.8258
  0.50442
 0.190604
  21.1669
  6.63862
  5.00385
  1.64341
  11.0335
   24.275
  16.0384
  35.1791
  42.9962
  2.06707
  14.5334
  44.2402
  13.0919
  11.8111
  31.7336
  41.6915
  24.5654
  22.8375
   29.302
  17.8316
  23.4743
   25.797
  28.6277
  27.5423
  8.55107
  15.4679
  19.9204
   9.0542
  21.5884
  10.0868
  43.5483
  17.0894
  19.7676
  14.3937
  25.1945
  25.3072
  27.2872
  5.38486
  25.9314
  13.1436
  13.8437
  8.36298
  18.6909
  14.8358
  27.5753
  13.0984
  5.73394
  10.3446
  1.57366
  19.1522
  6.30894
  24.3379
  35.6401
  47.3182
  9.23865
  12.9327
  4.54525
  8.70166
  35.9378
  36.3881
 0.467986
  2.89941
  19.4587
  14.5813
  30.4141
  23.3915
  9.27929
  24.5497
  36.9921
   9.7882
  3.64434
  50.0942
  3.39269
  1.20356
  17.5357
  25.9439
  33.2398
  20.0713
  54.4775
  53.6729
  1.79744
  2.80891
  23.5178
  6.82629
  6.01584
  16.8715
  10.5405
  5.03443
  8.30305
  6.50264
  2.21696
   5.8901
  2.66325
  2.07601
  6.68749
  2.69339
  3.84355
  2.34493
  7.95301
  31.2104
  3.35298
  2.70462
  10.7676
   12.111
 0.460719
  5.06858
  17.0023
  6.49883
  21.9686
   34.078
0.0511969
  22.7998
  13.7559
  21.3357
  54.8095
 0.913462
  5.10857
   2.8945
  13.2634
  9.90873
 0.135988
  2.19982
 0.969812
  42.8059
  32.8807
  4.61803
  3.53628
  7.93809
  6.26023
  52.1706
  36.1904
  29.3702
  4.59281
  17.6772
  9.46462
  7.38951
  3.69921
   9.7222
  5.21598
  40.1169
  1.01367
  21.8985
  9.62636
  7.42576
  8.96351
  53.6948
  7.20489
  7.78112
  22.1153
  3.21488
  4.62283
  5.70996
  3.01564
  5.36026
  8.98916
  24.0037
  4.89012
  27.4253
  3.20636
  11.3076
   37.704
  39.2532
   35.751
  37.7521
  9.45134
  10.2736
  5.43185
  10.2241
  42.5762
   3.2806
  5.47311
  8.05174
  23.6457