 8.79044
 5.74609
 10.0099
 10.8685
 11.9186
  12.121
 15.8793
 27.9975
 19.7469
 22.9066
 17.7638
  14.346
 18.4858
 17.2281
 46.2148
 36.9346
 15.0758
 13.1516
 13.1236
 19.6966
  13.712
 9.90475
 17.1638
 9.94865
 42.2806
 18.0294
 11.4211
 11.7959
 1.23747
 7.39065
0.752419
 6.14614
 3.54387
 3.14667
 5.55668
 4.80893
 14.4463
 14.8248
 2.28071
0.641177
 8.27468
 10.2722
 13.7019
 12.1892
 5.51631
 7.16456
  8.7172
 2.28762
 3.12298
0.482114
 4.39854
 5.33283
 1.22364
 1.95081
0.211952
 2.07369
 14.8752
  6.6136
 19.2109
 14.6963
  13.397
 15.7545
 3.90909
 4.27201
  7.3632
 1.28278
 3.15097
  39.076
 40.1823
 11.2971
 9.18541
 13.4681
  20.538
 8.16872
 14.0189
 17.7038
 15.1493
 14.6812
  21.093
 19.4527
  15.727
 6.99317
 17.5133
 37.1512
 16.5309
 20.7421
 18.2586
 14.7942
 27.8186
 5.30735
 6.19791
  5.0902
 5.28552
 34.8396
 9.99013
 20.3441
 1.25773
 21.4237
 15.0284
 17.4237
 12.2419
 11.7241
 8.27468
 20.9073
 24.5786
 6.47977
 7.78874
 2.88731
 34.2744
 24.1109
 12.5825
0.205214
 2.93876
  3.6099
0.488072
 4.77986
 12.4485
 16.3071
 3.81359
 13.7194
 11.0574
 12.6637
 2.99033
  6.9519
 8.08275
 14.8162
 2.50861
  8.5237
 7.80454
 13.4608
 7.17886
 18.9313
 20.5231
 11.0655
 23.9669
 9.62016
0.606542
 19.6361
 11.0141
 34.2063
 13.8201
 20.7475
 13.0607
 20.5649
 2.43562
 4.69673
 14.9734
 31.0835
  22.551
 55.6295
 19.8395
 12.6997
 11.9691
 13.6184
 10.8382
 15.4211
  7.0489
 6.33774
 6.53475
 14.9581
 10.2616
 10.7826
 8.50037
 8.94812
 18.5608
 36.0382
 40.0375
 21.2612
 16.9009
 9.49672
 19.9763
 14.4427
 7.29757
 10.6242
 17.0491
 9.83666
 22.9599
 9.89734
 20.8236
 1.66638
  4.1212
  3.2774
 11.4039
 16.9171
 33.7316
 3.40187
  45.111
 7.31309
 4.32319
 25.1871
 8.07976
 6.53699
 4.09046
  15.417
 42.6409
 50.5085
 2.19923
 6.90762
 23.4121
  3.8366
 8.94835
  21.143
 8.90159
  8.0103
  4.9623
 27.9786
 21.0889
 8.97566
 28.7696
 5.79915
 13.3252
 25.8021
 22.2614
 17.0304
 23.3604
 11.8784
 18.1404
 10.2539
  6.1007
 14.3283
 20.7811
 35.6153
 25.2234
 10.4524
 20.0965
 22.4195
 23.8579
0.158211
 46.6658
 17.9496
 4.16011
 39.7121
 18.8956
 6.60918
 10.6126
 8.94051
 6.12837
 31.3135
 11.7933
 29.6994
 25.4431
 33.1861
 23.6825
 36.1785
  7.3182
 13.8137
 18.6208
 10.1139
 10.3647
 2.40196
  46.761
 25.5152
 25.9373
 34.2582
 18.7501
 24.1711
 20.9906
 23.8966
 13.3554
 12.7982
  26.701
 33.3331
 14.0215
 13.2708
 22.6424
 4.00844
 42.7681
  4.4839
 8.90434
 2.34141
 7.07036
 22.8013
    10.5
  7.4824
 11.2778
 23.5502
 13.7235
 21.2774
 26.4443
 8.99915
 11.2809
 8.54701
 12.1237
 24.0797
 25.6484
 9.43445
 19.1957
 8.50644
 26.6265
 11.4407
 11.7025
 29.2877
 43.3925
 11.6384
 39.2387
 3.26792
 1.01878
0.209421
 21.3514
 29.4428
 7.67077
 40.1257
 12.3211
 21.6619
  10.653
 23.5813
 22.5998
  8.5573
 29.4505
 8.30496
 17.2294
 10.6329
 10.3172
 13.3566
 21.6651
 21.8146
 12.0688
 9.45475
 37.6059
 37.6349
 14.6665
 36.7722
 12.0692
 34.5769
 11.9326
 15.9518
 20.2553
 20.9529
 19.9407
 4.30955
 10.2933
 44.2803
  28.727
 9.74954
 14.8454
 39.6738
 7.02806
 33.8542
 22.9313
 37.4454
 8.62382
 12.8557
 25.8948
   21.52
  2.9945
  40.528
 11.2094
 6.05055
 36.1211
 5.60761
 6.58239
 12.8542
 7.93302
 17.4631
 9.91593
 5.53225
 23.2865
 6.30607
 51.2168
 36.7969
 20.0531
 16.7867
 24.0939
 10.7696
 16.0009
0.193941
 3.53586
 25.5515
 18.2605
 17.6694
 8.15574