 4.52673
 27.9343
 18.9792
 28.3453
 26.3005
 15.9044
 24.0765
  8.1573
 16.1847
 16.2145
 14.4761
 16.0227
 20.7814
 5.58546
 4.70818
  7.5383
 4.82858
  4.5586
 4.64294
 13.8782
 5.18133
 14.9917
 15.3816
 1.57361
 12.2143
 29.6496
 9.90564
 1.72745
 12.6561
 12.8757
 16.8802
 4.66067
 15.4242
 6.69543
 17.8638
 6.23124
 12.5768
 18.8567
  11.123
 8.52771
 29.2666
 28.2409
 22.2327
 19.2642
 33.0008
 30.3961
 36.4265
 31.3236
 6.73573
 6.72863
 2.22575
 5.91373
 34.5778
 17.6944
 6.35251
 18.7584
 32.4596
 35.9586
 20.5494
 21.7158
 19.3173
  28.278
 21.3488
 6.69322
 19.8263
 10.1732
 7.46999
 21.2582
 6.70934
 6.83443
 41.2304
0.595989
 5.08359
 5.31899
 4.01977
 1.19833
 7.72736
  9.2009
 4.26503
 1.69586
 4.49345
 4.42422
  4.4503
 14.3869
 7.40343
 16.3536
 14.9994
  2.8476
 5.07748
  1.5995
 8.49656
 27.1869
 17.5437
 7.72224
 17.9314
 56.3143
 4.38723
 4.41152
 33.9171
  43.517
 18.9028
 31.1409
 29.2666
 1.47188
 3.93505
 7.66153
 14.4364
 7.11505
 19.7364
 3.32244
 2.25456
 19.0454
 7.36139
 7.16233
 17.4645
 16.1044
 12.0945
 19.4441
 22.0184
 33.6092
   30.37
 37.8503
 31.8394
  17.981
 21.9005
  29.184
 24.2888
 6.55507
 9.82351
   9.152
 4.05735
 4.37163
 10.7777
 21.3489
 10.1992
 1.29924
 22.4384
 14.9559
 20.7875
 3.70463
0.259945
 25.9738
0.349163
 5.28641
0.560328
 13.2686
 3.15807
 17.9216
 24.7908
 25.1747
 9.49044
 15.2498
 41.2303
  1.0246
0.736347
 22.8585
 30.8503
 29.4346
 21.5318
 23.4849
  17.933
 29.6256
 25.8078
 24.1334
 29.1537
 1.23306
 7.33921
 31.7329
 4.31805
 3.00902
0.982652
 7.76183
   9.034
 1.93482
 11.7706
 1.32008
 11.5993
 23.2675
 5.96276
 2.93934
 14.7176
 35.1073
 7.99868
 12.4541
 13.2509
 16.1506
 4.82504
 1.85389
 36.2033
 31.8672
0.391176
 21.0558
 28.9568
 35.2533
 22.4643
 12.5093
 18.4296
 11.1405
 10.5575
 13.8865
 59.4422
 60.2849
 5.51117
 5.27963
 15.9698
 23.6762
  27.133
 17.7763
 21.0114
 11.0456
  3.7649
 21.8585
 11.2969
 16.1752
 19.1776
 14.2805
 27.3089
 12.8991
 12.8433
 21.0919
 14.4432
 10.9517
 16.1284
 9.47822
 20.8329
 9.41064
0.627719
 26.9372
 7.16024
 16.8323
 1.95087
 6.82585
 6.26163
 27.1957
 34.7188
0.551954
 1.63447
 15.7423
 23.1066
  23.363
 16.1938
 15.9487
  19.244
 10.5495
 27.0527
  4.3168
  15.578
0.794755
 10.8297
 7.89979
 48.4709
  22.896
 1.08832
 4.63843
 10.8132
 9.28053
 21.7149
 24.6553
 21.8505
    27.5
 11.8899
 32.8464
 6.68757
 15.9095
 26.9931
 15.2094
  26.808
 10.7011
 51.2781
 8.53918
 6.35806
 4.75915
 21.4867
 19.2382
 18.0131
 6.54017
 22.7137
 21.2347
 2.59084
 11.1848
 5.84397
 12.0387
 25.4424
 25.0838
 9.66004
 7.41736
  4.7733
 20.4994
 18.0077
0.608979
 1.34474
  20.306
 10.6738
 20.0846
 19.5372
  2.4596
 35.0337
 5.82249
 26.1273
 19.0177
 4.50837
 4.26356
 5.83323
 16.3007
 4.23978
 24.3644
 4.94867
  16.517
 32.8674
 21.8201
 27.7279
0.174565
 8.96789
 22.6886
0.769708
  13.161
 5.14492
 2.21459
 25.4919
  4.0907
 8.29163
 5.60014
 1.66602
 20.5178
 22.4919
 24.2519
 7.32081
 45.0817
 15.1925
 53.0338
 4.33029
 7.06663
 25.8343
 3.00643
  6.1175
 12.2477
 22.0668
 10.5422
  10.687
 3.52804
 5.43418
 4.45689
 12.7241
 3.66561
 8.77086
 7.54159
 4.79473
 1.79081
 16.6944
 27.8249
 5.16722