    3.70393
    6.24257
     4.4879
   0.138109
    7.29577
    3.81762
   0.443189
    21.1928
    21.2457
     15.914
    3.45285
    8.49018
    24.2577
    28.4306
     4.3445
    5.27413
    1.70779
    8.31763
    10.3149
    6.12126
    10.3902
    5.10874
     11.769
    3.92376
    6.42834
     5.7521
    3.48083
    6.54586
    3.40516
    10.2022
    6.29122
     3.4111
    1.66586
    1.66975
   0.725245
    4.95187
    6.13749
    4.22411
    14.1961
    5.79702
    6.49114
   0.691728
   0.933649
    2.85332
    4.97438
      7.119
   0.701668
    7.49964
    15.1655
    1.96232
    7.68134
     5.9478
    2.22063
    7.38106
   0.662612
    3.70385
    5.21663
    2.17914
    7.51866
    14.2996
    4.34289
    7.91337
    5.83478
    18.4928
    6.81308
    4.75295
    12.4486
    15.4846
    15.4585
    10.3978
    8.84296
    20.2862
    7.75317
    13.0163
    5.76757
    21.8147
    24.1644
     18.742
    3.39452
    1.99317
    1.66975
    12.6886
    7.29053
    6.01427
    5.50244
     3.8117
    10.4519
    13.0001
    1.59313
    17.0612
    5.71047
    2.29748
    6.24377
    1.18604
    3.44271
    5.83676
     5.1359
    6.64252
    5.88949
     24.067
    21.6288
    13.7245
     21.074
    9.04608
    11.3686
    15.7727
     9.8372
    36.6287
    2.34717
    2.19839
    3.60242
    10.7671
     4.2333
    42.1247
   0.491231
     3.7577
    12.1709
    6.77025
   0.407932
    1.71624
   0.724641
    5.90284
   0.342329
    11.5702
    5.24011
   0.833206
    3.52402
    1.77063
    12.5951
    13.1027
     8.4703
   0.266862
    16.3514
    1.43327
      11.21
    13.5397
     19.146
    7.71329
     11.296
    5.90925
    9.11871
    2.63508
     1.6377
    1.04454
    18.9707
    11.8655
    14.0715
    12.0829
    20.3644
    7.01426
    0.19475
    13.1718
   0.712641
    20.8147
    2.71645
    18.5138
    16.7512
    4.06524
   0.457231
    3.94505
     7.4704
    14.3679
    12.2874
    3.24326
    11.0898
    12.1343
    2.16126
    13.8164
    23.5323
    4.62465
    12.3593
    6.35808
    6.52196
    11.4016
   0.352994
    1.73078
    9.47024
   0.826954
    5.74259
    14.7477
    10.7618
     16.642
    12.3427
  0.0764247
    9.58896
    9.53437
    10.9186
    11.0214
    16.5637
    8.57681
    6.32436
    10.4973
    2.75789
    15.4998
    8.87648
    18.6023
    2.45291
    6.00387
    17.2013
    5.43936
    11.9712
    13.4068
    17.2727
    22.3722
    10.6668
    13.8333
    21.8135
    7.84732
     8.6006
    11.5719
    6.01821
    13.2746
    11.8253
    10.0109
   0.350025
  0.0810777
    4.30887
    7.71293
    18.5395
     28.301
     7.2286
     7.3588
    10.0448
    4.46551
    5.48728
    12.3945
    12.6427
    4.46042
    25.5782
    9.28587
    5.13706
     14.142
    7.72789
    10.7186
    4.87651
     1.1939
    1.52308
    25.8101
    3.67697
    7.81212
    11.1463
    11.9855
    24.8818
    29.9813
    19.0146
    1.21608
    2.24769
    6.64517
    8.46276
    3.59934
    2.75608
    6.78992
    23.2682
    2.86381
    3.15758
    10.6096
    16.8002
    15.2899
    22.7913
    14.4351
   0.949751
    5.47463
    16.0079
    9.64583
    15.2533
   0.562149
  0.0358934
    17.8243
    17.8102
    7.81159
    17.3085
    7.94797
    9.93652
    12.7596
    12.6009
    20.1371
    23.2672
    5.08118
    2.48325
    8.68348
    2.38295
    18.2696
    7.98871
    8.09765
    19.4742
    9.11401
    20.7059
    5.72631
    33.7739
    1.06795
    19.7064
    14.0253
    12.3255
    4.37465
   0.774532
    17.2872
    12.0642
    17.4788
    1.26197
    13.0895
    23.5182
    3.76185
    10.1412
    11.8467
    24.6424
    22.5829
    18.3681
    26.6905
    12.2512
    22.5199
    16.7203
    9.72828
     3.4003
     6.8198
    17.5108
    16.4865
    22.4698
    11.8193
    18.5697
    8.31509
    21.2263
    11.9589
    16.4055
    1.92469
    9.51473
    3.05123
    21.5953
    18.5033
    13.6047
    16.4143
    21.3271
    8.93054
    3.24146
     11.043
    14.9872
    18.5265
    32.6165
    10.1129
    5.18034
     15.853
    5.55132
    14.8525
    14.8391
    1.58843
    8.56437
    16.8458
    8.40165
    23.2803
    13.9736
    10.9711
     18.116
    13.3177
    29.8865
    6.59329
    28.4534
    11.4367
    14.3743
    12.5455
    30.9975
    8.37002
    3.25963
    13.6558
     15.483
    15.5842
    12.0137
    23.1078
    19.3672
    21.6637
    22.8814
    16.3325
    20.5653
    7.17323
    13.1174
    9.91695
    2.58088
    7.67528
    25.1732
    5.74992
    10.8998
    25.6636
    17.3262
    8.15017
    13.0605
    20.4856
     20.376
    8.68876
    35.9912
    32.0837
    7.02575
    20.7437
     21.746
     22.652
    18.2406
    10.0017
    12.9627
    10.8779
    0.32393
    11.5056
    9.09786
    13.7142
    2.29809
     16.978
    11.1392
    9.69739
    4.62295
     8.5687
    1.25076
    16.7526
    2.78627
    5.59108
    10.8948
     0.2841
    23.6777
    11.0138
    6.20181
     24.835
    15.6967
    12.4008
    8.63715
    21.6312
    7.52441
    9.06309
    16.9996
    15.9166
    37.7159
    1.80106
    11.1147
    7.99394
    25.0468
    11.8998
    23.2928
    25.0111
    25.0266
     4.1285
    17.3119
    28.7736
    15.0786
    12.3825
    27.6082
    6.86541
      25.62
   0.127329
    19.4977
    27.2541
    29.4003
    1.19578
    7.08311
    17.5113
    1.03327
    2.42851
     4.0082
    5.70238
    32.1381
      18.89
    0.15467
     8.1595
    7.65681
    5.17282
    5.93229
    11.2952
    29.7269
    21.9148
    4.31035
     30.829
    24.4309
    14.1629
    45.3836
    41.7502
    45.8848
    17.1779
    24.4252
    16.0037
    6.31754
    3.48742
    2.07128
    7.03194
    27.3339
    19.8597
     15.875
    10.4945
     15.852
    8.64536
    20.0749
    25.6097
   0.351922
    12.0423
    4.93991
    1.33611
    23.7519
    8.97507
    8.33683
    7.86395
    6.70347
    14.4693
    16.7412
     14.187
    6.36824
    10.6679
    19.6459
   0.180579
    11.0354
    11.4768
    14.1736
    19.6544
    24.1737
    8.24198
    3.32622
    3.12301
    3.43378
    9.21373
    20.2891
    26.1238
    2.24713
    17.2457
    19.5206
    9.36333
    26.2809
    5.14247
   0.499356
   0.168521
    26.3624
    24.1732
    27.8391
    20.0172
     19.134
    7.06117
   0.268192
    2.97387
    9.01169
    16.8646
    1.12594
    32.0562
    40.0231
  0.0277714
    10.8704
    3.68146
    3.97332
    10.1709
   0.153294
    11.6843
    7.97751
    1.91168
    7.84912
    2.96999
    6.09568
    4.10063
   0.351922
    23.0935
    41.8653
    42.7839
0.000541768
    11.2932
    14.0264
    19.5424
    44.7927
    3.79477
    23.1842
    47.0456
    17.0442
    14.9442
    29.5661
    11.0326
    17.0935
    51.0138
    22.5861
    9.18751
    9.48855
    36.0172
    41.7549
    34.1958
    34.1344
    24.1313
    1.83014
    44.3391
    45.7589
    47.3051
    45.0981
    50.5752
    46.5036
    38.6604
    53.9283
    36.3162
    1.17007
    41.5425
     56.829
    46.7299
    1.14594
    46.9961
    44.4934
    49.2197
    42.1155
    37.4442
    38.2835
    7.88198
    9.47763
    6.53873
    45.6907
    4.69562
    9.45269
     4.7261
    9.70643
    14.6691
     40.166
    25.5159
    46.8616
    26.0098
    15.7384
    16.7001
    48.1295
    45.1237
    39.4526
    20.8705
    44.7976
    39.7744
    38.0528
     39.112
    16.5441
    52.9901
    55.2107
     47.419
    15.0745
     44.814
    50.7944
    51.8089
     21.886
    17.9455
    44.2102
     14.756
    4.39923
    8.81603
     14.745
    25.5185
      40.02
    45.4238
    41.3024
    47.0276
    1.01203
    7.82697
    2.07159
   0.701195
    8.51169
    23.0286
    18.9488
    6.84928
    9.07656
    30.5825
    33.0497
    35.3582
    47.1263
    38.2006
    44.7743
    35.9437
    44.6849
    49.8016
    52.3337
    19.1791
    16.5132
    50.2818
    49.2748
    49.0148
    28.7911
    9.37595
    42.3706
    36.9251
    33.7059
    43.0404
    43.4566
    13.5394
    43.5402
    44.3393
    36.8385
    38.7679
     3.7947
    16.9253
    16.4389
    40.0231
    42.2213
    43.2734
    45.4715
    39.4963
    35.8261
    47.6146
    40.8298
    39.3461
    5.82126
    5.51508
    47.4406
    40.5708
    41.2472
    20.1617
     7.8738
    7.46481
    19.4968
    46.0577
    48.4657
    49.7049
    48.6564
    50.7664
    47.5387
    12.1775
    4.63433
    1.05201
    1.62608
    31.6878
    42.9607
    6.75082
    13.1024
    20.8734
    1.60418
    5.76224
    19.7298
    45.1039
    37.4395
    30.3312
    33.2378
    41.6001
    47.0788
    40.9487
    50.8374
    51.2757
    20.7283
      9.289
    17.1953
    45.1559
    37.2567
     35.218
    48.0184
    40.8037
    40.5076
    40.3038
    41.5689
    5.59343
    42.8192
    22.7538
    10.4657
    28.7151
    29.6156
    33.2427
    22.1932
    45.7063
    24.8524
    39.6986
    36.9211
    45.1071
    47.2213
    40.7495
    39.3915
    41.0994
    44.3213
     3.6925
    24.4246
   0.127085
    43.0316
    48.8667
    42.3653
    39.6121
     40.957
    43.4339
    42.1746
    45.8285
    45.2503
   0.896168
    4.99078
    4.06731
    38.5737
    40.5899
    45.6098
    40.6601
    13.3816
    11.6858
      3.367
      39.69
    41.4767
    42.4969
    44.5848
     44.104
    49.6409
    42.3013
     43.419
    29.9118
    31.2946
    31.0268
    48.0869
    42.4409
    44.7927
    42.7191
    45.2991
    46.2502
    46.4889
    42.8814
    41.7199
    2.44589
    45.0045
    53.9017
    19.7327
    8.10592
    15.2477
    16.2717
    22.2564
    19.0714
    55.5477
    42.0762
    55.8648
    46.3739
    45.4992
    42.3388
    19.5991
    39.1061
    45.8196
     39.565
    13.2076