  5.78872
   7.6497
  11.3719
  1.22488
  1.87972
  20.5754
  14.8098
  18.1832
  8.63604
  2.14223
  8.37753
  7.88333
  13.2113
  16.0214
  16.3167
  2.11215
  2.19546
  3.63737
  11.3545
  12.7974
  15.7387
  8.90586
  13.3384
  3.67587
   2.8725
  15.8285
  5.87716
  2.14665
 0.867601
  11.6575
  4.83206
   4.3278
  2.75232
  1.32139
   15.724
  2.72348
   18.537
  11.2546
   16.875
  2.26704
    19.33
  1.90153
  17.4876
  0.80293
  1.13714
  1.68602
  12.9436
  8.03447
  12.8329
  15.6855
0.0691839
  21.0259
  4.89883
  22.4506
  6.39233
  32.6996
0.0732983
  11.0049
  5.92826
  4.54893
  2.43631
  19.2603
  3.68214
  9.81124
  3.66492
  2.51364
   2.9199
  6.27789
  5.10298
    14.64
  2.48795
  10.4142
  1.23447
  4.90571
  13.7022
   3.5486
  1.72797
  8.66507
   5.4702
  12.4378
 0.886502
   4.5099
  6.53754
  15.0041
  6.58778
 0.365884
   13.043
  2.45005
  10.6288
  7.74109
  4.30611
 0.502995
  19.7494
  14.6473
 0.718708
  17.1663
  14.4973
   12.415
  18.3389
  6.99495
 0.369563
  3.61404
   9.6286
  5.61895
    10.49
  9.98624
   7.4513
  8.96186
  6.48288
  8.22247
 0.358937
  2.85764
  17.0643
  2.03149
  4.85109
  3.20514
  9.27683
  12.0837
  11.5246
  19.7491
  9.95642
    3.398
  5.12681
  12.2792
  4.77935
  10.8655
  16.7081
  1.44173
  4.46013
   3.0883
  6.57323
  7.00028
 0.244371
   8.0765
  1.88304
  4.63752
  13.1971
  4.01844
  1.04771
  6.41171
  6.13373
  4.21714
 0.599634
  7.62818
  20.6808
  13.2467
  20.9116
  2.23171
   10.477
  5.97942
  8.70334
0.0326327
  3.49387
   3.4209
  6.31317
  15.6596
  11.6092
  8.06644
  22.1037
  9.67269
   14.881
  2.29157
  16.4774
  6.68592
  14.4384
   11.805
  3.06308
  13.4432
   7.5126
  4.79213
  3.26232
  3.86563
  16.5746
 0.413914
  2.32716
  5.66776
  10.8011
   7.6068
 0.953179
   7.6645
  6.11412
  8.69383
  2.19943
  21.6398
  23.1453
  1.56316
 0.468692
  2.51169
   1.9793
  9.99805
  1.85286
  9.99627
  7.34786
  6.58201
  2.07822
  11.6359
 0.272846
  6.36779
  2.17004
 0.770698
  21.1996
   15.685
   4.6234
  8.61683
  19.4398
  3.21537
 0.574782
   20.125
  16.4057
  4.42327
  1.26617
  4.86099
  1.52529
  12.0959
  19.4621
  10.7534
  4.33922
  10.2929
  2.14784
  1.49954
  7.09094
  1.13984
  1.38995
  21.4928
  6.61337
 0.603253
  1.07742
  1.40475
  22.2434
  10.6609
  17.0992
  9.74929
  21.0728
  14.1103
  4.55756
  5.24138
  20.8211
  5.66787
  8.23884
  8.50811
  15.8008
  16.7141
  17.0366
   10.178
  3.81323
  16.8332
   16.166
  4.33181
  4.04886
  16.5632
   28.863
  15.5488
  8.31975
  8.78241
  5.26795
  8.76067
  3.82554
  27.0141
  27.6003
  2.12288
  15.7134
  19.4045
   16.447
  1.54536
   3.2809
  7.60549
  3.29396
   8.1032
  3.08818
  17.8107
  18.3578
   19.691
  11.0394
  13.1614
  9.69561
  3.81232
  1.60979
  17.7369
  19.4112
  18.3405
 0.389981
  12.3754
  2.54872
  2.93553
  5.39974
  15.7641
  17.2875
  6.85814
  8.40444
  28.6811
  9.01746
  5.40221
  13.0582
   14.664
  23.9356
  2.21028
  15.4174
   21.962
  12.7419
  16.5866
  11.8794
  2.77176
  5.82081
  2.37589
  1.61495
  14.4336
  15.4348
  12.9675
  11.8691
   9.4831
 0.215813
 0.772066
  5.45931
  10.9856
  15.6893
  19.9761
  10.4423
 0.915405
  9.32302
  1.50895
   33.088
  13.6369
  29.3735
  26.6629
  13.6751
  1.67383
 0.663994
  6.48923
  30.0501
   2.5858
  1.58032
  18.5958
  14.9958
  17.0398
  7.07343
  14.3277
  18.4909
  21.0828
  28.6811
  5.35549
  7.53698
  16.4416
  23.8493
  20.3284
  27.7465
0.0453261
  15.1942
  9.66515
  3.13481
   28.538
  9.63485
  1.91663
  1.77432
  24.6847
  23.4636
  12.9909
  26.0149
  23.3624
   14.455
  1.71335
  1.73136
  2.80402
  16.4299
  14.4256
  21.3149
  16.1772
  5.71956
  2.81845
  21.3174
 0.733715
  16.5014
  21.4368
  21.0622
  20.6703
   4.2461
  2.07336
  12.4779
   19.892
   10.108
  10.2943
  2.15899
  9.25837
  31.3577
  21.9182
  17.8684
  7.87005
  1.32166
  16.2901
 0.786099
  21.6729
  14.3514
  9.51928
  14.8123
  23.9375
  5.88774
  19.2832
  11.9563
  2.11533
  16.7122
  18.1758
  14.6484
  14.6955
  1.02382
  15.6351
  27.7154
  19.9853
  11.5686
  2.12471
  15.7753
  21.9866
  15.0083
  22.2993
  14.2631
  9.93785
  1.60044
   13.814
  15.3059
  11.8506
  4.97548
  8.87488
  4.51886
  12.7997
   0.7048
  8.74669
  13.7434
    11.97
  2.50041
  4.88885
   13.963
  8.19759
  3.04577
  6.23911
  11.7942
  9.30653
  12.6572
   10.456
  22.6176
  12.2266
  9.66708
  8.98529
  5.04402
  11.4554
  16.7665
  15.0446
  16.2955
  16.0238
  3.25148
  4.22293
  15.5333
  25.1242
  8.88865
  8.42121
  13.7623
 0.292149
  5.49954
  7.11184
  13.1133
  13.1133
  14.9053
  13.1858
  5.45842
   6.0333
  21.6897
  9.58171
  14.0983
  17.8335
  3.22777
  21.5673
  6.69017
  15.1485
  4.69612
  20.1926
  14.1906
  12.2717
  0.91053
  4.17521
  3.21473
 0.555561
  4.96222
  14.7459
 0.653786
  38.8899
  22.4028
  30.2655
  20.1208
  2.44692