  31.5667
  35.0965
  45.0615
  37.7599
  5.87594
  35.0067
  16.2092
  37.3071
  46.0979
  41.3106
  40.1019
  38.2804
  36.1778
  49.8739
  42.4201
  48.1023
   36.465
   16.977
    34.07
  23.6484
  9.92554
  5.43108
  1.05268
  40.1613
  14.8693
  10.9382
  50.8305
  16.9034
  36.3268
  47.0465
  44.8569
  42.8337
  37.0819
  6.18555
  44.1907
   37.687
   46.951
  43.0238
  43.2511
   44.008
  21.7704
  8.53014
  16.9077
  13.9019
  15.7172
   34.234
  42.7034
  20.4458
  13.2471
   28.657
  37.5703
  39.1233
  35.2908
   49.264
  42.4674
  14.5827
  1.79249
  14.4452
  10.6633
  8.38482
  20.3603
  39.7014
  33.2121
  19.9634
  40.1099
  48.8135
  3.75012
  38.6049
  25.8108
  43.0291
  31.4047
  39.5352
  48.3011
  46.2698
  0.17107
  32.2872
  3.94428
  24.5266
  9.00077
  9.24991
  43.4555
  6.29253
  31.3098
  28.6773
  19.3433
  56.2231
  6.51183
   6.5907
  6.54931
 0.941564
    4.696
  8.97675
  5.68983
  9.90718
  11.4497
  29.0642
  18.1881
  17.3918
  10.4921
  2.26944
  9.90646
  8.27221
  17.8337
  14.3831
  21.0398
  48.2848
  26.1282
  16.4036
  3.93559
  16.1847
  4.93139
  6.74165
  31.2472
  23.6397
  9.38136
  7.60258
   3.4248
  52.3438
  43.1146
  52.9859
  1.54646
  26.0305
  10.5387
   6.0303
  1.28263
   2.2687
  11.5023
  19.2146
  24.4166
  48.3876
  17.8198
  28.5287
  18.7206
  43.2323
  46.6697
  50.0106
  7.07269
    44.24
  13.8824
  14.4618
  10.8613
  39.4451
  39.1461
  20.4986
  6.89287
  8.43966
  2.91666
  11.7156
  1.88921
  16.1787
  29.9362
  13.0398
  14.4417
    18.41
  1.72372
  8.52664
  43.0309
  2.94898
  12.2728
  7.50102
  2.37661
   5.2183
  1.34156
  1.72141
  30.9257
  2.97673
   0.1871
  8.83309
  6.17042
  10.6273
  12.6651
  3.64688
  4.62187
  2.84771
  4.67999
  9.97285
   3.9977
  7.02767
  4.98532
  3.99655
  6.76148
  1.48614
0.0304496
  4.53519
 0.106073
  4.80752
 0.409162
  39.3916
  37.0984
   33.744
  39.5792
  6.32711
  2.23503
   43.924
  1.60296
   10.295
  29.3241
  29.1699
  15.9068
  42.6467
  42.7902
  38.3845
  5.01623
  39.7765
  38.4487
  38.7484
  12.6894
  7.48783
  36.9067
  3.59702
  3.50403
  17.6343
  9.58589
  1.63189
  2.42097
  2.24828
  4.51657
  3.90649
  3.32704
   1.7829
  6.66966
  4.43008
  4.91203
    9.571
  39.2751
  12.1194
  6.82771
  6.95419
  38.4631
  26.1647
    29.05
  12.1997
  19.9577
  49.4433
  43.2869
  20.9275
   25.108
  15.4589
   14.949
  39.0069
  7.88663
  15.5899
  1.78266
 0.831038
  11.5273
  9.68451
  49.1669
  45.8568
  8.75423
  8.44937
  11.6519
  5.95512
  19.6364
  49.6188
  25.4675
   4.5871
  9.70468
  12.4778
   2.6542
  5.42692
  22.0424
  3.67348
  37.8493
  40.0308
  3.87814
   15.596
  8.92962
   1.1814
 0.444874
  36.9588
  51.9533
  12.3806
  16.6079
   1.7751
  27.7633
  47.0131
  39.1662
  53.8215
  2.59466
  4.07131
  3.20171
  22.8577
  29.4471
  44.0271
  35.8211
  41.2823
  21.1736
  8.03046
  1.49888
  23.2157
  25.2825
  4.81367
0.0884462
  42.1154
  29.0561
  4.35584
  17.3725
  31.0473
  21.6232
  6.53297
  6.05411
  46.2737
  8.09885
  2.00034
 0.963214
  26.1249
 0.444873
  36.5348
  48.5004
  47.5518
  45.6211
  3.16124
  23.9347
  28.1804
  29.1856
    7.542
  1.41548
  6.74682
 0.591224
  2.01222
  46.9306
  26.0499
  17.3211
  49.2417
  2.53426
  2.84345
  35.4678
  5.53543
  7.15492
  55.8763
   7.6749
  2.42642
  36.5213
  8.97542
 0.176404
  35.1333
  33.8857
  28.0085
  17.6349
  15.8189
  34.5614
  34.6374
  38.5866
  42.8785
  3.64008
  26.3764
  34.2257
  3.40209
  3.02855
  20.6888
  24.5235
  37.1533
  5.98045
  6.70498
  28.8931
  26.0208
  4.89735
  7.32985
  12.8556
    18.13
   13.408
   62.039
  42.4414
  45.9781
  41.7071
   53.188
  4.31855
  5.43763
  39.3806
   10.809
  20.2479
  22.4438
  22.1806
  13.7067
 0.438517
 0.864641
  22.3573
  14.3337
  18.7861
  39.3584
  2.91601
  3.64138
  34.4718
  11.6728
  5.85907
  47.3692
  48.5405
  51.7074
  1.46935
  38.3699
  32.5575
   52.006
  20.6263
  33.6516
  44.0569
  45.8829
  44.6724
  43.3821
  6.74121
  55.4949
  36.5149
  5.00113
  37.7083
  49.8551
  44.7612
  14.2956
  16.9006
  1.78282
  3.96628
  2.64418
  38.8721
  31.7246
  34.6374
  45.2791
  47.3223
  46.8881
  17.6295