38.3012
38.4484
16.3929
17.0791
40.7985
38.6182
37.1731
38.4518
21.6291
2.90596
26.2768
38.4054
41.8939
32.9283
25.7456
29.3145
23.4354
 17.072
72.7002
67.2089
50.9311
89.7391
  89.74
89.7248
89.5029
79.6551
21.6407
54.0645
36.9101
38.0995
35.9806
27.0291
24.5255
 38.047
32.4074
19.5546
18.6899
73.7953
72.0169
89.0756
71.0696
71.0702
35.9007
82.3926
14.6057
18.1168
16.8937
17.4792
40.8651
40.3398
37.6168
89.7386
 30.787
51.3169
56.1704
66.1131
18.8794
5.82295
71.1702
39.9625
41.8617
85.7947
30.8838
46.1511
14.1485
17.7439
16.0491
 67.822
36.2616
33.9409
37.4655
38.1356
36.5588
 89.767
71.3832
67.2377
20.8098
33.3076
44.7872
86.4003
41.4732
 17.072
72.5631
22.2172
41.1542
19.7204
20.5597
3.82961
86.9153
89.0623
35.4638
39.8167
44.2634
39.0938
74.3493
62.9739
71.3845
 87.512
72.0165
59.0009
24.6507
 5.6976
22.2748
31.6569
15.4985
40.4592
37.3973
31.6497
86.1052
89.7414
89.7265
80.3218
77.3181
47.6268
 40.687
27.4974
86.8959
37.6908
35.1298
23.6779
25.7433
58.2085
89.7395
69.2329
 34.837
46.7528
29.4316
 55.499
66.0168
 64.353
31.3216
70.6595
8.59363
28.4469
88.5093
38.7229
62.9734
87.5102
 53.167
89.4444
71.3831
40.3358
34.1292
86.1043
89.7399
89.7248
59.5594
 84.385
33.5642
12.6221
22.4812
37.6899
31.1911
21.5685
80.9534
35.8239
 83.432
45.3953
 51.263
26.4502
 6.7044
61.5445
 51.993
83.8125
73.5169
70.7831
29.4313
81.0651
46.0327
45.2428
71.3837
47.6155
40.1812
63.2634
 51.993
86.0938
80.9692
89.7247
40.8064
16.7002
10.3064
57.7565
89.7711
88.9504