 25.8443
 10.9695
 0.71438
0.476987
 8.66889
 13.1715
0.198241
 36.2512
 37.4622
 11.7768
 10.2824
 12.5941
 8.86005
 8.92389
  8.6117
   3.622
 4.78943
 1.04054
 4.49736
 23.9582
 11.9899
 7.42248
  9.0925
 12.1597
 10.4296
 18.4037
 16.3052
0.926947
 16.9792
 10.4967
 3.67514
  17.801
 1.47508
 14.0021
 14.8813
 5.72425
 12.9425
 22.2278
 29.6446
 28.4844
 9.40501
 17.2595
 16.7694
 14.0611
 5.06621
 13.5535
 19.6285
 2.41632
 13.2959
 32.8793
 5.89166
 16.9225
 17.3224
0.231985
 3.25254
 5.42292
 31.2345
  16.264
 5.38892
 17.0244
  36.176
 8.77512
 38.0783
 33.0346
 16.2826
 25.8797
 21.9689
 18.4687
 7.27006
 1.95344
 35.1305
 5.90604
 12.0843
 23.3233
 29.8201
 29.5755
 24.0131
 15.6393
 13.0764
 11.6874
 10.9334
 7.48913
 14.8583
 30.4693
 19.1757
 24.1454
   11.19
 22.0745
 1.47508
 12.7428
 23.4733
 7.85141
 10.0672
 4.02179
 14.6254
 18.2737
  15.949
 13.1682
0.899658
 19.2786
 22.6935
 30.6752
 5.63923
 8.68333
 10.2294
 6.13654
 21.1726
  24.323
 22.8449
 22.8388
 23.6299
 5.56152
 13.6304
 5.65644
  7.9794
 0.85375
 24.9197
 14.7326
 20.1883
0.217988
 11.6124
 7.14815
 3.48582
 5.52089
 4.01066
 11.9169
 19.3438
 30.8461
 3.51013
  30.546
 35.3774
  1.8739
 23.1774
 14.7953
 30.1659
 2.49894
0.963633
 3.35761
 8.17371
 1.22875
 19.6021
 32.0515
 39.5824
 11.5741
 30.1754
 1.90816
 2.31357
 1.95434
 5.70211
 10.5323
 7.78291
 24.2897
 9.78167
 15.8974
 5.31673
  20.909
0.654076
 21.8427
 32.9754
 1.01732
 23.0568
 20.8609
 8.46439
 10.3405
 4.91386
  20.236
 1.30689
 2.61873
 7.56932
 29.7618
 5.17466
 18.6532
 19.6023
 3.24013
 8.70045
 4.73803
 6.17694
  10.088
  8.6002
 4.67253
 4.20802
0.910635
 2.10467
 13.1898
 4.30197
 20.8892
 23.6779
0.758846
 17.2604
 13.7142
 11.1244
 9.69168
 16.9903
  31.846
0.543947
 5.16914
   9.744
 17.9042
 11.2922
  2.2004
0.219289
 9.63976
 11.7604
  16.824
 4.22797
 21.6464
 30.7002
 14.4046
 11.3995
 7.51172
 5.56631
 8.24019
0.732619
0.372306
 6.11929
 5.64604
 6.57188
 11.3986
 8.85095
 21.2412
 2.16216
 19.4134
 3.81008
 25.6224
 18.4611
 6.32442
 24.4596
 12.4896
 9.96204
 25.4152
 1.33269