  2.08984
  11.2887
  12.1877
  15.9904
  11.2924
  23.1493
  33.5877
  34.7621
  14.4008
  7.06451
  1.44717
  6.40247
  3.54954
  32.9353
  7.91149
  1.21069
   3.2461
  5.68678
  12.0857
  1.73778
  4.57047
  1.71708
  9.59622
   11.478
  3.33329
  0.45414
   1.5512
  12.2086
  4.63277
  4.79797
  4.45479
  5.01057
  5.14182
  3.50004
  27.8475
  6.34248
  10.1151
  13.6204
  12.9355
  14.3652
  4.77866
   19.825
  23.2931
  13.9172
  3.67344
  5.99199
  9.54582
  8.49965
   5.9168
  6.71496
  3.10127
  2.58829
  8.44941
  19.8595
  11.9546
  17.8174
  20.5962
  20.6862
  10.6949
  22.3958
  21.2412
  0.52332
  4.13975
  1.13711
   3.9178
  3.41601
  3.95469
  11.1407
  3.35744
  7.27013
   4.2636
  11.1598
  6.03514
  32.6354
  3.65067
  3.35913
  30.4672
  5.45675
  2.02408
 0.382352
 0.573636
   24.043
  21.9586
  9.69724
  23.2397
  17.4879
   3.9296
  23.2623
   28.835
  31.6555
   24.731
  17.2695
  16.5143
  13.6204
  1.18801
 0.690722
  8.16855
  5.48034
  11.0854
  23.9079
0.0217622
 0.544123
  8.19916
  2.48354
  7.71803
   18.598
  28.9627
  16.1779
  17.5289
  4.55429
  12.0049
  12.0895
    22.99
  13.0608
   1.7249
  10.5665
  10.3092
  10.2851
  11.4311
  12.0302
  1.37746
 0.741629
  10.4078
  13.8413
  22.4823
 0.895976
  31.4073
  2.79518
   11.514
 0.643507
  9.84002
  5.22024
  11.8933
  20.2298
  14.5793
  20.5469
  32.6076
 0.176597
  7.59524
  3.65253
   21.599
  15.8574
  21.1466
   32.592
   22.406
  17.6835
  13.9438
   15.404
   18.586
  14.0129
 0.670134
  3.80708
  18.4005
  23.6642
  8.53693
  1.13724
  4.83334
 0.741477
  6.64837
 0.479564
  8.85924
  8.29715
  1.56886
 0.425157
   9.3334
  12.3394
  16.0973
  10.5075
  16.3535
  30.9308
  2.53283
  32.6896
  11.6091
  20.8147
  13.9927
  13.2066
  14.3837
  18.4047
  12.8012
  26.4124
  7.58055
  4.98882
  38.0212
  10.3321
 0.439374
  11.0984
   12.022
  21.4428
  15.1573
  26.8397
  17.9324
   10.079
  3.91701
  10.7066
  5.33869
  2.55027
  21.8696
  28.1266
  20.3135
  16.0369
  24.5358
  18.8169
  5.48176
  23.8788
  17.5811
  11.3583
   24.674
  3.75392
  7.34914
  30.7516
  10.5532
  32.9324
   14.082
  7.31129
  28.5723
  16.0048
  15.7937
  4.89938
    7.848
  3.55806
  5.52191
  6.92582
  18.9331
  21.3531
  12.1934
  13.6114
  6.63156
  13.0964
  16.1008
  14.0173
  3.82644
  32.5991
  15.5334
  26.5634
  22.0594
  22.8483
  25.3023
  12.6311
  19.2129
  18.6802
   8.5633
  21.1292
  9.42357
   26.242
  23.8952
   26.837
  16.4583
  8.85492
  12.4745
  22.9319
  17.3735
  3.62896
  4.76884
  25.1149
  26.3843
  27.1344
  13.0343
   23.331
  3.30885
  2.50056
  12.7263
  5.41754
  13.0731
  5.80738
  6.24922
  23.1577
  18.5339
  17.8493
  30.1895
 0.233619
  40.4063
   9.2935
  3.81819
 0.434674
  17.0227
  22.5704
   13.037
  17.2507
  20.6668
  14.7878
  24.7586
  11.3521
  19.3277
  17.5663
 0.942932
  23.1497
  14.1099
  29.6084
  11.3663
  22.7821
  11.3043
  3.36507
  12.8987
  8.59358
  3.36459
  18.9284
  28.2323
  18.5044
  8.60345
 0.458299
  23.7167
 0.290237
  14.0101
  13.2063
  22.2983
  2.56199
  3.53827
  13.6759
   27.232
  18.9625
  3.16412
  9.30027
  5.00245
  25.6367
  12.2032
  23.8566
  19.4715
  4.19364
  21.7989
  3.89443
  13.5415
  3.80724
  11.2808
  6.28663
  6.38879
  3.45352
 0.653359
  11.0494
  8.28106
   2.9101
  2.47907
  19.2469
   12.016
  14.8693
  31.1628
  31.9158
  16.9811
  8.31169
  4.65393
  31.9928
   17.761
  20.1478
 0.889757
 0.846234
  4.99517
  2.82514
  3.77505
  28.4059
  27.0649
  8.69354
  14.8868
  25.7086
  8.85503
  2.16353
  32.3716
  1.30059
  21.9373
  23.4494
  20.1151
  12.9009
  16.7319
  19.0898
  27.5245
  14.8764
  5.44686
  29.9667
  19.3809
   21.901
  7.44802
  23.3718
  21.8815
  33.0487
  23.0855
  11.9032
  4.81041
  5.53498
  12.8987
  13.8405
  28.1931
  14.3646
  3.04411
   1.2818
   14.069
  4.33178
  19.7158
  37.5323
  2.45002
  10.7064
  3.38702
  18.7679
  8.85503
  23.8573
  17.1362
  27.1163
  14.6321
  20.2986
  19.5588
  24.7647
  23.9818
  29.2953
  9.65466
  15.1366
  10.2924
   13.142
  11.3081
  19.6572
  11.0703
  12.7261
  29.4227
  22.6214
  8.24742
   8.0596
 0.191123
  17.7119
  6.52958
  30.3024
  22.7843
  9.57026
  6.69622
  13.0849
  22.0841
  32.7956
  10.7465
  2.24072
  11.8672
  27.4773
  28.9936
  23.3547
  28.4992
    20.76
  15.1733
  31.2812
 0.533667
  23.1041
  26.5153
  28.6915
  18.6609
  36.8041
  34.9465
  22.2618
   23.608
  14.6165
  26.6315
  16.1653
  8.55452
   38.538
  25.3148
  27.9434
  11.1549
  23.8915
  30.2678
  23.1353
  24.5285
   22.561
  20.3033
  8.62069
  18.4526
  4.97094
  6.85443
  21.4524
  9.38586
 0.840277
  22.8906
  3.14324
  4.77567
  23.5547
  21.3179
  9.97957
  7.79216
  2.02254
  20.1749
  18.5877
  5.77954
    8.356
  18.3444
  9.47906
  20.9895
  10.5504
 0.557151
  24.4829
  19.8605
  18.4706
  25.0558
  13.5589
  25.6714
   21.462
  22.1515
  10.4872
  29.8084
  22.8754
  21.4638
  18.8496
  14.6906
  3.56089
  26.3251
  16.0937
  14.6137
   8.0719
  10.9584
  5.32544
  2.95771
  26.6485
  19.2088
   27.108
0.0314343
 0.133188
  12.3034
 0.534426
  1.97985
  9.07192
  24.4872
  3.79472
  18.9495
  20.4266
  10.2182
  10.1703
  26.8586
   24.415
    21.02
  41.3458
  14.7755
  4.89926
  18.5812
  40.5509
  17.5927
  13.7915
  20.9746
  21.8774
  20.5306
  5.42857
  3.91868
  28.4753
  16.1135
 0.995023
  8.76992
  2.08266
   7.0465
   21.201
  21.7793
  3.55158
  12.8282
  11.4773
0.0628556
  17.3475
  18.7559
  11.4245
 0.624928
  11.1951
  11.0388
  25.7195
  4.15792
  21.1724
  18.8515
  10.8876
  19.3012
  42.0734
  15.2795
  40.2883
  23.2112
  4.65305
  28.2399
    19.44
  18.4249
  3.30934
  2.06201
  28.8557
  7.02634
  12.7956
  28.6947
  26.0351
  12.1187
  15.0904
  14.7494
  14.6054
  21.9713
  11.4175
  27.7312
   31.431
  22.8902
  18.2898
  24.6771
 0.667095
  4.63288
  26.4006
 0.679873
  9.57579
  38.1294
  11.1184
 0.444297
  4.17711
   27.486
  12.4241
  33.4709
  7.54696
  28.6427
  10.6685
  21.6218
  6.11099
  30.8894
  19.9298
  45.0234
  17.7147
  21.7723
  10.6386
  10.4129
  2.02922
  10.8403
  14.8158
  13.6566
  16.4036
  27.4846
  13.8209
  15.0632
  30.9046
  19.9075
  9.00441
  4.72827
   18.678
  3.25679
  22.7598
  12.1946
  13.8584
  19.3266
  20.4254
 0.710407
  21.5901
  15.7923
  30.1102
  43.6898
   31.373
  15.6796
    22.25
  22.6638
 0.623094
  9.36962