21.4196
 82.103
71.4491
71.6153
77.2975
55.7927
60.1147
58.8174
 59.556
59.5557
59.2439
11.8226
10.0403
11.1501
11.9791
34.5123
74.4962
17.8368
11.2469
10.8413
8.10181
13.5496
17.9189
10.8474
 12.556
56.8787
79.2977
50.4879
41.3919
46.8289
32.3034
14.3899
16.8252
20.0992
28.4568
28.7624
28.9811
24.7972
28.2083
47.2367
50.0858
28.0373
26.0835
56.9358
 57.111
47.2709
79.3949
 77.325
52.2314
62.2836
80.8366
81.6004
81.5505
 25.379
25.7057
19.7472
49.9611
24.2942
52.3154
40.3848
33.2006
18.1759
18.9246
62.4584
68.8135
63.8368
52.4696
53.3346
53.6268
52.0929
26.0671
 27.633
 29.803
24.5851
15.1778
19.0032
23.5002
 12.047
54.0637
56.1745
13.3267
19.3249
35.3989
35.0622
38.7798
26.0615
  27.28
16.6276
10.1405
35.8965
23.5503
11.1119
75.0871
11.0581
12.9206
51.3222
51.9338
43.4706
52.6729
 34.233
32.4416
60.4193
52.1175
61.9178
55.8866
 11.894
 14.354
46.2016
3.77673
15.4228
55.9829
57.5011
8.29676
 79.021
58.0606
47.2709
80.6776
49.5794
23.0776
10.8536
12.0719
83.5948
33.7554
41.3918
22.6317
11.1986
12.5622
 11.801
19.4138
5.20616
 20.996
77.2958
42.2316
80.8328
 75.226
70.2599
16.6464
53.0153
78.9386
56.2682
 11.883
12.6418
23.8172
19.0695
34.1114
23.5492
23.1049
16.8056
11.4046
19.4363
66.2154
6.18948
3.81762
6.39427
50.6255
55.8866
6.51542
12.4362
81.4569
53.6246
43.5267
49.7971
80.8969
5.81585
9.94797
12.3617
54.0637
24.0534
25.3483
37.9223
58.9099
57.2052
47.0696
42.7698
59.8446
51.0385
47.2708
44.9086
52.7903
 83.591
56.8787
18.8538
28.6385
 27.935
 29.634
16.5435
16.1065
14.5403
8.16142
20.9393
14.0835
11.3866
 20.343
81.7348
67.1895
14.2435
 50.976
33.4444
66.2999
5.85005
85.4253
20.0405
 81.321
75.4495
74.0948
 80.837
 50.516
73.4005
77.4305
19.9808
8.89006
17.1179
42.1561
81.9636
44.9086