 5.25738
 18.9393
 33.7839
 32.9016
 23.2826
 56.2753
 57.0921
 8.84401
 7.48984
 2.25463
 5.71777
 7.08227
  1.6233
 2.93029
0.364327
 6.40465
 12.3002
 5.41079
 2.75326
 13.7415
 41.1889
 2.39676
 10.7411
 12.1824
 38.4908
 21.3242
 12.8534
 6.08482
  21.873
  9.1305
  10.104
 9.99182
 20.1963
 21.8651
 34.6829
 6.31322
 14.7258
 11.9411
 34.1058
 25.9797
   20.92
  39.564
  23.506
 24.4631
 27.6451
 23.7149
 20.1038
 12.0814
  14.139
 21.4128
 11.5601
 14.8991
 1.16221
 22.1157
 29.1721
 22.5042
 29.6022
 31.9174
 11.8965
 6.32427
 21.3689
  21.515
 17.7608
 42.2796
 28.1461
 24.8575
 9.15232
  2.3691
0.157147
 6.88348
 4.23635
 12.5091
0.358455
 5.78405
 13.6282
0.961765
 5.68109
 48.0216
  9.5684
0.380982
 26.8324
 24.5473
 1.67374
 15.6922
 16.1199
 41.9023
 20.9774
 16.3338
 21.8238
 21.5294
 35.6516
 19.3407
 8.55535
 19.0201
 46.7417
  40.292
 42.3607
 24.5021
 25.2834
 11.9411
 6.18737
 8.10996
 3.04986
 4.04037
 12.9452
 28.8667
 10.8446
 13.5669
 16.9254
 9.51345
 5.51499
 4.56082
 33.4186
  14.415
 21.9147
 32.1257
 30.5766
 26.5055
 3.92482
 31.7708
 23.3222
 7.75507
  3.2258
 4.03109
  11.868
 3.21073
 5.58617
 7.11504
 13.7992
 1.31864
  2.0502
  7.4186
  7.5934
 7.22093
 55.6207
 2.73456
 10.3688
 1.53846
 17.6646
 21.9046
 8.17042
 15.7788
  41.993
 32.7936
 2.05101
 10.3874
  9.2709
 25.1047
 37.0028
 37.6949
 23.7572
 32.0514
 12.9661
   11.58
 16.3235
 12.3704
 10.8215
 16.1069
 31.1192
  37.987
 1.98203
  5.1307
 5.90691
0.396812
 18.3652
 5.96827
  6.0526
 4.17166
0.880175
 13.8594
  14.886
 1.13736
 19.1403
 7.00463
 23.0591
 9.49171
 28.6989
 62.3948
 22.6227
 57.0599
 26.8911
 23.0764
 11.7043
 15.8112
 21.8126
 11.8098
 20.2385
 8.55506
 11.4175
 60.5573
 2.10479
 10.8218
 29.5784
 14.9988
 17.1433
 51.4826
 33.8151
 15.3608
 43.9481
 20.6986
 22.3689
 11.8616
 9.61622
 13.9808
   13.81
 3.57463
 3.32612
 18.1288
 4.86736
 1.02333
 30.1762
 18.6839
  25.211
  16.135
 36.6168
 42.7346
 21.8871
 23.4398
 12.1725
 3.56273
 45.5194
 35.2718
0.986463
 8.72793
  46.099
 23.4351
 21.0784
 8.50061
 2.98673
 1.01304
 13.7794
 10.2891
 46.0196
 33.0416
 1.74862
 20.4171
 19.8717
 32.5259
 14.4894
 49.4877
 25.1808
  41.922
 11.6662
 14.8046
 11.9933
 11.4135
 62.4347
 15.4601
 11.6058
 31.8995
 1.90867
 2.20476
 16.5318
 15.9234
 7.70087
 6.61953
   19.91
 27.8828
 19.5003
 17.6906
 21.8909
  12.546
  38.054
 19.8493
 28.3368
 39.3113
 6.53728
 1.62001
 24.9895
 13.3132
 23.5961
  4.1041
 18.6918
 16.4654
0.682282
 4.16644
 12.1768
 1.37223
   23.76
 35.4384
 30.0714
 12.9553
 28.1772
 29.1104
 34.3533
 29.8967
 39.6865
 30.5593
 42.3675
 8.61022
 15.6322
 32.8435
 28.0491
 14.8241
 11.8157
 19.4482
 35.9359
 4.24226
   4.854
 7.26022
 21.8096
 18.2993
 25.4857
 42.2933
 15.1546
 19.4223
 13.6139
 34.8401
 33.3537
 17.9023
 30.8356
  7.4997
  44.942
 11.4159
 35.7117
 20.7054
 23.8402
 26.6461
 49.8334
 14.4042
 13.8425
 54.6501
 11.9201
  58.454
 23.9653
 10.1902
 27.2017
 15.0004
 1.27289
 15.3756
 11.7399
 18.8382
 26.2611
 9.57698
 33.3282
 26.9225
 29.6322
 0.96425
 27.3051
  19.304
 7.31492
 22.9433
 11.5345
 8.41112
 48.9286
 35.0433
 46.1113
 42.7049
 20.4764
 6.22517
 59.6319
  44.458
0.882063
 40.9347
 15.0028
  13.309
 45.2265
 1.57641
 1.63696
 21.1062
 21.3705
 3.20363
  49.369
 6.06568
  13.403
 24.6305
 31.0176
 19.6722
  19.086
 32.4829
 1.89774
 5.22411
 23.9122
 31.7949
 26.4573
 40.6444
 41.8498
 4.95162
 22.6567
 29.9736
 21.0037
 4.78596
 28.1735
 28.1896
 38.6219
 15.8282
  40.773
  8.7768
 9.47918
 46.2182
 24.7598
 29.4177
 12.7679
 29.3335
 44.9701
 12.2371
0.036559
 13.5514
  34.263
 39.5583
 17.3173
 28.1737
 42.5585
 28.2978
 48.6284
 40.8475
 4.49728
 24.7005
 20.3033
 25.9393
 12.9505
 21.6584
 15.0759
 15.8112
 23.5617
 21.9761
 19.7862
 1.80746
0.302662
  42.293
  34.212
 29.5014
 33.9016
 46.9423
 10.4675
 48.3498
 34.9374
 11.8543
  42.501
 9.34428
  39.508
 36.7412
 30.1819
 37.9354
 35.4782
 8.30798
  11.045
 46.8967
 8.00721
 54.0616
 5.24787
  15.263
  12.833
  49.448
 5.89033
 20.7718
  9.8097
 21.0729
 12.4418
 53.4789
 11.8687
 8.31996