 6.04216
 10.5202
 2.10485
 4.79004
 2.79182
 10.3814
 17.2542
 17.6349
  18.262
 18.0335
 10.2231
 2.96396
  8.8377
 15.3508
 17.4067
 10.1422
 23.0932
 25.9067
 17.4846
 4.67391
 13.1814
  18.149
 20.6562
 14.1195
 8.41369
 4.69717
 12.1747
 12.6349
 2.52131
0.105255
 1.77849
 3.91113
 6.98487
 7.80959
  4.8892
0.836579
 10.1181
 26.7676
 14.7064
  7.9128
0.944705
 21.8774
 17.0794
 24.5569
   9.501
  3.8033
  8.3391
 25.9824
 10.3597
 6.32803
 2.93072
 21.4924
0.811466
 7.99754
 9.93266
 10.2793
 23.7207
 18.9857
 24.7877
 23.6146
 7.40898
 19.8613
 1.68033
 6.25864
  19.619
 9.05581
 21.9576
 2.47573
 16.5504
 14.5792
 23.7462
 6.22791
 1.27721
0.914121
 19.3941
 6.57421
 19.2707
 19.6125
 19.8968
 1.53848
 2.73453
 9.55009
 4.17095
 2.92307
0.965674
 23.5178
 7.65753
 1.45317
 1.21713
 10.6504
 13.5787
 20.9012
 11.3863
 22.6983
 11.4001
  10.765
 28.2362
 2.88797
 19.6382
 4.48812
 8.42141
 4.31134
 9.93245
 1.78342
 6.05785
  5.3139
 5.30271
 8.13424
 9.61108
 10.7868
 3.73596
 1.24281
 9.63878
 18.0862
 25.1635
 9.41175
 18.2242
 1.73652
 8.87092
  7.9689
 9.19715
 2.40943
 24.3391
 19.6283
 16.9512
 5.41373
 7.62323
  3.8594
 9.77829
 7.31908
 13.6473
 16.7125
  21.794
 23.1061
 8.28098
 7.94172
 4.78153
  4.0741
 9.42404
 8.16747
 17.0309
 21.9415
 8.78619
 10.8638
 23.3845
 5.19677
 5.26854
 7.57617
  20.021
  14.948
   13.47
 12.1975
 8.13337
 11.3232
 36.6983
 39.6086
 37.8817
0.536664
 9.09262
 6.36694
 14.0168
 23.6593
 21.5591
 1.68128
0.991107
 12.6412
 7.28426
 9.26567
 8.39509
 11.0535
 15.5795
 14.4221
 14.6293
 37.3212
 11.0716
 13.5116
 6.49434
 22.4146
 6.94525
 21.5425
 5.37177
 9.11856
 15.8795
 24.5722
 7.32634
 4.43175
 10.1213
 5.98234
 4.78325
 2.59796
 14.9435
 2.07918
 12.9692
 14.6114
 38.3068
 3.22974
0.838385
 24.7333
 2.44675
 21.3702
  10.264
 8.50932
 13.2768
 2.74381
 5.42124
 4.32199
 19.2736
 16.8584
  6.1355
 7.10086
 11.6786
 15.7845
 12.2769
 6.34635
 17.5382
 14.2334
 2.49971
 11.4608
  3.1823
 22.5673
 37.4726
   5.651
 12.5861
 7.79329
 1.19531
 13.7927
 13.1016
  6.2081
 4.24731
 11.1155
 3.97267
 1.03211
 12.0613
 2.46249
 2.94347
 5.07757
 1.50442
 7.77416
  40.772
 7.27426
 2.97257
 11.5269
  16.884
 13.4695
 11.3933
 5.06755
 9.38008
 11.7306
 10.2886
 0.53568
 10.6037
 9.21655
 23.4426
  21.188
 4.93459
 13.3858
 2.25105
 13.7123
 10.4631
 25.2784
 7.68741
 13.1603
 4.12495
 25.7348
  0.1142
 20.4646
 23.8328
 12.3778
 6.71057
 9.25139
 19.9682
0.743477
 10.8034
 10.7313
 9.44726
 2.61782
 13.0017
 11.5074
 24.1495
  8.3531
 8.95813
 9.47113
 9.99385
 2.14852
 1.09296
 15.6311
 11.3167
 14.1217
 17.6363
 22.2048
 1.41119
 31.1382
 2.33876
 2.23905
 10.7583
 2.23745
  4.0721
 33.3691
 3.71383
 1.90406
 9.72032
 14.2152
 1.01039
 9.88391
 5.39146
  19.884
 3.87508
  32.714
 13.2999
  22.272
 6.62702
 11.7934
 3.65068
 46.5283
 33.1959
 5.57481
 2.99634
 5.24812
0.138737
 10.2729
 5.91679
 6.15291
 8.90024
 2.31844
 10.6089
 13.9166
 5.53136
 1.39286
 2.41198
 4.00038
0.383275
 10.0451
 10.8729
 14.4737
  6.7504
 12.1376
 3.81084
 34.3823
  3.6329
 15.2947
 6.24528
 4.89862
 2.43652
 36.7898
 5.21824
 2.43099
 17.9883
 2.79371
 4.06858
 31.6094
 31.2168
 6.22345
 1.20068
 31.5089
 2.81016
 37.3714
 4.85749
 26.2392
 3.13233
 4.82439
 21.1411
 7.35795
    11.4
  12.513
 1.62639
 26.6639
  18.765
 10.9947
 25.8382
0.852144
 1.04495
 2.60788
 9.58529
 8.36559
 20.5571
 34.4838
0.547636
 4.38396
 28.3544
 30.0547
 22.6216
 10.7979
 20.7356
 7.69501
  20.779
 5.86557
 5.38294
 33.9015
 1.37599
 26.4176
 8.17304
  7.7826
  2.3724
   9.006
 11.9216
 25.3399
0.991193
 4.81018
 22.2048
 53.8381
 21.0974
   4.289
 12.8525
 9.97855
 3.61747
 12.4931
 6.32923
 3.27559
 4.04471
 2.50664
 22.7571
 23.0177
 8.49364
  3.1971
 9.17188
 8.42471
 1.11206
 32.3605
 17.4314
 16.5088
 26.9634
 12.9732
 41.0492
 1.51787
 10.6214
 6.65975
 6.00228
  11.585
  6.9447
 8.79437
 4.62842
  12.229
  6.6255
 31.4775
 53.3588
 52.1452
 8.50785
  53.649
 8.24331
    50.1
 40.0897
 43.4275
 56.2463
 48.0195
 49.3543
 1.38367
 55.0101
 3.02859
 17.7686
 40.4963
 50.7465
 16.7227
 40.4068
 11.3041
 13.6386
 48.0606
 47.9435
 52.1991
 54.4296
 16.0558
 7.32519
 58.2186
0.570556
  47.765
 52.7786
 52.0623
 49.9205
 21.8667
 52.4941
 52.5229
 8.42925
  16.576
 41.0407
 49.0397
 45.1713
 48.8326
 44.0957
  68.131
 34.9829
 5.54636
 6.53191
 6.72084
 46.0484
 31.4493
 46.8544
 44.0954
 49.6262
 10.9706
 50.9409
 47.5941
  0.8761
 48.6372
 49.9213
 5.21189
 34.7305
 51.7316
 49.6803
 51.3342
 7.50842
 11.7973
 45.3222
 43.6353
 49.8639
 53.5086
 48.8176
 25.7596
 59.3866
 17.0265
 6.60211
 54.8108
 21.2224
 31.3676
 48.0589
 50.7435
0.235124
 42.2666
 28.8774
 40.1764
 37.4356
 28.7451
 41.0389
 11.3597
 34.1765
  48.752
 53.6744
 11.8207
 46.6453
 51.1242
 53.6853
 50.1313
 31.0282
 51.6792
 27.6129
 53.5862
 51.3075
 53.0541
 53.2719
 16.8066
 7.87409
 10.5326
 30.4206
 29.4731
 31.6447
  55.271
   33.35
 48.3705
 48.9147
 32.3597
  2.3691
 54.4278
 49.5503
 47.9616
 48.9134
  50.356
 5.65186
 46.7432
 49.8405
 49.4828
 52.0493
 49.7547
  53.583
 49.2457
 33.7283
 47.8305
  53.259
 31.7468
 56.0516
 31.2215
 34.8386
 38.0647
 6.32226
 36.1548
 30.6809
  44.531
 53.1642
 59.4763
 32.8871
 58.4391
 28.1553
0.798256
 5.49563
 34.3036
 6.84139
  52.789
  14.838
 54.1623
 42.4806
 25.1267
 14.7072
 24.0507
 33.1637
0.962965
 39.7501
  1.8765
 37.8819
 35.9709
 7.82495
 8.92315
 3.67884
 51.2826
 16.1063
0.141082
 41.6934
 8.28524
 52.6177
 39.2051
 55.4565
 53.7817
 51.3966
 6.83012
 41.4368
 15.3476
 19.9596
 47.7044
 50.8445
 40.4595
 11.8625
 23.4588
 15.3733
 46.8902
 36.8829
 48.6399
 51.5261
 29.7309
 30.4209
 10.3669
 39.9009
 52.4819
 26.4169
 16.2256
 51.3825
 27.6332
 17.0049
 44.8497
 49.0141
 25.0379
 15.1861
 54.4656
 2.80589
  53.637
 52.3016
 49.5064
 46.4916
 52.5933
 16.7508
 54.0662
 53.7714
 10.8144
 26.4014
 12.0054
 37.2493
 15.0804
 21.0574
 21.5571
 5.11655
 4.63729
  48.624
 48.2496
 6.81433
 48.6893
   12.72
 51.3637
 11.8017
 6.03558
 23.4673
 42.2175
 14.6031
0.146642
 15.7453