  6.13756
   22.951
  17.5307
  18.6315
  17.9259
  3.18594
  47.5814
  48.5517
  9.69457
  2.83506
 0.318716
  3.10357
  2.12115
  35.4928
  3.43018
 0.434299
  5.76283
  1.47896
 0.189741
  3.74172
  7.93952
  1.02611
  1.67749
  7.75112
  7.95157
  10.3658
  15.8913
  8.99829
  5.49393
  5.65365
  16.8524
  15.1335
  13.8761
  15.3157
  6.77697
  7.58038
  9.59617
  14.8204
  19.7777
  22.0127
  22.1097
  24.4677
  25.7592
  6.55267
  5.94735
  12.4005
  5.86221
  14.4106
   11.623
  10.3812
  4.19888
  9.17288
  21.7932
  24.3609
  22.6223
  20.3757
  21.8557
  26.8181
  6.00789
  19.8358
  16.5219
  8.58667
  3.14128
 0.759328
 0.555706
  7.91852
  2.79686
  3.37083
  4.98449
  4.29694
 0.647813
  5.21555
 0.613479
  32.5897
  9.06527
  2.17318
  15.6436
  15.0069
  7.76536
 0.719436
  15.6278
  17.4025
  17.1602
  8.19257
  40.5474
  14.2594
   6.9526
  21.1306
  24.6021
  17.0112
   20.054
  18.4287
  18.2694
  9.59617
  1.38875
  4.43887
   7.0824
  7.37586
  3.57995
  12.4485
  4.01113
  8.87536
  9.24089
  15.2618
  14.4869
  20.5661
  19.6709
  16.6364
  19.4327
  14.8873
   26.397
  24.3429
  26.5084
  11.9823
  5.16083
   5.6823
  5.33746
  2.51172
  5.28225
  5.66304
     3.61
  8.91868
  5.56801
  4.57508
   16.851
  4.28013
 0.596342
  3.53256
  8.54362
  1.52959
  2.44204
 0.814661
  20.5584
  12.1145
  37.3071
  29.4172
  4.31557
  5.20493
  6.57497
  23.5259
  17.3025
   21.682
  24.2952
  24.5548
  16.3356
  12.5037
  18.2555
  22.7744
  9.89618
  5.04791
 0.831058
  14.6704
   18.783
  4.81177
  3.13165
  6.61149
  0.46021
  1.51467
    7.983
  5.82515
  1.68761
  8.86164
  9.63054
  23.6049
  5.31947
  21.7351
0.0687822
  8.61952
  16.7543
   19.713
  27.3649
   12.932
   24.059
  21.5186
  10.2058
  16.2049
  16.0987
   20.752
  26.5681
  9.71593
  2.41138
  14.1511
0.0278181
  5.04816
  20.7817
  27.5647
   15.739
  40.2438
  22.8756
  26.8794
   11.388
  14.0048
  29.5208
  8.60017
  3.64482
  2.39631
  7.45562
  9.30939
   8.4595
   2.4322
  4.19916
  27.3867
  27.2582
0.0478748
  12.2682
  13.6653
   26.589
  26.5623
  11.3804
  22.1323
   31.093
  8.99811
  15.9275
  8.76526
  7.41483
  24.8365
  1.41368
  2.68512
  6.52335
 0.927355
   6.4473
  18.7613
  5.49061
  12.1213
  11.2738
  21.0852
  6.41767
  8.53547
  7.04126
  21.2901
   5.2958
  3.52319
  5.63056
  48.2616
  3.38252
  3.52503
  26.4219
  23.2919
  9.82193
  2.00909
  9.82469
  9.57808
   17.252
  19.4608
  26.2704
    9.399
  8.92623
  24.2833
   13.377
  22.6346
  14.9453
  24.4938
  30.9092
  4.02539
 0.128375
  21.8852
  12.4201
  3.63197
  3.92475
  8.16432
 0.719256
  7.53366
  8.81428
   4.5707
  1.11475
  18.8755
  17.2603
  26.9245
  32.2234
  1.75462
  12.3572
  9.99379
   9.7941
  33.6361
  9.58488
  19.1535
  4.41334
    12.22
  8.05952
  1.61894
  2.87349
  22.3923
  13.4132
   1.0332
   18.241
  3.32944
  29.9521
  10.9866
  23.2164
  4.85297
  29.0812
  9.10208
  21.1382
  17.5387
   8.8778
  17.0549
  9.88756
  1.55112
    31.62
  6.16757
  15.2152
  14.9958
  14.5851
  10.4818
  48.1573
  40.2874
  13.2299
  50.0846
  26.2966
  44.2734
   16.706
  19.8238
  12.8157
   9.9561
  10.4526
  17.4063
  20.1751
  24.4953
  29.7307
  22.6146
  19.2378
 0.518767
  15.4236
  2.46753
  9.46943
  16.9265
  30.1386
  38.6615
  21.2455
  37.7267
  28.8724
  48.7534
  2.69324
  13.9942
  38.8645
   10.387
   11.319
  6.29992
  14.5991
  11.8076
  17.7246
  11.5028
  28.4003
  35.5484
  23.1344
  18.7508
  9.16822
  3.67586
  23.8496
  23.8136
  16.1489
  19.2693
  16.2429
  1.66113
  17.2711
  2.68238
  15.9106
  15.7016
   18.619
  42.7049
  41.6464
  16.1176
  14.3233
 0.927688
  11.9662