   1.69952
   2.64152
   4.49215
   3.57694
0.00251658
   5.53707
   48.6321
   1.92937
    6.7959
   7.44024
   20.2109
   3.82446
 0.0583624
   4.97531
   6.82882
   22.1978
   2.85856
   4.08918
   4.26813
   19.1887
   15.9997
   5.46227
  0.604833
   9.00692
  0.423622
   4.76605
   9.25491
    5.5335
   3.86722
   5.25736
   1.56047
   6.27292
   33.7357
   4.99159
   4.99159
   4.86946
    6.5285
   1.23488
   5.89546
   5.54487
   27.3842
   15.6349
    12.291
    7.8536
   7.06911
   1.31062
   5.48226
   9.80846
   26.8235
   1.94809
    1.6245
   14.0665
   4.11924
   4.86467
   6.19048
  0.507113
   4.76711
   10.6245
  0.155699
   1.54828
   20.9311
   0.77913
   3.74417
   21.7753
   6.33436
   19.9753
   12.6137
   5.83623
    26.032
    25.556
      38.5
   5.68162
   3.74407
   3.46709
   6.72958
    11.015
   14.6672
   19.5657
   22.1153
   1.63618
   6.43268
   3.04483
  0.470096
   3.30661
  0.623218
  0.528953
   6.53242
   8.39662
   3.13369
    6.1214
    1.2567
   38.2475
    3.1232
   40.0263
    6.4573
   1.55936
   15.5833
   11.8715
   14.6638
    7.2678
   28.4357
   2.98147
   30.1488
   3.79349
    19.686
   19.2779
   19.1332
   0.96261
   25.3477
   20.6129
   21.8627
   8.75201
   7.05128
   23.6804
    14.771
   20.3978
   2.35403
   16.2679
   2.42229
   1.15414
   1.14406
    8.9236
    4.8985
   12.0302
   13.8259
   5.96929
   21.2363
   19.5774
    12.736
   5.55881
   1.46053
   16.5241
   3.06565
   30.4459
   20.4912
   21.3737
   17.4097
   23.5828
   28.0671
   29.6991
   11.8307
   24.1219
   3.98986
   6.00403
   21.4788
  0.248073
   3.20745
   16.2284
   17.7481
  0.384622
    18.169
  0.791226
   27.9855
   16.4987
   16.9229
   22.5425
   13.5616
   23.7713
   2.95285
   4.85813
   3.10822
   26.9928
   29.1745
   13.8019
    17.242
   23.3709
   21.0452
   23.6975
  0.769779
   4.72795
   20.6044
    28.115
   19.5369
   26.1598
   27.9386
   25.4579
   28.2473
   4.79458
   11.2661
   25.4649
    12.078
    30.659
   20.3852
   4.55071
   17.9545
   2.13478
   23.7943
   2.64029
   18.1993
    5.0238
   11.2459
   2.58188
   33.6618
    13.375
   8.20983
   2.71508
   7.96621
   19.7695
   2.41773
   1.20881
   1.85409
   5.37156
   1.10318
   2.37317
   8.15152
   6.05464
    20.795
 0.0739255
   25.7537
   27.2903
   15.5343
   28.3733
   15.9351
   31.8294
   28.6713
   27.0728
   15.1887
   13.4089
    2.2505
   7.93639
   6.89943
   15.0273
   27.4385
   11.3245
   3.10653
   21.7213
   22.5583
   23.1054
    15.689
   25.6463
   1.44048
   30.2497
    9.8425
   5.58433
   25.8249
   2.67635
    2.9971
   3.75583
   23.7313
   5.27239
   19.6475
  0.803531
   28.2481
   4.40226
   27.4385
   31.7334
   29.0133
   24.2836
   25.0075
   28.0237
   29.6486
   18.5646
   11.8508
   22.3255
   3.99325
   13.1934
   21.9979
   8.79576
   20.8431
   3.89872
   18.2982
   18.1866
   20.1172
   29.0725
   15.6383
   17.7331
   17.6873
   4.23796
   28.9597
   24.8964
    14.803
   1.48761
   12.3936
    25.216
   30.3501
   27.2567
   18.9192
   5.94734
   13.6799
   14.8765
    18.696
   9.98101
  0.916368
    6.0361
   18.9229
   11.9465
   8.20813
  0.397797
   13.3677
   20.3543
   19.6284
    11.741
   18.9457
   16.9565
   6.08854
   10.2628
   16.5853
   17.2459
   41.1253
   34.0698
   14.9489
   12.6434
   22.5152
   18.6286
   4.32249
   23.1904
   20.0278
   45.6231
   41.3752
   19.1613
   16.0323
   28.8396
   21.8794
   12.1585
   3.87783
   35.9216
   19.9825
   29.7089
    6.3641
     32.96
   18.5323
   30.9165
   30.9623
    3.4084
   38.2118
   1.12667
   20.4181
   35.1934
   12.6295
   21.5833
   36.7119
   21.3909
   26.6953
   13.2863
   11.6386
    56.363
   42.8532
   47.7754
   24.2733
   24.8974
   3.05917
   46.3273
   28.2116
   14.1562
   19.7438
    22.184
   46.0082
   19.7884
   30.7495
   34.3652
   38.0363
   18.7428
   3.03207
   22.0149
   18.4088
   0.40276
   7.85979
   10.1823
   7.51186
   5.19065
   3.29153
   14.1416
   7.82369
   4.35179
   11.9097
   31.2816
   28.0083
   3.89162
   6.60904
   1.76976
   22.6581
   4.30313
   48.0946
   18.4517
   28.7243
   9.63903
   16.5926
  0.918457
     19.76
   8.51909
   2.95285
   26.5874
  0.810439
   17.3515
   17.5606
   3.15911
   1.36102
   6.80297
  0.282781
   2.52906
   15.9528
   5.52361
     7.557
   5.98451
   24.1696
   25.1857
   8.49897
   4.05165
   16.5778
   19.8422
   7.38674
   24.6988
   2.39982
   35.3021
   37.0375
   29.4707
   23.0359
   38.4471
   3.51151
   25.9414
   8.54748
    5.8909
   14.0581
   25.4312
   18.7698
   27.2617
   22.0309
   4.84759
   9.80631
   17.6158
   36.6786
    0.3983
   39.3825
    11.371
   10.1783
   8.57198
   21.2057
   49.3046
   24.4435
   2.98333
    3.1941
   20.3125
   23.7853
  0.705137
   21.6051
   5.11637
   3.16951
    3.6699
    24.932
   27.1718
   28.9147
   20.5419
   24.9264
   3.59604
   16.6442
   24.2809
   41.3204
   48.3826
   29.6914
   32.7161
   31.4377
    38.082
   13.3343
   27.4548
   19.6609
   8.73578
   10.0842
    23.492
   34.1861
   12.8772
   61.2353
   12.9388
   2.04069
   19.5234
   22.7755
      4.72
   18.4922
   0.28744
   12.0576
   5.17262
   7.23823
    11.925
   17.2864
   40.2673
   23.9081
   19.0665
   23.6141
   6.22179
   40.5243
   16.0388
   1.36297
   6.21319
    56.432
   17.9761
    15.212
    16.404
   19.3725
   13.0056
   4.29165
   4.20913
    5.5902
   27.6531
   28.7222
    6.9247
   10.2685
   38.1428
   2.27477
   33.4108
   5.54533
    4.6482
   21.4437
    36.582
   3.97634
   6.32908
    37.633
   21.1116
   12.8185
   59.8337
   7.21893
   24.7907
   3.02135
   42.7808
   52.4162
   17.8669
    36.949
   11.3768
   24.6306
   52.3689
   27.8919
   3.86055
   9.62872
   10.3984
   26.1076
   10.9021
    54.922
   25.0203
   37.3567
   22.0703
   15.0378
   35.9367
   7.73815
   25.3983
   32.3039
    21.626
   7.66641
   3.70836
   42.2318
   46.3911
   56.5703
   50.3787
   16.6934
   20.1818
    4.4182
   2.40093
   21.0339
   23.9904
   31.2674
   17.1232
   31.3407
   5.03705
   30.5177
   31.1385
   38.4417
   26.5257
    56.268
   23.6209
    26.567
   18.4502
   61.9408
   60.7603
   36.3372
    24.981
   21.0339
   4.56967
   50.7006
   7.50622
   3.87321
   45.7311
   14.6579
   7.25113
   7.84617
   5.91202
   9.82768
   59.5059
   63.0926
   60.7641
   26.5949
   49.4129
   51.2602
   19.4549
   13.0632
   9.80766
   15.2829
   27.7417
   1.40471
   8.19683
   4.69955
   27.2197
   9.47217
   47.7012
   22.7033
   10.7516
   10.9089
    28.731
   17.0787
  0.211781
   12.4772
   56.8027
   35.1592
   6.13335
   6.61762
   3.64439
   9.85279
   8.44447
   7.48821
   5.24457
   13.2094
   8.19145