 11.1439
 48.7307
 56.0223
 38.9218
 32.2465
 39.8093
 50.1475
 62.4257
 22.9512
 27.5369
 7.04496
 11.6937
 7.37988
 21.7274
 27.1865
 22.4613
 22.9765
 26.2721
   24.04
 49.4658
 24.7823
 69.8593
 20.4639
 24.5182
 21.1415
 22.6098
 50.8521
 7.48602
 10.1792
 43.1098
 11.5341
 10.8793
 45.1352
  7.7447
 7.46973
  19.453
  37.891
 5.74454
  10.269
 7.77532
  67.908
 60.1768
 18.9904
 9.69688
 6.38759
 26.4559
 48.5258
 64.4873
 71.2191
 11.8573
 60.5384
 4.25651
  27.021
 49.9156
 53.9788
 6.44544
 34.3302
 2.65467
 13.5077
 31.6295
 31.5656
 42.2652
 7.05685
 33.9662
 47.0305
 13.1507
 42.1721
 37.4388
 7.55266
 10.2603
 9.37211
 42.8646
 29.5115
 4.78594
 43.8102
 14.4611
 21.5735
  10.665
 7.56336
    31.3
 1.28028
 11.4633
 2.65731
 35.6263
 4.74499
 51.1424
 45.6034
 16.3556
 10.1467
 9.43876
 4.45366
 38.2838
 8.48512
 55.4519
 5.08912
0.414286
 4.33983
 60.1295
 54.0172
  16.302
 18.9093
 9.64859
 41.3412
  35.485
 5.23306
 7.96852
 19.9036
 28.8491
 8.05611
 9.52737
 43.9038
 19.0534
 4.19029
 1.31791
 9.75021
 3.09872
 42.5946
 6.57886
 37.1286
 48.4638
 6.42903
0.775589
  27.259
 17.4196
 7.28956
 5.61484
 44.0875
 13.4441
0.669154
 1.98851
 16.8388
 20.2602
  32.629
 3.51643
 8.30159
 5.45491
 45.5466
 5.01158
 9.05876
 7.53124
0.744499
 56.7017
 10.0039
 31.1162
 28.1824
 48.6823
 3.88549
 7.48163
 38.6811
 65.5919
 46.2406
 61.8955
 10.2069
 6.37886
 4.40293
 16.9865
 11.5706
 23.4121
 7.94979
 4.45518
 8.26663
 36.4676
 8.30101
 9.44787
 14.5195
 1.77665
 39.4187
 32.6955
 15.0128
 32.9293
 12.4993
 4.87987
 31.1429
 67.0483
 40.0093
 5.66337
 8.85321
 50.2097
 56.7276
 45.2356
  11.449
 1.30255
 9.46302
 5.35821
 4.80712
 8.96288
 42.5121
 10.0261
  0.8042
 11.5998
 18.3557
 26.9601
 24.1543
 20.8354
 3.55753
 4.01129
 48.7054
 3.07333
 33.2659
 32.7147
 41.7851
 44.2402
0.776037
 42.8307
 15.1905
 4.90817
 8.55857
 27.2543
 35.7041
 47.5162
 45.3322
 11.0077
 20.5485
  40.244
  12.698
 4.88872
 11.3833
 7.44039
 17.2637
 28.9774
 21.6239
 4.61573
 27.7199
  18.113
  14.404
 26.6539
 31.5036
 16.3515
 23.2982
 57.6216
 48.8018