  20.3583
  20.8811
  2.80614
  6.93559
  35.5465
  19.9042
  10.7515
  17.0515
   18.106
  16.0035
  9.92765
  12.2941
  11.2287
  3.79058
  1.37792
   5.0199
  14.1555
  35.5364
  15.4684
  49.1254
  41.8088
  7.85228
  26.6298
   14.643
  13.8359
  12.1942
  22.7203
   38.483
  12.3861
  22.6498
  11.7491
  13.7735
  14.7228
  12.6957
  11.7951
  8.28398
   7.4151
  27.7679
   14.411
   18.106
  2.11403
   17.849
 0.551212
  19.9823
  23.4944
  19.1774
  28.1352
  15.6618
   24.342
  44.2596
  8.58309
  14.5552
  2.49846
  18.2454
  21.0688
  10.4945
  5.75913
  19.1669
  32.4365
  7.82254
  24.9015
  6.08086
  12.6627
  6.59862
  31.7652
  43.1713
   11.696
  9.88413
  18.0515
  3.48042
  45.5965
  32.3764
  7.61201
  9.75959
  44.1904
  13.7018
  7.20473
  37.7528
  14.5552
   11.201
   4.7278
  6.33023
  11.6254
  11.7133
  34.8703
  36.0679
  12.6651
  27.5948
  19.7043
   13.826
  24.0256
  22.3307
  25.7186
  33.1702
  15.4902
  3.16379
  10.0827
  11.8524
  18.9538
  25.7596
   9.5346
 0.163808
   11.862
   6.4294
  4.68794
  15.1312
   25.946
  17.0928
  24.6924
  38.6658
   24.978
  15.4684
  1.22559
  21.0472
  2.24418
   16.651
  5.35899
  2.53298
0.0424814
  22.6334
   27.524
  12.9417
  9.53055
  23.4715
  18.2617
   38.078
  30.5157
  29.9731
  14.3367
  17.1893
  37.0015
  13.0593
  0.37132
  20.2852
  11.9543
  27.8738
  28.4617
  7.40291
  4.51963
  11.5198
 0.316678
  1.81562
  25.0298
  15.8299
  5.23778
  6.95893
  3.42231
   5.9585
  27.0718
  14.0315
  14.2443
  8.06815
  10.4459
  10.9036
  26.3589
  23.1503
   20.149
 0.155236
  45.7802
 0.666965
  5.76479
  3.68896
 0.246217
   18.969
  32.1137
  7.31828
  21.6182
  3.89765
  12.5653
  31.1649
   11.895
  3.26118
  15.5739
  11.8445
   18.935
  33.6177
  6.24587
  12.8513
 0.952084
  11.7329
  8.20996
  30.0003
  23.6933
    30.06
  26.9518
  21.6038
  13.5856
  29.3482
  34.6305
  19.1015
  18.1197
  30.3561
  14.7425
  20.7187
  23.7523
   32.869
  17.4045
  17.3095
  14.9092
  14.0876
  21.4677
  5.49093
  25.4288
  29.4857
  3.24467
  2.37729
  0.54069
  16.1868
  2.23567
  25.8722
  40.1106
  26.0508
  3.41272
  23.1878
   12.414
   20.145
  23.5424
  29.9332
  31.4842
  26.3978
  30.3114
  14.5699
  5.31035
  28.1008
  38.6658
  20.9598
  18.7742
  7.78307
  29.2232
  3.57339
  30.6881
  10.8339
  24.3472
  13.1861
  41.2627
  6.80076
  43.5327
  8.04461
  3.45235
  8.02859
  29.6899
  26.0997
  29.8749
  27.5661
   27.202
  20.1228
  39.9018
  14.8396
  3.44697
  20.4914
  26.6904
  6.82157
  19.8162
  5.99614
  21.5686
  27.2195
  11.2258
  8.81049
  3.49614
  9.23764
  32.2592
  7.98226
 0.211144
   9.2956
  5.26148
  4.32675
  8.36114
  15.1729
  24.6571
  27.8404
    17.62
  12.7773
  19.2409
  31.0828
  3.00912
  23.0935
  40.9529
  2.73706
  12.6901
  21.3084
  22.5047
  9.01306
  14.3572
  1.12744
  17.5672
  17.0728
  10.5886
  22.0821
  17.6509
  4.52945
    20.74
  8.13361
  20.0729
  26.4229
  4.27806
  30.0613
  15.4177
  5.71333
  36.4671
  33.4877
  36.9784
  14.7225
  39.4012
  10.3814
  20.7795
    30.42
   12.684
   27.486
  1.14543
   7.0771
  38.8626
  34.0152
  17.8862
  27.5836
  16.9879
  9.75837
  20.6539
  27.2907
  13.4938
  18.4635
  7.78414
   2.7349
  3.34602
  10.8601
  25.1678
  21.8263
  28.0145
  11.3906
  9.42839
  14.8679
  35.6133
  9.04594
  4.85692
  37.8376
  28.5334
  10.0722
  39.5441
  22.4012
  38.7774
  18.0103
  28.3979
   6.3862
  28.2261
   9.9354
  2.45422
  45.5852
  52.2659
  38.6798
   9.7967
  23.0048
   31.161
  36.2275
  24.1154
  9.37038
  44.7135
  21.3201
  11.2557
  5.23965
  23.7914
   31.321
  7.49611
  7.25451
   32.757
  35.4493
   1.8953
   48.812
  28.1142
  3.54213
  20.2566
  34.7997
  23.1164
  7.41493
  24.0056
  4.05033
  1.89519
  21.9679
  22.1945
  6.00961
  15.7401
  6.59517
  13.9787
 0.357206
   10.623
  9.76996
  22.3968
  9.12701
  5.11772
  5.48911
  10.0698
 0.122246
  14.4228
  25.4864
  14.8438
  22.0429
  39.8603
  21.3372
  1.09785
  8.93019
  36.8123
  30.4146
  34.6272
  23.3748
  5.82796
  8.44521
  7.41493
  15.1801
  2.80848
  34.6705
  31.6635
  37.6771
  26.0046
  33.8867
  17.9706
  6.73748
  18.2489
  5.97591
  12.1064
   31.712
  31.4491
  5.38592
   31.794
  18.5906