 39.9332
 31.4198
0.716502
0.383042
 16.5794
 3.11078
 17.3318
 17.2741
 1.18026
 8.74598
 6.74125
  13.677
 1.67588
 7.69625
 13.2882
 4.75147
 1.02986
 19.6343
 16.6453
 50.1569
 19.6684
 62.1404
 16.7644
  22.678
0.154552
 29.3908
 23.7013
 23.2704
  57.235
 28.3404
 5.76929
 4.36986
 21.8487
 7.31474
 22.5323
 0.83319
 5.25092
 24.0452
 24.7633
 3.36923
 68.9312
 22.2022
 40.3503
 5.55908
 9.73598
 17.2997
  3.2573
 16.0162
 16.7508
 55.1674
 19.2313
 49.9199
 28.8157
 31.7032
 11.0468
 41.3976
 7.57921
 19.5583
 38.0139
 29.8794
 2.48829
 11.1996
 12.4785
 46.5109
 19.0593
 11.0384
 45.9672
 1.65824
 29.2624
 1.34974
  10.416
 16.1046
 4.43145
 1.09651
 19.6956
 18.3678
 25.7494
 13.7872
 16.0156
 8.73576
 31.2119
 29.1784
 4.32646
 4.58992
 41.9278
 22.5598
  54.808
 1.80854
 15.2684
 29.3525
 11.3033
 49.3276
 56.9985
 18.2165
  1.3919
 22.6974
 3.05852
 55.7871
 27.1758
 47.4343
   21.68
 55.5882
 13.2298
 0.27726
  25.674
 55.9746
 78.0451
 55.4009
 3.15918
 36.3418
 13.0357
 54.3791
 45.6111
  68.143
 9.65388
 62.3005
 23.5492
 27.5089
  26.714
 53.7204