  32.0321
  6.56081
  9.08406
  7.83553
  4.93818
  24.0745
  10.1713
  27.3137
  17.5858
  21.9958
  6.86733
    7.221
  6.35554
  5.60314
 0.884072
  18.5371
  3.61081
  21.3419
  33.4425
  12.4084
  12.3815
  3.56041
  3.97207
  21.8173
  7.97218
  5.47152
  34.4779
  25.1275
   4.2851
  15.4609
  20.8819
  7.96483
  1.33353
  10.5502
  30.2675
  1.54025
  8.42349
  8.87025
  46.4409
  6.02506
  4.41904
  20.2476
  10.8278
  12.4448
  5.86848
  7.11221
  26.2326
  25.0664
  11.9044
  1.30922
  1.56321
  3.39024
   20.221
    22.88
  9.37681
  2.19348
  1.35106
  25.2146
  48.4735
  3.46047
  7.77362
  5.29371
 0.496237
  3.91243
  28.1738
  4.87909
  0.88357
  1.17716
  1.26774
   6.9062
  9.39452
 0.862059
  14.1612
  3.36178
  3.10883
  22.0985
   24.046
  2.05436
  4.12966
  13.2018
  12.6705
  4.80985
  5.43682
  5.81879
  4.48761
  6.49966
  6.83569
  9.06781
  20.1728
  3.37723
  2.29252
  8.06339
  9.27993
  2.06111
  5.83442
  2.22498
  18.6545
  26.5475
  6.05837
  28.2281
  14.4598
   26.472
  35.4447
  11.9851
  4.67869
  4.20574
  7.45708
   10.794
  4.00523
 0.925911
  4.60789
  2.76314
  11.1943
  8.30294
  15.6603
  7.95014
  55.4328
  24.5368
  7.63642
  1.14629
0.0721993
  12.7258
  1.44135
  1.62609
  1.62108
  47.8133
  32.1303
   11.637
  55.1802
  13.6638
  2.25972
  2.76767
 0.939589
  10.6484
  7.05608
  16.3736
  3.53971
  15.0368
 0.169481
  1.00315
  4.42518
  2.99853
  2.59426
  3.27552
  17.5173
  1.20443
  5.63149
   13.054
  8.53349
 0.810116
 0.571048
  19.7886
  8.25788
  38.4112
  2.38644
  2.27332
  44.0554
  4.90668
  3.74846
  26.8362
   4.1467
  16.2005
  4.52811
  47.3606
  38.1659
  53.3149
 0.478855
  6.16554
  8.02454
  11.6212
  3.47894
  8.89706
 0.653071
 0.567081
  35.1888
  11.2732
  14.7487
  2.87272
  5.16502
  3.84015
  54.5281
  3.72625
  2.67619
   8.9709
  4.59116
  8.83288
  10.7521
  3.40004
  2.81666
  5.45179
  23.3027
  2.55424
  7.28993
  6.72513
  3.38783
  46.8767
  32.4383
  6.50356
  5.69722
  19.8952
  1.37793
   2.7762
  13.3021
  9.89501
  41.5349
  44.9618
  6.08211
  17.8679
  16.4662
 0.901483
  8.91107
  66.6698
  11.6435
  12.1749
 0.383224
  39.6507
 0.585187
  4.56638
  7.75965
  23.5974
  4.92923
  11.6151
  1.70874
  31.7598
  23.9034
  6.71299
  24.9674
   70.721
  4.51887
 0.458551
   6.6561
  20.3393
  4.77772
  14.6745
   1.8126
  11.9082
  11.7437
  23.6552
  27.9934
  67.9532
   13.659
 0.364088
  7.31615
  10.2241
  43.4871
  38.2127
  10.7889
  50.1263
  63.2253
  26.5167
   35.429
  2.22172
  29.8508
  4.82667
  59.9842
  10.0032
  8.38965
  21.3186
  30.7912
  61.1476
  65.5688
  23.9503
  22.9786
  53.3142
  9.49779
  17.1712
  34.9659
  27.6656
  61.9587
  12.2002
 0.335422
  62.1641
  25.2433
  58.7891
  2.32982
  21.0572
  32.6539
    57.57
   71.501
  67.1689
 0.706079
  1.64544
   66.113
   68.024
  25.0484
  52.8638
  9.30649
  13.2955
  1.52354
  20.5272
  30.2613
  60.7545
   71.273
  9.11495
  3.67049
   11.286
  30.9927
  8.33411
  18.6458
  5.52103
  8.86149
  16.0065
  22.7773
  30.4963
  10.3627
  58.7739
  65.5852
    66.01
  0.26889
  51.6902
  34.4244
  72.7275
  87.1628
  30.8567
  26.7881
  7.02717
  44.6806
  21.7941
  44.7194
  42.1819
  1.91943
   10.175
  8.84454
  30.5957
  24.2228
  65.0665
  37.4734
  2.78976
  3.77984
  20.5173
 0.964168
  24.6062
  42.7172
  4.82111
   3.3312
  4.43804
  4.83506
 0.487828
   3.3312
  6.74077
  9.08712
  70.4804
  64.0433
  65.5895
  0.18687
  21.9927
  14.7515
  19.8488
  4.83255
  7.93135
  18.7824
 0.399215
  54.6772
  71.2953
  73.9631
  39.5096
   34.813
  69.8912
  70.6479
  87.1913
  27.5808
  28.9051
  28.1954
  49.7134
  11.2201
  23.5826
  31.4462
  75.3684
   51.105
  42.7232
  14.4258
  4.05096
  4.72699