 4.09872
 4.51253
 2.22756
 4.87636
 1.61031
  20.853
 9.32362
 12.7295
 17.8809
 7.84998
 22.1641
 13.1186
 19.6333
 1.51193
 12.4726
 12.6542
 20.8322
 4.92779
 13.2717
 4.30795
 44.2295
 46.2686
 47.5139
 45.7649
 7.14724
 40.3092
 6.06868
 53.7127
 2.34984
  38.135
 22.1446
 6.52452
 5.80039
 39.6035
 19.4918
 19.0408
 41.2429
  1.1912
 6.44746
 11.4347
 19.1631
 3.17651
0.412259
 53.5343
 37.0512
 31.4079
 6.82375
 43.6268
 24.2544
 7.83955
 1.18289
  2.8779
  17.765
 8.87318
 3.82565
 44.9094
 52.0897
  49.874
 40.4761
 6.87194
 9.34914
 30.5157
 33.1071
   17.85
 52.4604
 55.7216
 6.93119
  10.382
 3.04971
 30.8807
 6.35357
 6.65981
 4.92819
 47.9505
 9.04898
 7.71557
 25.6045
 17.7977
 30.4613
 7.94674
 9.20579
 7.63162
 24.5793
 4.23875
 25.6679
 35.7267
 6.36854
 18.6943
 5.77329
 17.1642
 47.3017
 55.9492
 38.4718
 61.8388
 18.8865
 52.6444
 41.8961
 10.2725
  8.9901
  52.455
  8.0551
 47.3631
 47.2455
 14.1331
 9.44798
 5.41753
 7.16089
 17.4504
 16.6328
 19.4918
 55.8441
 41.8546
 18.5516
  43.058
 57.7406
 50.8405
 25.3356
 3.63268
 39.0934
 57.0344
 44.6215
 18.4506
 4.75493
 54.2999
 35.1367
 35.7941
 19.1155
 29.6271
0.353173
   44.42
 1.42101
 6.65274
 4.76838
 31.5304
 20.6912
 32.4545
 8.23467
 49.5949
 3.13708
 7.98909
  2.8736
 43.2617
 27.9885
 9.11537
 11.6844
 35.1874
 7.88239
 4.27887
 12.3438
 3.38986
 39.2066
 8.63755
 5.11081
 42.0614
  4.5934
 34.6195
 4.18417
 24.9917
 47.4086
 3.81256
 32.8976
 2.15677
 41.5114
 54.3896
 3.74398
 13.9927
 40.2512