  29.2348
  6.00282
 0.898336
  1.72728
  8.66853
  4.10697
  8.06225
  3.78674
 0.828161
   10.139
   9.2679
  9.71696
  17.8306
  12.3035
  6.63238
  10.8594
   15.682
  9.31984
  27.2785
  26.1569
  6.19846
  39.6425
  17.4821
  16.5402
  21.8705
  23.5827
  45.5124
  23.4024
  12.2073
  38.2848
  16.0239
  5.73007
  6.75567
  14.2774
  12.4262
   11.811
  15.5571
  17.8024
  3.78674
 0.242909
  5.63496
  9.22216
  11.0656
   5.3285
  8.53891
  1.76097
  6.61656
  2.28096
  38.0668
  38.3681
  26.5504
  15.2605
  20.6546
  3.74557
  12.0788
  1.89557
  7.04203
  3.27526
  2.73173
  9.18131
  30.7422
  16.2979
  17.2725
  58.5323
  30.1353
  18.8862
  35.6024
  18.7659
   27.331
  19.3996
  21.3045
  54.7793
  14.1492
  27.7614
  10.7153
  21.8121
  15.2605
    2.847
  15.3286
  9.28549
  14.0628
 0.881496
  56.2914
  56.1578
  42.9688
  32.0746
  43.3179
  19.2476
  56.4669
  5.30554
  45.8333
  44.7465
  28.3538
  5.04973
  22.6301
  12.5291
  29.2409
  57.9002
  5.64164
  22.0426
  6.65306
0.0886043
  1.86714
  10.0728
   49.631
  37.3039
  33.0695
   53.385
   42.893
  20.6502
  9.31984
  29.1044
  6.75685
  1.01084
  6.28632
   2.5629
  5.49965
  7.27849
  45.2648
    13.13
  19.1681
  43.3853
  61.1984
  48.9359
  37.8255
  58.7515
  53.9068
  9.73993
  28.8103
  19.5907
  12.8017
  43.3755
  22.0538
  36.9184
  52.5189
 0.132098
  5.05865
  21.6984
  2.03756
  47.5908
  40.9915
   21.357
  22.7852
0.0949277
  7.07379
  53.3768
   2.2005
    11.26
  28.8566
   18.734
  21.4759
  45.6748
  3.84336
  8.62152
   21.042
  8.12106
  25.2508
  21.1147
  6.03894
  33.2991
  46.8355
  13.6753
  50.1948
  3.94699
  18.3434
  36.3033
  40.6288
  53.0731
  56.8495
  47.3057
  21.9946
  42.3751
  49.1201
  60.1308
  2.66613
  7.03704
  42.1233
 0.769112
  10.5967
  42.6338
  18.2454
  38.8716
  25.9128
  25.2756
  4.22297
  8.93516
  3.41044
  38.9351
  34.7168
  10.8688
  10.1739
  1.31383
  2.03635
  31.8501
  53.0513
  50.9973
  15.8587
   19.302
  32.6156
  47.1137
  30.1101
  1.34756
  55.3816
  57.2265
  17.9695
  41.2495
  40.5129
  0.54822
  3.98345
  21.7239
  1.30484
  12.1966
  35.8634
  5.79535
  38.1466
  1.88605
  15.1797
  30.3446
  47.3688
  52.5392
  4.55024
  57.4177
  23.7734
  31.7282
  13.0339
  14.8132
  40.3892
  19.8438
  57.4349
 0.827058
  5.94889
  58.1347
  9.26243
0.0490233
  12.3543
  43.1805
  37.8832
  7.63197
  10.4737
  40.5448
  14.6247
  23.5136
  3.14293
  1.00053
  4.01128
  4.50562
  1.58872
0.0613864
  2.00344
  10.9758
  10.9692
  8.46495
   20.676
  17.1568
  44.1029
   16.508
  46.3358
  17.5727
  15.6214
  6.41792
  3.10304
  49.5581
  11.7813
  32.1483
  41.1414
  59.9534
  12.3821
 0.716995
  5.00412
   2.8045
  13.3337
  9.93523
  22.8323
  38.0138
  33.6356
   44.143
  12.7746
  9.54819
   18.598
  44.2825
  41.8734
  5.29539
  23.4301
  11.8101
  8.45376
  48.2585
  32.4356
  7.19571
  32.1369
   53.632
  12.5025
  10.3008
  18.6781
  14.2683
  41.5315
  10.8157
  13.4091
  20.8065
  12.9713
  23.5637
  47.8811
  52.2024
  48.7105
  16.1831
  19.8281
  2.90753
  18.6055
  8.55678
  1.67391
    28.35
  23.5767
   1.3219
  30.7483
  46.3505
  34.6468
  19.9615
  25.1678
  8.13816
  20.4013
  26.5353
  21.6828
   17.221
  23.0483
  36.3952
  3.61187
  9.68505
  8.60727
  47.9008
  4.44063
  16.7154
  4.21544
  13.3598
  18.9177
  5.48602
  7.87383
  2.14991
  55.6867
  2.05092
  27.7317
  4.41038
   15.832
  50.3114
  19.2868
  48.8483
  36.1346
  5.00493
  4.25752
  6.90825
  23.6919
    43.45
  20.9556
  43.3397
  40.3233
   12.843
  13.8815
  16.7008
  24.9096
 0.311162
   28.718
  7.44582
  15.0434
  17.9252
  21.3194
   25.059
  39.2554
  35.9064
  15.5395
  32.2819
  17.9406
  25.6027
  13.8816
 0.374327
  28.9591
  0.15819
  35.7549
  10.1792
  10.8231
   29.323
  20.7075
  35.3416
  5.48602
  29.2965
  7.95896
  3.22654
  28.7445
  40.5266
  6.89607
  28.5117
  5.66357
  10.6868
 0.864072
   3.1617
  10.5411