 0.491118
  8.89379
  3.19432
  9.91801
  10.3655
  4.93104
  14.1257
  5.32125
  2.90886
  3.30183
   31.314
   3.6796
  4.92733
  3.64478
  10.1376
  8.84013
  2.13831
  8.81778
  15.9025
     7.91
  11.7772
  9.35626
  14.1011
   3.5618
   3.6585
  13.8855
   2.0147
  12.5918
 0.928605
  5.03771
  10.4705
   9.9193
  8.87092
  17.8921
  3.12432
  13.5959
  1.02869
  12.8741
  2.48788
  6.38421
  17.3876
  17.4209
  20.0862
  4.77655
  18.7545
 0.831258
   18.533
  7.53924
  7.61899
  10.7721
  15.6851
  20.8675
  6.99769
  10.9113
  1.87052
  11.6597
  19.9289
  17.5387
  10.7596
   6.5391
  3.21352
  5.97887
   5.9703
 0.473301
  2.64796
  12.8449
  0.14297
  12.1318
  3.02587
  14.4112
   14.723
  14.5905
  19.8593
   17.464
  21.6169
  7.28966
  10.8541
  3.28736
  17.5384
  13.4159
  4.82295
  3.52739
  4.88462
  11.3747
   1.0978
 0.873446
  18.3296
  1.84259
  9.89892
  3.17315
 0.797869
  7.00525
  11.2408
  11.1336
  6.53104
 0.467683
  8.21092
   13.147
  13.8327
  9.32345
  13.8324
   8.3441
  1.96386
  21.4629
  8.39693
   10.771
  11.2953
  12.5799
  14.0403
 0.735109
  18.9179
  11.9436
  9.77266
 0.495203
   17.444
  21.1089
  14.0171
  12.6574
  15.3738
   4.1865
  9.24167
  5.63106
  9.51254
  15.7318
  2.28515
  2.33945
  5.34082
 0.364343
  9.22548
  14.6206
  1.14511
  19.2832
  13.2687
  9.91983
  9.01248
  16.3699
  3.60069
   7.5097
   1.5387
  1.85917
  15.5163
  15.8184
  14.8292
  6.84193
  15.6276
  14.2965
   14.417
  9.38421
  17.8762
  4.24172
  8.53363
  21.2918
 0.947922
  5.13198
  16.9964
  1.88016
  5.38887
  2.63171
  11.7498
  1.37569
  11.8092
  10.5567
  5.44069
  4.60903
  5.98423
  7.24973
  6.22963
   8.4294
 0.997747
 0.537768
  16.9445
0.0921176
  16.2796
  3.73421
  5.80516
  12.4159
  3.38356
  4.31643
  3.42092
  6.16969
  9.57839
  4.09084
  5.86303
  9.52213
  4.12948
  1.21645
  7.95001
   10.782
  19.3864
  5.34775
  19.9811
   10.331
  9.69682
  15.0273
  6.24039
  14.3965
   5.1782
  1.34961
  11.2314
  11.5418
  5.55021
  7.85001
  12.6098
  4.17078
  3.09257
  5.33387
  10.7787
  5.42455
  11.7043
  6.79981
  8.76556
  2.36923
  20.0911
  5.51725
  5.53225
  12.8119
  4.18545
  7.02363
  1.34802
  8.68168
   1.1333
  22.1433
   21.438
  10.6323
  13.9893
   0.6546
  10.5853
  3.44808
  21.1551
  1.51621
  9.59719
  1.53479
  6.09635
  4.26131
  1.92584
  1.02793
  2.32492
  9.53919
 0.810931
   19.485
 0.308228
  6.60618
  4.45564
  3.70291
  11.9387
  6.12369
  17.3931
   17.584
  19.8888
  14.9666
  2.23034
  10.5569
  1.18706
  15.6196
   6.5175
  8.87113
  11.2736
  9.74204
  13.7665
  5.11401
  12.4698
  6.11378
  12.2608
  4.22041
   2.7864
  10.4276
   3.2249
  8.58724
  10.0624
  4.53833
  7.11259
  5.74842
  19.8457
   18.035
  15.8623
  3.45963
  8.66723
  1.19628
  1.20574
  7.28709
  12.1891
  3.92435
  10.3183
   1.4182
  12.0476
 0.147837
  12.4933
   13.818
  16.3512
  3.08451
  2.97402
  2.81578
  18.5464
  14.6568
  20.3839
    9.541
  1.38067
  6.70695
  15.1514
  4.36426
  7.64984
  8.42002
  13.1651
  14.2432
  19.6565
  17.2304
  10.6379
  3.00287
  23.0858
  27.1214
  23.8196
     12.4
  7.19243
  18.1231
   2.0872
  10.6331
   15.766
  11.1024
  14.5922
  1.62406
  14.1663
  7.58792
  3.56817
  5.96336
  30.0724
  15.1859
  9.65463
  17.1582
   7.4511
  9.41495
  11.8945
  10.3389
  12.4124
  14.0902
 0.769766
  14.0854
  2.02309
  29.8273
  25.8871
  22.4684
  13.6538
  2.40378
  11.8537
  13.3754
  4.33432
  17.2959
  11.2939
  11.8144
  27.6288
  31.0049
  14.8214
  2.55317
  11.0512
  15.8971
 0.540897
  9.03485
  20.2825
  29.0542
 0.961027
   13.454
  5.47583
   11.606
  1.57406
 0.503807
  4.85886
 0.745293
   1.9308