0.219481
 2.15954
 10.9514
 16.8799
 7.29506
  17.797
 14.3515
 6.00066
 7.87389
 10.1953
    14.6
 2.39653
0.226261
 8.36236
 18.1785
 4.40135
 38.1026
 22.0497
 2.45475
  2.2842
 18.7418
0.162087
 2.62607
 4.69399
 19.7604
 8.62692
 6.92505
 16.5801
 7.61889
 6.28325
0.939502
 5.81448
 8.83568
 13.4603
 18.2854
0.819317
 13.8503
 16.9671
 26.8336
 14.6701
 17.4477
 26.0018
0.722625
 18.5693
 20.2344
 1.41535
 22.0134
 14.6519
 6.89542
 7.40418
 17.4301
 5.16109
 10.0558
 31.8576
 16.2044
 16.1631
 10.3731
 5.36309
 10.7347
0.730714
 9.43397
 1.66087
 9.29717
0.863009
 15.0075
 22.7792
 20.1901
 2.55556
 15.1164
 1.49087
 3.77139
 6.86336
 1.51748
 2.19689
 8.20859
 18.5471
 16.3492
 9.89528
 6.82043
 18.7314
 19.0874
 9.64635
 3.17293
 6.86863
  6.5691
 4.86593
   13.13
 18.4606
 16.3997
 1.43704
 15.6746
 5.63774
  22.161
 2.02979
 2.77385
0.575819
 11.2317
 15.0161
  15.869
 6.30421
 9.92896
 1.06513
 6.69815
 15.0893
  4.4974
 21.0236
 11.7576
 8.95066
 13.8574
 13.1842
 1.03226
 1.65234
 2.60933
 6.04333
 10.5978
 21.3181
 2.29237
 14.4869
 7.02087
 11.5305
 10.9168
0.391761
 14.3929
 26.4532
 5.70286
 28.3492
 16.3246
 4.37453
 10.7054
 24.9581
 7.51479
 13.7748
 6.58949
 23.5941
 33.1176
 24.0807
 3.73401
 10.4669
 2.06387
 18.2667
 19.0392
 15.2928
 19.4596
 32.4564
 16.4619
  16.939
 7.82228
 7.31158
 9.35699
 10.8612
 26.3251
 6.51272
 20.7508
 3.25642
 26.1592
 5.66502
 2.49042
 14.2885
 7.27602
  24.281
 15.7467
0.375521
 6.41181
 35.3115
 3.37075
 6.68604
 3.22272
 42.0874
 52.5232
 2.88173
 13.6957
  4.5378
 14.8166
 8.78713
 22.2159
  42.958
0.148999
  1.1898
 5.85616
 25.4914
0.660942
 10.6114
 6.46123
 32.6813
0.902485
 6.72296
0.610926
 7.19978
 15.0477
 25.3977
  18.359
 27.9232
 14.5574
 19.3879
 18.9676
 20.5656
 16.2364
 6.26717
 23.1299
0.652883
 13.3422
  11.064
  29.643
 21.8356
 3.25309
 3.75993
 19.7333
 1.46883
 3.89755
 52.7112
 12.4514
 4.42817
 15.3489
 2.41107
 9.87235
 17.7893
 30.0887
   28.25
 35.6319
  5.0815
  49.597
 22.4927
 19.1402
 26.6702
 19.1989
0.698231
 2.71861
 4.05208
 17.5804
 15.1775
 1.91236
 22.4471
  23.129
 14.4267
 17.9046
 9.07927
0.284265
0.378471
 1.60868
0.678954
 20.6855
  7.1316
 22.6869
   18.77
 27.4024
 34.6743
 24.3528
 16.7545
 24.2577
 6.76631
 3.70189
 39.2149
 24.7775
  35.815
 15.9015
 13.5733
 31.0005
 4.34299
 25.4819
 12.1772
 26.5237
 35.1015
 4.92362
 8.53629
 2.23324
 4.70486
 17.1827
 15.1823
 37.7595
 12.0723
 18.2365
 21.3415
 20.4577
 15.4708
 31.5066
 11.5589
 12.1065
 34.1246
 16.1806
 17.5922
 8.26534
 17.9561
 42.8126
 24.2646
 38.6915
 36.7521
  11.486
 25.5588
0.384847
 45.3144
 4.54959
 23.5005
 21.8522
 16.0208
 7.92459
 22.8172
 22.6555
 2.10799
 20.9149
 1.77839
 3.45321
  17.926
 22.9787
 8.55255
 6.92947
 27.7974
 21.6534
 34.4041
 7.51889
  26.461
 3.91554
 13.2722
 5.23394
 36.9532
 2.95392
0.588568
   9.182
 6.13195
 14.8209
  3.3869
  51.266