0.097002
  14.803
 21.5485
 5.58044
 22.6186
  4.6436
 6.08751
 1.81044
0.902413
 14.1457
 28.1528
 9.23469
   18.75
 1.20378
   10.76
 15.0526
 37.1816
 23.8128
 15.7187
0.341897
 7.67967
 5.47541
 27.6604
 6.78718
 7.35916
 33.1944
 12.7615
 12.6078
 41.3301
 7.75658
 16.7061
 9.32449
 18.0537
 35.4269
 18.6304
  14.513
 41.2434
 3.96429
 14.8789
 1.37497
 1.51176
 27.2596
 7.66863
 2.24885
 3.85239
 24.4092
 16.1891
 6.68149
 10.5535
 13.1937
 21.1584
 10.0482
 7.13107
 11.4106
 14.3414
 21.3459
 11.3662
   4.915
0.980269
 23.1958
 11.9875
 17.8267
 1.08722
 11.6794
 14.0717
 26.5016
 15.2263
 1.16791
 7.93338
 6.98809
 17.7666
 22.1196
 17.3049
 19.1437
 26.9877
 19.1386
 23.4013
 11.1309
 7.68746
 6.71584
 13.0824
 5.52674
 4.93114
 3.92347
 13.2202
 2.41836
 34.8101
 10.3543
 16.2237
 3.28388
  22.203
 18.1091
 30.7395
 18.4108
 19.9055
 11.2422
 19.0741
 27.5526
 3.40449
 9.56585
 5.78623
 18.9784
 44.5103
 34.1354
0.962798
 0.45731
  5.2983
 11.7612
 3.76654
 2.89579
 1.84362
 27.0874
 5.91849
 14.6092
 2.21248
 25.2794
  11.521
 11.3255
 8.31635
 8.23378
 4.39367
 34.0972
 7.85641
 2.76346
  31.389
 6.62255
 3.05925
 1.91517
 19.9521
 6.25823
 8.58677
 26.3961
  6.0731
 15.2956
 9.42391
 11.1387
  4.2813
 8.89559
 9.42188
 15.1605
 18.2735
 31.3764
 5.36955
 9.12151
 2.90567
 9.00166
 3.31601
 16.3758
    5.27
 15.6296
 12.8236
 17.8377
 7.24172
 23.5203
 17.6133
 2.48972
  16.938
 18.4831
 15.6653
0.307416
 15.3968
 20.1751
 8.19832
 8.79445
 8.99483
 8.11888
 2.34552
 5.88498
 17.0324
 6.14319
 5.13353
 6.63449
 13.8121
  8.3487
 2.26049
 8.67802
 3.64229
 2.45621
 15.5985
 0.73692
  28.598
 8.91051
0.519325
 14.1425
 11.0521
 36.0432
 23.9221
 9.14035
 0.32525
 7.13709
 5.66198
 3.11561
 8.42585
 27.0352
 9.15388
 10.8384
  5.6151
 4.99567
 14.9129
   12.99
 38.7508
 15.0207
 8.02952
0.203214
 19.5707
 12.2315
 26.0167
 3.78782
 12.9773
 3.46979
 9.01125
  10.712
 4.25268
 7.52516
 7.55465
 19.5496
 14.7733
 4.62909
 2.42756
 20.9514
 3.09467
 8.90641
 33.0111
 8.47233
 11.9889
 31.7059
 2.61163
 9.57037
 27.7119
 3.57646
 11.7717
 4.29949
 10.0456
 15.4157
 23.1716
  44.718
 14.8255
 10.0257
 1.85393
  18.777
 4.75233
 7.17893
 1.30098
 5.07765
 7.49705
 26.1536
 13.4914
 6.28276
0.441702
 12.9055
 12.3339
  6.8131
 24.6581
 22.0945
 16.8621
0.524813
0.703285
 7.16696
 3.51259
   32.95
   19.85
   8.891
 3.56958
 6.97128
 16.6602
0.331285
0.446408
 23.3463
 11.7116
 28.5216
 16.9539
 8.22692
 31.9294
 4.14857
 10.5676
 8.84734
 19.8553
0.912361
 26.7847
0.688653
 21.4012
 5.90505
 23.3888
 22.9675
 12.7254
 19.7381
 1.16559
0.127858
 27.2255
 8.67225
 9.04936
 5.88573
 17.0054
 12.0652
 26.4959
 13.4601
  28.266
 25.0282
 29.7069
  10.765
 2.69556
 4.88478
 25.0901
 24.2716
  4.6257
 13.6767
 27.3563
 6.20347
 9.02712
   15.34
   30.21
 14.4952
 8.98714
  1.8515
 10.0248
 34.0605
 10.8434
 20.0539
 2.65402
 12.0832
 1.86217
 34.9423
  22.818
 41.1841
 7.40576
 29.0886
 4.66513
 14.8471
 21.6363
 5.91594
 11.0349
 24.0579
 45.8251
 26.6721
 29.3619
 47.4747
 8.19144
 37.0439
 23.2094
 23.2811
 19.6013
 28.6422
 25.9534
 19.9175
 22.2481