 21.7192
 9.12651
 2.22229
 14.4619
 10.7108
 22.6707
 6.78681
 3.42025
 2.39876
 13.4197
 14.3922
0.950009
 7.23257
 13.1253
 24.6807
 27.0847
 20.6764
 13.7942
 11.8101
 3.18552
 1.07386
 12.7079
 17.5399
 14.6205
 14.4723
 7.46373
 3.25073
 4.41552
 11.9442
 14.4403
 1.77652
 16.6155
  14.859
 17.2053
 24.0927
 20.3018
0.385296
 6.51614
 19.9738
 8.63129
 8.63888
0.310673
 10.1212
 17.4606
 7.89073
0.345697
 2.10454
 33.2987
 7.53553
  5.4806
 2.62022
 25.5281
 1.22363
 21.9593
 43.8534
 13.9636
 33.0163
 29.2886
 21.2343
 4.05159
 46.2024
 16.7842
 7.92413
 19.2102
 10.3335
  5.9345
 19.2729
 29.3147
 7.08029
 8.47686
 14.8974
 35.2552
 9.71654
 20.2582
 8.17654
 20.1395
 12.3049
 6.16824
 5.25777
 3.48124
 8.95772
 35.7621
 6.93232
 6.08071
 5.29519
 7.61068
 14.3539
 3.35921
 7.86998
 20.0301
 25.3062
 6.38101
 7.26687
 15.5817
  22.914
 28.6653
 48.8289
 35.8279
 7.25587
 12.6045
 16.0102
 1.56953
 46.3789
 24.5197
 43.0447
 12.0362
 4.81704
 35.6198
 13.2397
 4.94788
 1.11762
  2.9751
 4.12609
 11.1546
 28.4941
  10.634
 18.6838
  4.2785
 1.00624
 26.3299
  33.993
 3.86904
 47.9938
 46.2336
 40.7156
 36.6384
 21.3354
 12.6087
 6.86779
 30.5039
 21.5572
  8.7072
 5.03794
 30.6159
 27.1835
  8.5682
 32.2537
 8.50837
 10.1114
 7.31695
 56.0644
  7.0392
 7.88538
 38.0403
 38.8996
 34.9712
 30.3463
 5.47906
 25.0641
 6.64438
 6.27036
 42.8018
0.643927
 57.3433
 2.55461
 26.6126
 5.47114
 42.9375
 43.7386
 36.9804
 23.5899
  28.279
0.997019
 8.68861
 3.88054
 40.0713
 30.5611
 1.27328
 5.78546
  7.8592
 47.0665
 48.4496
 5.24458
 35.0836
 50.2454
 12.6923
 49.6217
  40.824
 2.19917
 41.7078
 25.1949
 49.8623
 44.4612
 30.0221
 35.7951
 40.7042
  9.0261
 49.5409
 33.4205
 32.8949
 47.7909
 52.5679
 13.7244
 22.4379
 34.9487
 38.6206
 11.1469
0.441502
 40.9641
 47.2437
 38.3958
 28.9375
 4.07195
 4.36111
 26.8719
 9.27797
 6.38083
 25.5854
0.211184
 45.8491
  9.4809
 40.4234
  15.453
 36.1218
 6.93285
  3.3299
 32.3407
  18.294
 36.9166
0.178831
 10.3699
 11.0408
 10.2251
 12.7523
 7.59137
 3.96954
 13.4118
 5.05488
 60.0315
 49.5449
0.546495
 11.7613
 9.69375
 4.73589
 16.0995
 1.16347
 25.7773
 18.5058
 4.02256
 4.47282
 34.3801
 19.4856
 4.72273
 31.2813
 6.25469
 17.3131
 28.2459
 29.9452
 8.35616
 39.9452
 21.9723
 13.6821
  16.869
 1.56134
 2.79342
 25.9423
 6.04284
 14.6303
 17.1234
 7.80384
 16.7649
 27.4643
 22.5737
 26.8485
 32.4442
 14.7627
 3.54505
 13.4361
 11.6919
 30.9064
 17.6504
0.512511
 10.2874
 8.77114
 42.2075
 11.7902
 17.7079
 28.0552
  40.073
 4.78598
 4.76918
 28.4254
 9.29341
 5.90075
 1.87076
 11.1197
 11.2924
 2.94754
 10.3298
 3.10915
 8.75674
 10.4607
 16.2033
 3.85802
 25.1756
 4.01054
 14.9218
 8.92661
 10.8231
 6.12341
 8.36523
 13.9187
 1.82361
 5.99593
 37.8777
 40.5045
 3.94767
 10.0784
 3.21314
 10.3427
 26.7849
 14.6477
 15.9568
 15.0634
  26.864
  4.3445
 19.3596
  20.451
 19.7867
 7.42003
 13.8573
 16.7775
 5.84297
 8.43289
 14.7792
 3.44434
 3.85926
  18.387
  2.0455
 8.62435
0.919901
 11.0166
 0.48012
 9.89506
 3.20161
 3.52357
 28.0183
 33.0083
 11.2754
 2.95368
 8.77114
 1.72675
 13.1612
 2.14631
 22.4438
 8.65399
 1.31418
 39.3184
0.484276
  25.164
 12.4333
 6.89256
 17.7284
 43.9845
 3.98144
 24.4497
0.404275
 13.7598
 11.9848
 11.7179
0.368243
 27.3806
 41.2854
 49.3965
  2.4892
 3.72661
 36.7922
 4.80636
 20.4487
 18.0056