  0.219065
   5.77016
   44.7293
   34.7488
   49.6122
   35.2093
   49.1236
   47.2009
   60.0299
   36.7813
   36.9838
   22.0728
   25.8097
   28.0892
   67.6314
   0.12896
   2.82888
   9.54771
   33.8776
   6.36551
   2.32171
   2.43394
   37.4654
   28.8381
   30.8606
   2.44492
   5.28601
   4.58071
   46.7526
   39.2489
     28.29
    26.638
   25.6505
   58.1321
   55.9621
   8.89921
   4.28398
   47.2009
   42.4016
   20.6832
   36.4942
   47.4901
   62.3156
   11.0521
   9.71384
   8.80202
   27.6506
    28.122
   24.3267
   4.91141
   47.1754
   32.2922
   30.5118
   58.9569
   67.7349
  0.792435
   8.84826
   9.15053
   16.1815
  0.596375
    33.016
   26.2628
   34.5652
   61.7427
   37.1887
   22.1238
   25.1949
   5.03757
   20.1257
    31.261
   2.40229
   19.2366
   9.15118
   53.5513
   67.3627
   32.7383
    28.994
    33.715
   35.9392
   34.8124
   9.07933
   43.0632
   38.3848
   44.9514
   6.37394
   1.44122
    42.135
   4.43576
   5.28147
   10.3455
   6.35084
   12.5315
   3.77215
   42.0483
   39.3971
   32.2455
   40.8528
    52.622
   9.78992
   2.23247
   2.22697
   32.9251
   30.8654
   6.80243
   7.02166
   55.5356
   25.2114
   35.2833
  0.690988
   1.27245
    29.306
   18.9005
   57.9224
   19.3117
   0.65364
   41.8331
   2.87721
   10.8112
   51.3723
   15.0668
   37.4257
   10.2656
   4.38926
   7.53278
   36.5091
   29.4382
   12.3549
   53.3883
   4.89539
   31.5158
   18.6805
   32.8982
   9.82102
   50.9257
    57.933
   34.2825
    14.627
   8.48455
   49.9559
   43.1272
   35.4671
   1.41256
   44.0876
   7.80258
   33.8856
   1.06459
    26.094
   14.5912
   31.8912
    33.908
   6.40907
    49.624
   16.9151
    7.7863
   1.19458
   33.1462
   17.2093
   34.8629
   30.0204
   16.5065
   56.3072
    5.6355
   3.59217
   33.8687
   10.9467
   0.75849
  0.944187
   32.4152
   5.78566
 0.0666655
   6.83758
   1.37818
   1.87994
   4.21747
   5.19026
   0.70135
   8.29178
   3.46172
   36.5632
   48.3484
   0.83164
   36.6379
   39.3581
   5.74332
   33.7428
   40.0882
    1.8511
   13.4901
   23.7211
   7.26597
    42.138
  0.940354
    36.202
   27.9771
0.00943214
   40.1797
   14.8612
   3.15082
   36.7326
    30.579
   19.4261
   36.9304
     44.49
   3.92401
   25.5825
   6.59923
   8.51629
   1.87298
   9.95892
   12.2601
   6.59923
   42.0951
 0.0689461
      6.93
   8.34286
   31.5923
   3.61207
   28.3023
   8.01021
   26.2378
   9.01063
   5.05708
   3.65742
  0.385603
   6.38188
   3.24295
   8.24805
   6.95529
   32.4383
   36.7741
   31.7686
    15.902
    43.903
    2.0633
  0.373225
   38.6575
   15.7228
    34.221
     17.45
   18.6704
    23.489
   1.18948
   12.7834
   7.77622
   7.46031
   52.2736
   13.1375
   51.0385
   24.5814
   32.5722
   34.4443
     2.436
   6.30139
   11.4381
   44.9496
   52.3275
   48.9947
   23.3645
   7.75654
   1.38224
   2.36974
   17.6421
   3.12324
   31.9489
   38.0714
   6.74808
   43.3149
   0.40782
   41.3868
    6.9945
   2.02245
   32.6848
   24.6996
   8.52325
   6.68862
  0.579299
   7.86595
   1.56893
   27.8119
   3.69774
    29.487
   8.12594
   13.0822
 0.0558514
   9.33193
   1.24857
    15.784
   19.8196
   2.34317
    1.7645
   1.46983
   14.1196
   2.04956
   9.24661
   9.75479
   33.8915
   13.0807
    9.9457
  0.273602
  0.744525
   29.7054
   18.2637
   8.65069
   16.2621
   9.72485
   8.23649
   25.9624
    4.2879
   9.63194
   1.35673
   24.3572
   19.3636
   3.73645
   2.56859
   10.2847
   4.73026
   4.30756
   17.8239
   6.48248
   17.1445
   9.66278
   40.2717
   10.4669
   11.5071
   48.7982
   2.75991
   3.72339
   8.93071
   10.6377
   15.4967
   9.81339
   15.9669
   5.45877
   7.60132
   6.25975
   8.69871
   11.0149
   3.76271
   13.5938
   2.82461
   28.5335
   33.8834
   7.46529
   19.9772
   26.2927
   33.9929
   22.7578
   1.20747
   8.91314
   34.7743
   28.3522
   33.9823
    44.251
   36.1723
   26.9206
   30.0104
   36.8961
   46.9628
   57.2639
   55.0483
   35.9571
     54.11
   51.3899
   39.4851
   27.4893
   47.4939
   24.3057
   33.6082
   36.7333
   28.8693
   26.7117