  19.6667
  9.91403
  5.66382
  1.55002
  15.6171
   12.392
  2.21727
  15.0366
  4.76337
  5.92314
   1.8508
  7.18207
  2.78507
  10.7303
  10.6844
  6.87207
  15.5884
  22.4575
  23.7277
  11.4697
  27.6153
 0.509615
  43.0577
  18.0015
  30.5503
  30.9364
  27.9013
  4.34075
  1.89097
   26.631
   2.9832
  24.5568
  12.6404
  3.92351
   4.2551
  27.0764
  29.9571
  26.6048
  13.8659
  9.21948
  4.83659
  5.24261
   15.503
  17.4898
  8.44659
  12.7015
  10.3229
 0.466514
  16.5776
  37.7678
   14.896
 0.748318
  23.0425
  8.60285
  20.0535
 0.442331
  7.02353
  11.6695
   9.7056
  16.8774
  24.3866
  2.91367
  40.3296
  39.0983
  27.7017
  46.3959
  1.66856
  7.15814
  2.08255
   28.355
  39.3909
  21.2636
  11.4246
  23.7211
  20.0559
  9.10587
  7.91398
  29.7054
  11.0199
  7.83509
  2.67872
  11.5446
   10.201
  18.6587
  22.3431
  23.3803
  44.9883
  49.8873
  10.5012
  34.0337
  19.9516
  29.9014
  7.61623
  13.7314
  34.1429
  40.6718
  32.1406
   8.9172
  2.36488
  37.7508
  18.1687
  33.7743
   23.563
 0.772628
  2.80549
  6.42784
   5.1133
  5.91271
  7.80966
  12.0734
  40.5362
  39.6674
  16.0255
  39.0488
  37.0874
  20.2267
    37.46
  10.2198
  4.12546
   7.5213
  8.48341
  38.8696
  4.01043
  14.3239
  3.79219
  31.7925
  13.8091
  25.0351
  50.3023
  47.9915
  26.9662
  32.9537
  35.4993
  30.4324
  7.22548
   40.977
  12.5006
  25.9856
  21.2822
  3.19178
  10.3859
  5.61218
  30.2406
  27.2634
  1.36523
  12.4438
  4.98063
  6.34064
  6.95473
  34.3472
  23.5806
  26.6525
  11.2307
   1.8609
  42.7201
   31.148
  25.5356
  5.80919
  6.76769
  1.99204
  19.0885
  31.3014
  7.23723
  4.13449
  1.48452
  2.65027
  21.5693
  5.36562
  15.7579
   39.445
   15.102
  3.89704
  32.1443
   15.356
  50.4284
  30.4131
  39.8605
  29.0672
  30.9184
  25.6416
    47.43
  35.0409
   25.727
   15.608
  11.8984
  27.8619
  10.9117
   7.6581
  29.0664
  22.9594
  24.3315
   16.387
  20.7148
  17.0006
   22.247
  6.56688
  16.6473
  7.42082
  26.2818
  6.20645
  3.52259
  11.8859
  11.0652
  28.8674
  24.9252
  24.8364
  4.54704
  26.0172
  32.2841
   47.712
  18.6495
  19.8741
  24.3062
  36.4834
  20.1703
  27.9037
  10.1747
  40.9913
  39.8124
   5.0558
  22.4565
  1.79998
  31.5978
  3.16653
  42.0788
  10.5827
  4.05031
   38.576
  26.7794
  10.7801
  35.3464
  10.7402
  20.7143
 0.749961
  15.5527
   7.5103
  3.73395
  44.0588
  22.2824
  36.7311
  28.7881
  12.8958
  14.1423
  37.7988
  4.36629
  11.1851
  8.39756
  31.2488
  7.27319
  21.9093
  3.92982
  3.57075
 0.881627
  32.2197
  7.30252
  26.2596
  12.0002
  7.99143
  13.5283
  9.65262
  7.56181
  8.61876
  13.5122
0.0244367
  33.2873
  3.09571
   5.9266
  26.4499
  27.2187
  41.4516
   8.5504
  40.6999
  15.7449
  20.1692
  10.5455
  9.99904
  3.36173
  4.94882
  24.5844
  32.7368
  43.2045
  39.0134
  32.4581
  14.1202
   11.065
  38.5012
  9.11364
   2.0193
 0.444304
  12.8116
  7.03697
  24.0813
   35.226
  38.7809
  40.6123
  50.3167
  10.4726
  14.8559
   13.503
  43.4673
  18.2874
  7.21681
  24.4751
   25.482
   3.8505
  26.2151
  24.7005
  11.0926
  37.2908
  12.6041
 0.761824
  17.9588
  24.4364
  10.3075
  6.26039
   14.183
   28.544
  27.0112
  48.4783
   23.249
  25.4337
  27.1385
  34.7818
  4.38451
  7.46834
  16.4106
   5.3676
  32.9977
  39.9199
  2.60142
  11.9023
  5.84781
  21.6429
  31.8367
  5.75241
  12.2095
  1.82503
  24.5425
   21.868
  9.44088
  8.71008
  4.32098
  35.9339
  6.90929
  14.2887
  4.90311
  4.94326
  27.3693
  31.4827
  13.3198
  12.1995
  13.9686
   27.776
   16.165
   13.786
   37.821
  24.8766
  27.2736
  37.9519
  1.48688
   11.963
  4.53167
  14.5416
  7.18435
  31.5883
    12.72
  27.7389
 0.895758
  1.69345
  20.5713
  2.32899
   7.7417
  30.5252
  25.8749
   15.968
   7.8426
  25.2923
  29.1977
  5.18196
  5.04714
  5.50834
  25.4514
  30.7813
   2.7643
  25.6334
  9.38395
  2.95042
  13.3198
  21.2671
   30.975
  7.79689
  43.5536
  31.3391
  18.5037
   15.703
  42.6529
  15.1259
  25.2509
  4.57109
   6.6975
  34.3947
  6.08639
  26.4875
   13.364
  19.3881
  9.05012
  24.2264
  9.88148
  8.24953
  21.4743
  22.8378
  19.4224
  44.4152
  6.10468
  23.8844
  15.2209
  30.4447
  25.4902
   33.847
  23.0648
  17.6113
  12.1428
  14.6066
   4.7716
  8.34329
  24.3833
  43.1225
  37.2825
  14.6034
  12.1713
  4.24441
  12.8785
  8.46179
  29.0385
  10.6256
  24.3836
  32.7576
  34.2791
  28.1794
  22.1177
  22.2915
   21.676
  17.2911
  2.08968
   20.686
  12.9629
  12.6608
  3.70053
   19.228
    45.33
  37.5376
  29.6332