 36.3399
 67.3412
 63.3492
 8.56707
 50.1321
 13.3231
 33.3074
  55.721
 68.5236
 57.9439
 56.3999
 65.8844
  9.9027
   57.57
 63.1544
 30.4546
 35.5916
 37.1881
 67.6226
 52.3415
 70.2024
 60.3643
 48.0275
  57.395
 67.8674
 62.5392
  33.431
 47.7655
 56.8703
 45.4182
 58.0323
 44.4446
 43.7755
 66.7614
 61.9301
 56.5426
 62.3038
 61.9597
 59.3318
 37.7304
 61.8779
 35.8425
 66.4999
 40.1468
 44.7209
 48.7081
 64.0462
   33.99
  42.104
 28.0491
  67.423
 49.7467
 35.1062
 71.3541
 30.7244
 64.7337
 63.4131
 63.8887
 60.2841
 58.9615
 59.4989
 40.6748
 63.9388
 23.5546
  8.4053
 8.72986
 9.82898
 6.73537
 2.89054
 2.48208
 5.73672
 1.00935
 2.87946
 1.37832
 70.5323
 5.09514
 9.59716
  2.2291
 3.54871
 3.79219
0.297814
 6.00686
 6.42841
 2.39199
 3.31234
0.953552
 7.68254
 4.01835
 1.34106
0.984866
 7.09653
 63.7283
0.314887
 3.23491
 1.16174
0.241788
  6.6277
 3.00924
0.184877
 1.32091
 10.2441
 1.92981
 3.17988
 7.69772
 2.90999
 1.75236
 12.5086
 42.9102
 5.03649
 44.2009
 52.6748
0.135764
 4.69903
 7.69325
 69.7359
0.196457
 3.31249
 43.2835
 2.59874
  6.6328
 8.25091
  7.0413
 3.98179
 59.8283
 4.90127
 10.2779
 2.32225
 64.3941
 6.04716
 31.5204
  1.9933
 0.27724
 3.65367
 12.2714
 11.5161
0.954764
0.889928
 8.04275
 4.18183
 1.55525
 49.9132
 7.70484
 5.42745
 23.9744
 6.82319
 13.3178
  5.0807
 33.5956
 1.49785
 3.75977
 4.94066
 35.8654
 12.5533
  3.2362
 2.11275
 11.7656
 8.90239
 10.2698
 6.76157
 1.42265
 0.15636
 2.12518
 2.36332
0.402867
 36.6905
 1.29442
 2.54604
 3.99778
 9.34178
 12.2022
 6.89769
 10.1783
 9.55842
 11.5237
 5.25874
  1.0698
 4.27281
 2.35714
 1.80097
 6.03656
0.601107
 11.6264
 7.05626
 28.8687
 43.0222
 2.15978
  6.8856
  3.6263
 2.52505
 12.9588
  67.065
0.643094
 52.6486
 7.93815
  6.5821
 13.3999
 5.12762
0.625686
0.202595
  11.871
 1.35685
 4.65739
 3.80388
 5.46916
 14.3264
 4.03268
 8.52506
  2.9715
 4.69695
 1.49662
 3.58752
 5.72897
  8.0271
 9.50918
 3.62329
 56.1301
 10.4035
 14.1339
 1.42075
 2.13609
 22.7707
  11.243
 2.23404
 10.4237
 5.14841
 11.9683
 5.01149
 3.99288
 10.2602
 11.2088
 63.5529
 2.02071
0.976362
 3.48927
 8.14303
 5.86711
 6.10328
 2.65302
 6.09758
 3.37863
 31.0477
 57.0949
 51.4184
 10.5747
 7.66185
 3.36994
 1.89154
 2.53441
 2.34116
 1.32305
 9.80494
 8.93379
 6.14149
 13.3383
 4.41779
 11.1073
 10.2518
0.686485
 10.2843
 9.50637
 10.5629
 4.09949