  12.3552
  3.02237
  15.2069
  14.5389
   5.4181
  1.47821
    3.404
  1.62323
  7.78894
  3.05225
  8.52711
  3.43639
  7.97816
  4.48197
   24.241
   4.3666
  24.2948
  7.52489
  19.7801
  13.1727
  13.8916
  5.28598
  20.2485
  7.50884
 0.975998
 0.874558
   22.089
  1.73258
  6.87127
  16.4811
  20.9599
  4.28795
  7.59225
  2.53878
  6.42133
  11.8303
  5.63923
   4.3797
  6.70448
  16.0221
    18.97
  1.81098
 0.900858
  7.96555
  5.96694
  9.60128
   9.5738
  18.3531
  11.5219
  15.3442
  17.3214
  17.7248
  10.3216
  18.1205
  15.4924
   2.6811
  18.8732
  15.4066
  4.58505
  10.4513
  8.15215
  12.1894
  15.9931
  30.8188
  2.22242
  15.7974
  7.12082
  3.88696
  13.7806
  2.43044
  16.2389
  9.08591
  21.7188
  4.68825
  15.8298
  11.0222
  8.38374
  3.34137
  3.21868
  14.2298
  6.80523
 0.775134
  2.34556
  10.5881
  14.0329
  7.37409
  7.29914
  5.50953
  12.6709
  6.52175
  16.1223
   15.696
  16.7873
  20.3986
  5.22209
  17.8048
  2.73382
  14.6526
  6.10734
  4.23732
  26.0489
  34.0605
  11.1522
  11.9459
  8.46265
  10.1984
  13.4958
   3.5867
  1.12342
   20.315
  8.41336
  1.83011
  11.5884
    25.79
  5.67036
   3.5433
  17.1344
   6.1648
  4.55771
  5.98091
  16.0151
  16.0124
  27.1439
  1.13169
  13.3839
  2.75594
  19.8488
  7.97964
  8.33255
  12.3047
  17.8725
  7.10506
  13.3147
  6.07626
  14.0687
  7.67262
  12.2625
  4.82408
  22.2164
  6.36504
  16.2781
  10.5571
  26.8143
   14.883
  10.7909
  2.49651
  4.06212
  1.75995
  12.3512
  6.75665
   14.791
  10.9713
  2.04335
  16.6917
  3.22208
  14.7514
  7.24369
  7.97633
  1.72901
   16.229
  18.7308
  9.25239
  7.75137
  12.8175
  19.4049
  1.33045
  10.7611
  14.7771
  3.37053
  1.46197
  7.27538
  2.78526
  7.58493
  1.64409
  5.86879
  3.64385
  11.9679
  22.6709
  18.3963
  1.14095
 0.517945
  4.17909
  12.1811
   33.826
  26.9083
  9.91314
  2.07212
  3.92232
  16.0317
  2.14855
  0.68336
  3.65078
  6.94769
  16.2661
  13.3815
   40.133
  13.6993
  8.01821
  11.9812
  5.26972
  7.36713
  16.3795
  6.74197
   10.813
  1.12367
  16.9097
   19.881
  19.0264
  1.16885
  12.0376
  12.7467
   2.6564
  2.74476
  6.24363
  5.40778
  6.77582
  11.2877
  15.5623
  16.3731
  14.2663
  7.14103
  14.0345
  5.22329
  1.95719
  15.0552
  19.0308
  26.8748
  6.96445
  2.85699
  9.78202
  14.5912
  7.33472
   13.498
  24.1192
  7.65061
  0.89012
  33.9285
  39.1461
  42.6202
  2.58838
  2.52988
  7.26966
  21.3958
  1.99336
  6.33137
   11.777
  6.33891
     7.46
  28.3925
  2.58379
  6.09897
  25.6067
  1.82525
  29.5923
  6.83316
  19.8737
  16.1996
  12.8005
  12.7019
  17.4585
  14.3833
  15.4519
  3.29161
    14.23
  16.4388
  8.77766
  1.22434
  21.8131
  10.8539
  11.4985
  5.22871
  8.51349
0.0732143
  15.3458
  23.2725
  30.7027
  9.10972
  50.8653
  12.6246
  11.0474
  28.0052
  14.8981
 0.405205
  7.31551
  6.24424
  16.0943
  18.6764
  23.1294
  1.77302
  36.8297
  24.9198
  36.7783
  41.7563
  14.3231
  15.0061
  7.96049
  5.03883
  25.0969
  6.17446
  12.4787
  41.5941
  28.2994
  14.4527
  13.7664
    11.55
  3.30233
   27.283
  15.1298
  9.83298
  1.97651
 0.787186
  14.1528
  10.2477
  13.6659
  9.76775
  21.5786
  53.3488
  9.06372
  3.35812
  15.6846
   6.3121
  2.32484
  1.50954
  7.41871
  5.59995
  14.5211
   22.932
  12.6575
  6.80877
   3.5586
  12.3036
   18.752
  8.85843
  40.9307
  15.5796
  45.5717
  6.16992
  29.6084
  5.72804
   54.787
  4.73255
  9.99053
  24.7733
  25.6781
  52.3528
  15.2084
  11.9245
  26.2142
  13.7503
  12.3197
  56.4892
   10.354
  21.4883
  49.2798
 0.578305
  15.7627
  54.7496
  42.6507
   15.176
  39.3853
  2.54331
  5.08436
  11.6016
   14.945
  30.3562
  18.0903
  49.0099
  7.91066
  5.46962
  1.15076
  17.0278
  13.5944
  6.11711
  17.0391
  23.2619
  22.0895
  48.5644
  46.3781
  14.7553
  42.3307
  21.4625
   15.068
  42.2286
  13.8892
  41.3102
  27.5509
   19.793
  1.23496
  9.76192
  3.36306
  12.5603
  3.93489
  8.35009
  8.09806
  48.6371
  46.0136
  49.3694
  52.1933
   63.279
 0.551158
  41.1467
  15.4472
  11.4956
  49.5033
  20.4656
  3.38854
  7.53835
 0.359803
  13.4085
  18.2766
 0.016721
  41.2936
  28.6579
 0.185563
  34.4719
   6.6026
  42.6064
  5.79249
   32.926