  16.0917
  19.3163
  5.09822
 0.716957
  15.4873
  4.81037
  5.02616
  7.65319
  7.25963
  13.9705
  1.85037
  7.07324
   5.0747
  13.7641
  19.8484
  0.86212
  4.14705
  13.3716
  30.1341
  17.7915
  7.33954
  43.1279
  23.7726
   38.499
  27.1134
  29.9715
  33.8917
  42.5485
  16.3058
  27.8595
  40.1573
  23.3233
   27.998
  5.37468
  7.77352
  27.5398
  16.6086
  21.7093
  39.8633
  26.8678
  7.25963
  3.66602
  6.10977
  18.9907
  1.99717
  1.65979
  7.07121
  2.73342
  3.58715
  42.1045
  50.3236
  28.3518
  23.1395
  14.8289
  7.15075
  9.26245
  9.67383
  1.44191
  7.18113
  11.9186
 0.592555
  49.4908
  23.3528
  24.3479
   49.782
  47.8847
  13.2404
  41.2141
  30.2871
  18.7724
  17.5476
  27.1556
  41.8572
  25.4043
  21.5994
  27.8198
  3.18056
  4.42019
  22.0199
  23.1395
  8.73333
    23.45
  16.8841
  24.0356
  5.39205
  65.7125
  46.7389
  46.8905
   38.211
  2.37731
  43.6908
  30.4995
   63.028
  4.79322
   49.135
  48.7513
  31.6148
  10.5633
  26.9809
  16.2662
  33.3689
  58.6262
  9.65523
   26.139
  11.7484
  6.38238
   5.0572
  7.05586
  3.91322
  40.7031
  40.8495
   41.773
  57.6838
  29.7976
  13.3716
  29.3737
  10.0764
  13.0258
  9.58036
  2.74112
  12.3592
  5.78467
  61.8452
  18.9137
  20.3014
   35.154
  50.3958
  47.9231
  50.5854
  63.8222
  63.2888
   2.1107
  27.3684
  34.0923
  14.4376
  29.6906
  46.8454
  51.1864
   2.4478
  8.15382
  29.3756
  9.51026
   43.818
  59.4953
  13.5463
  15.2358
  8.00766
  11.7691
   41.273
  4.58274
  1.40048
   26.787
  24.1115
  30.8894
  45.6152
  3.51892
  8.65209
   26.314
  14.6751
  13.7109
  29.6356
   5.2367
  42.3331
  32.1235
  6.55358
  45.2043
  8.97991
  23.9351
  50.8704
  34.1065
  57.7924
  55.2353
  58.2787
   33.092
  48.2012
  63.0997
  48.6404
  2.98233
 0.326761
  49.4052
  2.96671
 0.774652
   44.836
  21.9071
  21.5252
   41.303
  4.65729
  3.02653
  1.51308
  43.7916
  51.2778
  18.5932
  11.0069
  15.4539
  14.0131
  16.2492
   37.495
  48.9208
  56.4709
  19.0142
  17.9044
  43.4041
   36.213
  29.5315
  4.31383
   60.843
   58.596
  11.7456
  59.1431
  34.7415
  8.01947
  56.4507
  35.9225
  2.09181
  15.9401
  36.4227
  16.1488
  41.7849
  4.97687
  7.67436
  36.0654
  40.4343
  53.5386
   8.3504
  14.4462
   43.264
  6.29598
  7.26385
  36.9935
  14.6708
  62.6009
  8.63382
  2.87138
  60.8229
  1.88904
  8.00688
   11.131
  58.1548
  34.5401
  2.28642
  7.22458
  55.5745
  19.8946
   19.333
  3.33421
  6.95609
  8.49557
  19.1322
  2.10904
   4.6051
  5.98048
   9.1194
    26.28
  11.4052
  6.30174
  19.2629
  15.5529
  46.8864
  9.95558
  38.3631
   13.425
  12.1531
  2.75774
0.0299821
  53.6796
  21.1195
  37.6155
  43.3755
  45.5005
  5.15211
  5.01521
  11.0272
 0.503811
  28.7383
 0.162687
  3.85632
  34.9258
  34.1866
  40.0316
  51.3787
  5.09706
  6.39511
  24.3003
  51.5407
  43.6435
  7.40152
   26.832
  5.11055
  10.9102
  51.0426
   48.985
  26.5086
  6.70119
  27.2506
  64.2569
  10.2648
  12.3154
  12.1226
  9.87056
  32.1966
  23.5544
  19.7635
  50.1808
  56.3465
  39.8433
  19.7679
   29.224
  11.9219
  59.9521
  15.7926
  13.2501
  4.02421
  23.3422
  18.3877
  6.82707
  25.7712
  61.3631
  40.7976
  16.4586
  18.7535
  7.17365
  15.6175
  28.3481
  21.5013
   10.087
  19.5287
  33.2072
  8.06978
   1.3058
  27.3284
  13.4346
  54.8765
  63.3658
  8.17144
  28.9642
  8.76122
  5.44391
   17.366
  1.43393
  13.4831
  43.3064
 0.881261
  12.9331
   14.634
  42.2094
  56.5862
  9.16823
  1.60979
  13.9599
  44.9069
  17.5619
  30.8104
  16.9482
  23.1552
  2.98467
  20.7513
  12.8328
  29.5053
  40.2544
  19.4848
  30.3821
  29.5184
  48.2331
   16.657
  13.8014
  1.26236
   35.244