 19.0443
 5.89733
  12.386
 10.0622
 35.4365
 38.7403
 17.4348
  4.1576
 6.34442
 6.09042
 1.18038
 1.02235
 3.86477
 10.0194
 5.84238
 7.21052
 6.06805
 6.95437
 4.19637
 15.9239
 25.4966
 21.2604
 27.4839
 3.21225
  4.0117
 11.5237
 1.42712
 22.4502
 11.4206
 18.2993
 12.7732
 17.0818
 8.17995
  15.257
 12.8085
 8.55125
 2.11209
 12.2802
  15.183
  14.911
 14.1787
   27.77
 8.78912
 9.59521
 2.50052
 1.70469
 0.78327
0.477474
 8.18779
 24.7045
  18.847
 20.2265
 13.6807
 28.1189
 29.3338
 20.9287
 24.1675
 17.2128
 23.7299
 16.7147
 17.1236
 4.62084
  21.314
 8.75692
 18.6776
 29.0131
  21.137
 27.1084
 22.6067
 14.2171
 11.7901
 15.7684
 13.7521
 15.6408
 2.68163
 6.65144
 25.0281
 14.0677
 12.3195
 36.8568
 43.0438
 3.31731
 18.4412
 2.86911
 36.7847
 13.0298
  8.4089
 13.4745
 19.3333
 45.8621
 23.4883
 20.1815
 10.4988
 16.2339
 19.9833
 29.1281
 18.0099
  19.837
 35.5237
 8.90708
 9.87003
 10.1292
 1.63619
 11.0431
  7.7152
 19.6259
 2.20864
  18.696
 25.8436
  33.898
 26.5173
 23.8083
 11.8507
 15.6623
 14.8387
 4.78082
 23.1761
 15.0064
 20.2424
 26.6487
 4.73241
 10.3329
 15.0328
 9.62027
 13.7366
 0.43661
 1.10013
 5.08662
 7.81079
 3.99627
 7.15671
 11.6033
 22.9386
 23.1902
 10.2399
 7.06586
 9.57139
  18.637
 19.2349
 26.1053
 16.8747
 13.8317
 21.7089
 8.28308
 27.7091
 14.3712
  29.986
 20.1053
 17.8957
 14.7583
 4.50325
 11.0113
 34.2615
 27.6881
 27.7584
 15.4663
0.609355
 6.79647
 7.79976
 30.9698
 21.6237
 31.1969
 17.9526
 30.4242
 6.29044
 19.1212
 4.52347
 8.33835
 25.6387
 14.7847
 2.03054
 9.88222
 35.3489
  4.7936
 17.3182
 21.4739
 27.2432
 33.2685
 6.63514
 19.0909
 5.86144
 9.99736
 6.71787
 25.8824
 21.4509
 17.4188
0.734565
 10.5907
 22.2944
 21.2089
  7.9885
0.681958
 5.18256
 35.0916
  1.9817
 5.79075
 17.5297
 35.3618
 9.39388
 24.8054
 21.1955