  41.1015
  24.9515
  26.3863
  34.9939
   11.134
  5.82562
  6.12802
  9.73169
  11.2181
 0.390022
  4.02926
  0.17884
  38.8142
  19.8361
  7.81633
  12.0486
  7.86662
  34.3105
  13.5482
  27.0422
  31.0052
  25.1236
  24.5018
   16.751
  14.3746
  16.9206
  1.62597
   16.325
  33.2683
  13.4564
  18.2557
  7.41717
  10.8955
  12.0664
  6.43491
  13.3763
  11.2502
  38.0707
  22.4067
  31.0165
  3.80179
  23.6393
  23.6415
  9.29007
  9.24338
  4.25033
  7.69286
  25.6394
  10.7066
  4.71405
  31.5032
  4.28617
  13.3472
  25.4889
  8.44958
  8.63909
  32.3719
  27.9334
  6.53173
   3.9309
  4.04093
  2.23901
  10.8753
  31.6061
   6.8788
  9.74442
  3.49743
  19.1481
  20.7525
  5.16519
  22.9479
 0.563802
  12.1661
  10.7922
  7.41037
  6.40002
  12.4884
  29.2347
  17.5884
  21.0076
  11.2155
  35.2454
  7.53421
  11.4094
  14.5105
   7.2822
  10.2166
  5.96271
  5.12453
  26.9736
  7.68505
  13.5409
  14.3165
  2.58621
  12.3205
  28.7671
 0.308968
  3.02567
  4.35884
  6.67223
  17.9481
  10.5199
  20.0776
  18.2582
  18.6074
  24.1807
  17.3099
  25.9432
  23.2567
 0.430382
  15.6614
  3.35628
  30.7419
  4.91268
  16.2377
  30.8137
  2.85055
  11.7892
  5.84633
  6.27202
 0.353632
  13.0953
  3.10964
  3.94094
  17.1888
  11.9747
  17.0335
  18.7944
  25.1845
  19.7063
  33.8477
  11.9537
   19.522
  11.9405
  15.7645
  17.2935
  9.68077
  7.28444
  26.7339
 0.894133
  20.0107
  3.55471
  3.88404
  8.98231
  19.2043
    9.643
  2.43892
  8.99587
  7.30108
  5.76109
  17.2519
  29.4388
  11.1826
   9.2294
  5.60976
  30.9365
  8.04274
  15.8196
  16.4974
  36.4016
  24.6553
  37.9797
  17.8021
  17.6476
  11.6806
  13.6323
  11.0034
  28.4699
  18.0002
  20.8584
 0.892879
  11.0632
 0.415005
  4.19346
  25.9511
  1.12484
  4.47306
  4.27123
0.0322829
  11.4976
   28.109
  14.5494
  38.8863
  8.41864
  19.8654
   32.578