  8.46154
  14.8291
  20.1839
  26.1194
  31.2713
  3.95451
 0.713726
  2.66816
  1.01613
  4.87761
  1.54006
  5.77724
  1.74971
  2.22294
  1.20806
  1.23191
 0.729935
  9.42459
  4.55986
  10.4753
  7.80086
  3.69428
  4.52216
0.0191515
  3.17782
 0.984435
 0.929149
  4.68943
 0.107251
  4.57332
  5.67052
  1.93234
  1.67416
  3.56339
  7.43065
  11.1596
  2.38305
  8.10292
0.0780468
  9.85419
   2.0692
  5.26057
  30.6441
  27.5126
  18.2063
  23.9512
  12.3699
  5.09762
  13.4961
  2.46954
  9.01076
  7.67236
  3.07294
  9.70945
  14.7199
  19.4935
  18.8249
  18.1614
  4.38148
  3.65321
  0.76009
 0.178743
  10.7753
  1.99168
 0.609793
  3.75922
  6.14319
  5.48921
  4.49135
  12.8916
  3.49775
  1.44171
   1.7531
  4.31075
  12.5301
  6.12161
  17.1478
  24.8609
  3.92607
  34.5538
  6.47026
  8.95672
   1.6497
  3.73984
  24.0824
  3.25392
  4.88663
  3.57601
0.0584046
  11.3639
  2.88312
 0.337964
  19.5899
  22.3168
  13.5956
  6.97837
  18.0882
  8.04896
  15.0634
  8.88094
  3.32178
  14.9196
  4.56724
  9.54114
  18.5378
  13.9909
  9.76904
  7.94438
  15.6466
   18.052
  25.3731
  3.34716
  0.75894
  18.2015
  5.99885
  22.8634
  1.69657
  14.9304
  6.24955
  10.4888
0.0803127
  19.5861
  4.97693
  12.1987
  3.63488
  6.04167
  4.90669
  7.96504
  10.8616
  19.5213
  23.0505
  3.75922
  3.27964
  3.19651
  25.5377
  11.8767
  10.3211
  15.4524
  4.50894
  14.9489
  23.2012
  23.8898
  5.31202
  18.8405
  1.33259
  11.6739
   22.903
  10.6369
  13.7971
  21.3432
  19.1979
  17.2784
  3.59876
  6.17304
  8.77594
  2.78535
 0.440799
  34.4886
  16.1855
  21.5532
  20.6463
 0.216087
 0.466051
  2.20776
  13.7039
  30.8608
  33.3633
  3.90504
   7.7207
  6.45917
  13.1766
  14.2699
  21.8224
  6.82496
 0.178556
  1.75074
  22.6848
  17.3439
  29.0113
  10.3908
  5.02688
  7.21126
 0.872983
  8.42096
  15.4192
  10.9137
  15.9539
  5.26261
  3.40691
  24.5019
  20.3173
  7.41298
  5.95134
  3.72463
  9.17609
  10.7278
  6.21859
 0.846259
  2.91493
 0.267178
  14.6517
  1.49677
  12.6884
   16.356
  20.2751
  1.07436
   6.5071
  9.34651
  18.3657
  14.4204
 0.766093
  6.06563
  10.4626
  8.13873
  10.2729
  6.54851
  15.5562
 0.130412
 0.981901
  12.0085
  36.3076
   6.1719
  11.0725
  18.9264
  13.3409
  6.76722
  17.6838
  2.90941
  3.15852
   20.384
  16.7707
  12.5979
  10.0591
  24.1449
  14.4472
  18.0625
  9.13377
  22.0517
  20.0309
  8.56584
  20.4897
  10.2509
  1.88934
  7.83547
  5.64304
  7.32074
  13.3771
  2.35197
   1.8679
  27.3438
  7.92007
  1.73371
   23.476
  28.4952
  3.98492
  3.31499
  3.88513
  29.9629
  7.82651
  1.33497
  9.45898
  21.4993
  9.02863
  3.22971