  5.62446
  14.1524
 0.243419
  3.06049
 0.918883
  18.2622
  0.11805
 0.897619
  6.81062
 0.595643
  5.43526
   1.1865
 0.129906
  3.64213
  4.86759
  4.85898
  2.36365
  12.8279
  1.21637
   8.1316
  9.01497
  1.15043
  5.35986
  7.84273
  7.08329
  11.2873
   8.7583
  5.86285
  14.5409
   11.865
    18.87
  12.7736
 0.282039
  1.68697
  4.32996
  3.16415
  6.41449
  3.02104
  20.3269
 0.489268
  10.6925
  17.3798
  10.2307
  5.96495
  1.76988
  5.33001
  2.88024
  12.2055
  1.63324
0.0457083
 0.469693
  1.71596
   8.0585
  5.74676
  12.7714
  4.98106
 0.204542
  10.1799
  2.26232
  1.99898
  6.05543
  5.21351
  12.2301
  10.5428
  1.16845
  2.47756
  8.08762
  7.29638
  12.2039
  13.5573
  3.08741
  13.0795
  9.30167
 0.451893
  14.5034
 0.458075
  7.30638
  6.95273
  3.32553
  2.99892
  3.42324
  16.6098
 0.771043
  3.44865
  1.84417
  4.84904
  3.34272
  12.3631
  21.9491
  17.4744
  18.2667
  8.14739
  10.8085
  4.37663
  13.6772
   4.8078
  18.0376
  16.9461
  7.38761
  3.22302
  1.35111
  8.41402
   4.1946
  20.1593
  4.36701
  1.16811
  19.1796
  17.7401
  19.7493
  6.67316
  3.93442
  1.92957
  7.81682
  3.71068
  15.9034
 0.237122
  8.36538
  5.91795
  2.34172
 0.836933
  14.5545
   5.7624
  15.3942
  24.1668
  32.0081
  1.90083
  11.7021
   4.5152
  3.74301
   3.3925
  5.90093
   8.9561
 0.276441
  6.31832
   6.0167
  6.51259
  11.4887
  16.0156
  3.03123
  17.3508
  4.92222
  1.50976
  1.69268
  8.86091
  0.35291
  15.4005
  16.5812
 0.758982
  23.9997
  13.0137
     9.02
  4.65245
  5.14789
  3.77138
  10.3067
  4.68394
  14.6537
  6.95531
   12.069
  3.73797
  3.58797
  8.81768
  2.60548
  17.6216
  7.83332
  6.43363
  12.4012
  10.3882
  12.7111
  2.39169
  3.49908
  17.5341
  1.04531
  9.66317
   3.8599
   9.4574
  13.0632
  13.2158
  16.6041
  18.9331
  22.7473
  4.72602
  11.8942
  4.98272
  2.27697
  17.0158
  6.04784
  12.0274
  1.89123
 0.219183
  5.14084
  17.6339
  5.09927
  5.82794
  16.8165
  4.47471
  10.6012
  5.04468
  8.14322
  7.13316
  18.8077
  14.8479
  1.76471
  21.8193
  21.1877
   5.3495
  17.1045
  20.8258
  19.4435
  22.7088
  13.7118
  26.9501
  3.33238
  21.3876
  10.1001
  23.1976
  19.9229
  20.1577
   6.4079
  1.52542
  2.17105
  21.5554