56.2036
17.3517
58.6091
49.5922
13.8177
33.0771
29.0306
14.1787
54.0281
23.1335
18.3982
69.9713
52.2523
 30.759
66.1283
49.2707
33.9566
19.4194
46.5698
40.5829
11.5351
41.9956
31.4339
53.7411
67.2206
40.6166
42.5665
62.0369
83.5946
37.4532
34.4566
36.8274
63.1221
58.4106
55.3297
45.9481
38.2812
38.8019
36.7048
86.2782
38.3063
60.3162
45.7391
37.4396
56.0457
37.5048
84.0572
8.44373
17.4079
10.8156
13.2558
24.3861
40.1454
38.4425
25.7816
48.4245
25.4738
23.1546
35.6952
17.2087
16.3482
28.3056
11.8417
70.7054
35.1339
35.3782
45.4609
9.03074
16.1107
29.8219
 49.508
43.8258
76.3928
 16.349
49.2059
46.3369
50.0346
21.4624
5.73091
23.0458
23.5284
25.3881
29.7542
52.7329