   13.9468
   19.6008
   6.68875
   20.3057
   8.62841
   10.0881
    17.111
   17.7263
   21.4382
   12.7037
   21.5202
   31.5309
   8.87941
   15.5126
    11.464
   11.9121
   12.9965
   16.7929
   13.8172
    20.529
 0.0228654
   28.7184
   25.0962
   13.8873
    6.7407
   5.57311
   6.89963
   18.3685
   18.1766
    9.7557
   12.0893
   17.6723
   7.22176
   1.94117
   15.3097
   19.3234
   22.8637
   12.5186
   23.5572
   21.4849
   12.3816
   15.5957
   8.53223
    0.8835
   2.95076
   13.4241
   19.1792
   17.4537
   6.40664
   11.4953
   17.7021
   14.6895
   4.83879
   20.3977
   6.25616
   21.6004
   11.1515
   15.1091
   6.12086
   3.98581
   1.82262
  0.146374
   1.05647
   18.0369
   17.7037
   17.8641
   3.61333
   5.29857
   18.3866
   22.8893
    9.8483
   8.39157
   24.9476
   11.7191
   6.94065
   12.4473
   17.3769
   9.78472
   4.78096
   15.3272
   10.1903
   21.6846
   18.4105
   17.9492
   8.79995
   8.35482
   4.05877
   3.27564
   13.2108
   11.8684
   8.83797
   9.43462
   3.72021
   2.81602
   12.7402
   11.9995
     8.601
   21.4087
    5.7238
   23.1895
  0.740095
   10.0385
   3.86569
   1.30472
   1.32608
   7.25429
   12.7814
   15.0858
   10.7235
   17.4924
   2.84422
   9.35624
   18.7154
   5.96524
   7.82112
    6.5086
   6.32245
    6.6188
   13.5057
   32.2163
   17.5888
    17.691
   26.7618
   1.81949
   5.01295
   4.11375
   5.05216
   18.6131
   6.38476
   19.5703
   17.5705
   7.99149
   34.8949
   7.47382
    33.072
   7.84013
    16.136
   11.9856
   14.8038
   19.5363
  0.249527
   16.7454
   11.5502
   4.33715
   2.38137
   5.99805
   3.05004
    6.8149
   3.05522
    4.5443
   5.43411
  0.999742
  0.899314
   3.60552
   4.22449
   8.42304
   12.8326
   8.14894
   2.42301
   7.51151
   1.07495
   14.8164
   7.78345
    4.2271
   4.87566
   7.22562
   5.63018
   4.33007
  0.531721
   1.86596
   6.63723
   8.18773
   1.24724
   15.6028
   6.13833
0.00366312
   13.3297
    7.1678
   10.1639
   5.92925
   2.55744
   5.00317
   3.49745
   4.54203
   7.10697
   2.76902
   1.50601
   7.98972
  0.361214
   12.6909
   1.97109
   7.25968
  0.447946
   2.86119
   7.38318
   3.27111
   5.48748
  0.458557
   19.4381
   10.6204
   14.5911
   4.23429
   17.6931
    21.786
   6.94858
   4.08855
   3.39231
   6.14055
   7.52541
   8.45562
   11.3234
   5.49596
   18.1559
   15.7924
    4.9597
   23.3993
   6.69464
   4.05807
  0.697562
   5.85119
     5.121