  18.1382
   1.1373
   17.118
  9.42252
  7.08299
   3.8039
  6.83761
  1.28539
 0.330175
 0.970159
  5.32481
  1.80704
  2.61738
  16.0434
  20.4359
  2.74368
  19.3295
  17.4634
  20.9946
  1.14132
  15.0124
  13.4384
  6.46206
   16.579
  21.1546
  13.9985
  14.3225
  10.9999
 0.630049
  2.23485
  0.89565
  4.87803
   0.3399
  1.09874
   18.511
  18.0959
  13.4154
  16.0539
  12.2396
  18.5477
  12.0357
  17.7616
  10.2325
  11.2048
   11.424
  23.0975
  12.2298
  12.8696
  13.9716
  7.18769
  9.94934
  13.2846
  2.03513
  16.3147
  10.7697
  23.0085
  8.73102
  18.1068
  1.65668
  16.8406
  4.99481
  4.24341
  5.58775
  3.52128
  14.4118
  10.3067
  6.01246
  26.8488
   28.524
  5.21749
 0.151097
  8.25287
0.0288234
  7.45492
  3.56552
  9.38315
  7.65656
   14.381
  7.69444
  14.6836
  18.8755
  6.09321
  15.1287
  10.8147
  11.6078
  6.31588
  8.30381
   1.0443
 0.420165
  2.45556
  5.16657
 0.150375
  5.39784
  14.2503
  7.31387
  2.11314
0.0770334
  16.5484
  4.39103
  3.62473
  1.57576
  15.2509
  5.60799
  8.00423
  2.27511
  9.10667
  17.0342
  4.36457
  4.56527
  14.1503
  1.05795
 0.373041
  13.0994
 0.221626
  13.2687
 0.441966
  24.9343
  4.31318
  2.20435
  25.3988
  7.58965
  11.4317
  1.78348
  17.2421
  1.01581
  8.31382
  1.88977
  1.46981
  2.71701
  0.27744
  2.22935
  2.70723
  18.9791
  29.2628
  27.5818
  4.08265
   17.694
  8.89041
  13.1702
  5.29554
  14.9018
   15.123
  12.6804
 0.807554
  5.47617
  16.3378
  8.94543
  3.86784
  12.5404
  1.81139
  7.68663
  3.89394
  25.6097
  4.30449
  32.8286
  9.76921
  12.0436
   13.817
  6.33931
  25.0941
  1.71225
  11.9405
  12.7873
  28.0082
  17.0138
  7.65298
  5.62923
  1.53197
  17.9673
  2.36982
  4.88259
    7.048
  4.17102
  29.9931
  24.8622
  29.6819
  10.9192
  20.0814
  24.3596
  26.2573
  33.9823
  11.9963
    8.679
  1.95777
  4.76572
    7.574
  20.1008
  3.70943
  6.92826
   14.684
  25.4769
  29.6128
  20.2541
  14.5561
  8.56518
  28.4756
  35.9097
  6.29646
  23.5503
  26.7224
  11.0697
   14.633
  15.5422
  17.8326
  22.0641
  9.49994
  23.1051
  25.9365
  7.01557
  11.7499
  29.8901
    29.25
  27.2027
  2.90914
  14.6665
   20.028
  1.05696
  32.2826
  28.7092
  18.8061
  21.5443
  34.9011
  5.61859
  4.63298
  28.5423
  25.0517
  7.53412
 0.551561
  4.12121
  1.05434
  13.5362
  7.61422
  8.29165
  15.5075
  26.9713
  1.75324
  9.26138
  3.65297