55.5926
18.0322
58.6957
49.6963
13.7727
33.5594
29.5809
15.0116
54.0027
22.7867
18.0325
70.2969
52.5216
30.9802
 66.764
48.2108
 33.167
19.0336
45.6991
40.1263
10.8816
40.7955
30.2206
52.7195
66.7983
39.4254
41.3233
 62.829
84.7225
37.8759
34.8809
 37.452
64.0525
59.2077
56.2067
46.9304
38.8945
39.5396
37.3269
85.4769
39.2155
60.7875
46.4134
37.6691
55.2878
37.9335
83.8089
9.34306
17.9124
11.0709
12.2112
24.0722
40.8255
39.3209
 26.197
48.4922
 25.836
23.5468
36.2682
17.7672
16.0858
28.5196
11.7945
71.7205
35.5726
35.8811
46.2002
8.73059
15.9056
30.3623
49.6138
44.1678
 76.207
16.0865
48.5096
  47.13
50.5132
20.5688
6.73537
  21.89
24.2345
26.3697
28.0566
53.6363