4.75139
15.3763
15.9125
18.1916
24.5638
24.7992
26.1107
27.9101
28.2736
28.9043
 29.595
30.9872
33.4662
34.4253
34.7917
34.8338
35.1879
 35.638
36.0784
37.4182
37.6155
38.3304
38.5444
38.7435
38.8704
38.9627
39.5918
39.6793
39.8345
39.9189
39.9807
 41.407
42.4238
42.4442
42.5549
42.6743
42.8965
43.2737
44.1217
 44.199
44.2275
44.2649
44.9665
 45.191
45.9619
 46.522
46.9027
47.1907
47.3628
47.6194
47.8945
47.9157
48.2649
48.4004
49.6481
49.7146
49.7896
 50.774
51.9796
52.0493
52.2522
52.3329
52.9699
 53.098
 54.193
  54.84
55.2766
55.7164
56.2201
 58.775
 58.903
59.2325
59.2624
60.9903
61.5313
  62.61
63.5566
64.2081
67.1047
68.0108
68.4843
68.9345
69.8119
70.0305
71.1462
71.1578
72.4413
73.2493
 74.448
74.5467
76.6097
  77.11
77.9199
78.0356
78.8215
78.9237
79.3056
80.6156
81.4837
82.0319
82.1924
82.5485
85.0352
85.3791
86.8331
87.3996
89.0366
89.4887