18.3843
21.7487
68.0036
38.2023
45.0651
65.1002
41.7401
62.7928
 42.275
53.5894
62.0739
81.2189
23.7675
13.7965
39.3052
76.9873
53.3812
 11.142
54.9103
66.6748
53.3077
3.86802
 29.461
51.3323
4.63823
52.1698
39.6686
 60.648
 60.648
34.3931
58.0341
81.9939
86.3318
37.9113
46.9344
16.4774
9.00004
9.61564
63.1572
78.9252
68.3369
85.4618
63.6661
48.6149
63.0916
 29.525
71.0324
60.2634
58.2108
87.2275
70.0429
47.8138
52.8024
 16.268
42.8819
63.5567
40.4176
56.4153
58.3098
66.6905
 18.655
69.6701
 74.286
24.4817
56.6091
7.14691
62.6312
63.2506
 84.424
  81.43
 69.092
 72.591
68.8059
66.7149
21.0174
64.7061
64.8058
 61.962
66.0294
24.5665
17.4238
  42.61
 12.961
17.7544
25.4069
62.3254
66.0924
  22.51
42.5723
72.3731
57.9871
48.5924
23.0033