 19.3077
 21.2386
 19.1775
 11.5665
 2.12907
0.622169
  1.8997
 2.46255
 18.6734
 3.44608
 13.1101
 10.8895
 4.13089
 19.8897
 3.48898
0.529652
 5.18366
  25.491
 4.72785
0.392104
 5.63688
 5.79381
 17.4616
  3.9059
 4.42092
 3.82976
  6.5248
 1.03883
  2.5011
 4.95855
 8.33698
 16.3759
 11.7761
 25.3907
  5.0768
 4.36125
 8.87512
0.999009
 6.51601
 1.23588
 3.89911
 9.44823
 2.90015
  8.2795
 6.88651
 13.6065
 1.20106
0.935871
 11.3274
0.921654
  5.6512
 2.08236
 2.33486
 1.42997
 2.71764
 18.8333
 6.82524
 3.52759
 8.53067
 1.62554
 24.5531
 8.12926
 7.97699
  9.1916
 1.01475
 4.73394
 19.9623
 1.23435
0.897231
0.690303
  5.7647
 5.27125
  2.3236
 1.41834
 11.6818
 15.2249
 2.60973
 2.22075
 27.5323
 4.16429
 27.4107
 17.8728
 10.0234
 2.31532
 7.63229
 24.0427
 24.9292
0.391701
 4.56504
 8.90003
 9.11537
 7.67818
 4.24967
0.545374
 4.71159
 5.44383
 7.56656
  9.1899
 9.14303
 26.4837
 23.4166
 3.69611
 8.59352
 3.03619
 4.87016
  9.6913
  3.4399
 8.51594
  4.3113
 29.5668
 4.69859
 7.14099
 34.4408