7.02304
8.57369
9.56312
11.6019
16.2311
17.0723
20.7515
23.2948
23.3212
23.9243
24.0308
27.6283
28.2233
28.2432
31.1107
34.1062
36.2984
 36.833
41.0554
42.2439
43.4644
43.6999
43.9135
44.2417
44.6183
45.1796
46.2705
46.6716
46.8643
46.8844
47.8363
48.9431
49.2739
49.7751
50.4395
50.5637
50.6945
50.7394
52.2265
53.6992
53.7884
54.9425
55.5852
55.9551
56.4809
56.7768
58.6624
60.5362
60.6704
61.8524
62.1255
62.3403
63.0233
64.2688
64.4065
65.5651
66.8235
67.0655
67.2556
 67.326
68.0545
68.7148
68.7975
69.0341
70.9061
71.7443
72.3542
75.6113
76.0691
78.1729
80.1474
 81.203
 82.556
86.5973