 36.2368
 19.8687
 17.2043
 6.19844
 22.2903
 13.5696
 9.19956
  14.478
0.262649
 16.5085
 8.42132
 3.06689
  33.233
 8.29257
  14.895
 30.0439
 25.1095
  24.043
 14.9048
 19.4391
 20.9979
 10.8741
 7.81536
 26.6863
 16.0799
0.210325
 3.37241
 43.2972
 7.39654
 4.98603
 8.90315
 25.9382
 5.82029
 30.6905
 4.86495
 0.17474
0.203379
 13.5059
 19.1014
 14.9269
 8.06522
 24.9685
 36.8357
 1.65718
 33.4818
 2.44048
 11.7904
 16.4859
   4.139
 9.32549
 7.43127
 27.3758
 6.19179
 1.37583
 17.7022
 8.48591
 15.4507
 13.4626
 12.3266
 9.57613
 9.41602
 14.2758
 3.64433
 19.5975
0.358632
 32.7394
 3.26619
 17.1917
 47.3557
 10.1964
 4.98121
 3.19433
 24.2057
 16.5436
 29.2218
 38.2323
 21.7939
 4.26503
 35.1266
 25.1216
 23.7238
 9.68964
  4.0046
 14.9931
 8.18084
 15.1763
 21.4088
 8.02629
 32.2562
 24.0641
 18.7281
 19.6981
 42.5258
 46.7405
 7.91506
 7.43481
 18.8549
 4.54461
 4.35214
 38.3247
 11.1747
 5.16411
 33.2418
 16.8139
 1.43749
 36.9193
 34.0992
 3.89213
 1.19285
0.103077
 14.2903
 6.67445
 7.98776
 17.9831
 6.58837
 16.9156
 8.09822
 13.9887
 1.21206
 16.2891
 14.1211
 18.2417
 18.4488
 41.1095
 6.39086
   6.681
 1.46702
0.106609
 5.23554