   16.6683
  0.641649
   9.91959
   3.15492
   39.3006
   37.1467
   37.5105
   41.0091
   36.1922
   38.7253
   23.3182
   43.1172
   35.6197
   48.5639
   33.2447
   22.7787
   21.7739
   18.5254
    27.218
    21.283
   31.8271
   58.9486
   40.7957
   60.6436
   49.0609
   48.0864
   44.5626
   41.1601
   37.6651
   49.6388
   43.5524
   46.3215
   34.4255
    58.227
   34.1413
   22.3511
   6.84153
   24.4117
   12.4871
   5.91499
   11.9124
   45.2926
   32.4025
   43.1145
   11.5699
   21.7487
   14.3639
   4.53202
    14.856
   46.5584
   45.0166
   29.1815
   39.3208
   55.0604
   50.5009
   47.7492
   36.1564
   36.6374
    27.233
   44.5824
   38.5246
   43.4282
     41.24
   41.8581
   43.5135
   8.78468
   9.96427
    12.347
   12.4022
   3.68401
   20.4136
   8.47747
   14.8369
   16.5272
   12.1944
   10.4782
   37.3615
   39.6907
   32.7827
   40.6342
   36.7408
   45.4917
   37.9661
   16.6035
   14.0641
   10.1837
   16.5317
   4.39439
    7.4771
   7.65271
   12.4549
   5.85218
   5.24172
    40.586
   55.7015
   34.4539
   16.6358
   2.50184
   36.8128
   29.7783
   9.55225
   7.27259
   18.8763
   2.09659
   7.88847
    15.222
   12.4442
   46.1859
   22.4519
   24.2685
   14.6175
   4.85294
   8.05367
 0.0657303
   2.30857
   26.1045
   45.4541
    4.7784
   1.41497
    1.0113
   25.8182
   9.90304
   19.5702
   0.79904
    46.233
 0.0119609
   36.4123
   0.88107
   16.1285
   1.07612
   15.8428
   15.8516
   2.18577
    4.6854
   36.6198
    48.554
   16.2267
   16.0616
   4.14572
   1.30905
   20.7177
   45.2421
   27.0078
   50.5163
   22.9283
  0.731032
  0.738127
    12.525
   8.59335
   30.5698
   34.0493
   11.6762
   6.01351
   11.5234
   42.6663
    56.776
   39.8146
   1.72892
   5.41001
   9.20203
  0.740279
   5.16706
  0.774323
    8.9265
   8.02899
    28.909
   1.27488
   39.3917
   31.5194
   14.2711
   5.84474
   2.95459
    9.4883
    3.3666
   14.1462
   15.7677
   28.4264
   37.5037
    47.097
   4.59976
   3.40545
    4.8917
0.00792894
   10.1519
   8.26266
   11.4198
   12.5583
    31.607
    54.691
   10.4017
    9.2872
   1.96708
   5.38811
   47.2517