  13.8171
   32.889
  15.5632
  25.6658
    12.48
 0.491319
   24.403
  5.90005
  7.58911
  10.4789
  1.74975
  20.2213
   12.309
  8.38655
  2.62267
 0.744682
  7.72768
   6.0185
  5.98427
   1.1415
   14.162
  11.2597
  34.1715
  36.2798
  33.8545
  29.9741
  14.9678
   29.341
  5.72996
   1.5616
  11.5831
  6.27621
  2.02212
  5.38026
  10.6267
  1.80903
   14.541
  10.5921
  6.05463
  35.1023
  6.35394
  3.80438
   4.6744
  11.3239
  5.27976
  6.67381
  17.0657
  15.0853
  34.2286
    32.53
  25.5307
  17.7177
  22.7015
  5.99867
  10.0584
  13.2168
  5.65692
 0.176792
  8.79291
 0.438725
  0.65352
  30.7411
  1.39241
  5.98639
  11.1115
  13.1033
  2.55096
  2.62005
  11.1733
  0.92853
   1.6969
  30.0282
  1.55029
  10.1051
  26.0526
  8.16212
  22.9026
  20.2102
0.0395526
  29.5293
   2.3745
  20.7735
  1.14508
  16.8455
  7.39596
  12.7928
  3.52618
  5.87889
 0.402417
  4.61145
  28.8154
  5.82701
  8.29347
  13.8218
  24.3321
  27.3587
  7.23036
0.0183969
  11.4852
  7.19985
  19.9748
  13.9037
  29.5844
  31.3231
  20.1367
  4.75341
  14.9361
  7.95273
  20.0473
  18.4358
  3.52343
  17.0285
  9.08517
  17.0832
  3.61916
  17.8122
 0.651989
   15.541
0.0309532
  3.11276
  5.82817
  7.02335
  24.5638
  1.04843
  17.2428
  12.9842
  24.3549
   15.047
  12.4613
  4.95493
  29.0109
  3.83788
  30.5989
  10.9335
  8.07334
  37.4508
  13.2083
    7.693
  11.0677
  11.4276
  11.4834
  7.11944
   10.627
   9.5576
   6.0669
 0.608316
  3.49337
  15.1308
  24.4802
  13.3012
  32.0223
  22.3189
  4.65138
  12.9333
  22.7017
  12.9482
  28.6427
  26.1677
  27.3438
   30.773
  36.9196
  14.9406
  12.7527
  9.02621
 0.363499
  11.6596
  14.5766
  15.2536
  20.9423
   30.312
  5.03418
  17.2763
  4.39535
  11.4828
  25.1822
  1.46621
  4.36198
  8.85968
  27.2737
  6.97945
  1.12867
  12.0836
  11.5613
  1.54281
  14.8941
  6.41561
  17.6552
  8.40393
  24.2232
  17.4596
  1.99225
  33.3575
  27.3276
  3.55558
  21.5722
  9.98526
  8.18616