  7.25495
  8.42064
  24.5862
  25.1629
  40.5921
  23.6763
  21.4234
   20.213
  12.8695
  2.27611
  1.74026
  7.00644
  4.00929
  23.8398
  8.34861
 0.544695
  4.00639
  2.77736
  6.77477
  4.65999
  20.2626
  7.70736
  7.92013
  22.8242
  6.24123
  32.8248
   15.758
  30.9961
  13.5843
   13.613
  21.5911
  7.50518
  8.55125
  8.64033
  27.9951
  16.9763
  1.88518
  7.14006
  5.16708
  2.58246
  5.82834
  3.44029
  1.73056
  13.9095
  12.9825
  16.8183
  14.5326
  6.42783
   9.9601
  23.3434
  6.69652
  7.20677
  5.60568
  13.7127
  11.0344
   5.4475
  2.17698
   4.5867
  20.4576
  7.10812
  12.6218
  9.11717
  13.8666
  36.0414
  17.0818
  19.7402
  20.5738
   23.396
  22.8717
  24.6768
  9.92695
   23.361
  31.9227
  40.7937
  1.70251
  22.3011
  21.6441
   4.5583
  11.9843
  17.7995
  18.9899
  6.80078
  11.0342
  11.6699
  5.14598
 0.664258
  12.2651
  10.4327
  6.66984
  3.52033
  11.0229
  16.7786
  20.2969
0.0137347
  11.1691
  14.2322
  6.21023
  36.3157
  25.8666
  33.4302
   5.1034
  1.78601
  1.06506
  1.66211
  12.0482
  4.87827
  14.5763
  25.9598
   22.888
  25.2936
   26.051
  16.8635
  3.47993
 0.174963
   7.2442
  13.4931
  9.16404
  15.6507
  27.9632
  10.7846
  3.61395
  17.6641
    22.61
  5.78138
 0.322415
  14.3516
  19.3946
  15.9557
  35.9961
   11.497
  8.72649
   41.572
  9.66788
  38.1093
  12.9149
  9.31881
  37.1195
   13.203
  9.22349
    22.75
  6.86767
  12.9654
  14.6732
  4.98503
  18.4991
  14.8068
 0.774187
  19.0315
  2.66695