 14.3356
 22.5415
0.209541
 28.5819
  9.0316
 4.84364
 29.8435
 24.7166
 13.4153
   3.172
 1.98234
 6.50762
 12.7758
 12.1987
  4.7654
 6.97415
 10.3594
 8.41251
 9.84675
 30.5281
 8.69908
 11.9314
 20.2315
 12.1256
  6.8191
0.742806
 6.26532
 1.08498
 4.95087
 3.62799
 7.45003
 29.2022
 1.54938
0.933001
 4.43498
 15.1982
 17.1691
0.196263
 1.63852
 9.50644
 12.3987
 16.4282
 10.5357
 1.30936
 8.37282
 9.99563
 19.6297
 22.9392
 14.5424
 4.99167
 12.3847
 15.5933
 10.8481
 7.99946
0.161628
 2.17644
 5.35287
 37.9903
 7.72345
 4.62103
0.855361
 5.38187
 23.6214
 21.6161
 5.57322
 3.96579
 18.5172
 10.4593
 6.15235
 18.1612
 2.41432
 20.1722
 6.57983
 16.6717
 13.8975
  4.3931
 11.5637
 4.47812
 6.83859
 16.3182
 8.55305
 8.30107
 13.9803
0.818914
  2.9539
 17.0239
 6.32003
 8.73869
 4.06475
 28.2863
 11.2896
 2.71165
 7.22699
 7.06169
0.243773
  2.9468
 1.70124
 8.15785
 14.5671
  26.972
 17.8001
 4.33043
  21.708
 9.54999
 30.1114
 14.0448
 8.04146
 5.39588
 4.45443
 8.80029
 14.0145
 25.8949
 26.2013
 8.13099
 19.6884
 7.16798
  5.6455
  2.6387
 30.6619
 13.0917
  6.8577
 3.26508
  1.3668
 29.8894
 25.0747
  19.227
 21.9328
 27.3218
 1.08136
 26.1766
 24.9667
 9.17823
 33.8271
 23.0893
 0.84343
 24.3864
 3.53971
 12.2577
0.591478
 3.00451
 4.56195
 1.73335
0.605054
 20.2717
 6.42823
 7.02938
 15.4138
 5.05026
 1.86791
 4.84438
 14.7486
 5.76529
 6.41301
 14.5114
 1.78772
 34.9861
 11.0119
 7.58782
 6.67586
 7.37643
 1.30387
 2.53285
 10.3833
 20.9045
 31.3938
 11.2177
 6.09336
 3.36629
 6.90347
 7.84814
 3.85814
 2.38181
 20.4476
 1.39755
 14.5195
 7.85141
 7.14703
 18.0617
 4.33068
 20.8777
 12.2161
 26.9915
 2.57843
 2.19979
 7.05235
 1.34993
 7.26737
    18.9
 4.68962
 4.85036
  6.3318
  4.5187
 1.44193
  29.139
 1.66507
 16.7342
 18.9051
 1.71359
 1.64596
 16.6954
 5.33983