  1.83755
  23.9979
  22.9372
  8.99384
 0.517963
  3.92485
  3.56019
  3.83142
0.0237237
 0.417046
  4.14158
  16.3092
  7.26758
  8.93974
  12.2943
   15.382
  3.29949
  6.90935
  18.6103
 0.632649
  6.16847
  5.13787
  5.73105
  2.30434
  6.88523
 0.552326
  1.83658
  9.66017
  5.30722
  6.49456
 0.190763
  2.14457
  1.36375
  1.55226
  5.90082
  1.57939
  6.06301
  24.1974
 0.978302
  6.93661
  2.83831
  2.33649
  3.24525
  2.56385
    4.306
  16.3851
   12.883
   10.178
 0.528702
 0.381573
  6.94359
  17.0765
  6.62395
  3.18776
  1.69466
  7.72041
  9.33092
  2.32975
  8.24309
  2.11225
  2.78916
  4.94132
  3.50808
  5.89954
 0.504431
  16.9044
  6.75832
  6.72524
   9.6011
  3.78147
  20.4902
  5.15342
  4.71518
  10.1511
  6.79121
  9.02686
  22.0801
 0.376242
  2.47884
  6.51681
    10.37
  1.22835
  6.30466
  5.37719
   7.4705
   11.204
  8.86423
  5.56466
  3.37941
  1.75448
  12.9552
   3.7777
  11.1706
  15.6536
   13.202
  1.90841
  5.74562
  21.4622
  4.03991
  7.89649
  20.2063
  1.51256
 0.366866
  3.87171
  4.72211
  3.01266
  2.73468
  4.42379
   7.3164
 0.705502
  2.50211
  15.4378
  3.60675
  10.7141
   1.0721
  18.1725
  29.8759
  22.5355
  0.86017
0.0803326
  1.92621
  2.83557
  5.56468
0.0557397
  1.73679
  19.3156
   3.5021
  19.7131
  3.12751
 0.139795
  24.2086
  1.43188
  3.67556
  3.51247
  3.25174
  22.4169
  27.2542
  25.9528
  7.87311
  1.20333
 0.870547
  6.25726
  19.5787
  5.02268