 3.32812
 5.15424
 10.3281
 20.5258
0.687374
 4.88177
 1.99395
 9.76277
 10.8539
 8.62633
 2.56059
 1.82279
 9.37449
 3.49105
 5.39575
 3.93623
 0.61075
0.698907
 8.95651
 12.0583
 9.08378
 8.94189
 2.37155
 3.45363
 4.66358
 5.56437
0.947159
0.281883
 2.32615
 14.1223
 12.5987
0.467241
 5.35724
 6.94868
 12.0577
 12.5684
 13.6884
0.986197
 8.10727
 3.97648
 2.84852
 7.81342
  1.3815
 0.19605
  6.7003
 2.52167
 6.26197
 9.20759
 10.8934
 5.40927
  3.1896
 4.57962
 6.50539
 1.97046
 2.64445
 3.58253
 1.85591
 8.21367
 13.4965
 15.5814
 12.9096
 13.2239
0.475706
 8.48497
 7.13585
0.163798
  5.0128
 1.63053
 4.98228
 5.21114
 1.45342
0.147814
 14.3818
   5.817
 13.2119
 1.52544
 4.84026
 1.36033
 4.32055
 8.18727
 7.92687
 2.65853
 8.00575
 10.8305
 1.33449
 1.94468
 1.46259
  9.0694
 1.28498
 3.50722
 3.27703
 6.79019
 6.19966
 10.7281
 6.08671
 5.69673
 11.6942
0.580723
  1.2461
 9.33766
  6.3528
 6.46556
  3.1779
 4.71763
 1.59913
 3.60929
 7.31477
 11.0109
0.619477
0.797478
 11.0641
0.376881
 6.40308
0.949665
0.562791
 3.19255
 6.09859
 7.69887
 6.23139
 2.76138
 11.7877
 6.26652
 5.41113
 8.73799
 9.20175
 10.1838
 8.09582
 8.40196
 6.83826
 1.42835
 1.80022
 14.7727
 5.69404
 2.83513
 9.28089
 1.06817
 20.2689
 1.40523