 17.0025
 17.0596
 23.9243
 8.03698
0.601785
 1.98942
 9.00972
 4.59552
 4.21035
  2.8094
 9.36582
 6.34679
 27.9002
 1.03957
 10.7687
 7.97654
0.646669
 23.1865
 5.15702
 2.24831
0.730058
 17.3829
 8.78531
0.805062
0.185923
 10.9109
 5.93181
 21.5341
 14.9382
 24.1426
 5.64638
 4.89805
  6.7024
 1.11354
 6.13461
0.711761
 1.47394
0.660309
 5.08231
 3.39609
 7.65479
  17.678
 2.39105
 6.12314
 5.15244
 7.48957
 3.82686
 1.33214
 2.20285
 13.8656
  6.4883
0.210424
 4.56721
 9.97003
 14.1011
 8.92509
 10.9487
  2.7115
  4.9925
 10.2863
 0.88865
 2.75477
0.682847
 7.90075
 6.32932
 2.71484
 3.45357
 7.00718
 1.26348
 12.4813
 30.3523
0.498346
 5.22164
 5.23486
 4.84187
 20.1556
   4.418
 5.01301
 21.7032
  1.7593
 4.57263
 18.6536
  1.0374
 1.80163
0.762102
  3.6159
 5.53879
  5.6335
 6.20652
0.902261
 10.5304
 1.08112
 2.89133
 3.10953
0.562502
 12.9805
 4.10296
 17.1686
 4.29166
 11.1249
 4.36794
 4.04378
   16.02
  18.662
 1.03791
 2.79921
 4.18846
 1.64591
 5.38369
 3.08533
 3.56078
0.216262
 4.90591
0.539561
 1.13547
  24.432
  2.7839
 31.4459
 16.0574
 5.91917
  5.6354
 5.63898
  11.493
 5.98729
  23.173
 4.86973
  5.2007
 20.4765
 1.94568
 1.56433
 2.98927
0.890954
 5.02478
  3.3482
  3.6073
 2.06926
 18.3707
 3.89138
  5.1681
 25.5011
 5.40955
 5.03859
 22.9255
 13.9952
 1.87182
 17.5906
 0.69682
 2.30931
 26.5457