67.6855
70.1086
73.4897
29.8017
26.4708
29.0404
18.4661
23.1557
22.6945
23.1641
28.0729
 25.991
26.3564
15.1486
14.6515
14.7655
15.9894
18.2938
22.2179
25.3199
37.8978
41.5454
36.4598
31.3825
35.6579
34.2428
25.8901
26.3117
32.0906
47.3636
28.4819
30.3187
27.3803
23.3468
30.8659
 32.612
28.7807
31.1922
27.5955
 29.197
27.7533
28.2754
32.7422
24.7962
31.0873
 25.565
26.5978
23.3552
18.6935
22.5985
23.6005
49.6736
52.9796
54.4984
57.3618
57.6763
52.9429
51.7296
59.0569
58.3999
72.1055
61.7644
62.7825
57.9169
59.9411
53.8865
 52.862
72.9577
46.6168
 30.098
72.7408
 70.558
72.0195
65.6195
70.8944
47.4219
64.7869
50.4393
65.5091
 69.959
75.6436
73.3775
50.5426
23.3765
46.9112
49.5257
61.2776
59.5598
51.5502
51.7737
25.2986
23.3174
35.3489
 39.956
38.9643
40.5736
46.0675
15.1437
14.7676
17.9867
19.3288
 37.894
  31.56
23.5908
 30.405
19.0314
 45.106
49.5661
53.0928
49.9676
50.0481
15.8826
24.0283
26.9778
29.5762
25.0973
26.2774
27.6031
23.6606
16.4788
52.6327
 66.087
41.2929
46.9765
55.0888
63.7772
66.5524
56.8857
60.8853
 41.322
48.8308
22.7328
 15.869
25.4266
 28.508
62.7965