   41.2912
   26.7728
   20.2211
   31.9039
   10.4091
   10.7462
   3.27109
   11.4932
   8.03334
  0.641782
   18.8382
   18.6697
   33.9002
   27.4177
   9.17586
   11.3216
   8.19149
   22.4083
   18.0999
   13.7594
   38.7502
   19.5536
   4.35837
   15.0295
   28.4845
   11.4739
   18.2271
    17.947
   35.2547
   18.3094
   15.9479
   11.9485
   18.9404
   1.76284
   5.07564
   9.27288
   11.8117
   51.4831
   12.2593
   15.9699
   26.0339
   29.0959
   15.5408
   16.5128
   17.0078
   9.82048
   14.8989
   11.2845
   14.2827
   16.0419
   20.7618
   22.8783
   8.12198
    25.627
   19.3454
   16.9651
    9.7581
   30.3539
    26.077
   22.0353
   3.49559
   7.78806
  0.761053
   33.7761
    14.272
   1.59198
   11.4272
   16.8643
   12.0217
   18.9184
   5.72487
   4.37068
   9.90138
   24.5011
   5.13907
   10.5986
   22.4214
    16.588
   20.8868
   14.8884
   13.8154
   6.41903
   26.2412
   3.63769
   9.40826
   26.8089
   16.0849
   10.5057
  0.253426
   15.5468
   7.67396
    16.566
   11.6265
   3.57271
   4.36951
    2.7565
   8.73376
   15.8769
   6.31849
   10.9467
   28.8987
    5.9155
    16.789
  0.263159
   23.0384
   31.3948
   36.3176
   19.5574
   2.02076
   28.9793
   2.90778
   15.3775
    2.6804
   6.21565
   10.3093
   30.8502
   46.9516
   11.4869
   7.46521
    4.3032
   16.9811
   1.87137
   16.7467
    11.233
    6.4932
     3.017
   22.6516
   32.8186
   3.48952
   30.1188
   24.7141
   19.4791
    16.667
   19.7098
   8.23868
   9.40487
   13.6982
   30.6075
  0.831771
   2.94068
  0.492489
   8.53531
     6.362
   5.11804
   8.36153
   13.1666
   1.41773
   1.22385
   9.23533
   9.55002
   1.40663
0.00568718
   8.59923
   10.7786
   21.1978
   15.0022
   14.0023
   16.3154
   2.29469
   2.58045
   15.7258
    2.8801
    11.562
   2.67323
     10.28
   15.4293
   16.5027
   27.1955
   28.5896
   15.3496
   14.4394
   14.0539
   4.58704
   4.33091
   5.48848
   12.0176
   20.5788
   5.43865
   1.24463
   3.37371
   1.31015
   14.4986
   4.51927
   2.50453
   10.8542
   3.60304
   13.5877
   8.80185
   5.50788
   6.31104
   40.4347
   21.0025
   40.9777
   12.9572
   29.6411
   19.3019