   63.745
  67.3971
  67.5128
  70.8409
  21.1578
   68.321
  68.3416
   66.177
  65.7649
  64.9048
  60.8255
  47.3931
  39.8773
  34.3366
  32.5126
  45.8893
  59.2076
  45.7053
  46.7146
  49.1623
  29.0752
  34.1881
  48.5702
   44.589
  49.3301
  62.1848
  59.4496
   60.482
  62.5929
   61.935
  65.1875
  73.2548
  66.3482
  62.3258
   15.612
  60.8824
  66.9967
  54.6674
  49.0048
  50.5543
  34.5289
  33.9457
  29.9829
   30.086
  36.1085
   30.459
  36.4994
  14.6453
  71.4563
  69.0918
  12.7926
  35.9596
  28.9036
  52.3963
   58.887
   59.626
  62.3396
  42.6729
  64.4619
  23.9828
  13.8045
  67.0696
  71.9247
  66.5906
  60.3799
  39.7926
  54.1377
  33.2179
  45.7503
   65.913
  65.2068
  42.8656
  32.0004
  67.2151
  50.8929
  59.4504
   58.493
  52.3272
  64.0942
  60.0443
  44.8459
  65.3587
  72.5857
  63.0415
  66.4393
  64.6226
   61.601
  15.7704
   65.146
  33.6691
  33.3631
  44.6066
  41.0971
  48.9707
  16.1335
   15.133
  16.2901
  30.9563
  64.2299
  59.7499
  69.7042
  22.2188
  37.9294
  72.2414
  70.3449
  29.6271
   29.519
  44.4829
  45.1646
  18.1984
  19.3467
  49.9481
  49.4353
  59.7797
  46.5536
  32.2226
  54.9387
  51.2112
  49.4303
  61.1858
  50.0647
  52.7627
  59.3073
  29.2111
  36.1588
  45.4239
   53.631
  56.1062
  49.0969
  59.3274
  57.1506
  44.6379
  58.7909
  46.6857
  57.0614
  53.5679
  51.2837
  49.3207
  38.5342
  61.8193
  45.2158
  42.3616
  61.3082
  61.6064
  43.5217
  57.4263
  52.3714
  54.7494
  43.4992
  29.9498
  54.2595
  50.4893
  61.8897
    51.29
  65.5751
  42.9582
  68.2955
  48.1101
  60.2919
  55.2197
  54.9031
  45.1573
   39.245
  43.7762
  44.5235
   46.946
  55.8224
  41.7907
  58.8584
  46.6324
  58.6381
  30.3005
  58.9103
  58.8567
  57.6526
  50.8121
  50.3331
  50.7531
  41.3674
  55.6668
   54.948
   57.336
  46.7517
  39.9363
  38.9853
  62.2409
  52.9403
   47.791
  61.5744
  57.1881
  59.4278
   53.728
  52.3004
   48.908
   38.115
  54.7064
  45.4912
  50.7928
  53.7257
  50.8397
  40.7019
  37.4038
  56.5878
  55.8209
  51.0099
  30.2312
  43.2204
  53.4614
  40.1976
  57.2816
  52.9529
  58.0213
  45.7875
  38.9418
  69.6074
  32.4703
  61.4826
  50.3366
  41.0599
  32.4996
  32.1837
  45.2896
  57.7749
  50.4776
  39.2334
   20.542
  29.2314
  46.5966
  45.1426
  51.6221
  42.0326
  48.4309
  51.5821
  51.1997
  65.1804
   63.796
  57.7518
  31.9354
  44.1705
  41.9471
  47.3153
  58.6206
   36.673
  40.4192
  36.4313
  66.7212
  36.1851
  31.3205
  62.1268
  37.1916
  34.0704
  30.2815
   31.482
  29.8696
   32.007
   50.562
  51.6011
  38.9664
   40.486
  68.4792
  66.1492
  64.3662
  59.5852
   48.346
  31.1718
   34.534
   53.127
  54.2794
  31.9592
  20.3605
  47.7459
  64.8903
  58.5869
  34.3842
  32.2568
  59.4774
  45.0919
  33.0274
   28.909
  56.3656
  48.8122
  52.1189
  37.9737
  45.7677
   31.544
  57.0401
   55.833
  49.0666
  37.3189
  46.4856
  49.2153
  48.8983
  39.4157
   46.088
  16.2802
  15.3015
  2.01867
  56.7566
  53.7769
  10.5356
  7.06217
  11.6977
  12.9754
  1.52801
  1.11249
  3.98775
  5.68691
  26.6751
  23.4487
  29.4106
  11.3108
  7.13594
  3.28168
  5.39574
  10.7832
  10.8733
  2.20445
  1.30231
   9.8941
  2.46489
  4.28138
  7.51266
  6.91065
  6.42103
  4.16515
   1.2554
  9.56633
 0.347486
  9.95155
  5.62503
   3.0875
 0.690534
  5.30787
  1.23315
 0.656124
 0.347943
  2.43767
  2.14108
  1.53725
  15.7133
  1.26553
 0.949059
  9.82146
    7.451
  43.7737
  2.91601
  5.08999
  11.2986
  11.4058
  10.0733
 0.868786
   3.6531
  6.21115
  2.67094
  4.87028
  6.60038
  11.9989
  10.0231
  9.89006
  6.80615
  5.53397
  2.42633
  7.36896
 0.673584
  41.0956
  3.33456
  9.99079
  1.13488
  2.90163
  13.0915
  10.8104
  6.98568
  6.61825
  4.69753
 0.665153
  1.28813
  2.17834
  6.76811
  10.2283
  9.69632
  1.54431
  7.98318
  7.10786
 0.769773
  6.57971
  11.0018
  49.5875
  47.3076
 0.350032
  0.21831
  5.47263
  4.47166
  1.09311
  3.43114
 0.585585
  2.57721
  1.05577
   3.8305
  5.38342
 0.132764
  7.66273
  1.00645
  7.08622
  7.00335
  1.05039
 0.813337
  2.15929
 0.571545
  1.59416
  42.9429
  5.43908
  6.15698
 0.662782
  4.84607
 0.913267
   57.444
  7.57696
  41.7345
    39.67
  43.2812
 0.567226
  3.96886
  1.44155
  10.0165
  5.14389
  10.9036
  6.59647
  12.1988
  12.3677
  11.5452
 0.782478
 0.308558
  26.7791
   35.702
  1.04516
  6.29098
  6.29918
  8.59627
  50.5329
  8.25176
  10.8143
   9.3694
  60.3113
  11.1129
  2.28257
  5.82662
  10.1311
  3.89578
  11.0541
  7.27487
  34.5932
 0.213966
  1.11041
  1.44946
   49.629
  9.44403
  8.08094
  10.3581
  4.14812
  1.48622
  8.08839
  8.51945
  5.47886
  2.17963
  3.40423
  6.01212
  2.47749
  12.4872
  1.67051
  2.43569
  11.3942
  3.78266
  1.98379
 0.880257
  1.69858
  4.03207
  3.56039
  4.03468
 0.586013
  2.74716
  1.58335
0.0379352
  3.08482
  8.46678
  56.8453
  8.80136
  1.58641
  1.81419
  7.41546
   3.0943
  26.7828
  21.8582
  13.3688
  10.2766
  16.0283
  3.97013
 0.626423
  1.87765
  1.92742
  23.9972
  21.9964
  16.3213
  24.3867
   13.797
 0.771547
  9.59237
  10.6732
   10.506
  3.01527
  12.9631
  15.7221
  5.39679
  11.9898
  7.13901
  4.40509
  42.2321
  3.09003
  4.59896
  3.16246
  11.5868
  7.95029
  8.74244
  31.5911
  7.98481
  10.1661
  15.0239
  12.9924
  51.8924
  34.6786
  27.4509
  51.9444
  5.72442
  9.91099
  2.08066
  9.69822
  24.0631
  1.15344
 0.924723
  2.49374
  13.2049
 0.611423
  10.7833
  1.37543
  1.12036
  3.44294
  3.28771
  2.92044
  2.31736
  11.1745
  6.81214
  1.73317
  1.74626
   2.8225
   22.113
  23.7407
  6.11183
  11.2187
  4.38843
  5.72523
   2.5078
  1.58541
  1.78598
  22.9665
  5.78619
  4.31602
  3.54324
   3.2746
  8.13597
 0.773672
0.0951996
 0.641151
  3.63084
  4.32153
  4.10012
  2.44877
  6.49209
  4.48331
  2.44495
  2.62798
 0.863736
  6.59508
  4.49751
  2.55211
  2.23554
   5.3682
  1.83646
  6.30702
  1.79038
  6.26013
  6.32845
  6.29622
  2.61837
  6.67437
  4.10091
  1.61547
  3.51159
 0.660792
  1.85311
  2.10155
  2.56972
  8.64069
   3.8801
  3.32116
  15.9372
  5.27608
  3.38564
  6.42387
  8.55325
  3.23238
 0.238393
   1.3996
  4.24813
  1.04279
  14.5622
  7.05806
  11.2457
  9.59776
  12.7587
    3.285
  1.67549
 0.117577
  4.18811
0.0672052
  4.99343
  5.23182
  1.97847
  4.20178
 0.161821
   10.881
 0.143475
  1.11334
  16.2013
 0.401181
  1.22158
  2.60268
  1.05243
  1.28101
   1.8591
  0.75326
  4.67756
  5.29011
  7.04209
  6.91287
  4.73175
  1.26946
  1.21392
  4.42592
  3.51299
 0.732893
  2.49379
  3.71899
  0.58031
  5.10795
  4.91761
  10.4969
  9.30433
  7.40637
  9.66815
  11.6099
  42.3703
  5.82327
  3.71081
  7.74498
    5.711
  5.64063
  5.18506
  11.9718
  2.96184
  2.43426
  9.88915
  47.0918
  50.8779
  19.9159
  2.52001
  1.02382
  6.25456
  3.80496
   6.3427
   4.7136
  6.07582
  1.02212
  6.03402
  1.54634
  73.4462
  1.75222
  2.23157
  4.96435
  2.28256
   12.349
  10.3263
   16.574
  3.15608
  2.32501
  2.53705
  3.11595
  6.17194
  3.31879
 0.798029
  4.61093
0.0140237
 0.849702
  3.96821
  1.48652
  6.25365
  4.52751
  9.13091
  3.78208
  8.21419
0.0441552
  1.70111
  3.35668
 0.116861
  1.99183
 0.154966
 0.546453
  2.58968
 0.521354
  1.95432
  0.32321
 0.546961
  3.93827
 0.397447
  4.50447
  2.62827
  1.56631
  1.47495
  1.41929
  4.44513
  6.28404
  4.98219
 0.638332
  1.52132
 0.261235
 0.589783
  4.84268
  4.97581
   0.3733
 0.766895
  6.08388
  3.21624
  2.13609
 0.415833
0.0347616
 0.414303
   2.9527
  8.37451
  10.8694
 0.341199
  3.14774
  2.42429
 0.275586
  3.57605
  4.28319
  4.31227
  34.8233
  35.1397
 0.546541
  4.98501
0.0666825
  3.93627
  2.08023
 0.824152
 0.546961
  1.60897
  2.90549
  7.07872
  3.27457
  6.20598
  2.37795
  2.28191
  2.60627
  3.98193
 0.721433
   1.3034
  2.76685
  1.49662
  3.27253
 0.253543
  2.69754
  26.0108
   5.2486
 0.876893
  4.09908
  4.86396
  5.52205
  4.63502
   1.0808
 0.139372
  4.14896
  3.00043
   1.3253
   5.5999
  3.67297
 0.624889
  0.43508
  3.51849
  2.10579
  0.21922
  1.61765
  3.23556
  3.07509
  4.36053
  2.95423
  5.31235
  0.83341
   1.1984
  7.15822
  2.44923
  2.96348
  5.10859
  5.04785
  2.90843
  4.02809
  5.01319
  7.43044
  5.49706
  35.5734
  2.92442
  8.70867
  36.9876
  2.23554
  2.74442
  4.72399
  35.3902
  0.82557
  33.7358
  2.10157
  4.51643
  3.27012
  3.67639
  4.90182
  1.70944
  1.81811
  1.75591
  7.31903
  6.47823
  37.5034
  37.5959
  12.1124
  35.2243
  3.37293
  1.79564
  2.48959
 0.664307
  4.31158
  1.77087
 0.506885
 0.445545
  3.58679
  7.45523
  2.51055
  3.12656
  2.08051
  2.14876
  4.33141
  5.56539
  0.38148
 0.681882
  3.79672
  5.20782
  7.11858
   3.0157
  2.16887
  2.71846
  7.00438
  6.19121
  9.64814
  7.26543
  1.03576
 0.771087
  1.54612
  7.70507
  6.09535
 0.105043
  3.59684
  6.23072
  5.22954
  3.76633
  6.76304
  4.74854
  4.77348
  7.08528
  8.60725
 0.491127
  3.81293
  5.19146
  3.23712
 0.219675
  4.89983
  5.36748
  15.7133
  7.19905
  6.02164
  2.84955
  17.8454
  7.51548
  5.26615
   7.0166
  5.33585
  4.77612
  4.08563
  6.28378
   3.1615
 0.148493
  4.79127
   7.0007
  22.9935
  12.4749
  5.94213
  3.68683
  5.38822
  3.14546
    7.739
  8.80369
  4.50266
  4.71467
  31.8747
  5.34705
   3.1424
  6.35446
  5.24681
 0.675998
  1.17205
  1.13108
  5.52631
  2.27045
0.0398573
 0.428667
  3.16902
   7.4175
  23.3326
  47.7659
 0.195187
  6.25074
  4.28288
  3.10021
  2.14146
  2.51512
  3.93285
  3.20202
   4.9895
  35.1184
  5.14807
 0.580668
  1.08787
   5.7253
  5.76231
  2.98421
  9.79359
  3.42014
  2.82209
  6.45551
  1.18122
  4.10334
  3.65638
  6.01136
  6.22728
  8.41278
  2.57199
 0.783702
  3.38672
  3.99527
  1.10805
 0.553304
 0.847646
  8.77413
  12.1588
  7.53137
  11.7349
  13.4395
  17.0049
0.0297654
  2.47794
 0.475022
  11.1474
  7.10269
   11.259
  4.51353
  17.0703
  6.90148
  11.7463
  7.36769
  6.57578
  5.86292
 0.272676
  10.9302
   7.1192
  13.7853
  5.07344
  2.93094
  0.60674
  11.9269
  8.49413
  1.88588
  5.54987
  5.31487
   5.0131
  7.55672
  5.98063
  5.74718
  7.62541
  5.81771
  10.0016
  5.76307
  6.21197
  9.16804
  2.92016
  6.43744
  5.74427
  9.81668
  4.90883
  1.79919
  4.48714
  5.62761
  9.27084
 0.926854
  20.7738
   9.0803
  4.38593
 0.180179
  6.03927
0.0913227
  4.45307
  5.55842
  5.89656
  11.1285
  4.55568
 0.766471
  1.70707
  6.11965
  3.20192
 0.967907
  11.3179
  24.4021
  26.9928
   2.2005
  6.23169
  6.69989
  14.6644
   22.516
  17.7618
  1.75571
  1.14576
  24.1166
  7.25081
   4.5213
  2.75848
  1.77777
  4.00889
 0.774871
  5.44675
  1.27086
  5.23502
  13.7542
 0.700099
  2.25747
  6.60049
  11.2457
  11.0967
  4.25013
  3.68444
  5.60836
  2.14359
  16.2907
  6.02487
   5.4084
  11.0665
  18.1533
 0.715569
  10.5975
 0.263009
  7.35949
  25.0795
  4.81857
 0.476468
   9.1413
  8.13186
  8.46132
  10.9038
  7.50725
  8.08787
  5.71218
 0.669094
0.0879743
  9.38685
  1.08457
  35.5872
 0.113613
  1.10889
  11.4995
  18.6669
  5.87178
  16.2199
   16.463
  3.02075
  16.2141
  11.6034
  20.7572
  3.06812
  0.86103
  12.5734
  21.5156
 0.242312
  1.96055
  1.19999
  6.06039
  6.10957
  3.88871
   5.0106
  18.0285
  10.0329
   5.3064
  20.6503
  3.48667
  3.59247
  5.86562
  12.2929
  12.2937
  18.3402
  2.67379
  14.3477
  11.7719
   2.9794
  1.72239
   3.4964
   2.5755
  4.56527
  5.41093
  55.6803
  4.97106
  34.3923
  23.5293
  10.2987
  12.4714
  3.28691
  4.70514
  5.87178
   3.9049
  0.59267
  15.8614
  9.49893
  18.1377
  16.7732
  36.0154
   42.914
  25.0717
  7.85298
  62.6343
  39.3095
  2.07297
  27.4812