  2.43259
  4.60481
  18.3354
  5.79079
   7.5333
  8.65713
  5.83784
   3.8179
  16.5516
  15.5186
  10.1204
  10.2707
   14.566
  4.43147
  5.16543
  9.35837
  7.34272
  8.60697
  11.5556
   0.2238
  13.7487
  2.38096
  3.12147
  13.2286
  13.3753
  14.9568
  17.8011
  18.4447
  24.3871
  5.04247
  11.5028
 0.793999
  12.0499
  9.50426
  18.1213
  17.9571
  3.80867
  6.72531
  0.46401
   4.4085
  8.83268
 0.829123
 0.758858
  5.46075
  4.44698
  53.6468
  65.9601
  48.3688
  30.8483
   39.259
  5.95299
  1.38083
  12.0684
   5.9864
   15.283
  10.0042
  22.4687
  26.7723
   45.414
  36.2538
  8.53458
  2.42103
  2.37806
  8.59433
  1.90586
  10.3407
  4.96825
  27.6849
   8.5492
  3.44717
  2.34384
 0.563468
   12.141
  7.07642
   4.2235
   2.1709
  49.2617
  3.73032
  5.04545
  8.82354
  1.32974
  19.5094
  12.3742
  4.64678
  6.24011
  4.73713
  2.39597
  3.11642
  9.89318
  12.2313
  3.16641
  2.47503
  4.96847
  8.90487
  13.3225
  2.75876
  6.86136
  13.5424
  14.6611
   9.4379
  16.8899
  8.40168
  7.79744
  1.17837
 0.454328
  5.73716
  1.68812
  7.54969
  6.48653
 0.322069
  1.23993
  6.17807
  5.28679
  6.75855
  5.16917
  7.35533
  7.81217
  3.78604
  5.11596
  3.48619
  1.88828
  1.13159
  5.79081
  2.04547
  5.48879
  9.77464
  15.2493
  9.32619
  2.22533
  2.32404
  2.64191
  10.1761
  7.57694
  6.69119
  17.1034
  8.58925
  17.5419
  17.8347
   22.836
  20.3089
  21.0157
  10.5913
  17.4325
  17.9036
 0.492572
  17.4464
  4.56104
  20.2324
   10.106
   17.815
  6.29996
  8.87526
  13.9646
  11.3969
  22.2892
  18.0384
  26.9578
  47.5598
  21.4412
   9.0227
  36.4169
  16.5038
  16.1783
   29.213
  6.65514
   13.155
  1.60544
  12.4459
  17.7851
  2.27212
  15.9136
  2.70609
  22.1622
  18.8774
  12.1573
  15.8099
  2.89581
  19.5443
  11.0512
  16.7361
  8.43761
  7.84958
  14.0864
  3.81992
  12.4163
  4.64678
  16.6531
  4.17369
  6.27663
  11.1142
  3.92968
  7.17781
   21.928
  23.0944
  7.06993
  22.0378
  4.72992
  7.02421
  6.94186
  10.2081
 0.911808
  4.12393
  35.5382
  47.1066
  14.1045
  35.6748
  22.8196
  16.9404
  5.16133
  23.7794
  41.2747
  33.0685
   2.3224
  6.82814
  9.38708
  6.36637
  12.5475
  11.0571
   7.8502
  10.7738
  7.80782
  14.6257
  27.3131
  3.24457
  1.08933
  5.47349
  8.78401
 0.455292
  6.69195
  5.26376
  9.96412
  13.8776
  0.64242
  11.4112
  8.36164
  13.8416
  1.05117
  5.12175
  14.4968
  10.2773
  12.6891
  0.82497
    12.26
  8.11923
  8.60858
  6.06934
  7.23339
  19.5905
 0.662233
 0.151254
  12.0057
  14.7868
  10.1592
 0.152306
  1.43291
   1.5258
  5.33462
  3.98534
  15.7099
  14.7026
  18.6549
   3.1915
  4.92704
   6.2033
  13.3751
  13.4338
  17.0307
  10.4074
  11.0507
  3.92021
    9.686
  6.25162
  24.3136
  18.2573
  2.60265
  8.68543
  24.5819
  11.1002
  1.08484
  1.23084
  22.9883
  14.9052
  5.97043
  8.12801
  15.1374
  6.76862
   19.606
  5.32834
  4.68021
  26.7419
  4.76863
  13.5659
   17.201
  16.1168
  3.61932
  10.8393
  17.5459
 0.906821
  21.0731
  45.8995
  66.0955
  5.83061
  4.00628
  4.40361
  16.1746
   1.6843
 0.180643
  4.61414
  10.3668
  5.11422
  14.4383
  29.5067
   2.1749
  33.6737
  24.0106
  12.5831
  3.93289
  12.2599
  4.92112
  3.61457
  4.01097
  14.7068
  2.37122
  3.59788
   1.5892
  0.66895
  4.84994
  22.1694
  10.5469
  11.2293
  17.7915
  16.4921
  21.5857
  11.2557
  10.5301
  9.60748
  10.9766
 0.599204
  11.1383
    9.464
  4.92679
  9.39519
  14.4702
  15.2842
  15.9851
  2.68664
  10.7807
  9.34956
    2.568
  8.05362
  6.33138
  9.91009
  10.2465
  16.9262
  13.5808
  19.3399
  8.98337
  16.4362
  1.07534
  2.16858
   2.0791
  8.92109
  1.78413
 0.742644
  8.61069
  9.54611
  1.48673
  5.69383
   26.078
 0.979616
  1.92683
  5.10786
  2.96844
   2.2278
   8.1208
  4.85107
  12.7191
  9.22476
  6.69263
  15.9383
  23.9201
  4.36274
  6.71075
  1.61677
  16.5414
  7.56569
  13.0455
  17.9735
 0.712371
  5.63353
 0.658336
  20.8679
 0.672047
  45.2534
  11.7518
  9.48807
  20.2374
  13.6953
  4.81776
  22.0515
  15.0871
  9.58181
  14.4283
  60.3935
  53.4014
  57.3579
0.0747041
  7.73081
  3.86745
 0.603911
  22.6075
  5.83061
  11.3024
  51.8501
  16.5502
  13.4781
  1.77072
  41.4046
  20.5878
  5.46351
  17.4162
  5.06068
  3.57732
  22.7835
  9.02183
  17.7242
  11.7355
  7.05804
  1.19464
  5.62422
  3.03503
  14.6756
  22.9804
  6.77285
  15.1548
    7.125
  17.1386
  1.45744
  3.22051
  4.57532
  5.65854
  1.87864
  17.0777
  14.3013
  13.5806
  7.92857
 0.754592
  7.82829
  1.30174
  4.72348
  2.66576
  22.2482
  3.21718
  13.1902
  4.35609
  6.84017
  9.30111
  9.69404
 0.522363
  18.8547
  8.93414
   16.471
  22.1003
  16.9604
   3.2245
  2.79379
  3.96758
  7.37216
  14.2775
  8.33481
  15.6615
  11.0746
 0.549247
  13.0461
  18.5151
  14.5452
  20.4078
  33.2126
  49.7909
 0.562408
  10.2293
   17.224
   1.5484
  5.01268
  57.9731
  59.3099
  16.4652
  41.0818
  35.2474
  5.84781
   22.676
  2.64297
  5.31507
  2.73661
  1.03398
  5.92485
  1.84989
  5.20786
  8.95256
   15.878
   26.679
  0.72365
   24.498
  15.6973
 0.773145
  10.3225
  11.0365
  8.91408
   20.821
  14.3143
   5.5063
  14.6795
  15.0401
  5.53182
  13.7812
   17.211
  17.3296
  2.92892
  14.8622
  17.7152
  15.2812
   21.788
  4.30294
  3.31406
  21.8154
  24.9401
  25.7373
  38.9374
  19.0138
  22.1053
  22.8629
  16.6356
  16.7741
  33.3636
   10.499
  6.05953
  20.1438
   28.787
 0.297947
  27.8403
  19.5561
   17.211
  11.1439
  44.5514
  11.2445
  34.3969
  18.5499
  17.1964
  7.10326
  8.74787
  5.97594
  5.39835
  5.92327
  15.2315
  41.5192
  21.0912
  21.4228
  2.00933
  13.1521
  14.0684
  48.6719
  5.39796
  23.7364
  13.8449
  1.06145
  17.0823
  3.16719
  1.02381
  15.2315
  16.2998
  16.3368
  21.3066
  15.6009
  6.17569
  42.9989
   17.137
  8.25577
  8.19734
  3.42352
  17.0665
  11.7757
  5.44582
 0.520185
   24.408
  22.8291
  25.8707
  12.3362
  9.60466
   12.971
  4.48602
  4.16092
  21.5086
   27.924
  18.8181
  11.2894
  25.1639
  10.7552
  17.1627
  2.15809
  21.9179
  9.42585
  18.3557
  1.42651
  5.75648
  12.3995
  28.5133
 0.715762
  5.86033
  16.8986
  17.2472
  6.06296
  7.44498
  10.6037
0.0541605
  16.7027
  26.0373
  5.61329
 0.701773
  3.02246
 0.348799
  9.36512
  46.3093
   11.068
  4.42856
  10.5812
  5.63645
  1.55131
  11.9151
   3.6423
  6.19936
 0.606773
  1.46118
  23.4989
  8.57472
  13.7385
  4.73146
  15.2253
  4.24546
  50.5161
  12.2692
  14.0823
 0.144843
  8.46085
  9.41334
  5.02337
  7.45833
  11.1993
  32.3734
   8.1741
  23.8404
  21.8331
  23.8745
  8.21733
  4.23535
  5.16589
  25.2456
  26.2737
  9.43986
   20.024
  5.31077
  22.2152
   14.806
  20.9964
  20.9865
  7.09232
  18.4085
  14.2077
  19.9181
  11.3655
  32.6842
  37.9272
  8.24665
  7.38504
  17.3498
  3.85252
  4.00829
  5.90942
  5.63154
  25.6574
  29.1572
  9.23117
 0.204609
  12.2966
 0.480323
  9.06075
  1.87556
  10.8782
  2.54231
  26.1112
  0.73018
  41.2865
   12.059
  32.8415
  6.24861
  39.4751
   11.468
  10.4183
  23.0642
  5.24924
  2.34297
  42.7234
  6.97223
  8.95068
  10.3301
  5.96852
  31.6295
  5.17604
   5.5309
  8.58198
  30.5597
  6.46032
  10.8669
  8.02113
  20.9415
  9.20934
  11.6076
  24.0211
  6.78632
  11.0542
   16.579
  8.47857
  33.3043
  12.1017
  16.9305
  11.7074
   6.8591
  12.0909
  43.4046
  15.0577
  27.7938
  8.04685
  31.7974
  14.2222
  9.71516
  25.9811
  34.9618
  13.2274
  1.18936
  39.3281
  10.3359
   9.1607
  19.3682
  30.7576
  8.75821
  13.8398
   3.9273
   7.6305
  3.57183
  2.96043
  42.3213
0.0938086
  1.34648
  1.70491
  23.1624
  13.6688
  5.47881
 0.155442
  9.90696
  44.7161
  16.3702
  21.0923
  5.45493
  24.3623
   10.225
  9.96243
  10.9488
  11.3065
  8.14548
  1.37098
  7.88524
  7.17415
  3.03864
 0.716375
   25.919
  8.58729
 0.281875
  18.4567
  15.8039
  3.07634
  29.4898
 0.306598
  3.55895
  2.91243
  6.97774
  21.4601
  8.84101
   17.841
  20.6934
  22.4744
  12.6424
  19.7635
  9.57279
  5.87004
  16.7965
  1.27254
   3.4487
  26.3366
  14.6038
  2.35979
  11.3254
  21.9645
  27.0443
  4.55902
  5.75651
  7.90944
  18.7473
  18.6693
  8.31177
  19.9935
  31.8542
 0.663341
  7.09278
  18.5557
  13.4927
  5.41408
  11.5058
  13.1862
  11.6533
  13.1862
  2.20215
   14.173
  17.4648
  2.76504
  2.04235
  1.01581
   6.4717
  15.7144
 0.245997
  13.0454