   47.0104
   37.0419
   38.5881
   42.3973
   38.5807
   16.6862
   42.9894
   12.9691
   43.7459
   19.2537
    18.652
   40.5965
   47.9226
   50.2015
   45.0623
   37.8225
   107.841
   46.7485
     15.09
   17.2314
   12.7487
   11.4318
   108.877
   112.446
    112.79
   96.7096
   97.6868
   97.1604
   16.2704
   17.7272
   32.9064
   26.2198
   17.7618
   27.4274
   48.7674
   101.949
   47.1784
   20.2591
   11.0736
   35.6216
     22.57
   40.5471
   44.9359
   1.85889
  0.311915
   38.0791
   33.7441
   41.8171
   40.7279
   41.3565
   114.072
    37.884
    102.12
   38.4278
   46.2542
   34.5654
   102.613
   98.4143
   9.24902
   25.6602
   46.2322
   19.0459
   97.1187
  0.819546
   47.3556
   108.859
   112.042
   9.41277
   12.1121
   13.3377
   33.3265
   17.0871
   14.6369
      17.2
   14.7099
   102.889
   2.91189
   16.6657
   97.7951
   113.243
   112.499
   12.0489
   12.9219
   16.0574
   24.2045
   108.546
   49.9163
   29.9195
   43.9676
   29.0778
   17.9535
    42.395
   13.1364
   11.3522
   3.99235
   48.5447
   41.5408
   41.0856
   110.977
   49.7744
   49.3147
   40.6924
   42.4828
   36.8265
   99.9762
   98.2811
   23.2674
   18.0971
   10.5054
   86.0447
   102.139
   43.0059
      42.1
   7.03638
    42.598
   43.0202
   22.6499
   45.5431
   8.57709
   27.8122
    98.511
   10.7863
   49.3811
   112.005
   19.7011
   43.0303
   18.0404
   16.5577
   47.9796
   109.131
   109.534
   98.0755
   112.695
   1.22715
   47.1645
   33.5507
   18.5678
   17.6833
   12.3877
    26.339
   101.575
   46.8287
   30.6287
    43.053
   38.6584
    42.447
   110.756
   100.756
   42.0708
  0.560863
   45.1776
   8.37722
   11.9969
   36.6186
   12.6078
   11.4804
   15.6647
   13.6341
   113.072
   109.131
   3.80817
   4.20765
   34.8762
   23.0286
   103.416
   9.29192
   16.3832
   37.3307
   38.0581
   48.8431
   10.2289
   12.6573
   6.90745
   7.86599
   11.3506
   28.4215
   43.0532
   52.4102
    37.422
   38.7747
   110.293
     98.75
    21.185
   13.0956
   16.9163
   11.2558
   114.296
   113.145
   114.232
   113.931
   114.211
   112.237
   109.007
    39.631
   1.38464
  0.311915
 0.0962475
   3.09314
   37.9804
   103.598
   40.3289
    25.202
   28.0901
   17.4346
   14.1257
   41.8078
   27.4718
   26.8675
   27.6452
   33.3482
   22.0792
   26.2024
   25.3843
   24.5472
   30.3239
   35.8553
   29.2835
   20.2575
   39.7115
   28.3927
   36.0055
   27.0573
   32.3421
   33.8639
   32.2985
   29.3173
   39.1507
   50.8259
   12.5342
    11.714
   25.0402
    21.117
    39.118
   33.8489
   12.1089
   49.1181
   46.9348
   39.6605
   36.6596
   33.7867
   18.4079
   37.6974
   19.0757
   25.9323
    20.201
   36.8028
   35.5898
   12.3597
   26.8749
   27.3375
   14.4801
   48.3993
   19.8372
   20.7722
   34.9683
    109.65
   101.834
   40.2859
   44.1575
   17.7341
   31.0307
   20.0304
   19.0115
   27.9511
    23.263
   18.1221
   34.3396
   37.4916
    29.799
   33.7168
   43.3247
   34.5198
   19.1843
   13.9489
    31.367
   10.5012
   31.8479
   19.9266
   23.4659
   23.2524
   26.5379
   31.4747
   21.0887
   32.3207
   21.9567
   21.2065
    14.157
   36.3515
   29.0502
   27.8746
   34.8248
   18.0724
   28.9579
   34.8852
   34.0475
   17.3961
   26.0635
   26.6653
   27.9006
   28.4061
   22.3635
   20.5057
   18.8344
    33.211
   32.4937
   17.3844
   28.7223
   34.9545
   28.5157
    32.391
   30.4544
   24.0292
   28.4681
   27.1069
   25.4842
   28.5871
    19.726
   30.1215
   21.6188
   25.3328
   18.7759
   18.1239
   23.3689
   14.7797
   17.7245
   16.9335
   18.5377
    25.517
   16.5761
   11.9751
   11.6073
   17.7935
   23.5448
   30.2806
   31.1431
   29.7779
   9.92118
   36.6077
   11.0742
   30.9078
   26.2493
   35.6884
    26.115
   31.5112
   46.9042
   32.4579
   17.3934
   25.6816
    50.961
   105.197
   27.4663
   15.8755
   16.0816
   11.9188
   13.0732
   31.0258
   32.0807
   24.6771
   24.3924
   19.9185
   28.2277
     28.08
   18.4905
   10.6416
   28.1531
   13.2859
   19.7411
   27.5316
    35.449
   16.7178
    43.922
   25.9781
    16.386
   16.5621
   97.7246
   42.2439
   103.936
   38.6433
     17.87
   44.7717
   34.7714
   18.3377
   23.7486
   32.2642
   14.5798
   12.4742
   44.5916
   47.6931
   44.5497
   45.1069
   13.2893
   14.4755
   8.38745
   35.9838
   25.9058
    33.159
   38.4955
   14.1211
   18.1578
   44.9323
   26.4051
   21.3319
   46.7597
   14.3714
   27.8578
   39.7026
   39.7779
   14.9838
   18.6486
   27.7872
   18.0919
   17.3905
   104.634
   18.5754
   104.045
   28.1919
   25.8853
   43.4523
   104.884
   104.959
   20.1503
   17.1387
    34.879
    38.801
   47.0879
   17.8349
   18.5142
   11.3869
   16.9105
   20.9298
   102.077
    12.835
   16.1152
   16.2544
   40.5471
   13.3484
   19.2878
   12.9333
   103.177
   103.847
   24.5178
   33.0623
   36.3003
   21.5738
   17.1741
   18.5674
   31.4663
   12.3655
    107.55
   19.0424
   15.2154
   42.3317
   24.4932
   18.9025
   31.5251
   26.3968
   25.3126
   28.4894
   22.9696
   21.5071
   14.8897
   33.7802
   6.37373
   5.46615
   5.03316
   2.67343
   5.85018
   10.0828
   10.5867
   5.00426
   16.4759
   9.70575
   17.4825
   0.94115
   3.07427
   3.56351
  0.701692
   1.89331
   8.56509
   7.55686
   1.70754
  0.273189
   34.6455
   2.19328
   7.31404
   5.58704
   5.30572
   2.73447
   3.94023
   8.54533
   9.31234
   3.41731
   6.90144
   6.76034
   8.78078
   7.12817
   9.07657
    7.6643
   3.19312
  0.509053
    8.4852
   9.99303
   3.96903
   8.00283
   3.66378
   3.21571
   27.2537
   3.46733
   3.22055
   2.63074
   1.25079
   2.88636
   4.31328
   3.65606
    2.7258
   2.61362
  0.555489
   3.17499
   1.82251
   7.47697
   1.49169
   4.84697
   7.54886
   4.51465
    1.8055
   44.7989
   45.3314
   31.5281
   9.00056
   41.6877
  0.557288
   3.13461
   3.40463
   30.0583
  0.671351
   6.16023
    6.5479
   5.13014
   5.93064
   7.01327
   6.90181
   4.66236
   4.82075
  0.395934
   2.74589
   6.24265
   2.20383
   1.65857
  0.758298
   1.40559
   30.7449
   23.9439
   22.4925
   30.9291
   5.59347
   5.19122
  0.992597
    3.1126
   5.38281
   2.79089
   1.73822
  0.539966
   2.25989
   6.14119
   2.75793
   7.01195
   3.47644
   4.20932
   4.85547
   4.63859
   4.82872
   4.94915
   1.53695
  0.104135
  0.625332
   18.8067
   3.15591
   11.4628
   7.77302
   5.21018
    23.778
   24.0207
  0.627207
   18.5176
    34.202
   31.1967
   10.7849
   6.56156
   9.46453
   4.67577
   1.77255
  0.652795
    5.2998
   7.77637
    5.8416
   2.70174
   6.80194
    12.359
   10.1997
   1.76988
   0.41611
  0.755822
 0.0766653
   15.1913
   1.02299
   6.22691
   5.79469
   30.2296
   6.35925
   2.05466
  0.841812
    9.0529
   1.49491
   4.88424
     4.057
   22.7514
   3.53373
     15.26
   4.69864
    5.8698
   4.43596
   2.09538
   10.0296
   2.84956
   2.74962
   1.62205
   2.64784
  0.694389
  0.986602
   9.23902
   1.03216
   8.40602
   7.53034
   6.39999
   7.76724
    2.7579
   9.47452
   2.95528
   6.49448
   5.58804
   3.69223
   4.79212
   6.20189
   17.1687
   3.22081
   3.60185
   2.72495
   2.00771
    1.3368
   12.7767
   11.4835
   3.11077
   2.48338
   7.06238
  0.848877
   1.10608
  0.427507
   10.9168
   8.60346
   18.5262
   5.65641
   13.7414
   9.12904
   4.13923
   6.73112
  0.115675
   4.66236
 0.0324074
   6.37395
   7.30335
   2.25208
   6.49167
  0.290213
   5.03071
 0.0749978
   34.5128
   4.10367
   6.40147
   3.36217
   6.65818
   7.25323
  0.716919
   25.6972
   1.30521
   7.19007
   11.7591
   6.55763
    39.058
   14.3425
   8.61482
   15.2602
   4.24109
   1.88938
    1.5117
   2.69835
   21.1184
   1.82436
   3.56059
   4.47946
     10.02
   1.42093
   4.40035
   4.56161
   10.7202
   5.31509
   5.93335
   2.29001
   3.58712
   4.27528
   2.20945
   1.70012
   13.2657
   17.1322
   1.28227
   3.81386
   7.53419
   7.31618
   3.15765
   4.41122
   3.66051
   4.93761
   7.18302
   6.81447
  0.677748
   6.02647
   7.98625
   2.54377
   7.96098
    8.0013
   3.67919
   1.44189
   2.76805
   26.8356
   2.99825
   5.33482
   2.67641
   1.75691
   7.29708
   3.38185
   3.01873
   3.88637
   2.01316
   2.01313
   4.69697
   3.47326
   4.97243
    2.3914
   7.57711
    5.4122
   7.59331
   6.88863
   4.65266
   4.67934
   1.59104
   2.24451
   5.57375
   5.25803
   3.15721
   3.20159
   1.93198
    6.3761
   4.25058
   1.08184
   3.98223
   2.39523
   3.87065
   1.45789
   4.50996
    4.5287
     1.765
   4.45129
   3.63189
   2.63414
   5.00214
   1.42252
   0.89446
   34.9804
   3.72766
   4.41552
   5.12237
    1.3029
0.00889594
   2.52332
   3.08271
   4.21861
   4.07923
   30.3874
   25.5581
   16.9331
   2.74481
    1.3169
   2.55462
   4.65112
   3.12164
   3.61268
   45.7116
   7.55241
   5.97426
   4.24552
   3.21543
   7.01572
   6.79575
   8.91099
    9.7292
   2.17833
   2.59647
   7.65438
   4.84533
   5.56877
   4.15719
   6.96186
   5.58496
   1.77947
   5.61162
   3.30111
   7.77323
   9.35578
  0.469877
   2.19751
   3.86596
   7.93495
   1.60523
   6.33684
   5.64604
  0.813501
   4.15371
   2.18931
   3.33335
   10.1911
   3.17009
   6.06046
   3.94208
   5.30765
   8.26797
   4.74969
   4.23589
   9.48439
   9.97794
   3.70465
   5.07459
   5.67203
   5.16194
    1.7877
  0.469877
   4.06847
   5.46814
  0.746922
   6.25359
   4.01653
    2.9928
   1.23779
   3.00991
   6.22897
   9.60776
   1.84329
   9.23961
    6.8431
   7.58629
   37.4239
   4.26774
   5.40926
   3.04146
   8.13591
  0.880706
  0.803714
   10.1082
   10.3416
  0.916272
   5.31828
   7.43167
    4.9231
   5.48612
   5.25125
   10.1066
   5.38383
   1.84376
   11.3348
   7.98625
   3.46002
   13.2133
 0.0154762
   12.8896
   2.17853
   5.01336
   7.65667
   0.11306
  0.065736
   2.46643
   2.55116
   7.52747
   11.8196
    15.774
   9.25421
   2.91004
   8.42319
   2.64462
   7.45144
    2.6258
   4.35737
   7.05967
   5.52821
   4.20798
    1.8459
  0.631957
   2.31891
   2.28189
   1.37364
   5.13844
   11.5753
   3.33297
   7.41747
    9.8252
   3.33235
   4.98442
   18.4547
   5.77017
   3.73548
   4.05307
   7.07006
   3.52335
   1.27718
   6.95504
  0.327594
  0.950451
   2.45007
   4.71632
   9.54517
   5.35907
  0.150081
   1.47152
   1.98546
   4.14685
   12.3472
   11.6965
   2.74696
   11.9379
   7.26401
   7.23876
   2.51539
   12.3992
   5.92664
   4.66831
   6.69382
    6.8051
   10.1395
   11.2203
   1.70964
   6.07975
   17.0216
   0.89379
   17.9854
   4.15787
   6.28344
   1.87771
   1.44722
   1.87738
   1.58022
   1.36823
   5.98445
   0.36263
   2.44824
   3.14562
   1.74747
   3.34299
   14.2073
   3.80425
   4.82225
    17.618
   7.46922
    5.2873
   35.9289