  6.61871
  4.30593
   3.3854
  5.76588
  18.3959
  2.18249
  6.10109
  10.4756
 0.307166
  15.6374
  7.02286
  10.0148
   11.687
  11.8623
  38.0983
  30.9337
  2.79387
  14.5741
  17.6359
  18.8051
  11.2715
  15.1052
   15.492
  8.69517
 0.249426
  1.54716
   9.4395
  11.3184
  11.5639
     15.5
  30.7184
  18.3361
  11.3064
  5.98853
   9.2382
  4.30665
   14.876
  16.1659
  6.80739
  2.23085
  7.49059
  1.90804
  16.0701
  9.06373
  4.00083
  15.1551
  6.86441
  38.7861
  42.0097
  46.8256
  49.3303
  13.2916
  3.46131
  1.61007
  9.76797
  15.7878
  7.80077
  21.3391
  35.3085
  54.4621
  63.9971
  14.4918
  3.84984
  4.31657
  13.8005
  4.57292
  9.29869
 0.796702
  10.2531
   1.4546
  4.42125
   10.321
  13.4937
 0.184764
  7.24076
  6.67561
  5.64351
  9.50164
   9.3621
  5.79667
  7.09582
  15.3488
  8.69678
   23.605
  6.80664
  5.39975
  7.65813
  3.24361
  9.31877
  15.1876
  10.8588
  13.7498
  13.3191
   19.887
   5.2478
   14.325
  18.7438
   26.673
  18.7901
  6.09886
 0.212352
  9.11832
  7.48247
  12.3507
  10.5212
  14.9177
   2.6253
  8.15524
  11.3723
  3.36285
 0.624547
  1.94048
  0.92405
 0.428942
  4.04317
  5.05709
  7.68798
  7.07952
  3.46361
  7.59107
 0.327281
  1.24155
 0.540808
 0.331615
 0.400836
  4.26404
  2.42692
  15.6154
  34.9365
  17.6977
  18.1363
 0.712327
   12.056
  3.42917
  17.6608
  9.66676
  1.42351
  10.1073
  3.94198
  30.8098
  26.4487
  8.52871
  11.4027
  25.0533
  8.94218
  2.72622
  31.6955
  34.1336
  20.3305
  18.3962
  11.5021
  5.36663
  15.7833
  8.15667
  19.2103
  13.8063
  17.0308
  23.6975
  23.3771
  31.9824
  34.8751
  58.8792
  46.3767
  9.00709
  8.56965
  25.2432
  24.7444
  15.8701
  26.1386
  24.1455
  10.6509
  9.08537
   12.548
  24.7973
  42.0351
  14.5357
  14.2605
  2.87906
  12.8464
  29.7009
  22.7317
  13.1293
  4.47481
  7.85144
  10.8748
  17.8225
  9.32438
  27.0691
  13.8519
  14.1118
  14.6783
  17.7614
  1.57963
  12.7595
  6.80664
  10.4418
   28.832
  37.7323
  16.5177
  17.2272
  19.6123
  13.3728
  10.0849
  10.2551
   11.627
   8.4515
  13.9612
  11.1494
   1.3276
   15.849
  15.6885
   15.906
  51.8928
  40.8297
  18.9119
  58.7049
  7.27858
  1.14773
  12.7253
  6.79816
  50.3958
  61.4136
  7.47886
  26.7226
  29.1585
   23.362
  31.2551
  30.8067
  12.7059
  16.4545
   6.0889
  2.21449
  10.5333
  3.17419
  3.17309
 0.287745
   16.224
    14.31
  5.39306
   6.5293
  21.8199
  14.7267
  8.25016
   19.163
  3.14614
  8.19642
  4.06072
0.0704738
  9.27428
 0.695535
  8.60798
  15.2957
  11.7768
  3.94815
  34.0361
  13.8697
  6.16363
  16.4089
  14.6839
  13.3952
  10.9431
  10.6321
  5.02034
  1.56931
 0.368484
  8.74725
  2.55017
  3.57511
 0.304917
  1.73458
  10.9177
  8.06996
  16.7107
  8.07897
  1.92822
  8.09302
  4.30159
  23.7112
 0.275546
  13.9786
  9.42852
  8.70831
  29.8292
   19.267
  10.0398
  15.4032
0.0507192
  15.1221
  17.3732
   8.7226
  15.7421
   6.0617
  0.97341
   4.2436
  3.77091
  17.8155
  8.00293
  28.3734
  29.0745
  24.8914
  9.80985
  5.01048
  26.9173
  14.5705
  21.2231
  15.6756
  4.98393
  8.15119
  18.7539
   44.685
  10.8228
  5.42637
  2.31989
  2.58601
  18.4137
  23.9487
  19.2142
  13.9723
  35.2196
  33.1395
  40.9088
  41.7381
  8.12398
     8.38
  1.31816
  3.57862
  10.1898
  3.08347
  6.60821
  51.3815
  41.0097
  3.04347
  33.1279
  51.5246
  3.65696
  22.9262
  31.8266
  9.64548
  3.33757
   9.7141
  9.76266
  2.24504
  1.43602
  30.5854
  33.2885
  14.5271
  14.9384
  2.72217
  7.78967
  7.42996
  5.25229
  7.16824
  8.71874
  7.13706
   3.4302
  13.6139
  3.67752
  9.13667
  1.44603
  6.80474
  5.90667
  4.80308
  10.9736
  0.80417
  1.59334
 0.022465
  3.49899
  9.59471
  14.9661
  15.0487
  11.8047
  6.67771
  7.13441
  5.90611
  14.4566
  9.37057
  10.1727
  12.5964
  6.93824
  8.67678
  7.67205
  8.17206
  9.67608
  2.66235
  2.67116
  6.09848
 0.871646
  7.66166
  8.94113
  14.6023
  10.1472
 0.347301
  14.0523
  14.7948
  34.6346
  20.1626
  13.0572
  18.7161
  9.00242
  4.52029
   8.2741
  6.00138
  20.0132
  23.6675
  6.09844
  1.53403
  7.16536
  8.37027
   4.0707
   13.482
  3.49111
  31.1612
  7.10534
  12.0101
  4.62433
  8.78246
  7.02121
  53.0814
  4.05438
  11.8281
  9.55484
  16.4268
  6.59593
  6.70046
  3.42503
  16.4717
  22.6523
  54.6105
  53.5485
  54.7401
   3.8015
  12.0239
  5.36752
  14.2429
  9.10454
  8.12398
  17.8551
  58.6027
  30.8137
  26.6296
 0.806098
  36.5749
  37.6535
 0.720537
  26.6876
  24.0851
  36.2454
  10.7408
  6.24938
  5.37628
  17.0283
  12.4434
  31.7721
  36.9403
  8.09523
  10.9533
  3.51304
  11.7454
   16.848
   23.785
  18.9748
  12.6577
  14.2252
  10.1706
  2.68935
  3.40038
  8.80852
  8.97467
  11.2588
  17.1181
  8.76237
  14.3634
  16.3759
   12.968
  9.37039
   7.5763
  9.71013
  3.46622
  3.96041
  3.27687
   8.8299
  13.4541
  12.1569
  4.81166
 0.701019
  6.05599
  1.99248
  1.20401
  3.75596
  8.77398
  18.9335
  20.3322
     21.4
  7.59155
  6.65581
  7.03727
  10.3478
   4.4736
  10.1133
  27.2033
  1.63654
  5.86252
   21.256
  17.9185
  11.6855
  5.34755
  11.4947
  9.28996
  33.3809
  4.90457
  46.9541
  45.3801
   10.676
  9.47542
  5.15531
  10.3455
  15.0092
  56.7729
  59.1683
  16.7266
  40.3502
  24.0907
  10.9862
  10.1897
  2.79552
  13.8044
  1.48158
  21.7921
  3.59512
  32.4186
  21.9084
  9.88206
  34.3753
  8.03298
   4.5325
  10.6511
  3.48627
  4.21819
  23.9406
  27.1142
  1.37637
  27.3855
  29.0177
  31.2933
  1.95708
  36.2228
  21.7262
  28.8846
  28.6372
  18.7687
  2.19564
  23.3258
  2.03893
  18.7116
  31.6882
  10.2923
  4.68844
  5.59097
   31.468
  27.2034
  11.3515
  26.3106
  18.1678
  12.0386
  27.4942
  26.6402
  60.7707
  18.2025
  16.7866
  14.4715
  17.0457
  40.2294
  12.1387
  27.3692
  34.4274
  19.7895
  4.72257
  52.4998
  27.4916
  27.3319
  26.9752
  2.76017
  31.7318
  14.3909
  53.6776
  23.8614
  25.7909
  2.62357
  9.42112
  18.4684
  5.40833
  18.3397
  31.8639
  40.9111
  31.2035
  27.0801
  38.1428
  37.6709
  30.7333
  18.5145
  15.2537
   30.733
  23.8189
   10.891
  16.1735
  1.66645
  18.4116
  27.3242
  37.4489
   12.336
  23.6936
  15.1899
  61.5791
  22.6853
  22.2065
  23.2852
   7.5872
  14.1137
  25.8874
  15.2386
  9.67658
  26.1133
  12.9403
  20.9369
  21.5715
  8.50251
  7.85321
  17.6438
  4.62211
  12.7886
  24.1997
  44.7648
  22.7986
  2.56351
  27.5955
  19.9965
  25.8584
  7.37655
  15.1377
  2.13449
  1.38533
  6.32924
  6.08825
  40.5447
   3.0349
  20.3598
  22.4429
  36.1174
  15.8029
  1.11237
  13.0303
   7.4748
  13.9792
  19.1717
  31.6953
  10.6043
  11.5248
  10.3666
   13.806
  5.11604
  23.3844
  26.1159
  8.63232
  16.1733
   15.281
  8.63351
  2.34241
  15.8664
  13.3591
  11.2904
  34.9515
  7.44007
  5.50988
  21.1754
  6.93743
  3.80159
   46.314
  26.7171
  1.98404
  13.7483
  9.82831
  17.2022
  30.9066
  33.6683
  25.0069
  10.8316
  41.3411
  14.1126
  19.4922
  9.61971
  17.2954
  26.6045
  20.9033
  33.1322
  25.1084
  26.8325
  30.1149
  30.0138
  29.2606
  17.3266
  13.3551
  14.3475
  20.5382
  27.3817
  16.9714
   39.467
  26.1394
  7.72655
  3.16139
  29.5217
  1.52048
  10.6021
  13.8358
  9.54188
  7.56594
  37.6974
  6.82737
  1.40637
  13.2214
  19.0894
   29.825
  8.50389
 0.138177
   8.9025
  24.3434
  38.3015
  29.7493
  33.4822
  41.0886
  22.3282
  54.9513
  10.2485
  50.4311
  9.59094
  15.6547
   11.374
   2.7415
  14.1243
  24.6733
 0.228012
  1.26071
  34.5624
  51.6745
  3.06704
  3.05904
  9.09429
   3.5974
  13.5745
  26.2248
  36.9232
0.0836425
  17.2503
  31.6118
  3.96542
  5.84069
  4.32882
  4.87362
  6.33077
  14.5253
   14.573
  10.5534
  37.0812
  10.8456
  11.4208
  18.2053
  39.5107
  8.06953
  32.7137
  16.9479
  33.2721
  11.4127
  33.0208
  7.25553
  24.1324
  50.5644
  9.29524
  60.2197
  7.61631
  15.1087
  40.1156
  37.1452
  9.43918
  11.7638
  37.6792
  15.7242
  7.73447
  22.6985
  27.1157
  40.9481
   37.552
  5.91834
  5.96103
  26.9306
  31.9945
  7.82479
  5.41217
  4.33031
  14.0783
  1.14363
  28.4449
  7.02487
  2.26947
  4.54647
  29.8662
  37.8226
  3.79327
  2.45184
  7.40172
  17.0713
  50.9624
  25.4769
  28.7775
 0.977721
  36.3971
  2.63867
  37.6568
  32.3429
     30.1
  36.2271
  7.50728
  30.2327
  37.9482
  34.5386
  3.34617
  16.7164
  28.4723
  39.9069
  36.5449
  3.70017
  3.39286
  37.6246
  13.3892
0.0131416
   15.767
  20.5021
  8.55246
  31.9465
  7.88329
  1.73023
  17.1108
  21.9297
  20.9949
  9.93811
  2.32312
  31.7852
  37.9472
  2.58991
  29.1519
  15.3246
  4.74183
  4.29766
  20.9537
  13.0732
  7.06152
  10.1524
  24.7934
    37.57
  8.52576
 0.669679
  3.74065
  4.49312
  26.8485
  2.58991
  2.10642
  33.1359
  11.1655
  18.0548
  33.4872