 0.760796
  6.62296
  24.1441
  6.86028
  15.9386
  2.27144
  5.75593
  19.7012
 0.616677
   3.9214
  9.24802
 0.453831
  8.45857
  2.54972
   3.3715
  2.50197
  3.77584
  17.4541
  2.21726
  2.32097
  2.90024
  7.94611
  13.1405
  4.98833
  8.62726
  5.79007
  3.59321
  4.68252
  4.43628
  26.4477
  12.1837
  21.3741
  22.6571
  6.30112
  5.51897
  5.01125
  1.61748
  4.22294
  18.9837
  20.2066
  21.5283
  4.89734
  7.05512
  4.97823
  15.5497
  6.43619
  7.17903
  19.7451
  18.0952
  26.0882
   1.6695
  6.87562
  7.28306
  1.22755
  2.80623
  15.2764
  26.7604
  24.6512
  14.3272
  10.5169
  11.2135
  26.0861
   19.197
  6.11729
  10.7376
  16.9563
  5.80817
 0.586659
 0.357169
   8.5004
  9.03939
 0.508342
  19.1954
  12.1373
  12.6868
  17.0224
  2.63896
  1.84781
  15.0554
  20.3472
0.0720486
  7.02567
  5.85013
  4.96451
  7.92561
  24.3172
  4.30215
  17.9635
   16.576
  7.14065
  5.19688
  17.6048
  17.0365
  3.66697
  20.5019
  15.2531
  21.7713
  16.5962
  10.1091
  9.71754
  25.0365
  21.4509
  14.6329
  6.20216
  5.04608
  5.62622
  4.28285
  1.35668
 0.445454
  15.2237
  2.94473
  25.8216
  8.42367
  7.35056
  11.5429
  20.8981
  1.58629
  8.59599
  17.1612
  6.25025
  5.71964
 0.377242
  7.98807
  4.10759
  1.82345
  5.11506
  17.2304
  11.8378
  15.4973
  14.4638
  18.4955
  19.9668
  4.45417
  3.22273
  3.76374
  6.27687
  5.09289
  9.80069
  6.59493
  21.2364
  5.73608
  1.86817
  3.27478
 0.723025
  4.13749
  17.5066
  8.80131
  13.3749
  3.29014
  12.6744
  1.22231
  5.57864
  7.46514
  12.1542
  20.8659
   8.5675
  21.1929
  7.44124
  14.7428
  1.76273
 0.156637
  7.06706
  16.4918
  23.6672
   7.8949
  9.68434
  15.6969
 0.672956
  12.7211
  4.51497
  2.79498
  23.0628
  10.7323
  12.4535
  3.30613
  2.27678
  11.8621
  3.24233
  21.4561
  21.6721
  21.1341
  6.42696
  19.4748
  5.26095
  11.4155
  1.84236
 0.217884
  16.2009
  11.9488
  13.9821
   3.6594
  9.97885
  19.5305
  5.12545
  3.49191
 0.426565
  5.22469
  1.81924
  20.2182
  23.2692
  3.65199
0.0774532
    3.833
  1.29322
  25.6406
 0.488717
  3.03505
  2.94539
  6.89705
 0.955789
  21.2048
  5.33301
  2.99216
   13.445
  15.8259
  14.0623
  10.0432
  23.3842
   1.0342
  19.3897
  2.08439
   22.143
  1.08345
  5.39706
  5.17141
  4.00371
  2.70509
  22.4081
  10.1436
  2.75364
  5.21723
  18.5897
 0.661692
 0.144259
  8.27082
  1.65972
  1.40013
  7.62416
  23.7503
  3.86231
   6.0174
   3.6794
  18.4924
 0.836076
 0.207789
  25.9718
  23.9087
 0.241602
  4.43689
  18.7893
  22.2419
  10.1054
  10.7345
  12.4725
  26.3252
  20.3796
 0.355917
  18.1425
  4.16887
   6.3683
  10.1279
  14.3269
  18.5161
  6.62989
  1.22533
  23.0261
  25.2868
  7.03643
  5.73195
  5.90294
  4.94261
   1.7824
  2.63035
  28.2142
  4.39302
  1.15254
 0.830131
  4.65822
   26.351
  19.5815
  4.51621
  5.56596
  8.86069
  13.9514
  9.60292
  1.35539
  2.82049
 0.326501
  19.7982
  31.9024
 0.476271
  11.8353
  22.0234
  1.89174
  20.5237
  18.3912
  18.2064
  16.2516
  22.3689
  21.4488
  5.24369
  2.55848
  14.1801
  23.0612
  8.53715
 0.808362
  14.0114
 0.500045
  2.49586
  26.9307
  22.9121
  24.6712
    15.82
   2.1499
  18.1552
  1.09792
  1.79645
  7.22691
  3.60996
  7.61282
   22.182
  21.3066
  12.5614
  2.06819
  4.41482
  18.6401
  1.02052
  25.4636
    13.43
  13.4321
   8.1542
  5.88648
  24.6647
   21.988
  21.6103
  7.49677
  1.00661
  19.3429
   13.649
   24.131
  9.14476
  2.49661
  2.32643
  3.23458
  22.4309
   7.6134
  1.25948
  24.0758
  2.22059
   2.6932
  19.3172
 0.647145
  6.76214
  26.4236
  25.5312
  25.7372
   20.023
  15.7099
  2.94713
  3.02047
  12.6701
 0.484086
  20.4769
  8.69522
  14.5615
  26.0676
  25.7278
  5.67517
   4.0319
  15.3413
   4.9048
  11.4376
  2.75049
  3.17141
   7.7734
  17.5241
  17.5938
  17.2221
  6.55171
 0.330735
  4.49488
  13.5129
  5.79383
  17.1387
  1.43382
  16.5361
  1.49824
  29.1707
  5.35346
  2.34623
  10.0358
  2.13689
  8.69064
  2.97304
   25.289
  17.3435
  7.34976
  25.2158
  2.61412
 0.811375
  1.72764
   1.5993
 0.191532
  2.94806
 0.592164
 0.509526
  5.02238
  22.0424
   28.417
  7.73497
   13.317
  27.7961
   9.2276
  0.37779
  20.9848
  21.4575
  18.6162
  12.1154
  6.15561
  1.14676
  13.5375
  15.2633
  3.84485
   26.654
  1.84186
 0.195396
 0.590234
 0.569019
  21.2731
   24.633
  18.2078
  5.50185
  5.54501
  3.20888
  7.62719
  0.51448
  21.1408
   6.2008
  26.6602
  1.41127
  10.8842
 0.941327
  2.85608
  9.05816
  6.03127
  3.52787
  1.46612
  5.21967
  3.47663
  2.25837
  4.63272
   21.385
  14.6854
  5.02777
  19.5602
  25.2441
  18.4129
  14.6489
  14.6891
  22.0367
  1.28519
  4.87792
  0.65949
  12.2053
  15.1422
  9.59318
  27.4756
  25.8983
  3.21984
  4.87166
  1.46284
  4.25718
  4.67835
   18.177
  26.1013
  3.10571
  14.3859
  14.8034
  10.1428
  3.30673
   9.0834
  5.92517
  12.9593
  1.89009
  16.8053
  12.0286
  26.1498
  1.90897
  11.4718
   12.916
  15.3299
  5.04398
  15.5088
  13.0356
    22.61
  11.5541
  7.45062
  1.16397
   21.549
 0.389428
  22.7526
  5.86429
   26.772
  15.5454
  25.1617
  15.9592
  21.0144
  7.25372
  8.01367
  3.98854
  5.37051
   5.7194
  2.68231
  6.25104
  4.95456
  14.4443
 0.261304
  26.0443
  3.46418
 0.950561
  5.27413
  15.9346
   9.0907
  9.21442
  9.20498
  0.88359
  7.81221
  7.38831
  23.0224
  4.62468
  16.3366
  11.6886
  16.2368
  16.4533
  7.02585
  21.6201
  27.9149
  7.96858
   6.7714
  12.8927
  9.76406
  14.7569
  22.2775
  17.1075
  3.94426
  12.3282
  4.03622
  13.5098
  12.9665
  4.71519
  13.1814
  3.20041
  1.77449
  3.39319
   24.897
  6.32152
  1.85833
   15.472
  11.5925
  22.5751
   4.4583
  23.0532
  17.0166
  9.00444
  20.4212
  21.5704
    27.51
  14.1703
  4.07273
  8.08578
  20.8645
  26.4878
  13.9314
  10.9832
 0.916243
  4.60133
  6.70234
  13.6308
  16.0447
  6.91189
  17.6934
  3.24687
 0.876128
  15.3066
  6.65776
 0.842523
   2.5339
   4.0298
  8.01367
  16.7703
 0.536634
  17.4541
   5.8233
  2.90456
  5.92874
   15.333
  2.12428
  3.56453
  4.69693
    25.16
  8.33367
    1.024
  21.3496
  22.5822
  2.96046
  14.3104
  7.97815
  3.79168
   4.2333
  10.2097
  9.00811
  1.15592
  7.03813
  24.2765
  25.5021
  15.3392
  11.4244
  1.46963
  17.3123
   6.4189
  1.21495
  2.19546
  4.54991
  1.30406
  2.77461
  21.3967
  11.0526
  15.6819
  6.80369
  5.17834
  14.5356
  11.5006
  22.0667
  9.08395
 0.614285
  15.2053
  4.24658
  17.1595
 0.757218
  1.29862
   1.2794
   15.763
0.0779904
  27.8423
  16.8551
  15.4143
  8.84331
   15.496
  19.9061
  1.38945
  2.83507
  3.90881
  5.89558
  4.95328
  0.60736
   2.6842
  19.2368
  6.97799
  9.20668
  26.8369
  4.23377
  10.8316
  4.80879
  1.37932
  1.49081
  3.69876
  10.2669
  4.05113
  1.29708
  22.1794
  23.8291
  3.04855
  14.5047
  4.44683
  23.0519
  10.5989
  16.9942
  1.16233
  14.9411
 0.724878
  19.0335
  22.4623
  18.5163
  19.4622
   10.011
  9.17524
  2.52724
  24.1271
  7.99096
  19.6561
  37.3587
   28.334
  28.6807
  29.5697
  23.9755
  7.33478
 0.752783
  7.59462
  5.61244