  4.05641
  1.67132
   5.5739
  12.7992
  15.5388
  7.42234
  3.99493
  1.17426
   6.8576
  7.30313
  8.65537
  1.57909
  1.37604
  2.31369
  4.45358
   7.5136
 0.584407
  2.86979
  22.3346
  4.49288
 0.999339
  32.4481
  37.8473
  44.8292
  23.4682
  39.7238
  1.07509
  3.30455
0.0259532
  1.63796
  5.21182
  6.68431
  8.33337
  12.2399
  25.4009
   27.311
  1.33425
  2.20463
  3.77198
  2.38538
  24.5836
  8.42022
  14.9504
  30.9825
   29.223
  26.3547
  4.89974
  2.60177
  10.1967
   7.0895
  9.79553
 0.500745
  12.9294
   17.065
  18.7121
  15.9636
  16.4072
  19.1011
  18.0228
  15.7214
  6.70687
  15.9612
  8.24723
   5.6502
  20.7624
  4.01807
  6.04438
   4.8068
  1.79221
  5.17731
  4.64012
  6.51599
  2.27193
  18.3525
 0.834193
  6.12704
 0.351999
   7.6647
  5.54819
 0.788397
  4.14819
  6.23666
  4.29357
  18.6991
  41.8524
  31.8596
  27.1236
  2.45065
  2.56081
  13.8782
  4.12982
  8.02783
  9.11474
  5.90755
 0.824123
  12.3544
  6.28818
  4.77529
  21.6408
  6.28114
  21.7113
  5.63583
  5.00401
  15.2253
  7.56619
  1.80627
  6.18252
  7.14488
  5.28943
  1.69248
  6.16369
  4.60583
  2.12719
   5.9263
  13.6544
  4.88578
  8.31867
  7.22868
  2.07213
 0.792202
  32.6108
  39.9926
  8.01854
  45.3218
  3.42961
  4.17928
  3.33857
0.0241262
  18.9495
  27.3013
  7.68503
  3.88163
  20.3535
 0.626861
  14.5955
  1.45286
  8.68795
  2.35213
  11.5771
  10.6127
  25.5743
  29.6909
  3.07302
  7.59483
  14.1203
  16.6612
  9.26347
  13.8186
  8.45448
   14.262
  6.19366
  7.90505
   4.6212
  19.5758
  8.14342
  21.7945
   26.451
  29.4984
  11.9454
  17.3433
  22.5757
  1.59959
  3.71699
  4.66985
  3.80607
  7.26216
  1.85551
  1.27108
  20.5662
  5.30282
  5.67516
  6.11585
   5.3041
  8.12427
  6.07593
 0.227086
  2.51653
  8.46352
 0.546963
  4.43075
  30.9141
  31.3576
   28.812
   1.6252
 0.914368
  7.88531
  8.88324
   3.3239
  2.75877
  22.2993
  41.0326
  4.29632
  6.97697
  8.00454
  24.2698
  6.85903
  6.98975
  18.5996
  9.58528
 0.221279
  0.93166
  6.02131
  3.15001
  5.46042
  4.93977
  8.06294
  7.21092
  6.63461
  7.12142
  2.86078
   29.881
  3.40083
  3.15465
    5.741
  15.9898
  7.84149
  1.50216
  12.8099
  19.1061
  19.2959
  8.57118
 0.503624
  10.0133
  14.8375
  29.3243
  8.67038
  3.50139
  1.32861
  7.50558
  5.41549
  2.32284
  13.5454
   17.212
  1.66475
 0.551978
  32.4598
  7.02111
  5.65318
    7.453
  6.19664
  3.14967
  4.93077
  3.98669
   3.1756
  3.16586
  40.1069
  33.0699
  32.6589
  8.49466
   5.9697
  5.47601
  3.31304
   2.9271
  3.40901
  6.54557
  40.4121
  17.3416
  3.47937
  3.24216
  17.8752
  2.07596
   20.616
  33.6868
 0.335382
  22.1677
  14.1572
  23.4751
  3.63347
  12.9909
   11.743
  5.83325
  1.22327
  7.84238
  3.19267
  1.59228
 0.710526
  22.8093
  29.3652
  10.8689
  17.2865
    17.47
  1.71049
  16.4729
  12.0498
  1.12828
  4.96034
  7.78904
  14.5512
  24.0924
  14.7979
  2.34224
  6.06102
  2.10747
   7.5141
  6.57188
  6.74106
  5.90819
  31.7476
   25.744
  2.65983
  6.03937
  6.75608
  6.24307
  1.96237
  33.5042
  43.8591
  8.14477
  26.5299
  21.2605
   5.2987
 0.597803
  9.18236
  15.1892
  1.94364
  13.0778
  16.6033
  21.4675
  26.6232
  10.0001
 0.774815
  15.2999
  21.6504
  17.9049
  15.7746
  9.19024
  8.76972
  12.0672
   12.438
  20.1123
  3.04305
  12.5823
  17.1829
  5.07617
   24.728
  3.28673
  1.82883
  6.23329
  22.6257
  13.2042
  17.4374
  13.9802
  16.8671
  6.88061
  17.5787
  4.70423
  13.3283
  5.75605
  9.27702
  19.4241
  9.60489
  5.09022
  14.1027
  10.1963
   5.0637
  11.9591
  10.6745
  22.7831
   25.788
  10.7674
  20.1227
  20.9243
  22.3697
  15.1473
  2.80891
  19.8492
  10.4279
  22.0799
  20.7315
  23.9617
   18.684
  8.37687
  19.6213
  7.36627
  16.5906
  20.8185
  14.0101
  27.9276
  22.4974
  16.0563
  35.8795
  14.6853
  12.9056
  14.1876
  10.2263
  6.74343
  16.5851
  17.9349
  11.6886
  21.8536
  33.0632
  17.6757
   25.251
   6.7461
  45.9373
  13.5146
  2.20401
 0.523752
  18.5969
  9.06204
  21.4513
   23.706
  25.7863
  2.91767
  2.66158
  16.5269
  7.05122
  6.99729
  12.7198
  5.24409
  6.42707
  24.2057
  8.15981
  19.8795
  26.9385
  23.7971
  23.0831
   24.969
  23.6487
  4.74875
  12.2714
  11.8475
  8.81023
  22.3141
  23.1894
 0.178485
  2.32042
  7.96388
  43.7006
  10.2176
  14.0627
  14.3594
  21.8269
  15.0281
  10.2064
  10.9819
   15.817
  14.1623
  7.08424
  21.8464
  21.5944
  10.5752
   21.191
  17.5953
  23.8943
  22.9058
  25.4897
  36.0777
   4.8381
  6.09914
     24.6
    2.552
  1.59265
  28.3086
  18.9388
  21.8377
  11.7113
  10.5388
  10.5391
   17.954
   4.8462
  9.63985
  22.9997
  10.6897
  28.9566
  20.1195
  5.11542
  10.3976
  13.1807
  9.20414
  2.37917
  13.3363
  15.6212
  18.6575
  18.4804
  23.4234
  13.0975
  10.8477
  26.6712
  15.9153
  12.2789
  6.60372
  2.27658
  29.4547
   14.108
  12.9398
  12.6583
  16.9544
  15.0059
  5.20657
   7.7976
  14.9077
  15.4752
  10.8734
  9.65486
  14.8484
  18.2737
  5.73021
  23.1326
  13.5358
  11.3981
  25.0572
  29.2046
  3.05942
  25.6453
  14.1888
  8.81727
  2.53937
  16.4289
  25.7537
  28.5044
 0.726628
  10.8071
  7.56528
 0.175672
  8.74554
  8.27206
  25.0998
  17.8587
   14.678
  13.4258
  14.7176
  30.2196
  41.6699
  16.2549
  2.29302
  11.7246
  6.14805
0.0491966
  5.00954
  31.7605
  29.4786
  1.95173
  1.10536
  24.0267
   24.592
  43.0701
   3.9173
  25.0928
  5.20996
    19.82
  14.8274
  23.1693
  11.8226
   18.531
  8.83976
  19.2459
  5.67686
  26.0782
  15.3495
  2.44378
  1.73213
  8.09064
  7.96298
  26.6019
  5.27295
  2.58683
  18.9881
  10.7993
  12.7934
  22.2862
  16.9315
   1.7182
  1.08551
  6.52665
  9.83897
  9.01121
  9.36182
 0.633735
  4.13963
  23.0026
  12.5914
  22.9477
  2.86702
   18.643
  1.47786
  27.9837
 0.592919
  16.0369
  7.08342
   26.266
  16.5682
  5.14277
  8.04049
  10.6811
  9.54056
  14.8112
  31.2842
  23.3329
  1.68153
  6.98656
  2.87786
   23.861
  15.1368
  2.49959
  24.6407
  1.68771
  6.92774
  12.2921
  16.1114
  9.85523
   9.6261
  21.0443
  33.6206
  15.2861
  3.14154
  10.4993
  1.39351
  8.48111
  30.3532
  3.46574
  7.95716
  6.60372
   24.778
   10.241
  9.50307
  10.7202
  11.4495
 0.965177
   15.103
  4.06069
  16.0126
  27.2028
   17.468
  31.9721
  11.1332
  14.1857
  5.65656
  7.01821
  16.1474
  25.6671
  19.3951
  12.6809
  22.8934
  14.6439
  43.6425
  17.7431
   8.7349
  21.3471
  15.3141
  16.4723
  1.67493
  8.71341
  11.4762
  21.5062
   17.116
   50.134
  13.3223
    10.03
  11.3339
  7.41907
  1.86798
  11.1357
  27.5515
  27.9031
  14.9793
  19.5538
  3.93676
  11.9077
  29.7746
  19.8007
   26.198
  4.77009
  9.18617
  13.6554
  12.8712
  7.79113
  18.7755
  20.4081
  9.39812
  3.15317
  10.9353
  11.1651
  26.7768
  25.4542
  12.9778
  27.3739
  20.3101
  26.7896
  9.20497
  36.5663
  10.0025
  9.34656
 0.361828
  10.8537
  6.64944
  7.59591
  4.53325
  29.0561
  10.1244
  25.8796
   34.705
  25.4254
 0.907294
  12.5312
  3.39428
  4.88278
  7.77942
  12.6532
  18.7169
 0.211923
  18.9086
  9.80965
  5.04649
   40.849
  45.0746
  9.89025
  19.0891
  8.71239
  5.43175
  5.24117
  25.9882
  14.1583
  3.00057
   7.6578
  9.97095
  8.82652
  17.6187
  1.98752
  12.4154
  25.0217
  6.99415
  13.8808
  28.5233
  4.67352
  33.7681
  2.47282
   41.476
   20.529
  10.2324
  8.19872
  4.42394
  31.3431
  14.1841
  23.6837
   20.587
  19.7511
  1.13482
  16.4398
  12.5983
   18.602
  17.4139
 0.450864
  11.0908
  24.9435
  2.07587
  37.9339
  6.24238
  8.07601
  3.07567
  17.1094
  18.8894
  8.90214
  15.2208
  24.7727
  10.5837
  4.22083
  28.3463
  18.2051
  8.59071
  8.52754
  4.13461
  15.0503
  8.39641
  6.08228
  6.94837
   1.0732
  0.58672
  1.71884
  12.2674
  19.8593
  0.80122
0.0389068
  12.1564
  3.89203
  4.53305
  10.0276
  2.66775
  12.5807
  20.6547
  3.91678
  17.0853
   22.209
  2.18837
   18.795
  21.0075
  21.2338
  11.2155
  22.1296
  27.1699
  18.4533
  2.30279
  23.2372
  9.12213
  5.85354
  3.94139
  18.5558
  19.4898
   45.381
  22.7857
 0.411709
  3.12692
  20.2085
  14.8616
  25.0613
  5.14275
  2.75749
  6.14992
  6.08935
  6.65469
  3.02131
   10.117
  21.6797
  14.2324
  7.88788
  11.7251
  2.79957
  0.80217
  7.17246
  23.8474
  9.16089
   5.2457
  12.7073
  3.46581
   4.6587
  13.9689
  15.9101
  15.5075
  12.5545
  15.1981
  4.85508
  12.8462
  23.2897
  9.36205
  7.60171
 0.577886
   15.715
  18.6136
  26.6235
  5.04552
  25.0281
  15.8549
  26.6106
  16.1084
  16.2898
 0.943523
  13.3748
  6.33354
  26.9789
  19.4021
  5.76749
  1.73584
  5.31284
  27.6549
  26.2884
  23.0571
  3.57217
  15.9507
   3.4002
  15.0095
  11.3458
  3.06814
  29.9045
  18.2996
  19.4957
  1.84738
  6.63432
  21.0671
  5.37255
  16.1276
   9.7889
  7.72452
  3.79177
  13.0469
  15.5914
  11.1701
  28.7032
  24.5228
  16.8304
  26.6235
   13.991
   24.328
   13.419
  12.4861
  17.0567
  27.7164
  1.30514
  19.2377
  20.0265
  2.55609
  14.4658
  26.6959
  22.3052
  14.2908
  25.4112
  17.5405
  12.9788
  23.1099
  13.7318
  16.6945
  23.6444
 0.581739
  19.5931
  22.6577
  13.5442
  17.9045
  15.9437
  12.7197
  8.93918
  16.2934
  26.1516
  28.0605
  7.52728
  6.89773
   6.6689
  17.5902
  9.69374
  30.6284
  26.9204
  23.3951
  23.3589
  14.6733
  11.1864
   9.9795
 0.495935
  16.7035
  1.14143
  9.62757
  20.7471
  14.3125
  25.8906
  11.6803
  12.1506
  8.08511
  4.91732
   3.1626
  1.31045
 0.781102
  27.1607
  1.12278
  5.03865
  4.07574
  10.3307
   7.3313
  8.19922
  6.55893
  4.42596
   15.999
  8.61843
  31.2781
  10.4965
  14.1329
  7.42203
  14.5006
  6.18722
  6.79724
  9.87586
  16.4763
  9.39878
  7.25691
  20.1871
  2.21928
  6.86364
  4.12505
  1.31095