   15.5634
   5.39189
  0.665099
   3.93388
   4.40152
   14.6241
 0.0508834
   9.21244
   3.91344
   17.6223
   17.3137
   10.5896
   5.58898
 0.0550936
   8.82108
   7.22852
   3.89494
   2.25282
   4.43775
   19.5254
   24.5252
   20.4223
   23.0554
    27.672
    1.5928
   4.78656
    10.955
   5.84745
   11.0028
   14.9166
   46.1316
   27.8489
   36.0772
   33.1452
   16.1666
   2.71188
   7.35602
   9.48935
   10.1774
    34.935
   22.5938
   4.28286
   4.07162
   9.94985
  0.125173
   2.13348
   1.10539
   3.93881
   10.9867
   12.0995
   11.7238
   8.87475
   3.81497
   2.32168
   28.9362
   5.24152
   7.19083
   4.90824
   0.46984
   26.6845
   16.6407
   30.0852
    21.101
   21.1739
   4.71117
   16.8084
   9.22829
   21.3282
   26.1069
   1.35196
 0.0675645
   5.98196
   12.4505
   12.1917
   8.82617
   10.9015
    1.2409
   4.45574
   3.65617
   10.6439
   5.46928
   5.53391
   9.55304
   7.82616
   19.0919
   4.92916
   12.7883
   4.30502
   10.6058
   56.6849
   38.7946
   2.75808
   22.0622
   4.64721
   8.64319
   1.90455
   1.32383
    33.773
   25.8105
   12.5172
 0.0321973
   1.82028
   4.71433
   11.7973
   4.20271
   9.58222
   8.50388
   22.1203
   18.4861
   6.01139
   5.94558
   4.77559
   2.24945
   7.42814
  0.634701
   1.04698
   6.91502
  0.287448
   22.8315
   9.98505
  0.505535
   5.75746
   8.25263
   8.27649
   2.33588
   12.6609
   19.4652
   44.7045
   20.1895
   27.8996
   3.98863
   3.15166
   15.4356
   17.8498
   5.33208
   5.71219
   9.49007
   20.3527
   7.44842
   21.4517
   15.4041
   8.18979
   4.58751
    14.719
   15.5538
    5.3394
   6.29239
   8.11114
   9.43596
   7.87471
   2.67461
   5.01451
  0.711302
   6.51473
   3.16395
   2.30432
   3.49414
   5.45312
   17.7195
   8.39049
   1.85915
   3.06589
   6.81757
   9.31165
   2.15397
    4.9719
    0.3861
   21.9559
   19.6742
   6.85394
   7.50666
   14.5336
   6.13274
   4.34571
   6.09176
   4.05887
   4.48251
   24.7698
   21.5684
   30.4879
   6.87409
   2.34366
   11.8499
   7.68933
   5.68139
    26.356
   8.67533
   7.10401
   28.9511
   26.2865
   5.43055
   10.5765
   18.0586
   0.42253
   8.82387
   37.9005
   33.0993
   18.0505
   1.72459
   19.4544
   5.97886
   12.9957
   8.01712
   27.7669
  0.158317
   11.1179
   5.27659
   8.91541
   19.5067
   1.36896
    1.7309
   9.97021
   12.8088
   4.12442
   4.55826
   7.47202
   23.9346
   36.1266
   16.1865
   3.11326
   10.0131
   13.2652
   3.86333
   34.1457
   31.3962
   5.06005
   13.2302
   6.68638
   8.36744
  0.881766
   3.55728
   23.3521
   1.76494
   8.92945
  0.306517
   2.43101
   1.47636
   174.094
  0.451178
   1.69846
   2.61747
   0.51036
   8.84524
   4.56944
   26.5218
   115.331
   173.881
 0.0233998
   21.1968
   18.9175
   31.6838
    2.2278
   24.8705
  0.199328
   18.3711
   22.9287
     36.75
   14.1976
   22.6184
   2.38192
   15.1029
   6.30204
   17.8754
   6.88845
   1.29093
   12.6229
  0.435962
   3.06564
   3.19327
    18.855
   9.50127
   32.8192
   1.69158
  0.477011
   26.1328
   39.4954
   7.45309
   3.62634
   37.8126
   8.76645
   22.5501
   17.2839
    21.003
   7.85372
   3.87128
  0.826681
  0.429623
   20.3769
   15.8076
   2.08393
   8.37587
   9.74814
   14.9085
   10.9058
   3.81987
    5.7316
   30.7352
   12.7382
   11.1435
   10.1758
   1.14484
    29.327
    30.146
   1.55229
   12.2355
   21.0914
    18.629
   21.7846
   8.75024
   3.23742
   13.2961
   6.43864
     22.25
    40.543
   6.24058
  0.536247
   2.40423
   3.51019
   34.4954
   23.9701
  0.921171
    3.2055
   3.03786
   16.3176
    8.6682
   5.18746
    5.4077
   13.3605
   18.8074
   22.0582
   12.0271
   5.35379
    17.177
   4.88846
   9.30694
   6.56292
    22.704
   132.757
   1.31111
   112.848
   5.22587
   18.0888
   8.18162
   11.7675
   18.5054
   25.8599
   21.4621
   2.64046
   50.3149
   25.4123
   8.87982
   44.6791
   28.0551
   10.1537
   117.269
   123.448
   21.3778
   18.0527
   15.3422
   1.29508
   4.85822
   6.86545
   1.53857
   1.12103
   5.28478
   6.90142
  0.249875
   1.87113
   6.29706
   20.4645
   22.0548
   1.33157
   6.79197
   13.9244
   41.3105
   94.9383
   4.89596
     31.58
   5.75578
   9.17253
   3.50585
   9.58177
   25.5289
   16.5496
   111.382
   174.079
   171.021
   1.83168
   9.25797
   15.4558
   24.8449
  0.302507
   3.50005
   10.4704
   32.9846
   5.29211
   6.08075
   9.41829
   2.58491
   5.77719
   4.38052
   3.83289
    16.978
   173.081
   5.30762
   11.1226
   30.0026
   3.39948
   4.70816
   25.6365
   173.922
   45.0386
   173.094
   5.07111
   31.4877
   1.59316
  0.774839
   173.075
   174.298
   2.30038
   11.4132
   174.718
   172.912
   111.791
   13.7407
   8.70972
   29.0328
   33.8164
   16.8232
   5.69004
  0.748087
   5.33721
   173.712
   10.1442
   174.729
   1.01394
   5.75056
   8.46664
   6.64772
   7.92525
   124.384
   7.49881
   1.22726
   32.3779
   174.066
   3.47851
   9.31907
   2.18774
   2.00387
   25.6876
   172.955
   37.4702
   185.788
   2.93922
   3.88967
   4.91188
   8.51541
   0.79507
   41.5761
  0.568268
   111.815
   1.23597
   9.16226
   10.2159
   28.8071
     43.63
   116.132
    114.71
   116.155
  0.538172
   1.68794
   18.3221
    12.455
   11.0309
   39.9567
   10.8952
   7.44499
   116.156
   4.13637
    3.5511
    4.9611
   6.18854
     25.45
   7.43434
  0.921493
     8.743
     8.889
   38.8304
   44.1709
   172.757
   44.7149
   36.7954
   8.70864
   23.7351
   3.82456
   7.27894
   5.16563
   2.62637
   3.01725
   3.91338
   25.0683
   6.06489
   8.82436
   10.2536
   28.4566
   5.62935
   122.107
   10.4127
   1.57712
   112.778
   4.20763
   1.69803
   31.6941
   8.63194
   9.62846
   172.691
   14.1752
   27.9269
   33.6308
   113.467
  0.341277
   3.26497
   7.43543
   122.394
   112.092
    8.1345
   10.1643
   8.15026
   115.415
  0.636229
   38.8096
   9.72981
    1.8856
   15.4347
    12.826
   172.825
   10.5114
   4.04362
   26.7384
   2.25001
   24.2656
   2.84527
   47.8611
   123.486
   39.1119
  0.073097
   4.37287
   172.674
   40.0845
   7.44663
   11.9861
   0.66568
   173.735
   37.2803
   122.011
   37.3404
   185.793
   172.972
   10.2621
    8.5089
   2.88097
   27.7359
   173.652
   5.27369
   9.28318
   173.812
   172.597
   8.07929
   9.50629
   6.38264
   10.0336
   8.66039
   6.93838
   25.3421
   6.82793
   2.73745
   112.836
  0.980021
   3.25516
    3.3407
   173.183
    7.2184
   8.24346
   112.673
   12.9166
   6.74873
   27.1233
   2.10445
   112.254
   37.9223
   4.98937
   13.7434
   19.9735
   8.24861
   120.696
   4.36907
   12.9427
   7.10662
   11.2838
    1.7749
   4.86453
  0.635035
   7.25542
   2.20186
   1.36922
  0.994224
   9.61899
   17.6675
   2.74594
   5.19854
   5.47895
   2.98944
   121.699
   3.58665
   1.97175
   8.96215
   41.0324
   11.4193
    6.6075
    5.8135
   123.551
   122.714
   18.9777
   121.242
   3.43813
   6.37019
   21.9122
   1.86042
   5.29115
   122.042
   28.0647
   13.0322
   4.94578
   5.56414
   4.22258
   40.0847
   121.058
   3.96801
   121.326
   4.91789
   32.4756
  0.278844
   177.228
   3.90264
   173.734
   31.3116
   173.798
   173.946
     38.88
   24.8861
   8.66422
   4.20893
   6.82742
   6.68259
   16.9264
   20.7299
   14.9112
   25.8227
    31.154
   11.4377
   5.92398
   7.49833
   5.45371
   8.17162
   33.0795
   8.29265
   31.7121
   32.9947
   11.5389
   170.564
   8.88285
   14.0935
  0.972465
   33.3086
   11.2985
   1.81503
   8.08002
   2.37044
   11.2179
   9.01632
    14.019
   10.2684
    2.9368
   2.07178
   7.33382
   18.8731
   6.45142
   34.4178
   17.6045
   13.6587
   27.0979
    180.54
   17.8146
   121.177
   40.9949
   26.3812
   7.27406
   3.34848
   14.9598
   6.36644
  0.174119
   14.6513
   17.2528
   2.03799
   7.36119
   123.558
   16.6956
   10.7599
   36.1974
   19.3252
   31.4967
   7.04075
   3.56311
   15.9721
   15.5908
   2.63336
   9.82278
   2.11911
   7.48272
   173.082
   8.57887
   12.0969
    20.495
   9.19213
   10.0348
   3.31202
   3.47484
   1.84619
   173.124
   15.9541
   22.0637
   1.80823
   1.39514
   15.4509
   14.9563
   8.33978
  0.761565
   4.77994
   6.27931
   19.9219
   3.26083
   16.8735
   24.1739
   11.8738
    5.9442
   22.4027
   25.8645
   13.4724
   31.9814
   15.4433
   15.6329
   10.7786
   1.02869
   4.00524
     4.687
    8.3994
   2.67793
   8.09289
   9.48543
   6.46143
   2.58423
   5.59629
   11.7199
   17.0923
   26.7806
   42.6797
   46.7338
   8.78789
   2.79054
   7.75875
  0.757278
   1.04378
   10.1252
   10.2746
   5.62935
   33.1866
   8.82017
   9.75626
   20.8748
   11.3947
   16.6985
    33.323
   33.3816
    17.111
   9.68814
   16.7139
   11.0185
   7.24259
   4.91635
   1.80301
   19.3859
   21.0972
   25.0729
   23.2112
   23.6228
   39.8131
   17.5548
   1.74837
  0.143299
    8.6543
   34.1678
   37.2407
   23.5484
      15.2
   14.5994
   20.1298
   13.2943
   7.65285
    4.5293
   26.8713
   42.8011
   4.48167
   11.5395
   9.30409
   46.4634
   2.54889
   6.19305
   12.6254
   152.842
   37.6859
   10.5478
   25.5983
   22.1801
   14.5983
   7.35929
   13.4788
   29.2004
   7.02436
   3.54449
  0.570241
   2.76849
   15.1042
   14.2091
    25.898
   8.32997
   13.2664
   8.66446
   152.927
   25.9156
   35.7972
   9.87101
   9.57307
   45.9116
   17.6837
    4.5978
   18.5064
   19.6471
   7.32715
   9.86479
    26.138
   7.29876
    8.6543
   21.6479
   6.04298
   9.50167
   7.57717
  0.739528
  0.853494
   39.8161
   28.6616
   13.7899
   9.01638
   19.1827
    9.0301
    6.2003
   15.0549
   20.0066
   16.2755
   34.5034
   9.79356
   19.1608
   12.6601
   4.87537
   9.27078
   15.9612
   18.5494
   13.0347
   26.7969
   29.1445
   37.7604
   158.359
   43.3892
   13.3133
   9.58335
   8.49028
   15.7956
   47.5877
   11.1177
    22.367
   9.89491
   7.66219
   24.2541
   19.1896
   24.5433
   39.4089
   33.4731
    4.9745
   13.2965
   32.8848
   8.89518
   14.1492
   24.1128
   7.84851
   6.19991
   4.76354
   18.5139
   41.2683
   22.7574
   35.0409
   33.7485
   42.9032
   40.2527
   10.9713
   24.8857
   25.8153
   19.6588
   9.06437
    6.0055
   29.0456
   14.2081
    6.4216
   49.2997
  0.795711
   7.08411
   26.7275
   18.9096
   11.8964
   3.95936
   12.7753
   6.05094
   8.18249
   24.5849
   26.7756
   26.5071
   2.80279
   23.6585
   24.0937
   24.6723
   5.40075
   4.97523
   8.35397
   16.5395
   18.9778
   21.7657
   23.9129
    14.225
   157.902
   12.8576
   25.2567
   183.793
   8.77553
   39.4875
   35.4589
   1.86565
   38.1323
    0.4316
   6.23018
  0.887357
    9.4985
   3.48583
   7.11553
   7.36653
     17.23
   161.934
   8.07409
   20.0599
   8.55281
    22.668
   33.4033
    183.59
   30.7586
   2.80998
   14.7806
   11.0771
   29.9935
   10.9898
   4.40708
   44.1575
   16.5907
   6.14657
  0.908973
   21.8897
   12.2167
   34.9373
   8.57969
   4.52079
   27.5008
   25.6927
   10.2501
   6.40446
   5.51157
   13.3633
   34.6032
   13.4641
   25.0513
   5.23795
   10.8372
   26.4154
   64.2002
   24.2687
   45.8831
   17.7708
   12.9881
   27.6221
   46.4019
   8.07364
   26.6665
   24.4211
   13.8032
   11.0389
   7.90624
    2.6132
   18.1426
   45.8375
0.00774841
   34.0614
   34.9054
   13.3968
   32.1516
   23.0681
   17.2982
   21.9502
   41.4392
   3.66947
    49.748
   49.6129
   9.83558
   16.0444
   10.8862
   19.4777
     35.66
   15.0939
     12.87
   9.64067
   15.0865
   17.8658
    26.276
   48.3062
   33.5789
   28.5603
   177.297
   8.08624
    23.443
   8.80235
   25.3862
   35.9728
   41.8995
   48.0647
   37.2986
   43.1959
   15.4854
   19.7212
   27.7213
   38.1795
   2.29865
   16.0073
   30.5266
   21.2469
   9.36044
   23.6232
   40.4743
   27.2621
   7.18207
   9.23171
   8.03236
   9.74331
   32.0767
   23.5262
   21.3917
   23.8985
   29.7045
    1.1245
  0.777495
   34.8366
   7.78582
   11.3097
   18.3476
   19.5586
   16.2984
   17.2092
   9.64492
   5.47034
   26.3456
   20.2154
   19.1892
   34.3135
  0.053614
   29.0791
   56.9337
   48.1505
   18.8897
   57.8936
   32.2253
   16.1027
   11.7289
   20.4006
   46.7792
   46.9354
   10.7092
   37.1339
   27.6277
   12.7761
    51.143
   14.5503
   5.54692
   12.1637
   9.77921
   24.4734
   21.6535
   36.0252
   17.1055
   31.2332
   4.61531
   11.3619
   24.2007
   35.1542
   2.59979
   14.9225
   47.0973
   50.5967
   5.23317
   165.828
   7.00619
   20.6257
   1.83906
   28.0008
   24.3332
    3.6335
   50.6278
   4.41611
   19.5713
    7.3381
   3.98176
    30.028
   57.5112
   187.741
   59.2607
   57.5906
   51.4343
   10.7751
  0.577904
   1.15251
   37.6758
   46.2428
   39.3485
   63.7418
   63.0475
   3.12302
    4.1007
 0.0719988
   16.3536
   71.2709
   67.6186
   52.9464
   9.15683
   47.1303
   141.216
   1.53723
   7.79133
   14.5289
   19.6869
   1.59905
   3.64812
   6.94076
   55.3034
   46.3038
   14.2997
   4.79844
   187.451
   53.0969
   21.8653
   20.5839
   65.1174
   64.1123
   65.7207
     21.26
   22.1009
   21.4069
   23.1781
    30.589
   19.2612
   26.9966
   26.8968
   35.6814
   6.72486
   30.0874
    9.4784
    151.06
   168.013
   19.7931
   58.4625
   49.7673
   1.36106
   2.19208
   23.8166
   15.5772
   28.9534
   18.2111
   15.0285
    58.769
   58.8375
   64.2268
   50.3738
   21.5852
   50.4601
   5.86144
   55.3029
   56.0383
   57.8197