  21.9933
   11.688
  28.7879
  24.0469
    7.797
  8.79333
  9.02122
  9.31146
  2.17287
  2.31355
  12.5042
  13.1414
  25.6102
  17.1276
  13.3609
  14.2001
  13.6317
  16.8611
  13.1894
  18.4626
  17.9914
   16.478
  3.76904
  5.47067
  5.20292
   22.646
  30.0187
  16.4899
   3.1761
  12.5483
  11.9252
   16.115
  20.4226
  2.75226
  6.37885
  4.56044
  18.1187
  15.5945
   13.428
  14.9455
  13.4359
  12.6518
  19.4494
  14.9679
  5.12594
  12.4125
  12.1034
  16.0326
   15.974
    3.153
  2.83296
  6.26571
  1.06671
  2.68802
  4.56225
  24.7475
   19.189
  14.0516
  19.3383
  11.3788
  8.29018
  20.4151
  17.7102
  5.60151
 0.197088
  12.1895
  17.7929
  17.3372
  2.17106
  3.29261
  15.9919
  13.6056
   15.765
  8.09672
  11.2183
  17.7971
  16.5054
  17.8696
   2.0033
  11.9262
  5.16464
  3.55865
  8.95248
  5.74644
  8.67549
  4.83959
  8.83993
  7.76024
  1.68144
  2.05657
  7.92217
 0.536587
  9.08049
  11.4753
  10.6628
  2.95435
  3.72923
  8.33764
  11.1453
   2.1887
  4.73805
  3.01532
  12.9415
  2.05398
  17.8103
  8.81663
  10.7952
  16.8995
  1.48713
  3.15781
  3.04694
  14.4579
   4.6568
  5.20111
  9.70359
  2.93605
  1.50446
  3.57074
  1.08265
  3.85797
  1.38852
  2.61624
  9.00212
  14.2437
  14.6303
  9.48969
  12.1723
  1.68899
   3.4248
  1.62438
  1.85106
  4.73212
  8.57585
  12.8369
  10.6582
  3.71489
   16.681
  13.3428
   11.002
  5.96334
  9.13754
  9.68035
  10.5295
  11.7544
  21.5097
  11.8235
  3.77141
  3.94322
  17.2601
  3.14762
  4.67374
  1.13234
  6.60397
  8.66521
  6.43903
  12.2646
  18.4787
  13.4963
  2.01955
  3.78471
  10.1881
  14.7251
 0.294249
  2.03966
  6.28801
  10.6132
  3.82085
  11.6415
  0.81633
   0.2079
  8.31407
   3.1302
  9.75765
   9.4773
  3.78223
  11.4474
  6.79016
  5.39083
  10.9025
 0.812922
  4.24214
   1.2657
  3.70942
  8.70944
  9.93547
  5.39018
  2.34152
  13.9122
  8.46827
  11.3242
  12.5456
   7.0173
 0.526957
  11.9591
  11.4453
  14.5141
  7.01921
  11.0284
  38.5888
  2.92898
  1.92035
   3.6102
   12.233
  4.83219
  4.03432
  16.1307
  11.5553
  3.95352
 0.822776
  2.91045
  2.94597
  2.90058
  11.4364
  12.6115
  5.65793
   4.6646
  7.25408
  12.8573
  10.6092
  14.1639
  10.3746
   4.9826
   10.936
  5.45439
  14.7532
  8.27892
  1.87135
  13.5245
  8.58848
  9.65529
  8.87605
  14.0881
  6.53913
  6.47541
   13.276
  12.3019
  14.7978
  7.53292
   12.454
  9.38413
  12.6982
  24.3019
  5.58514
  4.19148
  4.14418
  3.41838
  8.27333
  7.61572
  9.31529
  3.79508
  7.96011
  18.2544
  14.3136
  9.55709
  4.12723
  11.9578
0.0630357
  12.0889
  4.07569
  2.73659
  3.90014
  11.5336
  7.71925
  17.3261
0.0839737
  12.5102
  7.37399
  12.7904
  14.7603
  15.1281
  7.69867
  11.4708
  10.5612
   9.1473
   12.747
  4.18678
  24.4093
  5.13528
 0.566734
  5.39443
  9.13539
  10.1573
  14.8612
  14.1357
   3.1349
  12.3344
  6.67515
  30.2875
  7.74396
  10.9192
  1.81496
  3.74942
  11.6981
  12.2038
  9.92363
   4.2306
  4.05266
  13.4227
  6.10324
  3.61609
  1.06914
  10.1042
  6.62261
  1.45455
  9.40263
  15.1125
    28.07
  4.36048
  1.53488
  9.85282
  9.60285
  1.71189
  14.9175
  7.61929
  18.3686
  2.89112
  7.66793
  3.06938
  15.5766
  10.9557
  7.23373
     10.4
  1.99145
  14.6074
  3.41266
   3.6527
  4.09498
  3.34278
  4.38182
  13.6226
  15.4053
   3.3962
  12.9121
  19.0778
  2.15655
 0.772244
0.0953097
  7.41749
  13.6623
  6.86569
  1.64331
  13.3635
   13.417
  3.15509
  5.46188
  13.9363
  7.04477
 0.730185
  2.06698
  10.0409
  10.9167
  3.19384
  8.35742
  7.39815
  11.3537
  11.5584
  25.0108
  4.88336
   14.903
  5.90697
  1.19579
   14.215
  4.33276
  23.9055
  5.54949
  4.90129
  7.16437
  2.46616
  18.9997
  9.77686
  8.19946
  2.83871
  4.03451
  3.42326
  9.42578
  13.5967
  10.7584
  16.7925
  3.55332
   7.1426
  12.4285
  2.81922
  3.54778
  6.14499
   13.069
  6.88015
   18.165
  4.00156
  6.33602
  9.10438
  12.6113
  5.93629
  17.3034
  3.44116
  12.0532
  11.0079
  12.4554
  14.1596
  13.5298
  5.03856
  13.1705
  1.23441
  11.2116
  1.50438
  29.2708
  18.6868
  8.51397
  1.95273
  1.37675
  2.18286
  4.38686
  1.73467
  9.04501
  21.9076
  11.1795
  13.8497
 0.230367
  7.72302
  6.35944
 0.542098
  7.57536
 0.820871
   4.8006
  12.5863
 0.535056
 0.109603
  16.7871
  9.28768
  15.4745
  2.06415
  9.28193
  6.33068
  1.86115
  10.6914
  11.3944
  14.9679
  24.0029
  12.2053
   4.1229
  7.01801
   17.986
  16.2788
  13.8441
  4.71975
  15.3085
 0.349689
  17.6014
  12.9648
  9.69459
   12.285
  11.7742
 0.765748
   11.139
  13.5113
  18.1362
  6.48197
  12.8504
 0.481831
  10.4147
  16.2474
  10.9775
  0.44812
   1.6484
  5.80887
  3.50727
  16.9276
  2.94802
 0.387904
  5.79395
  10.1651
  11.7954
  3.78008
  4.26057
  4.59963
  5.36232
  7.39963
  14.2214
  5.68639
  11.2478
  17.3881
  14.1471
 0.230367
   6.4964
  11.5779
  22.9793
  14.6392
   6.6068
  24.6723
  16.0161
  14.4406
  18.2887
  11.9553
   6.9799
  5.16999
  4.10239
  1.36594
  15.8856
  10.5728
  9.91675
  1.93829
  10.6614
   16.575
  4.47979
  23.7388
  10.2809
  20.6356
  12.5376
  6.17307
  6.76386
  9.84937
  14.3579
   10.344
   16.333
  1.88673
  28.3085
  19.8852
  15.3961
  15.4081
  2.36287
  5.23502
  9.04099
  22.3884
  18.4754
  11.7927
  11.4506
  10.8559
  14.9695
  16.1769
  4.55933
 0.643862
  8.31196
  15.5342
  13.6976
  11.5652
  22.9035
  13.3986
  2.53095
  4.86931
0.0139706
  9.38709
  6.63362
  4.08989
   18.221
  3.41696
  29.9049
  15.5564
  13.9122
  17.1661
  16.0875
  10.3672
  13.5152
  3.93771
  2.22761
  7.85441
  3.76975
  12.2806
   13.014
  19.3351
  10.5434
  4.00014
  3.52187
  1.08282
  4.83423
  8.61695
  2.25891
  3.51617
 0.584923
  7.03921
  15.3899
  3.53106
  2.56801
 0.474276
  15.0644
  3.15757
  18.7999
  8.20678
  3.53193
  25.2324
  9.15062
  15.2607
  6.72505
 0.616711
  1.26201
  13.9147
  10.2989
  1.40699
  11.7956
  1.06745
 0.569988
  5.65155
  2.98988
  6.08282
  3.31052
  4.13983
  6.66127
  11.1894
  12.2394
  10.5354
  17.3754
  13.2768
  14.9702
  6.46816
  1.94717
  18.0413
  13.6677
  16.6838
   11.028
  14.4108
  12.1367
  27.9352
  3.61137
  4.78495
  2.13592
  0.95613
  10.4317
  4.38699
  18.1799
  17.8057
  7.46016
  5.68256
  4.86701
  2.99048
  13.7225
0.0595901
  14.7624
  6.29145
 0.418804
  27.7436
   1.5809
  2.94098
   6.0554
  1.42455
  5.69134
  5.18447
    17.48
  8.46164
  17.4454
  14.7963
  16.6367
  12.2076
  14.6222
  2.91836
  9.54436
     3.15
  31.6089
  8.82921
  4.74271
 0.147236
  10.4332
  14.8946
  7.21432
  21.6288
  5.74909
  1.63902
 0.848329
  18.5736
  11.3698
  7.97981
  20.9011
  2.15025
  14.4398
  10.9092
  27.7531
  5.12391
  3.67521
  1.66508
  13.6892
  12.2848
 0.525639
  1.65573
  30.0134
  14.2598
  22.1038
  12.3294
  14.0978
  3.54989
  25.5968
   4.5004
 0.475929
  14.5365
  17.9048
  9.79987
  6.13412
  5.15348
  14.3127
 0.546328
  26.5447
   28.262
  19.6489
    5.057
   6.3636
     17.8
  17.7657
  17.9524
  13.2722
 0.938969
   3.2379
  11.6411
  1.59454
  5.12018
  5.01934
  30.1169
  15.6836
  14.1054
  8.98626
   10.063
     5.32
   2.7451
  3.67962
  8.94638
  24.4037
 0.324159
  5.64846
  7.90741
  7.58041
  4.33276
  6.92791
  2.57707
  17.2701
  4.49493
  16.1229
  1.40421
  1.45969
  21.5993
  2.77204
  4.06138
  10.5081
  4.93858
  18.0425
  14.7114
  9.54034
   15.892
  18.4274
  28.5732
  12.0139
  4.08585
  13.8045
  11.2541
  10.8103
  1.44133
  4.74857
  2.49772
  5.47656
  15.6273
 0.645125
  4.82952
  2.07455
   7.4072
  1.89996
  5.66065
  14.8231
  13.6096
  16.5517
  1.95655
   3.8289
  5.01257
  4.72424
  17.8071
  3.99718
  13.6612
  1.19659
  2.71091
   1.9581
  2.78625
  16.7567
  0.47698
 0.976799
  1.06422
  18.3642
  10.6166
  1.94859
  17.7031
  3.48537
  11.6101
  11.9293
  1.74121
  6.90786
  10.4598
  4.39402
   3.6527
  18.1892
 0.107913
 0.528676
  9.75136
  16.7365
  17.5496
  12.8092
  12.5623
   3.8409
  14.3551
 0.142577
 0.679176
  1.23418
   3.9915
  4.89681
    10.22
  12.0163
   4.1486
  2.89533
  14.2372
  11.7475
  20.4006
  16.9432
  11.6443
  13.9719
 0.684448
  5.02758
  8.17555
  30.5237
  12.3523
  2.55544
   16.714
  14.1943
  14.5158
  10.2222
  13.6217
  1.52623
  2.98509
 0.330608
 0.194794
  30.5582
  9.05031
  4.03729
  1.49376
  7.78114
  3.13147
  3.87255
 0.188089
  24.6273
  1.02236
  6.13332
  7.30681
  4.15061
  1.86167
  5.27341
   34.618
  28.8702
  7.16729
   5.0437
  11.3912
  6.15665
  8.85661
  7.61078
  11.1391
  11.5892
  25.8436
   13.919
  6.91303
  13.1154
  9.41127
  12.5782
 0.204372
   30.531
  17.4366
  9.76884
   36.623
  30.5317
  22.4465
  12.7243
  34.3904
  14.1387
  13.2943
  7.59503
   12.686
  16.2693
  8.35182
  5.83671
  22.9514
  35.2659
  31.6909
  20.6903
  20.2879
  8.87821
  11.1647
   2.0759
  7.16274
  6.25342
  31.8651
  20.9613
  19.0739
  19.9119
  5.49067
  7.09083
  5.64205
  36.9409
  2.66305
  14.4349
  0.91022
  7.88946
  3.76367
 0.341657
  2.33551
  27.6976
  16.3557
   2.7253
   1.7396
  33.6674
  13.6932
   15.562
  11.7818
  1.11363
  2.00403
  21.4024
  26.5878
  1.11898
  5.45993
  1.15254
  20.2135
  27.1318
   10.298
  1.89996
  4.38218
 0.248717
  11.0186
  12.9104
  38.4118
  10.0073
  1.92112
 0.483414
  1.93273
  28.5964
  15.1367
   34.189
  12.4345
   32.606
  34.4473
   29.325
  11.3579
  6.13388
  12.9477