  52.0797
  51.7955
  55.4835
  54.8088
  69.3365
  57.3497
   32.503
  33.5373
  1.75442
  7.68258
  69.8419
  71.0223
  63.8541
  58.2091
  57.9864
  71.0321
  72.9991
  54.6236
    53.85
  55.0526
  38.8599
  54.9969
  4.18446
  24.0045
  13.4414
  2.20284
  65.4872
  70.6183
   38.815
   31.148
  25.9039
    57.66
  57.5904
  56.5209
    17.45
  9.51097
  69.1639
   68.928
  73.1491
  68.9026
  42.3786
  45.2366
  41.8612
   45.308
  45.0255
   38.536
  49.5903
   69.699
  67.1854
  74.2819
  63.2729
  34.4238
  26.4386
  30.6363
  47.7098
   1.0102
  6.30195
  1.37657
  54.1569
   104.49
  43.3721
  50.4565
  52.8059
  64.0709
  57.2058
  70.3636
  57.9554
  36.8753
  12.2818
  2.74699
   39.152
  53.9995
  65.1072
  45.3215
  14.4109
   6.1029
  45.6458
  47.7113
  50.4565
  45.3851
  84.1118
  60.0375
  57.8146
  69.2936
  1.72368
  0.80236
  10.7237
  27.8818
   35.519
  13.3007
  2.84463
  9.56007
  11.4218
  16.7295
  22.4206
  6.94982
  16.8177
   6.0752
  17.3929
  55.8678
   18.796
  10.5912
  28.3303
  24.0369
  4.45964
  26.6581
  63.0207
  10.9926
  57.8399
  63.5539
  22.8962
  20.3355
  24.9294
  52.5209
  1.87453
  23.2663
  20.3694
  28.4762
  25.2282
  16.5489
  17.7079
  33.3312
   35.621
  20.6647
  13.4029
  6.95668
  8.97098
  11.7608
  18.0486
  10.6227
  14.6091
  25.7098
  36.9674
  39.6204
  15.8568
  9.44631
  13.9911
  2.43138
  6.97579
  7.28117
  19.6595
  54.6719
  67.9924
  6.13839
  5.83728
  4.06596
  9.88961
  14.5329
   13.895
  8.22397
  63.9819
  58.0798
  9.38654
 0.468056
  53.3524
  17.6654
  34.8649
  30.8112
  38.2462
  30.0375
  35.5956
  63.2424
  66.6174
  64.7831
  5.29226
  1.04878
 0.164023
  56.6994
  37.2314
  18.4079
    2.887
  11.1831
  12.8654
  3.99879
  9.06677
  33.8272
  14.9986
  31.0076
  36.0432
  23.1703
  24.4976
  64.9416
  10.7498
  26.8953
  47.0019
  10.5059
  12.5359
   35.394
  16.0503
  14.2774
  10.1587
  3.63133
   4.9243
  15.9684
  3.21912
   6.0124
 0.809521
  10.4599
  9.88923
  30.5262
  12.6288
  12.4669
  10.4256
   9.2704
 0.139981
  62.1463
 0.315083
  36.9309
  12.1662
  5.13139
  12.8338
  2.74584
  13.0772
  7.96442
  16.1647
  5.52802
  5.52197
  7.27038
  4.05815
  23.3447
  26.7378
   9.9459
  21.2899
 0.476411
  8.76557
  53.8632
  4.19257
  8.49935
  44.9004
  22.4234
  26.6371
  29.4763
  19.0869
  5.21245
  12.6843
  4.98685
  4.74362
   8.4367
  7.80211
  6.36053
  3.66634
  12.4195
  5.90748
  45.9683
   35.615
   5.5535
 0.845545
  1.90575
  3.07978
  62.5058
  5.26384
  34.2047
   35.224
  14.5028
  3.34288
  22.2688
  31.7167
  51.9707
  38.0552
  35.3266
  15.4621
  13.0934
  8.14788
  1.14455
  31.8461
  33.6855
  10.2528
  35.2579
  13.7006
  4.22603
  1.68421
  62.7238
  3.48066
  2.49028
  4.19593
  40.8599
  67.2692
  61.7307
  10.3828
  25.3704
  5.12222
  9.34543
  9.79404
  32.8353
  22.3809
   74.118
  12.5846
  6.01963
  24.8605
  13.2613
  9.38504
  8.61623
 0.197625
  21.1169
  56.5259
  5.71029
  64.4742
  20.7627
  15.7553
  24.9519
  27.1581
  39.2049
  2.12794
  3.56141
  7.00135
  18.5109
   6.6188
  30.7999
  27.0096
  14.2281
  2.62327
  2.30401
  47.6838
  3.28214
  41.9611
  67.2791
  71.5026
  6.89438
   26.693
  1.55574
  4.00578
  14.3379
  5.42188
  59.2128
  9.65459
  20.9245
  26.1077
  48.9484
  16.3751
  10.4954
  53.3229
  53.9961
 0.493258
  8.30233
  5.60211
  13.3398
  20.5049
  38.9939
  1.34038
  15.5298
   15.779
  20.1743
  9.75566
  22.5157
  37.3728
  42.6531
  2.78382
  6.97725
  9.19154
  74.3937
  71.3001
  15.2959
  11.8908
 0.687215
  3.28301
  9.72756
  11.0759
  14.4738
  43.7411
  7.50673
  11.4565
  8.66607
  6.20287
   3.3412
  3.86913
  3.18947
  9.56253
  13.8323
   31.624
  7.20038
  14.5094
  6.14144
  17.5432
  11.9041
  27.8186
  41.9671
  5.41364
  6.00346
  57.8552
  7.56029
  13.7398
  28.6398
  56.3581
  8.61061
   15.685
  1.27917
  15.2869
  22.3817
  6.88094
  56.3278
  8.01741
  14.3735
   26.648
  35.9488
  9.24245
 0.246925
  2.05687
  4.47581
  53.5695
  38.6479
  58.4662
  66.4172
  12.0004
  7.31085
  14.7155
  2.64051
  1.17518
  59.3336
  26.5896
  13.1907
  2.92182
  7.60178
  8.33597
  7.06039
  31.7889
  40.6233
  9.38014
  4.76834
  4.79542
  21.5191
  37.8848
  22.4805
  71.7667
  37.2532
  23.7731
  16.7083
  10.0171
  62.9177
  23.2482
  13.8023
  65.4752
  12.1258
  49.7467
   50.981
  6.24016
  3.15125
  3.08107
   32.204
  35.6734
  33.5197
  21.3724
  54.5986
  2.92158
  11.2487
  14.1362
  11.8921
  7.62795
  4.94786
  19.1777
  9.36534
  21.7869
  53.7787
  5.93588
  8.93872
  2.81821
  59.7776
  17.0414
  9.78388
  29.3591
  5.10429
  7.28807
  20.2359
  7.74569
  47.0109
  54.0695
  49.5858
  11.3858
  29.7918
  26.7928
   53.802
  44.9302
  52.5604
  19.2704
  57.4119
    37.38
   2.0421
  33.0816
  61.8363
  53.7756
  6.25378
  11.7188
  23.4586
  4.74927
  12.5877
  25.2415
  48.2607
  37.8658
  93.7328
  69.4177
  6.34011
  3.82025
  18.7328
  3.42182
   12.008
   62.567
  51.9759
  16.7055
  2.80462
  18.2887
   11.861
  48.5507
   16.628
  6.19411
  16.2933
   11.877
  31.2063
  5.46156
  6.21085
  53.7896
  17.5889
  19.7254
  8.40874
  11.2923
  13.0729
  0.15414
  13.5469
  52.0073
  60.3743
  64.8891
  27.7549
  36.7175
  1.84208
  7.79453
  33.2206
  13.6825
  5.77152
  31.3156
   1.0288
  15.8089
  15.0068
  26.2509
 0.476805
  19.4633
  57.5091
  61.9609
  56.5354
  32.0097
  22.9166
0.0893727
   12.114
  10.0128
  3.54359
0.0850911
  8.51076
  1.75047
  17.2836
  13.7217
  72.6335
  17.3934
  44.1542
  24.6097
  36.6371
  22.7763
  51.8784
 0.661484
  27.6348
   51.426
  35.1207
  8.69394
  17.1891
  61.5776
  32.0463
  37.2515
  36.1778
  8.33649
  20.5253
  6.20517
0.0688098
   14.059
  37.3613
  27.6567
  48.3111
  49.3018
  23.7373
  59.7018
 0.701441
  7.61331
  5.50161
  11.7084
  6.99797
   16.008
  58.0337
  58.7993
  49.5938
  20.9763
   94.325
   96.092
  23.3147
  14.2868
  45.1864
  15.4682
  17.9324
  2.78408
  3.48113
  12.5073
   30.136
  14.0461
   12.594
  43.2061
  22.2005
  13.4243
  1.99454
  1.26011
   50.049
  4.95635
  7.45157
  9.48394
   13.654
  7.34089
  37.0177
  7.26437
  7.25949
  17.8889
    12.43
  19.0662
  11.3118
   14.298
  20.1933
  26.0818
  23.1537
  40.9084
  48.4189
  24.1163
  32.5684
  41.9421
 0.614208
   5.8748
  40.5321
  74.9174
  87.0012
  12.1565
  10.4797
  8.93619
  83.7006
  15.5308
  51.6359
  30.4904
  66.0606
  66.1109
  2.71626
  4.17296
  20.0537
  20.7509
  21.4489
  4.74059
  10.1101
  7.01741
  50.4353
  68.0544
  21.6963
  16.1386
  33.8588
  16.5383
  8.96819
  19.3824
  2.70912
  49.2034
  43.5502
  1.26584
  13.3361
  56.3386
  28.5837
  13.7105
  23.9032
   14.264
  16.0097
   46.185
  5.21229
  9.29631
  4.13713
  50.7129
  28.8771
  41.0308
  13.6426
  6.23104
  4.65793
   17.356
   15.479
  43.3892
  39.8791