   12.2471
   11.7034
   12.4344
   3.82144
   2.82312
   3.00834
    3.4723
   8.58464
   32.5614
   4.04916
   22.1623
   22.0582
   3.33929
   1.43314
   2.65765
   7.68499
   9.38142
   6.10369
   9.74107
 0.0381504
   10.5599
   8.42762
   13.7819
   15.5397
   12.6469
   2.60343
   12.3274
   6.78306
   12.8808
   5.22711
  0.178479
   12.9789
   18.7851
     17.71
  0.647271
   12.9287
   15.4172
  0.137049
   1.01534
   3.40436
   4.99594
   5.37602
   1.16576
   4.74477
   20.8312
   4.90246
   36.6435
  0.799561
    2.0821
   9.51513
   8.20746
   12.5516
   40.7015
    38.137
   14.8644
   5.65759
    1.7248
    15.924
   11.3625
   9.17169
   6.66654
   2.37001
   8.13997
  0.688868
   10.4055
   4.96552
   13.4039
   2.56494
   4.39946
   8.19684
   4.45248
   7.45531
   7.58314
   4.27949
   3.72189
   4.67285
   7.38537
   39.8792
   5.95288
   8.34729
   3.18217
   19.3606
   10.4323
   9.76332
     5.723
   26.3995
   14.1493
    2.3704
   7.17423
   7.43805
   16.4171
   6.66677
   34.7634
   3.36602
  0.793105
    9.9122
   12.6268
   9.51224
   12.2717
   3.05016
   5.65437
    34.972
   23.4518
  0.111073
    6.8463
   12.5614
  0.271759
   13.2974
   22.1669
   21.8455
   1.68777
   12.3784
   10.3752
   8.58626
   2.09489
   1.26189
   7.00496
   3.57418
   16.0106
   8.44808
   26.2421
    3.1883
   23.9604
    37.505
   43.7265
   15.1711
   5.19877
   19.0172
   4.70337
   7.33312
   5.33699
 0.0241653
   4.74293
   6.22874
   5.68475
    11.954
   8.74103
   6.26744
   7.36246
   10.8547
   12.5254
   9.97063
   1.31499
   2.80196
   32.2738
   6.75593
  0.213534
   0.62641
   6.54234
   10.5279
   9.21082
   12.0149
   8.13864
   25.1408
   2.81047
   11.8753
   3.85013
   5.07191
   7.21814
   4.57867
   7.13261
   2.98432
  0.845049
   1.96219
    23.084
   4.06607
   13.2379
   8.45335
   5.49548
   2.21434
   29.5097
  0.293806
   2.13625
0.00214288
   2.85561
   4.24923
   21.4983
   29.9425
   36.5959
   1.32116
   6.68464
   5.96134
   1.05001
   1.53099
   4.77761
    3.3501
   4.11495
   2.87706
   8.70046
   3.83551
   1.06269
   4.33104
   14.4239
   1.06925
   18.6021
   45.0471
   29.1355
   31.4188
    16.154
   4.05147
   14.6718
   15.4648
   21.2993
   12.0039
   13.2391
   4.68591
   13.2379
    34.981
  0.670035
   3.70909
   4.04773
   32.5437
   17.9203
   14.4708
   3.67095
   1.96089
   8.44403
   39.0479
   27.8981
   29.6582
   36.6185
   36.6085
   6.01271
   9.06124
   1.05016
   8.65633
   7.33312
   7.45298
    6.5015
   5.60272
   9.00497
    3.9025
   12.0824
   7.05728
   11.0424
   11.4155
   14.7586
   18.4356
   21.3158
   13.6283
   2.17774
   1.73925
   7.11671
    38.137
   43.7574
   41.5203
   18.1448
    1.5052
   4.68045
   11.6361
   6.40949
  0.237015
   18.4292
   6.74604
   2.30007
   13.2125
   5.05255
   3.20678
   2.10394
   1.34886
    5.1678
   12.3798
   4.94898
   12.2129
   5.70385
    2.9193
   3.31282
   7.17521
  0.901588
   9.36081
   11.8375
   2.25698
   21.4123
   2.77838
   15.5368
   12.5535
   4.80527
   6.46309
   26.3571
   5.34409
   4.16206
   4.20564
    1.1219
    7.4418
   10.5258
   6.81938
   4.90632
   2.69146
   12.8095
  0.872111
  0.683557
   4.58932
   8.27918
  0.302601
    12.282
  0.339795
  0.501084
   11.9282
   5.77396
   1.87679
   5.40524
   6.82135
  0.262159
   11.1373
   3.09783
   2.48841
    10.318
   5.02202
   12.1103
   15.2309
   14.5114
   1.38857
   2.99571
   2.00925
    7.9812
   25.9631
    1.0319
  0.674585
  0.717156
   3.92091
   27.5623
   11.6703
   2.44856
  0.189995
   2.06248
   6.14816
   1.33717
   6.46957
  0.169819
   29.5145
   5.17358
   2.17139
   1.09282
   10.4251
   1.42281
   3.54368
   0.50639
   4.63139
   2.24655
   2.91162
  0.489676
  0.389551
  0.968295
    2.6052
   6.36525
    28.305
   1.86773
   3.45134
   4.68918
   3.14351
   3.86161
   1.20217
    1.5061
    11.159
   1.78457
   4.12976
   0.80843
   6.63662
   2.55882
   2.92369
   16.3542
   7.22303
   7.00883
   2.63331
  0.387114
   2.07635
   4.36954
   8.63926
   4.85047
 0.0589643
   2.32174
   4.81813
   1.23862
    1.9444
   7.82646
   1.33625
   4.20339
  0.632284
   11.6478
  0.441857
   3.38486
   6.03269
   4.42233
   4.78827
   3.30266
   5.36381
   6.06523
  0.570616
  0.952343
   6.50361
 0.0357556
   6.71832
   4.84264
   3.96049
   11.2765
   9.79147
   1.17033
   3.37097
   10.7711
 0.0162221
   17.7076
   1.69486
   1.26891
   12.1645
   2.42146
    1.2711
  0.663632
   4.37236
    8.6633
   3.23906
   3.59207
   3.44427
   1.53913
   2.97048
   3.73069
   10.3385
   15.5435
   28.8496
    1.0993
   8.06048
   2.57062
   12.7215
   7.11723
    10.248
   7.90489
   9.89813
    12.823
    9.8687
   11.2431
   3.45675
   5.00641
   8.50336
   17.4734
   6.84525
   10.2916
   5.62386
   5.74556
  0.961008
   3.65397
   1.21351
   0.79718
  0.659146
    13.164
    16.432
   11.5682
   16.3244
   1.62063
   3.22353
    5.7695
   7.05236
   8.95687
   7.53979
   1.62012
   1.90503
   5.27376
    5.6794
   6.07939
  0.439321
   23.2555
   11.1653
   15.4935
   4.78654
   4.04767
   18.3019
   16.9252
   3.11724
   1.28997
   2.95188
   7.92819
   24.5431
   2.04616
   1.52877
   16.0504
   18.3057
   10.1298
   1.94746
   2.76131
    1.7805
   27.9403
   3.96187
   16.7375
   3.28572
   18.5008
   15.4618
   16.3102
   24.7599
   4.48677
   19.7136
   22.8734
 0.0486382
   4.87805
   11.2291
   6.86864
   2.19666
   10.0064
   9.73015
   19.7769
 0.0263736
   3.32328
  0.576469
   8.40489
   8.49445
   10.0579
   13.6566
   25.2866
   2.33524
   10.7977
  0.193646
   7.34177
  0.277088
   11.5087
     13.52
   1.99086
   14.0147
   9.11944
  0.348091
   23.8997
    17.096
   9.52979
   10.5299
   22.4451
    21.572
   9.90391
   10.2193
   3.33887
   1.19802
   2.43115
   1.18122
   3.40276
   5.09256
   6.52121
   9.53374
   4.35707
   4.51487
   8.50528
   10.9637
   9.68081
   21.3296
   4.16872
   8.07246
   8.30582
   2.45742
  0.766528
   1.59768
   1.88977
   4.57263
   2.42537
   3.02878
   11.7098
   36.9245
   37.3027
   33.1091
   39.0204
   41.7447
   56.4129
   54.9445
   47.1552
   30.0514
   20.7442
   2.90699
   38.5338
   47.6976
   44.7255
   46.6536
   44.0104
   56.9589
   49.5912
   43.9736
   49.5353
   11.2041
   47.9895
   49.5668
   51.6305
   50.4656
   47.3823
   46.8545
     45.21
   53.8835
   36.2633
   51.6863
   53.0475
   51.0704
   49.9027
   57.5213
   56.4906
   32.9996
   35.0085
   39.0786
   38.9862
   49.8055
   50.9544
    38.877
    31.678
  0.645481
   44.6197
   39.5327
   38.9864
   42.4526
    34.671
   40.4564
   46.0168
   46.3796
   48.2033
   43.4591
   34.6108
   43.9467
   38.4195
   50.2029
   52.0998
   50.9386
   49.2065
   12.4351
   1.58592
   16.7816
     38.11
   5.09498
   10.5119
   43.0012
   39.8875
   39.5929
   7.26597
   43.3303
   37.7414
   49.2254
   51.2193
   53.1582
   57.7368
   56.9513
   32.5384
   30.8432
     29.74
   43.7707
    27.073
   35.0175
   40.9085
    44.541
   39.1563
  0.666292
   5.63058
  0.604277
    7.8713
   53.5755
   54.2738
   45.5039
   12.0751
   39.8129
   41.5467
   47.9662
   45.4822
   49.1646
   47.0449
   42.0506
   39.6673
    53.783
   47.3608
   49.2966
   11.1234
   50.2662
   50.6843
   47.7069
   46.1705
   47.7071
   41.2338
   41.0042
   3.82987
   42.2043
   48.4462
   53.8163
   52.6077
   55.0552
   1.60416
   10.7273
   37.4411
   12.8569
   1.82011
    2.1156
   37.2457
   43.0419
   37.8352
   31.4193
   48.1375
   48.4924
   37.2913
   38.1024
   41.7008
   35.4682
   36.5746
   11.9585
   14.6394
   49.8005
    44.047
   38.2059
    38.089
   14.2799
  0.717982
   45.9874
   41.9525
   43.2711
  0.645525
   36.6795
   40.5974
   47.1653
   43.4255
   45.6369
   14.0698
   11.4241
   36.2939
    37.601
    2.4149
   3.03411
   10.9901
   10.7445
   40.2452
   1.88724
   18.3405
   8.98694
   34.7671
     39.66
    15.781
   32.9473
   36.5056
   36.4058
   38.9807
   39.0661
   10.5088
   45.4207
   46.1435
   40.8455
   47.2814
   54.7076
   45.9771
   52.7073
   53.8397
   38.7317
   37.7875
   38.8029
   37.3699
   40.6163
   39.8704
   36.6761
   40.1745
   32.2352
   42.4614
   37.2873
   35.0844
   38.6415
   34.6474
   1.93787
   38.9151
    49.836
   48.6973
   47.4313
   42.8101
   18.2135
    22.256
   37.4212
   38.1604
    35.643
   46.2368
    47.716
   42.8958
   54.0461
   31.8917
   28.4386
   23.5399
    18.471
   22.6554
   38.1912
    34.737
   32.3506
   32.5384
   30.3822
    36.827
   41.6653
   31.5392
   51.5634
   34.7822
   38.6818
   28.6921
   49.2144
   51.9762
    39.603
   28.9891
   47.1729
   40.6564
   48.1472
   15.9697
   44.8682
   34.9849
   22.2312
   35.0897
   7.53866
   15.5839
   24.3278
   1.88724
   44.3735
   34.3322
   49.8207
   43.1141
   27.4439
   12.9866
   35.5909
   36.3434
   37.1726
   36.9847
    35.404
   43.5683
   37.2092
   38.1057
   34.8941
   37.4888
   36.0671
   34.9598
   43.0893
   45.1263
   44.4529
   21.8214
   19.7542
   34.6028
   39.0925
   49.6256
   49.4126
   40.3096
   47.6114
   50.3585
    23.099
   54.9673
   54.0413
   45.0357
   41.5709
   51.3029
   42.9767
   40.2054
   36.5634
   35.8908
   31.4096
   4.19617
   43.2485
   52.5937
   39.7047
   40.4603
   44.3439
   34.3001
   45.0502
   39.9062
   47.0001
   46.7769
   46.7769
   40.8256
   40.4954
   47.1553
   44.8765
   21.4103
   46.4518
   38.2875
   30.2227
   37.4324
   45.2572
   46.0914
   46.3312
   56.6546
   31.9947
   38.8635
     35.66
   41.5267
   38.6802
    36.119
   38.3078
   35.5989
   43.9191
   49.4168
   52.6596
   46.8861
   44.3575
   48.1002
   46.4726
   40.1096
   41.7407
   43.3519
   44.0281
   38.3449
   38.4356
   2.23492
   50.8799
   50.1877
   51.8624
   42.7563
   43.5566
   39.8366
   39.1135
   40.2005
   37.8768
   3.81235
   19.8378
   6.14528
   45.2751
   48.0139
   45.9139
   53.4366
   48.3001
   49.1204
  0.335491
   37.1046
   35.6836
   36.2261
   43.0458
   40.8401
   36.8942
   52.4948
   54.3893
   49.7903
   55.1173
   55.7639
   59.4584
   58.0736
   40.4484
   43.8993
   46.3833
    38.191
   9.68725
   51.3427
   52.2299
   56.2945
   35.8798
   39.8264
   38.4613
   37.6032
   38.8108
   37.3232
   37.0815
   38.0008
   38.1535
    46.009
   36.8967
   39.3001
   35.1746
   32.7956
   30.6207
   46.3607
   43.3311
   48.0399
   39.5058
   36.0718
   39.5758
   35.7273
   35.6744
   40.6457
   38.2211
   57.0791
   50.4322
   45.2356
   39.9095
   39.7986
   22.5976
   23.0258
   36.4778
   34.9366
   53.2509
   47.9971
   38.1535
   49.8372
    40.811
   44.1189
   45.6316
   46.3222
   46.3153
   48.2242
   39.7033
   34.6408
   38.8645
   39.6349
    38.851
   36.4933
   19.6873
   41.3974
   42.9863
   38.5723
   37.1613
   47.2971
   47.1958
   39.5047
   39.4346
   29.2532
   49.2815
   48.8014
   46.8694
   47.5423
   42.8924
   21.9943
    40.858
   27.4107
   14.5555
   51.3029
   36.5654
    41.835
     7.063
   46.5269
   10.6404
    47.313
   35.1461
   38.2092
   45.1856
   35.4431
   35.7022
    35.409
   43.9363
   21.4377
   4.30644
   21.1013
   40.5808
   45.2032
   47.1943
   44.6864
   39.9568
   44.7358
   38.8791
   36.1917
   49.0647
   31.6777
   39.2579
   31.5602
   42.2101
   47.0704
   33.6268
   26.5618
     45.23
   38.9551
   16.7581
   46.9219
   42.0827
   15.9129
   48.2802
    6.9168
   22.6835
   3.10554
   18.1299
   42.6885
   50.2236
   35.2303
   41.7048
   34.8119
   43.8858
   45.2027
   51.0068
   32.9265
   33.6542
   22.6231
   39.0902
   43.4831
   34.8935
   42.1683
   15.4987
   27.4337
   30.0498
   35.6545
   38.2148
   31.8774
   26.2248
   41.9038
   32.0945
   24.5127
   12.4652
   36.0998
   41.3887
   11.7561
    11.962
   36.4001
   45.3271
   46.3324
    33.407
    30.329
   43.5178
   38.7934
   33.5868
   47.8402
   31.4681
   39.4563
    37.456
   33.6561
   3.13685
   20.7365
   13.9053
   11.8193
   21.5636
   52.4353
   1.59912
   25.1102