  4.87494
  2.87781
  2.61225
 0.296607
  14.3353
   14.362
  5.66448
  8.69066
  4.01529
  5.32024
  6.13981
  10.5141
  10.8809
  39.2937
  41.4624
  2.80807
  3.10778
  4.87607
  7.47902
  7.87999
    8.009
  12.1879
  12.9522
  17.7892
   14.444
  16.1182
  28.4827
  30.0267
  30.8746
  16.3899
  8.41986
  14.7021
    8.037
  4.03526
  7.27912
  2.95973
  21.6171
  22.3296
  3.07654
    15.38
  7.91759
  3.19297
  15.1476
  6.95451
  2.68332
 0.764829
  3.08777
  45.1506
  44.9536
  51.4509
  51.3223
  4.42626
  11.4249
  11.6196
  5.32195
  10.4198
  3.96274
  26.8411
  24.1935
  32.9352
  22.9406
  11.5907
  17.8627
   1.7018
  11.2814
  1.93316
 0.978116
  5.06155
  7.73863
  9.10364
  5.95047
  6.27592
  1.96529
  1.52802
  1.66015
  1.32562
  6.94174
  21.5308
  21.9046
  28.6317
  30.2148
  17.5508
  12.0313
  4.26788
  8.79448
  16.7607
  17.5649
  4.46626
  5.73313
  10.6847
  3.69632
  10.2142
  7.30253
  2.70392
  1.16991
  8.98267
  15.2412
   24.158
  25.8782
  7.17138
  11.7913
  23.3142
  9.91296
  13.2451
  8.57938
  6.95585
  9.22953
  1.07862
  6.16852
  2.86465
  5.91401
  2.50544
  6.45299
  4.45273
  2.55739
  2.82361
 0.925477
  4.01764
  5.41195
  2.28946
  2.58539
  8.59882
  1.85862
  14.8845
  4.52454
  11.8251
  26.8891
  12.4452
   11.958
  3.43868
  11.3231
  7.64743
 0.565467
  9.76843
  2.06719
  7.92304
  5.58719
  1.88633
  26.7567
  26.4139
  3.82534
  7.50239
  1.43862
  3.13933
   12.235
  8.74602
  11.6088
  2.96579
  2.55351
  8.47256
  2.77969
  11.4419
  1.77502
  13.9228
   11.653
 0.464568
  14.8298
  11.6036
  22.0291
  21.2416
  61.0387
  49.3912
  5.13248
  16.1467
  20.1248
   4.6395
  12.7045
  29.0302
  33.4342
  16.2516
  15.1484
  7.80829
  31.6494
  45.4183
  14.3207
   6.2329
  17.1292
  11.9252
  21.1006
  18.5281
  14.0304
  17.0198
  19.1133
  21.9591
  16.1615
  7.26362
  24.4699
  21.5597
  9.43599
  9.60125
  13.1733
  1.42211
  14.2207
  8.79448
  8.02905
  15.0185
  13.9177
  14.2924
   16.561
  7.85355
  4.60704
  5.19658
  9.79333
   6.5906
  7.93359
  9.85152
   14.489
  13.6193
  2.05231
  2.31063
  55.1634
  45.0361
  22.1919
  27.5356
  3.25726
    11.73
  4.70286
 0.882646
  29.0294
  21.3548
  5.42146
  4.14152
  6.61498
  2.63802
  6.64966
  7.23202
  4.88613
   8.8389
  11.8753
  16.5059
   7.9873
0.0775206
  1.37209
  2.69737
  1.31244
  16.5866
  18.8092
  9.64434
  13.6189
  13.6189
  6.53051
  7.69952
  3.68264
  18.0875
  18.6463
  4.49027
  8.40338
  12.9545
  4.78678
 0.214297
  8.45837
   3.3471
  36.2036
  9.88624
  7.15607
   15.173
   4.4177
   8.8562
  7.55641
  2.77339
  5.10368
    15.67
  2.33553
  4.87302
 0.190465
  2.86008
  2.01319
  6.59945
  5.47952
   15.493
  6.05527
  10.7936
  13.6372
   7.3824
  13.6112
  12.3759
  13.8322
  8.49966
  15.3363
  41.6961
   14.022
  7.06725
   1.8546
  6.17138
  16.5542
  3.17263
  8.75874
   3.2715
  10.8157
  19.0597
  3.23867
   4.9043
  4.57553
 0.861557
  3.30154
  16.7816
  24.4959
  5.41119
  1.25567
  5.28213
  10.5263
  14.7486
  8.88873
  4.15552
  8.28058
  15.4165
  34.5164
  6.81215
  14.5632
  1.36943
  2.13704
  12.7823
  14.6172
   7.9859
  12.7804
  24.8278
  37.5963
  42.7012
  48.0825
 0.379909
   2.1435
  13.8417
  16.4225
  6.24164
  1.87783
 0.742198
  51.5126
  31.1181
  1.12727
  2.71732
  21.2143
  10.6221
  18.0102
  10.2906
  16.3794
  9.10502
  14.8903
   4.7844
  6.89857
  2.48943
  18.3927
  36.4205
  6.80013
  7.98181
  1.50117
  5.48871
  6.69261
  7.53672
  9.74652
  11.9052
  2.07774
  16.7605
  11.5004
  5.64151
 0.818153
 0.150962
  2.39795
  8.15089
  3.63527
  4.23909
  11.1566
   1.3613
  12.8809
   12.059
  14.2334
  5.30155
  10.5975
  11.6371
  11.5755
  7.95347
  1.98368
  1.48169
  1.12882
  14.2578
  7.68507
  11.3609
  5.33484
  7.71971
  5.88185
  5.01222
 0.979151
  7.60286
  4.87534
  8.38508
  2.87419
  5.65814
  4.09369
  12.1139
  4.88543
   8.4661
    14.64
  22.4659
   35.813
  3.69636
  7.33986
  7.98535
  8.19463
  14.3446
  10.5389
  18.8371
  11.7633
  5.08047
  9.20854
  1.71484
  3.64367
  1.41672
  9.31196
    16.09
  8.49537
  4.34966
  9.45048
  3.84645
  5.04745
  4.50388
  30.3736
  16.5081
  5.53504
  4.06221
  11.9272
  15.1705
  4.08326
  1.33946
  10.7147
  8.59849
  40.1094
  56.2268
   38.861
  8.85927
  10.6767
  3.55988
   10.277
  5.39686
 0.379909
  11.3845
  59.1127
  39.3704
  1.11836
  7.48714
  27.3429
   14.562
  6.00385
  23.9414
  38.4539
  13.0349
  6.74752
  1.62859
  4.32465
   14.786
  26.9985
  26.4809
  8.65306
  8.16961
  5.30328
  10.2321
  5.95292
  9.10247
  18.6568
  8.56237
  5.94265
   2.2978
  6.67333
  4.73131
  4.66074
  22.7932
  7.88517
  3.41821
  7.48529
   13.164
  6.32243
  13.8773
   3.2077
  6.49437
  7.00449
  8.40059
  5.86007
  6.69756
  10.8166
  6.85494
  18.3875
  7.48844
  7.20007
  12.0074
  1.67277
  11.8313
  14.9312
  20.2934
  12.0981
  13.2092
  7.99291
  4.18155
 0.851956
  16.4097
  10.4881
  6.86834
  35.4689
  17.1937
   3.2976
 0.381281
  12.2555
  8.17216
  2.86188
  7.40967
  2.60551
  2.71679
  4.10587
  29.9306
  48.6489
  6.06696
  12.5277
   1.5109
  7.31907
  3.56387
  40.0439
  38.6943
  15.5872
  31.0802
  18.9221
  3.16604
   4.3279
  4.95978
  21.5704
  3.95841
  21.3518
  1.31732
  41.6826
  19.4174
  16.1401
  35.1083
  17.1713
  3.69107
  8.98967
  10.0487
  4.20909
  34.9537
  36.9157
   2.5757
   15.958
   21.222
  2.03665
  12.2529
  20.2468
  28.1603
  11.9536
   11.682
  21.3875
  15.2043
  11.8615
  10.1805
  6.63386
  21.9511
  11.6276
  9.95412
  9.70199
  18.4163
  20.7372
  15.8567
  14.2084
  22.6087
  18.6759
  3.36282
  17.7502
  16.5427
  55.1679
   15.093
  11.2735
  16.8248
  5.65707
  58.7517
  6.82369
  15.8879
  23.1444
  27.2741
  4.38077
  37.8881
  20.8208
  16.3863
  32.3677
   17.896
  18.7506
  28.8869
  5.17046
  11.9686
  12.0939
 0.872859
  7.93836
  0.96339
  7.73193
  29.3619
  35.2179
  18.1618
  26.5707
  27.5481
  31.4799
  22.8034
  17.8061
  7.58747
  16.1923
  5.75913
  10.7941
  12.5532
  18.2712
  6.58678
  20.4275
   30.974
   30.161
  12.6527
  5.11033
  9.12073
   26.665
  21.1715
  4.16799
  17.0264
  27.1838
  19.9436
  8.12631
  22.2883
  13.0804
  7.32164
   39.143
  8.92355
  12.2665
  6.64119
  10.8027
  1.06297
  1.03365
 0.374888
  22.4499
  20.0318
  2.47573
  16.9224
    28.52
  12.5797
  3.79501
  7.28445
  10.6665
  11.4894
  8.58405
  4.99493
  27.8354
 0.234382
  9.49245
  11.4378
  5.74495
  8.97656
  6.19035
   14.013
  2.51349
  10.5232
  8.85411
  19.4045
  6.82427
    4.283
  16.4024
  16.9346
  1.50908
  24.5088
   31.462
   13.011
  14.2748
  8.85938
  13.4174
  4.64982
  9.47653
  6.52933
  9.07209
  33.0242
  3.09208
  12.2777
  4.23904
  4.84167
  35.0292
  7.36982
  11.9543
  34.8298
   15.217
  35.0483
  21.7914
  21.5688
  11.7761
  34.2946
  14.9754
  10.0571
  23.4054
  14.6448
  6.66792
   1.9193
  13.9105
  17.6287
  26.1185
  18.3655
  20.9907
  10.4087
  13.4698
   10.438
  7.34531
  22.9464
  16.1141
  46.6581
  27.8013
  9.05002
  0.26479
  19.5142
  6.61962
  4.44139
  9.84205
   7.5588
  8.95086
  31.5121
  2.72227
   3.9478
  16.0606
  6.49613
  27.4744
  25.7203
  1.85073
  20.9747
  24.1549
  30.6969
  35.3201
  8.97713
  51.4611
  19.0658
  29.2477
  21.2718
   9.5175
  6.82159
  7.45277
  12.7087
  11.9099
  4.69807
  2.91094
  34.0447
  19.4648
   14.106
   8.0723
  15.9159
  16.5788
  32.6187
  2.82387
 0.302815
  27.7905
  5.59503
  18.5312
  8.01901
  9.95616
  8.18717
  16.4187
   7.3078
  15.1717
  31.3465
  4.64549
  21.1533
  34.3448
  6.68166
  28.5881
  15.7914
  11.2782
  12.0914
  12.2422
  38.7959
  6.22435
  21.2531
  46.0409
   4.1477
  60.4768
   17.348
  2.31276
  36.2075
  33.3619
  9.95936
  9.16195
  34.4967
  12.5108
  5.79424
  26.4755
  24.2325
  30.5333
    36.63
   2.5826
  19.3816
   34.968
   29.352
  18.3083
  6.46154
  3.58812
   1.9421
  1.95082
  6.29157
  19.6896
  4.58017
 0.169591
  3.85864
  21.6562
  33.5713
  8.13161
  5.77783
  13.0763
  12.5959
  46.8059
  21.8914
  24.7878
  8.30583
   23.765
  10.8103
  27.2739
  35.0385
  8.56141
  3.63162
   25.342
  30.9979
  35.0546
  1.95646
  10.8339
  24.6727
  31.2075
  35.1914
0.0458635
 0.617994
  6.13596
  5.46339
  7.82834
  15.0027
  8.51036
  1.21767
  27.5897
  5.93415
  8.36403
  16.6679
  9.15255
  11.4465
  8.90889
  31.4931
  24.8958
  10.0054
  8.12912
  8.70892
  7.55308
  12.1008
   12.778
  8.61342
  3.64929
  9.96052
  3.64929
  17.0955
  7.19614
  8.24769
  5.91895
    14.02
  7.30306
  20.9005
  14.1597
  34.7812