   6.52648
   7.39335
   27.4721
   13.8716
   15.1482
    15.949
   24.1753
    7.1392
   14.5211
   15.9462
   14.4471
   4.30964
   6.98127
   5.80585
   20.0394
   22.4246
   7.64297
   13.9591
   21.8113
   12.4004
   21.0651
   18.3995
   21.7847
   14.4766
   24.7343
   15.0163
   13.6293
   12.0191
   9.10791
   12.1447
   15.3168
   14.7505
   13.4403
   8.97412
   23.7656
   7.14716
   8.98884
   10.2944
   9.27652
  0.293427
   2.92721
   3.02558
   6.35188
   13.0945
   7.54696
   1.05446
   4.01964
   12.0179
   12.5074
    17.441
  0.993461
   27.5679
   57.6922
   11.8617
   9.92646
   18.3574
   8.16001
   6.74141
    2.7695
   16.9106
   15.0772
   14.7011
   9.94138
   4.12478
   17.8082
   3.74653
   4.67599
   16.1043
   20.3743
   22.4737
   13.0697
   22.5497
   3.46736
    16.975
   22.9054
   21.7201
   17.1557
   14.2607
   25.1841
   26.5505
   25.8608
   2.38632
  0.336662
   6.28558
   7.88721
   1.86845
   12.1107
   8.11881
   10.9175
   9.40162
   64.7491
    14.723
   21.4668
   6.87859
   8.03767
   4.24084
   13.6398
   12.2477
    9.5405
   7.92894
   5.88236
   22.0639
   19.9826
   10.7249
   11.2659
   10.0905
   3.54708
   4.79975
   16.4856
   21.3771
   15.0163
   16.7252
   23.8256
   4.69121
   25.3256
   3.14514
   12.0761
   38.6788
    5.2452
   5.84203
   9.48918
   1.11424
    2.7292
   11.2805
   25.3279
   9.42232
   41.3763
   6.03546
   8.64765
   3.72686
   6.34251
   5.96376
   51.8127
   1.69431
   8.36406
   7.63507
   6.56611
   7.58486
   2.74115
   1.17072
   2.98176
  0.442545
  0.158467
   9.24868
   11.4284
   15.0276
   8.41238
   2.96207
   3.44287
   29.1035
   15.1177
   4.61565
   23.9066
   10.6206
   20.9632
   2.51539
  0.472812
   3.76005
   3.62205
   2.64317
    10.821
   4.31258
   9.20348
   1.56352
   1.87355
    31.987
   22.7591
   22.1676
   8.18244
   2.53645
   4.93549
    5.9182
   6.29118
   2.67789
   1.95657
   3.74199
   1.56761
    28.247
   56.6462
   20.2323
  0.897305
   16.9363
   10.8303
   11.5977
   4.55109
   7.53151
   34.5724
   24.1434
   12.7844
   20.3803
   19.8022
   20.2946
   23.2558
    17.686
   9.20764
   21.6771
   14.7365
 0.0290608
   19.8879
   2.05764
   11.5162
   1.83612
   6.77142
   2.14853
   7.53265
   4.61975
   3.05875
   22.9011
   12.7567
   7.16319
   13.3901
   8.19469
   7.34235
    16.005
  0.334101
  0.790198
  0.653576
   13.0525
  0.455351
   3.41821
     7.997
  0.163199
   3.19144
   19.4124
   19.4216
   22.2377
   14.4647
   23.4319
   16.2165
   15.7691
   1.92434
   3.83003
   9.19261
   5.28159
   8.60342
   14.4532
   22.9998
   13.8185
   17.0649
   14.4228
   11.1386
   1.78599
   5.57443
   15.9536
   7.68057
   29.0193
   21.3168
   25.8272
   9.30726
   4.71099
   8.69486
   4.48534
    3.2689
   1.22856
   16.1067
   6.06936
   11.1963
   2.89448
   12.7631
   54.8273
   3.39619
   1.13936
   20.1481
   12.0192
   4.68737
   25.6502
   4.17149
   2.51793
   6.58676
    17.183
    1.9215
    24.523
   33.8509
   13.9674
    1.6687
   21.7367
   12.9301
   4.93071
   3.00992
   10.9365
   8.04003
   10.6199
   3.08907
    8.3122
   9.06668
  0.180075
  0.378831
   15.6432
   13.6224
   10.5803
   21.5973
    7.0238
   13.1952
   22.4611
   17.5494
   10.0418
   23.0503
   16.0239
   20.1036
   1.88695
   6.00263
   1.20141
   1.54166
   9.36209
   17.2078
   16.0631
   5.50501
   17.9397
    4.7806
   8.19965
   5.59648
   8.64408
   14.5237
    10.176
   16.9325
   9.16671
   2.20701
   24.4121
   20.3607
   12.8381
   23.0543
   14.0896
   7.49241
   11.8355
   11.0286
   5.59301
   2.90109
   14.0054
   9.65126
    23.738
   21.1975
   4.50392
   1.64786
   3.86513
   10.7999
   8.26476
   5.75262
   4.94134
   10.5598
   5.53618
   2.20021
   27.9366
   13.0341
   4.53067
   16.1465
   16.3499
   10.1811
   25.8527
   29.9312
   5.30208
   22.1966
   3.44506
   24.2304
0.00479976
   1.95833
   13.9348
   22.5191
   9.80327
   4.23445
   2.86399
   10.6489
   1.72071
    23.018
   14.6377
   7.13479
   10.1891
   11.7205
  0.121054
   19.0119
   21.1192
  0.362229
   26.9544
   23.8447
   26.5666
   4.76266
   7.42759
   6.00231
    11.734
   11.3023
   9.09105
   12.3052
   16.9887
   13.3017
   4.30928
   10.7142
    2.4365
   12.1351
   5.04894
     15.66
   19.6515
   12.9549
   13.2922
   10.8701
   14.5768
   20.3343
  0.884433
  0.357989
   63.6465
   1.41236
   13.0086
   6.91529
   2.82882
   3.22353
   19.3328
   13.1107
   8.96695
   22.7809
   9.33309
   10.4742
   18.7324
   25.2955
   4.30066
   16.1825
   25.8608
   17.8608
   16.4874
   2.57327
   11.1134
   5.85078
   16.8726
   22.7117
   14.9125
   16.7268
   2.04644
   8.66287
   4.25953
   7.51718
   15.6998
   7.87526
   3.72926
   9.74107
   2.95038
    19.438
   11.9461
   3.45018
   2.56369
 0.0596044
   19.3151
    5.6612
   4.61221
   5.84422
   11.3869
   14.3535
   2.25805
   1.29667
   21.2751
   14.2379
   15.7305
   1.04742
   8.02942
   18.3029
   7.29587
   10.0784
   5.33835
   4.15808
    10.793
  0.544252
   12.5708
   1.65133
   3.18289
   3.92839
   5.71505
   2.19974
   6.08649
    6.5962
   13.6044
   11.7456
   2.22323
   9.31999
   14.5577
    4.2284
  0.340993
   1.88349
   2.16776
   10.7407
   13.1186
   3.35214
   5.43251
   12.9682
   5.06338
   15.4357
  0.367231
   4.12835
   6.44502
     3.006
   2.02469
   12.1987
   10.0502
   6.14363
   1.68321
   1.69813
   10.0238
 0.0690364
   1.61607
   3.51786
   15.5091
   1.73588
   3.76564
   7.29367
   2.55785
  0.853488
   6.06836
    23.968
   9.56447
   6.60831
   7.22653
   9.96958
  0.447208
   4.24394
   7.64785
   11.5277
   3.56694
   7.49958
    7.6487
   1.53439
   3.57795
     5.422
  0.872757
   1.61482
   1.70397
  0.636915
   11.1846
   9.78356
   13.0016
   4.26017
   27.6119
   6.78369
   9.17117
   10.4812
   16.1774
   2.75872
   15.7285
   13.5985
   7.28967
   1.47898
   2.99229
    2.6587
 0.0122946
   8.16823
   1.96909
   4.42077
   1.32304
   8.15406
   7.61579
  0.866599
   4.31774
   4.70692
   7.54009
   24.9989
   6.87318
   2.03652
   3.50349
   14.7963
   6.44921
   8.47282
  0.157982
   4.93407
   16.1255
   16.1493
   15.4304
   2.72396
   7.13746
   23.4185
   6.53601
   7.00513
   7.28627
  0.241818
    7.7251
  0.902589
    14.331
   3.35659
   4.61469
   5.27134
    5.9419
  0.209097
   4.29739
    3.0222
  0.429397
   10.9012
   20.0693
   2.42075
   18.3048
   4.11603
   7.34994
   1.40806
   3.25157
   2.98162
   3.03737
  0.132663
   7.21186
   7.35391
   3.23326
   2.99559
    2.1724
   4.69456
   1.47306
   13.3286
    1.6097
   6.25535
   2.18187
   4.67897
  0.642727
    2.4443
   5.73073
   1.95296
   3.20682
   10.7729
    3.3573
   6.71406
   13.5134
   4.35767
  0.392879
   9.11265
   6.08089
  0.326871
   5.01161
   8.86808
   1.54521
0.00177487
   7.17331
   2.86478
   6.13138
   4.99871
   6.53471
   3.02339
   3.99035
   2.58287
   6.61858
   5.46197
   0.30947
   2.89554
   6.51524
   2.30285
  0.889119
   6.86638
   4.84879
   6.40005
   1.03741
0.00216565
    2.3361
   10.9621
   5.04145
     8.976
   11.1106
   6.27617
   5.42412
   1.07997
   3.83744
   12.1858
   2.62223
   3.71324
   8.15367
  0.304722
   3.42338
   2.24836
   9.25593
   2.71434
   7.59397
  0.251353
    7.0944
   4.66569
   3.77366
   1.48062
   9.83362
    2.9703
   13.3624
   1.59907
   5.59113
    1.7873
  0.714628
   5.99004
    1.4587
   1.89792
  0.274223
   19.8924
    5.5997
   4.71238
   13.0859
    1.7286
   17.4299
   11.2811
   4.17935
    6.3115
   1.65413
   4.86055
  0.220245
   5.17424
   13.0401
    3.0596
   17.6624
    13.286
   19.2853
   10.7684
   14.4843
   4.87958
   18.4282
   18.4437
   3.06949
   4.53349
   7.09646
  0.196184
   17.5429
   7.33689
   9.76835
   14.0098
   11.2896
   1.15451
   5.20915
  0.307614
   6.29003
   2.46944
   1.30134
   8.54141
   8.39477
   5.20285
   20.2793
   7.15226
   7.32191
   2.67876
  0.515702
   4.87351
   3.88745
   2.88822
   6.51805
    9.6638
   4.95022
   1.37776
  0.842368
  0.154757
   23.4927
   15.4359
   15.9892
   17.7878
   5.28223
   13.1017
    3.2706
   9.97603
    7.1411
   4.13536
   1.49756
   3.25968
   15.2293
   3.21058
   3.24618
   19.7563
   11.2817
   16.7977
    27.444
    7.0466
    7.1628
   21.6628
   15.1676
   10.8711
   15.9405
   12.4004
   1.73886
   23.6289
   16.0849
   21.1719
   7.63897
   9.66958
   13.4881
   7.10951
   11.3997
   15.5696
   8.41441
   11.2154
   4.43905
   9.10632
   12.4262
  0.917352
   8.59849
   8.97353
   17.2894
   7.71317
    7.1092
   10.8643
   15.6223
   10.2725
   23.0988
   24.4594
    15.442
  0.865326
   1.71128
   18.6838
   10.3002
    16.953
   14.9768
   15.8053
   6.72656
   6.67617
   12.4285
   9.08746
   6.71341
  0.210666
   15.7837
  0.792056
   9.69548
   2.72416
  0.880216
   4.64075
   1.43549
  0.793964
   8.12708
   9.85893
   3.29293
   5.15536
   5.39362
   2.45527
   21.2879
   8.34709
   7.69408
   14.2119
    9.1625
   5.12358
   7.24693
   2.25532
   6.17243
   2.34644
   7.82799
   29.3428
   8.53325
   4.18924
   2.87473
    2.0531
   2.56088
   8.05719
   16.5353
   10.8976
   2.89004
   2.30848
  0.425075
   7.76722
   7.95474
   15.0848
   11.4392
   10.7394
   10.8247
   12.2353
   6.58507
   9.41117
   12.8772
   21.3409
   6.52649
   13.2912
   1.16073
   8.00564
   3.89423
 0.0146251
    5.0958
   12.5105
    10.508
   1.33708
   1.63711
   5.99952
   6.47848
    18.591
    12.338
   6.64138
   5.72991
   8.06753
   1.02923
   13.9065
   12.2606
   27.2832
  0.415569
   2.42333
   3.98484
   9.83123
   5.18379
   1.00599
   4.34189
   6.19588
   5.96784
  0.988665
   1.55032
   18.6384
   11.2629
    26.487
   9.17961
   1.02924
    7.6144
   26.7846
   27.8514
   25.0736
   33.7489
   38.7179
   39.4189
   34.2741
   17.5957
   18.7084
   6.14037
   29.1378
   33.7912
   32.1314
   31.3393
   26.4712
   42.8923
   41.4247
   26.0594
   27.4774
   1.71378
   14.5174
   1.18261
   36.0245
   31.8504
    32.342
   32.7762
   33.8243
   35.0848
   14.5556
   30.2386
     42.66
    29.694
   20.1952
   7.02756
  0.396818
   20.9571
   6.69734
   37.6234
   42.1638
   38.0479
   37.4791
   38.1446
   37.7621
   30.8967
   36.3945
   6.06823
   33.8777
    35.816
   26.7677
   31.6289
   8.70567
   40.0977
   30.8512
   31.9376
   5.53143
   2.86678
   11.1394
   15.6593
   1.76986
    20.067
   9.72055
    9.7439
   11.8167
   9.72641
   10.4839
   4.14538
   7.38249
   32.1174
     31.66
   27.6308
   29.2352
   25.5523
   7.42452
    15.767
   30.3375
   30.6357
   33.5823
     33.32
    35.743
   25.1621
0.00457315
   2.66346
   5.44727
   31.1411
   28.4392
   29.3985
   32.4345
   36.4169
    32.465
   35.9597
   10.9888
   2.31001
   5.31552
   5.42971
   1.74859
   35.0005
   2.56103
   6.44564
   5.25779
   6.04963
    29.934
   30.4787
   32.5798
   3.05049
   27.2184
   27.4784
   33.1249
   40.9936
   33.2263
   38.4285
    39.869
   38.7523
   28.8275
    27.011
   32.4591
   31.8643
   27.5497
    28.911
   29.0715
   25.6015
    27.693
  0.155901
   7.81133
   7.10598
  0.855963
   41.9965
   41.6247
   35.0491
   28.4011
   6.14363
   6.11213
   30.6084
   30.5114
   33.7422
   32.1952
   37.7139
   37.5316
   30.3082
    30.423
   41.0626
   34.9603
   33.8493
    6.3335
   33.6607
   33.4545
   34.7339
   33.8381
   36.0843
   34.7156
    32.797
   32.6266
   1.87069
   8.52537
   19.6141
   9.84173
   3.79293
   25.4503
   33.0699
   42.3171
   41.6396
   41.6367
   2.01302
   2.48315
   27.8409
   8.89645
   8.49769
   2.42771
   35.9457
   38.8145
   31.3476
   33.8045
   14.9668
   29.9473
   26.9297
   31.0191
   27.3181
   27.3258
   32.3538
   45.5828
   38.6817
   34.7576
   14.9347
   14.6207
   30.2834
   38.7512
   27.0397
   28.7167
   4.38324
   2.79411
   31.2087
   24.8066
   22.2491
   8.67897
   2.87229
   4.46067
   35.5694
   30.1635
   29.3944
   30.3529
   30.5758
   31.3906
   5.83255
  0.651901
   21.9223
   34.8931
   32.0375
   9.76149
   6.47016
   9.10539
   12.0649
   36.2196
   39.8489
   42.9166
  0.171238
   7.34512
   3.94529
   27.8772
   30.3477
   3.72081
   27.6955
   30.3308
    33.569
   27.3647
   21.7934
     3.364
   33.5017
   39.3953
   34.1036
   33.6983
   31.1842
   34.6886
   5.67784
   7.78491
   7.70712
   28.0104
   37.5959
   42.2848
   5.55305
   17.4614
   33.2903
   26.8219
   39.0734
   36.7537
   37.4063
   36.7345
    33.239
   32.0399
   31.8006
   39.6236
   36.5219
    34.992
   29.8736
   35.3155
   36.9784
   38.5292
    37.997
   36.9721
   36.4215
   37.2381
     28.32
   27.7799
   1.59112
   21.4351
    39.896
   37.5022
   37.6925
  0.429184
   31.6454
   18.6566
   24.6872
   29.3995
    24.234
   24.5357
   39.8423
   38.8289
   37.2255
   40.3612
   39.9278
    43.245
   41.9697
   26.9261
   19.8121
   18.0833
   35.6319
   24.1078
   19.5917
   18.8985
   41.8237
   33.0471
   35.2363
   38.1616
   25.9435
   25.3006
   25.0946
    26.773
   36.9721
    31.193
   22.8355
   36.6608
   29.5771
   32.8407
    28.563
   25.8911
   3.91234
   33.1056
   34.1771
   35.6635
  0.402214
   32.1801
   31.0019
   28.7826
   8.99701
    31.716
   27.0637
   21.6391
   25.2229
   6.91552
   11.1325
   20.5703
   4.67326
   31.8357
   26.8665
   28.2653
   32.4771
   29.2777
   18.9169
   2.38675
   35.7763
   36.7012
   36.4412
   34.2572
   30.8649
    36.001
   31.3392
   11.7082
   11.1779
   1.79802
   35.8137
    42.629
   19.5974
   37.1096
   39.7353
   36.1903
   35.0193
   36.5366
   36.7294
   28.0236
   27.5295
   38.0839
   37.4225
   31.8149
    17.094
   15.0175
   25.6611
   25.5748
   5.84131
   41.5812
    39.514
     35.98
   9.92303
   5.48475
   4.46789
  0.490333
   39.6909
   39.5143
   41.0611
   41.6529
   41.3957
   41.1848
    41.027
   41.0662
   31.0412
   31.2154
   5.78623
   36.9813
   41.9676
   38.7501
    35.569
   39.0367
   34.2339
   31.9962
   9.99228
   38.8594
   39.8974
    40.333
     37.96
   40.5728
   31.2937
   17.7854
   35.7437
   33.2577
   32.7051
   29.6972
   34.5329
   31.1744
   33.2116
   32.0093
   32.6395
    8.2202
  0.632618
   8.95218
  0.372935
   39.6314
   40.1989
   37.0063
   34.5858
   42.4846
   36.3073
   30.1043
   35.0646
   36.6803
   38.1119
   39.5146
   33.4539
   33.4361
   36.3606
    33.475
   34.9842
   34.8652
    7.1859
   7.66294
    39.923
   38.4879
   40.2415
   36.1127
   33.8746
    33.984
   32.2369
   34.5638
   32.3176
   38.6866
   40.1336
   37.8547
   26.9817
   25.6508
   30.1545
    28.648
    29.625
   1.19663
   31.9202
   33.3639
   39.5637
   31.4423
   31.9392
   26.0198
   31.9578
   31.6838
   27.1969
   4.74801
   18.6348
     37.06
   34.3694
   44.4152
   39.5884
   38.2236
   14.0984
   38.5344
   36.2016
   34.3087
    39.249
   40.3165
   40.0975
   37.9731
   39.7566
  0.674579
   24.6675
   39.1533
   39.5115
   37.2256
    40.305
   34.4543
   28.4062
   35.8535
   1.42578
   25.6682
    23.668
   38.3345
   41.3454
   39.1956
   35.9551
   37.2442
   39.4061
   35.1884
   41.2277
   34.5486
   35.4038
   35.1767
    36.051
   41.6045
   38.8379
   41.6273
   42.3949
   41.7595
   42.5488
   32.7768
   40.0291
   37.8356
   36.0328
   42.2575
   41.8445
   25.3088
   34.6975
   38.1508
   39.0734
    37.162
   35.1806
   32.2074
   36.2846
   32.0534
   40.7944
   34.6665
   32.8904
   37.0476
   38.6419
   37.2781
   38.7891
   39.3463
   39.1576
    36.111
   37.7246
   35.1504
   39.8538
   40.0425
   35.5869
   36.8897
   35.2939
   28.0884
    26.872
   40.6693
   39.6856
   35.9218
   40.3119
   33.9394
   40.7198
    5.7832
   41.1266
   31.0424
   39.7607
   39.0912
   15.3162
   22.4417
   7.44882
   2.09916
   4.25477
   15.2807
   39.5505
   38.7828
   27.0297
    40.539
   36.2064
   36.9654
   23.8398
   37.4371
   40.0093
   39.8136
   31.0735
   39.6959
   38.2657
    30.573
   43.5975
   44.0688
   41.2484
   44.4854
   37.7809
   39.9396
   5.32452
   39.6805
   36.3025
   37.8959
   34.7083
    33.296
   33.4666
   38.2765
   34.2118
   33.1997
    38.792
   37.8096
   15.6708
   10.3198
   39.3858
   39.0546
   41.4141
   38.4156
   35.6899
   43.1517
   45.5487
    42.158
   37.2515
   16.4084
     37.34
   35.5536
    35.566
   1.67964
    41.821
   41.5609
   45.8947
   38.6661
   39.6691
   11.0985
   1.38625
   4.27194
   4.60669
   1.42623
   6.69622
   41.7829
   44.9528
   6.03553
   40.6923
   41.1284
    39.908
   24.2516
   21.7399
   8.15318
   3.02536
   29.4121
   39.7967
   40.6207
   30.7666
   14.0739
   39.2276
   39.9284
   42.0806
   36.9731
   4.29476
   10.8644
   10.9084
   37.8252
   34.4515
   7.34724
   3.84018
   16.4381
   6.72995
   40.7517
   44.1099
    42.085
   38.6618
   34.5803
   28.3713
   40.0259
   37.8844
   6.91739
   44.1099
    37.278
    35.817
   37.9674
   38.6549
   39.2968
   40.1907
   37.6399
   41.1663
   46.1061
   2.94263
   41.7619
   21.3529
   22.4313
   10.4209
   13.7145
   3.56061
   9.51082
   45.5264
   1.23132
   6.00138
   39.5982
   39.4569
   40.0561
   3.08438
   40.2386
   40.4467
   41.9655
   39.5603
   36.1052
   37.9347
   41.3312
   42.2702
   40.4944
   12.4805
   5.81923
   7.48821
   38.3492
    39.696
   39.9893
   37.8925
   39.9785
   7.93309
    45.843