  7.11407
  6.47512
  16.2714
  2.87254
  11.7016
  1.19643
  17.2984
  2.21132
  4.44944
  3.29237
  6.79548
  2.27202
  5.38528
  11.5139
  10.3129
  39.3293
   40.662
  1.14986
   1.7881
  16.9988
  18.6844
  13.5346
  13.3257
   18.508
  18.8468
  9.33662
  22.6176
  12.7141
  23.7016
  25.1178
  18.1359
 0.912378
  39.5965
  41.7253
  6.85855
  5.01815
  3.55832
  4.24253
  1.08338
   22.079
  20.8697
  11.4984
  5.60049
 0.802294
   10.519
  5.18804
  10.2255
  3.16941
  2.01188
  2.55851
  52.4145
  52.9113
  55.3847
  24.5706
  0.63869
 0.630579
  15.2917
  15.1104
0.0776132
 0.293103
  29.5551
  27.8935
  31.3855
  32.9542
  4.01099
  1.77318
  6.95486
  8.29467
   7.6288
  41.6096
  44.9553
  43.2983
  4.99218
  12.8269
  41.5431
  45.9671
  7.18588
  1.97916
  9.83842
  6.75911
   5.5118
  4.94375
  7.39942
  10.0019
  5.99418
  8.11708
   7.0723
  8.04687
  16.6899
  18.7384
  14.7808
  8.78208
  10.3458
  8.04351
  15.9084
  19.4496
  1.11577
  12.4482
  18.2312
  12.1988
  16.5954
  7.43155
  5.63584
  3.63075
  9.98012
   12.308
  20.9295
  15.6599
  7.99458
  5.41366
  5.45143
  10.9776
  5.60438
  22.3997
  20.8388
  8.74256
  3.55383
  7.04567
  7.61318
 0.307223
  17.5289
 0.699587
  7.13507
  4.99117
 0.567344
  0.49287
 0.526864
 0.166466
  5.01653
  3.71128
  2.80235
  1.46265
 0.148099
  3.50417
   11.029
  18.5601
  24.0209
   20.453
  10.3778
  2.19177
  7.02079
  18.0085
 0.295997
  9.53355
  20.8944
   14.775
  7.42903
  1.16595
  5.06861
  2.81567
  8.57943
   13.138
  35.9944
  24.6048
0.0668423
   1.6541
 0.496875
  3.01064
  9.78244
  3.52596
   13.063
  12.3367
  23.4201
  1.26567
  6.76242
  7.64679
  14.6322
  7.22595
  1.67342
  13.6973
  21.9034
   15.876
  37.7294
  65.5325
  58.8376
  43.7937
 0.793934
  2.61933
  14.2024
  29.2938
  26.3044
  15.1801
  21.6923
  26.4955
  24.1406
  8.85773
  6.88401
  7.08476
  4.71511
  35.4549
  38.3023
 0.515833
  11.9975
  8.72693
  4.84141
  22.0582
  27.9601
  8.34957
 0.693956
  14.4169
  17.8448
  8.21386
   13.301
  21.7412
  22.5082
  10.4513
  4.89343
  11.3357
  8.04351
  13.7924
  7.35184
 0.422116
  3.75427
  2.90721
   2.7775
  13.1594
  9.18635
  12.0551
  1.43539
  13.4532
  10.8849
  11.3487
  3.17485
  0.63057
  8.27596
  4.70795
  63.0588
  49.9023
  18.2828
   36.829
  14.8053
 0.464954
  8.91974
  1.99944
  27.6282
   32.692
  4.23442
  2.05243
  9.82372
  5.96633
 0.180002
  3.30418
  14.1262
  4.12405
  20.8804
  10.5823
  11.7246
  15.4326
  7.38197
  3.61895
  4.89731
  10.7937
  1.19854
  13.6651
  4.35626
  5.82153
  8.10375
  12.6976
  18.7043
  16.0352
  3.09036
  7.18871
 0.255298
  15.2975
  10.3043
  12.7163
  18.7472
  13.9948
  6.59035
  42.3874
  23.0206
  9.37757
  11.5743
   7.3461
  9.79103
  20.6765
  3.52926
  9.43785
  6.59414
  6.53299
0.0324189
  7.23652
   3.5737
  8.66379
   21.216
  2.17301
  13.3077
   8.5234
  10.7681
  0.17869
  11.6873
  15.1055
  2.36914
   5.2424
  11.5042
  19.7804
  21.7332
     37.9
  3.25214
  3.84927
   15.751
  13.5298
  9.95297
  5.01208
  2.96727
  11.8567
   8.0029
  3.37464
 0.454285
  7.15842
  11.7894
  8.26079
  10.5541
  5.08332
  28.9662
  33.1696
  41.5431
   11.038
  6.91837
  5.56745
  13.2694
  6.78759
  14.9964
  9.48762
  12.1715
  35.6595
  3.93832
  17.9097
  14.1305
  0.61427
  25.4005
  23.6939
  25.7849
  7.79685
  41.3125
  63.3937
   61.276
  56.3958
  2.72817
  1.23359
 0.807383
  7.76597
  2.31066
  2.88948
  14.1891
  18.5867
   62.102
  15.4354
   4.7683
   25.044
  10.0807
  25.4467
  33.9531
  12.7963
   1.2159
  7.76364
  13.3901
  16.9548
    4.234
  6.82245
  14.7267
  43.2901
  18.3497
  15.7226
  13.3947
  15.6795
  15.6031
  7.90125
  7.81097
  2.81203
  6.61085
  6.74167
  1.85094
  5.73832
  12.6707
  13.8174
  15.5473
  9.26806
  5.79385
  9.64169
  9.04251
  11.6226
  6.80108
  10.5124
  14.4787
  14.1209
  12.7413
  16.9361
  1.23199
   17.999
  18.0696
  17.0211
  16.2281
  4.26398
  4.06701
  3.12703
  9.87345
  5.16497
  12.3771
  19.9373
  12.3806
  3.06536
  6.23813
  6.61385
  1.27071
   2.5872
  2.48652
  3.93658
  16.5976
  15.5845
   16.639
  2.38617
  6.85578
  22.1862
  4.83711
  6.22279
  19.3166
  14.8557
  16.4448
  18.0946
  3.55069
  6.29308
  1.59946
  5.28362
  9.52552
  11.0329
  4.89947
0.0476369
  13.9775
  48.0956
  3.86134
  6.95407
  3.41897
  2.49736
   16.706
  13.0393
  10.3814
  3.56944
  27.4231
  39.0318
  7.74219
   8.6988
  7.01605
  1.18762
  8.09478
  6.35106
  18.5954
   17.192
  41.0088
  51.0209
  46.0314
  6.79986
  12.7663
  5.56402
  2.26341
  1.89822
  2.72817
 0.688617
  45.6369
  36.4983
  9.66679
  8.08983
  27.1165
  4.04798
   5.5222
  28.0486
  35.4803
  15.9403
 0.697138
  4.11355
  14.9204
  21.9911
  37.8911
  22.7913
  11.5847
  11.5982
  6.30512
  7.54659
  8.57709
  20.1736
   16.028
  5.53026
  6.40943
  11.4942
  3.09532
  1.01827
  2.90448
  16.4433
     14.5
   18.428
  20.4156
  12.8438
  5.87833
  2.60371
  5.16443
  7.61215
  8.87366
 0.917896
  11.9068
  4.43934
  4.73637
  16.5408
  3.81441
  21.9409
  5.88909
  1.17144
  15.0054
  10.4219
  12.0765
  5.02842
   6.5747
  7.19403
  2.85797
  13.6078
  13.4633
  9.19919
  11.6606
  10.6548
  8.90747
  9.77985
  27.5433
  25.7906
  8.01346
  10.5171
  3.73396
  6.13091
  4.65578
  1.73916
  54.0238
  58.8727
  4.84271
 0.284598
  10.2296
  0.23062
 0.440439
   50.176
  57.0732
  12.3309
  36.4864
  29.6438
  12.0371
  4.03868
  10.7736
  17.8248
  6.78199
  10.7375
  34.9465
  15.4371
  23.6792
  27.6597
  7.77548
  11.2393
  8.61033
  2.34837
   3.6924
  31.7754
  30.5809
  19.8379
  1.43412
   17.977
  16.0663
     22.5
  14.6337
    23.99
  17.9001
  28.6935
  11.0764
  9.51729
  1.12078
  15.4785
  4.79462
  4.21887
  10.7768
  20.0875
  9.67154
  12.6814
  15.1093
 0.234434
  12.2637
  27.4754
  14.8939
  13.4574
  8.67276
  19.2627
  6.60612
  1.78575
  6.42014
  13.0013
  2.03802
  12.5225
  14.3316
   39.003
   27.355
  19.4918
  7.89249
  10.3348
  10.1371
  15.4216
  47.1418
  10.2957
  3.04976
  13.6646
  11.7311
  10.4306
  13.4163
  17.6813
  20.0995
  4.08484
  61.3735
   8.3495
  21.4906
  19.0546
   27.141
  2.45231
  32.9677
  23.8435
  1.34185
  52.4558
  43.5816
  9.32985
  27.9668
  12.1555
  28.0278
  17.6931
  52.2872
    29.77
  14.7674
  33.9943
  10.9482
  25.8161
  12.7419
    39.96
  14.3583
  27.8916
  22.8771
  26.4598
  26.2652
  32.2244
  12.3623
  27.5432
  25.0346
  59.9291
   4.8917
  9.42101
  5.62965
    9.074
  10.9159
  23.6403
   18.671
  14.3558
  14.5601
  9.75024
  25.6748
  10.8199
  24.8954
  18.1078
   11.508
  14.2676
  27.7328
  8.29795
  7.85496
  25.9986
  6.62031
  5.38298
  27.7718
  7.45674
  20.4124
  8.75889
   19.199
  27.4623
  4.07813
  23.9022
  8.26588
  4.78962
  1.75519
  8.25727
  11.7153
  15.2726
 0.432534
   8.2164
  5.94647
  14.2227
  30.1281
  13.8716
  4.81207
  29.5999
  11.0517
  40.4165
   27.117
  6.90063
  5.03369
  13.6176
  7.74569
  12.7357
  30.6833
  4.91553
  7.49711
  27.5645
  14.8681
  8.86608
  9.17693
  11.6469
  6.52095
  12.1095
  19.2421
  17.9888
  10.6407
  17.4337
   18.068
  33.3667
  8.62218
  8.85495
0.0440718
  21.6266
  10.8124
  5.32008
  2.98861
  6.93704
  58.8033
  21.0826
   5.7103
  7.32192
   14.062
  11.3086
  4.57964
  12.8675
   4.1156
  2.60954
   20.175
  16.4564
  10.9366
   21.627
  9.41249
  15.0323
  19.6391
  37.4924
  27.5326
   8.3531
  14.5636
  14.7713
  26.0875
  14.1426
  11.2734
  24.2962
   16.173
  20.2829
   35.156
  26.7603
  15.2823
  13.6703
  10.4116
  9.30753
  13.0329
  18.0573
  21.4129
  14.1718
   21.669
  26.7501
  20.0158
  7.78642
  8.90162
  7.32137
   3.7005
  12.4444
  19.9676
  9.79018
  13.9056
  15.0724
  21.8031
  6.82066
   8.4361
  7.51408
  7.10561
  21.1937
  14.7871
  13.5983
  27.7312
  24.7624
  29.0257
  25.9023
  12.1174
  13.8595
  9.66298
  8.91393
  4.62604
  9.82148
  27.4547
  34.7499
  33.8416
  1.92232
   4.2956
  26.6156
  4.28513
  15.2684
  6.64281
  10.3227
  29.4306
  13.5856
  5.87144
  37.4738
  26.0875
  10.3185
  32.3421
  28.4052
  25.9115
  17.7525
  38.6072
  8.80966
  9.20137
  29.0575
  23.3469
  40.0041
  24.9208
  41.8053
  27.9313
  8.01685
  12.7986
  12.7915
    4.305
  24.8363
  7.03306
  28.8115
   39.288
  20.2695
 0.075066
  1.46363
  6.00761
  9.35702
  1.09447
  21.7798
  20.7571
  11.7218
  13.5307
  1.28211
  1.71448
  23.5641
 0.332231
  1.18177
  31.4351
  1.59019
  5.26525
  13.4968
  27.7517
  2.40999
  18.2151
  17.0604
  30.4263
  7.67102
  18.0683
  9.98741
  15.4268
  64.0339
  31.5173
   32.354
  16.2528
  19.9592
  24.6689
  13.5397
  6.36113
  22.4164
  20.1308
  25.6142
  7.29094
  9.35251
  26.9847
  31.2164
  33.6233
  4.35496
  6.06662
  23.5265
  22.9256
  30.3538
   12.985
  1.27089
 0.847275
  12.0593
  6.21303
  21.0529
  5.02012
  4.98753
  7.09655
  21.7186
  64.2524
  24.5895
  18.3403
  30.3822
   4.1129
  1.54365
  9.07669
  6.29694
  7.76139
  50.5357
  24.8395
 0.680242
  20.7402
  5.42487
   29.512
  8.70566
  27.5436
  11.3585
   36.617
  3.53803
  20.9599
  30.3501
  32.2071
  2.17494
  8.32553
 0.433999
  32.6656
  30.4272
  4.72862
  1.34322
  23.4691
  8.66802
  1.16005
 0.511267
  6.93056
  12.7856
  13.1891
  10.5733
  11.1285
  7.19628
  10.1679
  1.68783
  6.02343
  18.4305
  10.6919
  17.6623
    22.77
  15.9908
   25.388
  10.8327
  7.76091
  7.70753
   14.518
  23.1302
  12.9448
   13.417
  17.7122
  2.80885
  17.7917
  1.46291
  4.70142
  24.2882
  1.99573
  14.4618
   12.955
  5.63074
  41.8706
 0.139692
  9.37186
  20.6321
   0.7764
  2.60757
  30.3673
  33.8219
  26.2716
  17.4793
  13.0988
  25.6425
  28.5069
  21.1422
  27.0121
  34.1664
  35.0725
  13.9081
  29.4046
  5.27223
  14.4796
  13.2916
  31.2925
  20.9878
  34.6454
  35.1477
  12.0127
  28.1191
  30.0128
  28.4781
  13.8708
  28.1132
  26.4356
  10.8184
  24.3305
  14.3238
  10.2603
  17.7592
  32.7488
  3.10146
  15.3519
 0.304244
  26.6095
  19.1388
  34.4725
  10.9994
   13.886
  23.1822
  2.74822
 0.956268
  7.11076
  8.87752
  27.8285
  17.5965
  31.9403
  26.1917
  29.6624
  19.6376
  31.0742
  18.9857
  15.0514
  16.4864
  20.5914
  33.6203
  14.2987
  6.00607
  21.1379
  29.7218
  34.4728
  31.5953
  20.3039
  9.78038
  1.74573
  32.4184
  3.71814
  9.88868
  7.91978
  24.8478
  24.8478
  9.83395
  4.75125
   8.2226
 0.364789
  6.03787
  1.63181
   27.475
  7.24943
  34.6484
  24.0479
  11.3442
  10.7017
  2.65049
  1.67212
  5.62329
  8.97659
  3.00511
  15.5378
  35.8323
  25.6538
  1.14602
  6.54926
  9.35237
  19.0103
  22.5799
  28.5321
  8.50497
  8.59176
  25.2064
   3.7675
   23.874
    38.65
  23.0291
  20.0716
  1.13729
 0.156501
  8.46761
  7.67438
  15.7289
  13.2055
  9.23186
  15.6929
  11.4818
  15.4772
  4.00374
  10.0774
 0.966434
  1.93742
  15.0458
  22.0851
  11.9162
  36.8111
  10.5107
  5.14949
  8.04322
  1.92737
  30.7603
    10.33
  29.0496
  13.9857
  4.47202
  45.1465
  45.0354
  12.1417
  22.1339
  26.2709
  9.86254
  8.55057
   20.536
  6.08671
   37.211
  33.6105
 0.882447
  31.0913
  26.3847
  4.74654
  61.3329
  59.9515
  24.4276
  4.50973
  23.6593
  26.5761
  12.9638
  20.7204
   6.1828
  8.39307
  25.4111
 0.239319
  13.5371
  56.6697
  42.3282
  17.8519
  34.6271
  7.37738
  33.2438
  11.5919
  23.8774
  10.8905
  31.0183
  3.89465
  8.07578
     9.86
  6.42014
  7.56178
  26.5522
  5.47142
  48.9638
  9.32979
  4.57581
  34.9277
  4.52951
  2.95664
  14.1448
  15.7066
  15.6946
   11.353
  7.21988
  19.5795
   11.353
  11.5253
  60.1775
  39.9969
  60.0175
  22.0223
  7.91102
  13.1222
 0.779716
  1.70911
  8.15292
  47.0185
    12.23
  4.11448
  19.7452
  4.04607
0.0740414
  56.3973
  4.66415
  47.6413
  9.19223
  30.8326
  3.08478
  45.3944
  51.6837
  34.6752
  30.7187
  40.9866
  36.1224
  39.9184
  35.2263
  34.8792
  30.3116
  57.2389
  7.97004
  58.1636
  42.6022
   38.388
  33.3621
  10.7829
  36.0463
  34.2836
  40.6734
  32.7197
  16.5656
  1.43393
  6.69828
  44.9916
  44.0359
  48.0324
  43.7266
  7.61039
  57.1676
  26.8499
  31.3607
  32.5961
   1.6937
   28.072
  23.4637
  21.6217
  21.6668
  31.9371
  25.9757
  26.9883
  55.2568
  24.6319
  62.7514
  46.9859
  23.3135
  9.97191
  29.6218
  30.0138
  43.5609
  54.4972
  37.6574
  24.8835
  37.2824
  38.1297
  28.2146
  41.6711
  28.5462
  44.9281
  6.94476
  25.3562
   36.027
  11.7326
  16.6205
  7.98754
  7.46631
  21.8871
  34.9697
  32.8318
  33.9643
  5.59549
  49.8646
   45.073
  3.09783
  7.50648
  30.0004
  11.4176
  16.6709
  2.46185
  19.3503
  23.7569
  41.6487
  11.0827
  0.11093
  30.6822
  14.2953
   3.3645
  46.5766
 0.958186
  22.2017
  21.3084
  10.3052
  23.7822
  6.26764
  47.3171
  9.18448
  23.0591
    14.83
  47.6094
  23.7513
  10.0538
  49.5966
  4.30906
 0.884167
  14.1967
  24.2849
   24.436
  1.37466
  55.0259
  7.66747
  18.6631
  25.5044
  30.9396
  20.8618
  8.66506
  46.7502
  7.79193
   18.909
  5.29252
  6.50758
  5.56738
  6.45884
  7.08237
  12.4677
  6.92832
  6.50758
   24.322