   17.9685
   26.3608
   7.55447
    3.9071
    5.0743
   1.19209
   11.5808
   6.76057
   10.2124
    12.205
   23.2272
   27.7525
   8.97435
   8.44965
   2.67097
   26.4454
   3.71329
    9.2668
   19.1121
   10.3663
   25.2978
   9.65024
   15.3485
   20.1767
   5.71552
   0.42896
   7.62035
  0.601086
   2.50228
   7.39375
   32.9333
   20.9907
   18.4388
   21.6332
  0.562503
   2.91542
   4.98502
   4.69442
   12.9537
   1.41446
   4.51091
   21.4057
   25.8372
   2.34845
   4.53432
   3.62066
   5.05706
   6.48129
   1.82766
   3.63477
   7.62953
    1.8953
   5.40878
   2.67885
   4.54619
   1.61495
   6.43962
   9.59304
   2.28683
   5.48055
   9.57599
   8.28315
    20.515
   15.2137
   12.2636
   12.1259
   7.96245
    11.381
   3.68894
   3.87983
   27.7951
   18.3555
   1.02719
   1.68672
   3.09184
   2.55491
    1.6708
   10.5267
   7.78544
   2.72816
   2.41317
   5.28858
   4.37694
   6.92712
   5.76307
    6.2224
   8.14744
   3.91434
   23.0318
   15.2636
   22.3975
    13.581
    2.8579
   7.81995
   19.2605
   11.9517
   9.62379
   26.9997
   5.59569
   4.93991
   9.00854
   6.06566
   13.1171
    21.454
   11.3596
   1.95128
     5.808
   6.00828
   2.83452
  0.317239
   7.67355
   1.15362
   14.7353
   12.7869
  0.910104
   8.75041
  0.107957
   7.46038
   11.7705
   3.87188
  0.400827
   2.19727
   9.11822
  0.744598
   2.71022
   2.54914
    21.176
   5.21836
   3.99381
   6.13217
  0.184532
    5.4371
   5.37023
   4.14517
    26.347
   19.3765
   22.9661
   12.3349
   28.9772
   10.0798
   6.02487
   16.4844
   19.1379
   1.15591
   15.8434
   14.4136
   19.5054
   17.4235
   4.34584
    6.8141
   27.7922
   14.5119
   18.7276
   19.9731
   8.53276
  0.964325
   0.85516
   7.89331
   1.49574
   1.94424
 0.0056239
   2.37369
   1.71323
   16.0482
   7.46804
   6.63375
   13.5776
   2.09653
    3.7286
    5.8892
   1.36565
   5.45009
   6.28462
   2.60348
   11.4392
    11.664
   31.3933
   7.06929
   1.44418
   3.66192
   10.8468
  0.228152
  0.742958
   6.54946
    3.3238
   6.61563
   13.4503
    12.355
   16.5173
   6.99535
   11.0044
     26.24
   20.9438
   12.7213
   23.8195
   21.4738
   14.4678
   9.30732
   7.74593
   3.57716
   14.5382
   3.27123
  0.489042
   12.5605
   26.5211
   5.98158
   6.70838
   23.1345
   29.7774
   7.73502
   4.30523
   10.0652
   10.0734
   18.9635
   3.89081
   7.56455
    29.216
   2.13021
   7.82494
  0.720028
   6.35859
  0.956503
   4.40529
   3.41808
   23.9557
   30.5913
   25.3573
  0.191642
   17.2089
   12.1592
   5.19033
   9.91825
   21.6493
   8.43545
   25.3416
   10.2128
   9.34559
   6.52019
   1.04896
   23.5254
   9.83704
   1.03693
  0.281946
   3.30816
   4.15095
    17.311
   6.57393
   17.0037
   6.85827
   6.00319
   7.30625
   4.59762
   11.3332
   22.0097
   1.19755
   15.9766
    12.028
   8.77407
   2.96629
   3.84744
   2.22053
   7.80463
   10.4975
   1.99839
   2.39242
   24.5447
   7.62652
   29.3982
   5.96119
   5.47706
    5.7511
   4.85375
   9.28811
   24.2044
   9.84699
   12.5565
   18.4336
   15.7988
   6.38852
    28.728
   11.1226
   4.96858
   12.4932
   12.4315
   29.1063
  0.381754
   11.1687
   19.1378
   8.32479
   3.79337
   4.15152
   11.6696
   11.8975
   3.20477
   5.52672
   8.56098
   20.6023
   18.4994
   7.07308
   4.05292
   1.76784
   3.34013
   2.14601
   1.82963
   8.93129
   24.9463
   13.6921
    5.8459
   27.3939
   27.9001
   24.0208
   9.82854
   2.25329
   10.4596
   1.09529
   1.58426
   27.6084
   10.4863
   1.98959
     1.974
   6.65303
   10.1574
   4.63781
   6.82276
   9.35269
   8.08793
   3.89761
   6.06244
   2.74068
  0.833134
   10.6487
   5.69068
   5.64424
   1.34767
   2.70641
   7.82575
   3.97085
   3.55154
    7.5824
   14.5579
   5.28165
   2.70474
    31.464
   3.52894
   2.57271
   8.15257
   1.22089
   6.75769
   2.55623
    9.7637
    4.3243
   2.13243
   4.74553
   10.3333
   19.7483
   8.42197
   10.9977
   16.5663
  0.436182
   10.6032
   6.97244
   4.95844
   28.6522
   6.35887
    3.7658
   7.74052
   4.02169
   13.1671
   31.8114
   16.4092
   5.62602
   4.69442
   4.79127
    14.266
   1.38422
   8.46022
   2.96621
   2.96592
   6.24451
   1.46825
   5.20266
   6.20616
   7.97044
 0.0329502
   11.3508
   12.0178
   1.31983
   6.05662
   14.1208
   11.3863
   5.61084
   23.0308
    26.691
   3.13291
  0.614554
   7.66457
  0.682323
    13.434
   2.28517
   32.5727
   1.89104
  0.375754
   7.74196
    5.6576
   15.5854
   5.67611
   12.6921
   2.58226
   4.00413
   7.31826
   10.1998
   3.42126
   1.00472
    3.5878
   7.50568
   4.63638
  0.236022
   2.17865
   30.5977
   2.52885
   13.9479
    2.0985
 0.0996738
   1.44818
   9.24916
   6.00157
    7.5168
   3.58443
   6.16714
   6.17372
   7.88952
  0.537973
   5.36571
    9.1631
   22.3064
   5.70178
   12.4065
   10.6429
    3.2547
   16.1019
   3.16715
   5.80025
   5.50444
   8.34282
   2.26221
   5.70033
  0.224099
   9.96718
    1.1701
    8.1126
    4.7649
   31.1146
   5.72797
   4.28879
   1.74867
   4.21833
    11.828
   16.7919
   10.4847
   13.8159
   7.54076
   4.04098
   30.6037
    1.7707
   2.61304
 0.0496486
  0.080652
   4.48507
   6.08247
   24.4508
   22.3875
   20.8299
  0.461643
   9.58975
   8.08539
   4.05441
   11.3259
   9.71062
   13.0224
   1.82532
   12.9994
   9.39014
   2.58096
    3.4388
   10.4996
   15.8428
   10.7959
  0.724353
    5.1924
   3.51049
   0.77732
   11.0028
   4.30691
   7.03373
   7.54515
   24.3517
   2.18516
   13.2717
   8.31509
   25.2143
   4.79576
   2.24569
   19.0761
   2.46192
   0.81903
   4.55582
   21.4984
   4.88774
   9.80671
   8.37835
   9.46581
   25.5958
   4.97956
   13.0136
   3.97554
    10.803
   4.95419
   5.93802
   4.76692
   9.68581
  0.838679
   1.95343
   7.47745
   5.89329
   11.7383
   3.22719
   18.4784
   24.6463
   7.20007
   5.29847
   26.8581
   34.1428
   17.1451
    3.4888
  0.345172
    6.2808
  0.492426
    11.298
   3.95346
   5.34299
   2.48211
   13.9522
   8.63241
   11.2241
   4.96408
   1.17505
   1.72688
   25.6303
   18.4189
  0.724964
   9.26682
   9.94332
   4.86646
    6.9314
   30.0678
   11.5474
   20.5912
   9.98662
   3.95025
   21.9903
   12.9761
   25.9524
   8.00254
    12.846
    5.4577
   4.86301
   4.08329
   2.87264
   5.17109
   14.1113
  0.535343
   15.4518
    2.8164
   7.54094
   8.20577
   13.9389
   7.79701
   5.78929
    3.9971
   12.9801
    4.3905
   5.44325
   7.20418
   4.03258
   1.62452
   3.45175
   3.28591
   5.43162
   8.80694
   5.46047
   11.1017
   8.17133
   2.44264
   1.97124
   12.8187
   6.11467
   8.29173
   18.0034
   6.09246
   2.54128
   2.60366
   3.10898
   18.1092
   3.45169
   9.53398
   13.3199
   9.88363
   4.95943
   4.17947
   15.7116
   13.1795
   4.57222
   8.73363
   8.37095
  0.448008
   16.9635
    4.3806
    18.786
   2.73683
   9.98987
   3.11794
   22.1087
   6.37814
   25.1332
   6.47317
   26.8521
   22.2545
   4.03665
   4.95072
   6.91042
   6.57479
   1.99904
   1.83959
    3.0839
   3.85569
   5.29076
   0.44389
    8.1908
   6.80691
   16.3426
   1.45214
   10.5063
   8.26575
   2.42867
   15.3415
  0.625869
   8.68212
   11.0856
   8.38086
   7.42814
   15.3896
   8.92107
   4.56601
  0.201493
   12.4305
   7.53723
   6.79875
   1.30573
    10.232
   4.86357
   8.73919
   10.0334
   4.52387
   8.04908
   15.5281
   11.3411
   2.48098
   12.0546
   1.55211
   6.46715
  0.930007
   13.5169
   5.35627
   8.57689
   21.1412
   27.9654
   2.11895
   0.33241
   2.04699
   35.0303
   2.43735
   12.2028
   15.5885
   27.2199
   10.7514
   9.93671
  0.626426
   3.04907
    6.4334
     4.083
   8.96565
  0.840774
   6.29602
    12.865
   14.6392
   12.1914
   4.43216
   1.03829
   6.12171
   27.6403
   6.09522
   10.3505
   4.04651
   8.14896
   11.2141
   26.3813
   16.2044
   3.73302
   5.38806
   4.72256
   4.25396
  0.194277
   10.3728
   5.07451
  0.640336
   27.4611
   10.5809
   27.4887
   3.07564
   13.5347
   4.88319
   32.8683
   1.17116
   13.9375
   15.2226
   1.87493
   19.8778
   7.00894
   33.8798
   20.4432
   4.67663
    9.3919
   32.0935
   3.27867
   20.2384
   1.40949
   26.7341
   12.4519
   30.6195
   14.0383
  0.267773
   1.30074
  0.243501
   9.64548
   1.13632
   7.36708
   12.6368
   7.03331
   29.0525
   7.68607
   29.0973
    10.643
   14.7387
   12.1974
   5.15097
   25.6919
   2.82657
   4.25985
   10.2689
   5.97415
   11.7947
   1.52998
   4.70605
   10.5578
   10.8254
   14.6178
    1.0508
   12.0408
   16.6204
   4.50599
   1.62144
   22.6451
   8.78246
   6.98548
   22.3556
   10.4797
   13.0771
  0.679055
    1.9911
   8.92938
   2.68964
   1.40325
   8.18726
   5.85461
   36.1166
   38.2124
   7.46727
   11.3078
   6.16935
   1.15366
   10.2115
   14.3307
   7.99356
   4.26292
   2.75914
   10.2818
   17.6573
   14.1981
   8.14563
   4.14557
   7.88504
   3.27228
    8.1245
   22.1752
   1.41187
   15.2939
  0.345084
   32.1604
   6.04172
 0.0326002
   18.2723
   15.4087
   26.1625
  0.186225
   2.84321
   36.2223
   4.14351
   13.1715
   28.1207
   1.60594
   3.05208
   13.5244
    1.2081
   30.0756
   5.66561
   24.8257
   9.14021
   13.5583
   13.9573
   1.68003
   32.6465
   6.58129
   8.65598
  0.292848
   33.9886
   28.0006
   36.2857
   21.4452
   16.9768
   3.55131
   3.00084
     4.762
   3.03486
   43.9321
   51.7563
   7.37968
   12.3446
   5.85139
   5.41172
   3.03078
   3.09215
    33.561
   22.9464
   3.05767
   2.56282
   4.47602
    15.498
   17.0747
   29.8472
   1.57589
   4.77836
   8.95017
    8.7694
   20.0496
    25.273
   16.4374
   1.45664
   10.4083
    3.2863
   4.38412
   2.15502
   27.5977
   16.4716
   12.4107
   11.9822
   12.5531
   12.5156
   15.2473
   5.57263
   20.6177
   3.32536
   23.1674
   1.80287
   18.9272
  0.540004
    9.3775
   28.2007
   5.97517
   2.17724
    4.4283
    1.7401
   2.20798
   12.2924
   1.49649
      1.11
   8.47923
   11.3351
   35.2604
 0.0493009
   3.03486
   33.9099
   7.69371
   3.54598
  0.164972
   2.41465
   6.63847
   13.2565
   24.2697
   21.7024
   27.2645
0.00510047
   10.3804
   16.8671
   21.5209
   4.42342
   8.67732
   7.14537
   20.4748
   13.5123
    10.898
   6.08083
   2.44988
   11.5393
   0.96287
   15.2241
    6.2313
   21.1953
   3.48129
   5.84996
   7.35172
   23.2871
    8.0288
   4.60289
    15.309
   1.88038
    3.5748
   1.37578
   1.83154
   1.76506
   13.6175
   2.58576
   17.3176
   29.0026
   25.6753
   21.4154
   38.2476
   3.22437
   14.5217
  0.331209
   13.7679
    14.543
   6.21766
   6.76195
   22.8542
    3.8742
   6.98802
   11.9272
   12.8988
   35.6753
   27.2418
   15.2148
   5.74552
   7.48271
   30.9198
   33.8858
   9.96354
 0.0577809
   2.71515
   16.4268
   11.9373
   21.5905
   38.6327
   14.4967
   20.7407
   40.5591
   31.5801
   1.88656
   7.34955
   5.08636
   9.17049
   8.16121
   13.3534
   9.53076
   44.0448
   35.1448
   8.15046
   13.4178
   38.2217
   21.4048
   6.71094
   4.71057
   19.7086
   29.8547
   7.23364
   7.20927
   27.4096
   4.80382
   5.38456
  0.851814
   8.60871
   2.35363
   4.43277
   6.03088
   48.0442
   18.9135
   12.7549
   28.1127
   11.2498
    40.662
   11.9301
   2.70786
   29.8728
   28.7944
   10.4036
   32.9145
   30.7442
   7.10094
   20.5983
   30.2411
   30.8788
   33.7911
    8.5665
   28.1093
   32.7403
   20.8428
   4.42388
   3.55065
   3.72563
   2.05384
   34.7809
   7.01008
   29.6102
   43.1775
   14.6341
   2.46075
   8.89102
   40.6988
   17.1895
  0.842223
   9.75631
   8.44356
   6.89873
   12.7892
   4.69414
    5.6577
   34.4795
   16.7844
   8.28249
   40.1644
   29.5246
   39.9549
   2.34253
   32.0414
   26.4256
   5.07339
   32.1253
   30.0847
   7.89247
   12.8979
   29.3538
   39.7434
     15.33
    16.506
   27.6852
   23.3038
   9.38631
   1.30624
   13.7571
   44.0653
   7.71088
    32.588
   43.2621
  0.778429
  0.344367
   28.0047
    21.081
   7.45283
   5.72706
   29.1151
   18.0215
   9.86951
   21.3846
   17.0462
   23.1062
   17.6327
   16.9699
   34.1114
   21.5552