  20.4529
  20.5919
  20.1052
  19.1208
  17.9414
  18.8856
  19.0479
  6.46719
 0.664341
  13.3189
   3.2022
  14.4001
  15.0521
  20.5542
  19.1771
  15.3631
  15.4896
  14.6724
  17.8305
  5.44103
  19.5609
  18.9862
  17.4828
  10.4323
 0.433153
  2.63497
  17.2594
  32.9938
  9.21305
  12.3609
  2.40239
  13.8215
  17.9823
  14.9157
  13.5593
  9.80207
  1.98091
  4.67388
   20.088
  17.5272
  14.5748
  16.0184
  14.3773
  13.6108
  20.4926
  20.8575
  27.2955
  7.42365
  4.36665
  4.51807
  13.0417
  17.7728
  20.0748
  17.3479
   1.2325
  6.61054
  1.00829
  2.78198
  0.17177
  9.81487
 0.879474
  21.8843
   15.326
  12.3043
  15.0824
  20.3531
  20.4763
  17.8958
  14.1125
  18.9555
 0.241199
  9.38446
  13.0882
  19.7947
  18.3373
  3.21987
  5.46974
  16.9481
  14.5722
  8.91517
  1.09688
  19.4114
  19.1111
   17.996
  19.0386
  8.26939
  2.46439
   6.1637
   3.2803
0.0293208
  13.1524
  5.56491
  9.78382
  5.96449
  5.23402
  4.00762
 0.354837
  7.34452
  6.64803
  8.95518
  3.16305
   12.844
  4.21219
  1.71089
  3.98225
  3.88097
  21.5494
   3.4662
  3.19044
  4.35627
  7.77235
  2.68802
  27.6898
  10.6844
   21.575
  26.8477
  3.16754
  2.07006
   2.9599
  24.7608
  6.08408
   4.1068
   10.194
  7.33061
  2.66007
  1.76534
 0.388147
  3.20093
  1.88335
  1.12908
  18.1659
  4.58489
  9.94812
   2.3397
  12.1752
  3.13024
  3.73692
  8.84713
  1.61443
  5.97998
  5.69918
  10.4706
  11.0149
 0.731656
  12.7453
  26.4085
  23.3712
   1.5938
  6.04433
   5.1399
  13.8822
  5.34327
  6.61222
  12.2533
  19.2022
  17.2392
  4.11585
  4.22988
  20.8451
  4.11704
  3.34033
   2.6661
  3.66087
 0.712583
  2.85793
  16.4038
  28.3647
  17.0167
  1.28962
  5.08032
  11.1048
  18.5306
  3.60702
   2.2959
  4.63364
  10.9441
  10.5887
  11.1054
  10.4049
  5.79176
  12.0618
  10.6688
  10.7812
  13.9551
  17.3876
  7.34918
  4.22533
  8.59083
   2.7429
  4.05854
  9.66354
  12.6601
   5.0853
  5.72263
  12.4909
  9.53246
  9.27255
  5.93269
  7.57965
  7.33144
   3.8688
  10.9909
  8.53219
  11.4005
  4.19936
  3.64056
  21.7914
  38.3008
   4.6105
  6.81561
  11.1994
  7.56064
  9.64186
  4.73733
  7.87959
  8.81508
  7.57831
  8.91635
  1.52506
  1.58464
  1.53844
  4.81257
  6.71137
  7.86751
  5.80136
  2.78672
  7.35598
  8.07069
  7.25494
  5.95413
  11.4642
  6.08391
  11.7298
  6.34355
  12.5533
  3.59582
  3.38867
  9.39589
  4.71928
  5.18194
  5.50975
  9.23666
  3.16523
  4.43049
  7.97873
  20.6592
  20.7208
  4.06946
  9.88525
  6.18289
  7.49871
  16.4251
  12.3166
  6.83381
  1.96349
  5.77453
  7.84048
  10.3786
  12.3263
  8.63183
  17.7172
  10.1878
  7.13156
  11.0081
  8.34237
  10.5179
  5.22598
  11.9357
  2.70821
  12.7415
  7.96973
  5.91836
  19.4766
  1.66168
  9.10851
  5.05115
  17.3776
  22.9551
  23.8369
  6.39581
  6.58252
  7.26999
  5.80798
  9.52779
  1.20932
  19.1806
  13.2252
  2.69755
  3.54336
  6.81264
  7.24721
   11.775
  11.0745
  3.09736
  17.2615
  2.92989
  27.1662
  1.64805
  10.8351
   10.092
 0.900218
  10.1398
  8.77423
  7.68853
  12.2127
  7.62425
  8.54347
  6.33127
  8.61565
  11.4042
  6.95476
  2.22486
  8.90841
 0.258094
  18.2135
  22.7406
  12.2326
   3.8266
  4.93257
  7.38504
 0.507965
   16.714
  5.74652
   16.878
 0.380449
  8.47849
  2.34291
  4.59699
  5.56977
  8.03843
  6.39636
  2.10406
  9.50017
  8.50311
  1.78823
   3.2251
 0.986684
   1.5459
  9.12712
  11.9925
  11.9798
  20.6091
   20.208
  20.7379
  14.2189
  9.10081
  8.93582
  9.42718
  11.0556
  2.05142
  12.9963
  5.59393
  10.4698
  5.44366
  3.10652
  3.12692
  7.50776
   10.504
  8.71462
  8.95623
  15.7425
  1.69146
    5.988
   5.1022
  8.73076
  7.73804
  23.1814
  0.85901
  8.23306
   5.7302
  11.4825
  16.5249
  9.44002
   21.789
  4.41483
  4.13433
  10.6551
  6.64542
  20.1621
  0.42935
  1.00821
  1.38168
  5.34286
  5.78358
  5.32853
  2.68407
  10.3763
  22.1995
  13.3398
  7.93916
  13.3042
  2.59855
  8.50487
  5.11029
  9.66515
  3.94407
  15.8405
  2.10407
 0.484524
  12.0393
  5.49795
  9.76456
  9.71292
  20.2471
  9.50844
  10.4827
  22.0337
  14.5219
  14.6846
  7.44045
   15.112
  14.3154
  9.02276
  17.7455
  7.15029
  20.7446
  15.8451
   9.7997
 0.842883
  4.01336
  4.78153
  2.96746
0.0421537
0.0314187
  19.8343
  8.36784
  4.40774
  1.75706
   4.5129
  3.34942
   6.5019
  3.64783
  9.00003
  11.7551
  4.74416
  9.90506
  1.55862
  14.9097
  6.83544
  12.4875
  3.78938
   4.3205
  3.19695
   7.6334
  7.52221
  12.2264
   19.598
  21.5838
  3.31215
  1.33704
 0.518408
  10.9307
  6.32576
  19.3377
  2.03069
  17.5826
   14.732
  6.19177
  8.03525
  6.24722
  11.2999
  15.3935
  12.4832
  3.76835
   9.6124
  1.25024
   2.2354
  15.6964
    17.55
 0.510233
  9.29216
  4.47846
  2.19276
   20.478
  6.01271
  4.46088
  2.55167
  22.2503
 0.914963
  1.15897
  3.86087
  5.35204
   4.8648
  11.2257
  6.92961
  7.36219
  26.1703
  9.87727
  1.75706
   7.5071
    9.642
  23.0682
  14.6253
  1.94441
  15.2598
  21.5064
  13.3443
   8.2485
  7.46295
  2.74947
  6.14934
  3.97294
  9.45045
  7.30132
  2.59245
  4.73169
  2.41314
  12.3597
  2.73504
  15.3098
  18.4011
  22.3635
  8.83856
  7.37329
  2.09013
  8.70305
  3.55576
  6.33203
  13.1741
  4.43077
  31.8479
  15.7696
  12.0685
  14.2615
   8.7985
  14.4532
 0.347736
  15.1624
  8.20574
  12.4671
  20.5117
  21.9991
  19.0499
  20.4819
  1.93397
  8.87749
  7.78488
  14.2964
  19.6214
  18.0948
  22.6113
  11.1885
   6.4257
  6.05594
  14.0581
  1.72553
  18.4415
  4.02293
  33.2992
  20.1866
  9.27255
  19.4104
   18.563
   20.837
   16.906
  4.50187
  6.18562
  8.91243
  5.44395
  18.6061
  8.92299
  17.5989
  18.4164
  0.79707
  5.24619
  13.4163
  11.1926
  5.04533
  10.4394
  2.10591
  5.14395
  21.2671
  8.47765
  4.11849
  7.20466
  10.1414
  5.77086
  13.1197
  11.6855
  16.6775
  2.73015
  5.50378
  4.54223
  15.2263
   12.514
   6.0948
  14.3743
  6.86117
  6.91814
  1.49628
   7.0859
  9.19546
  1.51496
  4.59217
  6.95725
  15.7229
  15.5159
  21.1517
  20.8897
  16.4383
  12.3451
   5.7053
  2.19382
  21.7447
   17.571
  6.07061
  14.4268
  11.5365
  18.5505
  29.1531
  5.78456
  4.85123
  2.47208
  5.51035
  3.97862
  16.9013
  25.9739
  9.50618
  7.88484
  7.28634
  12.0028
  21.8344
  2.47191
  18.7778
  6.71864
  7.40895
  18.2438
   2.3535
  8.66538
  6.48756
 0.518831
  7.11783
   4.7212
  22.0057
  18.6884
  19.6907
  4.52304
  14.5882
  14.0564
  13.8788
  8.23269
  28.7184
  9.71483
  7.00958
  2.09219
  20.6333
  17.4786
  7.35553
   25.617
     5.68
   2.1636
  14.3961
  7.66991
  14.4296
  19.6201
  8.45482
  4.43816
  30.9132
   6.4585
   4.9263
  4.41728
  11.3547
  9.70269
 0.756263
  2.61619
  32.7618
  17.1412
  25.0722
  6.06389
  19.0401
  4.55289
  22.2497
  7.02592
  2.36839
  6.39665
  22.4699
  12.4718
  3.93173
  6.82485
  1.08792
  17.9745
 0.547902
  28.7478
  25.5202
  22.9636
  5.21632
  4.56472
  27.4829
  28.5934
  21.1927
  24.2121
  5.92375
  9.42734
  2.63891
  14.1285
  7.18511
   22.559
  13.4055
   12.604
  13.7496
  12.9697
  4.74141
  13.8295
   4.1078
  16.9491
   13.256
  2.52297
  9.44037
   7.4743
   6.7014
  23.3812
  6.82471
 0.018888
  6.87537
  9.13704
  21.1059
0.0562664
  4.18387
   8.0883
  23.0069
  12.1827
  8.10806
  17.9916
  27.1037
  17.1876
   2.0684
  19.2101
  5.89543
  18.8999
  6.88639
  4.40606
  12.7959
  9.47849
  15.3908
  2.31016
  1.27913
 0.617014
 0.484601
  4.92887
  20.1964
   8.4438
  5.58878
  9.10735
   10.148
  17.2566
   22.027
  11.7607
  4.68583
  8.86852
  6.05513
  8.18281
  6.59999
  1.23542
  2.97994
  7.40186
  16.2672
  3.81001
0.0475937
   15.006
 0.961582
  21.7199
  21.9124
  4.12832
   4.9832
  8.62885
  10.3708
  11.1427
  7.98674
  13.4651
  9.22636
  13.3318
  16.8799
  18.8101
  12.2909
  7.05584
  4.16696
  10.3117
  1.61066
  2.02406
  4.61437
  5.45807
    5.013
  15.8895
  4.07479
  1.74049
  2.58308
    13.38
  20.8979
  18.6913
  7.92554
  8.03242
  19.3266
  2.45359
  9.75917
  9.19147
  15.2422
  6.13724
  2.01487
  15.4199
  23.3333
  24.5556
  2.50363
  8.79557
  8.53402
  8.76993
  1.95064
  3.89705
  15.2227
  6.35769
  12.6984
  3.32023
  6.74443
   3.4381
  3.98019
  10.6877
   18.818
  1.11224
  6.52904
  4.79914
  6.50802
  9.25494
  2.13415
  20.8069
  12.2416
  6.68112
  2.18147
  9.46926
  9.91049
  6.79596
  5.90865
  6.37476
  20.9455
  2.20369
  10.9059
  6.88307
  7.96793
  0.21718
  33.8727
  9.45899
  6.54997
  40.1477
  22.5545
  22.9686
  18.7725
  31.2373
  19.6506
  18.8036
  4.18315
  8.86242
  20.7044
  10.9313
  2.03237
   22.028
  39.7396
  35.1597
  22.1098
  20.8259
  2.08868
  8.24564
  7.52257
  34.9742
  24.4801
  19.2987
  2.33573
    3.637
  4.16909
  41.7019
  5.79933
  6.51652
 0.995371
  7.11071
  30.7933
  14.9897
  2.03196
  3.60823
  39.1197
  3.96623
  14.1257
  8.29194
  4.33794
  16.0559
  29.7493
  5.80507
  3.04722
  6.19581
  9.95879
  30.3271
  3.99479
  4.92887
  12.8801
  8.33432
  4.52397
    7.938
  38.1705
  4.86347
  5.82744
  7.19431
  20.3701
  19.7699
   38.703
  17.0392
   37.679
  38.8223
  20.9952
   8.2086
  1.55911
  6.65801