   3.11044
   6.04962
   9.16585
   14.6647
    10.053
   13.7348
 0.0952092
   10.7008
   2.69431
  0.541991
   13.3357
    10.948
   43.8533
   38.8914
   14.4172
   13.9974
   10.7974
   14.9101
   14.0219
   18.2741
   11.1854
   14.8535
   12.3612
   3.80653
   18.9677
   22.7338
   24.6647
    24.622
    28.542
   1.21644
   14.3376
   9.61585
   2.60627
   13.4526
   9.99753
  0.996621
   5.15087
   6.38386
   5.86539
   7.38028
   4.95842
   3.37076
   2.77036
   5.41709
    7.3346
   15.7626
   45.8711
   45.5872
   45.4316
   50.9712
   35.1002
   7.51796
   13.3207
    3.4109
   11.2471
   11.7358
   5.94525
   12.5404
   26.6002
   26.8522
   30.7036
   5.51227
   7.14693
   14.7755
   1.15421
   10.6993
    1.3431
  0.619437
   9.57265
   7.45362
   8.17686
   8.68543
   2.22453
   1.09722
 0.0367164
   18.2209
    2.6862
   23.7927
   23.1053
   28.2162
   28.1499
   27.7328
   19.2777
   20.1478
   2.35384
   10.6046
   16.4435
    9.5548
   13.8036
   14.8538
    18.285
   14.5914
   11.1748
   8.86712
   4.77839
   12.5013
   13.1871
   31.4584
   25.0358
   20.4176
   21.8302
   28.3798
   30.4769
   10.1764
   5.92265
   7.92182
 0.0206172
   4.81014
   8.11647
   7.93866
   9.94835
   7.31829
   3.48405
   9.10349
   0.21841
  0.652507
   1.03852
   4.09693
   4.23589
    17.902
   3.98473
   8.05425
   9.38952
   3.16799
   13.6837
   5.42989
   22.2598
   23.8174
   13.7147
   15.8752
   14.3257
   18.2674
   4.73969
   17.5306
   7.72079
   15.3905
    7.0037
  0.112585
   1.81372
   30.1432
   23.8922
  0.503393
   14.0341
   13.1939
   10.6638
   10.2824
   15.7711
   6.01139
   2.57773
   1.37955
   6.10714
   9.68521
    9.9739
  0.514525
   9.44907
   9.33503
   11.8337
   12.0921
   26.3528
   23.9828
   45.0487
    45.504
   6.86537
  0.298704
   25.2872
   8.89968
   4.90111
   23.6728
   14.4221
   16.3886
   8.29811
   16.0896
   32.7814
   43.7499
   16.3221
   4.71333
   10.6651
   18.2416
   10.6383
   21.7578
   27.5492
   29.9313
   21.8098
   24.4379
   8.74423
   11.7363
   23.6651
   22.5824
   12.0752
   12.7687
   16.7703
    9.8253
   15.6061
   9.73066
    14.032
   3.81742
   1.64118
   7.05552
   3.68226
   9.75074
   5.60678
    7.4405
   9.36265
   6.25384
 0.0758346
    9.1747
   3.91057
   7.15178
   5.21601
   1.44145
   45.5092
   45.5373
   5.15671
   38.7803
   8.74983
   12.8058
   6.89403
   17.1599
   30.9417
   26.7124
   5.56529
   3.05312
   9.22221
   7.06782
   2.98145
    5.1266
   12.3386
   2.50344
   11.7426
   12.2066
   3.84664
   4.06321
     6.709
  0.572649
  0.878116
    26.862
   29.7467
    30.484
   15.1064
   2.57501
   17.7688
   16.2078
   16.5768
   15.6432
   4.26324
   15.0082
   11.8154
   16.1133
   17.6064
   20.2698
   17.1847
   40.7345
   20.7946
   24.3507
   31.6733
   9.16381
   16.8482
   3.37156
   6.07815
   2.49764
   10.8893
   9.07206
  0.786979
   8.14468
   5.53991
   7.00667
   6.61093
   12.2132
   11.3534
   10.2434
   9.64209
   2.25451
   17.8726
   21.8508
   17.2077
   14.9795
   12.7443
   16.1323
   41.1884
   11.7022
   10.2133
   10.5537
   11.9268
   5.92029
   11.9836
   22.3386
   11.4724
   19.3033
   21.6265
   2.28015
   2.91451
   2.84185
   2.03536
   2.12342
   34.6515
   33.3308
    25.796
    15.413
  0.180654
   14.1068
   8.09827
  0.433763
   13.9682
    5.0608
  0.304764
  0.578669
   32.9552
   9.68521
    12.861
   2.94237
   9.36265
   15.3508
  0.634487
   7.64859
   5.17651
   26.0458
   35.5903
   45.5084
   49.3571
    7.3652
   9.89216
   4.49038
   18.1518
   6.46687
   8.46689
   9.58978
   40.5857
   24.7479
   7.23551
   12.9488
   35.3058
   16.2785
   18.0024
   9.03408
   15.6901
   5.81911
   17.2151
   7.29867
   3.86476
   3.77969
   19.5505
   41.7069
   14.5232
   19.6478
   8.43488
     14.19
   3.58628
   13.5374
   9.95052
   11.6379
    16.564
   15.3032
   8.74149
   17.5467
    1.5242
   14.8366
   2.66823
   2.71919
   1.86307
   8.87458
   9.78576
    2.5142
   12.5101
   12.7145
   14.0176
   12.4351
   13.3695
   12.5274
   15.3191
   17.5098
   2.91704
   14.8009
   2.78075
   16.8499
   7.32697
   6.60379
   10.3728
  0.917856
   5.73522
    1.6823
   8.15265
   3.17329
   7.09212
   2.38648
   6.95687
   0.19917
   7.44739
   5.10435
   5.22403
   6.66383
   31.1094
     21.28
   32.1456
   18.5066
   10.2469
   14.3478
   14.6784
   12.1584
  0.848513
   21.1046
   24.8085
   16.6037
   21.0147
   4.65329
   8.03464
   9.36927
   14.2899
   14.0788
   11.1431
   14.7854
   9.22945
   9.52421
    3.4811
   8.94116
   12.6805
   13.2979
   5.35112
    3.8999
   7.21906
   10.5471
   12.6866
   5.10239
   9.93181
   6.76556
   31.2573
   40.8756
   50.4027
    4.8798
   15.7859
   5.56245
   17.1786
    7.0583
    7.3652
     6.293
   32.2584
    25.069
   7.49385
   12.5782
   31.7814
   4.42693
   1.80285
   28.4519
   37.8908
   43.1443
   18.5278
   17.8855
0.00691739
   8.82881
   25.1075
   26.5149
   25.0021
   26.0625
   8.34888
  0.395171
   7.77039
   8.03125
  0.243938
   11.5568
   9.22237
   2.85139
   3.66363
   1.96441
   1.39361
   32.0443
   20.0337
   13.0615
   10.8959
   18.2984
   20.4992
   14.9096
   2.50051
   3.03768
   2.17325
   12.1307
   8.74525
   5.79494
   12.5566
   9.87061
   10.4856
   4.07915
   12.1573
   9.43313
   3.02276
   5.36648
   11.5886
   23.0549
   25.1887
   14.3782
   4.49736
   6.50601
   7.12838
   1.81587
   2.68203
   33.5954
   17.4947
    2.4783
   4.57208
   10.5678
   7.85346
   6.71362
    16.222
    17.237
   10.1357
   13.4889
     44.79
   44.7751
   9.08704
   8.74219
   3.10099
   11.1231
   13.8801
   42.5118
   34.5642
   7.16466
   21.3333
   31.5459
   11.7938
   7.03448
   4.05955
   17.1538
 0.0457734
   34.1532
   12.4802
   29.8241
   17.3654
   31.1983
   3.85272
   9.97613
   8.09759
  0.742576
   2.67401
   30.3864
   32.0516
   11.1634
   19.4287
   13.6964
   3.94809
   2.29973
   10.6228
   30.8442
   36.0472
   29.7557
   23.3168
   25.8964
   17.1817
   10.2062
   10.0053
   16.7847
   4.53701
   6.06479
   11.1776
   25.5975
   37.2793
    3.0658
   27.4876
   24.2915
   24.4899
   30.0609
   18.6144
   6.68421
   2.74509
   21.1228
   1.45694
   24.3355
   18.6552
   8.87199
   7.07735
   5.00084
   6.43987
   10.2196
   3.27241
   3.68734
   22.3178
   1.76741
   22.0112
   34.8462
   19.5692
   26.3814
   9.64606
   23.6083
    12.106
   14.9926
   22.5494
   20.6037
   12.7475
    3.2036
   2.88901
   12.7347
   35.1059
   25.2012
   19.9811
   15.4705
   38.9513
   14.2831
   10.7795
   2.31533
   10.9913
   12.2596
   18.9583
   38.9975
   26.3848
   26.1611
   38.1152
   23.5303
   38.6593
    22.669
   21.7374
   24.4746
   23.7298
   31.3105
   22.2487
   5.95277
  0.229678
    7.9595
   8.78316
   3.24452
   22.6426
   19.7425
   22.4101
  0.363709
    1.3593
   21.8622
   17.8309
   41.7558
   16.9391
   10.9942
   15.5293
   33.9209
   23.7472
   28.6135
   1.91796
   18.7903
   5.98883
   5.57928
    27.232
   20.1391
   2.74759
    1.1791
   19.6681
   15.4684
   6.45025
   2.53993
   10.5353
   10.9637
   13.8946
     37.82
   22.6331
   18.5998
   19.9066
    18.439
   45.6739
   19.7219
   17.1707
   20.8929
   24.1795
    11.483
  0.142233
   16.1905
   28.8848
   24.3376
   21.7016
   26.8852
   24.3356
    42.931
   16.5773
   28.6173
   3.41458
   4.27664
    27.472
   33.3256
   35.4551
   26.2829
   28.1196
    20.698
   11.0104
   26.7893
    14.533
   14.9461
   20.7143
   7.52362
   13.5387
   15.6688
   5.74306
   4.85293
   16.7587
   15.1132
   6.37553
     17.97
   12.5409
   14.8791
   10.8619
   4.93014
   14.5149
   11.1609
   9.20069
   9.84327
   6.92747
   9.70336
   17.7768
   11.0175
   14.1857
   24.8299
   21.9458
   21.6748
   14.7116
   15.3956
   16.7588
   21.6815
   11.1377
   24.4431
    27.697
   9.49275
    26.493
   1.07846
    4.5689
    5.9431
   30.8588
   6.51796
   10.7358
   16.0274
   12.5324
  0.765351
   14.3126
   17.5897
   14.5126
   11.1363
   23.4966
   6.36503
   12.4225
    15.113
   6.35789
   16.9164
   40.7131
   27.2257
   13.0511
   19.2777
   22.2076
   21.5073
   2.34819
   18.7139
   13.7967
   17.1528
   13.6497
   11.6195
   18.8466
   22.8435
   13.3799
   4.65252
   19.9965
   19.6412
   24.8299
   33.3193
   3.32372
   27.3574
   14.6581
  0.369317
   4.99738
    10.089
    8.7072
   23.7129
   15.1037
   13.0698
   8.41384
   20.9608
    8.1637
    4.9071
   2.65743
   10.7054
   11.7547
   13.2084
   42.8694
   39.7854
   19.8113
   9.47719
 0.0055879
   39.9423
   31.0736
   4.92967
   11.1372
   17.2525
   23.5395
   7.64516
   19.0212
   16.6941
   14.3805
    12.281
   17.2169
   12.6539
   21.0344
   12.0421
   5.78154
   16.5623
   4.75628
   29.7105
   21.2212
   18.1638
     3.703
   32.5922
   31.3863
   10.5406
    11.326
   2.49391
   39.1623
   19.3754
0.00656135
   11.3559
   21.0112
   18.1205
   23.4353
   22.7872
   46.6793
   5.12258
   12.2122
   6.48308
   13.6302
   4.61959
   1.60859
   2.76361
   18.0897
   11.4472
   15.8469
   18.5339
   23.5864
   23.7962
   9.59968
   22.0139
   21.4803
   19.6686
   8.23771
   15.8032
    11.824
   23.5973
   3.76982
   20.6408
   12.3055
   20.9903
   15.2505
     10.88
   21.7525
   14.7605
   20.2829
    24.312
   27.7891
   2.94267
   22.0046
   1.08874
   2.39819
   6.23114
   21.3117
    6.6719
   13.7497
   16.2079
   11.3934
   14.4955
   14.3295
   20.2319
   25.5914
   20.3627
   23.0327
   20.3673
    6.0809
    10.994
   8.41663
   17.5277
   18.1135
   11.8838
   16.2334
   17.7995
   15.7052
   14.6764
   5.93729
   18.3207
  0.735514
   37.1808
   30.2897
   25.4588
   8.41891
   39.1399
   40.0012
   43.4586
   17.1161
   12.7387
   18.9513
   14.0941
   12.0726
   4.06262
   19.6824
   15.2058
   22.1638
   32.0221
   3.31714
   35.8911
   29.1985
   29.4244
   17.1257
   11.8408
     5.013
   28.5196
   30.2583
   30.6746
   29.6389
   31.3158
   3.39999
   8.79844
   33.1885
   12.4763
   19.7806
   9.75782
   19.4507
   17.4182
   12.6906
   34.0479
   15.3918
   37.7165
    9.1692
   14.2321
   17.0798
   22.7298
   33.1011
   24.1483
   22.8683
   6.10563
   18.2183
   20.2083
   23.9726
   22.1696
   2.67866
   20.9952
    16.383
   17.2624
   18.1866
   25.4127
   22.3451
    13.366
   10.7376
    23.675
    14.406
    13.064
   36.2866
   21.3445
   18.7577
   4.47423
   28.8441
   4.85304
   21.4009
   25.9386
   16.8113
   26.5734
    34.371
   19.9713
   9.71617
   15.5353
   11.7775
   2.74953
   30.8218
   29.0533
   26.0143
   3.45615
   18.2468
   1.67952
   21.6696
   7.22282
   21.0302
   22.0353
    39.411
   30.7626
   31.9454
   18.9738
   11.3937
    15.025
   29.9579
   6.07072
   8.73367
   2.85153
    10.004
    13.856
   17.0565
   21.1959
   15.1508
   32.9971
   17.8966
   32.7659
   14.4169
   21.8815
   13.7233
   13.7404
   9.09116
   13.3812
   15.5255
   2.13217
   31.2208
   19.2804
   2.81354
   20.7967
   31.1007
   29.1026
    23.441
   13.5492
   32.6855
   1.26199
   14.5989
   4.32479
   35.5153
   12.5487
   13.8996
   0.77167
   2.40407
   4.93753
   6.37197
   14.3072
   45.5778
   27.1998
   15.0568
   2.81317
   23.2942
  0.703794
   2.13983
   32.1277
   15.7209
   16.5413
   21.8353
   42.2303
     9.043
   1.37496
   11.9753
    11.466
   9.54981
   5.08241
   3.25787
   43.2558
   31.3139
   11.9559
   15.8755
    38.732
    13.297
   27.5672
   32.8289
  0.143919
   15.0802
   31.7795
   31.5405
   19.9388
    14.547
   32.2351
   30.7895
    16.267
   12.1563
   3.42828
   44.3925
   32.1636
   5.48855
   19.4913
   45.4316
  0.899492
   30.0152
    16.139
   8.13332
   46.8295
   18.0641
   21.4794
    21.683
   20.0363
   3.08255
   18.8212
   1.52817
    12.418
   3.59384
    37.988
   25.5563
   2.64412
   11.8038
   1.60623
   27.3305
   32.8832
   36.7665
   40.1213
   2.11056
   18.6261
   33.5345
   1.56292
   21.5433
   18.2939
   12.4441
   16.7818
   13.7711
   13.2439
   8.14092
   7.35101
   11.0859
   39.3465
   1.94386
   12.4707
   24.4042
    43.792
   21.0833
    13.966
   34.5402
   12.6412
   10.4719
   3.13317
   5.08452
   45.8984
   2.31087
  0.219691
   17.6855
   50.9971
   10.5343
   39.3444
   20.9906
   2.58722
   43.5602
   36.3257
   16.9575
   11.7767
   29.8996
   41.7113
   14.9744
   18.0294
   29.1571
   22.0887
   19.3032
   38.5415
   37.6894
    9.5548
   29.3451
   31.1612
   34.7161
   18.9254
    11.825
   7.86285
   5.79773
   11.6125
   1.20478
   20.3717
   39.0251
   17.3626
   2.07803
  0.374479
   45.7195
   6.66881
    40.857
   11.3828
   17.9607
   10.2437
     6.135
   52.3004
   31.4867
   28.2457
   38.1833
   17.3762
   7.70494
   17.7065
   16.4627
   32.9596
   25.3242
    37.776
   9.72821
   3.80535
    30.769
   35.3251
   41.7983
     42.35
    9.0269
   3.95128
   31.9993
   36.0666
    41.329
   38.1461
   1.45841
   3.24098
   13.2933
   17.8197
  0.131394
    7.0714
   32.4965
   30.2642
   6.29788
   9.60219
     13.58
   33.0492
   26.7085
   15.5662
   9.61488
   2.15613
   15.9099
   2.73691
   5.80056
   9.12815
   10.8481
   17.0727
   18.7819
   37.5094
   10.6352
   18.1642
   36.8113
   16.4657
   7.70494
   9.92614
   5.02569
   10.0356
   10.1477
   17.3245
   20.0874
   18.7067
   1.56736
   28.9484
   41.7474
    39.725
   17.9325
   6.93389
   32.1064
   7.45833
   37.3011
   47.3897
   19.8124
   3.57564
   9.49662
   16.9958
   29.8049
   31.2307
   5.58553
   7.62726
   18.7652
   11.4479
   9.51907
   19.3519
    16.198
   9.57168
   8.44616
   20.4144
   20.4208
   9.27054
   9.93076
   5.46758
   11.6498
   6.86705
   4.77913
   7.53257
    13.589
   13.8287
   9.80815
   8.28011
   6.33928
   6.39155
   29.6802
    38.213
   9.33412
   11.9887
    15.217
   3.47437
   13.2111
   12.2801
   9.99229
   11.9907
   17.1724
    15.688
   5.92426
   32.0177
   11.5852
   4.32337
   27.9163
   14.7411
   18.4214
   30.5089
   3.85404
   10.3796
   1.46108
   39.0509
  0.076916
   26.4509
  0.253446
   14.3003
   23.6511
   17.7207
   1.88588
   11.2634
   23.0745
   7.58016
   11.6214