  12.0333
  5.96918
 0.772785
   7.6133
  7.04523
  11.6842
  15.0573
  3.16173
  11.2433
  7.04108
  7.86684
  6.79775
  9.43746
 0.729776
  1.66746
  5.74237
  3.61889
  9.98266
  13.2807
   14.921
  26.0522
  31.8031
  36.9036
  41.0963
  5.05388
   1.6601
  1.02049
  5.79395
  4.26195
  14.5628
  18.5316
  27.0816
  38.8058
  41.9142
  28.2122
  24.4401
  7.31735
   21.933
  22.9931
  1.21581
  10.0505
  9.53173
  13.2083
   9.9854
  4.00207
  8.59489
 0.404514
  4.13179
  2.51514
  8.42059
    17.17
  26.3975
  1.95597
  5.83375
  1.56949
  4.58713
  1.28234
  1.94912
  7.81508
  4.37308
  6.67244
  13.6435
  41.3311
   36.678
   33.678
  8.63141
  9.35474
  11.1619
  18.9015
  5.47183
  31.0787
  25.1725
  11.8565
  1.73613
  22.0681
  11.1459
  12.3715
  4.31623
  2.09834
  8.83472
 0.877141
  15.6887
  23.4771
  2.72184
  5.04691
  1.58284
 0.823244
  2.01351
  4.51594
  16.6727
  13.9995
  7.84367
  6.70153
  10.2127
  40.2064
  33.4531
  5.56538
  11.5316
  4.72435
  5.76452
  4.67059
  2.60952
  34.2619
  41.9101
  19.6781
   9.8907
  1.60979
  16.0002
  9.37175
  2.05718
  5.22187
  2.02951
  17.7553
  20.7329
  1.60789
  6.70293
  6.53827
  1.65691
  3.16496
  14.2235
  26.4126
  8.17815
  1.48087
  13.4377
  26.0797
 0.770656
  18.2879
  5.39889
 0.657106
  20.6979
   4.1264
  15.7484
  4.43492
 0.327513
  17.2807
  38.5484
  24.4081
  33.7144
  28.7645
  1.49988
  1.00356
  10.5815
  12.7143
   2.2723
  3.91825
  18.0493
  40.2551
  19.2054
  4.96702
 0.440794
  12.1194
  3.34631
  16.2567
  14.9962
  1.17589
  4.36575
   10.488
 0.803374
  6.74726
  8.47064
  3.62709
  3.86191
  3.04649
  2.79607
  8.87574
  5.56548
  18.5659
  1.05181
  7.90713
  4.30525
  1.89075
  21.5117
  18.3386
  13.8927
  19.6026
  5.13673
   30.876
  6.05997
  2.26258
  4.89579
 0.688156
  2.67961
   3.6842
  4.86245
 0.393484
  7.10458
  35.2892
  33.7394
  37.9667
  11.3268
  8.07311
  6.80421
  5.55496
  8.58027
  1.40376
  4.01325
  35.4007
  12.8195
  1.30123
  1.66818
  18.3244
  13.7099
 0.974801
  18.8591
  14.5787
  4.63973
  13.5387
  9.82607
  15.8432
  3.69217
  0.48123
  1.55169
  4.92871
 0.150112
  11.6203
  6.89153
  14.0808
  9.60232
  2.37848
  24.7706
  4.04381
  4.15622
  1.17727
  7.18391
  25.1206
  29.9061
  8.22666
  3.00535
   11.851
  8.58412
   6.1482
  31.9892
  41.9924
  18.7104
  11.1151
  10.6917
   3.5457
 0.544736
  2.42302
  13.5722
  13.7566
  24.5474
  23.8107
   1.9236
  1.83899
  11.2023
  8.78849
  1.09024
 0.967036
   15.954
  6.22697
   9.4241
  19.1966
  10.7632
   11.187
  1.49429
  20.6908
  23.1011
  19.1413
   20.748
  5.06383
  25.5453
 0.955834
  18.6499
  7.22943
  11.5123
  23.0753
  7.89249
  19.1018
  1.01705
  9.10674
  5.95483
   20.505
 0.252257
  6.63552
  9.72433
  11.6695
  11.8462
   9.1994
  7.24295
  4.00401
  24.4397
  21.3691
  28.1343
  18.5638
  19.4706
  12.2595
  21.6854
  14.5895
  23.1688
  1.16337
  19.1651
  21.3433
  15.4091
  26.6761
 0.285788
  20.8473
  2.36823
  8.14064
  18.7533
   12.759
  14.3482
  27.0274
  24.4644
  14.4409
  17.9334
  10.8842
  20.9082
  13.8026
  22.5258
  2.16621
 0.486542
  15.5312
  6.60292
  20.3689
  22.7526
  18.1208
   28.725
  26.9276
  6.63652
  18.7173
  1.07278
  24.6854
  20.8518
  22.7851
  24.9154
  6.87036
  5.37004
  21.5545
  1.10265
  10.0829
  16.8066
  6.15948
  1.91591
  23.3638
  9.14751
  5.99369
  1.75888
  19.6707
  23.5254
  1.34994
  20.7272
  16.2674
  30.5824
  24.1433
  20.5113
  2.02896
  16.0557
  8.22875
  11.9709
  4.58575
  16.8199
  14.2956
  20.1206
  1.83926
  19.6272
  24.1072
   26.635
  8.28751
  21.4905
  25.2416
  21.8154
  19.0976
  17.8387
  21.0698
  9.57422
  10.0673
  19.5004
  26.8173
  15.3099
   15.303
  8.19845
  6.97386
  1.53719
  18.2119
  23.5089
  17.3592
  4.41437
  4.41415
   27.819
  1.52406
 0.860048
  1.72553
  4.54264
  1.72709
  20.2657
 0.404709
   21.751
  6.71709
  17.5991
  14.5276
  11.3869
  13.6042
  13.7477
  6.72406
  2.71677
  3.47691
  22.5016
  14.2897
  22.9324
  33.4127
  1.04707
  3.81558
  4.95347
  7.13684
  24.3748
  12.6934
  15.0478
  12.8659
     22.3
  10.3176
 0.702757
  17.6168
  24.6235
  19.4529
 0.751241
  12.7232
 0.250576
  22.5327
  29.9024
  5.88964
 0.250239
  10.7005
 0.526111
  13.3674
  3.85883
  2.53451
  6.70743
  2.48312
  8.46396
  4.64003
  1.03347
    6.255
 0.107659
  12.8584
  11.8584
  20.2315
  10.1096
  7.69479
  22.6484
  15.1492
  9.76408
  1.82227
  5.02744
  10.2022
  24.4481
 0.276283
  3.44052
  3.54464
  12.6896
  7.29938
  3.38836
  30.6391
  2.64667
  1.22501
  28.1889
  4.26132
  17.7748
  11.5815
 0.084457
 0.546686
 0.249539
  1.49091
  15.3002
  1.64875
  10.1838
  16.9154
  7.79627
 0.577061
  3.75775
  15.0705
  1.07892
  20.8074
  8.24503
  23.2229
  10.1253
    11.32
  3.31812
 0.130266
 0.356173
  24.6017
  27.6834
 0.168213
  12.6708
  17.4252
  15.4743
 0.317891
 0.692992
   3.6314
  8.57072
  4.27554
  3.27668
  23.8794
  19.9977
  13.9403
  3.53217
   12.598
  5.23683
  12.8053
  0.88173
  23.1051
  18.0754
  2.84209
  5.24362
  8.43157
   1.6311
  5.23412
  7.19523
  13.1355
  15.9036
  1.64428
  1.89351
  8.41669
  19.9251
  25.6015
  4.15084
  22.9918
 0.815973
   11.376
  16.4916
   9.1708
  10.3769
  2.35616
  2.64445
  1.67733
  25.0421
  16.9708
  4.88484
   30.708
  3.01437
  17.3245
  10.4544
  24.4941
  8.03024
  23.1754
  6.44028
   10.223
  8.07373
  7.63456
   12.567
  8.54172
  17.8782
  2.54356
 0.894287
  4.35793
  21.0285
  11.8876
  2.95147
  16.7858
 0.814277
  2.47503
  10.3295
  3.34398
  12.4996
  11.7675
  29.0332
  8.40355
  18.2397
  3.49734
  14.9977
  21.7465
  3.14829
  13.3645
  10.8546
  17.5158
 0.297514
  9.28751
  9.75712
  27.7624
  5.93245
  7.71313
  10.6743
  2.53314
  4.87305
 0.191037
  4.16177
    9.658
  6.85524
 0.151259
  2.14368
  5.70322
   16.353
  9.85994
  2.66289
  11.9212
  19.1644
  12.5075
  19.9158
  3.99863
  10.4065
  18.2326
  12.1954
   16.088
 0.801476
  10.7881
   10.887
  2.47099
 0.688662
  11.5557
  3.85389
   17.198
 0.455144
   11.484
  12.4785
  17.7856
  12.0478
  3.14292
  2.05771
  12.4656
   1.7928
  12.1531
  2.24445
  11.8214
  6.74022
  3.55798
  5.59386
  10.5298
  5.45169
  9.47913
   17.165
  7.44019
  3.89394
  21.3889
  5.69512
  14.1858
   12.096
  25.2812
  2.90129
  19.9582
  5.57001
  1.17593
0.0143579
   1.6431
  3.71724
  11.7148
   2.7357
  9.85935
  27.1061
   3.6039
  3.63828
  8.11104
 0.895952
 0.410455
  4.26954
  7.49247
 0.347512
  9.42115
  7.78603
  1.87436
  21.6747
 0.627644
  10.8645
  3.86191
  1.87987
 0.618925
  4.41793
  6.96594
  8.79996
  9.28705
 0.701769
  5.62847
  7.91915
 0.128808
  9.52467
  17.7744
  12.5189
   13.797
 0.518394
  23.4188
   10.856
 0.782834
  7.66562
 0.207321
  6.80423
  2.08978
  5.77642
  8.53787
  12.7361
  34.2623
  18.7368
  21.1911
  8.13123
  1.72413
  19.7028
  1.42887
  6.43998
  23.6494
  14.3093
  13.4722
  25.5905
  11.4598
  12.8022
  14.2792
  8.34188
  23.8678
  7.70408
  27.6989
 0.434639
  32.3832
  25.4756
  9.14036
  6.96901
  9.58916
  8.31571
  19.5013
  13.2264
  7.04982
  24.1092
  20.1066
  10.6868
  6.05843
  10.4122
  28.1903
  6.58973
  28.2193
  1.24477
  16.4043
 0.448374
  18.8161
  5.53886
  22.5419
  22.9928
  15.6406
 0.145997
  7.47869
  3.31069
  6.03321
  8.13215
  31.6847
  9.72311
  1.28888
  1.74443
  12.3155
  8.63858
   17.775
  20.8735
  9.12644
   4.9403
  2.46705
  2.34697
  1.10345
  27.1266
  15.4489
  4.63393
  7.25982
  1.37529
  12.2952
  28.5911
  6.10594
  31.7853
  1.67669
   8.9423
     4.85
  6.99333
  13.3921
  26.1786
  1.70082
 0.066573
  3.53105
  19.5692
  12.9367
  13.5183
  23.4219
  14.9538
  7.74911
  14.2475
  2.16653
  2.45097
  2.27199
  4.46218
  41.8709
  13.0455
  9.81366
   28.028
  13.8913
   23.098
0.0462237
   16.305
  17.3904
  1.05014
  8.32972
  5.24148
  6.85537
  7.36851
  15.0731
  12.9284
  3.64266
  1.47816
  16.7108
  21.3577
  3.34871
 0.659327
  1.68266
  4.01659
  3.91294
  10.2719
  8.93964
  2.06293
  3.16722
  13.0338
  17.3202
  38.8343
  7.95124
   20.615
  5.55405
 0.307417
  3.59489
  4.19161
  2.71963
  6.47108
  5.40114
  22.9049
  14.7198
  23.4267
  2.76553
  25.8755
  30.4912
  14.1178
  16.5149
  1.70052
  18.1733
  20.0755
  22.3262
  10.8985
  20.9388
  14.8526
  25.0035
  11.6797
  7.08214
  7.57518
  11.7215
  24.2046
  20.2855
 0.231946
   14.367
   2.2667
  13.8794
  12.4034
  29.8239
  21.8334
  14.1114
  21.1958
  11.2856
 0.773762
  3.66145
  0.35723
  22.7223
  19.6672
  23.2622
  14.1525
  1.33743
  19.9374
  6.93936
  6.13361
    17.31
  25.4406
  8.60288
  3.73573
  20.8654
  16.3432
  21.8996
  13.8962
  5.14067
 0.070407
  13.4197
  15.6975
  5.38185
  15.6549
   22.502
  11.3462
  8.67535
  19.0168
  10.5993
  17.9166
  6.32689
  8.38683
  17.3915
  27.9445
   36.144
  21.9679
  2.03216
  8.91169
  17.1756
  15.6683
  5.69765
  22.8106
  19.8548
  2.18336
  13.3468
  21.7585
  3.04098
   2.2667
  15.1696
  26.1521
  21.5181
  16.3281
  17.9741
  18.6156
  8.86463
  1.32639
  5.19327
  18.0554
  9.04736
  25.8242
  19.0019
  24.2927
  20.0544
  1.49412
  15.8016
  28.6009
  21.0786
  13.9005
  14.2723
  18.2046
   15.923
   8.0574
  18.3406
  23.6688
  24.1206
  30.1557
  10.7168
   25.326
  25.7176
  15.4634
  15.4816
  2.55398
  17.0055
  9.45722
  28.3695
  26.0822
  15.4817
  25.6319
  12.6021
  6.41414
  8.94348
  17.0875
  28.6027
  16.6094
  19.6406
   16.563
  6.36905
  19.4779
  23.5539
  17.6272
  21.4794
  27.1955
  17.5585
   14.222
  21.3586
  12.9188
   8.8553
  8.86623
  15.1909
  11.7633
  15.3922
  10.5863
  12.4097
  6.63757
  6.18023
   10.116
  14.1369
  3.68906
  15.5928
  11.0112
  5.72406
  12.0295
  23.5352
0.0667388
  17.4325
  23.9087
  6.84025
  2.95054
  10.0708
  9.54135
  13.2115
  12.0125
  20.8176
  6.19626
 0.951842
  1.70195
  18.5166
  18.5684
  2.87179
  1.69699
  2.70645
  15.5085
  7.14662
   5.2628
  11.6532
  3.76093
  14.7284
  15.6052
  2.40944
  28.6518
  10.8237
  3.26259
 0.147256
  3.04669
  9.55097
  9.11901
 0.601934
  3.49093
 0.682347
  3.62863
  16.4836
  12.2632
 0.190512
  12.6744
 0.330731
  13.8015
  13.6408
   20.554
  4.55384
  7.86865
  2.96235
  2.04694
  2.67477
  3.22145
  3.36407
  18.1551
  3.47082
  24.5321
  4.28201
  6.22592
  2.90201
 0.961213
  4.34614
  1.61493
  9.88342
  5.41652
  6.51366
 0.434865
  5.11986
  11.6467
  2.95377
  2.96955
  5.07096
  12.0541
  12.6985
    9.744
  18.5029
 0.877422
 0.556832
  3.60243
  5.21981
  0.22137
  7.24678
  1.88276
  9.85347
  7.50409
  16.0376
  13.9161
  1.43523
  5.30398
  25.7003
  8.91262
   5.2815
  1.98464
  3.59877
 0.492144
  9.22753
  15.1878
  17.1617
  9.04352
  7.91281
   12.733