  35.7958
  7.91939
  8.54327
  8.51954
  1.38398
  1.18345
   5.7482
  3.63443
  2.38929
   7.6037
  23.1237
  25.8497
  14.3644
  2.19137
  13.6481
  16.1822
  30.9244
  9.38701
  6.13908
  24.4755
  27.2485
  34.6586
  20.4448
  21.6825
  27.6068
   27.239
  23.2444
  8.53805
  12.4723
  6.08159
  1.97329
  14.3006
  2.27637
  15.7859
  1.10444
  24.2162
  24.0334
  4.56566
  4.52229
  1.29556
 0.452451
  4.41937
 0.657351
 0.947068
  9.21854
  11.6383
   2.7773
  5.38105
  6.15593
  8.40283
  4.51767
  5.99791
  3.47162
  2.74547
  9.37562
  3.24286
  7.47134
   5.3625
  6.02433
  1.47859
  3.83651
  3.88719
   1.8097
  12.9403
  26.1152
  16.4618
  14.0128
  25.7998
  20.8868
  5.54879
  21.1088
   4.5857
  18.7241
  12.8124
  5.77757
   9.3737
  14.9216
  1.43105
  7.68759
  5.27838
  1.32271
  2.22827
  5.13213
  2.79174
  7.98127
  7.79981
  3.56271
  1.58003
  5.32137
  11.7868
 0.902552
  0.18348
  24.0234
  33.4641
  4.13231
  7.02744
   4.9479
  12.8676
  6.66998
  11.1931
  24.9967
  19.3614
  7.79534
  6.70712
  7.13564
  7.31006
  9.01739
  9.31742
  1.43697
  6.60983
   3.6201
  4.61835
 0.893919
   7.6021
  10.5925
  8.54537
  4.83713
  5.02868
  11.2633
  7.55996
  9.44917
  9.58209
 0.472517
  13.6606
  2.05782
  13.6728
  6.41002
  14.5999
  15.7607
  21.9139
  18.5853
  2.91537
  18.1167
  2.00976
   13.874
  28.0752
  29.6008
  17.3309
  33.1477
   4.5179
  6.57318
   24.324
  24.1371
  1.30752
  5.25727
  1.60531
  1.37114
   1.0161
  4.15489
  7.14331
  7.83738
  7.89576
  1.90222
  4.36435
  12.3905
  5.09806
  5.38652
 0.323008
   3.7488
  10.1237
   6.8929
  36.4249
 0.693801
  1.53464
  10.1098
  12.5355
 0.134558
  3.52203
  8.95062
  6.49479
  26.3432
  16.9341
  30.7427
   1.0571
  10.6423
  28.6084
  29.8071
  33.7186
  26.0754
  3.43962
 0.518927
  24.9393
  2.02106
  7.89474
 0.204171
0.0902916
  9.24094
  8.89793
  6.04273
 0.794151
  16.2055
 0.945081
  5.37616
  4.36864
  1.44816
  3.28897
  9.27979
  32.0638
  10.2309
  5.01112
  4.57108
  14.9354
  6.63512
  2.90657
  2.58753
  19.7455
  31.0453
  31.4498
  12.7797
  33.2852
  30.3129
  11.9175
  32.1908
  26.3211
   7.6832
   1.7604
 0.386839
  6.37521
  1.81872
  30.1066
  10.4866
  5.36675
  4.14909
  11.2937
  17.8208
  6.46656
  5.62866
  10.6138
 0.212882
  5.56799
  12.9345
  5.04132
  27.0086
   6.9482
  6.31215
  35.3871
   4.1169
  19.4992
 0.863389
  6.54103
  6.30234
  6.49253
  19.0347
  8.95352
  3.00404
  1.74592
  10.6102
  11.1801
  13.1539
  6.02674
  19.0523
 0.471653
   6.1083
  9.77233
  15.9547
  11.0841
  9.94236
  14.7283
  7.79996
  1.03957
  1.76272
  5.34525
  1.56601
  14.6034
  7.16589
  9.02019
  1.04033
  8.15929
  15.3789
  30.3565
 0.802846
  24.1152
  3.25879
  7.97031
 0.253274
  2.80908
  10.1674
  12.9045
  9.56654
  9.14171
  26.8893
   4.8737
  3.43095
  4.35488
  20.0928
  12.8113
  13.1617
  8.99577
  21.3408
  23.5826
 0.704381
  8.87798
   35.303
  4.57258
  4.94333
  4.32584
  3.13247
  11.3626
  18.2995
  9.55314
  2.92969
  2.94854
 0.650172
  3.97737
  3.42872
   2.2872
  2.61977
  7.47098
  10.3214
   3.3685
  9.69549
  2.40258
  14.7029
  13.1913
  5.38139
  9.01544
  14.6349
   14.574
  8.30462
  3.30721
   5.0645
  16.9525
  1.71136
   3.9873
  1.81036
  3.34725
  6.81191
  6.74945
  20.5573
  14.6373
  6.93772
  1.30388
  18.9349
   18.493
   10.946
  15.4033
  3.04379
  8.82846
  5.14746
 0.800181
  13.8832
  13.6377
  27.0143
  8.44191
  8.53261
  5.44152
  2.30132
  14.2441
 0.446966
  5.92094
  14.6985
  5.68282
 0.288624
   5.7125
  16.1339
  13.2135
  0.31609
  6.95973
  4.86084
  0.65348
 0.685313
  4.88146
  0.89803
  5.28899
  11.4408
  7.45135
  41.5734
  20.9078
  23.5057
  6.62428
  3.25583
  7.95496
  4.15054
   12.778
  33.4427
  2.93217
  3.33347
   6.2612
  37.3241
  4.36603
  3.83227
  3.95092
  3.65554
   6.6842
  2.94399
  6.37245
  3.59804
 0.328727
  5.41914
 0.805501
  9.07103
 0.787044
   3.4558
  24.3952
  5.04233
 0.621897
  2.84053
  4.98477
  3.94301
 0.320631
  1.16187
 0.826721
  12.5751
0.0973993
  12.7274
  8.60286
  6.29286
  1.48902
  6.58119
  2.00745
  12.1135
  22.7118
   1.5771
  1.18642
  2.63883
  1.87732
  10.8645
  4.74216
  6.90914
  26.0534
   2.6233
  7.43789
   10.937
  3.90249
  10.8833
  8.24167
  2.42305
  21.0166
  5.17276
  5.41553
  5.87927
  9.65092
  6.51056
 0.746869
  8.39563
  9.91349
  3.10274
  9.77706
  5.21407
  11.0976
   3.1591
  1.48312
  6.50325
  13.0814
  10.3566
  9.04608
  25.6348
  10.3368
  1.40427
  9.43536
  4.38663
   9.3249
 0.732191
  38.4951
 0.434612
  9.80568
  17.0065
  8.98682
  11.9681
  5.26112
   9.3178
 0.760942
  12.7731
  3.81673
  1.56518
  1.95006
  18.5146
  10.9862
  5.50923
  2.55094
  8.07124
 0.571236
  2.05581
  7.86234
  4.85284
  8.05165
   9.8854
  4.39776
  18.0789
  6.74276
  11.9732
  5.40874
  2.06955
  12.3623
  2.37927
  6.91457
  4.24583
 0.639535
  3.09307
  5.25085
  19.0502
   3.0713
  7.92562
  3.55101
  8.23131
  12.5276
  2.06037
  20.6069
  21.0134
  3.86745
 0.930564
  4.47419
  12.4049
  6.06498
 0.501838
  8.36357
  2.95507
  4.00447
  5.52973
  8.72844
 0.193116
  7.32184
  3.49257
  6.03014
  11.1192
   3.8708
  14.3113
  3.17802
   1.3894
  2.33883
  3.48717
  24.6109
  10.7484
  20.6142
   22.045
  55.5547
 0.965043
  7.37819
  6.13894
  1.60922
  5.09995
 0.114217
  6.56653
  1.14981
  3.70763
 0.269595
  4.85262
  9.90404
  3.27598
   3.4614
  6.66827
  9.14806
  3.16048
  17.4783
   7.9343
  2.99348
  7.24761
  8.81561
  7.38013
  13.2675
  1.72906
  3.16854
  10.8804
   3.6728
  2.09735
   2.3635
  13.7736
 0.670678
  2.85389
 0.700319
  8.67465
  2.32191
 0.125425
  3.44879
  12.0242
  2.10927
  2.53943
 0.342752
  4.95531
  10.4565
  7.51653
 0.650556
  3.94634
  9.62152
  10.2549
  5.10183
 0.328444
  2.26645
  11.0117
 0.577213
  3.12182
  6.43179
  9.69221
  7.92091
  3.56855
 0.198749
  16.6271
  1.30113
  4.34908
  2.38655
  6.98961
  6.40005
 0.872689
    7.627
    5.157
  4.84372
  6.15358
  5.13132
  4.38037
  1.27651
  2.57977
  2.30412
  8.11269
  1.40753
  0.91117
  3.34377
  4.41015
   5.5318
 0.968172
  3.55921
  8.97105
  6.82638
  6.15727
 0.114215
  8.85662
  6.15637
  8.53918
  3.64999
 0.578639
  22.9399
  2.11324
  18.9096
  2.05502
  2.52538
  21.2523
  8.69613
  9.05503
  16.2203
  7.69719
  3.29477
  3.23014
  6.00122
   15.877
  16.5808
  22.6388
   6.6088
  12.4516
  6.17007
  2.15002
  1.24976
  2.73449
  33.3745
  3.05458
  3.38062
  4.86379
  9.71393
   9.0032
  1.11444
  1.19584
 0.134952
  29.1033
  12.3881
  11.7473
  12.2155
 0.829977
  6.42166
  2.15941
  1.28825
  9.14799
   12.794
   12.313
   16.987
  11.2321
    28.92
  12.0014
  3.34486
  13.2674
 0.405528
  5.26318
  8.31608
   7.2318
   5.9186
  22.4999
  58.2507
  17.3974
  7.76207
  2.61094
  16.6831
  2.30761
  2.28175
  12.2604
 0.786616
  9.77492
    1.275
  1.04659
  8.62653
  2.80205
  31.0432
  6.64105
  1.37629
  2.84353
  9.96394
  13.9352
 0.640698
  6.05735
  5.96747
  3.21094
  5.55028
   4.8937
  7.98996
  15.1859
  19.0801
  3.39018
  10.6499
  5.38385
  4.83606
  1.72286
  7.68914
 0.331025
   1.4144
  3.46358
  34.7912
  13.4425
   8.7398
  24.4296
  5.74622
  3.24744
  5.36703
  7.02636
  3.63208
  8.37469
  10.3496
  1.06234
  12.1851
  5.29093
  8.45026
  2.58608
  32.9557
  25.1152
  3.40838
  2.66289
  2.52688
  3.95634
  6.31977
  5.32783
  6.23508
  3.88541
  9.08963
  2.14173
   0.4425
  19.8045
  14.6093
   39.755
  37.0753
  12.1757
   2.0616
   9.6419
  15.0032
  25.2792
  26.1537
  8.12669
  12.2306
  1.21312
  1.75489
  1.40432
 0.643813
  9.02976
  32.3694
  5.13915
  24.6731
  4.75475
  12.6647
 0.939447
  5.32416
  55.5674
  3.90677
  5.67412
  2.84388
  5.78856
  31.5906
  31.9639
  33.0558
  8.08048
  7.11593
  8.34317
  4.19973
  6.67353
  5.55754
  39.6212
  37.6901
  7.72356
  5.82382
  8.94375
  5.72724
  2.27772
  12.0985
   10.453
  4.61864
  13.5379
   3.9188
  15.5232
  17.8902
  36.9494
  2.53091
  3.82909
  9.08978
  21.4796
  37.8199
  22.4157
  5.68848
 0.184483
  3.70663
  7.48721
  14.8778
  5.15477
 0.902415
  3.81156
   7.0091
 0.850702
  2.72722
  21.1319
  10.0593
  15.1571
  15.4235
  13.3297
  18.8715
  24.1868
  23.6401
  13.7452
  3.54145
  12.5123
 0.642821
  10.5736
  2.36937
  7.89298
  5.09819
  6.12066
  9.71097
  5.08489
  5.55754
  11.1165
  1.99057
  10.8849
  3.01134
  10.4916
  1.07306
   18.697
  3.41562
  2.89189
  1.84538
  12.8627
  12.0899
  16.7662
  18.9522
  19.8743
  8.99961
  13.1513
  9.84566
  21.5212
  10.7278
  13.6527
  3.43308
  14.7536
  8.98501
   7.0121
  12.9896
 0.980786
  8.58664
  2.81212
  13.0476
  15.2028
  5.23085
  8.76841
 0.367155
  14.9246
  18.6846
  1.01866
  11.9004
  12.8912
  5.28705
  11.1698
  40.5134
  2.84553
  13.3727
  42.9821
  11.9523
  18.6631
  9.32969
  10.1655
  2.18171
 0.634497
  8.94682
  11.1578
   40.427
  1.31352
  4.51012
  13.1305
  36.0632
  40.7136
  9.72486
  6.56761
  5.08406
  20.3633
  11.7715
  30.6561
  1.63186
   4.8704
  11.9228
  14.5071
  19.4688
  50.2185
  8.61518
  12.9627
  46.7736
  29.5887
  1.04728
  59.9615
  53.2041
  51.2684
  11.7977
   3.3104
  13.2269
  13.0261
  6.11442
  18.8472
    35.74
  36.1832
  12.8443
  8.30204
  2.01025
  4.08806
  23.3551
  17.7807
    3.666
  3.02159
  31.0515
   5.6549
  4.95317
  12.4267
  1.01294
  4.96927
  46.4709
  74.0354
  76.0533
  19.4658
  38.5141
  6.87309
  5.35883
  29.7552
  3.63153
  18.8965
  4.09799
  13.1228
  24.1854
  33.1928
  11.8952
   4.3009
 0.138371
  31.2196
   25.443
  1.58275
  40.5444
  22.0162
  5.29813
  13.9919
   10.519
  15.0153
  8.12166
 0.437084
  29.2922
  11.9107
  46.5598
  2.67566
 0.412627
  36.3956
  28.3237
  4.13775
  1.66859
  25.5011
  18.7347
  40.1311
  16.4088
 0.388492
   28.427
  68.6686
  26.1772
  56.0842
  22.6646
  9.66002
  36.4393
  46.9055
  10.8032
   4.4699
  31.6583
 0.740619
  20.6392
  9.81078
  23.9291
  27.6065
  24.8072
  7.10223
  52.2383
  10.2001
  28.2824
  30.2301
0.0794788
  23.9596
  33.1275
  1.14454
  4.62108
  48.7816
  47.8101
 0.245144
  30.5271
  16.3796
  30.0856
  26.3362
  9.69146
  17.7838
  19.8472
  2.48185
  54.0114
  43.3458
  22.8433
  2.71844
   15.598
  23.6701
  18.1477
  6.12973
  39.8062
  47.5336
  46.9714
  45.6149
  50.7593
  14.0195
   28.562
  38.1155
  7.17791
  5.54912
0.0444785
  50.8487
   15.545
  44.5106
  18.4335
  21.8515
   16.052
  27.3575
  48.5155
   28.819
  20.9357
  12.6905
  17.8729
  31.9219
  7.31381
   34.393
  15.5326
  40.2272
  22.9197
  8.55462
  5.39464
  43.1985
  21.4697
  38.3215
  23.9172
  2.56316
  19.3262
  14.3097
  10.1489
  33.6788
  1.65424
  51.7987
   5.5176
  63.9731
  34.8934
  19.4095
  4.57291
  2.56114
  46.3741
  63.3672
 0.859529
  37.5152
  19.9714
  28.9871
   17.107
  10.7726
  2.42684
  2.32387
  23.1214
  34.1435
  4.62523
  13.6468
  36.1638
   16.609
  10.1102
  26.0728
  11.5761
  35.8754
  65.4487
  6.42562
  8.36532
  63.7147
  5.67408
  72.2976
  55.2104
  56.7252
  25.0517
  46.5624
  54.8177
  66.5636
  36.6452
  9.24651
  42.8416
0.0439713
  15.6918
  4.77387
  7.29332
  57.5173
  65.6888
  64.0867
  64.5944
  73.5681
 0.404086
  16.4811
  8.80373
   55.177
  56.5969
 0.885362
  11.1774
  5.88129
  27.3578
  56.1369
   25.765
  65.2968
  50.6814
  4.41003
  21.0278
  7.27402
  28.8243
  73.9979
  14.6789
  71.0101
   13.869
  45.8636
  45.4229
  21.5893
  54.7183
  32.3723
 0.257872
  27.1517
  25.4641
  15.9478
   68.809
  37.7623
  58.3563
  62.1659
  73.9161
  77.7958
  58.9602
  76.8305
  17.9197
  50.4662
    7.227
  19.6907
  57.3909
  65.8957
  22.0443
  41.6006
  9.91862
  42.9196
  52.3361
  62.4371
  9.10271
  10.8056
 0.406764
  23.6266
  12.1946
  7.99979
  5.74681
  40.6951
  16.5737
  7.36017
  15.1427
   52.977
  8.53156
  16.2323
  27.9796
  21.0337
  30.3064
  60.8965
  8.82013
  11.1971
  22.4845