00201 977 0 1257
00202 942 0 1257
00203 949 0 1257
00204 894 0 1257
00205 898 0 1257
00206 862 0 1257
00207 832 0 1257
00208 812 0 1257
00209 761 0 1257
00210 761 0 1257
00211 701 0 973
00212 695 0 973
00213 685 0 1001
00214 664 0 995
00215 665 0 999
00216 648 0 993
00217 642 0 989
00218 641 0 989
00219 627 0 991
00220 607 0 987
00221 577 0 830
00222 723 0 802
00223 727 0 1037
00224 734 0 1037
00225 704 0 1037
00226 680 0 1037
00227 677 0 1037
00228 683 0 1037
00229 672 0 1037
00230 643 0 1037
00231 605 0 913
00232 611 0 815
00233 584 0 866
00234 574 0 860
00235 564 0 861
00236 548 0 858
00237 539 0 852
00238 550 0 849
00239 533 0 839
00240 524 0 836
00241 498 0 761
00242 614 0 829
00243 606 0 1019
00244 604 0 1019
00245 582 0 1019
00246 559 0 1019
00247 569 0 1019
00248 539 0 1019
00249 518 0 1019
00250 516 0 1019
00251 493 0 952
00252 518 0 923
00253 521 0 1027
00254 505 0 1027
00255 477 0 1027
00256 464 0 1022
00257 444 0 1019
00258 448 0 1011
00259 444 0 1019
00260 422 0 1013
00261 390 0 980
00262 511 0 847
00263 501 0 1053
00264 504 0 1053
00265 473 0 1053
00266 469 0 1053
00267 452 0 1053
00268 420 0 1053
00269 410 0 1048
00270 395 0 1045
00271 359 0 944
00272 447 0 937
00273 450 0 1113
00274 434 0 1110
00275 448 0 1108
00276 442 0 1100
00277 434 0 1099
00278 430 0 1097
00279 419 0 1093
00280 411 0 1093
00281 409 0 1079
00282 376 0 989
00283 471 0 893
00284 471 0 1039
00285 485 0 1039
00286 469 0 1039
00287 465 0 1039
00288 439 0 1039
00289 438 0 1039
00290 438 0 1039
00291 398 0 1000
00292 387 0 947
00293 384 0 926
00294 392 0 944
00295 377 0 940
00296 388 0 934
00297 369 0 928
00298 359 0 927
00299 356 0 926
00300 355 0 918
00301 333 0 917
00302 313 0 857
00303 432 0 694
00304 428 0 891
00305 446 0 891
00306 443 0 891
00307 418 0 891
00308 412 0 891
00309 396 0 891
00310 381 0 891
00311 395 0 890
00312 386 0 817
00313 432 0 870
00314 416 0 1002
00315 409 0 978
00316 375 0 979
00317 356 0 969
00318 377 0 966
00319 365 0 933
00320 351 0 964
00321 339 0 910
00322 306 0 815
00323 374 0 625
00324 367 0 756
00325 362 0 756
00326 359 0 756
00327 345 0 756
00328 348 0 756
00329 345 0 756
00330 327 0 756
00331 316 0 733
00332 312 0 690
00333 441 0 665
00334 442 0 869
00335 431 0 869
00336 444 0 869
00337 430 0 869
00338 423 0 869
00339 427 0 869
00340 407 0 869
00341 363 0 835
00342 378 0 830
00343 432 0 752
00344 439 0 863
00345 436 0 863
00346 416 0 863
00347 414 0 863
00348 397 0 863
00349 395 0 863
00350 384 0 863
00351 366 0 848
00352 327 0 772
00353 338 0 741
00354 351 0 844
00355 336 0 844
00356 318 0 844
00357 327 0 844
00358 312 0 844
00359 316 0 844
00360 312 0 844
00361 273 0 811
00362 255 0 746
00363 403 0 544
00364 399 0 794
00365 396 0 794
00366 423 0 794
00367 421 0 794
00368 432 0 794
00369 443 0 794
00370 423 0 794
00371 439 0 794
00372 390 0 703
00373 497 0 646
00374 531 0 854
00375 519 0 854
00376 520 0 854
00377 539 0 854
00378 546 0 854
00379 510 0 854
00380 499 0 854
00381 493 0 835
00382 487 0 755
00383 498 0 757
00384 498 0 807
00385 501 0 807
00386 507 0 807
00387 504 0 807
00388 486 0 807
00389 485 0 807
00390 496 0 807
00391 494 0 807
00392 491 0 790
00393 471 0 747
00394 467 0 780
00395 464 0 848
00396 479 0 848
00397 488 0 848
00398 485 0 848
00399 491 0 848
00400 480 0 848
00401 478 0 840
00402 451 0 792
00403 451 0 802
00404 460 0 825
00405 459 0 825
00406 449 0 825
00407 456 0 825
00408 433 0 825
00409 453 0 825
00410 464 0 825
00411 461 0 822
00412 463 0 806
00413 500 0 918
00414 508 0 1029
00415 516 0 1029
00416 530 0 1029
00417 510 0 1029
00418 514 0 1029
00419 507 0 1029
00420 511 0 1029
00421 520 0 1024
00422 512 0 1006
00423 514 0 840
00424 504 0 856
00425 494 0 856
00426 485 0 856
00427 492 0 856
00428 469 0 856
00429 465 0 856
00430 476 0 856
00431 477 0 853
00432 453 0 850
00433 446 0 829
00434 477 0 1050
00435 483 0 1153
00436 483 0 1153
00437 496 0 1153
00438 503 0 1153
00439 499 0 1153
00440 507 0 1153
00441 508 0 1140
00442 495 0 1138
00443 486 0 1084
00444 525 0 1088
00445 516 0 1191
00446 538 0 1191
00447 524 0 1191
00448 505 0 1191
00449 516 0 1191
00450 529 0 1191
00451 510 0 1189
00452 479 0 1170
00453 477 0 1103
00454 505 0 1106
00455 504 0 1197
00456 521 0 1198
00457 505 0 1201
00458 511 0 1199
00459 502 0 1205
00460 504 0 1212
00461 477 0 1194
00462 479 0 1176
00463 539 0 1173
00464 543 0 1308
00465 523 0 1308
00466 543 0 1308
00467 540 0 1308
00468 532 0 1308
00469 523 0 1308
00470 525 0 1308
00471 506 0 1306
00472 496 0 1287
00473 570 0 1224
00474 562 0 1356
00475 578 0 1356
00476 585 0 1356
00477 567 0 1356
00478 546 0 1356
00479 552 0 1353
00480 541 0 1343
00481 543 0 1333
00482 537 0 1320
00483 513 0 1267
00484 516 0 1258
00485 523 0 1293
00486 525 0 1289
00487 524 0 1288
00488 506 0 1270
00489 497 0 1262
00490 482 0 1267
00491 483 0 1284
00492 475 0 1268
00493 465 0 1224
00494 489 0 834
00495 429 0 889
00496 509 0 917
00497 490 0 918
00498 493 0 921
00499 487 0 923
00500 473 0 933
00501 485 0 938
00502 516 0 939
00503 507 0 945
00504 496 0 913
00505 590 0 1432
00506 636 0 1554
00507 653 0 1556
00508 657 0 1555
00509 655 0 1556
00510 618 0 1555
00511 615 0 1554
00512 616 0 1551
00513 618 0 1507
00514 640 0 960
00515 590 0 976
00516 571 0 967
00517 562 0 965
00518 585 0 962
00519 591 0 962
00520 613 0 961
00521 603 0 961
00522 610 0 957
00523 630 0 956
00524 627 0 956
00525 665 0 933
00526 639 0 934
00527 632 0 953
00528 651 0 955
00529 644 0 954
00530 657 0 954
00531 650 0 953
00532 642 0 953
00533 636 0 954
00534 649 0 929
00535 667 0 925
00536 663 0 946
00537 651 0 945
00538 667 0 947
00539 669 0 945
00540 651 0 944
00541 655 0 945
00542 662 0 943
00543 645 0 944
00544 657 0 943
00545 622 0 923
00546 708 0 1537
00547 773 0 1651
00548 780 0 1653
00549 785 0 1653
00550 771 0 1652
00551 782 0 1653
00552 789 0 1642
00553 776 0 1611
00554 772 0 972
00555 699 0 992
00556 702 0 992
00557 696 0 992
00558 706 0 992
00559 697 0 992
00560 699 0 992
00561 708 0 992
00562 713 0 992
00563 654 0 985
00564 637 0 986
00565 613 0 966
00566 616 0 963
00567 565 0 981
00568 558 0 982
00569 532 0 982
00570 536 0 975
00571 534 0 971
00572 573 0 966
00573 547 0 963
00574 559 0 940
00575 571 0 932
00576 565 0 954
00577 556 0 948
00578 554 0 943
00579 545 0 937
00580 518 0 926
00581 508 0 928
00582 495 0 922
00583 476 0 930
00584 481 0 930
00585 451 0 912
00586 460 0 925
00587 452 0 916
00588 450 0 912
00589 422 0 915
00590 406 0 889
00591 397 0 886
00592 372 0 889
00593 367 0 868
00594 346 0 867
00595 357 0 850
00596 437 0 1350
00597 442 0 1507
00598 454 0 1483
00599 458 0 1450
00600 443 0 1444
00601 427 0 1418
00602 417 0 1401
00603 393 0 1334
00604 436 0 1188
00605 427 0 1296
00606 430 0 1295
00607 411 0 1296
00608 403 0 1296
00609 408 0 1296
00610 381 0 1296
00611 399 0 1296
00612 341 0 1286
00613 344 0 1285
00614 399 0 1122
00615 383 0 1281
00616 361 0 1281
00617 357 0 1281
00618 372 0 1281
00619 349 0 1281
00620 347 0 1281
00621 355 0 1279
00622 326 0 1251
00623 376 0 1292
00624 380 0 1420
00625 381 0 1413
00626 387 0 1409
00627 384 0 1412
00628 370 0 1406
00629 345 0 1409
00630 363 0 1393
00631 363 0 1399
00632 355 0 1392
00633 351 0 1306
00634 425 0 1063
00635 425 0 1175
00636 435 0 1177
00637 445 0 1167
00638 437 0 1166
00639 448 0 1160
00640 410 0 1132
00641 404 0 1137
00642 365 0 1090
00643 353 0 1038
00644 368 0 991
00645 371 0 1016
00646 379 0 1009
00647 376 0 1026
00648 386 0 1025
00649 408 0 1026
00650 403 0 1039
00651 395 0 1040
00652 402 0 1040
00653 456 0 1116
00654 473 0 1226
00655 471 0 1212
00656 469 0 1216
00657 473 0 1225
00658 490 0 1211
00659 477 0 1210
00660 478 0 1191
00661 484 0 1202
00662 480 0 1205
00663 475 0 1172
00664 482 0 1132
00665 480 0 1156
00666 450 0 1142
00667 401 0 1159
00668 390 0 1134
00669 403 0 1157
00670 437 0 1131
00671 426 0 1154
00672 425 0 1128
00673 437 0 1031
00674 458 0 1082
00675 446 0 1092
00676 446 0 1090
00677 449 0 1094
00678 446 0 1091
00679 452 0 1105
00680 438 0 1102
00681 433 0 1095
00682 426 0 1089
00683 404 0 1044
00684 400 0 1033
00685 396 0 1041
00686 397 0 1041
00687 379 0 1018
00688 384 0 1019
00689 378 0 1022
00690 374 0 1009
00691 361 0 971
00692 364 0 934
00693 406 0 956
00694 422 0 1033
00695 411 0 1039
00696 410 0 1011
00697 419 0 1032
00698 422 0 1079
00699 425 0 1045
00700 426 0 1042
00701 396 0 1031
00702 378 0 968
00703 385 0 873
00704 434 0 937
00705 421 0 1065
00706 413 0 1018
00707 423 0 1035
00708 445 0 979
00709 427 0 969
00710 431 0 1053
00711 445 0 1003
00712 455 0 985
00713 478 0 650
00714 461 0 743
00715 454 0 756
00716 465 0 751
00717 476 0 719
00718 465 0 729
00719 474 0 729
00720 450 0 770
00721 459 0 732
00722 480 0 728
00723 474 0 709
00724 467 0 1044
00725 470 0 1062
00726 477 0 1021
00727 483 0 1061
00728 475 0 951
00729 467 0 1039
00730 481 0 1026
00731 458 0 965
00732 467 0 1013
00733 466 0 1131
00734 463 0 1126
00735 438 0 1105
00736 421 0 1145
00737 413 0 1188
00738 409 0 1164
00739 424 0 1210
00740 429 0 1221
00741 421 0 1190
00742 394 0 1260
00743 421 0 1150
00744 393 0 1183
00745 390 0 1187
00746 406 0 1192
00747 396 0 1211
00748 412 0 1237
00749 407 0 1253
00750 408 0 1250
00751 421 0 1252
00752 446 0 1270
00753 418 0 1242
00754 416 0 948
00755 370 0 1030
00756 371 0 1039
00757 377 0 1157
00758 379 0 1290
00759 382 0 1342
00760 407 0 1380
00761 386 0 1398
00762 408 0 1398
00763 520 0 1384
00764 530 0 1616
00765 562 0 1603
00766 559 0 1605
00767 571 0 1604
00768 567 0 1603
00769 588 0 1596
00770 583 0 1587
00771 584 0 1590
00772 576 0 1558
00773 570 0 1560
00774 619 0 1910
00775 618 0 2010
00776 624 0 2012
00777 635 0 2011
00778 608 0 1994
00779 643 0 2001
00780 657 0 2009
00781 636 0 2003
00782 675 0 2000
00783 645 0 1935
00784 664 0 1150
00785 544 0 1175
00786 601 0 1183
00787 613 0 1195
00788 612 0 1198
00789 626 0 1213
00790 600 0 1213
00791 614 0 1214
00792 591 0 1210
00793 616 0 1207
00794 611 0 1177
00795 601 0 1152
00796 622 0 1169
00797 592 0 1165
00798 578 0 1166
00799 564 0 1159
00800 569 0 1156
00801 542 0 1160
00802 556 0 1157
00803 512 0 1156
00804 503 0 1156
00805 495 0 1141
00806 622 0 1900
00807 657 0 2065
00808 658 0 2066
00809 637 0 2065
00810 666 0 2070
00811 619 0 2065
00812 631 0 2046
00813 638 0 1967
00814 609 0 1184
00815 575 0 1201
00816 545 0 1197
00817 542 0 1200
00818 526 0 1190
00819 516 0 1185
00820 490 0 1162
00821 493 0 1156
00822 466 0 1156
00823 435 0 1137
00824 404 0 1113
00825 484 0 1872
00826 530 0 2027
00827 528 0 2003
00828 509 0 1995
00829 523 0 2004
00830 500 0 1981
00831 500 0 1974
00832 472 0 1884
00833 741 0 1697
00834 728 0 2113
00835 729 0 2114
00836 715 0 2111
00837 697 0 2111
00838 682 0 2113
00839 689 0 2109
00840 694 0 2107
00841 679 0 2090
00842 825 0 2021
00843 853 0 2385
00844 839 0 2384
00845 815 0 2377
00846 819 0 2373
00847 769 0 2371
00848 720 0 2346
00849 721 0 2334
00850 709 0 2326
00851 627 0 2285
00852 734 0 1572
00853 719 0 1724
00854 694 0 1720
00855 712 0 1699
00856 690 0 1717
00857 663 0 1708
00858 644 0 1699
00859 641 0 1697
00860 635 0 1689
00861 604 0 1648
00862 556 0 1536
00863 704 0 1157
00864 721 0 1316
00865 702 0 1314
00866 696 0 1300
00867 703 0 1283
00868 666 0 1297
00869 675 0 1292
00870 668 0 1290
00871 626 0 1282
00872 615 0 1196
00873 689 0 1052
00874 708 0 1184
00875 659 0 1175
00876 659 0 1178
00877 648 0 1178
00878 603 0 1158
00879 609 0 1156
00880 596 0 1097
00881 550 0 1157
00882 667 0 988
00883 684 0 1181
00884 694 0 1194
00885 719 0 1207
00886 732 0 1182
00887 743 0 1170
00888 737 0 1149
00889 710 0 1147
00890 718 0 1154
00891 702 0 1102
00892 692 0 1061
00893 700 0 1085
00894 694 0 1081
00895 692 0 1070
00896 686 0 1067
00897 690 0 1076
00898 696 0 1071
00899 694 0 1043
00900 705 0 1049
00901 687 0 1036
00902 673 0 1022
00903 770 0 1029
00904 769 0 1154
00905 779 0 1159
00906 785 0 1140
00907 782 0 1161
00908 773 0 1181
00909 754 0 1183
00910 742 0 1178
00911 758 0 1183
00912 751 0 1157
00913 750 0 1179
00914 745 0 1196
00915 726 0 1210
00916 721 0 1222
00917 735 0 1217
00918 729 0 1235
00919 706 0 1251
00920 697 0 1281
00921 701 0 1271
00922 711 0 1224
00923 742 0 1110
00924 703 0 1164
00925 686 0 1180
00926 681 0 1189
00927 668 0 1201
00928 656 0 1192
00929 633 0 1206
00930 614 0 1213
00931 627 0 1203
00932 608 0 1161
00933 607 0 1194
00934 611 0 1233
00935 626 0 1237
00936 612 0 1247
00937 644 0 1248
00938 618 0 1260
00939 636 0 1267
00940 661 0 1264
00941 634 0 1258
00942 591 0 1259
00943 626 0 1251
00944 634 0 1241
00945 610 0 1277
00946 613 0 1280
00947 601 0 1277
00948 612 0 1274
00949 630 0 1277
00950 609 0 1278
00951 631 0 1283
00952 617 0 1290
00953 625 0 1302
00954 643 0 1245
00955 641 0 1297
00956 636 0 1320
00957 646 0 1339
00958 646 0 1370
00959 656 0 1355
00960 639 0 1391
00961 622 0 1402
00962 654 0 1403
00963 610 0 1411
00964 604 0 1465
00965 620 0 1528
00966 622 0 1575
00967 621 0 1606
00968 616 0 1628
00969 634 0 1667
00970 644 0 1748
00971 647 0 1988
00972 628 0 2011
00973 620 0 2126
00974 606 0 2129
00975 607 0 2173
00976 571 0 2184
00977 595 0 2194
00978 600 0 2200
00979 599 0 2209
00980 607 0 2209
00981 603 0 2216
00982 618 0 2221
00983 656 0 2368
00984 676 0 2498
00985 651 0 2496
00986 635 0 2496
00987 642 0 2490
00988 612 0 2488
00989 622 0 2494
00990 619 0 2483
00991 592 0 2459
00992 671 0 2452
00993 648 0 2358
00994 656 0 1274
00995 535 0 1287
00996 533 0 1286
00997 527 0 1279
00998 530 0 1271
00999 539 0 1252
01000 531 0 1260
01001 566 0 1259
01002 569 0 1261
01003 549 0 1259
01004 581 0 1240
01005 660 0 2197
01006 714 0 2337
01007 721 0 2250
01008 703 0 2269
01009 727 0 2255
01010 738 0 2308
01011 734 0 2325
01012 747 0 2293
01013 732 0 2196
01014 742 0 1366
01015 697 0 1398
01016 669 0 1399
01017 683 0 1402
01018 646 0 1410
01019 649 0 1411
01020 660 0 1415
01021 649 0 1426
01022 660 0 1426
01023 658 0 1424
01024 631 0 1424
01025 622 0 1402
01026 643 0 1362
01027 610 0 1378
01028 616 0 1383
01029 589 0 1385
01030 594 0 1388
01031 626 0 1388
01032 628 0 1390
01033 578 0 1387
01034 611 0 1385
01035 596 0 1357
01036 607 0 1346
01037 619 0 1356
01038 603 0 1359
01039 589 0 1366
01040 613 0 1359
01041 595 0 1360
01042 589 0 1345
01043 602 0 1350
01044 619 0 1355
01045 619 0 1341
01046 662 0 1285
01047 640 0 1301
01048 649 0 1308
01049 600 0 1310
01050 574 0 1316
01051 620 0 1317
01052 617 0 1333
01053 647 0 1334
01054 672 0 1343
01055 639 0 1325
01056 650 0 1311
01057 672 0 1329
