  18.8782
  17.0977
  8.98987
  45.5435
  17.0284
  11.5948
  46.8331
  12.3488
  72.1373
  60.9546
  16.6016
  15.9256
  21.3049
  7.64588
  8.59296
  15.2929
 0.960205
  79.1824
  75.9121
  6.81343
  66.7934
  69.3195
  68.4383
  54.5941
  37.2129
  43.3866
  49.1951
  26.3636
  24.7096
  31.7349
  58.8088
  2.95467
  1.11531
 0.737094
  55.9026
  12.8781
   26.907
  10.5719
   1.2259
0.0944921
  7.74987
  4.99105
  73.4993
  8.31486
  1.67494
  51.3377
  42.6892
   14.284
  23.7582
  69.4176
  62.2882
  61.3063
  77.8512
  66.5555
  57.1794
  4.44883
  35.7319
  11.4213
   39.991
  39.7333
  3.61709
  2.60766
  7.14423
  5.39701
  41.5746
  55.2605
  9.00121
  9.64271
  47.6694
  75.5583
  26.8037
  9.69573
  8.34135
  9.35624
  26.7222
  80.6724
  70.6917
  46.6493
  39.5986
  7.83713
  1.82682
  11.9233
  51.6462
  7.67273
  31.1068
  62.7788
  23.7868
    22.46
   2.1559
  10.3515
  8.38883
  9.78088
  17.2755
  23.2603
  13.6235
  5.63776
  3.57419
  61.9491
  58.0776
  29.4773
 0.377902
  6.73869
  40.0309
  9.97283
  11.5643
  4.78302
 0.326099
  8.16645
  9.83874
 0.921293
  7.61987
  54.4597
  3.81229
  22.5034
  27.1545
  23.2297
  3.66368
  5.64125
  8.96467
  7.25499
  9.36315
  5.16256
  34.5401
  4.64321
 0.155431
  29.5515
  18.0028
 0.822984
  6.59937
  3.59957
  9.84286
  7.01785
  26.8518