 50.4851
 53.5096
  1.0815
 3.56467
 10.3353
 11.8707
  14.704
 3.67293
 11.0895
 4.16732
 6.02197
 3.31238
 36.2605
 33.5284
 15.1046
 28.2377
 21.7419
 9.16648
 28.6407
 31.6478
 31.2144
 28.3185
 26.9368
 26.6973
 12.5365
 2.99163
 2.92151
 3.17307
 5.62628
 14.8509
 29.9532
 36.4948
 1.08029
 2.45873
  5.3393
 8.01115
0.242152
 10.1203
 5.78943
 4.33717
 7.70777
 2.25286
 8.45965
 12.3008
 5.00228
 7.21402
 13.6867
 3.14332
 4.73695
 4.45195
 6.45381
 7.44929
 10.3792
 7.87201
 12.1819
 64.6596
 27.3093
 26.1433
 41.6053
 18.7757
 25.0335
 49.3381
 53.4022
 47.3287
 4.95142
 7.89659
 7.43722
 8.92811
 7.76055
 10.8616
 12.4116
 11.7832
   1.163
 10.9627
 10.1313
 16.4622
  8.7086
 1.70262
 8.59685
 5.76977
 3.31805
 6.29608
 4.18173
 14.2877
 6.81389
0.702004
 9.57468
 6.06671
 10.4857
 3.89065
 9.78876
 3.67137
 15.6023
 5.00357
 9.45034
 25.6287
 59.0875
 26.7039
 27.4641
 34.0029
 25.0663
 25.1247
 28.5967
 67.4356
 23.9459
 11.1214
 29.4915
 28.0753
 41.7167
 36.1238
 25.9794
 3.58493
 11.7951
 1.50238
 20.0602
 13.7859
 8.63243
 5.40671
 20.4965
 2.30395
 3.66315
0.409065
 14.8504
 7.52098
 10.2476
 6.60725
 3.80679
 3.67097
 9.54301
 36.6992
 8.48127
 38.8737
 45.1142
 50.8286
 46.2064
 28.2673
 43.0893
 35.7372
 15.8699
 16.4062
 25.2005
 31.8166
 25.4015
 26.2098
 14.2089
 12.1124
0.902297
 21.0791
 5.08546
 1.46315
 57.4546
 48.2924
  24.731
 13.7732
 1.78132
  6.6061
 31.3946
 34.0396
 24.5463
 12.0631
 7.74649
 21.0449
  53.888
 30.5614
 49.3896
 17.2514
 31.9554
  2.9131
0.865656
 5.78338
 3.59925
 5.56568
 35.7507
 34.4992
 51.5553
0.529397
0.996045
 27.2796
 12.8331
 2.29123
 42.0352
 41.7421
 48.0072
 54.7236
 60.9302
 54.5137
 34.3613
  9.8989
 9.48019
 49.9523
 50.1771
 62.9847
  38.284
 31.8425
 39.3553
 26.9039
 27.3138
 42.9327
 11.8184
  33.118
 3.55749
 31.0379
 8.50883
 39.4008
 34.7471
 44.3485
 35.8562
 10.6769
 7.07866
 16.9442
 11.2695
 19.9642
 44.7851
 36.1535
 13.8396
 34.1979
 20.7168
 41.0707
 20.2139
 6.56087
 2.33219
 46.7038
 54.0662
 35.4057
 21.3074
 25.9814
 17.8668
 56.1231
 10.4359
 5.92314
 8.37614
 11.0076
 28.3452
 42.3823
 2.33482
 30.8732
 53.4832
 34.6581
 40.7014
 49.5888
 57.8627
 45.7557
 57.8848
 55.6831
 6.03147
 13.6928
 35.6513
 36.9324
 29.0171
 52.0739
 59.6879
 55.9016
 65.7755
 33.7621
0.158871
 32.5777
  7.1702
 29.4626
 38.5078
 34.5555
 35.5433
 29.9092
 15.4319
 9.11271
  11.978
  12.063
  53.806
 9.41315
 4.60208
 57.0195
 31.2347
 25.4762
 10.2813
 23.0062
 30.4693
 3.92888
0.219919
  33.954
 11.9704
 5.94567
 12.7464
 11.7806
 9.67826
 48.9947
 47.7372
 10.8913
 27.0592