  38.8458
  36.2906
  22.9497
  44.3284
   40.822
  36.4792
  7.94419
   1.1175
  24.8316
  41.8138
  45.3964
  16.0686
  12.9681
  31.6198
  28.5063
  20.3299
  22.6132
  23.2452
  24.0797
  41.0895
  37.0362
  44.5666
   29.662
   39.324
  42.5098
   16.171
  20.6612
  27.7832
  25.2046
  29.7863
  23.6286
  41.1316
   6.2078
   17.266
  36.6851
  22.9534
  25.3491
  25.3175
  25.1427
  24.5654
  20.1396
  35.9409
  4.44451
  2.25296
 0.149945
0.0333931
  7.13309
  3.81523
 0.200892
 0.467007
  0.96298
  4.14827
  24.9804
  1.29418
 0.762465
  3.77965
  32.9752
  31.0312
  12.2763
  9.22414
  3.93362
  6.45266
  2.41973
  36.0266
  4.54513
  40.0578
  21.8894
  28.4912
  4.60235
  1.95451
  1.64706
  2.82349
  33.0585
  2.49252
  1.19513
   5.1398
  1.42545
  1.58872
  3.30038
 0.810032
   1.4273
  37.1775
  41.3555
  20.2875
  17.8236
  3.01678
  25.8065
  14.7353
  17.1715
  11.7979
  2.31709
   2.6641
  18.9966
  15.8634
 0.446851
  36.8016
  32.2684
  18.8364
  23.5908
   43.325
  38.8765
  33.1317
   1.2909
  6.11435
  3.93105
 0.569791
   3.5179
  1.78637
 0.852734
  3.80452
  4.39166
 0.750816
  1.64208
  5.79212
  1.23914
  3.23853
  2.76195
  3.93376
  32.9736
   26.764
  1.00149
  3.30477
  8.35292
  6.87344
  3.24248
 0.875353
  4.25409
  1.23741
  2.37823
  1.62937
   3.2239
  1.56863
  1.38113
  0.92415
  2.55721
 0.752693
 0.379468
  2.72379
 0.867702
  1.05588
   2.2574
 0.157578
  4.63373
  4.32073
 0.714912
  0.27841
  6.80806
  4.78975
  5.06134
  3.21226
  4.14402
  3.55452
  2.31349
   2.2502
  6.33225
  1.22391
  2.28253
  3.44369
  3.66609
  20.4552
  1.71799
   5.1792
  3.94358
  0.12167
  2.79952
  0.40263
 0.138229
  3.45375
  1.04765
  1.12303
 0.979354
  4.20713
  5.10076
   3.3813
   5.6772
 0.467551
 0.746911
   4.2796
   4.8841
  3.10272
  2.37383
 0.603905
  5.61397
    2.294
 0.578312
  2.50452
 0.561406
   6.4426
  3.72231
   4.4186
  5.91635
  4.69836
  2.02932
  5.62706
 0.592672
  4.80487
  3.63633
  7.26992
  3.65399
  2.45463
  3.15348
  1.16085
 0.495221
  1.43552
  3.95152
  2.17379
  12.4853
  16.0584
  44.4283
  3.11233
   4.3917
  3.44834
  1.09636
  2.99136
  3.37187
  4.73931
  2.01792
  3.28103
 0.779239
 0.092208
  1.21369
  2.26669
  21.3204
  3.42667
  1.76586
 0.394271
  4.81155
  1.35429
  27.9229
 0.522052
 0.242433
0.0896724
 0.887482