 12.5016
 26.5686
  18.082
 29.7354
 9.40494
 13.3365
 22.4836
 7.03618
 6.29854
 4.62384
 14.3262
 14.7568
 15.8968
  17.351
 8.24758
 9.48952
 7.55525
 6.77019
 15.6248
 3.38628
 9.97568
 7.61494
 17.8139
 19.4218
 9.95371
 16.1852
 18.1522
 7.92396
 7.86413
 6.69271
 8.88942
 4.16194
 21.9782
 8.05665
 3.36324
 2.79064
 23.8451
 2.54436
 6.89114
 20.6754
 24.5138
 33.1959
 10.7355
 7.54028
 3.83445
 23.9086
 8.20397
 7.73918
 14.5539
 13.5985
 14.4194
 1.43501
 6.88521
 17.5032
 13.3383
 13.7041
 15.7145
 10.7938
  12.636
0.684555
0.416528
 20.2261
 13.4382
 5.65139
 16.4566
 9.45537
 1.59458
  5.1939
  1.4143
  6.5848
 6.91674
  5.3434
 10.0028
 3.63993
 13.9108
 11.4627
 12.9353
 12.9709
 21.8971
 21.4947
 28.0187
 11.6535
 11.9092
 17.5714
 9.68256
 1.93218
 6.60461
  13.123
 9.13009
 20.3919
 9.03832
 5.89142
 3.74866
 9.96661
 11.5345
 6.68383
 40.8889
 37.3615
  16.138
 12.8565
 4.34476
 30.5353
 10.1566
 11.8288
 5.01847
  9.8157
  4.5568
 5.41436
0.324766
 7.34092
 4.12966
0.679266
 29.6285
 5.65716
 20.6844
 2.50952
 1.48153
 19.5195
 2.50806
 13.8644
 16.8866
 8.40672
 7.64495
  12.647
 4.26289
 4.51584
 7.01214
 2.99555
  8.8343
 19.9825
 12.7393
 3.64005
 15.9759
 14.2698
 13.7963
 2.69339
 9.30461
 3.56765
 6.02656
 19.2179
 1.80374
 1.75354
 1.89449
 6.74963
 12.9694
 9.55034
 8.92717
0.855271
 13.0494
   9.478
 9.85315
 2.37783
 1.74758
 2.14287
 2.83293
  3.3804
 30.6582
 7.05324
 7.05927
 3.59425
 5.08228
 16.7147
 17.0587
 25.0925
  27.227
 2.85192
 9.58326
 18.0046
 13.8745
 17.6454
 2.78464
 26.7884
0.685983
0.478968
 13.7961
 1.70168
 2.87583
0.846268
  1.2024
 6.37746
0.153358
 1.72173
 13.6606
0.815296
 1.56497
 11.5797
 5.82436
 2.31125
 17.9705
0.403995
 1.10689
 4.53719
 0.69511
 3.17544
 6.53268
 2.25948
 24.1792
 5.25417
 5.92188
  16.745
 6.34938
0.439107
 10.3253
 18.7166
 16.5921
 14.3139
 2.96978
   18.81
 5.96338
 28.4486
0.479058
 27.1143