 15.3677
 15.8047
 22.3897
 17.0069
0.982155
 6.28022
 2.91706
 4.06953
 9.51945
 6.07421
 4.65439
 29.3856
 3.74721
 13.1255
 8.19578
  2.2193
 18.2476
 9.95597
 13.3624
 3.76585
 1.82679
 1.07968
  15.413
 9.30055
 11.5528
 15.0915
 35.5896
 4.60743
 8.95129
 20.3756
 18.9424
 16.7905
 11.2175
 9.94349
 13.7155
 27.5141
 28.4217
 28.8916
 32.7796
 35.3985
 9.00737
 23.1043
 39.5783
 9.88804
 29.5743
 4.15747
 7.75392
 15.5371
 20.0663
 27.7296
 13.2999
 26.5792
 28.3773
  13.588
 3.05786
 11.5575
 4.93632
 2.26888
 7.96729
  7.6131
  6.7615
 14.5321
 5.76955
 6.11938
 11.2042
 7.20651
 6.34846
 1.11487
 19.0846
 10.1146
 10.4733
 14.4352
 9.11066
 7.96418
 6.55052
 8.64268
0.155877
 7.20619
 1.27847
 6.87318
 4.51324
0.520145
  6.5085
 1.50136
 15.4892
 14.1913
 8.43088
 11.6845
 18.4663
 17.6593
 23.4315
 13.3689
 13.6229
 8.43815
 13.9767
 34.9043
 14.5619
 15.9477
 12.3074
  33.861
  19.443
 29.9003
 26.0279
 15.1457
0.140415
 11.1253
  2.8373
 3.55145
 2.08418
 3.73537
 7.58979
 11.3869
 10.8913
 10.4525
  33.391
  2.2187
 13.6237
 48.1916
 4.30163
 13.6339
 1.77182
 2.69717
 10.5917
 13.4555
 12.2291
 3.72714
 24.7562
 2.05537
 26.7548
 14.5771
 1.26366
 10.4402
 11.7044
 8.80871
 9.62608
 2.37055
 8.82191
  35.392
 34.3226
 4.48606
 30.5068
0.846373
0.955868
 11.7901
 14.7035
 2.58946
 44.2337
 47.2159
 17.0968
0.015481
 8.03282
 19.3833
 4.04445
 10.5402
 8.36799
 1.84926
 22.8682
  16.298
 17.2275
 34.9807
 11.8446
 3.69071
  2.1667
 23.7803
  9.2366
 11.5367
 14.9997
 7.46659
 22.1017
 8.49452
 18.2545
 3.65674
 16.6784
  31.119
 29.2484
 9.70236
 4.78822
 14.8446
 8.64833
 7.02114
 14.2971
 6.91214
   19.12
 13.8579
 48.7129
 38.3485
0.207459
0.400034
 16.0056
 16.7949
 30.5611
 14.8675
 46.2397
 43.1535
 15.9888
 18.3296
 17.1883
 9.84986
 25.3445
 23.5159
 4.02279
 10.0514
   22.87
 15.3746
 31.8103
 40.8879
 8.20114
 9.08198
 9.54671
 5.06039
 13.9742
 15.0441
 21.6879
 21.5712
  19.895
 8.39727
 23.2199
 22.1037
 1.75311
 11.7475
 24.3461
 14.4026
 7.72842
 27.2313
 2.55987
 15.9141
 9.66237
 41.5448
 32.0249
 23.7737
 9.93457
0.258162
 3.39886
 38.7004
 17.1207
 9.91005
 34.1105
 19.5624
 10.0709
 35.0235
  11.931
  14.721
0.130283
 15.8172
  6.5252
 33.1519
 23.0067
0.519353
 16.4693
 12.0064
 11.8415
  32.666
   4.057
 18.8808
 37.3995
 36.4328
 1.46712
 16.5546
 3.50307
 4.79978
 11.1286
 32.5134
 27.5707
 4.13707
 41.6855
0.597287
 10.7327
 41.2357
 38.1235
 17.3051
 24.7855
   7.375
  41.512
 21.8758
 4.05604
 29.5026
 25.6619
  27.865
  15.556
 16.3306
 15.9364
 46.1567
 46.7202
 21.4276
 13.2272
 10.5422
 17.1455
 27.3781
 2.64111
 16.5357
  50.131
 16.7656
 12.3925
 47.2762
 32.0205
 15.2194
 18.3442
 15.1082
 47.9956
 23.7985
 31.8699
 51.9618
 42.0788
 47.2347
  40.916
 10.4884
  22.998
 21.9986
 9.89436
 17.2642
  16.831
 21.3265
 38.1906
 18.6323
 10.9032
 7.54393
 12.1948
 22.4957
 44.3784
 8.95217
 7.12322
 19.8041
 3.20907
 2.64033
 29.2507
  11.532
  21.021
 9.05763
 42.7667
0.329907
 22.3455
 4.21859
  19.941
  27.493
  14.744
 59.6135
  44.312
 22.9244
   51.62
 39.4243
 48.1433
 41.7615
 1.29689
 4.36387
 21.2169
 5.20002
 29.3489
 9.20741
  43.362
 20.1178
  2.1953
 14.6528
 33.0492
 16.2041
 33.6063
  24.212
  2.2706
 22.4236
 18.6181
 5.50415
 27.7685
 2.12514
 5.37644
 70.6319
   10.18
 9.17943
 8.02265
 70.0622
 28.3662
 17.7023
 18.6104
 23.4172
 11.6793
 23.2206
 15.9071
 30.4693
 34.4614
 13.7673
 12.5427
 16.3543
 8.71464
 10.3347
 20.4702
 9.95804
 1.92369
 2.40872
 30.5174
 14.8871
  14.244
 3.95721
 60.8744
  53.771
 9.02956
  2.6569
 18.2352
  27.665
 27.5117
 21.9883
 10.5567
 12.0773
  69.408
 73.0462
  54.282
 54.2067
 56.0847
 59.3245
 60.1802
 33.5511
 30.7793
  20.319
 33.7261
 49.4668
 46.3665
 47.8151
 52.5486
 56.7467
  63.837
 51.7983
 12.8621
 34.6679
  36.416
 40.3083
 46.5644
 6.73308
 7.35705
0.595476
 64.4902
 69.9211
 2.78032
 52.4224
 53.5545
 49.4093
 10.5427
 27.2068
 3.81728
 56.3756
 54.1955
 52.2025
 47.7077
 54.6023
 73.3493
 55.5569
 46.5835
 26.2025
 64.0972
 64.0115
 34.5932
 53.7307
 51.9675
 61.5141
  59.129
 51.1875
 74.3148
 70.9065
 67.1522
 60.8707
 69.5952
 70.5603
 73.4811
 77.9129
 70.1707
 51.3334
 38.9772
 52.6673
 66.1184
 50.6876
  53.795
 69.9679
 73.2163
 69.8634
 61.2039
  66.646
 66.4132
 69.9644
  75.692
 66.2197
  66.746
 68.8015
  54.775
 15.9328
 52.6093
  67.243
 71.8691
 48.4465
 70.3508
 72.0116
 73.7681
   70.38
 10.3296
 21.0985
 68.8457
 67.1881
 72.5368
 71.5293
   63.17
 59.6836
 70.2276
 62.7552
 62.2041
 71.0361
 51.8547
 13.4765
 72.7664
 64.5101
 77.5084
  46.723
 61.8403
 69.0283
  75.497
 78.6374
 70.2134
 12.5563
 76.6392
 79.7389
 65.6479
 71.2669
 69.7686
 71.2199
 13.0956
 76.2501
 72.5691
 75.4816
 75.6969
 66.3236
 67.6143
 72.6246
 35.6095
 68.6093
 70.0886
 73.3277
 10.2437
 47.4968
 58.8639
 75.7509
 71.3035
 76.0031
 72.1513
 73.1151
 72.3011
 32.1622
 28.0702
 65.0556
 73.1338
 83.9588
 73.5072
 75.6252
 68.1985
 64.1398
 26.6884
 70.6124
 71.0402
 77.7975
 69.1006
 16.6675
 10.1344
 6.92149
 10.5747
 20.5657
 13.0267
 74.2575
 23.4305
 44.3335
 60.7184
  1.9389
 70.6921
 8.31312
 2.78143
 27.5923
 20.7937
 3.66596
 27.7984
  33.675
 18.7531