   46.365
  32.0569
  43.6183
  7.17872
  4.33666
  24.8182
  38.1398
  41.8336
  16.5415
  6.91237
  38.3017
    36.96
  37.2007
  32.0305
  25.6022
  26.0506
  25.4741
  43.7844
  42.9822
  35.0775
  45.6007
  25.6592
  14.8777
  42.3745
   23.994
  22.5266
  37.8003
  17.0757
  43.3755
  15.8273
  17.7514
  23.6404
  22.4849
  29.1251
  31.2228
   34.465
  6.62306
   4.5135
  3.04597
  3.24446
 0.322244
   2.7911
  3.32226
    1.344
  1.15981
  5.22817
  22.2953
  4.10182
   1.3531
  3.28896
  4.42548
  26.1967
  37.6712
  17.9755
  6.22829
  1.34523
  2.76242
  2.43162
  42.3602
  7.87549
  22.2175
  33.7609
  3.54469
  2.85097
   2.2489
 0.733364
  35.4015
   2.1511
  4.95609
   4.1452
  2.56476
 0.340988
  2.35356
0.0784356
  4.92691
  28.3994
  42.1044
  4.29809
  18.5025
  18.2058
  15.1053
   4.6639
  2.44193
  2.73671
  24.7701
  14.6932
 0.330666
  31.0697
  23.5837
  28.5337
  37.0847
  5.40076
  5.44164
   7.8881
  1.94871
  4.37956
  4.80564
 0.041947
  2.65717
  1.38761
  1.08438
 0.266857
 0.531695
  1.74306
 0.228043
  1.65767
  1.49525
  2.92552
  4.64809
  6.68141
  1.33971
  5.90967
 0.607346
  5.26185
  2.98701
 0.222314
 0.289065
  1.40247
 0.824759
 0.871657
    2.378
  2.67477
  1.25888
  1.01073
  1.53255
 0.109673
 0.287559
  1.55608
  4.66743
  2.60939
  8.58719
  4.68293
  4.12531
  11.3686
  3.77896
  4.03325
  2.39139
  3.12546
  2.54735
  1.22528
 0.943452
  11.2677
  4.42312
 0.858451
  3.42985
  2.74518
  2.75856
  6.17451
  3.25206
 0.761747
  7.08704
   0.3491
  3.12112
    4.562
  6.52237
  2.45407
 0.276285
  4.35081
  5.40876
  1.51313
 0.315399
  2.25356
  2.08308
  3.16132
  3.70913
  3.86791
 0.696913
  8.42484
  0.77136
  3.65352
  4.32367
0.0412787
   3.3945
  1.33698
  3.72179
  7.79386
  5.72254
  7.69444
  5.71138
   5.6636
  1.09365
  5.13055
  3.93338
  5.53121
 0.245851
  4.23726
  1.95146
  2.24821
 0.117606
  1.65789
  2.62456
  3.27808
0.0527348
   3.2864
   4.7446
  1.67727
  5.14861
  1.97587
  2.36687
  5.49797
  4.50364
 0.080297
  2.64414
 0.477582
  4.51694
  1.57581
  21.9611
  3.46015
 0.422241
  5.25102
  1.51866
  2.06249
  2.24804
  4.54951
   45.593
  3.02344
   7.6566
   4.0943
  2.81453
 0.194901
  11.1813
 0.123215
  14.3656
  0.74314
  3.27778
   3.2515
  7.99727
  2.28405
 0.534878
  4.20274
  8.37541