40.0849
87.1161
41.2133
 53.139
56.9571
 69.128
60.1275
63.8002
 62.086
68.1379
63.4329
71.0117
53.6443
55.9416
79.5059
45.1386
65.3754
60.1752
72.5069
47.5605
 59.668
46.0492
45.1382
52.3619
 43.518
45.8515
54.9217
55.4851
57.4338
56.4952
62.5279
54.5564
 60.302
53.7521
53.4461
29.1833
 73.721
52.6415
52.0641
78.2028
43.4069
59.8934
52.1542
52.2411
 78.204
78.9662
84.2058
15.5605
80.6072
68.5465
44.1628
36.2451
64.7511
85.7898
 71.631
39.1446
 39.035
80.9923
52.2658
42.6868
53.5306
53.7237
57.5142
31.9732
57.0037
61.7341
49.5509
41.6058
48.4172
50.3339
 61.588
87.9543
86.4301
41.5932
 84.032
48.7328
80.8925
76.1426
86.1583
68.7405
 48.301
86.3662
 86.867
67.7672
53.7748
 41.702
59.7305
42.2112
66.2394
87.8059
27.0951
60.7922
 39.428
54.3295
 50.315
76.5984
64.5728
45.1216
27.6403
56.0623
57.0078
61.5319
38.9387
57.9059
46.8762
66.7392
46.4152
46.7571
34.4128
52.7563
60.2405
45.3213
55.6997
56.6748
49.1635
44.6301
55.6572
36.8669
 54.242
55.1699
39.8934
25.6174
88.9951
35.2409
18.0901
35.1937
39.7737