  0.68283
  4.06771
  2.35392
  8.52611
  10.7966
 0.115405
  6.46476
  2.45765
  9.82794
   11.463
  17.7102
 0.648224
  5.45119
  22.4298
  2.60043
  1.83525
  18.8798
  3.69284
  3.44735
  15.9444
  21.2374
  22.9822
  18.5523
  6.78996
  3.45178
  9.34257
 0.861901
  1.89934
  27.6747
  9.54646
  11.4118
   6.3201
  4.65254
 0.659259
  1.88912
  1.25813
  9.80834
  17.7609
  22.2448
  1.18475
  12.6538
  4.34951
  6.22354
  2.63137
  10.9228
  36.9197
  26.1817
  32.8162
  7.76824
  4.25384
  12.9856
  7.52522
  15.6809
  4.81713
  15.7721
  22.8682
  21.3688
   2.8485
  9.51958
  6.72196
  3.46591
   26.849
  3.30502
  4.25425
  1.87195
  6.34588
  2.20347
  10.0548
  13.0312
  11.7444
  7.34182
  31.9027
  6.98116
   9.1223
 0.261424
   25.875
   20.925
  24.8779
  15.3231
  3.87072
  16.5688
  3.55994
  5.22009
 0.575907
  9.69848
  11.2407
  8.33968
  9.89203
  11.8371
  11.9333
  13.8897
  5.51566
  6.77082
  11.6079
 0.102596
  6.51987
  10.4668
  4.59482
  28.4552
  3.61504
  8.19985
  4.11697
  9.72007
  4.62692
  2.95722
   18.186
  14.7114
   24.354
  5.08707
  10.2306
  9.93149
  16.1903
  4.62144
   2.3461
   0.9233
  7.65397
   2.2777
  21.5492
  10.6415
  14.4462
  14.9224
  4.39975
  4.73398
  13.4416
  23.6117
  1.81482
  7.72408
  1.45672
  16.0788
  12.1501
  13.9305
  3.41551
  9.02785
  0.91086
  20.7337
  4.90568
  5.54939
 0.188652
  2.93192
  2.12213
  23.8695
  9.33869
  2.99188
  27.3408
  3.46133
   2.9353
  15.7741
  26.8451
  21.1236
  22.3534
  3.72498
 0.292124
  10.4827
  12.0034
  2.20476
 0.638536
  1.23092
    6.902
  35.1403
  2.42493
  7.23534
  6.15661
  26.5279
  21.5312
  9.09786
  9.68111
  11.0505
  4.95167
   4.1258
  12.9618
  11.4484
  22.4769
  0.80887
  29.1821
  5.89532
  3.86638
  21.5428
  22.0422
  17.5924
  19.7766
  6.66216
  1.44722
  7.01237
  9.84012
  3.83649
  3.77316
  6.40204
  24.3479
  6.73584
  34.8032
  19.1022
  18.0274
   23.022
  10.3195
  23.8589
  3.58633
  43.1563
  26.6256
  21.8944
  4.90983
  2.06128
  10.8818
  12.1612
   11.986
 0.471889
  1.24821
  1.64767
  7.89787
  10.0641
  33.5089
  6.76767
  4.16225
  9.18797
  5.14635
  5.40243
  4.97943
  4.14986
  9.75302
  1.68518
  23.1214
  4.91539
  16.7038
  26.3793
  22.6524
  18.1971
  1.94202
    3.856
  8.77316
  3.66575
   16.273
  32.3318
  22.1352
  14.3516
  28.9465
  12.5101
  1.76003
  20.6198
  17.9097
  5.68326
    11.67
  7.90872
  9.06701
  20.7888
  28.0468
  6.58235
  6.40932
  22.7695
  27.2042
  20.4987
  1.05174
  22.1712
  25.1188
  12.3326
  10.4201
  20.4868
 0.580801
  7.88652
  1.22727
  26.2279
    18.17
  8.83183
  16.0637
  11.5461
   11.066
  17.3583
  26.3218
   29.623
  27.0004
  28.1727
  4.91545
  23.6762
  29.0801
  26.0611
   26.853
   16.152
  5.15758
  9.48696
  30.2844
  8.62284
  5.82521
  18.8694
  34.8202
  7.64028
  19.6489
  43.8519
   6.3444
  6.35706
 0.322397
  6.89182
  22.8973
  20.0682
  17.0326
  7.92133
  21.6692
  2.59905
  18.8602
  18.2593
  27.4271
  16.2114
  7.15774
  22.5911
  19.2983
  16.6152
  1.75026
  29.5257
   15.507
  15.4217
  6.10296
  17.8182
   5.5911
0.0529845
  31.1312
  2.60021
  21.8526
   2.4103
  28.6354
 0.328512
  9.99848
  11.2409
  17.7926
  3.31161
 0.922613
  15.3914
  20.9807
  27.0311
  36.3768
  3.44001
  1.90667
   8.2578
   19.718
  15.1043
  15.5859
  25.1834
  23.8661
 0.212814
  33.4438
  20.9302
  21.3252
  27.5566
  18.2942
  13.2608
  34.4499
  25.7735
  13.8334
  33.9212
  43.0497
  23.1509
  7.93272
  2.11535
  14.0771
  7.59135
  5.56602
   8.2277
  6.82301
  4.27265
  1.56453
  11.9291
  3.46963
  16.6869
  1.77266
  12.6963
  9.51408
  2.13721
  4.64077
  15.6543
  3.72535
   2.8031
  7.98666
  6.78792
  1.77481
  23.1459
 0.207546
  15.8297
  5.25857
   25.229
  21.5289
  8.63541
  19.4721
 0.708179
 0.418064
  7.71018
  5.57587
 0.399159
  25.3922
  1.43295
  26.0148
  23.8547
  12.3885
  26.5883
  11.1998
  18.9567
  7.04772
  7.58521
  4.91881
  26.0097
  24.3595
  12.8576
  10.8533
   3.3251
  6.94866
  12.0133
  37.5161
   7.6904
  6.78943
 0.623136
  23.9458
 0.822406
  2.59392
  5.55301
  15.9733
  15.5126
   17.768
  26.4304
  27.6194
   35.845
  4.25778
    28.78
  26.8921
  22.5214
  22.5784
  10.0402
  12.4576
  3.00981
   4.7053
  22.6137
  29.7385
  28.3775
  4.47756
  9.74825
  17.3863
   7.4784
  15.0657
  18.5779
  22.3417
  25.7194
  11.5416
  28.0522
  11.6807
  15.7814
  14.3516
  3.61633
  4.82882
  11.2734
  21.4173
  8.25828
  18.4609
  25.8828
  22.3593
  14.3142
  23.6122
  3.15949
  7.25371
   7.2952
  11.9767
  11.7305
  4.21938
  2.45952
  5.10671
   5.1308
  6.06632
  26.2685
  8.94623
  13.7424
   12.098
  44.0192
  3.07592
  5.80671
  16.1504
  21.2205
  18.6993
  32.9394
  24.5118
  14.5266
  19.6875
  17.8391
  15.4881
  12.8624
  9.04683
 0.740729
  18.2714
  7.41019
   21.514
  31.1451