  7.66192
  8.83836
  3.22536
  34.6363
  28.6222
  3.86255
  13.7524
  4.65567
  27.0239
  9.53938
  10.3107
  17.4483
  17.8586
  1.85122
  2.93501
  12.0991
  17.2365
  22.2349
  2.42407
  22.8448
  8.62265
   10.589
  8.92043
  1.33616
  3.12144
  5.10035
 0.227201
  7.77034
  9.29558
   11.234
   12.015
  8.33622
  14.7157
  18.8952
  10.6641
  17.5583
  16.7403
  5.43113
  2.91553
  2.21072
  44.2682
  12.5404
  10.6032
 0.922481
  14.8146
  25.1401
  13.7092
  14.7232
  12.8136
  20.4228
   23.057
    34.65
  26.3141
   36.551
  2.71441
  0.21756
  8.34368
  16.9452
  4.28336
  15.6205
  1.04953
  22.7334
  27.4389
  5.53165
  10.8238
  4.45057
  2.62525
  1.18849
   18.873
  5.48245
  5.93457
  24.8383
  6.48489
  6.44118
  7.40606
  11.2351
  53.5327
  40.7822
   39.662
   19.969
   18.247
  21.1819
  33.8049
 0.262305
  3.49881
  3.53078
   7.4216
  9.60946
  5.55034
  32.3044
  16.4902
  15.1159
  5.04171
  12.7323
  16.5433
  3.65817
  14.1786
  6.98749
  13.6742
  4.66906
   1.0058
   3.3803
  4.72309
  7.53933
  5.39562
  43.7788
  26.2183
  36.0163
  13.7141
  30.0787
  20.0879
  9.87417
  8.97271
  7.88833
  2.35872
  59.5451
  45.9218
  16.4499
  16.7834
  26.5588
  9.75554
  3.46696
  10.9161
 0.799064
  27.8191
 0.720271
  10.8727
  35.1537
  18.8982
  4.72164
  3.56019
  9.67719
  14.6865
  9.45371
  20.5403
 0.360218
  5.54369
  45.5069
  25.9651
  23.6585
 0.663973
    17.81
  3.83384
  13.6248
  2.54586
  10.1218
  7.45066
  22.7464
  22.1128
  53.3329
  22.7238
  7.34229
  19.9509
  18.0594
  46.5005
  26.2399
  19.2457
  8.07893
  30.2569
  4.12835
  14.8821
  1.43215
   1.3968
  1.06631
  38.7355
  27.3019
  31.8783
  29.7969
  9.54936
  3.56497
   35.193
  2.28592
  25.0913
  40.5604
  45.9457
  36.3054
  23.1136
   28.621
  33.9343
   5.6636
  21.0376
  3.92386
  6.69324
  0.68064
  1.78141
  18.1305
  18.1007
  2.03538
  38.4546
  22.2204
  24.9453
  11.6062
  29.5471
  32.5484
  1.31766
  10.9298
  30.8399
  14.1286
  21.5119
  18.9629
  2.53587
  18.5382
  15.2327
  19.9919
  11.6111
  20.0575
  26.5337
  24.0525
  32.2488
  38.1014
   12.886
  33.6279
  11.9471
   14.994
   40.867
  11.6161
  15.5252
   4.4242
  37.1353
  27.3219
  28.4774
  22.5064
  5.81814
  15.7854
  19.7575
  18.1179
  31.1042
   6.0186
  15.4824
  31.9888
  19.3459
  2.59407
  22.6037
  1.86771
  18.1571
  26.9985
  14.0517
  12.5233
  27.0613
  8.22989
  24.7019
  8.15795
  14.8137
  16.7425
   1.1397
  19.2505
  36.0987
  43.7939
  2.38974
  39.8731
  38.5563
   31.807
  38.3661
  25.1414
  42.9611
  35.4169
  7.40332
  8.72895
  7.59026
  1.74253
  19.8165
  29.3481
  7.24954
  9.94008
  20.6813
  15.5227
   3.2757
   8.4398
  10.2696
   21.323
  21.1313
  23.2284
  39.8893
  19.6624
  20.8029
  10.0283
  16.8411
  30.0114
  3.79064
  8.82971
  27.5484
  8.12178
   21.132
  4.50085
   21.395
  6.46357
 0.837621
  10.9192
  41.1589
  11.4084
  1.97542
  26.1465
   15.308
  22.4347
  16.3549
  2.34836
  6.32358
  15.0921
  25.1329
  25.4646
  17.3315
  32.3374
    28.79
   13.228
  36.4655
  14.5443
  22.9556
  16.4979
   40.995
  1.10492
  24.7297
  35.9039
  50.2761
   18.915
  30.8306
  18.9971
  21.0452
  8.02845
  34.6636
  18.5174
  11.7536
  10.8438
   2.3113
  6.89112
  38.8039
  46.2382
   24.778
  3.13362
   34.674
  25.8861
  4.57119
  25.6474
  3.31457
  42.8258
  31.4344
  18.2279
  30.3798
  0.66687
  33.8901
  1.26847
  20.5007
  24.4418
  38.6829
   46.605
   31.517
  29.9357
  33.5901
  46.3841
  24.4299
   14.319
   5.5127
  14.1127
  14.9358
  32.0607
  37.1192
  25.1187
  38.0054
   28.251
  14.3618
  52.6856
  38.6604
  44.7148
  27.1673
   9.2411
  32.9571
  9.54549
  9.17514
  9.34899
  43.3618
     27.4
  31.0503
  15.3452
  13.9151
  16.9132
  49.2275
  23.2542
  14.4558
  35.3548
  20.6465
  28.7742
  19.7928
   13.035
  26.8974
  34.1737
  27.1328
  39.4411
  26.9941
  16.1344
0.0375038
  8.24999
  33.8528
 0.177414
  23.6887
  15.1098
  8.23394
  25.2884
  17.1763
  2.33991
  5.11118
  34.0524
  47.5169
  32.8055
  35.0442
  21.4163
  41.7831
   1.9761
  13.4582
  12.1183
 0.354524
  9.22263
  43.5569
  20.8571
  6.20623
  2.95215