    3.12888
    2.01553
    6.24573
    53.1457
    12.4465
    4.23968
      15.63
    6.97961
    6.95734
    19.2245
    0.93897
    2.63331
    9.75999
    6.97836
    36.4447
    17.3863
    20.2766
     9.8914
    6.93674
    12.8289
    10.3503
     6.3663
    7.90447
    4.84265
     17.111
     6.5164
    2.80532
    0.73117
  0.0316067
    14.8471
    3.19417
    6.17911
    5.25227
    11.6068
    2.37454
    8.87883
    15.0793
    9.77336
    16.2053
    3.68357
     4.4463
    4.61738
    16.5505
     14.577
    12.9376
    13.9896
    19.2738
    12.4384
    14.8072
    21.6125
    13.8165
    16.6961
    9.92678
    13.3894
    3.99095
    4.02696
    6.83818
    1.71277
     3.7834
    3.28821
    34.3844
    6.70545
    1.98293
    1.23158
    1.25777
    7.42971
0.000978907
    22.3515
     20.912
    9.42858
    35.1582
    35.5938
    10.4873
    16.9211
    8.09005
    17.8587
    21.2261
    9.34565
    17.1842
    9.95405
   0.760605
    7.32447
    21.6071
     8.0127
    8.15104
      4.619
     17.173
    14.1047
    13.6074
    10.2275
    9.78574
    9.47277
    18.5579
    23.4833
    1.78996
    15.8637
    10.7226
    19.3124
    16.8371
    5.30905
    6.32337
    6.15754
    9.44977
    9.55856
    1.86678
    48.3875
    4.81949
    19.2653
    24.6568
    43.1025
    6.57306
    12.2093
    4.52115
    8.76775
    40.2696
     1.3624
    9.95275
    7.47741
    10.8447
    20.7892
    2.35977
    10.7435
    10.7068
    18.3698
    18.4629
    13.0702
    21.5754
    4.28709
    3.89834
    15.6678
    14.4769
    20.3006
    5.73721
     17.992
    11.7859
    5.77281
    43.9334
    48.9764
    1.30429
    10.4438
    6.60879
    2.36813
    6.82802
     4.4106
    26.5602
     23.872
    11.7501
    14.8445
  0.0889669
    15.1199
    32.7136
    33.1668
    26.6333
    4.94223
    3.49446
    18.1896
     6.4112
    13.7473
    2.11319
    10.1897
    12.8506
    2.86856
    27.3754
   0.378694
    13.0532
    12.7275
    12.5575
    2.12425
     8.7926
    13.8736
    6.62392
     6.4291
    22.6449
   0.586926
    14.7379
   0.113155
    1.62998
    5.93235
    14.2371
    6.36089
    30.1219
    32.0196
    15.0469
    14.9665
    14.4533
    17.7837
   0.698335
    6.74875
    8.92226
    21.8701
     23.259
     4.5482
    4.83672
     2.9468
    11.9825
    7.52434
  0.0293294
    10.5307
    1.66786
    32.5929
    1.80565
    20.2658
    8.22911
    1.31832
    10.3686
  0.0633603
    1.38603
    19.1962
    1.44559
    8.44471
   0.918465
    37.3889
    37.7824
    17.8062
     9.4002
    23.7932
    15.2953
    30.1948
    6.32661
   0.390695
    6.81753
    1.98335
    10.2245
     4.8956
    14.7161
    8.31923
    14.9251
    6.80981
    32.6434
    9.58308
    1.58677
    21.0184
    10.4996
    5.42821
    3.53193
    8.80558
    11.8002
    6.80252
    8.10099
    8.99452
    14.1086
   0.837518
    1.47229
    34.2755
    17.1601
    6.52811
    14.0119
    18.7595
     18.478
    14.1875
    33.1404
    5.44295
    12.0346
    17.1136
    22.6489
     10.944
    22.4516
    23.2578
    15.9096
    3.75539
    21.6211
    13.0782
    28.7437
    7.07443
    3.71337
    7.05359
    37.7919
    16.6438
    21.9681
    43.5441
    6.41414
      7.645
     3.4472
    40.4749
     31.165
    14.2243
     19.771
    7.40469
    29.1529
    8.05369
    18.1759
    9.31184
    1.50988
    28.6351
    33.8804
    31.3352
    10.0882
    30.5579
    9.00741
    29.2396
     8.4387
    5.12007
     1.1204
    19.2213
     41.822
    27.7229
    2.78038
     18.162
    45.7666
    28.1163
    5.88607
    43.9658
    17.8235
     35.756
    27.0766
     18.746
    39.1039
    25.2134
    19.7918
    8.95604
    18.0248
   0.889084
     12.319
    7.12871
    42.5948
    11.2936
    8.09008
    17.9137
    23.7355
    20.3818
     19.156
    36.3424
     33.342
    17.4893
    22.0391
     9.8424
    8.74932
    21.4494
    19.1794
    31.0081
    9.26925
    43.5473
     8.0729
    38.2526
    15.2608
    17.4089
    4.62511
    9.30665
    10.1714
    1.11813
    15.7081
    7.45654