4.03206
4.15265
4.35717
 5.2597
5.83439
 8.0571
 8.3934
9.34508
9.92107
9.93373
10.4416
10.4421
 10.722
11.3002
11.3587
11.3993
11.4187
12.1732
13.4665
14.1618
14.5635
14.8137
14.9732
15.1458
16.0904
16.6737
 16.681
16.9151
17.2381
17.4036
17.4128
17.6345
17.7674
17.9801
18.4192
18.6563
18.7552
19.0526
19.0673
19.3902
19.4077
19.5995
19.6703
19.8644
21.0701
21.1161
21.1879
21.2049
21.2148
21.6931
 21.892
22.1385
22.1613
22.2732
 22.791
22.9427
23.0341
23.4039
23.5157
 23.664
23.7031
24.3112
24.3559
24.4702
24.7489
24.8057
24.8526
24.9474
25.0744
25.5013
25.5069
25.5533
25.9627
25.9907
26.1397
26.1508
26.3313
26.4508
26.5797
26.5843
 26.705
26.7216
26.8869
27.1179
27.1239
27.1629
27.5744
 27.596
28.3789
28.4516
28.5476
28.6487
28.7476
28.7742
30.0342
30.2963
30.6478
30.8479
30.9615
31.1112
32.0848
32.2404
32.2895
32.5892
32.6164
32.8011
33.4119
 33.748
33.9809
35.2891
35.4959
35.9657
36.0825
36.1815
36.4414
36.5271
36.8724
37.4895
37.7031
39.3209
39.9145
40.6608
40.7072
40.9889
41.4524
   41.8
41.8053
42.2664
42.8409
42.8933
43.4412
43.5002
44.2241
44.2753
44.3787
44.5622
45.3224
45.3843
46.7137
47.0406
47.1174
47.5863
47.8889
48.5483
49.6083
50.1948
51.9884
52.0938
52.1474
52.1601
53.2545
53.3268
54.2158
54.6383
54.8929
55.4834
55.7834
56.7065
56.8658
 58.198
59.6015
59.9532
60.8011
60.9064
  60.92
61.7935
62.4484
63.9534
64.2242
65.5753
66.1683
66.1765
66.2442
 67.753
67.7796
68.3893
68.4204
68.9523
68.9623
68.9859
69.0114
69.6091
70.0104
70.0618
70.3889
 70.726
70.8701
70.9783
71.2335
71.5967
71.9019
72.3728
 72.909
73.0815
74.3629
74.4672
74.5674
74.5769
75.2602
75.3569
75.7465
76.8853
77.2746
77.5934
79.5658
79.7908
  80.72
 81.641
83.4222
83.8606
83.9197
83.9546
83.9835
84.5391
85.2903
85.4921
87.4781
87.5518
87.7142
88.3886
89.0023
89.5654
 89.828
89.9849