  1.34572
  2.75739
  3.60093
   8.8819
  8.64542
  4.38328
  15.0621
  11.4173
  9.90243
  10.6527
  9.25961
 0.753435
  4.62845
  1.79992
 0.681878
  20.9523
  4.98936
  4.19372
  7.39979
  1.91832
  5.74235
   5.1075
  7.23626
  6.70637
  7.70731
  6.78889
  2.66703
  40.3182
  3.34289
 0.735549
  3.11568
  1.95825
 0.716361
  4.70082
  4.07351
 0.105033
  14.4652
  17.6673
  17.3844
  24.8977
  10.0077
  13.2353
   18.689
0.0806092
  1.51424
  10.1312
  3.43795
  17.7667
  9.91069
  16.5314
  10.1384
  4.85881
  27.2604
  3.76948
  24.1199
 0.818331
  9.19906
  6.04118
  21.8731
  5.19894
  1.49152
  8.52909
  3.98529
  5.32964
  3.50176
  16.5683
  11.5517
 0.369065
   7.0093
   4.1639
  1.05711
  9.81345
  8.94667
  3.89426
  9.48415
  6.52515
  9.31858
  3.18182
  1.42832
 0.554479
  3.24545
   3.5895
  3.09814
 0.929745
  10.8462
  8.41497
   6.2034
  7.49117
  10.1136
   12.518
  4.52163
  5.22478
   3.6149
   7.8268
  4.61183
  1.67742
  37.1244
  8.84344
  2.14189
  17.8291
  0.65683
  4.88344
 0.541255
  21.2742
  13.2346
   26.097
  19.2925
  27.2093
  1.34017
  3.48581
  13.6578
  16.2478
     8.27
  17.1008
  9.21434
  10.8733
  10.1925
  9.84357
  6.17389
  9.26523
  12.1194
  11.2544
  10.3901
  5.74704
  6.32551
  8.46329
   2.2167
  3.56392
  5.25987
  3.20529
  5.97661
  1.99443
  22.1674
  8.22638
  16.0867
  16.7524
  8.81604
  3.20931
  3.45781
 0.124488
   9.4267
   6.3168
     3.36
  27.8775
  28.4352
  20.7163
 0.891016
  6.02461
  42.1488
  8.98247
  12.1764
  4.60179
  6.69265
 0.944567
  25.1167
  8.47631
  2.03356
  6.64293
 0.101436
  9.45745
  5.75652
  7.92438
  19.5068
  18.2199
  9.05828
  35.6513
   27.506
  2.13234
  1.81973
   15.392
  5.08623
  7.47098
  18.3805
 0.440298
  5.39411
  5.51345
  8.83754
  6.46784
  7.99665
  18.9857
  27.2845
  3.16633
  8.33141
 0.873111
 0.914395
  3.08851
  10.7348
  2.79584
  25.9078
  3.63285
   3.3779
    3.893
  3.66657
 0.607211
  17.9062
  24.1087
  7.63153
  7.83886
  9.51398
  3.49899
  3.01974
  27.2714
  25.8464
  19.4556
  16.1187
  25.6468
   20.002
  13.2852
  26.9955
  2.59865
  7.82349
  15.0234
  1.32657
  3.43311
  9.77537
  19.3916
  1.74615
   1.3566
  1.64238
   14.157
0.0135808
  15.8108
  3.11583
 0.761702
  5.07006
 0.358645
  3.18152
  3.15921
  5.94164
  27.8056
  3.60472
  17.1668
  24.1891
0.0243791
  6.32486
  6.42819
  17.3388
  15.2355
  21.8072
  1.03207
  1.39206
  1.87084
    13.87
  9.92729
  9.23386
   15.127
  34.9843
  11.1421
  7.40006
 0.601333
  3.44209
  1.42379
 0.923989
  19.2743
 0.684642
  12.6325
  6.17403
   5.0099
   2.7929
  11.7271
  2.04426
  3.06109
  7.49219
  12.8831
  7.34034
  19.7181
  13.4756
  15.6047
  8.91732
  18.7401
  6.13396
  9.35561
   5.7031
   2.8556
  4.38386
   3.3827
   24.662
  20.4002
  5.72445
  21.9719
  6.63027
  4.73826
  20.2655
 0.970521
  4.31173
   4.7958
  11.3028
  8.31792
 0.973078
 0.173947
  24.4749
  1.03581
  9.51841
  5.87447
  18.8625
  11.4373
  17.8419
  1.56184
  1.75489
  15.2824
   24.204
  21.2912
   5.4762
 0.628831
 0.459047
  2.40986
  1.94958
  3.50189
  9.60102
  2.87731
  16.0965
  6.95676
  6.12171
  5.26371
  0.76421
  0.92437
  16.3763
  11.7176
  6.68551
  7.42579
  6.09798
  10.1905
  6.32862
  27.9503
   2.7861
  1.78888
  2.19542
  4.57181
  15.8467
  19.0158
  22.2049
  26.3146
  26.4664
  13.9091
  2.55912
  3.57468
  3.14666
  3.51013
  2.99897
  8.22183
  15.2891
  13.2581
  4.32317
  3.97208
  3.75379
  12.0706
  6.35684
  11.5933
  12.1364
 0.385282
  15.6047
  2.19436
  7.07522
  12.2444
  8.37391
  16.1179
  19.6593
   20.764
  11.6212
  9.92289
  17.5305
  2.16186
    24.82
  9.18455
  15.2024
  4.26351
   20.195
  12.6546
  3.31287
  22.3482
  17.9332
  9.71492
  17.8436
  4.28078
  23.2498
  5.23204
  10.5436
  29.9345
  31.8848
  3.47762
  13.6171
  2.35371
  22.8757
  15.6264
 0.960195
  15.9772
  8.48975
   19.659
  44.1402
  17.2586
  5.19692
  12.9643
  15.6822
  23.0142
  16.0966
  17.2365
   13.955
  14.3255
  24.4852
  4.17588
  2.94215
  11.5171
 0.615398
0.0162058
  8.39222
  4.74442
  24.5757
   11.165
  1.26626
  15.4925
 0.325966
   8.8155
  11.3215
  8.02758
  27.2873
  1.64595
  23.7878
  1.87223
  10.0976
 0.757555
  6.39789
  5.48837
 0.521346
  6.35828
  4.22676
  5.99222
  44.5159
  1.18987
   14.393
  2.39314
  4.54511
   8.5495
  23.4446
 0.431006
  11.6812
  12.6037
  1.33573
  11.6619
  3.98281
  3.72533
   2.1682
  10.9645
  1.81408
  6.34092
  12.5257
  6.52412
  4.72194
  14.4785
  7.25247
  13.9895
  44.6272
  2.25217
  11.5239
   10.284
  9.76833
  20.4025
  3.17868
  37.0566
   19.178
  20.3492
   11.562
  13.3009
  2.22656
  23.6618
  24.9884
  3.89572
 0.803525
  12.1369
  1.92204
  5.45185
  9.39988
  9.18629
  8.22217
   1.8601
  6.37839
  2.12928
  25.4898
  23.9477
  18.7007
  21.7413
 0.438299
  10.8754
0.0459008
  20.5219
  8.58814
  25.3053
  8.11018
   8.1198
  8.05676
  17.6372
  3.82829
  8.85585
  8.95537
   3.9559
  9.53666
0.0410108
  7.64679
  5.01652
  4.66263
  2.76011
  6.20191
 0.476285
  5.81418
   7.1002
  4.44161
  15.4025
  27.0029
  9.21395