  1.52072
  4.21107
  7.39259
   36.085
  42.9645
    21.88
 0.994672
  6.05991
  1.94468
  4.69269
  12.9197
  13.5013
 0.154239
0.0840413
  9.23259
  6.45215
  10.7176
  16.5932
  4.02153
  6.30504
  3.98143
  6.93179
  12.4304
 0.981496
  25.3847
  23.6832
  13.4284
  9.27761
  40.9536
  35.0104
  1.12284
  3.59538
  17.5103
  16.1434
 0.546414
  5.72682
   10.097
  15.0056
  17.7573
  16.0357
   19.284
  26.8534
  11.3345
  5.32919
  4.86857
  3.25777
  13.7158
  2.59285
    18.49
   2.7967
  1.32177
  5.95078
  21.4174
  11.1307
 0.129738
  10.0971
  15.0795
  9.96299
  1.66204
  11.8336
  17.5928
 0.410192
  11.9962
  1.58102
0.0802624
   2.5755
  2.77309
  8.30436
  1.68985
  4.73445
  8.81561
  3.36298
  22.6489
  5.60381
  2.73809
  1.91553
   7.8712
  7.99715
  1.56531
  1.72178
  1.65931
  4.36413
  1.82624
  6.81607
  9.94218
   1.0533
  9.05279
  6.08088
  8.68962
  6.18011
  2.59979
  9.66486
   26.016
   8.7346
  13.0312
  8.11498
   40.114
  22.0029
    12.46
   10.831
  1.45411
  6.99479
  12.7007
  13.9595
  44.3849
  33.6263
  30.9989
   19.508
   4.7224
 0.521873
  4.34468
 0.403067
  6.73855
  3.88809
  5.73307
  1.12253
  3.23908
  6.44714
  11.0313
  9.00805
  5.11616
  4.56081
  3.75393
  4.57531
  12.8989
  4.53773
  6.38527
  4.31445
 0.448121
  2.24613
  1.47225
  6.74225
0.0789793
  13.0989
  7.31969
  23.1956
 0.113582
  12.7063
   2.8486
  10.5214
  6.29419
   3.6027
  17.0023
  19.6548
  24.0203
  3.75911
  7.99349
  3.21411
  5.50135
  11.9606
  7.36578
  7.13945
  10.0452
  2.86623
  1.59104
  9.86771
   10.742
  1.42453
  11.0055
  24.8211
  11.5812
  27.1677
  17.5412
  12.3344
  22.5608
  37.2675
  16.8665
  11.8235
  16.0228
  17.7416
  14.6879
  14.1307
   12.268
  15.1868
  21.3299
  2.96646
  27.0291
  9.59843
 0.673921
  22.5332
  27.9715
  4.66854
  4.96812
  4.33916
  1.99455
  16.9378
   6.0175
  14.2307
  6.63619
  8.98957
  2.35265
  2.76954
   16.649
  5.63984
  6.38894
  12.1568
  9.75161
  23.1368
  2.08043
  2.60093
  17.5112
  21.8867
  9.94319
  24.0337
  12.3875
  14.6007
  21.0123
  42.6679
  0.97904
  26.6742
  12.0135
  22.9406
  3.73338
  12.6945
  18.2403
  12.9835
  1.02391
  1.05786
  15.3759
  3.24488
   2.3553
  8.43747
  5.21449
  4.06079
  4.05971
  4.11753
   9.2686
  22.5422
   5.4498
  2.45071
  35.6477
  19.1862
  15.3578
  14.4453
   1.5408
  10.1892
  15.1382
  14.3934
  6.10653
  2.21566
 0.872835
 0.652023
  9.33379
  1.46037
  16.5551
  29.7438
  16.9662
0.0157323
  10.6135
 0.808843
  7.82145
  5.98942
  10.4133
  6.05013
  13.1501
  8.25583
  3.36794
  1.58402
   23.795
  9.82757
  13.2097
  20.8551
  10.0391
   28.923
  28.6691
   22.629
  16.0722
0.0432387
  14.3298
  20.1161
  18.7385
  19.3948
  5.39123
  1.68675
  19.3831
   17.043
  8.89001
   2.9145
  8.05351
  12.1456
  4.22968
  8.98973
  22.0527
   5.7151
  22.3223
  1.10273
  31.6858
  34.4011
  14.4187
  6.94672
  3.20632
   4.6834
  13.1109
  1.36097
   4.5334
  9.58792
  12.1295
  17.2912
 0.729958
  21.2803
  23.8346
  24.7162
  2.52219
  6.62963
  12.3027
  12.8704
  13.9966
  9.76942
  14.9242
  16.2255
  18.7973
  7.10449
  20.2068
  4.13448
  15.5231
   7.5996
  14.6281
  25.5025
   1.8572
  1.22262
  5.64659
  9.44892
  18.8359
  21.2743
  19.6225
  1.23427
  17.5401
  20.5687
  10.3322
  7.03443
  8.17822
  33.2571
  31.9627
  3.17563
  9.52139
 0.702244
  5.51274
  4.74714
  25.2613
  7.70755
  3.25131
  4.90084
  7.58687
  1.81548
  8.36005
  4.50491
  12.9327
  2.64607
   14.693
  6.10946
  17.5488
  12.4864
  4.05038
  4.96898
  5.75628
  13.0197
  4.55827
  6.18926
  9.45424
  2.87311
  3.27635
  31.1795
  17.9244
   10.699
  13.4832
  8.52441
  45.2344
  21.9232
  11.1812
  13.4644
  12.5646
  1.05216
  14.1528
  18.3095
  35.0669
  27.9898
  32.4104
  26.7345
  2.76748
  20.6561
  13.9704
  47.1137
  29.7519
  27.0739
   12.643
  25.6009
  27.8788
  47.5268
  4.84202
  17.5358
  3.78009
  15.6845
  18.6772
  9.55054
  14.0374
  4.81275
  25.3288
  4.45136
  12.0452
  19.6047
  17.4027
  46.5834
  3.17985
  23.7084
  22.8262
  7.45115
  3.53576
  4.88429
   15.514
  25.1446
 0.325922
0.0819653
  6.18929
  3.42437
  9.58914
  43.6016
  18.6153
  21.8977
  24.3365
  5.24028
  16.8337
  8.79346
  8.86358
  7.14582
  10.7612
  16.8436
  12.6229
  3.19952
  2.76871
  17.1079
  2.89927
  10.0339
  17.5809
  11.5358
  1.40598
   33.298
   18.322
  10.6571
  32.7453
  6.39642
  2.86847
  16.0314
  4.18872
  15.8573
  18.4206
  23.5907
  45.7586
   21.454
  9.13547
  12.8028
  16.3965
  34.8809
  13.0806
  2.26953
  7.36492
 0.309494
  1.43114
  10.9326
  1.26962
  7.58902
  21.8852
 0.519579
  18.8545
  20.4543
  11.2928
  18.3887
  22.2461
  6.74919
  3.10402
  18.3295
  2.48921
  24.4318
  7.56071
  22.5946
  12.2697
  0.18107
   9.8956
  3.41428
  9.51014
  22.9839
  19.8484
  11.9643
  2.49198
  5.92791
 0.996753
  8.59166
  4.41405
   3.6607
  6.58001
  6.80242
  10.2185
   13.719