   3.4136
  7.92595
  2.05444
  30.5834
  29.2746
  9.96582
  39.5463
  10.2929
  17.4382
   6.6616
  19.9583
  18.0229
  25.7049
  17.9853
  30.8982
  27.4103
  27.8965
  17.3221
  47.1382
  8.89959
  26.4752
  10.6413
  9.29537
  10.9511
 0.540149
  2.80409
  10.2636
  1.67311
  35.1081
  46.0169
  11.8777
  17.9546
  14.8789
  2.78097
  17.5484
  13.1107
  7.65433
  19.2084
  7.79629
  15.1934
 0.571215
  20.8952
  3.08782
  4.64927
  34.5089
  42.4962
  39.9061
  35.3651
  2.45601
  14.9332
  5.55946
  7.71221
  23.7551
  32.2458
  27.4582
  24.9055
  27.1302
  29.7513
  32.4501
  12.9193
 0.206053
  19.3545
  17.0025
  14.4709
  4.34612
  23.4949
  16.0153
  30.1783
  25.3126
  9.20271
  2.37574
  6.25394
  9.66398
  26.2482
  26.8393
  2.89687
  26.9104
  29.2296
 0.164727
  2.06738
  11.8174
  3.95042
0.0017175
  14.1571
  5.81222
  18.4165
  4.06248
  9.96447
  48.0755
  42.7728
   24.839
  23.3518
  18.9539
  29.7608
  28.9488
  17.1152
  27.9371
  25.3159
  22.2994
  20.3666
   15.088
  30.1613
  24.3594
  39.5936
  46.1294
  15.7917
  11.7628
  13.0382
  8.95611
  12.4024
    5.892
  9.51536
  8.85991
  36.8747
  20.9161
  12.3188
  1.37921
  3.07061
  14.0423
  13.4672
  11.8806
  12.9901
  11.5974
  11.7895
  7.82078
  3.90069
  9.75118
  37.0381
  2.59328
  34.2448
  18.0938
  11.1396
  39.7917
  42.7491
   43.291
  54.2868
  37.8378
  35.7482
  13.6465
 0.842872
   18.972
  6.79673
  28.7067
  7.91133
  3.44635
  35.1946
  37.5185
  4.07613
  4.97036
  4.84816
  2.82973
 0.280999
  28.7915
  8.06212
  39.5624
  43.5385
  34.4033
  40.3541
  44.1141
  33.5515
  19.2246
  25.2654
  23.9812
  29.1946
  23.9833
  21.2706
  41.2271
   46.667
  15.2455
  6.60176
  8.72829
  18.0587
   6.7316
  11.8291
  28.3877
  27.7605
  51.7029
  20.5347
  5.95924
  21.4643
  11.6566
  11.4446
 0.147817
  31.7052
  9.57254
   9.1312
  14.8531
  10.6754
   10.499
0.0865004
  39.3277
  37.9477
   46.584
  37.6509
  17.3266
  8.97666
  17.3192
  5.76466
  51.3046
  45.6256
  42.5969
  33.1312
  47.2655
  38.5787
  27.7767
  22.7409
  40.4375
  14.6877
  2.68432
  32.4265
  21.3388
  1.11452
  42.1333
   52.654
  9.17457
  7.18191
  10.4602
  7.28246
  31.8451
  2.33326
  6.21468
  15.1692
   17.342
  21.1825
   3.2865
   20.168
  1.05142
  53.1674
  33.0277
  11.8071
  39.9038
  7.96981
  14.8873
  8.69472
  11.9254
  2.21625
  9.36544
  11.2978
  19.3566
  5.16616
  22.9701
  7.66874
  2.76773
  10.4213
  13.0326
  13.7943
  38.1984
   45.629
  17.2858
  41.9311
  58.9869
  60.8923
  52.4892
  62.8868
  55.0903
  7.67548
  18.8959
  4.04022
  7.60438
  53.6833
  17.4443
  41.8132
  36.6931
  30.7255
  36.5811
  6.76903
  14.9054
 0.121317
  7.18085
  37.0118
  17.2713
  22.1404
  22.1664
  24.0975
  7.36183
  22.3124
  29.4366
  3.18123
   9.6219
  7.69126
  1.33849
   0.6158
  12.3916
  7.77129
  36.7884
  8.04003
  2.20559
  13.9419
  34.3549
  39.1617
  30.7311
  38.0884
  33.1464
  22.9348
  12.7504
  55.6058
  41.5404
  18.5361
  26.2455
  37.8494