  12.1541
  5.63189
  6.80003
  33.7062
  3.92933
  24.6915
 0.165823
  5.29551
  25.7057
  12.9771
   2.1006
  5.24674
  14.3215
  9.68522
  6.12411
  31.4382
  36.4266
  5.59196
  1.35434
  4.04416
  5.89043
  15.6374
  17.0144
  3.62867
  11.3368
  25.2998
  30.1947
 0.447653
  11.6051
  1.16849
   16.078
  13.9881
   17.189
   11.784
  7.05873
  26.2828
  13.8557
    3.702
  20.2485
  6.06519
  20.6927
  3.96067
  8.36762
  8.71654
  10.7205
  16.7634
  4.97308
  12.5918
  35.7594
  24.0516
  7.49607
  2.52157
  27.1793
  29.3257
  10.8073
  25.7833
  4.57588
  3.20554
  7.13906
  6.36626
  1.57754
  28.9381
  8.16887
  6.39733
  1.07281
  0.53656
  21.8755
  9.02099
  4.83478
  10.9488
  5.78579
  1.96546
  3.24544
  29.3361
  25.0359
  25.4919
  23.6943
  33.9697
  38.9213
 0.109882
  19.1765
   1.1833
  15.9438
   9.3256
  14.7364
  11.0505
  6.89647
    17.88
  11.0505
  1.05558
  28.1279
  12.2687
  32.4428
 0.820006
  5.22981
  11.1844
  19.1343
  2.38739
  20.5039
   1.5164
  8.82199
  11.1581
  4.25258
  6.80597
  2.05152
  16.3415
  10.8231
  29.7296
 0.951459
  3.47504
  2.19005
 0.324444
  1.37082
  36.8063
  30.4166
  3.23633
  3.48221
  33.8312
  10.5803
  7.24886
  4.15074
  5.06084
  14.9249
  25.0683
  33.3758
  25.3908
  1.95994
  24.7298
  2.24224
  16.4647
  7.55103
  7.43974
  12.3936
  29.6174
  20.3864
  18.4005
  8.56906
   11.625
  23.2998
  13.1328
  22.5942
  11.0362
  2.27608
  21.6922
  7.50044
  3.02175
  4.95698
  37.0655
  27.5611
   1.9566
  15.1542
  15.7606
  2.16807
  21.7109
 0.893174
  10.7726
  16.3756
  14.5337
  18.0232
  20.2911
  28.1017
  4.78972
  6.31379
  24.4851
 0.179722
  14.2029
  33.1299
  21.8097
  29.9036
  30.8268
  22.6999
  14.2352
   17.458
  12.9071
  26.0835
  13.7963
  11.9093
  16.4788
  10.8848
  12.6319
  15.2746
  8.77992
  20.9482
  27.3382
  3.40147
  12.0648
  14.4411
  16.3681
  27.7909
  24.6932
  15.6623
  19.6767
  19.3159
   1.1862
  6.65942
   10.268
   8.8907
  9.59387
  29.7275
  25.1094
  16.4347
  23.7986
  26.6333
   17.088
 0.720781
  3.00706
  36.4653
  17.0939
  8.54357
  27.8788
  5.99092
  17.5856
  14.0242
  14.5008
  0.96651
   5.3086
  10.5422
  9.18446
  6.22878
  11.0257
   28.552
  10.8302
   10.964
  20.6086
   4.0417
   9.3297
  34.4921
  9.96665
  9.23264
  10.5338
  11.5796
0.0418383
  4.96495
  19.9511
  27.7939
  12.9467
  14.5644
  32.2759
  4.03929
  16.6669
  12.1701
  24.7763
  19.6947
  18.4255
   1.2749
  19.0053
  24.0424
  28.5029
  16.7509
  21.0995
  1.16345
  5.31279
   21.545
  2.18517
  43.4351
  14.0922
    4.397
  10.9111
  21.0736
  2.14579
   16.281
  5.12542
  10.6164
  11.7141
  10.3926
  20.9477
   20.172
  29.0983
   10.352
  14.4524
   2.7805
  18.1408
0.0222668
  9.69091
   9.6706
0.0524549
  16.3018
  5.16972
  25.8021
  32.1759
  20.1853
  22.6768
  18.8467
  9.00512
  18.0379
  3.83606
  32.7506
  11.0952
  16.7312
  22.1545
  2.60043
  10.0299
  21.9191
   17.326
  7.31436
  25.2141
  27.7166
   4.2579
  3.42214
  33.8067
  22.7539
   18.389
  4.11835
  20.5676
  8.66627
  4.46886
  34.3524
  22.2077
  36.1122
  9.12403
  25.0979
  27.0876
  18.3769
  28.8705
  15.0751
  0.63907
  35.1775
  23.9078
  34.5752
  29.8469
  23.6982
  27.1425
  9.26654
  19.9479
  8.66799
  27.2151
   14.412
  23.2713
  36.6679
  26.7839
  34.5926
  10.7524
   34.944
  17.6611
  17.6179
  28.6336
  29.7208
  26.7445
  26.1982
  23.5653
  28.4101
  19.7474
  42.6802
  37.3389
  22.0045
  40.6152
  37.0272
  30.3836
  24.5426
   21.772
  29.1081
  15.6308
  43.9986
  20.7783
  37.2853
  27.3265
  31.7198
  21.3064
  21.0112
  9.63796
  23.3907
  35.7343
   3.0622
  13.9226
  18.5278
  4.11861
  19.2005
  28.8991
  4.81041
  8.36599
  3.25639
  16.7208
  16.8368
  13.4739
  43.3262
  15.2461
  4.89653
   13.552
  6.53051
  10.4822
  12.8733
  8.75286
  25.2948
  24.6556