  2.15733
  7.08484
  18.5831
  42.3639
  43.1439
 0.336484
  1.62441
  15.8175
  3.89759
 0.929422
  48.2905
  37.7836
   46.417
  44.8407
  37.5595
  12.4869
 0.856472
 0.164608
  1.04563
 0.936468
  1.56889
  20.5328
  15.1229
   21.617
   1.0266
  1.98593
  4.06398
  6.48559
  1.50843
   3.1717
  18.6884
  19.2637
  16.6521
  39.1753
  44.0921
   0.9244
  4.70352
   4.0677
  8.55365
0.0452103
  6.37281
  5.03132
  38.8375
  40.7931
  25.8093
  42.8848
  28.4894
 0.261234
0.0899913
  1.42547
  10.2586
  4.68686
  26.1425
  23.7402
  15.9533
  10.3524
  1.60083
  27.4214
  40.0964
  0.45756
  1.16475
  3.84053
  45.8933
   1.8966
  4.87292
  35.4695
  21.6202
  24.7419
  17.3133
  27.0548
  45.9771
  1.69114
  13.1845
  31.5734
  35.2069
  36.9617
  47.6095
  41.5866
  3.99413
  1.14344
  31.1746
  36.0858
  28.1767
  38.2077
  30.6084
  19.4829
  40.9148
  23.0202
   37.459
  20.4107
  22.6297
  32.7939
  26.0422
   13.937
  13.9966
  16.1553
  26.0807
  47.7035
  36.8614
  22.5176
  20.5507
  30.1264
  24.1031
  24.2365
  37.9052
  11.6601
  40.4299
  9.47284
  48.7115
  43.6314
  29.6241
  25.3095
  21.6194
  34.9653
  16.4814
  19.2082
  32.8239
  23.7507
  11.1843
  27.7571
 0.951296
  2.06272
  18.1823
  28.3241
  15.9994
  7.50073
   20.838
  14.4657
  2.71337
  1.07663
  24.6407
  29.8445
  25.9491
   29.768
  22.4252
  9.12114
  18.0751
  20.4855
   2.6849
  1.31743
  3.78835
  1.28546
 0.034453
  3.70999
  5.11068
 0.663443
  3.58502
0.0698585
  37.5312
  12.9403
0.0446237
0.0409674
  1.16195
 0.293349
  1.23639
  31.5041
0.0388985
  2.93753
  3.99278
  27.2478
  4.93448
  3.96363
 0.414031
  21.8845
  2.85776
  7.80527
  15.3305
  13.6794
  12.8808
  1.37087
  12.0926
   18.697
  25.0916
  20.2619
  40.0409
  34.0204
 0.808928
  3.71673
  1.16196
  3.74773
 0.764013
  1.58348
 0.907984
  5.88435
  7.24531
 0.851972
  2.01465
  7.64176
  1.18005
  1.01641
 0.981463
  0.42337
  3.00874
  1.77535
  1.20711
  18.7318
  1.90364
  16.5523
  22.4663
  3.99436
  5.43385
  3.82447
  3.10954
   8.8932
  26.2891
  25.0142
  22.0399
  1.48513
  7.50882
  2.79895
  41.7628
  11.8351
   3.6265
  16.7291
  7.94371
  3.97983
  2.90179
  3.89917
   0.9343
  6.88641
  1.66873
  3.01752
 0.798083
 0.214855
  6.56166
  4.46734
  3.41342
   1.5817
  2.66848
 0.782862
  5.66628
   8.2567
  6.84006
  1.17124
  38.9357
  2.64668
 0.866827
  38.3121
  31.9905
  2.92161
  3.45937
  40.8079
  2.02274
   6.5033
  7.78801
  7.25417
  2.32132
  6.24183
   1.1956
  7.97395
  1.50802
  3.06214
  6.54934
  3.10199
 0.656956
  1.34742
 0.902068
  2.52991
 0.298985
 0.901382
  6.05015
 0.290704
  2.50344
  4.94849
  1.41205
 0.691702
  4.72295
   4.8954
  3.90517
  23.8798
  6.60256
  2.83229
  1.37604
  1.89037
  1.18647
  5.16497
 0.513382
   5.3168
  5.43195
 0.581836
  0.19174
  6.69169
  7.54142
  6.13377
  3.29514
  5.63104
  4.08459
  6.65387
  4.71031
  1.26343
  1.62464
  2.83422
  1.33403
  5.23482
    3.085
  2.19014
  1.13537
 0.645562
  1.16293
  4.35275
  2.03987
  8.14326
  4.72055
  3.89046
  8.90334
  1.86857
  1.05807
 0.984879
 0.152473
 0.511091
  1.53187
  6.63736
 0.872336
  2.83393
  9.11153
  5.33046
  5.95789
 0.474084
   5.1485
  4.92519
  6.19919
  3.40297
   19.148
    2.669
  1.79591
 0.674074
  5.23756
  1.46729
  5.75411
  4.39037
  6.99151
  4.39928
  3.81923
  4.22029
 0.897988
  3.01174
  3.41798
 0.878374
  1.45422
  4.33998
  3.39052
  2.35685
  1.33762
  4.40475
  2.55749
   4.1412
  29.7803
   4.3793
  14.4543
 0.132116
  2.71899
  5.23733
  10.5529
  13.3774
  31.2308
  24.4498
  1.88432
  29.0613
  23.3256