 7.80381
0.624542
 29.8314
 53.8566
 26.0295
 14.2981
 22.0913
 9.08748
 16.4748
 13.7579
 27.5025
 2.40008
 1.50821
 8.42839
0.535315
 9.33841
 1.15786
 4.86433
 18.0454
 10.7923
 25.6784
 5.18302
 19.0641
 2.17562
 9.30187
 5.50152
  5.2064
 7.58029
 4.78832
  3.9678
 18.5964
 21.2166
 22.3716
 16.0215
 18.6177
 21.0723
  34.858
 35.6291
  15.585
  1.9905
 12.6286
 8.95208
 16.7203
 3.26422
 7.04538
 3.73488
 10.6009
 12.3816
 6.93705
 7.68392
   16.09
 18.5089
 25.6957
 25.6071
0.671686
 8.86239
 2.88183
 13.2098
  6.7536
 1.06195
 31.8717
 27.1171
 7.27938
 8.77553
 11.3764
 19.5004
 19.3557
 17.5164
 15.1807
 30.6591
 24.9352
 32.8158
 24.8044
 9.68014
 9.17079
 13.1377
 22.8371
 2.15669
 18.3556
 21.9621
 44.0766
 27.8363
 39.6467
 21.8247
 25.4597
  20.186
 2.92413
 9.51921
 38.1829
 16.7728
  22.467
 6.55571
 18.1533
 21.0423
 8.13082
 23.9154
0.165801
 11.0214
 13.5658
  2.5628
 6.09201
 15.6305
 1.51945
 34.7278
 1.37434
 3.78938
 5.40895
 9.47672
 17.2013
 9.16159
0.333383
  8.5396
0.323333
 28.5336
 32.5929
 22.6915
 18.5464
 15.5441
 17.8032
 18.6168
 27.5087
 3.76601
 20.3046
 23.0458
  9.6588
 22.3005
  38.661
 6.81122
  4.9391
 19.0397
 9.98129
 13.3926
 9.23631
 13.4693
 25.3766
 24.6533
 16.1914
 4.79665
 23.0889
 4.77714
 1.41189
 12.2936
 13.1343
 4.64077
 25.7702
 3.00537
 33.9522
 9.76164
 10.4701
 7.95946
 9.92345
 6.11208
 35.8934
 3.48124
 30.1101
  38.154
 45.4364
 7.44169
 15.9825
 28.0677
 35.7965
 7.22632
   23.78
 12.2635
 3.08693
 3.67337
 3.92476
  9.7416
 36.7114
 6.96401
 24.6549
 2.07802
 21.4759
 10.8834
 18.3747
 35.7138
  13.729
 36.1876
 57.6077
 42.7126
 11.9167
 7.60987
  22.106
   3.549
 6.89371
 7.66484
 10.6843
 21.1899
 24.0446
 22.8161
 16.4451
 9.33599
 13.6993
 10.0997
 8.64896
 1.82804
 42.7735
 53.1211
 26.2477
 0.40791
 18.1921
 7.63643
 12.2567
 12.8304
 11.1804
 11.0573
 9.53931
 34.5923
 19.9531
 51.5068
 41.0195
 29.7577
 52.5245
 18.6204
 28.5766
 8.63105
 2.86732
 16.0041
 25.4195
 12.1853
  10.216
 1.51444
 6.61436
 17.5075
 6.52292
 24.4417
  8.9571
 21.8448
 46.9919
  16.048
 44.5449
 22.1058
 10.5948
 41.8478
 38.0282
 54.6019
 43.3608
  9.7725
 40.2931
 15.3599
 12.5524
 28.5726
 39.5296
 47.1117
 39.1907
 34.3356
 54.5349
 26.1368
 50.4774
 16.8026
 19.4359
 21.6686
 11.8182
 7.09367
 4.06766
 32.3208
 22.2973
 26.3151
 22.0527
 20.5358
 3.38008
  7.2611
  4.9252
 8.20027
 0.67301
 37.7302
  39.072
 16.3317
 9.10566
 4.89507
 51.0913
 52.3577
 16.2694
 45.5036
 15.4571
 10.2225
 22.5746
 31.6962
 41.7237
 8.44564
 22.7715
 35.0188
 26.7306
 19.2248
 2.15408
 39.8215
 11.7284
 2.35801
 25.4477
 28.6657
 10.6799
 36.8996
 47.0403
 28.3224
 27.9318
 3.53511
 15.4098
 28.2538
 17.4054
 28.5178
   8.323
 12.0156
 9.99688
 19.1681
  21.202
 10.5232
 14.9872
 19.3674
 3.63082
 20.5286
   24.02
  32.443
  15.375
 13.2498
 55.0518
 28.3716
 32.0579
 6.98104
 39.7574
 38.5378
 15.1926
 20.3333
 11.6226
 15.5634
 51.7352
  22.956