  2.01961
  9.80779
  6.28255
  12.5013
  15.4489
  13.8042
  7.32666
  4.98995
  26.9133
  17.0629
  9.68095
 0.752839
  12.9979
  3.41793
  13.2698
  10.1592
  7.47383
  31.7928
  1.18462
  2.70855
  10.1188
  10.5691
  24.4269
   4.6123
  11.3077
  16.4514
  2.36198
  5.17503
  20.7979
  12.4896
  3.14805
  2.31535
 0.936846
  18.5132
  10.3846
  22.9689
  1.85803
  1.17378
  15.3236
0.0406532
  11.1927
 0.429017
  3.10735
  11.0104
  7.37929
  10.5151
  29.0669
    13.85
  24.3484
  13.2337
  8.74652
  24.7868
  5.18527
     9.43
  20.7459
  10.7093
  10.0422
 0.543926
  10.4267
  4.52575
  2.35404
  2.00922
   1.2322
 0.418331
  2.79325
  1.09922
  14.1095
  17.4587
  5.86757
  1.69816
  3.60151
  9.74446
  7.43515
  9.25058
   13.053
  18.2147
  2.69033
  5.92038
  3.48677
  4.02671
  7.38772
  16.0741
  14.5378
  6.77515
  7.29842
  3.38022
  0.83719
  7.70654
  19.0247
  6.71423
  9.40535
  13.6242
  7.48815
  19.8643
 0.618113
  20.9844
  1.58954
  3.69926
  6.74761
   11.724
  18.0861
  5.78295
  4.95867
  14.5964
  29.7067
  2.32025
  10.2514
  1.61462
   11.996
  10.6808
   7.8623
  22.4871
  10.5625
  26.6048
   5.8204
  14.8122
  3.30082
  34.0914
   23.305
   10.978
  4.24881
  1.30796
  10.6224
  4.49125
  3.15589
  6.82576
  15.8431
  5.82485
  4.05479
  7.90933
  3.22899
  25.7821
  2.11635
   5.2404
  15.2856
   12.551
  6.84655
   7.1382
  30.2458
  8.96269
   10.263
  16.6395
  13.4742
  29.6604
  12.9086
  16.5133
  9.04204
   19.136
  14.5733
  30.6681
  16.5942
  2.44133
  18.7813
  26.9675
  18.7079
  17.3629
  14.8512
  18.6415
  11.0932
  6.88704
  7.77097
   1.5224
  1.29124
  4.98831
  10.8643
  3.91897
   12.656
  16.7859
  23.6771
  7.48253
  17.6036
  4.01381
  3.76132
  14.8194
  14.7365
  11.1049
  11.9785
  5.28343
  12.8421
  9.38656
  16.0161
  3.08746
  9.95758
   6.3363
  7.39023
  3.97529
  6.93548
  8.75939
  15.9302
   17.071
  5.10266
  25.1042
  10.3908
  12.8906
  14.1073
  12.8342
  5.03329
  14.4786
  18.7227
  10.8492
  7.64907
 0.534546
  7.14419
  2.40862
  14.0778
  6.61367
  2.99339
  1.62378
 0.154837
  2.42074
  16.4162
  4.24986
  3.92101
  2.19444
  4.67637
  3.44387
  5.49315
  4.96207
   19.212
  22.0031
  1.54907
  15.5138
  10.9642
   19.216
  1.60566
  26.6126
  4.67052
  6.59948
  13.1494
  8.12356
  9.82236
  1.83419
  2.22662
  5.64829
  23.3345
 0.754705
  22.2834
  9.22533
  1.01257
  9.29678
  16.5826
   5.7881
  2.07235
   3.0568
  8.25059
  6.56731
  13.8057
  7.58289
  10.2661
  9.08958
  19.4846
  12.1013
   1.8403
    1.141
  8.59871
  6.80551
  7.09608
  14.5391
  6.43665
  4.00944
  9.71442
  8.82288
  11.2284
  2.73254
  17.4509
 0.437773
  5.85351
  0.93306
  4.20721
0.0299717
   6.1332
  1.25193
  10.3087
  23.1343
  8.97125
  17.8557
  29.1379
  18.4069
  7.78439
  4.73552
  5.03827
  3.77586
  8.56414
  12.9205
  4.01837
  18.0137
   7.3527
 0.421701
  26.9865
   28.273
  14.7323
  5.38042
  6.47401