76.0775
74.7143
55.9247
59.9201
36.1299
47.3137
 54.472
 49.248
36.7272
41.2824
46.9421
42.4136
73.4299
76.9162
82.1775
68.7239
39.5558
39.6975
36.7069
60.2429
54.9425
43.8763
40.9701
52.8351
30.3294
 51.868
44.8013
59.7548
58.0354
45.9496
46.6785
50.6426
44.8986
 42.653
44.2756
41.7553
73.7949
48.9937
48.9937
61.2567
58.3234
54.4192
49.5135
37.5586
42.4198
69.4026
68.3391
52.6785
42.8221
59.7064
 56.358
87.7587
74.5132
32.9752
49.5742
17.1628
 60.422
31.2019
50.6419
67.3046
 27.186
38.9743
17.1007
30.0244
38.5586
55.5653
23.8821
 46.924
26.4987
30.3832
38.5788
37.8163
48.9437
43.0983
87.2222
 87.074
88.3697
41.2355
42.4084
59.1307
53.7701
39.8289
39.1265
42.1604
42.3865
33.5562
44.2255
23.3037
20.0819
49.7917
69.9007
 56.799
35.2318
37.5819
 62.483
50.9926
30.6904
 52.402
29.6927
50.5684
37.5413
75.4964
86.9874
25.8367
25.4973
33.9213
25.9819
40.7347
8.47016
68.7502
32.2188
58.7114
66.6079
59.9196
48.6545
50.6754
74.7255
53.0594
52.8491
 29.321
47.1975
28.6518
 24.867
58.1386
37.9946
  45.76
40.3948
36.4904
54.7984
58.6065
 48.189
52.8732
60.5669
38.7793
 42.813
40.5412
43.9508
54.8307
47.8424
55.0697
19.0357
21.3511
42.1965
17.2373
68.7253
 67.599
25.9268
55.8347
39.5834
41.7592
 40.587
22.9752
53.8061
44.7234