  9.16969
  24.8398
  1.11526
  3.92937
  5.25428
  15.1772
  26.0915
   1.6906
  23.9834
  9.96045
   12.155
  33.8563
  29.6211
  25.0242
  26.4482
  7.93201
  32.4347
  17.0425
  15.2084
  15.5035
  20.1747
  7.45094
  3.16958
  8.60657
  11.2756
  3.16612
  4.53204
  10.1648
  6.01421
 0.846807
  7.38436
   6.1706
  7.03764
  9.36779
  3.00134
  6.03542
  7.65578
  8.09871
  5.59036
  6.32913
  20.0075
   36.006
  18.4066
  6.84496
  33.5282
  24.6886
  21.0071
  17.8339
  6.27211
  6.55937
  2.55831
   4.5386
  29.7037
  11.7893
  7.83513
  17.8261
  22.3931
  13.9138
  25.7675
  26.3502
  29.9598
  17.9801
  16.2486
  7.76246
  13.6054
  10.4693
    22.27
  10.7888
  9.47322
  24.0297
  34.4087
  35.1549
  32.0847
  22.7338
  22.4619
   6.7955
  22.0342
   23.678
  11.0861
  32.1869
  15.5291
  43.1051
  36.3268
  35.0693
  29.7485
  11.8992
  7.51281
  1.96231
  19.9179
    6.124
   5.6235
  5.62585
  9.60028
  9.83121
  8.01291
   4.1571
 0.773029
  7.87071
 0.427125
  8.60963
  2.01202
  3.83734
  21.2882
  10.5723
 0.773653
  6.95615
  5.78704
  6.50823
  34.4776
  37.9362
  40.8185
  24.1808
  31.0497
  25.0044
   21.716
  14.0371
   16.702
  33.1606
  23.7494
  24.7304
   33.747
  28.9013
  5.11356
  5.74049
 0.914551
  8.33713
  3.54953
  23.9663
   34.648
  26.0167
  36.5773
  17.7261
  30.0187
  5.39283
 0.537605
  14.2875
  13.1734
  21.7058
  34.8375
  29.4409
  27.1763
  23.9515
  27.9404
   28.146
  16.1128
  27.2272
  45.0725
  27.1087
  40.5848
  38.7911
  13.0279
 0.143648
  1.12153
  6.42136
 0.949427
  1.63517
 0.962319
  8.77927
  2.39193
  1.91041
  3.05629
  8.59201
  2.17022
  18.8829
 0.442565
  9.72927
  18.5593
  4.38652
0.0579696
  1.03139
  14.1664
  14.9831
  9.22993
  17.1192
  15.8334
  34.3393
  22.5787
  32.8755
  28.9085
  1.99046
    0.821
  10.9286
  9.01569
  34.4963
  13.2584
  6.32064
  20.2898
  21.8566
  2.84685
   3.6192
  5.21986
   2.8742
  1.29621
  23.8546
  6.19461
  23.3142
  36.0623
  4.91545
  19.7638
  1.82161
  6.01514
  7.81189
  16.5471
  1.99051
  7.72686
  1.30753
  29.3753
  20.5486
  3.88523
  4.93857
  1.14166
  19.2809
  35.9397
   11.496
  7.53611
  4.34551
  27.1188
   43.966
  7.62239
  12.2555
  19.2676
  19.6005
  4.26028
  2.56128
  8.19763
   8.3622
  9.21428
  11.5161
0.0578003
  11.5654
  9.09893
  31.0008
  25.5591
  11.2287
  15.9373
  11.1152
  23.9698
   2.8324
  11.8746
   24.374
  24.6882
  5.46258
  13.2716
  3.86322
  5.36807
  2.42436
  33.7703
  5.06756
  12.6419
  37.8575
  8.50033
  17.2883
  19.8003
  39.6969
  7.36566
  3.10321
  36.6394
  1.67495
  2.81023
  28.2663
  26.4507
  35.6055
  42.1327
  25.4221
  43.1866
    8.387
  7.41293
  6.65115
  2.37804
   28.372
  7.59447
  37.0773
  5.97222
  5.65423
  3.59974
  3.71417
  32.1069
  7.47422
  2.01298
  4.58794
  8.23136
  5.86855
  10.8502
  6.99943
 0.269507
  5.36463
  13.0544
  41.7708
  32.1076
  7.74898
  41.8896
  32.4215
   30.342
  4.66616
  1.42038
  5.95971
  44.5784
   40.561
   5.2775
  25.2733
  8.79236
  29.6868
  13.3988
  44.0499
   4.1493
   17.078
  37.3313
  39.9272
  25.4766
  4.35866
  4.14213
  3.09951
  11.7946
  24.9966
 0.954935
  7.64984
   7.3293
  29.1257
  41.1511
  48.8643
  27.2552
   29.976
  9.21265
  31.3583
  11.8354
  13.4132
  31.6431
  25.0293
  38.8945
    30.43
  4.78747
  21.5326
  20.2121
 0.528146
  26.8825
  6.73331
  1.94611
  36.5358
  41.7254
  37.1184
  41.4693
  8.18137
  8.18891
  45.7569
  44.8487
  1.11677
  37.7196
  12.4073
  26.6951
  26.4838
  38.6252
  39.2917
  39.2368
  38.6069
  4.94423
  6.98654
  31.5465
  43.4423
  4.03885
 0.674891
   24.805
  5.81506
  3.03874
  2.93605
 0.097316
  12.0644
  33.0869
   7.1515
  35.1703
  20.6061
  24.5952
  5.57408
  2.80391
  33.1586
  21.5399
  44.2234
  34.0122
  5.98358
  25.0461
  14.2372
  5.80889
  27.7301
  16.7134
  4.32787
  3.66162
  19.7423
  37.8264
  6.27489
  2.09698
  6.56757
  1.83752
  6.08886
  9.28585
  3.89569
   4.1633
  27.0417
  33.2215
  32.2002
    22.47
  31.1463
    27.36
  34.8801
  31.1046
  27.0533
  6.51281
  34.6779
  16.0643
  25.7716
  26.5255
  40.9522
   8.2115
  6.74027
  11.1498
  55.9238
  49.3627
  31.7631
  28.7186
  32.3652
   9.5193
  39.2125
  5.11915
  52.2006
  7.87362
  2.18785
  34.4576
  34.2099
  32.5561
   22.639
  43.0288
  36.8192
  8.52852
  38.4429
  28.8708
  27.4664
  16.6991
  37.3077
  28.4639
  26.3612
  12.8252
  45.4479
  30.2993
  35.7188
  33.4164
   41.413
  2.27018
  17.4244
   28.875
  1.68322
   23.761
  31.4933
  21.9145
  39.8102
  6.86526
  34.6147
 0.284615
  5.01983
  8.14863
  8.84145
 0.278438
  4.84797
  35.8515
  6.64421
   9.6659
   23.992
  7.64877
  24.8706
  10.0122
  3.05784
  6.02726
  28.9279
  31.7947