   30.4763
   13.6031
   52.2831
   38.7036
   11.1942
   2.35359
   8.18287
   14.9222
   3.13117
   3.49252
   4.29005
   5.92519
   34.7385
   28.5416
   23.4277
   27.7594
   24.4655
   21.0089
    16.905
   29.8126
   11.9888
   11.1924
   8.21048
   9.36882
  0.405653
   1.54035
     26.22
     22.31
    2.9683
   8.14123
  0.248209
   2.49701
   3.68082
   5.66595
   5.27424
   6.70481
   5.27956
   5.08518
   10.9473
   14.6242
   10.6905
   16.0573
   13.2973
   9.10247
   4.14859
  0.638093
   6.75245
   2.49387
   11.0793
   3.47392
   31.9782
    20.067
   18.6048
   19.0473
   20.0863
   42.8839
    50.519
   3.06109
   2.90063
   10.1838
   5.81246
   6.44539
   6.37818
   1.71086
   1.47468
   13.6569
   6.10977
   1.88007
   9.02076
   4.71138
   3.40082
   6.00842
   5.38224
   6.05225
  0.792142
   1.70114
    5.5101
   7.93682
  0.403225
0.00357288
   18.3572
   30.1017
   8.02756
   10.2109
   10.5881
   12.4376
   5.79565
   12.5621
   14.6641
   12.7145
   2.59838
   1.47919
   4.33211
   3.09198
   33.4391
   30.0881
   31.2099
   28.5726
    32.061
   18.6917
   19.5481
   20.0108
  0.533431
   10.0068
   1.67599
   3.01332
   14.7228
    23.363
   6.06157
   9.17531
   11.5502
   29.2515
   28.2564
   25.2372
   52.2081
   35.3497
   60.8846
   41.2907
   18.8361
   21.2646
   22.5682
   31.1963
   21.5984
    2.0305
   24.9831
   4.17129
   30.9282
   38.9228
   19.1406
   27.8144
   18.3917
   50.6125
   17.5834
   46.9132
   57.0891
   11.6519
   34.6676
   5.34424
   7.35805
   3.08932
   26.6938
   3.31149
   2.78761
   7.13327
   32.5154
   4.82967
   6.62718
   1.73979
   5.39115
   27.8415
    16.181
   49.6185
   34.1951
    6.3661
   23.9199
   30.7126
    4.4741
   6.71972
   34.2279
    32.704
   13.5296
   2.79445
   49.2025
   3.71509
   42.2395
   34.4572
   27.2465
    8.1687
    5.7318
   12.6837
    17.929
   0.47777
   8.45873
   4.96645
   12.4521
   4.61891
   5.78039
   21.6477
   21.6828
   26.3093
   16.7865
   51.7008
   6.49292
   27.6497
   31.6328
   19.1082
   25.9589
   36.0835
   6.63186
   24.1796
   24.8852
   5.61591
   44.6773
   25.6345
   5.12491
   33.8666
   51.6328
    54.986
   29.5819
   37.0394
   17.2733
     22.87
   23.3989
   53.7237
   33.9757
   17.6423
   6.83074
   9.86228
   48.2734
   19.5147
   33.7386
   30.5325
   18.7781
   9.60764
   20.9674
   18.5913
   19.7606
   6.82081
   6.56076
   47.0929
   43.7997
   5.56734
   32.8563
    6.2908
    5.2967
   22.1485
   36.1494
   19.7378
   16.4502
   5.91484
   4.10743
   6.08224
   19.1481
   8.80581
    3.9996
   40.8615
   10.5822
   14.0354
   5.48914
   52.7699
   38.0077
    47.276
    23.903
   47.5143
   17.3755
   19.7247
   20.7851
   24.3835
   31.7049
   7.94694
   6.72981
   4.28554
    22.276
   4.29557
   5.11028
  0.624169
   3.24998
   1.99592
   16.6641
   18.0671
   8.69534
   21.2595
   13.1995
  0.443447
   3.72395
   13.4251
   12.8969
   4.59573
   10.7508
   22.4135
   10.5358
   7.58847
   40.2226
   24.4573