  16.3904
  33.8674
  7.71767
  2.57778
   13.958
   34.026
  42.1242
  9.03535
  5.41756
  17.6697
  2.96379
  1.47605
  6.47682
  3.20075
  6.56034
  2.96599
  10.6235
 0.852084
 0.815799
   1.2904
 0.255336
  5.48243
  1.34274
  8.92076
  1.66672
  11.4778
  29.2921
  11.5639
  3.96867
  50.0156
  48.2559
  20.8298
  7.17818
  4.51847
  11.6099
  3.76808
  13.8055
  3.57454
  29.3802
  25.0445
  32.6344
  27.1642
  22.0505
  21.7814
  5.06295
  12.1005
  20.4408
  15.9952
   7.7159
  5.21134
  5.93256
  1.41575
  6.04861
   1.0426
  1.93142
  12.1176
  7.94029
  5.91761
 0.907842
  5.12922
0.0738109
   12.954
  4.40273
  4.49597
  8.73748
  7.61546
  7.66213
   6.9538
  7.34816
  9.70945
  5.77642
   2.8771
   3.1969
  5.82358
  8.24011
  4.54594
  1.35544
  7.85889
  12.5369
  5.61248
  6.42833
  13.0992
  1.60012
  1.36807
  17.6232
  12.5033
    8.218
   2.8242
  9.43216
  4.91786
  14.7341
  13.3326
  6.42337
  4.94016
  10.2557
  6.57507
   6.9263
  9.84953
  9.34082
  11.0023
  6.87375
  35.9869
  31.2015
  26.6878
  25.8704
  6.19857
  11.5967
  9.94329
   46.113
  46.6628
  44.9423
  30.9244
  7.85294
  7.83697
  11.5513
  11.0197
   14.605
  17.4399
  10.8426
   4.2275
  12.2383
  8.48425
  14.8242
  3.12256
  5.02201
  4.99702
  2.27887
  2.36011
  6.35768
  3.98571
  9.44425
  11.3746
 0.654797
    2.812
  5.40408
0.0378246
  3.41218
  4.86429
 0.816645
  4.17247
  2.45615
   5.6553
  6.86928
  14.5833
   15.089
  13.4805
  7.41126
  1.16575
  2.95991
 0.384284
  2.59707
  4.28424
  2.08552
  2.94546
  25.6178
  26.6855
  6.93316
   17.093
   19.913
  14.5818
  4.01184
  26.7544
  9.61644
  13.1245
  45.5148
  25.4898
  18.8371
  25.4011
  20.8465
  44.6424
  15.0707
  51.1083
  1.15457
  5.30424
  22.2354
  17.5353
  5.20903
  3.02599
  31.6973
  9.54353
  3.50303
  26.0213
  26.8435
  9.50591
  4.05109
  3.87486
  3.93081
  2.37249
  10.0325
  6.67496
0.0952434
  9.09159
 0.569028
  14.7833
   4.5208
  9.18582
  5.20269
  4.21061
  5.19723
 0.844468
  7.83169
  5.68526
  7.49557
  4.93547
  4.76233
  1.60863
  6.76087
  3.64402
  45.6973
  24.1803
   36.353
   40.738
  49.3405
  11.8012
  1.08283
  13.3754
  14.6995
  8.22076
  8.36285
  15.2996
  35.9693
  6.86985
  17.4546
  4.25518
  7.96475
  25.6772
  6.46284
  22.6702
  16.6873
  8.92893
  46.5399
  19.5015
  36.1185
  18.1415
  33.5776
  5.02049
  29.6611
 0.577422
   9.7184
  18.6663
   37.115
  10.8749
  45.5518
  4.58501
  9.77563
  5.28376
  17.4198
  35.4404
  38.9262
  32.2895
  3.24434
 0.781591
  3.30673
  21.9487
  8.95677
  25.0481
    20.95
  3.61586
  37.4611
  13.9596
  20.6901
  26.9354
  22.4401
  1.10345
  8.29176
  44.0981
 0.947902
  13.3205
  20.0476
  1.52015
  17.2553
  27.7041
  1.17589
  2.66072
  8.64797
  34.4191
  9.33177
  2.51039
  2.49595
   32.532
  35.6554
  33.5674
 0.193365
  3.22845
  6.40801
  42.8309
   13.987
 0.969756
  23.6737
  10.0299
 0.554134
  18.5667
  3.54766
  1.75063
  14.1232
  2.02894
  52.3243
  6.12157
 0.141028
  6.90912
  14.9826
  1.56226
  24.6064
  7.68394
  1.79698
  4.16767
  3.99023
  5.70691
   7.3877
   3.0457
  1.73985
   8.0745
   1.6273
  2.81712
  2.13716
  25.9512
  9.62742
  8.59582
  4.63559
   3.1157
  7.77906
  2.80785
  30.7355
  19.1508
  3.40669
  31.5309
  13.9065
  30.4399
  30.4885
  25.8025
  40.6315
  38.8383
  22.3957
  21.0651
  37.4233
  3.53528
  27.4871
  25.2889
  17.9531
  33.6006
  40.6397
  26.5121
  38.0012
   42.851
   31.847
  39.6498
  30.1617
  10.4968
  37.4592
  30.5115
  9.59504
  5.47467
  13.2843
  8.49064
   6.3899
  5.60298
  41.3211
  23.6442
  22.5966
  39.7251
  25.7815
  26.4943
   20.615
  19.2315
  35.8071
  26.6654
   35.728
  4.25246
  1.91764
  22.5186
  5.14154
  11.7543
  30.9078
  5.48032
   36.928
 0.112904
  42.6335
  2.58904
   24.975
   22.031
  44.3978
  27.3915
  6.96796
  48.2078
 0.194937
  16.3438
  13.2919
  31.2126
  42.3782
  38.7195
  2.86341
  4.58919
  7.39472
  15.5425
   32.681
  23.7272
  37.1812
   27.246
  17.0761
  9.24945
  8.00152
  3.13967
  1.79138
  22.6367
  53.8775
 0.203507
  10.2744
  3.82685
  7.42432
  9.68322
  3.34729
  4.90572
  7.36078
  9.24007
  15.7591
  6.63751
  15.4822
  8.45335
  2.35238
   14.688
  3.71438
 0.601667
  1.42212
  18.5374
  17.5477
  4.64464
  6.99949
   8.4379
  5.66104
  4.20646
  22.1724
  9.38811
  1.57617
  8.62588
  11.2285
  13.6059
  22.0716
  33.8063
   19.225
  5.73001
  7.92952
  21.1599
  13.4544
  7.83324