    11.27
  10.0199
  1.19845
  7.50888
  4.40634
  3.33063
  6.17416
  3.59849
  19.3465
   36.434
  32.0534
  28.7193
  9.21682
  9.66568
  6.24033
 0.539235
  11.3363
  23.5812
  7.21353
  20.8564
  25.3035
  23.2593
  7.39639
  28.4527
0.0161515
  12.0077
   12.523
 0.287599
  2.03535
  6.71102
  13.8333
  12.3177
  1.14973
  22.0299
  23.7406
 0.629187
  3.61122
  4.68032
  10.0624
  12.0596
  14.7752
  7.17496
  1.65085
  12.3659
  1.97517
  34.5281
  33.7367
   27.037
  22.4754
  26.8222
  14.1293
  26.5576
  23.6388
  29.4651
  8.73711
  9.82994
  2.87283
  1.72744
  17.4015
 0.814169
   12.202
  14.5917
  17.1712
  15.0288
  8.66537
  8.75816
  5.30018
  14.7672
  2.05143
  8.31948
   7.9826
 0.364048
  6.76965
   1.5045
   15.784
  16.9609
  8.74787
  9.87815
  3.92496
  8.05895
  5.37417
  2.69846
  13.4192
  1.54907
  8.17735
  10.3994
  9.18947
 0.939375
  15.8617
  1.63095
  18.0776
  17.5322
   19.771
  19.3772
   22.851
  25.4626
  14.3671
  17.4269
  8.37889
  8.92822
  22.3652
   29.409
  23.0724
  26.1175
  30.4307
  8.24396
  20.6172
  4.35425
  10.8771
  9.38105
    16.48
  14.3477
  4.14975
  9.28105
  13.4685
 0.359306
  9.96048
  11.1463
  9.26039
  23.5114
    20.68
   23.803
  7.41812
  0.22868
  14.9149
  18.0829
   20.307
  29.1142
  26.0008
  22.6586
  29.2984
  4.90335
   9.7077
   18.219
  2.96945
  7.44078
  4.88163
 0.394852
  34.2944
  28.0292
  8.76609
  9.71454
  6.89168
  10.2486
  1.43083
 0.547315
  1.21292
  11.8415
  28.3784
  27.5137
  11.3982
  31.1619
  20.7416
  32.4523
  11.2216
  8.46048
0.0227093
  17.1398
  13.2205
  25.4967
  29.0609
  10.4207
 0.168904
  3.08055
  10.4293
   14.932
  2.11243
  13.6494
  35.7682
  21.5245
  12.6157
  23.3296
  2.50887
  1.40741
  4.95436
  1.93461
  4.54582
  5.32956
  14.4917
  13.9011
  20.1002
  22.3537
  32.2256
  27.6369
  2.00071
  9.58087
  13.9939
  1.66527
  30.3919
  23.1346
  7.81906
  9.00066
  7.22735
  21.2387
0.0946458
  1.66808
  25.4249
  9.08158
  9.59707
  21.4068
  35.5341
  29.8101
  27.2069
   1.0033
  1.28253
   14.173
  3.14964
  3.89361
  26.6056
  32.0125
  1.28804
  5.76931
  11.1381
  1.86898
  8.12325
  3.90457
  26.7322
  20.0484
 0.273606
  6.65585
   7.5709
  7.44246
  8.27086
  4.92067
  7.85164
  14.9135
  8.91632
  12.5614
 0.056054
  27.1685
  9.31264
  7.22261
  3.57951
  16.6332
  30.9372
  1.22642
  8.79635
   2.9706
  20.4418
    4.329
  11.0973
  17.7903
  7.85195
  0.74757
  2.44973
   2.3039
  1.40653
   32.789
  2.62848
  1.47644
  10.8037
  20.4802
  27.4624
   18.683
  5.39604
  3.13898
  5.11949
  4.04726
  12.6159
  1.90712
  7.67749
 0.790897
  37.0121
  3.89814
  3.80669
  10.9091
  10.0875
  11.8983
  26.2482
  5.49267
  4.29796
  26.7158
  1.38197
  7.99416
  2.72512
  6.59378
  17.2497
  27.4684
  31.3044
  2.65315
  17.4788
  13.4477
  29.1195
  12.1675
  18.6993
  5.63248
   11.972
  13.5543
  12.2853
  4.85658
  1.66571
  1.67245
  36.5358
  25.3696
  31.5956
  28.2469
  17.2419
  5.39496
  5.20931
  7.30227
  36.2654
  33.2657
  17.5902
  15.8339
  15.0895
  13.7368
  11.0242
  2.12637
  5.80006
  15.0244
  14.3438
  13.4087
  1.61141
    9.757