2.41281
2.46371
 2.7343
3.91843
 3.9921
4.13455
5.52878
5.89063
6.25881
7.36853
9.81876
10.0337
10.4579
11.0771
11.3511
11.9311
11.9497
11.9747
12.0739
12.0883
12.2519
12.3485
12.4149
12.7046
12.7443
12.7787
12.7975
 12.836
12.8425
13.6447
13.7645
13.9304
14.0287
14.1114
14.1159
14.2456
14.4798
14.6315
14.7864
14.8451
15.0365
15.0559
15.2053
15.6841
15.9439
 16.052
16.2413
16.2691
16.4416
16.4817
16.5391
16.5534
16.5976
16.6261
16.6673
16.6943
16.9079
16.9805
 16.992
 17.347
17.3651
17.8068
17.8278
17.8407
17.8615
18.2196
18.9903
19.0293
19.3011
19.3037
19.3064
19.3618
19.5133
19.7479
19.9254
19.9479
20.1377
20.1544
20.3206
20.5819
20.6093
20.6107
20.8828
21.1202
21.2383
21.5211
21.6779
21.7949
21.8822
21.9555
22.0851
22.2392
22.3078
22.3194
22.3928
22.4514
22.5385
22.5531
 22.596
22.8915
23.2485
23.2572
23.4536
24.0096
24.0849
24.1811
 24.216
24.2823
24.3337
24.3784
24.5552
 25.053
25.0991
25.3498
25.3561
25.7247
26.0605
26.3388
26.6019
26.8372
26.8431
27.2463
27.3011
27.3451
27.3743
27.3871
  27.39
27.4389
27.4905
27.8403
28.1179
28.2081
28.3478
28.5658
29.0377
29.1536
29.2535
29.4951
 29.567
 29.666
30.3373
30.7068
31.3459
31.3849
31.5522
31.8992
33.0689
33.3468
33.4024
33.4355
33.5885
33.6919
33.9773
34.5817
 34.605
34.6583
34.8152
 34.818
34.8556
35.1593
 36.653
36.8306
37.2035
38.2798
38.3419
38.5883
39.0488
39.4028
40.0254
 40.224
40.4815
41.2053
41.6693
42.3614
42.6326
42.6575
 42.667
43.2769
45.2645
50.7587
50.8808
 51.627
51.9087
53.6835
 53.836
55.3788
55.7073
56.4769
57.2817
57.7966
58.7331
61.1828
 65.451
66.7979
69.7612
 69.939
71.0504
82.5072
84.5912
 86.786
 87.389
89.8104