  34.8333
  18.2939
  31.3503
  16.8045
  36.1949
  4.62072
  10.2536
  4.59491
 0.196521
  9.71885
  7.82698
  17.0923
  29.4026
  26.1996
  19.6225
  27.9251
  31.1968
  12.4446
  18.9732
  14.4085
   8.3158
   9.4857
  6.45456
  3.93892
  8.22479
  1.28181
  33.8755
  33.3556
  25.8502
  31.7425
  3.91531
  12.6019
  10.4024
    6.665
  5.52818
  14.6618
  7.99868
  14.1507
  26.4287
  21.8233
  29.2931
  25.9749
  30.9785
  32.7173
  36.7726
  32.2982
  35.8986
  32.9453
  15.0584
  2.07952
  4.99298
  6.56307
   31.886
  13.2419
  15.2935
  30.6766
  36.7141
  24.3647
  9.36834
  3.82013
 0.388807
  1.31271
  17.3409
  7.70322
   21.785
  26.9658
  6.76354
  17.1659
  28.5674
  23.9064
  10.7246
  13.1878
  18.6254
  3.30815
  7.42728
  19.7217
  5.92315
  15.4793
  13.8417
  9.48718
  6.34151
  9.82258
    5.789
  7.41623
 0.502484
  3.37362
  9.14406
  33.3151
  27.4604
  34.8179
  23.0453
  4.85271
  16.6375
  8.71583
  22.3645
  9.62677
  19.7703
  15.8576
  13.0111
  17.1464
    12.65
    30.58
  23.7521
  33.0614
  24.6597
  12.0608
  7.62536
   5.9399
   10.162
  13.2127
  7.43384
  10.4373
  9.54864
  27.6695
  19.5188
  13.5645
   14.069
  3.84565
  2.63536
 0.332516
  41.7684
  25.4653
  23.7228
  25.1743
   18.634
  24.3909
  34.9482
  29.7818
  33.2323
  17.1233
  30.9372
  33.4949
  35.1921
  32.8448
 0.160845
  12.7429
  12.9629
  2.19608
  17.0071
   1.6197
  2.09463
  37.0602
  28.2461
  15.1387
  14.2461
  3.93924
  13.3335
  12.7127
  4.50256
  3.59821
  23.7345
  41.6824
  47.1459
  45.7456
  36.6248
   32.933
  27.6747
   17.652
  16.0463
  5.13404
  19.3756
  19.9169
  24.2599
  14.5366
  27.2174
   35.036
  6.21431
  16.4227
  2.20824
  8.10859
  12.2701
  29.7816
  32.0518
  21.4557
  31.4643
  13.9302
  14.6007
  16.7437
  17.4027
  8.09246
  25.3681
   10.133
  14.2381
  16.3652
  16.8737
  7.11951
  2.18697
  24.7544
   35.619
  15.6474
  33.9199
  15.6604
  10.6073
   12.501
  7.97435
  43.2998
  42.3031
  41.5791
  39.8186
  17.3175
  13.2404
  1.97749
  14.4149
 0.618338
  9.59563
   34.059
  29.8519
  37.9044
 0.599129
  18.0831
  26.9118
  17.7093
  33.0383
  36.2045
  26.8229
  16.3318
  34.7096
  30.4782
  30.1724
  35.2324
   8.2615
  14.8799
  1.32656
  18.3323
0.0697447
  11.7593
  25.2276
  26.3464
  19.6794
  21.5581
 0.740185
  18.2303
  6.03041
  4.36683
  1.05482
  7.28538
  5.08653
  16.2784
  6.40394
  19.4594
   41.576
  15.9446
  10.4667
  6.13249
  8.39476
  30.5448
  13.9808
  10.7693
  18.6025
  4.95671
  8.49403
  13.5012
  15.5105
  21.2183
  7.44114
  12.0133
  14.0412
  5.10931
  4.33762
  5.13477
  12.9739
  2.22414
  26.6552
  36.4017
  10.9881
  1.81872
   4.6581
  25.7979
  4.40218
  3.36275
   25.355
  17.2389
  1.31539
  1.80522
  28.3923
  21.7337
  3.07482
  15.2643
  9.71743
  11.4658
  1.48359
  4.41564
  7.80118
  9.29314
  10.7294
  34.1412
  2.07508
   5.2768
  34.8222
  17.8515
  34.6159
  27.3477
  25.3661
  31.7286
  20.3604