  7.40754
  4.57032
  2.40367
  28.0336
  14.1926
  5.74116
  0.67467
  5.79877
  16.3282
  30.1901
  8.96135
  8.36155
  5.52374
  5.03779
  1.93947
  8.85346
  8.29599
  22.5737
  4.14918
  7.06224
 0.428181
  5.02334
  23.5984
  30.1739
  6.17324
0.0434734
     27.5
  8.52956
   3.2502
  1.78065
   7.3519
  35.4968
  28.3258
   18.411
   2.0876
  5.03942
  3.77981
  13.5141
  1.60703
  3.14392
  8.53195
  13.3363
  4.57212
  26.3688
   21.851
  32.7725
  11.5043
  2.46921
  1.62155
  11.8933
  2.42204
 0.264766
  3.36681
  19.6014
  4.35298
  2.23778
   9.9847
 0.220827
  6.05137
  4.40348
  4.91475
  8.86304
  6.02948
  2.15994
  14.8301
  13.5452
  26.6485
  1.37292
  9.15106
  10.6109
  1.24934
  4.14849
   4.0572
  9.65127
  25.6999
  6.18877
  10.0369
  7.50363
  6.21452
  8.93232
  5.12803
  1.75419
  1.00153
  13.3982
  9.46972
  5.23123
  1.36112
  9.48616
  3.13773
  5.65548
  7.19307
  2.44793
  4.93667
  2.18849
  13.6906
  1.06452
  9.11859
 0.434341
  2.62893
  6.71755
  7.06377
  9.06807
  11.5029
  20.7814
  5.89135
  1.01691
 0.146905
  1.35445
  2.09233
  5.85763
  6.59579
 0.719866
  17.5433
  2.90858
  1.55631
   7.8741
  22.9624
  27.5345
  1.12559
  1.77502
  8.99456
   14.458
  10.4677
  6.28842
  8.89582
  8.67012
  13.9769
  4.84862
   3.7231
  12.8393
  16.5719
 0.606985
  13.5006
  2.17991
  9.98928
  10.7018
  5.54752
  8.28489
  8.17545
  3.17588
  4.63075
  6.28474
  24.4293
  3.52921
   11.617
  1.64578
  4.54825
  4.14464
  23.2201
   5.7563
  11.8492
  6.26066
  22.2727
  7.54663
  1.88916
  12.2458
  7.90228
  10.6498
  9.98345
  8.64485
   10.411
  4.32187
  2.48531
  1.24744
  8.56274
   17.216
  14.3037
  4.88168
  3.68648
   5.8819
  5.70816
   4.4887
    14.03
  9.96311
  5.20536
  12.4121
  8.55611
  17.4244
 0.415468
  40.3343
  12.9231
  6.61761
 0.445588
  1.65999
  6.82926
  6.14877
  7.06073
  5.65699
  32.6522
  3.03303
   2.2872
  19.1081
  2.54469
  11.8714
  6.81108
  2.47231
   6.1456
  21.0143
 0.193557
  1.14892
0.0876822
  6.09339
  1.72641
  3.00737
  2.70903
  11.3055
 0.530382
  7.95112
  2.80373
  5.75962
  7.39612
  6.06253
   7.4131
  1.37703
 0.223892
  1.45334
  5.58076
   12.896
 0.565044
 0.890128
0.0724042
  12.8338
  17.6568
  2.41179
  1.87439
  2.32578
  5.08245
  26.2408
  12.1441
  15.3065
  5.23481
  8.87498
  4.84243
  2.66666
  3.21796
  9.28714
  4.07508
  16.7017
 0.129734
  9.92774
  2.84959
   3.7239
  3.62309
  11.2441
  13.6179
  4.03194
  3.08607
  8.63511
  1.14036
  2.34667
  12.2303
  5.99406
  5.76743
0.0552594
  6.21177
   2.8512
  9.58675
  4.24759
  2.01311
  16.0836
  3.63538
 0.866522
  3.63813
  6.56159
  15.0819
  6.26027
  5.35463
  3.53176
   5.0368
  6.23426
  6.33347
  3.58284
  36.3273
 0.791776
  9.85515
  2.48153
  3.80218
0.0369248
  6.50095
  8.59768
  8.09242
  12.8387
  1.13899
  25.3625
    8.012
  26.2293
  34.2771
  17.9597