7.80296
7.95875
12.2422
12.3491
16.5451
17.7706
19.3238
19.4025
 19.442
20.3446
23.3792
  24.68
 25.371
25.9954
26.1236
26.3525
26.6033
26.9413
27.8799
30.2182
31.0048
32.1034
33.1912
33.3278
33.5692
34.9011
 35.038
 37.604
38.3667
38.4435
38.5925
38.6744
38.8972
39.2676
39.3762
39.7226
 40.547
40.8403
41.4653
41.7886
42.0417
42.2122
 42.472
42.8366
43.4972
43.5649
43.8694
44.4366
44.8892
45.3986
45.4285
45.4445
 45.598
45.6503
45.9641
46.0613
46.1371
46.6158
46.6691
46.7842
47.0305
 47.356
47.3581
47.6813
47.7317
47.7886
 47.903
47.9774
48.3965
48.6148
 48.871
49.0195
49.1202
49.1508
49.5252
49.6025
49.7627
49.9025
50.3008
50.5053
50.5559
50.7012
 50.757
50.8886
50.9812
51.2213
51.2532
51.3882
51.5285
52.9613
52.9675
52.9809
53.1065
53.5774
 53.638
54.0453
54.2717
54.3908
54.3983
55.5857
56.0532
56.1133
56.2292
56.4012
56.9685
56.9903
57.2482
57.4573
58.4037
58.7158
 58.805
58.9756
59.2737
59.7162
60.1597
60.1682
60.2521
60.3011
60.5991
60.6974
62.3014
  62.48
62.5937
62.6734
62.8718
63.2608
63.5999
64.9475
 65.426
65.5975
65.6026
65.8103
65.9019
65.9646
66.2587
66.9641
 67.302
68.5106
68.8572
69.8508
72.5425
72.6134
73.6383
75.0651
75.1133
75.6586
76.1428
76.8752
77.3444
77.4731
 77.694
77.6962
78.2046
78.4641
78.7328
78.9661
79.6108
79.9126
81.5846
81.7428
81.9905
82.0669
82.0735
82.4905
83.0775
83.7135
83.8495
83.8761
84.2235
 84.305
 84.888
85.1387
85.1542
85.4476
85.5029
85.9085
86.5582
86.7798
86.9893
87.1953
87.2184
87.9327
88.1921
88.2481
88.4423
88.5657
89.0708
89.1462
89.2122
89.4029