 1.01189
 10.2535
 16.3633
 13.4016
 3.17939
 22.8611
 24.9475
 3.67256
 31.0264
  20.799
 40.8062
 37.6819
 39.4762
 17.3201
 32.1418
 34.9373
 32.0965
 40.8802
  33.861
 32.2239
 4.99275
 1.41651
  23.727
 22.8103
 25.4719
 39.5289
 3.08066
 20.2165
 23.3259
 14.6759
 15.9198
   20.26
 17.3007
 3.63071
  6.0104
 5.28555
 12.6293
 1.80822
 2.11242
 37.4982
   44.15
 23.3906
 31.4703
 19.9379
 22.1824
 18.1393
 18.7546
 7.61283
 6.35181
 46.0689
 37.8638
 38.2263
 27.9483
 31.1512
 34.9635
 37.6788
 28.1784
 25.8355
 39.1815
 40.4234
 19.6604
 22.1976
 34.5715
 22.1882
 13.4054
 20.8538
 22.1521
 22.3811
 44.4954
 35.4036
  33.978
  27.933
 46.5912
 37.4251
 39.2399
 34.5093
 31.0756
 50.1844
 27.3065
 25.6414
 23.9381
 14.4146
 21.1401
 19.1082
 27.9504
 21.6956
 19.5428
  33.537
 5.02463
  0.7694
 11.4002
 24.7072
 2.45888
 12.0434
   28.99
 32.3662
 34.9054
 9.58593
 20.7629
 32.7193
 27.2251
 36.5223
 35.5633
 42.8421
 36.7272
 26.0049
 37.8079
 39.8786
 23.4387
 20.1207
0.463133
 43.6295
 35.2201
 35.7185
 43.6411
 37.2515
 42.5482
 30.3343
  29.739
 27.0218
 28.6505
 12.4784
 13.3516
 36.7644
 19.5029
 26.6399
 35.5469
 36.4148
 45.3319
 35.6806
 48.0312
 35.0225
  2.9236
 18.6603
 19.5086
 37.8123
 11.6989
 10.6419
0.900957
 7.37327
 28.2375
 14.2484
 23.8844
 16.4597
 11.8001
  2.5536
 7.23715
 47.0577
 1.94181
 18.5827
 25.2638
0.220991
 8.04772
 22.6177
 13.9686
 25.7081
 15.3726
 26.8373
 14.9289
 36.6267
 35.8315
 31.9552
  31.847
 17.2355
 22.0154
  17.558
 14.2657
 38.9064
 43.2057
  26.449
 25.3603
 36.0691
 56.2846
 3.31147
   12.06
 19.7186
  21.689
 23.8371
 38.7062
 5.57323
 37.5755
 28.7199
0.363212
 16.3117
 28.1944
 16.2219
 6.61229
 18.5908
 24.7674
 16.1855
 34.5774
 29.2935
 22.3042
 20.2919
 7.87728
 1.69896
0.897877
 13.0619
 6.35429
 27.8609
0.361717
 17.7431
 4.09751
 11.5837
 6.12222
 8.39778
 9.95114
  12.049
 12.9093
 4.36233
 16.6367
 9.72386
  13.068
 9.67724
 7.10992
 2.40415
 13.6189
 19.3418
  13.133
 28.8882
 3.01369
 38.4075
 14.6397
 11.9895
 4.27181
  31.931
 9.68517
 42.5466
 16.2397
 19.3907
 10.7614
 21.4845
 44.3498
 28.4589
 11.1342
 3.16696
 19.1486
 22.1286
 1.31631
 22.8243
 9.84859
 2.74605
 6.95312
 40.1543
 18.6389
 15.9513
 29.2516
 11.4265
 7.19196
 3.23048
 34.7663
 23.1889
  3.3881
 10.3129
 13.2382
 14.0413
 29.0942
 35.0884
 12.0184
 15.4891
 16.7533
 8.51026
 3.57687
 9.34984
 8.55085
 1.25394
 44.0852
 10.7624
 6.84778
 15.0821
 5.76398
 14.6649
 4.22431
 36.9536
 17.5444
 5.28722
 18.6853
 3.56527
 17.6083
0.841884
 5.32557
 2.68453
 5.44461
 14.0994
 9.14598
 1.49285
 8.77393
 2.83358
 42.9876
 17.9368
 3.07223
 17.7894
 16.9107
 4.07968
  24.902
  32.843
  17.755
  5.2128
 2.15224
 6.69481
 14.8212
 19.8351
 38.2146
 2.82864
 29.9271
 4.50518
   32.35
 9.31564
 2.42799
 36.3649
 46.6771
0.900433
  35.693
 10.2391
 2.40791
 4.44083
 1.41526
 23.0921
 10.8321
 1.31287
0.527832
 3.80936
 15.5673
 3.51409
 12.6008
 5.86705
 39.8251
 41.0807
 35.2956
 35.7885
  43.237
 3.95375
 10.4979
  7.7528
 1.55055
 2.21508
 22.0767
 14.1106
  9.9031
 15.4686
 9.47092
 1.99633
 12.9583
 28.9193
  8.7183
 2.87101
 29.8585
 39.3915
 6.85582
0.432176
 8.63813
 15.1025
0.311368
 44.0219
 28.6495
 2.12255
 14.9304
 11.7598
 35.1534
0.738493
 4.39085
  6.6175
 13.1462
 13.3933
 11.5088
 5.96354
 13.3662
 11.9659
 10.3051
 11.6259
 10.0388
 3.86683
 20.9019
 6.46827
 18.7729
 11.4329
 2.54338
 11.4219
 46.1253
 40.5377
 8.35318
 19.6962
 21.1398
  5.4533
 8.55569
 3.55646
 9.08292
 10.3572
 18.9466
 7.46014
 6.60843
    15.4
 8.63718
 10.4054
 27.9567
 1.78799
 13.0262
 1.28208
 12.0074
 5.04519
 17.6425
 45.4605
  9.5077
 39.4884
 26.2804
 6.18532
 1.68122
 21.5844
 16.7119
  10.578
 26.3272
  37.646
0.460202
 16.7367
  41.078
 8.54916
 5.36771
 8.29975
 47.8484
 39.1792
 4.02966
 25.1799
 19.1035
 7.85413
 49.5821
  35.207
 14.6409
 18.6264
 19.5303
 16.4297
 22.7885
 2.64454
 10.3732
 30.0655
 57.8657
  33.702
 30.5489
 10.8031
 7.99993
 18.8188
 3.18723
 5.52974
 37.6188
 46.0842
0.849715
 44.5782
 37.1779
  15.496
  31.365
 11.0029
 43.1121
 42.1234
 24.2444
  45.792
 30.8207
 23.4084
 31.7021
 31.5446
 41.5397
 3.72153
 5.26108
 39.2696
  20.481
 19.0928
 11.2358
 16.7492
 43.3702
  23.734
 40.7594
 34.3852
 13.5063
 30.5778
 9.43844
 39.5816
 34.6849
 34.0777
 13.2205
  3.1036
 5.16443
 1.93227
 22.2094
 9.01273
 9.56298
 11.5321
 4.75712
 3.26093
 13.1785
 12.1155
 5.35221
 9.39975
 35.8961
 5.61637
 31.3849
 42.0513
 13.5338
 18.0626
 1.63025
 13.5849
 5.14035
 2.74475
 4.40944
 6.73962
 10.7732
 1.67606
 9.75622
 6.56502
 8.28255
 26.6386
 16.4374
 2.02963
   9.736
 8.89504
 13.0279
 4.93041
 34.4214
 46.3303
 42.3515
  6.1227
 7.79215
 3.85773
 8.55283
 6.68816
 39.0297
 15.6712
  14.391
 4.12313
 2.51801
 47.2257
 22.9896
 36.7114
 10.4954
 15.6451
 5.55051
 2.47838
 41.7125
 8.62058
 3.87443
0.574944
 12.2595
 4.12168
 28.2013
 6.77609
 2.21384
 1.51956
 6.83789
 18.8392
0.723788
 1.04129
 3.57825
 1.36658
 1.69905
 6.32047
 6.28334
 8.45727
 7.97736
 9.00514
 10.6577
 13.5408
 5.72222
 0.64381
  10.944
 3.46864
 5.48471
 8.36652
0.559185
 20.2308
 3.27576
 9.77903
  2.4719
 1.33437
 8.01385
  16.305
 4.72558
 8.69025
 10.2336
 37.2631
 43.1473
 9.71763
 2.13449
 13.8862
 1.82366
 13.2626
 21.0676
  5.1097
 19.9092
 17.2888
 28.7707
  5.3351
 7.83875
 6.18328
 1.74006
0.181289
  16.346
 10.0407
0.957699
  15.451
 11.1152
 1.61731
 3.10576
 17.5398
 36.0306
 2.27964
 32.1757
 19.6953
  31.966
 2.84977
  19.208
 3.89989
 14.5738
 13.2077
 7.68025
  12.817
  13.768
 33.2586
  3.0482
 3.78727
  37.034
 39.0498
 39.0265
 33.8634
  31.276
 12.2762
 17.4493
 14.5654
 35.1676
 33.5468
 8.78031
  7.4941
 34.2338
  30.725
 41.3081
 38.8691
 9.77599
 29.0482
  35.958
 2.86926
 42.6302
 6.92506
 8.01797
 1.78434
 10.1751
0.766916
0.148842
 31.7409
 37.9664
 21.4613
 44.3588
 38.0816
 1.32998
 30.5901
 43.3219
 38.8144
 39.4993
 33.3534
 10.8666
  2.5317
 2.62227
 13.6257
 26.4224
 10.9377
 42.1285
 43.4962
 30.4983
 32.8556
 37.9554
 39.5038
 27.6773
 42.8215
 43.0616
 39.1534
  28.687
 44.8117
 4.47041
 13.2399
 42.4627
  8.1442
 3.92505
 42.1992
 41.2894
 41.6069
 43.6156
  33.543
 8.72771
  30.935
 10.2999
 40.7376
 36.4871
0.259351
 28.7483
 44.1635
 23.6107
  34.854
 10.7683
 8.61392
 37.5887
 36.9302
 12.0496
 10.8212
 47.5689
 11.0513
 27.1191
 59.3668
 44.8132
 37.0825
 14.1159
 5.97424
 14.9653
 10.5162
 3.21915
 17.3627
 11.1688
 11.1661
 7.40855
 12.7259
 6.06083
 8.53466
 21.3306
 5.34997
  4.4138
 6.34636
 2.51689
 4.15298
 13.8982
 11.2137
 5.65544
 10.8081
 30.0455
 7.93608
 11.7398
 8.34109
 11.4306
 7.89858
 5.01955
 4.32797
 15.5688
  6.4978
 1.48953
 5.45455
 11.9406
 8.39782
 11.2047
 46.3347
 11.6699
 35.0241
 42.7172
  27.001
 41.6504
 19.7232