  1.81694
  4.69474
  7.29767
  9.57501
  44.4383
  31.8498
  4.11602
  11.9679
  30.6514
  5.34966
  1.42621
  30.7404
  25.6423
  28.1628
  19.0356
  22.5499
  3.28571
  13.4875
  17.8332
  4.72777
  7.18295
  9.44803
  17.2655
  9.97033
  15.5525
  15.6451
  14.5072
   7.7934
  13.5954
  51.4801
  38.5482
  4.85241
0.0350915
   8.3626
  3.52864
  1.78094
  14.1154
  17.0876
  33.5114
  29.3278
  23.2737
  27.0871
  28.6438
  38.1901
  20.2844
   12.713
  25.8764
  10.2536
   13.224
  5.01485
  8.37623
  3.65422
  8.41755
  14.9566
  12.4141
  3.46554
  3.02057
  34.5601
  14.0761
  3.99616
  21.2184
  6.43487
  16.0053
  6.25829
  8.56433
  12.4578
  3.86878
  4.09813
  11.7209
 0.415104
  12.7023
  3.28388
   1.1263
  4.31999
 0.608626
  29.7745
  29.0898
  31.9017
  17.3166
  31.7452
  21.0316
  19.4194
  22.1491
  6.44536
   3.2266
  21.7832
  28.4833
  46.0466
  39.7695
   5.9735
  21.9084
  38.0551
  16.6885
  3.30448
  14.9207
  3.12723
  1.52622
  5.34298
  5.43198
  4.71588
  5.08786
  1.72229
  41.7457
  20.1672
  27.5905
  3.06163
  17.8188
  14.7629
  41.9619
  49.0734
  38.5816
   1.5725
  1.36793
  2.62843
  14.3962
  4.80436
  17.9693
  44.5487
  44.0478
  24.0637
  28.8808
  30.3343
  30.9973
  10.1238
  29.5695
  25.2845
  19.3849
  31.1526
     8.28
  3.03403
   1.5061
  11.2602
  8.30891
  34.1366
  8.67713
  46.1287
  44.2694
  16.2345
  4.55697
  8.14031
  4.32947
   7.1606
  8.10663
  10.5307
  16.1663
  12.3335
  4.57192
  25.7911
  7.62689
  27.2166
  20.4514
   2.5549
  1.75364
  21.1388
  3.35131
  31.5964
  47.1026
  37.3557
  32.3802
  4.02232
  29.5382
    3.103
  6.52785
  13.6813
  14.6465
  4.29661
  22.5619
 0.918357
  14.2356
  34.0884
  6.72291
   5.0106
  13.9064
 0.844366
  16.3718
  11.6262
 0.654272
  30.1221
  40.0557
  18.6018
 0.408515
  11.3641
  8.52982
  7.45112
  4.13654
   11.745
  18.7795
  12.0853
  3.36928
  3.02151
  5.40893
  14.1444
  2.89604
  5.43048
  24.8783
  18.4102
   17.472
  9.97704
  7.21232
  1.33843
  22.4916
  34.6372
  5.93119
  4.06863
  2.26338
  54.0254
  25.7747
  21.6003
  4.79281
  6.12607
  11.1102
  12.4856
 0.894749
   1.7276
  13.4154
  23.5894
  49.6839
  2.15736
  26.2687
  39.0537
  34.2855
 0.332386
  13.9263
  43.1584
  34.1061
  1.14012
  8.48393
   1.9922
  36.8043
  18.3383
  24.5132
  8.76567
  13.5564
  15.1994
  11.3091
  2.81659
  2.34398
  3.11135
  25.2159
  6.60991
  27.0943
  38.0113
  13.9771
   13.414
  13.7932
  3.19627
  17.9932
  8.34181
  20.5564
  36.5446
  18.4065
  11.6481
  10.6928
  19.1138
  29.0442
  19.7043
  37.8649
  8.89237
  18.5037
  11.7822
  5.75069
  6.26866
  23.7485
  12.4427
  16.4945
   14.439
  22.1499
  42.1907
  21.1313
  8.05523
  44.7746
   29.602
  23.6086
  23.5698
  19.4831
  14.9177
  33.0465
  10.2686
  10.7973
  5.23203
  14.1624
   10.251
  37.4974
  13.5191
  36.3156
  32.5199
   18.978
  18.0652
  19.9407
  31.5435
  26.0459
  32.4271
  1.10966
  2.51513
  3.00062
  30.3849
  16.1705
  26.4943
  11.2209
  10.7271
  7.92316
  6.09072
  4.89258
  48.2567
  30.4397
   34.892
  25.7043
  31.2365
  41.4053
   23.416
  15.7217
  35.1526
  14.7569
   35.337