7.98018
 16.139
16.2565
18.2399
 21.398
24.6247
25.4576
34.6947
35.3023
35.4654
36.8278
36.8843
38.3749
41.0394
41.5348
46.0084
46.9994
48.2767
50.2448
 50.864
52.0597
52.7454
53.2281
55.5316
55.5858
55.8734
56.0851
57.8523
57.8708
60.3772
61.1852
62.2517
62.5808
62.6727
 62.882
63.2753
64.6753
 66.936
67.2646
67.9015
69.6828
69.8186
70.2048
70.8052
71.1556
71.3939
71.8192
71.8785
72.5305
72.6437
73.3377
 73.536
73.9833
74.1338
74.6733
76.1323
76.1406
76.9049
77.4588
80.4949
81.0944
82.2439
82.6964
84.6191
85.5613
85.6534
85.8209
86.8748
87.5912
88.5913
89.0742
89.5431