12.3165
4.70636
21.7807
75.5843
40.4095
80.1765
59.2737
3.63577
86.9877
12.9892
4.72261
52.0663
28.3609
 67.046
44.0698
54.5006
64.2073
60.2475
 9.0417
52.0208
39.9867
39.9698
39.0697
41.5375
38.5308
38.5955
50.5811
65.1036
20.9728
17.9244
7.16374
1.64948
80.6451
83.4426
4.53687
4.22165
6.86676
7.52501
5.50513
12.2261
36.4687
39.4607
51.4949
51.4794
43.9382
54.0431
60.2766
64.8681
58.2711
63.0335
7.51008
6.52762
 58.792
56.6534
64.4814
52.9846
44.4982
24.8514
25.2915
12.0033
15.8689
25.0629
25.9002
42.6814
39.4111
48.1139
38.7055
42.4314
44.0898
 50.083
53.1464
31.8951
37.2937
24.3074
25.9869
43.6995
15.9388
20.8118
 25.238
21.2964
 56.816
61.0559
66.9209
48.6176
48.6842
47.0347
42.8441
57.5541
49.8509
52.0358
67.8578
65.4025
52.8389
30.7275
24.5166
40.6276
27.4938
16.7254
16.3722
19.9297
35.1506
5.73313
4.03226
5.60301
7.82865
8.55775
86.9012
17.1022
 17.599
45.9692
4.30302
8.57247
22.0743
88.5202
83.7412
82.6677
88.2406
46.1841
49.2127
58.5932
59.4776
66.3009
50.6132
50.5975
5.24721
10.9793
56.7061
58.0265
58.6932
60.8284
64.0469
48.1506
33.2886
54.8236
27.3012
68.3808
61.0273
63.8719
59.8083
67.3577
72.1642
71.2208
43.3822
67.3494
70.1809
60.7751
 19.927
14.0987
24.9984
39.8561
38.5784
49.2689
50.6903
48.3293
43.3885
40.3394
43.1066
 33.144
40.6437
42.3218
30.7489
38.8718
61.8995
44.8452
65.8363
66.2584
47.5479
46.5051
46.7869
50.1249
89.7967
83.0075
65.8821
62.2619
57.2732
60.8153
16.9416
28.8354
59.1808
75.3454
61.7389
47.5934
6.33515
9.86711
84.7333
48.4552
44.2223
49.4414
43.3544
86.1293
36.8292
80.9283
10.2688
10.5482
55.9611
54.3067
43.9465
5.30153
 33.303
87.3653
9.28698
12.4857
35.7857
35.0163
9.36414
12.0568
23.9921
20.3979
 10.809
10.9847
37.0442
39.6715
41.7632
53.7349
 44.434
19.2054
18.1534
24.6957
16.8526
80.3875
55.4441
30.5354
83.8456
62.0255
 60.652
56.8675
13.3573
14.0829
14.5489
27.0409
27.9847
17.8259
10.3285
7.00376
4.39057
30.1387
47.9913
83.8759
80.6001
82.1801
6.00636
8.03336
16.2723
8.98194
36.5695
2.80477
 4.1139
13.9295
35.9713
74.5277
 4.0665
6.05508
22.7061
52.9186
56.8157
25.3022
41.9637
67.0639