  13.9988
  6.72398
  13.3754
    2.784
  2.93549
  6.37849
  11.3623
  12.4801
  14.3806
  3.62945
  12.5226
  15.6589
  16.0405
   14.536
  13.1971
  13.7641
  17.0923
  5.30865
  11.0612
  1.86688
  14.7645
  13.8489
  13.6752
  19.6361
   4.2372
  6.15661
   3.0719
  16.3932
  7.60733
  4.89784
  14.3881
  13.5704
  6.05022
  5.01147
  10.1302
  2.84648
0.0756396
  18.3329
  3.88475
  4.21936
   5.4981
  15.8428
   1.7967
  23.6001
  22.3746
 0.688964
  4.75511
    1.407
  4.42589
  13.9513
  14.9739
  9.14133
  1.32359
  16.8313
  20.4664
  7.96039
   2.3277
  12.9297
  7.38198
    8.707
   5.7477
 0.121274
  3.47992
  26.3864
  18.5247
  9.21271
  15.7252
  8.19039
  18.3763
0.0611297
  1.82798
  6.38045
  16.8902
  27.2307
   14.074
  18.0433
  10.0549
  20.3545
  4.37737
  18.6579
  3.89806
  15.8234
   4.2109
  14.7587
  4.53275
  2.74718
  6.84398
  2.99948
  17.2167
  5.01587
  15.5016
  1.89053
  10.5538
  12.9207
  3.53809
  2.45495
  3.61533
 0.702832
  2.73008
  4.82842
  11.5877
  8.11808
  1.07452
 0.391807
  14.7306
  4.04347
 0.764363
 0.288633
  21.7162
  21.5368
  8.05068
  4.11893
  3.78713
  5.29884
  2.26006
  4.07762
  11.7563
  17.9977
  17.0151
  5.26891
  19.2819
  12.5544
  2.49252
  16.9894
  21.6872
  28.7302
  8.53357
  19.7153
  6.45511
  3.94163
  13.1706
  2.15713
  2.18735
  2.28427
  3.93093
  18.3291
   19.326
  12.4906
  3.39083
   10.645
  7.37588
  10.5287
  3.81964
  17.7343
  2.83739
  1.43023
  4.26591
 0.716483
  4.08906
0.0367484
   6.2907
  1.78423
  15.7207
  16.6135
  15.9073
  8.08419
  14.6153
  5.44796
  2.49514
 0.290922
  7.05351
  3.66667
  2.78364
  6.99139
  3.22153
  11.6278
  21.1016
  11.4511
  4.43902
  3.37977
  10.3081
 0.135856
  1.48734
  7.25818
   5.2476
  18.2063
  6.21548
  6.33644
  4.40831
  6.88545
  3.15438
    17.49
  17.5517
  6.37256
  3.79663
  12.3462
  1.05811
  2.40605
  1.70449
  18.8845
  9.14003
 0.446927
  14.9502