  13.2668
 0.706354
  28.8556
  9.59468
  32.4771
  24.4349
  24.7897
  39.2654
  40.4665
  26.3636
  25.5033
  34.0013
  35.3483
  32.7533
  31.2321
  38.2184
  1.54492
  35.1164
  34.2447
  30.3633
  36.2021
  32.7193
  32.3387
  38.2796
  32.3437
  36.7232
  39.2101
  26.7634
  32.6937
  23.9296
  36.8927
  39.0271
  33.1022
  2.75745
  8.96053
  6.43336
  3.21214
   25.082
  13.2546
  13.3345
    2.211
  12.2756
  9.39293
  33.5192
  18.4107
  8.60225
  21.2385
  10.4329
  14.3566
  11.3141
  7.90928
  6.19978
  7.63301
  9.93311
  13.2609
  18.5434
  22.1706
  13.5746
  11.5288
  10.6835
  7.59316
  39.6924
  14.5809
  21.5396
  19.7929
  9.31172
  7.79283
  20.7783
  17.8986
  18.8574
0.0195869
  12.8904
  11.8091
  11.0913
  30.8064
  6.40509
  7.22272
  9.52879
  33.7045
  11.6929
  13.0614
  20.3819
  37.2152
  12.7812
  3.69674
   3.8105
  12.6456
  3.58465
  8.36293
  36.7932
  6.27955
  13.1108
  29.7349
  11.6486
  10.8624
  12.6599
  17.2971
  17.6054
  1.76271
  17.2147
  12.6342
 0.258522
  12.2585
  11.9813
  7.90848
  7.35323
  14.1057
  2.91097
  9.45638
  2.73731
  5.19007
  4.64682
  5.59277
  10.8277
  8.67767
  34.2358
  21.5381
  18.6833
  21.5937
  5.64909
  15.2829
  15.9945
  16.6585
  4.77877
  16.2315
  13.3224
  1.55871
  30.7634
   2.2848
  3.11555
  3.92216
  17.9613
  12.4643
  5.51724
  6.58256
  7.33125
  6.28918
  23.7717
  16.4749
  4.31894
  19.9348
  9.65929
 0.805276
  3.70059
  19.5097
  16.1017
  16.7588
  3.01438
  1.26742
  7.82075
  9.93577
  6.24789
   8.7838
  37.4808
  36.8769
  11.3056
  15.5961
  5.38063
  9.18018
  4.81417
  24.4187
  28.8353
  6.31376
  6.98011
   10.394
  9.77338
  13.9775
  14.2716
  11.5894
  1.16654
  2.45289
  3.48231
  7.64056
  11.5149
  23.9129
   25.131
  21.6699
  11.5347
  12.5958
  6.37363
 0.634215
  10.5111
  2.99183
  1.43163
   30.814
  25.1517
   11.696
  1.14228
  4.52371
  29.9149
  3.51721
 0.977039
  21.6003
   18.089
  7.96675
  28.9478
  10.3853
  2.22969
  0.69363
  1.61672
  5.82725
  16.0096
  5.68025
  15.5864
  2.98583
  13.7062
  5.76683
  30.1419
  25.5406
  31.5661
  41.6187
  41.8943
  18.4453
  8.08059
  12.5619
   7.8606
  9.16134
  14.2194
  11.1772
  4.54852
  6.86068
  8.78489
  1.03416
  6.79028
  5.70701
  6.02992
  1.35868
  14.0088
 0.669632
  2.13779
  2.13339
  1.67808
  12.7581
   4.9636
  16.6854
  17.6517
  10.1408
  22.3411
  6.08835
  1.49311
  6.66372
  16.1266
   18.887
  27.8259
  1.88051
  7.41538
   26.636
  27.4533
  5.91655
 0.715206
  18.4866
  1.27563
 0.400044
  1.50067
  11.4276
  10.0849
  4.17284
 0.344644
  14.5369
  8.60042
  15.8657
  7.06418
 0.738664
  14.1915
  12.4958
  9.53819
  7.01681
  30.1803
  3.37615
  7.01892
  5.23257
  9.83642
0.0384172
  8.22053
  1.60121
  2.12602
  20.9767
  38.7027
  2.23405
  5.44213
  2.43899
  16.6305
  3.99233
  8.68024
  4.63455
  3.59769
 0.861018
  2.61886
 0.719091
  11.3005
  7.30158
 0.119705
   4.1568
  7.24764
  9.82473
  4.35479
  3.06678
   4.7328
  5.13793
  31.3488
  4.60185
  9.51334
   1.9936
  10.3963
  7.47712
  2.82841
  1.16717
  10.7507
 0.938353
  5.19544
  9.02095
  3.17977
  4.99883
  18.9819
  35.7917
  17.8113
 0.379825
  39.7718
  1.60155
  35.5293
  4.64677
  36.6338
  18.8245
  29.2947
  44.9812
  40.5117