3.45944
4.52484
 5.6267
8.51766
9.49639
13.5321
13.5744
15.0583
17.1044
19.6167
20.0851
20.9788
21.3259
21.6025
22.0038
22.7609
 22.875
24.1344
26.1025
26.8543
26.9403
27.1869
27.2073
 28.113
29.2191
 29.315
29.4821
30.9077
 31.361
32.0642
32.2374
32.4176
32.5006
32.6207
33.1588
33.5345
33.5606
 33.815
33.8696
 35.225
35.4795
  36.13
36.2319
36.8544
36.9927
37.1504
40.0886
40.2511
40.4957
40.7202
41.5212
41.5497
41.9033
42.9428
42.9749
43.2523
44.0016
44.1578
44.7111
45.4687
45.8595
46.2169
47.3666
47.7487
48.1047
48.1713
48.2476
48.5647
48.6106
48.6904
 48.766
48.7994
48.9764
49.1362
50.6912
50.8054
51.1297
51.2809
51.4505
 51.462
52.9399
56.5213
56.8982
57.3442
58.1724
58.4921
 58.516
58.9126
59.1025
 59.375
59.8369
59.8697
 60.275
60.6656
60.7796
60.8262
60.9404
61.4523
62.3962
62.7884
62.9943
67.7332
67.7337
67.7564
68.4653
68.6408
 69.066
70.3214
70.4427
 70.918
70.9601
71.2297
 72.212
73.5608
73.6688
73.9894
74.1443
74.3215
74.7849
76.0579
78.3773
78.6434
79.8409
81.3021
82.0381
82.3409
82.3877
 83.126
83.9652
84.1714
85.3578
 85.616
85.6395
86.7099
87.5529
87.5683
87.9238
88.4068
88.7123
88.8348
89.2096