  31.1259
  24.1025
  15.9434
  4.32059
  22.9939
   35.028
  15.6037
  4.55877
  46.5984
   26.208
  29.7802
 0.184683
  11.1424
  28.7822
  39.7089
  33.6478
  25.0587
  31.2582
   28.764
  31.5785
  35.3384
  28.5666
  19.0786
  26.5063
  11.3989
  10.0179
 0.622595
  4.17702
  12.0426
  14.7688
  25.8345
  35.3904
   29.582
  11.5675
  6.76478
  35.9089
  24.4076
  32.2642
  40.1045
   13.463
  26.6232
  28.4542
  36.1184
  30.7139
  24.5893
  22.9908
  23.8715
  3.21136
  10.6414
  10.3766
  23.3925
  31.1661
  6.80564
  15.2165
  11.7861
 0.455803
  29.6024
  25.6966
  33.5642
  27.1378
  1.30447
   5.7293
  14.7053
  36.8577
   20.562
  25.5204
  10.6626
  3.25569
  18.6634
  36.3757
 0.923455
  11.0023
  1.84635
  10.0983
  20.4239
  7.95468
  14.1676
  15.7071
  21.1808
  6.10944
   2.9628
  16.4145
   32.014
  27.7155
  3.80371
  7.79177
  23.9254
  10.3465
  42.4934
  42.9024
  30.5186
  32.2959
   26.856
  29.1425
  19.8305
   27.987
  20.7516
  24.5272
  33.8293
  27.4215
  26.3699
   12.643
  21.9235
  16.2909
  32.3136
   16.784
  15.5525
   34.248
  29.0391
  1.58061
  27.5431
  24.3672
  9.67779
  8.11135
  37.2559
  4.95089
  7.95402
  43.7813
  34.4621
  0.31972
   7.2928
  4.76659
  6.36048
  28.2609
  31.5252
  25.6483
 0.926243
   9.2183
   2.0759
  4.21874
   25.849
  5.46904
   11.035
  7.31514
  22.7568
  24.3528
  12.1596
  1.85652
  10.4705
   1.0932
  3.70802
  4.66352
 0.979605
   28.263
  30.7284
0.0236093
  30.2631
  30.1223
  32.7515
  18.4697
  19.9836
 0.599376
  17.1624
  2.89365
  4.48451
  13.8005
  1.94282
  21.1171
  4.59253
  26.6719
  2.71548
  5.45976
  12.0299
  3.24977
  24.9914
  31.3339
  22.8486
  3.05389
  38.1617
  2.57039
   8.3466
  27.6719
   5.5881
  4.45721
  3.93092
   12.989
  25.6529
   43.329
  6.42646
  6.21808
  46.2296
  22.9934
   33.393
    5.189
   2.8954
  16.3253
  6.40643
  6.93713
  32.0705
  10.0787
  4.79342
  1.83932
  8.22259
  3.01628
  0.54131
  5.60008
  3.43239
  1.95566
  36.4203
  9.37479
   31.594
  3.54598
  2.42382
  8.08102
  9.04907
  4.46321
  5.97337
  1.06689
  31.3273
0.0463001
  6.87482
  11.9338
  2.28483
  6.31407
  11.9653
  5.19056
  6.42506
  4.53822
   7.6227
  16.7823
  6.22229
  3.02183
  10.8828
  7.96033
  30.8902
  28.7384
  20.2071
  3.75095
  11.3247
   17.857
  20.8532
  7.03694
  19.9264
  30.1076
  5.29125
  4.23553
  2.80055
  4.21393
   19.212
  3.16616
  23.1517
  10.2622
 0.399984
  31.0146
  7.13917
   33.153
  3.61656
   34.694
  32.7668
  5.03829
  9.70323
  5.87593
  24.9011
  29.5042
  3.61418
  5.89013
   43.339
  3.07809
  1.74269
 0.850833
  9.74045
  29.3719
  2.06499
  4.34224
   9.3199
   26.856
   11.673
  6.60905
  8.05188
  1.72205
  4.03176
  43.3192
  30.7588
  4.22733
  19.1153
  5.57442
  12.3708
  6.70178
  5.07384
  27.1863
  18.7049
  4.33672
  16.8807
  1.72375
  18.0059
  5.82743
  26.1262
   4.5754
   37.628
  37.7848
  8.73864
  18.7346
  1.63105
  3.21832
  4.45889
  4.44004
   21.412
  2.17053
  4.47213
  10.9886
  11.3952
  9.24151
  0.79056
  3.09163
  11.8494
  5.34762
  45.5075
  3.59049
  19.4955
  30.8037
  1.78857
  48.8455
  6.76348
   15.758
  2.02311
   27.519
  11.9918
  6.87498
  8.08855
  9.77822
  3.51197
  24.3383
  7.35137
  10.6696
   28.809
  39.8203
  23.0053
  31.6105
  6.23386
  4.89396
  1.61915
  25.1858
  24.5784
 0.220655
  12.0608
  2.10542
  7.94937
  48.3139
  2.64183
  45.2408
  8.35072
  36.7521
  6.17591
  8.78915
  33.6815
  10.3414
   23.046
  23.7793
  5.13427
  8.83121
  28.1772
  13.7908
  26.3923
  11.4425
  28.1081
   27.867
  2.65194
  34.8837
  29.2456
  23.9681
  21.7055
  61.1158
  31.0011
  21.9924
  24.8695
  30.5431
  35.9577
  3.79687
  3.11866
  5.34136
  31.8549
  21.9261
  3.52317
  5.46058
  3.12676
  23.2385
  2.22375
  12.5368
  30.9418
  1.73473
  5.15251
  42.1164
  17.8471
  23.1643
  6.94764
  5.21749
  7.63514
    3.097
  30.4623
  3.64055
  17.5666
  4.62725
  12.2878
  0.28612
  22.0944
   14.514
  23.5523
  27.2147
 0.548078
  5.63689
   5.9805
  5.74197
   1.7807
  6.98139
   47.823
  32.2326
  59.3619
  23.1795
  21.8915
  1.04158
  8.25269
  27.4341
  12.2885
  28.5479
   22.417
  25.1125
  4.57194
  5.72475
  2.78111
  13.0012
  3.60668
  11.8468
  3.15418
  10.9755
  10.5266
  6.51971
  29.2154
  7.44111
   1.8681
  1.94624
   27.903
  11.5487
  7.42274
  5.09147
  0.10478
  13.1615
 0.441886
  6.78889
  12.8995
  2.04004
  6.61964
 0.831653
  10.0323
  13.8965
  15.0424
  6.33777
  15.8721
  5.10764
 0.121777
  8.15256
  5.36688
  1.79799
   17.685
   21.824
   2.1047
  3.05799
  13.9436
  3.77758
  11.0013
  7.73087
  13.8308
  16.5979
   4.5197
     1.17
  14.5063
  7.59714
  22.6692
  3.00895
 0.304786
  16.9054
  20.1532
  28.3885
  13.3912
  3.12735
  1.88103
  5.18067
  7.07518
    12.09
  1.50437
 0.442563
  32.1371
  25.4822
  19.2101
   11.455
  20.9193
  3.22155
   26.354
  15.9476
 0.284422
   3.1037
  32.9662
  1.24975
  4.97077
  26.1427
  39.0296
  30.3749
  31.1537
  4.03917
  1.88852
  5.89282
  4.81441
    1.625
  39.6685
  14.2107
  35.9713
  10.6385
  29.3237
  4.94757
  28.2859
   2.8574
  24.4442
  11.2855
  4.67335
  39.8792
  21.4848
  21.1478
    28.38
  12.6964
  28.5066
 0.702814
  1.20225
  19.0482
   2.1352
  4.18932
  2.69256
  3.43474
  15.3086
  15.5323
  20.7709
  0.62679
  38.0961
  13.0916
  28.7385
  28.2008
 0.169012
  33.1031
  19.5857
  7.23758
  12.3035
  3.49535
  24.4101
  29.8637
  21.0233
  9.22468
  9.34493
  12.5673
  3.26091
  26.2908
  8.14865
  21.7564
  25.0178
  26.6911
  9.91458