13.8872
6.17095
22.3104
78.7928
 39.958
79.5662
59.2808
3.43017
86.9859
14.4397
4.57265
51.4259
28.9382
68.2294
43.9919
56.3251
64.2988
61.9442
9.89426
54.0965
39.7631
40.0339
39.0945
41.2352
38.0369
39.2594
49.8825
 65.045
19.4897
16.7325
8.40502
 2.1443
  77.67
80.9792
6.47187
4.46585
8.47494
 9.3454
5.10826
10.8513
34.9784
37.5873
51.2145
51.2143
45.2664
53.5334
59.9562
64.5908
58.0791
62.7751
7.66388
6.95903
58.9074
56.6422
67.4636
52.3646
44.5233
25.7692
25.9312
13.0212
16.4751
24.5423
25.8665
42.9039
39.1769
49.6173
38.6086
42.3184
43.9625
51.4277
55.3686
32.3717
 37.637
24.9882
 26.618
43.9345
 16.898
21.5945
25.5007
 21.123
59.7712
63.6809
68.1771
49.4832
47.8818
46.2865
42.4877
57.2987
49.8578
51.1685
 70.191
53.0986
 30.936
25.2061
40.1694
27.0876
17.7567
 17.354
21.5184
35.8709
7.06938
5.27541
6.93673
9.25631
 10.037
81.5388
16.4996
17.1071
44.4346
6.17041
7.51288
20.7096
89.5577
81.9088
81.0055
85.5632
43.5466
48.3942
58.1462
 59.415
65.2853
50.7042
50.5984
 4.6832
10.9779
56.6774
58.0137
58.6828
 60.835
64.0738
 47.205
33.6457
 54.182
27.5027
68.3107
 60.953
66.9488
62.7438
69.7595
70.8987
70.0536
  42.66
68.3662
70.2415
61.7934
20.8372
14.7768
24.9203
39.9568
39.0946
50.8037
52.3644
49.8626
49.6729
44.0503
40.1724
43.4395
32.3019
39.1472
42.2702
29.9633
38.1123
 65.813
46.3456
66.2582
 69.647
47.0233
46.0052
46.3625
49.5396
89.1124
81.4228
66.2036
62.5051
57.1764
60.7174
17.4272
29.0199
59.2603
 74.895
61.7795
46.9906
5.96223
9.49538
82.0328
47.0326
44.0938
49.7604
42.3892
88.0267
37.9633
 77.747
11.8214
12.1948
54.9339
52.9513
43.6662
5.75898
 33.265
88.9227
10.6137
13.8874
34.4456
33.1933
8.45487
11.5689
24.6657
20.8769
12.2107
12.6747
36.2565
39.4895
41.7651
55.9598
44.9684
19.7656
17.6848
23.9969
17.0231
80.9522
54.6823
30.2546
 83.736
62.0466
 60.688
56.8571
14.1075
15.0746
 14.419
26.8067
26.1499
16.5871
9.02508
8.86749
4.59483
 27.399
 46.588
80.6824
77.4144
83.7421
7.67007
9.36527
17.9144
8.14232
37.3289
3.99042
5.18682
14.1377
33.3212
 74.511
4.66153
5.72598
22.4548
53.1453
 59.771
25.8911
40.5263
66.3942