82.5368
77.8879
81.3879
77.3088
53.3383
37.5051
53.3348
62.4501
56.0196
82.4664
51.0724
51.0889
42.3359
42.2631
43.5051
82.4196
84.9324
87.0177
67.1281
67.1232
41.0125
 80.525
53.7298
48.4532
47.1833
83.5364
54.4613
72.3837
80.8169
71.7504
78.4576
41.6933
78.0204
79.4884
86.5566
60.8445
64.2061
83.8164
69.1806
80.3916
76.3857
47.1856
47.1921
48.9742
70.1775
60.5324
49.7002
57.6736
59.5377
73.0633
63.4907
40.2918
76.0566
81.1102
 86.773
83.2704
58.8794
48.4319
36.5488
70.5452
85.7908
52.8867
80.6209
70.1726
 33.615
43.5445
52.8968
81.3936
87.0133
72.1222
 76.134
78.8369
53.6425
 84.016
66.3088
 85.119
54.4353
74.9096
48.5536
42.3453
48.4949
47.8775