  16.2604
  11.1033
   41.421
  8.09094
  7.72063
  14.5018
  7.73926
  7.92557
  1.64028
  19.0954
  15.1364
  8.46564
  2.89318
   51.748
  11.1008
  9.33409
  19.0802
  25.9426
  23.2733
   10.087
  5.22111
  12.1594
  5.99931
  18.7523
  5.98179
  7.27698
 0.092936
  2.24205
  12.8565
  19.9797
  1.25591
  18.8824
 0.788455
  1.18874
  0.24795
  1.25682
  18.9664
  6.67592
 0.288449
  9.47728
  3.23793
  31.1696
  27.3716
  10.5334
  16.0992
  7.58518
  16.0969
  12.1738
  24.5165
  20.8161
  27.3214
  19.8285
  54.0397
  8.27349
  16.0177
  11.3958
   17.868
  5.62532
  50.3626
   44.355
  45.0969
  20.2897
  21.0385
  16.2649
  14.6709
  26.7501
  24.4981
  12.9076
  7.23025
  9.84618
  24.6771
  9.31737
  2.25505
  14.5886
  18.9868
  11.5281
   17.304
  24.0849
  9.68251
  9.42883
  16.3836
   8.4439
  3.46404
  2.54449
  17.0594
  10.4955
  7.74131
   3.5397
    7.663
   28.789
  21.2612
  4.84584
  18.4076
  9.84462
  12.6924
  29.0227
  28.5455
  34.4642
  21.5571
  3.30635
  14.9655
  54.3409
 0.194334
   0.2436
  1.47698
  1.57384
  51.6353
  20.2856
  54.1099
  13.9629
  42.1295
  44.4041
  7.71134
  5.28367
  6.72629
  16.5727
  15.5765
  1.36653
  21.1583
  5.80765
  3.27352
  28.7413
  6.14496
  2.21207
  21.8643
   60.821
   1.3226
  41.4301
  49.7884
  58.0157
  18.3443
  23.7474
  3.48658
  11.0141
  2.15968
   11.779
  7.54464
  15.6146
  28.5592
  5.79086
  35.7308
  19.0554
  6.28891
  13.5921
  5.49576
  28.7209
  3.22299
  23.2186
  33.7132
  31.3244
  7.39694
  20.3541
  2.66852
   6.6519
  6.17722
  10.9567
  1.15959
  0.40685
0.0235663
  29.4447
  5.93545
  7.77903
   14.018
  18.9493
  16.5554
   11.385
  19.4331
  24.8902
  32.0565
  24.6462
  18.6298
  20.1513
  7.70727
  2.98357
  17.8678
  16.3986
  16.1475
  13.0452
  21.0948
  8.62209
  36.2476
  28.0378
  37.3788
   20.789
  14.5025
  22.8878
  15.7805
  2.93206
  24.8862
 0.445597
  2.63979
  5.48535
  10.5306
  19.7703
  12.4433
  9.90088
  13.3325
  5.50191
  26.9509
  3.46737
  36.4682
   24.145
  27.9437
  32.8891
  20.0509
  33.8504
  9.35096
  25.3466
  8.45222
  14.0937
  34.3413
  61.8074
  31.2526
  22.6797
  22.8718
  39.2544
  20.1569
  28.1984
  31.2479
  30.9043
  27.4657
  12.6936
  37.1385
  5.31517
  37.4815
  20.9827
  3.59785
  35.4171
  33.0042
  29.6223
  15.2445
    27.76
 0.170158
  1.75795
   3.4204
  8.45605
  13.1093
  34.7944
  35.2153
  12.4843
  19.9997
  19.3205
  11.1121
  18.5807
  18.6187
  5.95551
  50.2573
  41.0308
   16.535
   7.4909
  16.6023
  8.39372
     2.87
  15.3987
  11.9513
   40.957
   0.1508
  19.2502
   22.134
  40.4067
  25.4377
  10.7631
  36.5755
  24.8359
  39.9991
  2.51748
  9.41924
  20.2189
  7.88807
  17.6528
  16.2514
  2.95178
  16.4972
  18.9956
  7.44258
  2.16326
  12.9358
  16.7719
  2.86447
  5.50717
  7.62258
  33.2992
  8.16576
  1.04925
 0.814442
  5.69834
  5.77549
   21.374
  37.5655
  14.6271
  7.06617
  14.1827
  7.99876
  9.10931
  17.4017
  31.5992
  18.3142