  12.3511
  27.1294
  16.9578
  26.4553
  28.6151
 0.567562
  18.4279
  11.5732
  3.85449
  1.23462
  1.18682
  3.56185
  5.13294
  15.5528
 0.852156
  2.01968
  8.92208
  6.99681
   6.5978
  3.66684
  5.07813
  5.53569
  2.27373
  8.57919
  7.90745
  3.05231
  27.7024
  10.8759
  13.7963
  3.48221
  9.16656
  11.1309
  6.57345
  6.67668
  12.9222
  21.9813
  16.8803
  22.4537
  9.54017
  23.0041
  24.2815
  12.7117
  12.7045
 0.277258
  11.3826
  10.9497
  9.20644
  14.1674
  7.95661
  2.05844
  5.25372
 0.640836
  2.23857
  6.93822
  5.53888
  6.32136
 0.269145
  1.57554
  9.59763
  7.92247
  10.7949
  12.0833
  4.78664
  6.98178
  1.44355
  16.0557
  3.52669
  11.5773
  7.12405
  6.11407
  5.86585
  7.29238
  17.0571
  16.3283
  20.2774
   6.5068
  13.2914
  14.6975
  7.92677
  8.15341
  8.91123
   9.1068
  1.32426
  11.6796
  6.41777
 0.744271
  11.5058
  10.4383
  17.2511
  11.6905
  13.8863
  13.9686
  1.40004
  24.7023
  1.21473
   5.7531
  13.4007
  29.5866
  19.2849
  24.3101
  11.8651
  11.2501
  21.7195
  10.6949
  17.8279
  19.4519
  7.34284
   7.6528
  3.21153
  17.3332
  5.28439
 0.295811
  21.8238
  1.88299
  6.65945
  12.2269
  16.6396
   15.031
  2.27529
  1.87718
  3.98547
  10.1205
  2.69286
  4.74932
  1.50333
  3.32796
  5.66713
  1.97067
  3.70535
  9.68018
 0.193301
    9.412
  6.71981
  15.5734
   7.4799
  13.5998
  10.2381
 0.980676
  5.15766
  15.8754
  3.16847
  26.5448
  31.5083
  8.09458
   12.865
  19.6345
  4.33693
  5.31736
   17.131
  8.29532
  31.0766
  30.7582
  1.33985
 0.874845
  23.6556
  3.95495
  14.5748
  2.47058
  1.37947
  15.9493
  2.33973
  4.94834
  20.8183
  22.3878
  12.5461
  10.3059
   13.052
  15.3076
0.0695252
  1.97255
  10.0346
  2.25516
  9.87824
  4.46198
  3.86011
  5.95657
  3.27011
  5.77637
  11.1732
  12.7657
   22.661
   6.3091
  1.13555
  11.6695
  14.2893
  8.68601
  10.1629
 0.574683
  9.65655
  22.6943
  0.34054
  29.9015
  16.0222
 0.870013
  2.73901
  10.9446
   3.5075
  9.35818
  24.4665
  12.4251
  4.37476
  13.3794
  10.0318
  6.01354
  3.50307
  14.4206
   21.243
  1.43837
  29.1832
 0.911877
  8.83196
   2.0419
  3.35407
 0.959284
   1.9496
  4.59684
  6.41126
  13.5701
  21.6076
  12.4008
  6.66987
  10.9538
  22.1344
   6.3288
 0.534142
  5.19102
  16.2231
  33.3995
  15.6093
  1.35868
 0.719059
  14.4606
  4.22334
  5.56612
  11.0865
  15.7721
  9.72941
 0.111864
  3.35894
  1.49477
  3.15258
 0.119273
   10.832
  15.6626
   28.554
  12.2643
  14.7774
  11.5801
  10.0905
  22.9047
  5.30863
  5.78611
  4.24033
   3.2036
  11.5455
  2.97714
0.0985756
  14.9379
  15.7519
   18.674
  17.4213
  2.07628
  1.66756
  10.0951
  4.90377
  3.01449
  18.5954
  26.5615
  12.0029
  2.74012
  9.05353
  18.5546
  4.50032
  3.19157
  14.2054
  8.49494
  8.22972
   20.856
  7.16545
  10.6242
 0.584935
   6.9451
  31.8262
  18.3414
  16.5486
  5.44146
 0.453906
  4.11168
  5.07322
  9.80102
  9.48924
  6.15362
  10.7685
  7.72779
  1.08593
  7.81456
  3.31725
   5.1679
    11.64
  38.5703
   19.752
  12.5125
    1.101
  2.20682
  6.37399
   4.1376
  4.19754
  20.9351
   22.851
  19.8862
    9.421
  1.37663
   13.813
  22.1022
  35.9942
  11.4089
  6.48587
  21.6904
  5.84154
  28.0975
   19.112
  12.9581
  1.99853
  3.14641
  8.28117
  20.0141
  10.0128
  11.4587
   9.2445
  23.7724
  10.0942
  6.67774
  20.2332
  30.1677
  35.8631
  5.26246
  7.11487
  19.1884
  26.5575
  6.49889
  7.23662
  13.8571
 0.928359
 0.269184
 0.841064
  7.16584
  1.07486
  20.5255
  2.38543
  4.43684
  7.83634
  21.8511
   13.575
  1.62763
  6.53395
   22.688
 0.275692
  18.5244
  13.3739
  2.23596
  26.6213
  11.6729
  7.56762
  4.16491
  2.27891
  25.4557
  14.7134
  5.51272
  4.54364
  2.37419
  6.54284
   17.448
  2.50193
 0.523329
  8.37755
  23.2788
  15.2119
  18.7884
  15.0108
  16.7388
  9.58507
  6.53276
  4.26393
  4.45875
  16.2427
  7.49039
  3.65049
  1.55513
  4.65117
  3.60131
  1.54039
  5.06872
  21.4039
  23.9075
  20.8768
  24.8696
  7.81699
  1.27839
  27.7453
  1.81962
  16.6961
 0.850343
  11.2323
  18.8205
  1.33422
  33.7056
  12.7405
  24.7122
  11.4415
  5.06036
  11.0621
  25.7672
  3.93642
  30.1355
  13.2707
  24.1714
  31.5412
  2.43089
   3.8126
  6.27615
  12.1681
  0.30203
  7.25817
  12.2315
  1.48332
  12.1512
  5.19089
    16.89
  6.95471
  13.2251
  17.1718
  24.8216
  19.4987
   9.9893
   12.929
  12.0419
    12.88
  5.78422
  11.1407
  14.8791
  11.8713
  12.6767
  17.1577
  16.1262
  9.41281
  10.7226
  39.7421
  2.70065
  12.3688
  26.3933
  4.10179
  16.2854
  2.91046
  5.19487
 0.356078
  13.1064
  3.06833
  8.38209
  6.20925
  10.2199
  19.5282
  14.3523
  11.4235
   23.098
  18.9469
  13.5994
  15.3003
  7.51937
  13.5939
 0.263732
  22.3084
  24.6446
  20.7942
  6.38893
  24.3862
 0.805502
  16.0827
  9.21374
  10.2347
  6.27343
   7.4345
  40.3324
  22.2131
  21.6101
  23.1636
  19.8516
  35.7193
  4.66366
  14.3466
   19.369
  23.2417
  23.2044
  1.38061
  6.14988
  38.1908
  16.2997
  14.4592
  4.83139
  17.0836
  26.0797
  24.6172
 0.732652
  5.64814
  10.7159
  4.73776
  16.0152
  14.1376
  35.3169
  14.5076
  24.6178
  10.4272
  2.91868
  21.8812
  40.7762
  22.7078
  9.14463
  10.1256
  31.1306
  29.2465
  15.9954
  21.5239
  3.49953
  4.15287
   1.8669
  21.2954
   25.156
  4.79988
  33.0555
  20.9699
  26.5548
  30.3805
  22.5786
  20.7657
  8.66982
  30.2429
  22.6959
  26.8687
  28.5566
  26.6408
   22.505
  7.19926
  24.6382
  19.6305
   19.362
  25.8722
  7.45805
  23.4448
  17.7398
  14.3961
  11.1384
  31.9103
  17.3477
  14.7457
  15.7826
  25.1435
  19.3534
  27.2448