  19.4447
  21.0215
  34.5258
  22.9338
   37.911
  38.4523
  43.8488
  38.8548
  34.5311
  28.8039
   12.866
  13.1878
  9.46136
   49.002
  35.1749
  37.5683
  15.7472
  4.35343
  42.4469
  33.5938
  32.5513
  21.2909
  43.2385
  46.6054
  43.7928
  45.8444
  47.0632
  44.1837
  38.8609
  42.0317
  40.8439
  35.5499
  51.8856
    54.86
  21.3501
  17.6425
  3.65459
  14.3347
   29.171
  51.8551
  35.7942
  47.2777
  51.7557
  39.0685
  41.9766
   40.894
 0.369482
  40.7964
  44.0493
  34.2739
  46.2515
  43.2219
  40.6055
  46.2111
  30.3331
  33.5514
  2.20138
  9.57989
  31.4974
   24.958
   19.943
  44.4589
  45.2701
  35.5925
  33.4441
  44.0215
  33.7832
  38.6899
  17.5053
  33.6412
    20.96
  21.7376
  3.14407
   4.8069
  35.8208
  34.8559
  27.2646
  40.0126
  40.3158
  35.1095
  34.5482
  25.3525
   26.913
  38.6346
  17.6444
  10.7847
  5.37091
  7.97453
  28.2232
  13.0158
 0.675348
  23.8469
  7.22089
  6.25227
  6.31051
  1.65118
  19.6621
  12.6545
  6.55595
  5.97725
  20.0016
  21.9212
  5.22513
  7.89124
  12.9811
  34.0533
  6.95696
  22.1099
  23.4303
  26.9462
  15.6252
  14.3907
  12.6185
  26.7019
   15.366
  3.22695
  8.93176
  15.3848
  42.8895
  9.99689
  15.4586
  27.3001
   1.0737
 0.473321
  4.46048
  46.9681
   5.2849
  34.9728
  12.6087
   2.8523
   16.162
  4.30708
  40.2483
  10.5508
  34.8059
  15.7733
  2.22193
  21.4886
  26.4141
  8.24895
  9.91918
  11.3286
 0.889574
  18.6549
   41.223
  8.67068
  9.58727
   8.7348
   5.2088
  8.87231
  1.32581
  13.2826
  9.03445
  31.2908
  9.96198
  38.5208
  2.32278
  14.1995
  15.3709
0.0386777
   18.532
  3.35891
  14.7986
  6.77719
  19.1482
  3.14122
  35.3232
  24.7184
  12.3544
  14.1733
   14.308
  16.1433
  9.89942
   16.308
  33.8846
  1.36389
  15.3696
  15.0344
  15.0306
  23.3311
   9.4063
   26.246
  3.75436
  16.9885
  2.18919
   28.648
  16.0324
  27.2609
  50.2358
  53.1765
  7.26121
  17.9206
  2.38545
  16.7352
  18.2947
  6.88158
  1.65163
  3.37765
  9.67163
  1.15614
  36.7435
   1.5143
  17.2062
  38.1953
  8.99129
  8.57522
  6.85942
  10.3012
  34.7477
  41.8105
  22.6935
  17.2013
  18.8538
  39.2548
    14.25
   7.7216
  1.57752