   3.38637
   4.44206
   14.8672
   6.00381
   2.71905
   24.8812
   5.89694
   22.9513
   4.39748
   3.70522
   4.33718
   17.6829
    13.304
   2.68384
   20.5156
   6.31455
   7.45384
   1.19551
   17.7733
   1.10829
   6.60936
   13.1019
   22.9546
   19.0214
   7.46249
   28.4355
   22.6797
   4.95802
   5.78753
   15.8732
   4.75219
   3.89782
   22.9424
   21.3473
   7.34491
   3.75662
   16.7402
   5.82671
   10.6164
   13.5524
   1.56524
  0.149828
   31.0642
   3.97712
   5.61521
   5.75949
    19.568
   18.4963
   14.5763
  0.125365
   2.24358
   10.4716
   9.51573
  0.439722
   21.3766
   26.6563
   25.3533
   8.80462
   3.69153
   3.41673
   9.00236
    4.4681
   18.4273
   10.1888
  0.354498
    6.3244
   23.4395
   4.70313
   6.02003
   8.93233
   26.7254
   9.99027
  0.890578
  0.749017
   7.07519
 0.0303993
   12.0031
   8.73024
   15.7014
   22.9602
    20.218
   2.66599
   4.38022
   12.0725
   5.37713
   2.09464
   2.21749
   11.2152
    26.256
   3.88387
    5.8336
   12.9088
   7.02381
  0.480982
   5.17297
   1.36136
   4.18532
   15.3044
  0.830346
   2.22319
   1.77035
   23.4287
   10.2428
   1.46562
    7.0289
   11.5841
    3.8975
   7.95135
    33.898
    1.9267
   8.12391
   14.0194
 0.0693009
   5.94873
   1.78478
   7.85092
   2.58241
   10.7242
   1.99218
   2.22647
   2.31647
   3.69886
   6.89718
  0.296445
   3.62206
   1.89132
   9.60238
   26.6247
   11.1845
   12.2685
   2.81195
   22.9276
   3.85619
  0.864113
   3.40954
   14.1673
  0.718453
   15.8182
   22.8263
   6.71658
    1.0914
   9.15319
   1.78177
   9.06303
   3.56471
   4.74069
    1.6164
   10.9974
   8.20132
   5.14855
   1.81281
   20.6183
   34.2289
    28.499
   5.99736
   2.87966
   7.57897
   9.90895
   10.5809
   9.65117
   8.93751
   8.66958
   7.07406
   22.4063
   8.24693
  0.692716
   4.82949
   21.3492
   23.8019
   1.05144
   4.18409
    14.353
   15.6204
   19.7996
   35.9001
   15.0686
   5.75803
   6.90068
   3.53857
   34.8368
   9.31079
   7.94205
   15.8751
    2.5326
    2.7303
  0.344981
   4.88023
   6.67191
   18.4648
   5.74271
   29.2438
   3.81869
   12.9037
   25.8949
   5.50329
   23.6117
   16.1945
  0.612907
   33.2012
  0.500826
  0.939409
    8.3655
   12.2961
   4.14391
    22.254
   11.1943
   20.4245
   4.85296
   13.1264
   9.39043
   12.4965
   4.89004
   8.02883
    8.8652
    16.589
 0.0177861
   23.9759
   39.1057
   15.9395
   12.4557
   20.7005
   52.9564
   30.2346
   23.3751
   8.91804
   2.94222
   6.35277
   9.15637
   36.4637
   2.29216
0.00311046
   7.11929
   36.0458
   28.7497
   14.1948
   27.9815
   25.4523
    2.2005
   16.0288
   8.96701
   1.38026
   3.15446
   7.33238
   9.38983
    8.8565
    2.9184
   3.48725
   5.11465
   26.7164
   21.2625
    2.9589
   24.6127
   14.0185
   41.6603
   35.2432
   4.95229
   8.91778
    4.6394
   14.4553
   34.2656
   28.0892
  0.529836
    2.4839
   5.92613
    6.0495
   1.60194
     22.97
   1.77615
   8.37195
   4.30326
    13.408
   33.5517
  0.924886
   18.3225
  0.864258
   5.38872
   5.25303
   14.1327
   2.05892
   7.45264
   15.4971
   25.2644
   8.62624
   27.4873
   8.29496
   3.39456
   2.49379
   4.18868
   2.31814
   20.4104
   4.76754
   13.5523
     7.361
   6.25031
   3.90402
   21.4647
   18.6593
   20.6842
   9.63477
   4.78772
   8.62803
   8.79806
   4.54598
   48.1426
   43.6078
   32.7556
   13.8616
   26.4054
   17.8365
   19.0666
   1.90641
  0.386701
   22.3191
   5.43261
   4.67646
   19.2083
   5.46415
   5.97142
    27.826
   2.32856
   1.29443
    28.594
   4.54425
   19.8716
   35.7985
   36.2424
   48.1013
   21.3234
   11.8975
   23.5545
   8.96822
   24.0868
   5.07556
   4.57108
   16.3406
   19.9733
  0.848832
   6.38319
   0.67144
   6.70259
   17.8599
   51.8661
   27.9399
   39.5223
   2.28671
   12.4795
   2.49591
   6.19793
  0.413307
   34.9963
   2.14557
   34.4292
   28.6666
   5.36218
   5.19264
   3.19879
   4.07435
  0.372933
   8.81037
   4.50647
    21.299
    5.0775
   33.9201
   12.6567
  0.709106