 23.3387
 11.0838
 41.1906
 35.1978
 8.70602
 2.10924
 2.07758
 2.36972
 2.75852
  1.9848
 5.29953
 8.80293
  4.5167
 3.81124
 7.26464
 21.0748
 16.4075
  1.7431
  9.1747
 7.27091
 0.93517
 3.26356
 50.4332
 25.1209
 42.1845
 47.5286
 30.9037
 30.4607
 46.7389
 7.05419
 14.7183
 18.6301
  27.458
 18.6204
 47.2275
 31.0118
 2.54737
 14.8942
 5.94331
 22.1238
 15.9411
 6.81648
0.196317
 9.13113
 7.09435
 3.82586
 7.89859
 24.8014
 58.1934
 29.8374
 38.6076
 2.94749
 6.08277
 9.33847
 2.12616
 11.7883
 1.64534
 4.64247
 8.66899
 9.66079
 7.77136
 2.68032
 56.2356
 51.0258
 17.2713
 68.8542
 33.2223
 16.9361
 25.4332
 15.1398
  31.648
 51.6849
0.216442
 1.40831
 3.07993
 23.0407
 10.2014
 24.5608
 29.4322
 33.9611
  8.6156
  5.0073
 57.4627
 14.5902
 3.91368
 2.35713
 23.9229
  4.3435
 10.4243
  8.1467
 62.0922
 7.56183
 2.06061
 37.9219
 9.46831
 33.4864
 1.69408
 1.84365
 52.0526
 15.1546
 34.2258
 5.28018
 28.8327
 13.9304
 2.61928
 61.9817
 1.81973
 6.51522
 19.2119
 22.2976
  5.4759
 5.00996
 1.61755
 3.69206
  43.778
0.945866
  30.432
 10.8999
 47.9088
 57.9109
 25.4811
 4.79608
 38.4285
 29.3479
 11.7707
 14.7828
 27.4764
  2.4812
 21.4633
 38.3888
  26.322
 1.36525
 62.9666
 37.9165
 30.8375
 1.31511
 21.8813
 1.11589
 3.10915
 1.77722
0.785689
 6.37122
 30.6902
  24.768
 7.55873
 8.11081
 8.23184
 2.19685
 6.98098
 23.0293
 20.1522
 21.5319
 33.5472
 2.68546
 31.1619
 28.2179
 7.34806
 32.5499
 18.7791
 35.2291
  5.0817
 43.8266
 15.0439
 29.1671
 4.29075
 65.3363
 25.1801
  2.8499
 10.3176
 28.7418
 7.59752
 29.8895
 25.9492
 22.9938
 8.64737
 15.2043
0.914003
 5.72463
  46.367
 26.3406
 3.08852
 46.3635
  36.677
 7.86831
 29.7031
 5.91528
 49.3297
 49.3473
 29.9506
 34.0785