  24.3973
  1.63271
  22.9477
  2.99522
  6.16801
  34.7049
  28.5941
  45.6303
  27.2415
  36.4985
  19.4595
  28.3882
  25.0443
  30.2069
  35.9778
  20.7162
  12.9434
    8.904
  44.4781
  64.1689
  45.6778
  56.0101
 0.437726
  5.08167
   19.216
  17.2321
   3.2678
  7.36765
  29.4478
  17.7995
  6.86546
  3.93118
  5.50277
  30.2156
  27.7682
  17.3028
  5.83424
  24.7451
  40.2453
  5.81747
  24.6054
  39.9769
  39.9126
  38.1442
  22.7547
  19.3631
  42.2889
  47.0731
  50.9905
  25.0635
  22.1949
  51.9598
  10.9181
  25.0735
  13.6017
  23.4135
  16.4754
  6.65973
   40.223
  35.8117
  44.4403
  27.9651
  31.0932
  6.64342
  51.3922
  42.3763
  51.4313
  35.9593
  2.99859
  10.4923
  3.86968
  21.3607
  16.6096
  18.7282
  34.0609
  19.8137
  13.4762
  23.9463
  19.7979
  2.26772
  25.7788
  4.26647
  16.8153
  3.86926
  36.6081
  45.3328
  19.6033
  21.7619
  33.0169
  19.9444
  14.2561
  1.94519
  38.3133
  29.3837
  24.9866
  12.2386
  4.93995
  29.6024
   38.808
 0.553134
 0.144314
  41.1075
  6.32247
  33.5927
  35.9557
  14.2486
  18.0172
  20.1333
    26.09
  5.77598
  32.9712
  4.25188
0.0082042
  36.3344
  4.82706
   28.439
  33.4761
   12.109
   24.423
  14.3018
  22.7954
  27.1593
  33.9745
  17.4563
  15.0427
    40.49
  31.7627
  32.5487
  11.6788
  9.09016
  23.2756
  33.4981
  31.9903
  56.1705
  19.0946
  9.57708
  45.5495
  16.4529
    21.62
  13.1163
 0.576713
  1.05325
  8.81185
   3.8443
  5.47564
  2.06049
  39.5967
  1.96369
  1.36081
  25.3797
  32.9104
  3.64132
  24.8695
  6.98787
  2.81747
  4.82687
  38.8771
  19.8086
  19.7842
   32.424
  3.36833
  21.2252
  2.47067
  14.5183
  37.7629
  32.8747
  11.3426
  12.5953
  12.2163
   22.692
  53.2001
  19.2582
  36.4817
  51.2743
  1.55604
  8.68964
  5.13244
  40.1706
   17.824
  46.8696
  47.2217
  13.0593
  17.7735
  34.0665
  46.0184
  49.4407
  12.9624
  17.8688
   8.1302
  52.7289
  12.7775
  50.5913
   48.572
  9.44423
  29.9476
  4.04844
  33.1404
  34.8487
  5.12177
  16.1505
  19.5396
  58.0317
  33.8136
  7.17826
  5.28291
 0.272806
  10.4347
  8.10479
  3.59966
  18.5256
  15.2105
  13.9127
  11.3416
  33.6388
   2.8438
   1.3065
  9.29706
   6.4459
  6.22219
  18.6809
  2.70527
  6.99834
 0.500847
  8.88596
  3.37533
  27.1064
  30.3342
  2.45691
  35.9777
  12.9742
  10.0041
  8.35513
  9.90081
   8.0531
  34.4033
  4.42502
  8.14893
   1.7346
  21.0039
  9.48856
 0.122874
  32.8566
  28.6771
  9.74706
  14.4178
  29.2416
  20.5732
  12.6967
  12.4543
  26.0297
  21.7069
  36.0498
 0.489465
   11.237
  17.0072
  13.6981
  7.16759
  20.4053
  3.33432
 0.324108
  21.9304
  26.0359
  5.26879
  14.8917
  2.36877
  13.5769
   2.8201
  29.6109
  7.38111
  24.2464
  3.40599
 0.801553
  7.97642
  23.0317
  12.5181
  22.2301
   26.608
   31.395
  33.6226
  1.18205
  7.70651
  11.2152
  2.22649
  0.82401
   38.243
  10.1725
  4.17863
  6.38683
  8.96853
  17.5903
  63.6637
  39.1553