  16.4193
  22.2595
  9.12987
  5.65826
  7.16167
   29.307
  16.6495
  17.2149
   35.817
  22.1638
  9.92946
  30.3267
   1.4266
  2.56723
  4.00136
  6.37721
   17.381
  7.11026
   1.0284
  35.2988
  21.8407
  3.39012
  31.5917
  1.48984
  3.45365
  4.20188
   6.4491
  4.16477
  4.53489
  1.44479
   21.061
  2.75225
     12.4
  4.85128
  2.06281
  1.16223
  5.90381
   19.735
  4.30614
  16.5881
  31.9231
  29.4572
  27.8821
  3.40386
  3.30739
  8.63083
  13.9589
  16.3988
  33.8619
   4.9268
  39.1364
 0.915274
  7.34653
  16.9894
   5.7459
  7.52152
  2.73165
  1.06037
  8.12875
  33.6452
   2.5135
 0.133817
  9.61007
  1.99111
  39.6007
 0.810831
  6.99433
 0.906648
  28.0461
  1.81648
  9.13504
  1.30437
  1.35103
  29.9125
  37.3471
 0.322998
  5.28952
  7.49462
   9.9217
  10.0737
  4.94374
  5.80294
  35.0841
   25.513
  7.30366
 0.407466
  8.65792
  4.10927
  2.95921
  3.51541
  3.89688
  6.69018
    23.54
  4.23806
  4.83243
 0.137659
  29.3156
  6.92771
   24.153
  33.0884
  6.55494
  25.9613
  4.27661
  5.89311
  4.52862
  30.6615
   18.819
  35.2301
 0.421146
  4.42935
 0.772233
   30.358
  25.7286
  35.6805
  5.32453
  9.99797
  5.65834
 0.375747
   14.418
   22.896
  1.26061
  32.5974
0.0238535
  9.12337
  5.94756
 0.548354
  5.63587
  5.93764
  5.80846
  14.9467
  1.69234
 0.944722
  34.3382
  2.51411
  6.61981
  3.20819
  9.29196
  4.75216
  37.4069
  5.55934
  15.9387
  9.32297
  6.96177
  16.5962
  9.26216
  4.53696
  6.05882
  6.85909
  5.19977
  31.9373
  14.3932
  23.5353
  5.20409
  23.0289
  5.31561
  3.63744
  3.12401
  8.63671
  24.7091
  19.4813
  5.86697
   19.994
   11.605
  7.18003
  10.9815
  7.54278
  11.1627
  7.54558
  6.04927
  5.65866
  7.04647
  3.99354
  1.46124
  6.99184
 0.275883
  2.14201
  33.3379
 0.688305
 0.385499
   26.191
  11.2037
  23.1633
  8.60061
  17.1134
  4.38968
  17.8649
  21.3222
  13.9224
  1.28346
  3.30801
  4.19988
  13.8107
  5.54232
  19.2844
  3.48474
  8.95911
   3.9476
  5.07387
  25.0754
  17.6387
   36.676
  1.09473
  1.61003
  5.18057
  34.9858
  28.2056
  4.86918
  19.8761
  27.1369
  2.73816
  12.5721
  38.0594
  20.8622
  13.8953
  5.26806
  9.61081
  8.62215
  9.97211
  6.41436
  3.38637
   10.973
  17.1548
  12.6924
  12.2172
  1.24939
  22.2035
  3.59694
 0.781443
  11.6577
  22.3974
   35.947
  21.3966
   17.969
  3.22189
  37.2093
  17.4746
  4.52634
   6.4932
  35.9698
  14.4153
  16.1223
  28.9885
  25.6214
  2.54921
  6.08033