  8.28776
  10.3892
  11.6874
   2.9028
  1.62404
  3.88072
  29.9889
 0.831529
  17.1553
   23.982
  2.19533
  1.53925
  4.16252
  7.43195
  3.37796
   17.949
  8.14139
  30.3485
  5.02761
  5.72994
  23.7037
  12.6929
  6.99367
 0.875448
0.0809295
  3.91638
  13.5107
  28.5704
  3.08641
  28.4257
  23.1925
  18.9698
  17.6242
  4.75052
  6.09205
  3.48553
  7.11864
 0.746928
  6.03513
  16.4898
 0.042337
    3.856
  2.89621
  8.15372
  4.74485
  5.56237
  8.79665
  12.0037
  3.59721
  23.9089
  1.92199
  1.00144
  6.74719
  1.09176
  13.6977
  1.66158
 0.872105
   2.5705
  1.56714
  9.55234
   8.0065
 0.351959
  25.3997
  30.5555
    10.77
  5.23284
  10.9642
  15.3126
  6.81485
  5.08578
  2.77937
  15.2145
  0.48872
 0.829424
   0.8738
  0.74124
 0.588488
 0.256789
   5.5809
   29.558
  2.65176
  38.6159
  59.3795
  10.8984
  32.5524
  4.21193
  0.67434
    9.941
  1.23311
  6.15532
  1.54834
   14.003
  1.17029
  4.40714
  9.22085
  7.67438
  7.72796
  31.7799
  11.9705
  22.8128
  1.62305
  11.9692
  1.88598
  2.00894
  3.91712
  10.5745
  10.1393
  29.1195
  26.4408
    8.256
    1.951
  10.5576
  3.33636
   3.1389
  1.96568
  16.6999
  12.0546
  47.4573
   36.548
  9.27138
  4.34574
  2.60684
  1.38906
  4.84276
  6.46855
  13.3981
  17.1478
   4.9367
  0.66838
  11.3269
  5.68135
  5.52865
  8.02478
  9.35553
  1.76099
  2.11041
  49.4473
  26.7047
  1.63098
  5.16512
  8.27172
  4.52804
  38.9757
  29.1694
  61.8815
 0.877172
  6.96345
  3.92762
  25.1628
 0.875534
  20.5514
  34.1063
  10.7153
  1.47321
 0.379687
  19.6895
   54.119
  1.33653
  22.0513
  10.1251
  7.06155
   34.474
  1.04721
  7.33655
   4.0729
  8.58783
  1.48247
  1.08461
  8.24686
  7.14141
  2.24811
   9.0571
   7.6341
  39.0375
  2.96356
  6.93269
  48.2158
  10.4106
  56.6515
  65.6993
  44.0256
  16.1685
  62.8906
  2.26603
  2.01969
  57.2214
  51.9417
    25.28
  8.18111
 0.014072
  2.15867
  60.8066
  40.6272
  2.97105
  3.19817
  4.42778
  47.4731
  48.2067
  52.2907
  37.6055
  8.34155
  6.11786
  4.77577
  9.07586
  5.93887
  9.07223
  1.75659
  2.45988
  8.40802
  16.0331
  6.01684
  56.1505
  62.5226
  24.9295
  3.64283
  4.71002
  23.9789
  32.3632
  8.71818
  39.8617
  35.1449
  59.9919
  56.3769
  16.2046
  6.58895
  11.2012
  55.7832
  35.3337
  43.3261
  14.7358
  8.76796
  13.7252
  10.7561
  4.38172
  6.74903
  6.81239
   17.295
  3.65962
   1.8822
  6.70538
  48.7874
  2.88004
   4.4369
  10.9173
  12.8926
  7.95295
   5.5474
  8.58593
  5.66439
  5.64088
  3.78809
   6.2501
   12.193
  3.19081
  5.48057
  24.3958
  20.3518
  18.4433
  9.77876
  18.0502
  52.3113
  46.8881
  45.3644
  7.92863
  12.6524
  57.2706
  11.5284
  19.5409
  50.8395
  51.5427
  27.2581
  22.0323
  4.59285
  6.04396
  5.50768
   2.7467
  0.26338
  11.0745
  28.5081
  13.7669
  17.6293
  9.31724
  7.78629
  6.34833
  5.88703
  9.72955
  54.5367
  68.1227
  3.90022
  55.0737
   63.456
  66.8223
   43.056
  66.9118
  12.3437
  40.6594
  68.4926
  61.3096
  54.7988
  9.10554
  16.5927
  4.72393
  43.6708
  1.10852
  8.25814
  56.6174
  18.8957
  20.0331
  5.80577
  10.4841
  2.65247
  25.0106
  66.5386
  30.1276
  5.23698
  56.9373
  27.6266
   9.5001
  30.4098
  5.88354
  63.4721
  8.17509
  55.4796
   61.843
  39.3359
  7.22291
  3.69925