  10.7684
  1.57476
  14.1436
  15.0779
   1.6739
  1.11371
  21.8485
  9.47557
  11.6635
  19.1793
   16.237
  3.60572
   2.0155
  9.57975
  5.13908
  5.00311
  4.28662
  22.1839
 0.464294
  6.51999
  23.6905
  19.2188
  16.1301
  4.86363
  7.73501
  4.99776
  30.8511
  20.7613
  15.5227
   14.931
   15.621
  13.5885
  1.19997
  21.9531
  2.54772
  6.06071
  16.1719
  11.3799
 0.477812
  16.8634
  1.33788
  4.68176
  3.57598
  12.7513
  0.50704
  13.5829
  2.89788
  10.5977
  3.53821
  18.8003
 0.890867
  5.22646
   4.1967
  10.3287
  5.81228
  10.7508
  5.02032
 0.610538
  0.53967
  13.2954
  2.70483
  14.3804
  9.46885
  4.75772
  10.4307
  6.02448
  10.5842
  15.1904
   14.633
   14.287
  2.52971
  8.49689
  4.54869
  2.86502
  7.43718
0.0949956
   13.796
  9.84944
  8.06584
  1.00506
  1.03487
  6.79849
  5.06226
   9.2925
  1.91208
   33.727
  8.49034
  11.5256
 0.466478
  12.0289
  5.70148
  14.5758
  5.17707
  4.69436
  8.31246
  6.80884
  11.1512
  15.7369
  1.93731
  4.80657
  7.70423
  17.6042
  10.3702
  15.6582
  4.44456
  0.92411
  8.44669
  5.49603
  13.7916
  13.1921
  2.13174
  8.02445
   13.154
   7.6653
0.0399096
  1.83804
  15.2506
  32.2512
  4.98341
  2.31088
  10.5709
   11.654
  2.02896
  9.28389
  10.3428
  9.41646
  10.3419
  5.87073
  12.5254
  6.42199
  2.97279
  3.14604
  4.12018
   5.2056
  8.23586
  24.9129
  6.15541
  13.7373
 0.740262
  20.5245
  27.2465
  31.1552
  16.3511
  4.85128
 0.482974
  25.3707
  18.9375
  13.3142
   32.944
  5.72452
  9.36043
  10.4984
  5.66019
  6.22581
  9.79315
  3.35052
  17.4069
   2.5901
  2.49201
  13.1657
  4.29286
  2.08428
   2.9376
  13.7518
  6.62338
  12.3554
  14.0889
  9.73916
  3.91799
  7.09398
  19.1358
  1.04377
  8.14371
  7.63149
  21.9426
  7.09641
  5.12973
  28.3529
  6.27429
  8.94722
  10.1824
  14.9031
  11.0615
  30.3745
  9.49027
  11.7669
  11.0438
  34.3454
  23.0092
  9.77094
  2.04578
  6.86261
  2.43554
 0.583779
  10.0102
  2.64937
 0.675729
  1.69612
  14.5036
  3.28278
  24.5229
 0.944932
   2.9471
  23.0079
  1.85914
  6.33173
  29.5446
  19.7014
  15.7438
  6.75552
  14.7758
  26.8921
  21.7051
  33.6316
  13.3744
   11.891
  4.84808
  3.99749
 0.331562
  7.94013
  3.41665
  19.1263
  22.7955
  6.18384
    3.762
  1.15779
  15.6592
  5.76454
  4.70736
  1.40583
  14.5975
  5.07561
   8.8672
  6.71789
  21.9529
  2.50205
  5.20047
  14.7205
  3.17551
  6.72619
  5.56341
  14.2574
  13.1816
  10.3384
  3.60726
  21.3908
  20.7098
  1.97711
  5.99836
  11.7178
   16.643
  19.0612
  25.6969
  2.09141
  1.30571
  0.29877
  4.02187
0.0814355
  25.1616
  7.83009
  3.35677
  7.57511
  12.8977
   10.314
  12.7261
  4.77229
  13.7904
  11.3693
  13.1058
  1.19637
  30.2352
  11.0369
  11.6261
  6.30163
  13.4248
  7.02152
  14.0782
  10.1615
  8.01146
  27.1537
  21.8875
 0.284316
   33.637
  5.08617