   6.2023
  1.41353
 0.679536
  15.3507
  1.00657
  2.20058
  34.7856
  10.0664
  20.7482
  11.4753
   1.5216
  4.97753
  11.8103
  9.04137
  11.6515
  8.32213
  4.15374
   5.0441
  34.8087
  13.0707
  5.70192
   24.621
  17.4477
  4.24523
  6.46733
  24.3001
  1.46188
  10.2782
  34.1788
  25.4532
  29.4428
  7.75395
  3.62691
  15.0486
  18.1691
  13.8377
  6.59296
  10.7312
  2.55367
  5.85639
   4.5714
    2.658
  11.9114
  9.40057
  6.61071
  2.19559
 0.536996
  15.6848
   35.714
  8.09489
  2.71349
  4.69264
  10.1517
  17.5937
   11.069
  8.29877
  1.26476
  8.61208
 0.258841
  2.54394
  3.34767
  2.78492
   1.5233
  1.33455
  4.82119
  30.6702
  20.5401
  3.41919
  9.39358
  7.31274
  2.54151
  6.92379
  3.83827
  31.9646
 0.318479
   5.4005
 0.454888
 0.180827
 0.259427
  5.30326
  9.45025
  22.3372
  6.48789
 0.364388
  4.32431
  16.1861
  6.28773
  3.37881
  2.91056
  1.87601
  1.44819
  3.38362
  5.92422
   11.721
  3.62418
  16.3834
   25.334
  28.7569
  21.1286
  29.0945
  9.17534
  9.48431
  1.13553
 0.961669
  6.25703
  8.16924
  4.79684
    11.07
 0.097686
  9.92387
  9.99961
  3.72118
  1.68134
  10.5337
  4.64682
  1.68898
  10.0884
  8.02208
  12.3206
  5.29239
  3.69287
  4.90023
  16.9353
  14.6763
   28.575
0.0331033
  8.14282
  2.38769
  23.3688
  5.11578
  39.8523
  9.84586
  15.7025
  4.63309
  2.91615
  14.9774
  12.4748
  4.10735
  31.5373
  24.6817
  1.09823
  16.8359
  28.6169
  10.4244
  4.74019
  11.5433
  11.3577
  8.76832
  1.12664
  6.55312
  12.2179
  5.23744
  16.4218
   11.985
  22.7758
  7.95796
  9.72616
  27.8504
  13.5026
  12.5081
 0.563181
  34.0096
  25.2515
  9.96531
  2.17977
  8.03624
  8.17779
  4.26575
  26.1521
  2.33643
  9.33145
  4.33427
 0.941548
  17.4793
  1.52077
  1.24861
  15.2137
  5.15472
  6.43785
  1.76493
   10.781
  28.0077
  10.1173
  22.6893
   23.157
  1.96902
  9.77769
  0.40694
  1.98125
  4.83226
  10.3055
  3.02213
  5.99097
 0.588563
  9.73897
  6.49947
  1.30725
  3.51436
  6.55289
  21.6569
  11.1622
   1.4729
  2.97688
  9.37396
  7.43035
  40.3703
    39.62
  2.32277
  2.85424
  35.1146
  6.96481
  4.01028
  11.8455
  15.1846
  12.7062
  21.4243
  8.76562
  6.13381
  5.53808
  10.2468
  9.31293
  5.46072
  9.19395
   5.6842
  9.74658
   22.697
  7.72552
  9.59261
  3.82937
  14.4133
   16.956
  11.0347
  29.6924
  17.7297
  8.36754
  8.51654
  3.85964
  25.1237
  7.48603
  4.74992
  19.2961
  19.4357
  12.7348
  3.77566
   6.0706
  21.4738
  14.9877
   35.088
  21.7173
  14.5697
   14.184