  7.68227
  28.4588
   3.2294
   12.023
  3.84688
  2.45283
  10.9791
  10.4743
  4.35426
  3.43934
  3.46558
  9.78728
  2.54592
  9.93761
   10.313
  10.8964
  2.33718
  25.7222
  39.4492
  23.9903
  17.3137
  9.47942
  23.1705
 0.666824
  27.5752
  6.86646
  14.8636
   32.253
   12.879
  15.2588
  7.02771
  7.38467
  16.2671
  1.35961
  11.1721
    5.716
  0.53769
 0.467944
    6.612
 0.960713
  2.99204
  3.13276
  7.43101
  15.2893
  16.9834
  2.80777
  10.5766
  37.8646
  15.8962
  6.26441
  11.3251
  16.0242
  33.8866
  25.1931
   28.099
  1.09288
  48.7768
   2.3396
  9.85466
  7.22241
  13.3974
  6.28096
  8.26323
  7.99994
  24.8595
  14.4553
  16.4373
  34.3427
  17.2373
  31.0366
  9.18327
 0.550809
  27.7526
   19.849
  1.74384
  4.11771
  1.33787
  2.98879
  12.9103
  23.5754
  38.0986
 0.367258
  25.7061
  43.5388
  0.55101
  1.58467
  16.4742
  3.51974
   13.028
   8.4996
  8.03596
  9.69575
  7.76247
  8.65903
  4.02008
  11.7856
  31.5612
  8.46269
  7.90588
  1.79727
  24.6842
  35.0717
  22.8551
  7.50656
  1.79771
  31.2037
  10.7543
  7.34582
  6.77629
  28.7656
  19.6439
  9.08967
  7.43175
  8.08955
  10.1533
  13.6888
  16.4021
  29.0791
  10.5558
  13.7717
  4.28327
  23.1588
  3.64673
  11.3632
  9.61317
   28.893
  13.0343
  24.8874
  7.27608
  2.51985
  9.34272
  11.7537
  24.3171
   26.345
  4.16527
  10.3054
  5.78584
  26.1433
  4.47783
  7.79121
  2.30098
   1.4491
  7.51775
  5.25261
  13.2775
  15.4512
  31.2234
  21.8121
  5.71113
   29.809
   5.2871
  28.7595
  36.9213
  26.4304
  13.0963
  34.9176
  9.11235
  6.07813
  9.58598
  22.0972
  8.04386
  12.6915
  18.0572
  7.94879
  1.61586
  8.25972
  11.3886
  1.08039
  21.8574
  21.5227
  24.5494
  24.0064
  12.8924
  26.2131
  1.85389
  16.7228
  1.09663
  0.99236
  2.82021
  6.22623
  3.75787
  34.2936
  24.5582
0.0589856
   2.4093
 0.132328
  22.8185
  24.3714
  1.99381
  22.5993
  21.0181
  20.7719
  11.3576
  33.7439
   3.7475
  5.13584
  23.1231
  19.3547
  40.0207
  3.64538
  26.5407
  18.8325
  24.9512
  23.2792
   7.6064
  21.0816
  28.5528
  35.4711
  13.7427
  8.22687
 0.801426
   8.6223
  9.27895
  20.2628
  10.3702
  24.4263
  5.00424
  25.7112
  1.60369
  32.1052
  28.8921
  27.5524
  11.6104
   23.151
   34.228
  8.14488
  11.6111
  1.74873
  22.8516
  15.5208
   15.185
  26.1273
  15.0168
  33.6915
  6.17251
  12.0079
  11.9154
  4.49618
  14.9205
  16.6969
  31.4025
  11.0751
  34.0454
   2.3094
  8.44378
  9.40486
  26.4732
  21.9469
  30.2066
  32.0762
  7.78777
  1.37709
   11.997
  13.5954
  11.2333
  10.3958
  33.0017
  2.74502
  22.7836
  8.06487
 0.512784
  39.3004
  28.5183
  23.5368
  2.64374
  6.75802
  5.17561
  17.3551
  25.5765
  1.92819
  4.28169
  30.0568
  1.05899
  6.87149
  30.9183
  3.39187
  30.3795
  21.1235
  31.1779
  5.95532
  30.5089
  2.24439
  4.98809
  9.03123
  2.63582
  39.2473
  24.4636
  15.6764
  13.3823
  35.0265
  27.2945
  2.99295
  28.2046
  19.5613
  12.3355
  8.75906
 0.938891
   4.5454
  23.1568
  25.8534
  10.1913
  11.2992
  23.5167
  11.7655
  2.28903
  2.50176
  24.3387
  28.6752
  13.6386
  23.0983
  32.2937
  7.33675
  13.4862
  25.3132
  20.8674
  5.39723
  7.73085
    10.25
 0.479002
  10.1707
  11.9847
  11.6995
  2.11239
  11.4403
   19.661
   12.159
  7.36243
  11.9237
  3.62078
  4.10124
   9.2628
  9.82597
  26.4659
  21.4353
    2.202
  21.0747
  22.1619
    3.867
  1.32588
  5.49629
  11.8946
  5.27045
  19.2549
  9.28805
  29.7257
  7.36618
   17.958
  31.4003
  41.6419
  2.53522
  7.98698
  16.0481
  6.40831
  38.6044
  28.0444
  9.99315
  6.59367
  35.5414
  4.07342
  3.32062
  26.1834
   28.274
  8.29015