  40.0985
  41.2434
  35.4759
  37.9131
  47.3856
  37.3871
  34.8864
   32.421
  45.1509
  31.9818
  32.3699
  30.5059
  36.3426
  41.1746
  39.4495
  46.4539
  33.8341
  6.76175
  3.37338
 0.441654
  9.20657
  37.4107
  6.59798
   2.8462
  3.81692
 0.626213
  3.00937
  6.14329
  1.27825
 0.701754
  3.70955
  4.41448
 0.704321
 0.972951
 0.023589
 0.503805
  1.32299
  1.47757
  3.16028
 0.348078
  8.58821
  4.28653
  7.82435
   1.6209
  5.50441
  7.18677
  6.68894
  9.18547
  3.95803
  4.13323
  9.69224
  0.56105
   4.1679
  41.5947
  11.9558
 0.972847
  10.4528
  9.03738
0.0592083
 0.160942
  9.87996
   4.4566
 0.404908
  1.16898
  3.64469
  1.41553
  41.4316
  9.31125
  4.64244
  4.71105
  1.70269
  2.27933
  8.29783
   3.0254
  6.01701
  34.8855
  23.9059
  7.65698
   6.2008
    9.372
  2.57084
  2.28676
  33.2039
  8.96008
 0.144737
   2.2483
  8.76052
  1.28208
 0.476339
  3.22665
  1.00841
  5.91488
 0.701754
 0.596403
  8.05156
 0.625282
  5.78381
  1.48587
  1.86726
  12.4174
  6.90407
  1.42757
  2.68334
 0.933286
  2.57252
 0.316646
  4.53263
  4.33754
  9.42827
  23.2054
   7.8832
  16.7244
 0.641144
   5.5161
  4.41783
  11.2666
  3.41224
 0.684047
 0.138912
   3.5057
 0.226213
 0.447084
 0.256418
  4.29283
  2.72724
  1.46094
 0.448078
  10.5902
  6.93258
  4.64296
 0.333112
 0.827345
  5.50713
  3.48342
  3.13984
 0.167571
  2.62064
   8.6337
   1.8974
  2.46806
  3.39998
  2.99775
  4.79189
  2.20097
   5.2011
  3.98441
  5.38101
  4.86624
  6.18988
  1.32276
  24.8233
 0.692932
  1.42757
   1.5162
  2.19859
  7.07322
  2.60943
  11.2998
 0.696223
  4.17134
  4.95993
   43.957
   1.8121
  8.41909
  2.92623
  9.79642
  1.51333
  29.6349
  1.01379
  2.89515
  13.2938