 57.8078
 59.0671
 25.6306
 52.9969
 57.8984
 57.8471
  53.717
 59.1051
 55.8851
 43.5587
 28.8554
 60.4551
 52.9521
 56.9458
 58.8759
 24.2819
 48.7557
 57.2669
 56.0247
 51.6106
 56.6753
 30.3412
 28.5681
 49.1076
 53.5427
 58.4367
 27.7196
 50.7789
 53.0591
 50.8882
 25.6414
 46.2434
 44.8278
 57.2287
 56.1175
 54.0247
 47.9253
  55.227
 52.5745
 46.7664
 55.3358
 49.6531
 55.1661
 44.7808
 51.1917
  58.583
 44.7474
  50.921
 54.6112
 59.3785
 43.3716
 43.8687
 51.6503
 59.8183
 59.5046
 58.9609
 49.6395
 46.7191
 55.8728
 43.9197
 24.0894
 59.5456
 53.5422
  48.222
 59.7227
 49.7203
  51.459
 44.0961
 50.6629
 53.6993
  50.931
 17.6291
 59.6568
 58.3877
 58.5307
 45.6932
 54.0657
 25.2539
 57.3069
 44.9728
 30.0347
 52.0358
 40.8403
  41.769
   50.47
 58.1454
 23.5323
 49.6624
 18.9024
 40.4582
 58.0768
 40.5079
 46.3353
 29.7786
 45.6156
 51.8148
 26.8107
 29.6307
  24.852
 53.5209
 23.7621
 57.1937
  53.487
 27.2442
 51.6022
 34.8105
 54.8334
 27.7949
 30.5091
 57.6641
  49.016
 51.3626
0.491214
 6.39594
 3.14786
 58.8125
 53.7068
 56.8822
 5.89663
 66.2562
 32.2646
 6.17455
 6.25851
 5.80585
 51.5797
0.318154
 51.9009
 1.42754
 58.7918
 59.6227
0.698618
 1.13277
  43.444
 9.21658
 3.56965
0.740933
  6.3109
  8.3948
 7.05841
 7.01153
 9.67819
  6.2673
 1.18263
 2.68989
 2.60958
 3.04931
 1.38268
 2.20209
 58.8624
  3.7416
 5.87393
0.865544
0.166986
 6.28205
 16.5198
 5.30328
 1.54089
 9.68112
 8.69713
 53.0305
 9.51195
 1.33234
 5.85208
0.660636
 7.42007
 7.36157
 33.8285
 5.83022
 2.84608
 0.35285
 2.25213
 13.1943
 6.24622
0.232557
 4.95146
 13.2864
 5.84253
0.286155
0.954174
  4.0038
 6.38202
 7.11777
 8.41148
 1.29047
 4.82244
 1.71933
 36.0937
 1.34214
0.233665
 6.45658
  4.4938
  1.7189
0.420786
 5.90982
 4.02724
 8.70523
 40.7023
 1.73383
 24.5869
 20.8485
 39.9487
 7.02435
 19.5441
 5.45177
 12.2361
0.897785
 1.51603
 2.63243
 27.1835
 51.2627
 54.7086
 6.50148
 2.96834
 5.47398
 1.80998
 4.30785
 27.7985
 25.3706
 9.21726
 5.40032
0.188953
 6.80359
 7.17271
 2.54265
 56.8489
 2.53826
  11.893
 12.7373
 7.26287
 52.6232
 45.5988
 7.62315
 4.40564
 1.77174
 17.5388
0.910903
 5.35495
 9.23504
 4.27091
 10.7855
 6.96453
 2.02406
 17.4164
 7.11141
 8.69654
 6.40824
 7.63983
 4.46562
  4.3374
 7.55978
 13.7717
 8.59562
 7.84024
 6.07066
 6.47839
 2.96854
 7.70486
 9.89073
 2.55837
 9.56807
 35.6686
 1.75969
 11.6691
  13.158
 57.0546
  50.131
 16.6409
 5.37035
 54.8014
 2.33972
 9.51086
 59.1116
 14.0242
 6.11441
 1.46941
 3.12115
 52.8546
  11.852
 2.80997
 53.6231
  8.8102
  44.534
 4.10311
 3.01777
 4.17965
  2.7193
 14.2232
 45.9964
 5.53392
 1.22053
 54.0609
 3.82066
 4.33808
  5.6512