  48.9757
  34.0492
  54.1084
   49.069
    57.51
  63.5345
  51.2677
  45.3591
  29.0898
  49.5773
  56.3193
  49.4985
  32.8296
  50.9803
  49.7773
  59.7772
  49.3603
  46.3572
  22.1009
  29.5017
   51.796
  54.3909
  27.2289
  55.8672
  50.9683
   41.609
  29.7397
  44.7693
  46.6271
  57.5266
  58.1126
  48.0102
  48.2025
  40.8129
  51.2782
  39.2804
  56.4069
  47.0443
  48.7246
  53.1869
  37.7412
  49.8205
  55.3569
  65.7285
  45.4324
  44.2942
  55.3147
  52.9478
  40.7712
  34.8857
  41.4249
  35.5853
  22.9601
  49.6004
  39.2728
  49.2913
  43.4676
  39.7869
  40.0708
  51.3209
  44.4952
  40.4154
  14.9616
  40.4295
  58.3889
  39.8119
  55.8229
  17.3646
  43.3144
  21.5752
  43.4605
  36.9192
  29.6522
  44.6854
  25.3174
  53.5867
  38.1802
  52.2608
   34.139
  58.2578
   23.282
   42.818
  44.0428
   17.334
   19.627
  36.8101
   39.597
  36.6143
  45.4529
  21.2064
  38.9092
  24.1477
  54.1984
  25.7089
  30.5608
  24.7918
  54.7949
  23.0307
  53.9353
  41.5016
  24.8011
  40.6635
  31.5686
  58.3946
  27.6684
  22.4831
  59.8578
   47.852
  64.8901
   3.7501
  6.46347
  4.45643
  55.6942
  55.2285
  47.9044
  6.55895
  61.8503
  22.3198
  5.15836
  5.96352
  1.23915
  52.3466
  2.26847
  45.3071
  4.10645
  49.6137
  63.0282
  2.95202
  2.62113
  37.0067
  3.42142
 0.218271
  6.35779
  7.13403
  6.46983
  1.74263
  6.23826
  7.55966
  4.00786
 0.750417
  1.65004
  3.62324
  1.40299
  1.55563
  53.2127
  12.7992
   1.2191
 0.273652
  0.32302
  3.25355
  14.1287
  5.81073
  1.91675
  9.31607
  4.21149
  7.79909
  1.46961
  1.54161
  3.35999
  6.91233
  6.49097
  30.7112
  1.88587
  2.55786
  3.24423
  1.57712
  13.5674
  1.16009
  3.49122
  8.91825
  9.49148
  4.87414
  1.90322
  2.99506
 0.629245
  12.8722
  7.30155
  5.86893
  6.83916
  1.73257
  4.18247
  3.38829
  32.9944
 0.679742
 0.738802
  1.45779
  4.00164
   4.3217
  3.08985
  5.00656
  4.88911
  7.96336
  35.6899
  1.04731
  23.4146
  19.4041
  34.8055
  7.33693
   17.812
  5.52692
  2.69583
  1.10072
  3.31568
  3.30939
  24.5239
   56.252
  6.76251
 0.287329
  4.95892
  1.86654
   4.5619
   29.212
   25.799
  7.08235
  7.92922
 0.847045
  3.99828
  7.41992
  6.14937
 0.660753
  7.75031
  1.38209
   3.7741
  7.88017
  10.9449
  5.81417
  7.53387
  38.2144
  37.8542
  3.21953
   2.1751
  0.90744
  16.4285
 0.747539
  4.95251
  7.92918
  3.17379
  6.92834
  7.15439
 0.395134
  16.0525
  7.06779
  4.68212
  4.29892
  4.78384
  7.56717
  3.95304
 0.197571
  6.33671
  3.58283
  3.91931
  2.11198
  5.61232
   13.946
  3.23382
  7.45968
  5.32645
  3.91084
  5.78821
  1.72438
 0.654255
  4.36057
 0.456596
   4.5271
  1.13521
  6.80788
  32.4241
  3.25866
   6.8289
  5.88198
  39.9729
  6.17854
  54.4233
 0.743325
  5.36286
  7.36766
  51.1782
  10.1246
  4.38333
  3.18734
  3.40752
  5.86486
0.0341055
 0.501967
  54.5395
  6.21062
   54.954
  1.06689
  5.36542
  3.54695
 0.167423
  6.18225
  8.22331
  9.75759
  5.39182
  1.00953
  9.28937
  53.9808
  4.39876
  6.23309
  7.33782