6.82609
13.8049
  14.71
17.5557
18.6644
 20.471
 21.972
25.6389
 26.738
 27.631
 28.131
28.9606
31.5847
33.5929
34.3454
36.9201
 37.291
37.4334
38.2928
38.4318
 38.501
39.1964
39.8536
39.8679
39.9057
40.1054
41.5203
41.8148
43.1011
44.2901
44.3314
 44.741
45.8418
46.2035
47.3434
47.6655
47.7534
47.9183
49.2056
49.4816
50.0299
50.4778
51.8258
52.2223
52.7238
54.4697
55.8308
58.3971
58.5506
 58.586
59.1346
60.4346
60.9964
63.0521
63.2685
63.4792
63.7964
63.8394
65.0992
66.8718
68.8404
71.0912
73.0561
76.0274
 81.012
87.4281
87.6509
88.0436
88.2298
 88.903