  23.7661
  2.28002
  23.9729
 0.185195
  2.63375
  16.6425
  25.9127
  39.3065
  33.3082
  22.7579
  18.3686
   20.393
  19.6672
  29.9787
   24.733
  8.86583
   5.7786
  6.40554
  28.7213
  36.9092
  35.1163
  25.7264
  5.64273
  20.3822
  3.73599
  2.07156
 0.216959
  14.0627
  12.5332
  1.96275
  1.06034
  8.61255
  14.8573
  27.6182
  21.8954
  1.02308
  3.03912
  5.06958
  7.13486
  1.42056
  29.6838
  35.7796
  24.9966
 0.635644
  15.4994
  26.3123
  44.8592
  35.7908
   31.572
  17.1816
  30.4222
  17.8011
  18.8817
   14.639
  6.60938
  1.67824
  4.20137
  29.8186
  32.1805
  22.0985
  28.0381
  19.6997
   6.7199
  27.8287
  34.2266
  36.2177
  35.7125
  13.9569
  3.12757
   8.8733
  23.3602
   25.636
  5.69576
  32.3843
 0.903536
  11.6979
  7.63113
  3.52255
  16.2934
  20.1913
  7.75696
  2.55323
  38.1636
  8.87308
  22.4668
  36.1747
  30.3149
  3.37917
  21.7221
   1.2367
   11.404
  0.77194
  25.0597
  32.9169
  24.1147
  8.21547
  4.27399
  9.87351
  21.0574
  35.3198
  10.4274
  22.4154
  2.59262
  22.4207
  31.2537
  18.7327
  16.5863
  23.1758
  11.3724
 0.212049
  31.6007
  1.99581
  24.6358
  2.91822
   28.039
 0.291641
  8.08376
  22.0761
  7.07785
  28.5504
   4.0033
   21.893
  26.8256
  30.8402
  18.8148
  25.0196
  27.4548
  19.9484
   1.9967
  5.79581
  28.8071
  22.3925
  27.9169
  28.9226
  24.9252
  33.0439
  18.6054
  12.6047
  30.6158
  10.0707
  18.4835
 0.471229
  8.53687
  22.0891
  1.38491
  11.5699
  14.3529
  7.68438
  35.7242
  8.43085
  2.26857
  15.0376
  20.5225
  8.37385
  32.3901
  5.43425
  7.55843
  2.23282
  25.6925
  23.0089
  24.8919
  18.9723
  6.23163
   26.058
  7.54422
  25.9004
  22.9897
  21.1646
  19.8451
  1.89656
  10.9682
  5.83434
   26.376
  28.8671
  23.6137
   20.891
  41.4686
   3.9927
  19.8626
  4.47268
  34.6937
  4.41564
  41.0947
  27.3445
0.0976448
  8.62908
  31.5368
  35.9044
  24.6969
  16.5247
  19.8977
  44.6238
  14.6835
  25.6536
  40.6627
  21.8951
  12.8285
  1.48105
  26.4457
  20.8544
 0.906437
  1.59168
   20.287
  33.4196
  11.2119
  18.0329
  4.38199
  25.4815
  26.2651
  13.2368
  3.18724
  37.4665
  19.7946
 0.967224
   7.1047
  15.4259
  20.8495
   21.031
  2.10721
   24.189
  15.7306
   26.326
  30.2398
  15.0671
  4.74225
  2.59781
  4.60212
  6.31632
  18.3191
  30.0152
  7.68919
  4.68364
  7.11117
  18.3957
   21.157
  26.3163
  17.0877
  17.6992
  5.50619
  4.47215
  11.2351
  10.7503
  30.1449
  7.77596
  26.1987
  22.0067
  23.2464
  1.21903
   6.4914
  29.6002
  23.4018
  19.4394
  15.9556
  0.94547
   3.7167
  22.1553
  5.84682
  15.2296
  4.11328
    17.36
  22.6552
  20.0974
  22.2369
  22.5311
  5.78423
  2.33711
  17.8073
  7.73918
  2.31785
  9.37605
  2.84477
  31.8199
   19.454
  11.7632
  28.3609
  27.3458
  21.1742
  7.81943
  18.8116
  3.89565
  8.29484
  2.77993
  1.82783
  15.6215
  1.59939
  9.88747