  19.3702
  11.2153
  8.35129
  8.72344
  1.29336
  4.24255
  26.2454
  5.04527
  6.56477
  12.0475
  4.36214
  3.98251
   7.1765
  1.92659
  8.94326
  4.36761
  8.10267
  2.92823
   14.916
  25.8827
  7.71907
  12.9066
  10.0337
 0.493278
  13.8191
  8.56586
  9.16536
 0.929889
  10.9654
  10.6038
  6.63323
  5.67339
  30.2649
  3.08865
  1.23155
  13.3851
  5.37374
  5.98496
  8.84077
  4.00195
  2.91191
   8.6644
  10.3223
  30.8828
  30.2095
    9.054
  12.7717
  8.53356
   15.854
  11.3951
  6.92891
  15.7061
 0.341743
  9.45927
  2.26174
  11.6952
  1.19492
  8.30359
   8.2439
  3.89572
  1.07908
  11.3744
  19.0602
  18.2965
  3.75522
  3.73944
  15.7306
  2.33264
  12.3097
  17.0121
  3.29856
  15.4366
  4.08073
  5.14695
   6.0066
  5.71625
  11.2094
  7.09353
  19.1768
  16.6293
  5.50091
  14.3524
  3.67488
  9.06091
  10.4243
  16.7254
  17.0055
  19.2325
  18.1108
  17.4103
  17.1103
  8.89745
  4.79481
  18.1477
  8.37107
  25.4063
  6.12183
  1.89358
   20.329
 0.824358
  8.99867
   8.0048
  18.3391
  10.2893
  4.47809
  5.40088
  9.44347
  1.50088
   17.066
  7.21118
  5.45666
  14.8808
   18.326
  9.10751
  2.99779
  23.5955
  14.9758
  16.4427
  1.82067
   9.9287
  8.42489
    20.63
  21.6577
  7.23489
  1.56907
  14.9854
  20.7202
  17.1993
  18.8324
  12.7032
   14.124
 0.182424
  32.8621
  15.4264
  20.3693
  2.83719
  9.80581
  5.03231
  4.64404
    5.631
   16.618
  14.2881
  19.3776
  4.78717
  12.7911
  20.4272
  26.3597
  14.7614
  3.86449
  21.2395
  6.57843
  8.03791
  13.9148
  18.4731
   6.8184
  37.5911
  6.39166
  5.49833
  16.0483
   1.9103
   14.477
  14.6049
  16.1853
  2.93822
  20.1526
  8.51471
  2.82187
  3.68213
  15.8027
  1.50052
  3.03801
  28.8389
  15.7053
  38.3013
  13.2059
  10.9675
  16.4392
  12.4071
  17.1433
  20.4434
  8.63253
  20.4629
  26.7691
  8.69997
  21.6913
  16.3857
  16.9817
  2.38611
  17.9213
  25.9146
  34.5347
  5.48189
  8.39785
  25.6716
  9.11121
  9.38125
  8.77802
  25.3548
   4.7373
   26.264
  20.2223
  16.8667
 0.349737
  14.2263
  29.6759
  40.0465
  1.30856
  9.94756
  19.3846
  15.5649
  18.2274
  15.6816
  9.93343
  27.9465
  0.28208
  12.2709
  10.2935
  11.2095
  2.93655
  31.8518
 0.506468
  4.14999
   28.691
  37.5036
  20.2912
    5.154
 0.380447
  26.5166
   3.9637
  25.3717
  10.5477
   21.828
  28.2532
   20.682
  23.8845
   8.2011
  31.8247
  22.0373
  26.0271
  11.1723
  5.38996
   21.781
  10.1307
   3.3792
  2.84775
  6.86478
  15.9189
  4.28056
  20.1257
  7.92905
  24.9894
0.0979575
   6.5104
  10.5365
  10.1551
  15.2857
  12.9232
  10.6502
  9.33274
  11.6127
  18.1384
 0.535673
  23.4427
   15.564
  7.36409
  7.10208
  12.6647
  5.53371
   41.998
   12.658
  21.6299
  2.63542
  17.6576
  20.8744
  24.6636
  54.1243
  51.3987
  49.5739
  24.0623
  56.6927
  56.0207
  8.98483
  10.6573
  45.5584
  8.91645
  10.3972
  55.2075
  50.3465
  7.76909
  52.0869
  49.4291
  44.4081
   12.477
   45.531
  37.5837
  49.5844
  52.1317
  56.5598
  61.4128
  43.8864
  45.8478
  44.5103
  57.4437
  5.25981
  13.1026
  5.71561
 0.963863
  14.1747
  1.35474
  4.42902
  6.82083
  47.0452
  8.01287
  14.7425
  3.36225
  47.4378
   35.103
  1.82132
  6.65652
  50.2389
  52.7335
  43.3246
  27.1719
   55.341
  49.0837
  48.5432
  24.6981
   42.151
   62.531
   51.513
  51.1021
   55.125
  18.8645
  25.1324
  6.59289
  1.38518
  44.8594
  45.5562
  47.4378
  21.4821
  4.43848
  37.6869
  47.9437
  41.7043
  14.8485
   44.013
  44.8594
  48.1224
  56.5159
  4.03472
  63.9928
  49.4654
  54.8953
  51.2991
  47.6084
  44.9551
 0.769268
  11.4145
  23.9479
  54.9698
  39.3402
   6.1467
  62.9809
  51.7533
  52.4069
  56.5856
   1.3437
  6.78242
  31.7602
  55.5925
  31.7363
   3.9431
  38.9724
  28.9288
  50.4708
  42.6545
  42.3207
  19.9244
  14.0831
 0.836707
  51.9478
  41.7507
  63.5539
  27.1603
  33.4348
  13.1901
  32.0958
  12.3903
  49.6701
  49.5476
  13.9189