  9.51428
  20.9669
  7.28069
  4.79018
 0.185361
  8.31587
   10.914
  2.90266
  7.41394
  3.94434
  15.6608
  8.47755
  13.2826
  11.3868
 0.390332
  5.35266
  13.0015
  21.0623
  24.7354
  10.6066
   11.294
  25.3144
  5.78908
  4.00037
  30.2501
  18.3843
  22.8818
  11.2306
  4.45829
  13.9194
  9.55785
  5.16282
  13.7554
  10.8729
  1.02014
  0.16102
 0.188004
  12.6408
  0.45289
  13.6346
   16.378
  12.2208
  14.2369
  1.05819
  22.7362
 0.985707
  3.31499
  18.8954
  3.92509
  39.4534
  21.0897
  2.19786
  26.4411
  13.2382
  2.88051
   5.6462
  13.3115
  14.5274
  7.51713
  14.5104
  8.05993
  12.3756
  14.8429
  18.4702
  11.5387
 0.339426
  10.3448
  37.3974
  31.3366
  1.22969
  38.9552
  1.02061
   13.902
  7.04704
  2.56701
  6.10476
  39.6013
  40.1102
  19.5065
  22.7805
  24.4252
  10.3444
  1.35614
   17.529
  12.5579
  20.1893
  2.37923
  8.71795
  13.6642
  12.5424
  4.44335
  9.20155
  18.2888
  21.0389
  19.5952
 0.375746
  6.55124
  8.86461
  19.7022
  8.83988
  3.45326
  13.4881
  12.3799
  2.12854
  9.18004
  27.9019
  15.8341
  8.22827
  13.0445
  11.9549
  16.1161
  7.32053
  18.1516
  27.4059
  6.10707
  15.7777
  2.85676
 0.684498
  14.4248
  14.0602
  14.2857
  27.6377
  16.5432
  21.6939
  9.07162
  4.66024
  10.2852
  17.5956
  17.9285
  28.7192
  12.3157
  18.4713
  16.5958
  20.6534
  2.43491
   11.733
   3.5988
  14.8012
  8.68233
  18.2848
  5.32271
  13.7718
  2.06274
  4.40133
  6.32053
   18.096
  6.70004
   24.498
  27.1603
  20.2252
  4.36641
  18.1187
  2.59047
  15.2826
 0.377446
  18.4531
   10.555
  0.69557
   13.889
  9.12372
  4.42048
  1.66751
  5.35986
  8.45372
  21.1715
  20.8509
  34.2171
  24.7087
  11.3983
  19.6983
  2.13493
  11.1192
  1.80465
  1.60358
  1.57139
  14.8553
  1.34292
   31.716
  3.18061
  6.37659
  4.51671
  17.5778
  4.83654
  15.0771
  23.9864
  8.36473
  10.4462
  1.52411
  21.8856
  33.5139
0.0399812
  22.9767
  28.8525
  18.0993
 0.844658
  3.75452
  29.5398
  7.99084
  9.91706
  19.8024
  3.34989
  3.79829
    5.542
  25.4859
  8.95886
  20.4857
  5.03841
   11.964
  34.9158
  15.2858
  8.53204
  29.0248
  4.97974
  1.02543
  12.0292
  18.2164
  6.09414
  9.13564
  4.78346
  8.95492
  13.6857
  10.9715
  10.3062
  11.7931
  6.24548
  11.9522
    5.504
  10.1106
  18.5725
  1.52533
  11.2693
  2.44991
  2.85151
  14.1684
  23.9379
  10.4837
  23.1959
  3.33897
  4.37234
  5.65793
  5.65487
  8.38606
  9.12329
  1.18343
  24.5091
  3.96909
  7.09912
 0.412326
  4.88572
  15.8604
  12.8805
  19.1044
  1.90726
 0.781198
  15.5695
  11.7782
  27.2144
  14.1432
  1.01532
  31.5024
  6.63923
  13.1581
  2.85233
  14.2973
  29.4516
  6.90645
   15.413
  19.5231
  36.2176
  6.78065
  1.89706
  7.57872
 0.965022
  27.1437
  27.8998
  11.9721
  32.6609
   13.026
  10.5125
  27.6375
  3.59346
   8.4024
  25.5454
  11.1447
  16.3469
   4.4791
  6.27442
  3.13734
  16.2781
  16.8147
  9.33161
   2.8933
  13.4751
  7.43814
 0.942064
  8.11992
  26.9142
  2.67442
  2.42682
   9.4732
  6.31848
  19.0352
  18.4324
  4.58801
 0.960042
   7.2747
  10.0385
  17.3098
   17.313
  1.08679
  17.0839
  12.9692
  14.6555
  16.5396
  1.80161
  6.51101
  1.93385
  20.5309
  29.2725
  34.5095
 0.698001
   8.2041
  10.1231
  9.23413
  2.09125
  12.5538