 44.4354
 57.9296
 30.8313
 60.1986
 54.4911
 56.7506
 61.6403
  54.917
 50.5594
 47.3925
 26.0073
 59.3125
 54.7194
 51.0599
 29.1986
 46.0889
 58.9074
 59.9368
 46.0342
 9.78698
 28.6146
 26.0398
 49.5628
 52.8536
 27.5291
 54.5036
 42.4343
  10.802
 43.5049
 32.6483
 45.8639
  45.239
 51.2636
 53.3248
  57.888
 50.4337
 57.0625
 51.1519
 54.0149
  41.701
 40.2529
 48.3646
  50.749
 49.0569
  39.621
  50.692
 59.8719
 57.9743
 46.8248
 43.8471
 55.6869
 54.0606
 53.6671
 48.8771
 49.3992
  48.916
 57.7675
 44.7592
 27.2149
 52.8749
 62.1551
 55.8795
 53.7648
 42.8457
 45.6993
 35.0702
  50.916
 48.8534
  15.357
 45.6268
 55.1542
 45.0653
 49.7361
  42.918
 23.9254
 46.3705
 51.7234
 55.9476
  43.247
  39.895
 47.0861
 62.1014
 30.9125
 54.1783
 55.1149
 19.2743
 27.2038
 35.3154
  44.177
 36.0015
 45.6245
 20.7018
 50.1284
 27.6799
 47.6882
 26.0709
 21.9094
 24.5675
 58.8053
 23.3628
 50.9126
 49.1818
 25.9875
 48.7131
 32.8587
 61.2509
 25.0323
 30.2325
 54.6862
  50.815
 60.0196
0.773378
 7.08109
0.923365
 58.2663
 56.5178
 51.9302
 5.82056
 61.9155
 24.5266
 11.4682
 5.70507
 1.08678
 55.9936
  1.8994
 54.7552
0.540972
 50.8246
 51.2145
 2.16818
0.984906
 40.7932
 7.39871
 3.71958
0.316108
 6.92279
 13.3619
 9.11284
 7.96506
 6.35563
 7.82386
 0.42598
 3.47437
 1.35363
0.534481
 3.31924
 1.40259
  57.793
 4.04698
 3.11519
 4.34525
 2.12158
 4.07447
 18.0862
 5.86562
0.533581
 14.8391
 8.32171
 49.7016
 8.01243
0.472856
 4.60275
 3.94422
 6.23638
 7.80532
 39.7476
 2.88166
 3.76357
 3.25537
 0.29828
 14.2418
 3.67155
 4.03592
 8.70208
 14.2216
 4.46295
 2.73346
  3.5665
 2.95128
 4.24268
 6.11049
 10.9733
 6.68537
 1.06166
 4.37715
 3.02731
 39.9446
0.241699
 2.88109
 1.73502
 4.93585
 2.90934
0.519898
 7.88752
 9.23782
 6.53236
 46.0676
 1.29115
 30.7483
 13.0312
  44.985
 6.37496
 18.9153
 7.01657
 12.6247
0.147146
 2.54743
 2.56764
 33.8957
 48.8651
   50.13
 7.11703
    3.95
 7.63524
 3.69679
 8.15779
 28.1254
 24.0879
 7.47576
0.890198
0.634198
 7.65432
 6.60993
 3.99966
 51.6713
 6.96746
   1.239
 3.58228
 11.1655
 10.1805
 8.18574
 44.3668
 39.2329
 7.18387
 7.03104
0.718423
 16.1574
0.916856
 6.35834
 10.3131
 1.41219
  10.096
 7.90788
 7.69548
 23.9412
 7.71748
 8.16285
 4.16775
 8.26813
 2.94666
 5.93896
 8.73052
 15.1017
 5.58068
 10.6801
 6.54847
 6.36777
 3.34916
 8.49222
 9.98163
 4.83387
 7.00319
  41.053
0.796759
  10.109
 12.3443
 45.4472
 5.07609
 59.7589
 14.4741
  2.4172
 50.0661
  3.6352
 11.5354
 17.3235
 9.34988
 1.19829
 2.95934
 50.7113
 12.2882
 5.07396
 2.68962
 39.7653
 6.16265
 39.7517
 9.85067
 0.59776
 3.21842
 1.02936
 2.77955
 17.2452
 5.92244
 3.03639
 7.22319
 58.1988
0.697597
 6.67621
  7.8925