 25.2302
 23.6546
 24.3954
  12.244
 8.85127
 9.58329
 3.18112
 1.97234
 5.58503
 8.37298
 4.38945
 1.06784
 16.9691
 9.56046
 10.9855
 35.3788
 40.0187
 10.0944
 13.0332
 10.1326
 12.3405
 9.67567
 11.1067
 10.2381
  12.691
 14.6348
 13.0962
 16.1567
 34.3761
 26.4374
 25.6881
 45.6863
 37.7651
 44.8046
  16.315
  26.925
 18.1586
 28.3768
 21.2062
 33.4051
 15.9306
    27.9
 11.5401
 23.6956
 20.5751
 9.80268
 21.8049
 13.9637
 18.4186
 87.8372
 72.3169
  78.509
 63.4928
 14.7983
  20.638
 21.2042
 30.1632
 27.6368
 15.2526
 37.0119
 47.1347
 79.8714
 25.8219
 31.5152
 19.6581
 30.8177
 41.2862
 43.9758
 44.4992
 1.29033
 4.53638
 38.3907
 40.2972
 5.27467
 9.07095
 2.88439
 2.27009
 1.81818
 5.12869
0.368423
 16.2045
 10.5708
  3.4157
 18.2267
 17.3824
 25.5179
 25.5001
 24.5237
 6.86134
 9.40291
 11.2729
 12.1295
 14.1216
 3.82803
 14.7325
 4.79193
 11.6488
 5.08325
 15.0566
 9.18617
 9.74084
 5.78239
 5.02659
 15.3645
 37.2325
 5.23986
   20.82
 9.20194
 18.3778
 23.1513
  17.289
 25.8716
 27.8464
 6.28525
 10.9007
 1.89236
 1.27414
 12.5564
 5.52743
 6.25828
 7.80941
 4.24552
 13.8682
 14.8487
 13.4788
 15.3436
 3.49034
 4.11624
 12.3421
 7.70198
0.572813
 6.19662
 21.1267
 3.86873
 28.3327
 34.1712
 11.0171
 4.37804
 13.9569
 3.51554
 8.04425
 18.5895
 4.96206
 13.4489
 4.57739
 4.82939
 1.39259
 4.76741
 4.90804
 1.33359
 42.9127
 42.1029
 20.9272
 24.2767
 20.2188
 25.8765
 24.2266
 17.3729
 23.4585
 38.2563
  45.276
 21.0877
 16.2975
 31.0434
 11.7405
 21.5345
 20.1361
 18.9779
 30.1823
 38.7688
 40.5982
 58.5466
 70.0835
 67.3193
 22.6598
 17.8363
 46.2908
 23.3295
 16.5366
 45.4066
 8.46399
 1.12209
 9.25046
 6.88569
 3.01811
 41.9555
 46.0415
0.671465
 24.1516
 29.3621
 2.58346
 43.1858
 56.1333
 14.7131
 17.2543
 22.5238
 13.6278
 31.7031
  21.061
 37.7277
 26.2714
 10.7479
 11.5386
 3.18101
 7.73864
 12.7681
 11.2729
 1.34316
 17.2026
 47.5428
 18.6415
 29.2158
 30.5958
 14.7323
 29.7242
 29.0915
 24.6358
 17.2704
 13.2899
 14.0397
  12.318
 24.6522
 16.2824
   21.66
 15.9002
  86.163
 69.7917
 25.7255
 30.2791
 61.6912
 26.3285
 10.8892
 12.4189
 20.1693
 43.2281
 52.0506
 19.7582
 18.5314
 41.4807
  56.172
 17.5124
 21.5041
 20.4597
  28.771
  18.125
 15.2139
 2.54471
 1.85456
 5.46919
 2.99215
  2.8164
  4.2221
 3.80842
  33.237
 12.9156
 3.05493
 6.84697
 14.6462
 9.59546
  16.374
 14.4566
   14.93
 14.6991
 11.9553
 13.9101
 6.89835
 1.54076
 2.14612
 9.64657
 11.9288
 4.78988
 41.5059
 27.0531
 9.82958
 23.1268
 19.0909
 1.44684
 23.8853
 4.05887
 3.74857
 9.16508
 1.87695
 3.73114
 7.81231
 9.70608
 8.61437
 6.64043
 2.41411
  21.133
 28.6366
 15.2544
 2.85886
 2.50925
 9.80321
 21.6418
 5.25342
 8.96193
0.160439
  8.1381
 10.8008
 49.6881
 10.6776
 10.5217
 8.81608
 9.69554
 3.71982
  16.126
 18.5881
  13.782
 6.23133
 22.7676
 4.52098
 13.5215
 5.50877
 1.52937
 4.71915
 8.62158
 40.2323
 26.3804
 38.3236
 38.3907
 38.1498
  30.778
 15.4448
 40.4389
 30.3748
 20.0513
 20.6734
 40.4119
 16.5562
 63.0105
 24.3312
 11.4078
 24.3073
 20.2875
 36.3606
 30.5008
 32.8428
 31.3832
 43.9798
  80.655
 61.8161
 62.3614
 25.6038
  26.871
 21.0817
 13.4072
 24.5695
 21.1855
  3.0255
  75.002
 35.0448
 20.3566
 33.3805
 85.7696
 26.5848
  43.264
 30.8075
 9.09429
 4.46228
0.912371
 10.6734
 29.0345
 13.0394
 10.7981
 20.2244
 37.6018
  13.679
 9.79718
 12.6796
 21.0629
 19.3856
 31.7145
 24.4332
 18.6643
 27.0032
 15.0552
 29.8762
 19.8104
 13.6461
0.120684
 4.46918
  1.3359
 4.76673
 2.28142
 12.2637
 7.24639
  13.024
  8.3818
 7.03507
  10.256
 16.6862
 12.1169
 11.2644
 13.9511
 2.81311
 3.67723
  1.8678
 2.55087
0.892541
 4.23772
 24.2457
 24.3572
 18.1255
 10.1019
 1.84222
 7.91622
 7.91598
 3.93142
 8.62156
 2.24479
 1.97176
 5.61021
 28.7326
 21.0521
 3.59758
 18.6298
 26.8689
 31.3387
 6.84408
  7.8566
 13.2439
 13.5728
 10.4332
 8.28219
 14.7648
 13.2989
 21.1822
 12.0326
 2.51256
 5.38701
 5.00188
  2.4751
 7.54492
 16.9447
  13.855
 16.5511
 18.6626
 41.8339
 40.4372
 23.9704
 22.9212
 45.4907
 18.4868
 26.8568
  27.617
 17.9448
 12.3671
 17.9289
 26.7551
 29.9901
 24.0121
 82.4126
 76.5536
 78.4965
 12.3603
 13.4442
 23.5038
 17.3258
 20.9732
 25.6038
 21.0809
 83.5652
 61.3801
 23.4621
 31.1663
 22.6529
 53.6765
 49.2588
 8.11064
 32.7367
 20.1497
   44.55
 3.61921
  2.9589
 6.53458
 16.8558
 40.2506
  32.112
 44.2649
 39.0365
 11.9243
 21.7127
 1.68139
 23.3601
 18.6717
 25.3537
 25.9313
 26.6746
 14.1216
 10.5706
 13.4591
 16.0106
 10.8677
 20.8217
 6.69533
 12.2331
 14.3941
 18.8589
 2.80511
 7.29493
 5.82958
0.505031
 1.13504
 4.53173
  4.8336
 27.3215
 13.3088
 28.9674
 8.00112
 3.83124
 7.65088
 13.5671
 14.2945
 13.9636
 15.1916
  21.335
 3.70003
 4.33476
 1.00884
 2.78452
 5.45224
 3.41741
 7.44823
0.609968
 39.0535
  10.019
 13.1619
 55.5976
 29.4652
  27.936
 23.8515
 23.2655
 15.8953
 33.6749
 26.5493
 83.2938
 72.8116
 17.6011
 9.92577
 16.4827
 19.7859
 23.8207
 79.1464
 83.5079
 24.9871
 69.4762
 45.5427
 18.4125
 27.2963
 3.04718
  21.336
 2.47824
 13.6802
 39.0482
 32.5806
 12.6705
 39.9227
 20.9496
 25.8215
 10.4182
 9.22711
 1.00995
 51.4567
 59.1499
0.060334
 17.3321
 6.02744
  20.669
 16.4828
 22.0745
 24.8372
 41.5518
 6.67293
 20.2522
 22.2218
 5.35783
  19.188
 33.7031
  8.1665
 38.1159
  32.379
 64.2681
 19.5278
 30.4132
  26.263
 46.3009
 19.0592
 59.0293
 43.7319
 45.5682
 12.9667
  6.0777
 5.94763
 1.26204
 5.56808
 1.77546
  13.034
 32.6385
 6.36739
 31.5321
 8.98025
  39.597
 14.2008
 26.5248
 7.58053
 19.1202
 35.0923
 19.9419
 30.4709
 11.0898
 15.5101
 8.68109
 8.30456
 19.5124
 87.3469
 19.6375
  15.494
 57.2619
 56.2679
 24.8327
 8.13801
 13.3608
 41.2155
 8.57151
 47.6652
 32.0247
  12.457
 1.57347
 51.8122
 8.91482
 22.5866
 28.7659
 2.79504
 14.3428
0.916912
 14.9579
 11.8615
  44.073
 12.4766
 5.07269
 37.1254
 45.8746
 20.4089
 4.83352
 22.3927
 42.9047
 41.1266
 23.2515
 10.5089
 5.92827
  13.349
 20.6396
 21.1376
 38.0136
 30.4135
 28.1125
 44.9619
 1.26589
 22.4313
 39.6055
 20.8934
 13.7181
 22.4135
 11.3127
 29.4858
 9.12144
 8.86786
 23.6013
 27.6857
 31.3949
 22.0055
 51.0858
 26.5888
 26.4383
 45.2365
 17.1762
 30.5798
  49.465
 61.9838
 55.9249
 41.9687
 55.8488
 12.2028
 2.73304
 4.63443
 18.7797
 73.5536
 24.5144
   8.756
 18.6408
 1.00144
 14.8819
 53.8378
 2.18883
 2.32455
 19.9902
 12.9939
 9.75287
 14.7576
 12.3156
 5.00256
 23.0521
 29.7242
 30.6595
 9.55346
 23.5408
 35.9878
 27.3855
 12.7376
 79.9222
 20.8934
 58.8322
 4.19254
 7.18395
 23.8929
0.787832
 5.96145
 22.0898
 74.2157
 4.10003
 10.9016
 2.97117
 15.3045
 19.0833
 6.21235
 28.5051
 25.8923
 37.7819
 6.87354
 16.9999
  1.4468
 21.3582
 1.01666
 8.29104
 24.5995
 27.6221
 22.1241
  15.835
 39.6077
 2.27606
 23.4766
 1.67297
 46.4199
 29.7291
 5.18546
 26.5453
 64.7932
 23.6032
  26.834
 26.1927
 25.3628
 3.64397
 2.49847
 19.9965
 36.1687
 9.41449
 12.3969
 38.3303
 16.8139
  48.713
 59.2075
 31.3999
 12.2204
 32.5151
 9.13902
 4.43361
 9.49683
 58.0053
  6.5633
 5.69032
 12.0974
 9.19274
 13.3724
 52.6636
 11.8743
 25.4948
 27.1082
 24.5417
 29.1167
   24.07
 31.1336
 29.6168
 34.5166
  9.2016
 2.88842
 5.30043
 30.0353
   55.61
   43.77
 5.46208
 12.8406
 11.5562
 12.3828
 2.08798
 6.01131
 13.0262
 6.09821
 22.1105
 31.8587
 41.9562
  18.512
 53.0526
 62.0868
 32.2735
 35.7163
0.203923
 38.7873
 14.5814
 62.3282
 5.07312
 18.6409
 1.36107
 18.9447
 51.7488
 17.5018
 38.4633
 40.2368
 1.88272
 22.2883
 39.0617
 25.3571
 31.6899
 33.1624
 53.8727
 7.03252
 8.67803
 12.5262
 12.0141
 5.48942
 9.86481
 41.1827
0.414774
   12.14
 10.0927
 15.0401
 21.9279
 8.60382
 73.3539
 5.57842
 8.86262
 45.3765
 44.5816
 5.66081
 6.91694
 4.62525
 38.7703
 54.9087
 75.7817
 7.97507
 5.55399
 50.5397
 1.91656
 39.5236
 4.17854
 12.8406
 1.61528
 9.62078
 1.27403
 32.3049
 21.2707
 20.3463
 1.86654
 3.13554
 9.46267
 7.43627
 4.87456
 29.5404
 55.9767
 35.7604
   29.12
0.543868
 9.08267
 9.28762
 14.0852
 22.3688
 13.3065
 31.4061
 43.8729
 47.9554
 37.0756
 14.1192
 1.42119
 34.8675
 2.73295
 39.0081
 35.2887
 1.50428
 43.8834
  41.398
 25.4943
   33.72
 34.2559
 42.3585
 35.5083
  19.679
 8.48599
 32.0711
  14.149
 36.2934
 39.4004
  23.666
 1.34507
 32.9146
 37.9254
 24.2873
 4.49328
 26.0986
 11.7725
 29.1565
 4.55694
 44.7133
 3.06836
 6.08391
 27.2058
 6.04244
 2.16713
  23.684
 4.49328
 26.0966