  1.10452
  3.15526
  16.6464
  6.49081
  6.23748
  6.84952
  9.00963
  6.29426
  8.16571
   9.6241
  6.27345
  18.1248
  1.81574
   15.881
  17.7535
  15.1234
  4.32447
  7.52262
  11.1427
  14.4832
  15.4862
   17.534
  6.14653
   12.523
  12.1966
  16.5254
  16.2794
  19.0516
  16.8778
  23.4715
  6.28001
  17.2978
  11.0822
  5.60195
 0.315819
  26.7264
  2.25234
  7.81812
 0.963157
  8.29291
  8.75853
  1.98088
  5.07652
  2.32562
  1.33396
  45.7372
  51.4946
  56.6595
  65.6496
  1.89276
  5.99026
  12.9799
   22.476
  6.53232
  10.7067
  28.8334
  30.9316
   52.641
  47.7992
  7.81891
   10.743
  5.53987
  10.4118
  5.91625
  1.67332
  3.58364
  3.33379
  1.07699
  1.20901
  2.31084
  6.75254
   8.1782
   2.3914
  3.35101
  14.3965
  24.3323
  18.2046
  17.5481
  27.8065
 0.159125
  18.5915
  2.98775
  6.25954
  10.9873
  4.16243
  16.4701
  7.05856
  6.90521
  7.31157
    8.142
  13.0181
  6.95843
  13.4226
  9.45306
  13.1818
  13.6454
  16.7997
   1.0933
  16.4166
  0.75012
  33.0906
  19.9952
  7.17883
  1.50733
  7.22983
   2.2644
  13.6472
   12.692
  13.9046
  12.8219
  7.49695
  8.85214
  7.95515
  6.84856
   6.9194
  5.72144
  5.37197
  15.0801
  6.58575
  8.16672
  9.39013
  12.7601
  2.43098
  13.4834
  9.26313
  12.1609
  16.3774
  2.99539
  8.68354
  20.9089
  17.7575
  15.7954
  9.57936
  2.43755
 0.927189
  37.8525
  37.8555
  15.6697
   1.7273
  1.34552
  14.7449
  9.01594
  28.0108
  27.5795
  7.18201
  5.14273
  7.31338
  29.0526
  22.6245
  3.95648
  20.6299
  29.7969
  27.6366
  24.6056
  12.9428
  40.1008
   35.931
  47.2982
  51.3106
  11.1231
   7.5028
  33.4266
  32.4322
  30.7113
  20.6058
  2.66069
  4.66902
   17.408
  39.3439
  54.4325
  11.1566
 0.465547
  2.05043
  1.64958
  13.9659
  29.2617
   8.9238
  11.5178
  14.6725
  3.88946
  23.3704
  34.4297
  7.05216
  10.6066
  14.2265
  9.38276
  12.2585
  2.98775
 0.287034
  31.7493
  36.2349
  5.78884
   13.261
  10.7866
  24.8997
  20.4788
   20.305
  16.0758
  26.9702
  21.9614
  5.31098
  8.49716
  5.98427
  8.23644
  2.12196
  2.39538
  62.2443
  49.9672
  33.1591
  34.8052
  52.6667
  19.4014
  8.90323
  0.68555
  1.70137
  48.9957
  66.8426
   12.958
  9.56925
   34.511
  35.6001
 0.895977
  13.2732
  8.35534
  9.10033
  1.10345
   9.4466
  3.75403
  7.31662
  10.3044
  9.00042
  3.94276
  27.2013
  20.3626
  12.2591
   16.489
  5.10126
  15.5205
  16.1666
  15.4643
  7.85924
  0.23045
  1.17632
  12.2262
  17.0585
  18.4127
   17.147
  16.7102
  13.6288
  15.4214
  5.45801
  3.01317
  3.41551
  17.6957
  3.38695
 0.059677
  10.8466
  13.1118
  1.88011
  15.0485
  3.13948
  12.3647
  12.2856
  11.5273
  33.0096
  35.8464
  7.80777
  3.25957
  6.89143
 0.359927
 0.267982
  9.45562
  15.0296
  10.3858
  14.9165
   36.711
  1.80361
  9.73556
  8.71338
  17.3798
  18.0383
  14.5153
  22.3994
  14.9505
  8.69687
  22.6831
  7.31716
  4.87539
   3.7165
  5.39261
  9.43075
  15.4878
  11.1932
   19.659
  4.35523
  10.4906
  5.81817
   8.3252
  11.3591
  7.50833
  51.4196
  16.6025
  4.32975
  17.3355
  28.9007
  16.8229
  24.5729
  23.8268
  19.2835
  43.3554
    32.64
  46.0927
  48.5691
  2.72935
  1.22209
  3.71285
  4.10861
  2.63516
  4.18491
  6.66535
  51.2025
   37.166
  0.24945
  25.4759
  47.9691
  1.76205
  30.8705
  20.5555
   9.8713
 0.693469
  10.1554
  3.21584
  5.74159
  9.86012
  25.2175
  46.8322
  6.96978
  9.59265
  13.4383
   5.3449
  23.8284
  32.0631
  1.08412
  2.22814
  7.64583
  3.23777
   6.5303
  1.59728
  3.08762
  5.63668
  1.69858
  4.32553
  7.48674
  4.87833
  20.2336
  15.8234
  4.88639
  3.84345
  8.99037
  4.51314
  7.00613
  12.7641
  18.5691
  16.7065
  2.85812
  8.74849
  1.73008
  8.85034
  3.47747
  16.5421
  32.4698
  29.5932
  2.08134
  2.25634
0.0896805
  15.2977
  11.3463
  16.5825
  6.38067
   10.927
  3.06672
  13.3107
  2.80293
  1.92486
  11.4634
  9.36208
  13.8922
  2.01262
  6.35398
   20.122
  9.72476
  22.7857
  13.7115
  5.35506
  11.5975
  5.20107
  3.43656
  3.95329
  2.78506
  9.53223
    30.76
  14.8906
  5.66932
  7.18175
  13.5519
  7.28678
  54.4605
  27.3998
  6.68213
   18.409
  29.9974
  4.90285
  30.8888
  16.9671
  27.0969
  29.7124
  41.5205
  58.5643
  62.3447
  6.11709
  2.46502
  2.27331
  9.53348
  10.4284
  2.72935
   10.704
  58.0394
  38.3821
  2.47193
  31.5672
  10.7867
  43.0606
  32.5463
  2.40966
   13.458
  3.03671
  7.07481
  1.24738
  8.91124
  23.8674
  24.7846
  38.6694
  32.0923
  19.6608
  15.6937
  1.76499
  6.90451
  1.65206
  30.5532
  28.7145
  18.7332
  2.20385
   4.1743
  7.49296
  9.72056
 0.093153
  14.7718
  7.48866
  14.5764
  9.23316
  9.37741
  19.3436
 0.143329
  1.57958
  7.99462
  8.32621
  9.04756
  10.3287
  20.3819
  5.69203
  4.36543
  1.45675
  9.94444
  2.81936
  16.7283
  5.35847
   14.543
  13.2529
  14.1553
  1.56188
  1.46332
  6.41563
  3.40987
  1.64398
  6.21345
  9.72493
  28.4006
  16.5475
  15.8682
   16.632
  17.7826
   8.4638
  25.5855
  18.6974
  58.7399
  53.3609
  1.10565
  3.21735
  6.40939
 0.252844
 0.849049
  40.5118
  63.9651
  20.0292
  32.3361
  6.56367
  16.0843
  5.37055
  18.7332
  6.03335
  12.8081
  39.2177
  16.2585
  2.69386
   5.3424
  10.6219
  1.23401
  5.31673
  27.7341
  35.0555
  25.0933
  6.78399
  25.6226
 0.719476
  11.1067
  13.9037
  17.6896
  1.42447
  7.86029
   7.7569
  32.8311
   16.704
  56.2275
  35.8462
  16.5635
  17.8356
  4.12191
  47.9664
  26.0429
  46.8953
  37.2296
  36.3571
  34.5492
  51.2009
  27.0184
  28.3794
  46.0898
  62.4954
  41.8778
  13.6039
  34.4637
  31.5636
  1.68363
  37.2642
  18.2418
  16.5635
  10.5088
  1.70489
 0.182428
  44.3603
  27.8787
  37.9348
  14.0077
  18.4263
  56.5453
  10.5021
  35.5278
  4.07312
  41.1326
  17.6973
  36.2634
  6.73122
  28.8572
  16.7936
  27.2406
  19.7125
 0.789347
  60.6269
  44.7701
  11.4504
  29.5643
  25.5419
  16.1697
  27.7448
     37.3
  39.7205
  34.8014
  13.9247
  10.4725
   15.588
   33.093
  12.2884
  33.0525
  34.0247
  36.4222
  28.8843
  17.2091
  4.78749
  43.1216
  6.86453
  17.1143
  1.92887
  15.4426
  14.2348
 0.124524
  45.6159
  31.7755
  11.0448
  27.3876
  46.6163
  5.51485
  27.7782
  32.2803
  46.3273
  14.7236
  10.3134
  18.8885
  10.5511
  9.15767
  15.0968
  9.26848
  11.2498
  1.20254
  1.16919
  34.8014
  31.5839
  21.6975
  38.7354
  44.1866
  10.1415
  1.25684
  15.3146
  15.6145
  17.5653
  14.5169
  15.9342
  30.7191
  1.18785
 0.828178
   13.683
  18.9392
  18.9308
   19.675
  22.5867
  2.49098
  6.18095
  19.4252
  17.9078
  6.66501
  43.7895
  14.0807
  17.7432
  35.5294
  45.3966
  9.59709
  34.1289
  43.2579
  50.5287
  13.6822
  51.5347
  20.8935
  7.46408
  17.7812
  13.0133
  7.13474
  23.7769
  7.62497
  2.22574
  3.21665
  13.2503
   4.5641
 0.844465
  43.7481
  10.1385
  5.20698
  18.0008
  2.97614
  23.6959
  14.6888
  9.22141
  37.5195
  40.9625
  32.4476
  46.7837
  16.2776
  4.83699
  12.7106
  20.2751
  42.2253
  3.50741
  4.52705
  9.61563
  43.2688
  11.5584
   11.426
  8.61977
 0.856502
  10.1479
   5.2529
  28.3066
  19.4488
  23.2319
  10.9188
  9.45642
  2.58198
  11.1393
  14.7027
  18.6403
  17.9912
  17.0217
  9.63078
  22.7483
  15.9053
  10.5834
  49.7303
  10.1448
  9.20445
  20.1829
  12.2058
  52.5943
  14.7725
  46.1178
  17.9697
  7.31279
  3.30527
  10.1563
  10.5315
  18.1334
  5.61843
  18.9991
  6.35342
    4.753
  60.3669
   25.695
  8.04177
   18.372
   1.4403
 0.528799
  9.77592
    24.41
  7.83426
  11.4717
  5.66649
  12.4272
   31.873
  13.5406
   22.457
  11.4624
  9.89509
  20.8117
  9.65634
  21.9071
  10.2823
  34.3315
  13.5594
    9.609
  7.16936
  7.25724
  31.4029
  37.7762
  36.2807
  7.93983
  13.2958
  1.76904
  9.86805
 0.470692
  8.44667
  6.98952
  27.7444
  31.2154
  5.12285
  9.46797
  32.9417
  44.7658
  18.7143
   35.045
  15.8153
  5.68967
  31.0311
  28.9642
  53.9325
  1.44407
  11.0819
  0.12755
  2.54639
  22.4743
  19.7598
  6.41916
  3.99866
  8.66789
  39.5401
  33.5115
  26.0959
  31.5248
  8.38082
  10.5214
  4.77172
  6.94808
  3.92866
  6.08316
  13.7166
  13.0938
  18.9421
  56.8109
0.0943221
  17.7778
  44.6322
  6.18571
  16.4798
  4.61218
 0.947089
  40.9225
  47.4319
 0.887968
  3.69094
  26.1573
  14.5912
  9.28353
  10.3968
  13.9565
 0.996748
  30.5286
  20.5894
  5.41687
  10.7384
  12.0353
  4.04758
  8.76227
  3.70247
  7.17496
  37.0713
  48.4155
  29.3387
  6.77697
  4.99096
  7.57392
  4.41218
  19.9689
  32.6133
  25.6592
  12.2164
  23.0341
  20.8002
  31.9371
   26.548
  5.86329
  20.6018
  8.51252
  5.71194
  21.1665
  19.4338
  22.7641
 0.963602
  35.9128
  19.7318
  24.1499
   13.344
  25.1733
  33.2063
  16.1475
  15.7456
  17.0533
  3.30369
  1.12151
  9.83989
  4.97417
 0.630216
  38.7006
  19.4925
  6.69586
  48.4317
  7.51924
  14.3324
 0.982485
  15.1881
   4.5459
  22.2286
  11.1523
  7.84736
  30.6697
  7.68074
  15.6451
   6.7856
  1.12151
  7.43714
  13.6988
  4.86614
  2.61461
  2.25374
  3.62279
  11.9632
  12.1047
  22.8391
  15.8604
  25.8566
  25.5585
  9.38626
  11.7063
 0.877225
  22.8652
 0.470011
  37.9548
  8.68503
 0.162387
  5.08338
  4.35251
  7.97661
  6.88668
  4.35251
  22.4354
  9.32732
  25.1727
  2.16861
  18.3014