   52.8128
   39.9903
   56.8627
   9.43136
    60.665
   64.2677
   19.2963
   21.0267
   16.3794
   67.0598
     31.25
   60.5735
   61.5043
   62.3023
   10.4662
   18.2756
   57.9569
   43.5147
   56.8044
   25.3455
   55.3907
   61.0865
   61.2067
   14.8141
   21.8636
   17.7786
   18.9073
   12.7169
   34.5252
   61.9587
   55.6579
   23.4181
   20.3817
   17.4743
    35.457
   50.6802
   52.1179
   28.8829
    65.763
   58.5106
   57.1624
   56.7126
   50.2594
   4.01075
   23.0771
   2.77451
   17.7243
   14.7139
    3.1102
   27.6845
   20.4914
   15.3196
   23.3508
   17.6304
   5.93576
   18.1807
   11.5184
   3.95095
   1.13561
   30.2785
   5.69663
   2.83949
   30.0668
   49.9225
   16.3722
   39.9888
   37.7503
   35.2433
   33.0987
    37.058
     10.09
   16.5038
   13.3622
   31.6665
   37.0856
   19.8349
   1.23895
    21.893
   8.37773
  0.638569
   11.1734
   10.1126
   20.4021
   9.66576
   1.59831
   45.4796
    2.5543
    11.057
   16.7316
   3.05931
   31.5015
   5.43211
   37.5511
   37.3122
   38.3232
   24.7889
   8.65173
   14.8781
   15.8436
    21.382
   11.5553
   19.3525
   24.9736
   26.6544
   21.9663
   20.1076
   28.8821
   42.6722
   5.81026
   15.8255
   7.18117
   14.6194
   5.30297
   39.2995
   41.2711
   16.2092
   16.9288
   25.0179
   36.3487
   13.0894
   3.25784
   19.7685
   9.74825
   14.5745
   2.26768
   9.73865
  0.487257
  0.717268
   10.6747
   15.3274
   2.96383
   18.7796
   10.7419
   9.14277
 0.0762048
    35.894
   19.5195
   16.7956
   7.03568
   28.2975
   1.14397
   1.37268
   5.49756
    17.079
   6.07514
   12.4043
   7.33289
   24.6666
   12.6867
   9.67901
   7.96931
   29.5982
  0.886676
   14.7183
   27.6838
   27.7899
   68.3966
   18.6109
   27.7145
   5.23362
   4.86092
   6.67867
   31.6977
   34.7152
   12.2863
   4.61537
   3.30847
   34.9124
   7.25432
   17.8361
   4.10884
   6.13732
   31.4119
   34.5586
     4.054
   11.4856
   5.68386
   1.73411
   6.79838
   5.91229
   3.22699
   10.2497
   16.6231
   20.4394
   23.5002
  0.863805
   11.4043
    21.961
   5.23048
   16.1078
   44.0041
   22.0832
    4.5698
   12.5963
   24.0155
   12.0212
   26.3174
   10.9108
   11.7821
   21.9649
   6.25589
   16.8605
   12.1765
   26.7451
   2.18256
    3.3547
    9.9208
   14.1581
    20.508
   43.3153
   28.0282
   7.02633
   5.96284
   25.9432
   23.8708
   24.0879
   30.5145
   23.8189
   21.3232
   26.7732
   18.0948
   62.2628
   54.3433
   24.5955
   7.25411
 0.0689128
   33.3305
   23.3908
   23.2715
   7.55686
   22.4318
   7.96593
   21.1969
   11.1299
   8.46448
   17.9337
   26.3533
   19.2898
   21.3101
   15.6252
   9.35965
   26.4736
   8.42841
   9.10271
   3.05392
   33.9077
   28.9491
   3.73198
   13.0509
   3.94139
   1.34015
    35.385
   10.9617
   36.3761
    14.725
   3.92557
   29.4475
   9.24662
   12.9719
   16.8442
    6.4335
    15.483
   52.0004
   7.71619
   7.38885
   12.9626
   2.85011
   46.4872
   40.3518
   41.8075
   45.2735
   17.9972
   15.7536
   9.18303
   18.0925
   14.2638
   38.3591
   1.72395
   2.43221
   8.37708
   13.8079
  0.250829
   21.7031
   20.4494
   10.9622
   9.69279
   8.57932
   9.11789
   20.2784
   18.7059
   63.9331
   25.2764
   23.1495
   25.4529
   5.59436
   3.70132
   10.5387
   28.3562
   49.7301
   47.1523
   37.2766
   22.6121
   47.8337
   61.3271
   9.62862
   13.3864
   14.5556
   5.01586
   17.0591
   48.9552
   1.58144
   29.0298
   19.9608
   15.3785
   1.76176
   65.0784
   11.0057
   5.57365
   0.66221
   45.5169
   19.0274
   12.0936
   22.8352
   12.4855
   12.6864
   13.0478
   33.0667
   9.98364
   13.1667
   35.9543
   15.1322
   22.7331
   20.6031
   11.0511
   14.2247
   50.8597
   26.8953
   32.6117
   14.9128
    20.089
   7.00947
   22.6552
   22.6489
   2.12344
   17.2739
   26.2268
   12.5751
   18.8397
   22.4875
   23.2536
   10.8998
    12.562
   25.9519
   37.0042
   5.17485
   16.2417
   7.21163
   4.73921
   19.4586
   41.7293
   15.0793
   10.3643
   5.52041
   21.3944
   13.6819
   8.07098
    6.4712
   22.2458
   13.5018
   22.5167
   22.6477
   12.2987
   12.1046
   10.8806
   18.8129
   15.5789
   20.6165
   11.1223
   17.3227
    11.714
   21.1452
   34.9764
   4.80432
   29.3957
   9.63662
   1.29389
   7.29383
   1.80209
   21.1119
   18.5156
   5.14382
   8.99848
   18.5038
   3.31171
   10.0582
   45.2393
   17.7227
   28.8477
   41.6688
   1.15081
   12.4756
   11.3891
   21.8497
   15.4564
   2.08527
   11.4614
  0.400317
   6.56723
   17.9261
   15.2059
   1.52025
   36.6342
   2.88361
   10.3635
  0.835626
   16.3656
   11.0442
   16.3421
   10.8981
   9.15945
   18.9609
   9.28339
   33.8605
   35.6783
   25.3843
   33.4989
   33.9767
   25.8159
   43.7591
    6.5645
   12.5307
   34.5073
  0.582294
   4.24171
   35.6242
   38.9036
   8.62211
   26.4131
   8.67728
   12.3975
   7.13712
   26.6118
   12.2621
   38.4181
   29.0394
   17.0269
   19.2238
   6.01065
   22.6361
   7.38058
   6.94342
   22.5747
   15.2952
   5.25673
   24.4336
   36.5163
   23.2935
    37.211
   18.0172
    23.586
    6.6695
   29.3047
   25.6759
   48.7134
   39.7231
   25.3442
   25.5231
   8.05325
   12.1601
   30.1925
   14.4583
   2.89608
   16.8839
   10.8321
   38.6757
   18.2127
   26.0925
   36.6896
   31.1731
   6.63688
   36.9583
   11.5835
   38.1789
   25.8436
   44.0939
   36.1927
   0.58799
   8.18951
   2.46619
   56.7392
   4.59221
   29.0372
   15.3914
    61.525
   5.72303
   38.5181
   36.8595
   11.8886
   3.18462
   5.59684
   32.6379
   29.2498
   7.19713
   2.64968
   15.4821
   19.3216
   1.97912
   1.44775
    25.921
   18.6102
   5.73963
   14.3996
   16.8801
   6.22974
    49.255
   30.1062
   24.2931
   20.3802
   7.81839
   21.4345
   11.2345
   18.7794
   2.05017
   3.06755
   25.0824
   6.34324
    17.908
   8.72951
   12.9549
   1.22131
   21.6178
   14.9828
   13.2897
   3.66475
   16.6317
   3.75665
   21.3789
   18.0657
   29.4048
   11.9041
   26.0403
   10.4106
   49.8249
   22.8475
   44.3677
   21.2174
   16.0801
   20.5213
    6.5358
   6.36884
    28.868
   3.10954
   58.1982
   17.9547
   18.2083
   3.02601
   8.67054
   15.6313
   19.2341
   32.5795
   28.9361
   3.98169
   10.1532
   10.8853
   28.1122
   22.2609
   1.78408
   3.96098
   31.7581
   64.3447
   16.3586
   18.7611
   11.6662
   1.68184
   1.18119
    29.696
   3.16382
   38.7368
   5.97727
   24.0478
   30.3826
   33.8182
   9.66409
   31.4794
   16.1171
   24.2942
   1.42008
   10.6245
   15.5402
   28.7894
   6.90084
   21.0674
   32.6045
   30.9598
   24.3314
   27.1268
    4.8426
   27.9168
   7.79788
    33.688
    31.082
     15.89
   24.4217
   3.62598
   35.5849
    36.473
   22.7731
   26.4384
   9.03615
  0.746923
   27.7049
   13.7153
   35.2463
   29.7404
   5.76322
    1.2852
   10.5485
   2.91842
   9.96473
   9.16568
  0.367698
   39.0918
   29.8303
   22.2994
   28.5988
    12.711
   4.19512
   30.3764
    5.1522
   12.9085
   21.6823
   27.1667
   40.6841
   5.61397
   42.2097
   19.2084
   3.94205
   1.17053
   46.0385
   24.7855
   3.35879
   23.0676
   14.2805
   7.40576
   27.5291
   27.4972
   25.7984
   31.0182
    6.5686
   20.0125
   2.43093
   13.5357
   20.9849
0.00577933
   15.2191
   17.7994
   3.29285
    3.6117
    16.527
   6.23681
   11.6229
   13.6509
   1.97102
   22.2994
   2.64498
   1.72142
   5.91789
   22.5734
   11.6522
   11.3998
   30.2447
   33.6823
  0.575853
   2.84666
   18.0848
   25.9433
   14.7912
   33.9304
   25.4079
   23.6105
   12.0042
   9.98514
   27.6148
    20.246
   14.4704
   14.7752
   24.0453
   13.6904
   3.05584
   6.85411