  21.4188
  20.1354
  24.3664
  4.68602
  1.69957
  2.38743
  6.09334
  5.49689
  2.18385
  1.70429
  2.05214
  8.11923
 0.289273
  13.1896
  3.58354
  36.7402
  40.9298
  2.82642
  5.63341
  3.75286
  5.72014
  2.52475
  3.85414
  3.24202
  5.79744
 0.384573
  9.48851
 0.807306
  30.5362
  23.8099
  30.3909
  39.3124
  30.4574
  24.6277
  15.4325
  26.3978
  21.3942
  33.8808
  13.9311
  25.9154
  10.7682
  21.3182
  17.6134
  23.8202
  12.1111
  16.0893
  14.8865
  70.7765
  36.8471
   40.451
  71.6963
  10.9855
  16.0199
  14.4369
  24.7508
  21.2506
  27.3688
  53.7177
  35.5571
  55.6355
  46.1254
  25.3736
  30.5692
  16.4106
  24.6398
  4.58399
 0.786663
  7.04547
   6.9911
    4.028
  3.64757
  9.56948
  8.40069
  11.0784
 0.755777
  3.15019
  4.03521
  22.6287
  20.2019
  19.3851
  19.6614
  2.08371
  15.4359
  10.0693
 0.427628
 0.929989
  6.71536
  5.12379
  8.88508
  4.24354
  11.1101
  7.40525
  1.82004
  3.24405
  3.81583
  9.84099
  7.82792
  20.8928
  15.0758
  6.07386
 0.541797
  16.7664
 0.639192
  26.5538
  27.0401
 0.892457
  3.04943
  5.99203
 0.331675
  5.89263
  7.16934
  6.85603
   10.742
  7.90662
  2.43529
  3.47377
  2.24399
   4.0176
  7.63776
  9.27617
  2.64712
  1.25325
  9.55256
  9.15153
  4.61743
  1.68412
  16.4454
  27.0517
  3.20593
  8.98186
  9.39189
  1.88495
   8.6505
  1.46266
   12.128
  8.53687
  8.84752
  4.91338
  1.01468
  52.3351
  47.6323
  15.5619
  19.8605
  22.8911
  25.6667
  19.8151
  16.6335
  20.4217
  32.0266
  19.7732
    23.99
  15.3252
  23.2722
  19.4862
  22.7564
  16.7575
  18.2166
  30.7651
  22.7454
  27.2215
   42.441
  54.1332
  55.4033
  26.1467
  16.3697
  46.8754
  25.4171
  17.9742
  44.9086
  7.67793
  2.15427
  16.9848
  31.4263
  45.0583
  1.53243
  11.1653
  13.4081
  2.97662
  29.1962
  43.7761
  12.5817
  14.1263
  19.4996
  20.9557
  14.2668
  20.5092
   16.353
   3.4033
  4.08016
  8.56372
  7.31243
   8.9481
  10.0693
   18.845
  24.8434
  16.1958
  29.0418
  30.4205
  24.7133
  20.3862
  20.9449
  16.7846
  15.1749
  26.8908
  4.33343
  3.09608
  24.3677
    13.58
  12.6169
  17.7011
  45.3857
  54.4833
  28.0241
  32.3436
  49.7598
  22.5231
  23.2145
  25.7529
  14.6436
  52.3422
  43.5589
  16.8671
  25.9489
  14.8711
  28.0312
  27.7847
  28.7604
  25.0778
  29.8547
  3.72333
   5.3847
  6.81777
  2.55385
  11.4469
  6.65189
  8.94841
  18.4544
  19.1427
  10.2176
  13.5527
  4.55417
  10.5146
  9.26235
  3.16394
   10.771
 0.349879
  10.2612
  7.14282
  5.45414
  6.80409
  2.66335
  4.59116
  9.77194
  34.0656
  15.2104
  15.4685
  6.07898
  2.62596
  7.10933
  23.6017
  10.4515
   1.1679
  2.01423
  5.89551
  4.73167
  11.1268
  12.4637
  11.7101
  9.14766
  1.80754
  22.0702
  28.7568
  16.3321
  8.85211
   5.9333
  1.40247
  10.2967
 0.363974
  6.45563
  2.00595
   12.753
  11.2008
  34.4986
  3.24079
  4.20495
  2.47919
  2.47781
  5.39278
  9.92141
  13.2895
  24.9136
   19.583
   7.8316
  4.01185
 0.129361
  8.24905
  2.11078
  1.88493
  29.2419
  29.2699
  33.2952
  14.0695
  29.6358
  35.5686
  26.5071
  21.0656
  16.7602
  17.2021
  24.9282
  15.5599
  46.0164
  18.0284
  18.6176
   24.566
  19.5858
   18.994
  31.1111
  34.0064
  23.3781
  29.8363
  39.2574
  73.7716
  50.9001
  12.6318
  14.8799
  13.5903
  19.9551
  18.9026
  11.6239
  2.25378
  58.8547
  22.4073
  20.1789
  14.7435
  69.0778
  22.8874
  44.1175
  15.7915
  5.29603
  6.91566
  3.02065
  9.99293
  10.7906
  11.4637
  14.7329
  44.3079
  6.20975
  11.3064
  12.1121
  20.8532
  14.1498
   22.347
  15.9725
   19.894
  22.0621
  18.6622
  16.9083
  24.7052
  5.07819
  6.57702
  8.20811
  1.81801
  1.69815
 0.163869
  2.50888
  8.13645
  8.69939
  8.78424
  10.3936
  6.53418
  4.66555
   2.4956
  6.41441
  5.60675
  5.87345
  7.44897
  8.31154
  2.56911
 0.654255
  24.8332
  24.8244
  18.6256
  1.76914
   6.4917
 0.664145
  9.24531
  4.85322
  11.9892
  6.11669
  3.94741
  9.52987
  9.77192
  21.1861
  1.98124
  2.09131
  3.73942
  41.3598
0.0433706
 0.700551
  6.48754
   9.9396
  8.21814
  5.56465
  9.22723
  10.0078
  15.2792
  16.8414
  9.93269
  7.49409
 0.352164
  18.4448
  28.1741
  17.3119
  17.3036
  26.9373
  15.7126
  20.6126
  18.8804
  56.5433
  21.0604
  19.2848
  17.9058
  15.2728
   17.236
  16.7253
  21.6962
  29.5475
  26.7603
   65.615
  62.6618
  63.5627
  27.2427
  20.4493
  19.9005
  26.8439
  25.8905
  12.6318
  25.5001
  65.4415
  25.8565
  22.6161
  17.7597
  18.9104
   38.587
   24.904
  10.6205
  15.1869
  24.7936
  36.9418
  2.35359
  12.7547
  4.62275
  9.13376
  27.8445
  26.3474
  34.4992
  39.4688
  7.04978
  19.2119
  7.24869
 0.618749
  6.75004
  28.0263
  28.8589
  19.9159
  12.5013
  21.4418
  1.95267
  6.16326
  9.46149
   26.118
  10.0554
  5.51629
  7.04781
   14.297
  10.7911
  1.59418
   1.8166
  4.13182
  3.10651
  8.00392
  8.70356
  27.1874
  12.1124
  27.8116
 0.659604
   12.642
  5.41148
  8.60298
 0.858595
  24.7674
  11.7276
  15.3858
 0.608047
  5.90198
 0.834486
   19.315
  7.30436
  28.1004
  9.17924
 0.568831
  25.4847
  17.8363
  23.6876
   15.367
  20.8371
  22.8537
  14.9531
   26.222
  42.5982
  57.8661
  15.1456
  12.2461
  21.6234
  18.7834
  20.9308
  64.7301
  67.9952
  26.5299
   56.151
  46.4893
  23.2006
   26.935
  11.9474
  3.53276
  1.82325
  8.17861
  39.4209
     12.7
  31.7908
  26.5615
  12.7707
  3.00962
  6.60694
   5.9741
  47.0336
  41.1466
  15.3013
  29.1362
  6.58921
  10.0539
  3.82119
  20.2784
  17.0265
  17.9949
   4.2533
  9.40405
   2.6544
  20.2652
  3.45464
  45.4106
  18.6567
  27.0514
  10.6275
  25.9475
  34.4871
  74.0315
  46.0913
  27.1509
  34.1375
   20.257
  51.1294
  52.8322
  10.9131
  13.0931
  20.8677
   21.158
  13.4503
  8.23368
  31.2713
  11.3688
  15.4816
  18.6569
  15.3776
  22.6278
   24.865
  36.7854
  20.4703
  32.7018
  15.6641
  32.9302
  14.6529
  4.57447
  21.0619
  13.4949
  28.1815
  1.48367
  52.4109
  7.42951
   27.156
  7.73971
  18.8366
  9.92633
  8.06144
  5.37206
  10.5824
  67.2179
  15.4586
  24.9137
  6.63666
  40.2186
  46.3737
   15.121
  12.0083
   8.1625
  46.1665
  8.12018
  35.1299
  46.0298
  47.3673
  54.2602
  36.0031
  7.95941
   17.955
   40.855
  1.98482
  9.34676
  3.86575
   16.269
  3.21388
  11.6938
  2.19682
  17.0602
  13.3678
  30.7234
  33.9575
  43.9947
  17.0679
  1.25315
  21.9022
  3.92679
  2.40447
  8.67946
  15.4293
   14.048
  3.41385
   21.096
  24.1918
  24.8751
  27.4626
  23.8289
  55.5606
  3.27825
  22.5288
  26.9554
  26.5191
    9.929
   1.3032
  23.5001
 0.584768
0.0865673
  10.1644
  52.1982
  13.8624
  22.2446
  20.9397
  48.8478
  10.2589
  8.87914
    12.43
  31.0785
  14.4237
  20.8951
  25.7334
  28.5056
  27.4723
  47.9935
 0.340375
  3.38958
  40.2965
  39.5843
  41.3235
  4.62816
  17.1802
  47.2505
  21.3908
  6.07285
  12.4643
  8.96154
  1.82906
  39.1955
  6.91588
  12.7585
  4.05607
  6.83171
  5.99659
   4.5337
  4.23755
  10.8293
  23.6537
   20.529
  16.0639
   3.9446
  15.8834
  8.34295
  21.6913
   30.657
  41.8749
  25.3742
  34.2327
  7.21292
  7.45463
  28.3659
  31.7561
  23.2808
  11.7972
  6.32611
  8.25958
  64.3017
  30.9937
  4.23596
  2.89151
  2.69286
   8.3141
  27.3719
  35.3783
  13.7443
   7.5156
  3.11367
  14.0979
  1.01199
  14.7803
  17.0635
  15.8738
  18.1577
  29.3637
   10.125
  8.18703
  40.4361
  7.36868
  21.2087
  16.4391
 0.843557
  56.6034
  25.2095
  31.3712
  21.5242
   22.694
  8.54739
 0.328702
  18.1731
  35.7154
  31.4808
   12.705
  8.09668
  16.4974
  33.0995
  1.08972
  41.9591
     39.9
  31.5505
  2.69504
   22.864
  8.48421
  2.78421
  8.15447
  42.0231
  3.59234
  14.6051
  17.8909
  2.31967
  17.2572
  50.7111
   9.6791
   22.744
  31.2876
  1.18841
  12.0159
  29.0824
  11.3874
  34.7677
  13.2321
  35.0956
  3.16796
  26.4157
  29.6894
  8.45323
  2.36594
  5.03102
  20.3909
  39.5601
  47.1951
  1.24203
   6.2294
  2.29784
  12.9319
0.0944377
  3.60794
  1.22878
  18.8844
  20.3245
  33.0758
  32.0488
  12.5675
  39.9721
  59.0444
  17.8965
  20.4401
  34.5712
  1.19244
  51.9355
  14.6483
  73.8017
  7.74318
  4.58349
  2.27868
  1.20266
  37.3229
   20.612
  35.8576
  33.8483
  4.50964
  1.55858
  5.82597
  33.0612
  17.7237
  21.6234
   31.111
  42.7848
  3.53983
  17.3373
  9.38456
  4.65957
  5.37543
  29.8718
  6.52544
  2.00473
  7.30455
  8.21542
  31.5824
  15.3828
  39.1101
  11.1235
   14.681
  39.7131
  2.01201
  1.70171
  5.97106
     41.3
  45.5005
  56.6515
  30.7089
  4.04349
  47.5247
  11.2276
  18.9464
  7.25723
  42.8288
  1.38439
 0.698371
  8.52218
   8.1841
  21.6425
  33.5054
   19.608
  21.7559
 0.428405
  5.18936
  7.65418
  3.76007
  13.8107
  32.7651
  35.2312
  32.7045
  24.5706
  4.08319
   10.176
  5.06696
  4.98743
   16.125
  23.4383
  30.3966
  22.9341
  38.6245
  27.7866
  36.0668
  29.0265
  9.21526
  15.9966
    11.83
  30.8175
  27.4923
  30.3169
  1.74834
  52.6088
   27.632
  24.5846
  10.4415
  16.7136
  18.9754
  41.4435
  17.4751
  17.3451
  11.4005
  21.6648
  4.73346
  20.4073
  13.2712
0.0355759
  23.0859
  48.4651
  30.0528
  19.5335
  23.5979
  19.1115
    17.55
  25.0135
  20.8358
  3.60583
  18.3172
 0.304509
  22.2603
   33.309
  13.7766
  35.2767
  28.6915
  25.1678
  25.9121
  47.0316
  34.0836
  3.65723
  13.4767
   6.2509
  20.4073
  14.1771
  24.6169
  5.85614
  20.3558
  25.5629
  6.48038
  9.27478
  11.6011
  5.39262
  13.1582
  23.4654
  18.2057
   26.419
  7.64247
   27.129
  15.2843
  10.9438
 0.808648
  31.1998
  50.1424
  25.9303
  1.18841
  34.7091
  12.3408
  30.5109
  2.38333
 0.455839
  30.6779
   21.893
  27.9606