  12.7031
  1.10378
   18.868
 0.924011
  13.4043
  9.13542
  10.0538
   11.115
  24.6094
  5.43918
  2.00261
  3.34428
  13.5886
  8.08112
   1.8032
  12.2893
  10.8594
  4.61637
  14.8778
  22.0101
  31.0832
  54.5011
   87.992
  75.4416
  74.2825
  60.6374
   65.193
  64.2574
  66.7293
  4.16087
  7.91385
  4.26701
  9.00607
  7.54132
  15.2306
  4.91461
 0.329084
  11.4743
  8.08018
  5.75385
   2.8859
  10.2345
  3.99438
  12.2493
  8.77648
  5.04743
  8.42002
   6.7268
  4.58996
  1.78597
  25.4868
  6.92899
 0.575225
  5.75006
  5.38019
  7.39373
  1.76137
  7.05832
  0.54934
  10.0519
  10.9941
  3.79201
 0.695621
  4.43795
  9.94731
  13.6572
  7.43191
  5.73755
  73.7091
  80.5055
  41.8726
  44.3169
  53.0726
  86.2558
  60.5829
  16.1648
  23.1312
  34.2023
  8.37741
  6.50106
 0.944249
  64.8569
   8.2177
  3.78845
  13.9407
  6.66374
  13.6666
  12.2666
  6.94033
  3.04115
  6.61393
  92.2536
  60.6991
  43.2435
  42.5028
  65.0834
  70.5537
  54.6335
   8.3583
  1.62477
  9.57243
  9.23349
  13.0057
  14.2161
  5.05456
  7.41726
  6.07646
  3.23499
  8.68493
  12.9689
  10.1182
  16.1639
  6.07062
  13.0973
  4.03957
   5.1539
  15.2005
  1.16547
  15.4956
  1.02528
  14.4886
  3.41299
  11.0781
  5.61015
  13.8536
 0.835144
 0.162488
 0.633447
  3.04377
  3.92205
  12.6215
  3.48966
  5.71559
  8.80723
  23.3691
   16.495
  12.0362
  80.0426
  30.9374
  32.6385
  38.7707
  37.9744
  55.8753
  102.069
  97.3866
  51.3235
    80.26
  28.8236
  29.8035
  2.36403
  19.8998
  1.30443
 0.970467
  10.0356
  8.95935
   12.066
  4.62431
  1.13285
  7.07014
  7.02757
  11.2646
  5.20263
  11.2119
  21.8326
  9.72542
  11.2093
  1.15361
  1.45071
   10.162
  8.92303
  29.8434
  3.15237
  12.7102
  3.57036
  21.6275
  6.73654
  12.3916
  4.36063
  22.3555
  23.7522
  61.5589
  11.7639
  29.2879
  31.4876
  40.6098
  80.1921
  99.2617
  98.3205
  32.5067
  80.1958
  27.0662
  5.54846
  11.9216
  4.62618
  5.44258
  63.9808
  4.76788
   43.781
  48.8391
  8.39424
  2.25545
  2.31429
  4.44808
  12.9406
0.0247244
0.0442513
  8.83832
  5.34365
  24.8625
  17.8376
  19.6205
  2.68949
  23.4337
  1.82516
   7.6739
  4.47236
  13.3324
  58.7496
  85.5413
  105.503
  63.8527
  80.8047
  2.12894
  13.4512
  74.9678
  76.4518
  12.0691
  5.50341
  17.7541
   17.762
  57.8474
  61.5557
  83.6397
  19.0201
  40.9705
  14.1151
  33.7277
  25.0995
   46.458
  55.6264
  78.6721
  80.7591
  66.6917
  65.0698
  2.40059
  3.98986
  28.2594
  3.44456
  8.42048
  28.3826
  3.17701
  85.0235
  18.4156
  10.1956
  30.9276
   9.2539
  23.6284
  18.9665
  34.3055
  28.5505
  52.3743
  64.5696
  61.3523
  72.5744
  81.5566
   50.022
  60.4579
  66.9188
  61.2178
  3.36314
  57.9133
  64.5198
  22.9285
  16.7535
  24.5289
  34.1834
   78.316
  31.3349
  30.4152
  46.6938
  73.0582
  27.0152
   20.017
  12.8762
  15.5953
 0.371375
  5.97212
  29.5991
  15.1994
  28.7653
   9.2539
   9.1202
  28.7897
  19.8527
  39.7018
  38.1021
  15.3269
   3.6356
  11.6681
  20.3125
   23.826
  10.8512
  36.7841
  27.4389
  18.4701
  34.6232
  67.3611
  1.37479
  40.2282
  6.25218
  65.0399
  62.3538
  38.4264
  75.9905
 0.801505
  14.6588
  13.6029
  14.0386
  15.6235
   20.868
  63.5477
  76.3242
  7.66047
  22.0031
  47.5468
   22.738
 0.274113
  52.2738
  22.6207
   30.927
  6.08562
  13.3988
    84.16
  81.0518
  72.8032
  74.8272
  76.1825
  9.34901
  60.0022
   58.812
  69.3142
  64.3015
  58.4479
  55.2979
  63.2978
  59.8199
  77.8312
  14.8232
  12.6326
  15.0598
  76.2806
  64.8806
  68.3816
  44.3842
   41.982
  75.9426
  73.8637
  40.1048
  49.3074
  70.6209
  3.56177
  72.0734
  76.0084
  80.0698
  76.7391
  77.1048
  66.7628
  77.9688
  31.7068
  13.3564
  18.7778
  2.35576
  5.86792
     22.5
  2.14209
  3.23752
  74.1757
  67.0151
  26.0411
  11.4915
  32.9524
   86.388
  67.9461
  59.6014
   85.434
  68.6465
  71.5187
   47.417
  61.4314
  53.8458
   67.826
  18.7408
 0.259091
  35.1547
  53.1973
  56.0254
  59.3449
  46.5042
  28.4371
  61.2575
  52.9534
  64.8198
  16.5349
  7.58874
  33.5403
  80.4739
  85.3509
  38.7775
  9.84543
  7.19713
  2.36712
  43.8239
   7.5961
  13.7799
  60.6853
   49.466
  22.9605
  58.2796
  31.6817
  55.0519
  45.8161
  19.7882
  21.9942
  22.7333
  46.2506
  5.62718
  13.5927
  8.21426
  28.9884
  23.7427
  7.82996
  11.8035
  59.8138
  78.8208
  73.5395
  14.1974
  1.20059
  10.2937
   7.0812
  80.5225
  72.7965
  86.8032
  51.2531
  10.5953
  40.3504
   61.259
  40.3693
  39.9697
  26.5477
  18.2447
   65.461
  62.6842
  82.4193
  88.0958
  13.1082
   1.1894
  19.5285
 0.395209
  4.81012
  5.39564
  7.87366
  1.01921
  64.4092
  38.1727
  43.9399
  31.4052
  43.3273
  36.1257
  11.4229
  43.2518
  9.08069
  51.5388
  32.0155
  11.3975
  38.6144
  4.77846
  5.35172
  53.5306
  40.7062
  25.7429
  62.9031
  79.0351
  10.5953
  9.37314
  8.95402
     4.88
  77.6102
   2.4422
  78.1414
  69.7095
  54.5787
  51.7573
  43.3472
   14.804
  31.8229
  36.4648
  31.2711
  48.6423
  1.36545
  30.3306
  7.92254
  4.21483
  44.9393
  85.9134
  42.5044
  3.03806
0.0722297
  30.3901
  12.3919
  25.8783
  3.60011
  0.90529
  2.57016
  1.28225
  10.3781
  71.0045
  62.2007
  1.81707
  62.3501
  50.3792
  30.1838
  10.8854
  13.0484
  61.0992
  10.1141
 0.340574
  38.3551
  22.1014
  18.2725
  36.4643
    17.96
  7.43871
   48.968
 0.639499
  18.2279
  25.8687
  10.6073
  3.58479
  1.94557
   5.8102
  2.35508
  87.5883
  57.3841
  20.0727
  12.6235
  2.07523
   15.837
  43.0466
  59.5702
  11.7198
   73.923
  34.4046
  30.1473
  12.6449
  11.3731
  8.93204
  9.01652
  4.42268
  27.9627
  63.7888
  26.9567
  8.88314
  21.8007
  21.2213
   49.503
  49.8992
  53.0873
  67.4722
  79.3978
  30.9649
  28.7303
  8.36921
  26.1303
  42.8882
  40.3416
  1.42129
  72.1361
  27.9785
  28.5456
  37.4339