  7.30216
   7.2215
   1.1669
  18.7478
  1.31801
  3.62003
  6.82657
 0.385264
  13.5036
  0.44736
  7.18853
  7.20991
  5.32573
  2.63837
  6.52067
  3.84415
  3.95182
  1.83662
 0.252397
  4.85529
  2.56603
  1.13589
  18.1438
   11.739
  22.3849
  17.4463
  28.4879
  52.8815
  50.5905
  46.7541
  78.7044
  16.2345
  50.6827
  70.0209
  48.6569
  73.8155
  10.6832
  14.3599
  10.3425
  15.5878
  12.0003
  31.7208
  8.00555
  1.70335
  6.68251
  1.28811
0.0276394
  3.46539
  6.73304
  6.75163
  3.14932
  5.32509
  6.90682
  5.41022
  9.13724
  3.64659
  12.0384
   4.4825
  2.06029
  21.1167
  7.58713
 0.870748
  23.1531
  18.1456
  3.35958
 0.766213
  4.55569
 0.127178
  5.09935
  2.29138
  2.37759
  2.10422
  3.01092
  10.8672
  1.66088
   7.6033
  5.18579
  6.26381
  4.76683
  33.2949
  30.2439
  35.2333
  41.8385
  22.1129
  42.8119
  44.4805
  56.7236
  78.0887
  75.4802
  32.8883
  33.3146
  14.4177
  62.2527
  21.7648
  31.6693
  44.1888
  8.93967
  5.59796
 0.458466
  27.3131
  14.3118
  10.4606
  21.3538
  13.0034
  15.9112
  11.3512
  5.29288
  7.19031
  4.73935
   6.2495
  34.1454
  30.4879
  40.7647
  37.6849
  60.3764
  7.37154
  54.9035
  61.4162
  14.8753
   21.863
  14.3315
  26.6704
  2.47351
  4.93453
  8.82642
  4.61664
  2.67163
  3.14482
  6.88451
  7.49619
  6.05376
  8.30347
 0.767845
  3.54275
  5.74166
  0.44162
  7.77346
  2.87919
   8.6104
 0.321561
  5.16295
  4.48184
  8.57581
  7.99631
   19.294
   31.517
  22.3995
  8.75683
  5.88257
  2.66797
  1.15382
  1.77418
  2.42752
  6.36805
  1.25593
  3.83894
   1.2977
   8.2654
  14.9202
   13.446
  15.2169
  18.3061
  54.4838
  32.5326
  34.6413
  13.3748
   39.331
   58.809
  90.3658
  75.8718
  28.6574
  50.5438
  27.0331
  45.9773
   18.877
  18.3641
  5.68571
  13.0682
  38.2852
  6.74332
  5.69209
  3.55859
  3.00513
 0.577091
  7.98116
  18.0725
  6.30698
  5.88341
  6.51328
   3.7544
 0.293334
  11.9186
  11.2571
  44.6108
  13.6926
  10.1963
  3.19821
0.0177853
   8.3544
  15.5052
  5.91896
  3.60769
  4.94661
  2.13517
  3.34794
  3.33626
  2.75009
  7.40742
  3.09791
  18.9548
  23.0954
   14.602
  16.4823
  44.9929
  75.0743
  27.5116
  2.56402
  27.8045
  31.8299
  38.6216
  48.1606
  86.9984
  76.0682
  79.3345
  31.0472
  27.0148
  48.4372
  5.63999
  8.43129
  9.39914
   3.5584
  11.5412
  11.9731
  28.1061
  53.5465
  2.46323
  17.6675
  42.4292
  43.6069
   5.2506
  3.26331
  5.38866
  1.38023
  4.31613
  2.55948
  5.60886
  2.48387
  7.71348
  24.8415
    3.695
  15.6759
  15.5584
  16.6459
  4.15983
  3.06379
  3.67707
  14.0013
  21.9495
  26.0059
  34.2003
  38.1738
  21.4938
  19.2325
  63.3811
  84.1805
  24.1739
  55.8215
  25.6054
  13.4419
  2.15097
  4.98486
  32.2013
  72.3725
  70.6456
  22.4514
  2.54878
  16.0119
   26.447
  36.2086
  84.1942
  27.6471
  21.5797
  4.26029
  21.1715
  17.6453
   52.032
  72.0335
  74.5789
  75.7988
  52.7183
  3.70374
  24.4466
  18.7202
  2.42017
 0.106833
  42.8693
  6.41566
  55.1693
  63.5431
  9.14178
  11.9245
  12.4137
0.0979826
  24.3288
  15.0706
  13.5338
  7.46311
  31.0506
  54.7746
  56.3632
  62.1649
  55.2917
  67.9599
  56.2034
   62.761
  18.9077
  66.3273
  74.1609
  60.1006
  27.6913
  12.0765
  24.1071
   29.617
   71.614
  44.4718
  37.2883
   8.9112
  54.7214
  25.5783
  13.5891
  12.6027
   15.543
  25.0454
  6.27715
  16.7194
  6.82101
  23.0456
  39.5181
0.0979826
  4.67956
  42.6067
  22.7558
  42.5218
  42.6369
  18.8937
  9.58546
  11.4318
  21.4213
  18.5621
  13.9717
  10.6463
  70.4743
    14.52
  5.90623
  27.8997
  65.7636
  4.95905
  26.0859
  6.04332
  59.7819
  69.7236
  45.2091
  58.1474
  16.9729
  7.64784
  22.5293
  7.87851
   27.388
  14.1734
  53.1142
  50.0643
  3.45042
  23.1787
  36.1559
  35.2512
  15.9503
  32.3525
  23.6113
  23.2107
  1.45582
  6.68746
  52.4181
  76.4403
   63.151
  56.1878
  66.7039
  59.3973
  26.1705
  52.0106
  57.9724
  70.5025
   73.249
  76.0731
  64.0938
  49.9841
  69.3489
  19.8398
  57.6551
  55.0762
  10.1253
 0.312454
   64.078
  55.7821
  57.3415
  77.7841
  69.0889
  72.1481
  59.3437
  50.8793
   75.187
  19.2763
  61.3473
  70.5278
  70.5997
  54.4059
  67.0001
  69.5481
  63.7273
  32.5099
  33.7132
   29.379
  17.7157
  22.1337
  10.5442
  12.5607
  7.62443
  4.81857
  73.8391
  27.9311
  8.36543
  7.14477
  22.4769
  60.3817
  60.3447
  53.3618
  57.1474
   66.136
  68.5508
  54.6855
  64.7479
  68.5045
  68.3236
  5.79521
  9.82487
  13.3735
  15.9245
  63.2766
  69.0728
   54.681
  5.47058
   64.536
  75.7646
  65.6474
  1.97243
  5.04892
  12.9377
  70.2841
  78.7279
  72.2054
  12.0678
   9.9484
  4.42129
  39.9751
  13.5278
  23.6297
  51.2291
  45.2245
  55.7614
  50.6094
  18.6792
  33.4767
  48.4555
  3.45533
  2.54364
  6.92609
  22.3396
  52.3111
  5.32143
  14.4061
  7.70693
  4.65218
  22.6709
  12.8954
  12.7162
  34.2674
  56.3532
  48.4335
0.0366101
   4.6097
  17.6297
  13.5375
  9.89887
  60.2107
  73.6584
  48.7635
  40.6435
  19.2703
  54.9891
   52.505
  59.5187
  26.7124
  10.0539
  20.6157
  63.4391
  54.9137
   77.517
  55.7331
   11.211
  19.8809
  14.1486
  14.4007
  19.5881
  23.7797
  12.5188
  20.2019
  67.3638
  28.1041
  39.8303
  30.9656
   29.782
  37.6508
  35.5178
  38.9651
  13.4379
  28.1865
   12.258
  21.0921
 0.230459
  25.6096
  23.4732
  11.3471
   49.466
  52.6705
  25.2311
  85.0161
  79.2671
  11.4763
  2.72088
  3.33768
  22.5637
  76.5069
  50.5502
  10.5748
  66.2071
  77.1978
  30.2769
  15.3599
  26.1411
  20.7072
  20.6797
  25.2057
   30.498
  28.7311
  16.3729
  2.36932
  37.9048
  21.9914
  26.8149
  27.3552
  4.75555
 0.825235
  10.9063
  29.0383
  5.34634
  11.3136
  1.53582
   12.596
  5.91649
  36.7246
   4.8332
  2.64761
  2.63096
  7.71219
  75.5709
   70.322
  3.91688
  18.1726
   64.549
  37.9575
  22.8996
  3.32339
  5.62949
  66.2229
    1.046
  10.2778
  25.3168
  22.7374
  6.91447
  42.0184
   8.1641
  1.83925
  31.7068
  5.49481
  8.43935
  18.3332
  9.50378
  22.0516
  6.32275
  3.99426
  5.79452
  2.06211
  46.3597
  12.7859
  47.6565
  14.3617
  5.72154
 0.719465
  7.99142
  6.16956
  31.1143
  76.4552
  20.8093
  58.4944
  5.63814
  15.3646
  7.68079
   43.807
  3.03536
  9.69795
  1.97724
  21.3866
  63.2491
   25.688
  5.78142
  25.7419
   5.0305
  40.6063
  63.2062
  79.9212
  62.0075
  67.8864
  52.6617
   20.034
  19.0544
  7.62489
  5.78063
  3.40501
  31.8303
  39.2407
  50.6137
   11.509
  58.0977
  23.9198
  44.3789
  47.8352