   5.00128
    23.668
   23.0045
   24.1934
    34.786
    44.216
   12.8513
   14.7007
   7.85652
   12.4189
   5.45008
   3.04229
   5.27607
   4.70524
   27.7358
   38.0633
    19.745
   24.5131
   11.7037
   5.34824
    13.064
   14.6785
   18.7025
   4.44417
   10.6319
   11.9858
   21.4741
   39.3942
   36.3959
   34.8772
   35.7105
   26.6272
   28.2028
   24.4148
   27.6113
   22.1473
   10.8548
   23.5888
   12.7563
   24.8309
   25.5818
   29.5783
   26.9261
   6.06698
   15.5606
   11.1674
   5.23758
   6.56592
   3.07026
   33.7691
   19.3814
   8.58441
   27.6005
   18.6755
   22.5921
   2.58808
  0.348807
   2.89513
   7.97199
   12.4589
 0.0269763
   9.53172
    4.9394
   4.10234
   6.82098
   12.5494
   18.1983
   12.9083
   30.8399
  0.516676
   10.1799
   14.2689
   2.91649
   3.05909
   3.55094
   40.5232
   19.4192
   9.52761
    13.591
    14.324
   2.65409
   2.37832
   13.7467
    3.3256
   27.5712
   22.1377
   3.09796
   8.67367
    2.9557
   7.39033
   16.3538
   3.98706
   1.59418
   12.3207
    18.039
   15.2077
    11.168
   12.8367
   13.4062
   30.9279
   22.7385
   20.1692
   8.20841
   5.79955
   7.20139
   10.4731
   1.66099
   39.7828
   11.3269
   17.5824
   8.95865
   8.48265
   7.23869
    11.472
   15.5844
   18.4371
   15.1969
   2.71063
   15.6831
   23.0648
   9.77525
   37.4022
   25.4675
   24.9349
   13.0639
   22.0496
   22.8557
   35.7105
   3.01991
 0.0145684
   7.93024
   11.9279
    1.2288
   17.7832
   4.24702
   4.06568
   30.6112
   12.3299
   7.32474
   6.98924
   19.9891
   27.2959
   9.61779
   24.6292
   21.4706
   6.69799
   9.76757
   3.16997
   18.3296
   16.9154
   26.1554
   13.4282
   2.28509
   1.47918
   26.7043
   10.8363
   11.9826
   8.62243
   12.2374
   17.7823
   22.2653
   24.4243
   28.8297
   26.9279
   11.1938
   12.2187
   32.9167
    27.199
   16.8043
   21.7002
    37.538
   3.23201
   17.5483
   16.6617
   8.82316
    22.516
   21.2652
   15.1366
   14.3313
   14.3828
   10.0389
   19.0905
   23.7928
   45.8565
   5.81789
   7.86451
   7.21715
   10.5342
   9.76954
   12.9596
   2.29107
   14.8293
  0.263404
   1.23016
   5.28843
   20.0394
   21.1839
   20.7154
    39.769
    6.5041
   20.6886
    2.6385
   20.1726
   12.7534
   4.64712
   2.43097
   10.9245
   18.2687
   11.0768
   15.7926
  0.106776
    3.6464
    28.777
   32.4102
    23.416
   10.4401
   24.3006
   21.8029
   24.0776
   14.0163
   7.79704
   21.0993
   27.7785
   26.3146
   12.2679
    16.917
   18.0802
   20.2711
   24.5396
   39.7038
   28.4045
   14.5337
0.00777463
   6.99573
   4.30341
   4.21174
    18.957
   31.7993
   3.27758
   14.6213
   24.1444
   24.6579
   1.12002
   3.61632
   6.97986
   28.0161
   2.68885
   23.1888
   12.7306
   22.0508
   10.3018
   18.3835
   4.23151
   26.2363
   16.7006
   7.29561
   13.5387
    8.6885
   8.85187
   5.51786
    15.717
   25.3254
   34.7616
   9.34208
   14.3251
   8.55246
   3.13698
   22.8119
   66.8343
  0.965725
   9.17225
   12.2183
   6.55597
   2.17287
   22.1959
   35.9746
   1.20771
   6.02789
 0.0912341
   19.7313
   6.39887
   16.9233
   9.31639
 0.0418379
   5.05053
   37.0055
  0.690852
    13.311
   13.2616
   21.6955
   2.13546
   1.60935
   19.1762
   22.8453
   8.37135
  0.967727
   19.4108
   18.9081
   10.3561
   14.1105
   10.5509
    5.4776
   15.1734
   1.11242
    2.9533
   3.31208
    20.877
   22.5059
   9.24533
  0.694378
   10.9036
   19.1765
   18.6118
   21.0861
   13.3286
     10.21
   9.31998
   4.45559
   8.92901
    14.426
   11.6611
   15.6435
    13.312
   14.2574
   33.4214
  0.290073
    3.5212
   11.4341
   15.0972
   6.44817
   11.8086
   7.30018
  0.595283
   3.19331
  0.683705
   4.79243
   1.38769
   19.2644
  0.694079
   9.03281
   7.09729
   2.93963
   24.6284
   13.7983
  0.639845
   2.93245
   2.22607
   7.21192
    33.546
   7.25283
   15.6321
   6.15753
    21.101
   16.7658
   20.9967
   16.8217
   2.99217
   8.85258
   16.1821
   38.9296
   26.0368
    19.185
   11.1646
   15.8602
   2.64952
   12.2493
   14.3891
   9.82253
   9.33321
   4.97089
   6.36576
   32.6009
   18.1535
   13.6306
    17.997
   7.94589
    9.6467
   29.4505
   8.47878
   19.4583
   12.5631
   5.41004
   1.95451
   17.1768
   17.0379
   2.46632
   17.7289
   11.1787
       2.9
   26.1652
   18.2528
   18.5363
   21.8927
   38.4435
   18.9149
   11.3537
   14.5882
   21.3455
   16.0111
   14.3167
     22.73
   20.3717
   8.99024
   2.16989
   21.7233
    19.716
   21.9277
   7.32745
   19.5584
   13.6548
   12.9173
  0.932786
  0.557654
   28.8668
   14.0124
   8.61283
   15.2785
   1.69447
   10.5092
    6.2011
   16.7766
   8.39046
   10.5809
   15.6742
   25.3869
   25.7503
   10.5067
   6.24972
   1.16382
   5.91013
   9.13072
   15.6677
   23.9747
    12.153
   1.45092
   11.6293
   34.0554
   11.2972
   7.93038
   18.6686
   16.2121
   1.67808
   23.4579
   21.8024
   1.54867
  0.816882
   15.9396
   6.30991
   31.2973
   16.4259
   29.9148
   23.3123
   5.43672
   20.7928
   16.1403
   9.30531
   13.3886
   7.73301
    22.522
   20.8126
   8.96177
   2.01004
   12.3841
   29.2426
   13.7567
   5.97709
   5.97935
   6.23893
   28.8565
    7.0824
    13.084
   11.4199
   4.18312
   7.48567
 0.0770359
    14.545
   28.3067
   16.4959
   12.2074
   21.0873
   11.1637
   10.8259
   10.3143
   12.4905
   17.4371
   11.9085
   20.6348
   35.5812
   10.0567
   10.3491
   2.34123
   18.6005
    34.695
   6.45529
   13.0883
   15.6559
   7.43539
   8.03874
   16.9218
   17.3991
   2.16275
   8.18289
   26.5907
   3.47013
   17.4809
   7.58148
  0.909067
   5.38907
   1.79673
   21.1596
   1.51951
   30.6179
  0.840886
   7.48529
   30.2408
   9.99075
   29.7919
   27.8467
   11.5516
   1.54596
   17.7822
   3.18321
   11.7957
   7.35762
   25.8256
   19.2487
   19.8633
   20.7205
   3.01664
   11.3863
     25.29
   16.1604
  0.728006
   4.63793
   22.0043
    22.573
   14.1302
   13.7592
   18.5665
   13.4274
  0.519717
   24.1697
   25.5877
   19.5543
   21.8114
   25.6104
   27.5485
   31.2181
   9.03317
   32.7933
   31.7434
   18.6195
   24.1261
   1.28146
   5.80736
   5.55902
   5.41285
   26.3565
   6.47753
   22.2202
   16.3499
   1.39189
   9.66227
    15.762
   11.4499
   10.6723
   15.6659
   21.8175
   25.1143
   18.1179
   4.61818
   9.46394
   23.5383
    19.233
   3.81689
   2.80825
   21.6037
   32.4453
   20.4808
   19.3343
   16.5174
   7.37395
   23.7961
   20.5297
   8.64208
   3.59212
   17.9867
   10.3896
   20.5503
   18.2448
   16.2126
   14.8655
    32.037
   14.5192
   15.4466
   10.0439
   28.5092
   22.9164
   15.4208
   19.5085
   19.0137
   18.2963
     9.716
   16.4798
   3.75589
    1.1994
    6.7216
     2.125
   18.5691
   24.4021
   23.7097
   30.6509
   15.1889
    27.943
   9.38262
   22.9318
   23.0412
  0.967567
   13.2459
   17.4208
   6.76374
    3.2299
   18.9282
   8.90133
   14.2653
   16.2098
   8.12261
   3.64793
   13.5038
   1.55937
   12.3027
   22.5599
   30.3104
   2.05114
   22.4101
   3.57175
   5.42364
  0.092736
   23.7005
   1.62895
   21.3144
   34.7462
   2.91557
    2.5937
   3.96803
   4.70845
   17.5534
   10.6265
   34.5136
   27.5794
   7.91314
   13.8478
     39.28
  0.276471
   11.0049
    4.6439
   25.1193
   31.6707
   1.52137
   3.46579
    2.3843
   17.0452
   9.08804
   10.8836
   21.0904
   16.0282
   31.4988
   1.08377
   26.6796
   1.68015
   34.7484
   31.4738
   8.14977
    6.8865
   1.05968
  0.501103
   2.34203
   5.88502
   10.8235
   5.26697
   13.7065
   3.10141
   3.88249
   22.6724
   35.9075
   0.21264
   1.70625
   2.33272
    4.7784
   3.48967
    15.929
   28.1786
   4.58508
   6.01165
   2.31609
   22.1528
    1.9558
   3.24956
   17.4162
   7.62169
   13.9321
    35.288
   9.99702
   15.5893
   6.49859
  0.198344
   13.6705
   7.99247
   24.7895
   9.35915
   15.7364
   34.8609
   8.57436
   4.57424
     17.45
   17.8401
   26.0968
   24.5604
   6.88974
    16.218
   7.97429
    27.829
  0.215704
   22.3112
   9.26145
 0.0677632
   16.0283
   24.7193
   17.1793
   27.9305
   13.8187
   10.6585
   11.8651
   4.83848
   3.37916
   6.65743
   4.10903
   12.5573
   4.60178
  0.267596
   5.61287
   13.2272
   24.3087
   18.2277
   21.3434
   23.6293
   19.2999
   17.4785
   17.8159
   22.9331
   5.93479
   26.3769
   14.2778
   1.58536
   14.8593
   7.10975
    5.5963
   24.3322
   24.7599
   2.72013
   16.9703
   33.6699
   13.2269
   11.4864
   5.18287
   2.94101
   9.49696
   21.8322
   11.3999
    23.767
   18.5649
   23.2747
     22.45
   32.0294
   1.09307
   10.1314
   20.8296
   9.93603
    10.572
   16.2215
   12.5359
   12.4331
   4.82058
   17.3617
   2.41892
   2.70043
   13.4251
   16.9703
   8.48529
   7.29437
   16.9364
   10.6811
   22.5181
   14.6474
   13.0978
   2.76358
   15.5157
   10.6445
   17.8436
   6.20434
   15.0722
   23.2919
   14.7727
   9.29393
   24.0088
   16.7348
     13.52
   22.0625
   25.7411
   1.82336
   6.16149
   11.2006
  0.224147
   13.0396
    15.421
   12.8019
    29.068
     9.171
   11.1253
   8.13556
   16.0378
    11.542
   9.10607
   14.0134
   5.10618
   24.5387
   14.1959
   4.99354
   8.41759
   9.37848
   12.9139
   17.2466
   15.1414
   20.8092
   3.63547
    13.182
   16.2086
   0.26019
   5.62882
    3.5588
   6.63151
   4.48358
   4.64501
   3.10735
   12.3733
   19.9436
   19.1996
   4.63624
   9.41381
    15.619
   3.16431
     15.72
   2.10431
   1.90115
   6.87066
   4.35833
   9.34136
   12.5416
   20.1166
   2.24694
  0.443095
   1.50945
   1.55137
   20.1166
   3.68327
  0.773114
   7.64876
  0.123809
    22.648
   29.0678
   9.30259
   16.2651
   19.9487
   5.45494
   6.55273
   11.0077
    16.624
   1.47925
   5.77545
   16.8253
   6.84714
   3.84815
   17.6523
   2.88778
   2.05023
   10.1358
   1.42666
   13.6635
   14.5648
    6.3389
   4.92524
   6.45657
   15.1133
   18.7156
   7.76324
  0.791935
   13.9586
   12.9318
   4.73781
   0.29307
   5.81374
   1.89975
   2.54047
    1.2912
   5.36287
   10.1849
   3.77957
   26.0702
  0.450818
   13.5349
    4.1943
   16.5896
    1.3659
   9.75088
   5.17943
  0.573506
   12.8234
   1.28713
   13.8842
   5.54324
   4.66541
   10.1963
   13.6143
   15.7075
   1.85575
   10.1359
   7.04211
    12.383
   29.7911
   15.5167
    18.747
  0.895572
   6.96163
   4.52452
   2.69923
   2.44435
    6.9498
   22.2252
  0.123713
   19.3693
    3.8093
   8.87982
    2.8771
   1.97466
   5.68788
   27.3237
   1.54184
   19.3365
  0.911754
   5.48574
   23.9189
   14.3495
    6.4153
   15.7744
   5.74973
  0.125832
   16.8099
   7.77424
   7.80218
   5.38091
   4.29397
    3.3418
   20.0258
   10.2299
   15.2918
   11.1231
   17.7684
   16.4741
   14.1099
   16.2534
   2.38541
  0.245559
   12.9743
   4.38485
  0.138836
   17.7683
   7.80921
   1.23405
   18.5885
   2.36009
   3.36924
    5.9657
   5.65774
   7.08982
   19.5929
   17.3228
   5.17634
   5.62526
    3.9777
   4.62536
   4.32415