16.3652
16.5238
17.8203
19.8748
20.0385
20.4447
 20.564
20.5794
20.6485
 21.252
22.0881
22.7083
22.7375
23.4144
23.7137
24.6182
24.9668
 25.768
26.3445
 26.476
27.1827
27.4958
 28.165
28.4324
 28.518
28.8815
29.3041
29.5849
29.7218
 29.917
30.6067
30.7846
30.8179
30.8825
31.3552
31.7942
31.8288
32.1906
32.2438
32.4855
32.9485
33.2334
34.6313
34.7636
35.2763
35.6522
36.3699
36.4311
38.9916
39.0535
39.7312
40.5377
40.6208
44.2751
 44.724
45.5405
46.1263
 46.909
46.9321
 46.971
47.2003
47.6156
48.1844
48.1965
48.2001
48.3795
48.7268
48.8608
49.2313
49.9537
50.2417
51.0687
51.5895
52.3421
53.2321
53.4882
 53.644
53.7241
55.6854
56.1338
56.2461
56.3121
56.5442
56.7034
56.9217
58.3065
58.8165
59.0043
59.1012
59.1128
59.6722
59.7487
 59.856
 60.163
60.3881
60.4546
60.4813
61.4697
61.8503
62.8901
63.2801
70.4163
70.5924
70.8235
72.9026
73.5744