  86.3444
  64.5032
   80.682
  75.1726
  61.7283
  68.8179
  74.5578
    89.71
  87.9534
  81.4781
  82.7298
  87.1202
  59.7238
   60.587
  74.1778
  44.5382
  66.7218
  74.5192
  71.7899
  88.6761
  48.8123
  57.4134
  72.3903
  68.5706
  79.9386
  79.0294
  90.9712
   92.762
  45.8403
  66.5345
  54.1742
  67.1026
  69.2593
  54.1851
  61.5526
  51.7799
  88.1553
  63.7619
  76.7059
  68.0192
   49.196
  23.5685
  52.4954
  42.2177
  71.3632
  66.2501
  88.3929
  54.4253
  60.1014
  71.2973
  78.1579
  72.2811
  67.6519
  25.1592
  10.7528
  22.8356
  14.9638
  30.8207
   15.382
  45.7897
  46.2494
 0.726377
   2.6606
  14.4948
  11.0548
  1.21732
 0.727522
  42.8621
   3.3336
  9.45977
  62.2592
  51.3538
  13.2279
  57.6391
  65.6209
  72.1507
  20.8232
  15.7872
  47.8032
  30.9537
  58.9201
  9.15857
  54.2872
  47.2042
  42.0288
  50.8461
  51.2602
  47.1677
  25.6589
  5.87105
  6.99518
  7.32658
  19.2742
  55.9871
  44.4554
   38.779
  56.1577
  49.5981
  37.6111
  42.8538
  38.9009
  46.0694
  16.3157
  54.9598
  49.3021
  53.8873
  54.4583
  44.6324
  67.0231
  55.8471
  56.1756
  32.2714
  27.6803
  33.8103
  54.6605
  53.5263
  61.6827
  45.3229
  50.4158
  5.94967
  40.0208
 0.206768
  50.1435
 0.811095
  54.3377
  63.0987
  9.53411
  50.5095
  65.5066
  56.7167
  41.0283
  56.4572
  7.70884
  2.01917
  16.2611
   31.537
  4.20124
  15.3053
  17.3188
  11.2285
  20.2904
  1.42332
  66.2455
  10.5259
  5.63678
  29.6066
  28.0355
  1.43231
  2.15202
 0.433161
  28.7579
  5.92041
  20.0918
  35.3861
   8.1192
  19.8674
  8.76283
  3.72615
  59.2421
  16.0461
  2.60908
  78.5895
  78.2173
 0.684282
  11.6263
  7.70258
  20.9648
  37.5265
  36.0148
  40.7876
  8.37944
  12.8323
  3.27586
   34.386
  16.2831
  23.7323
   12.428
  19.4541
  14.7273
  1.23047
  40.4431
  45.8726
  25.0013
  16.0728
  9.69928
  15.3398
  14.0532
  52.6496
  28.3247
  14.4398
  25.9857
  11.7398
   37.687
  2.54008
  13.6889
  1.83211
  21.4938
  6.75906
  18.8488
  14.1756
  69.7379
  10.2844
  5.34294
  8.04856
  14.5859
   16.841
  41.5452
  2.45512
  10.2636
  2.22793
  22.4136
  18.9461
  1.22033
  11.5237
  24.9883
  1.10735
  22.3342
  12.0595
   8.3203
  45.8213
  37.7864
  5.17343
  9.64895
  35.9917
  28.1947
   31.693
  37.5795
  21.4964
  60.9985
 0.274356
  66.4009
  60.3507
  3.29704
  52.0138
   17.984
  27.7173
  23.6835
  16.0184
  30.8884
  41.3453
  12.7825
  31.7049
  17.5289
  45.2082
  22.5314
  5.19762
  16.8086
  12.4667
  56.0933
  2.44725
  12.4568
  36.4695
   41.242
  27.4374
  23.1973
  37.7213
  3.74513
  39.2392
  20.2296
  16.6067
  2.83568
  5.70862
  17.7576
  16.5245
  4.21118
  38.0051
  55.4483
  52.6723
  6.30675
  1.17233
  71.7252
  70.9258
  12.9108
  37.3209
  38.5093
  47.0455
  51.8792
  53.4964
  2.77342
  11.2723
  52.8105
  11.3858
  32.2178
  83.2327
  20.2454
  12.7011
  6.50289
  26.5708
  51.0809
   15.817
  14.7017
  5.53306
   7.8195
  68.0988
  13.8201
  12.8417
  71.5804
  66.6378
  20.8421
  21.8619
  2.39064
  9.07726
  18.0803
  26.8937
  55.1691
  57.4145
  39.4173
   8.2002
  65.8613
  76.1822
  9.07716
  19.1366
  19.0028
  18.1864
  22.7436
  14.7276
   53.249
  4.86561
  32.3479
  22.1729
  43.6834
  70.1205
  1.70691
  4.77213
  21.5175
  42.0537
  18.3133
  1.18908
  52.8117
  54.0602
  50.2594
  25.8057
  4.26198
   13.557
  18.6188
  52.8191
   50.773
  21.4644
  87.1119
  4.47925
  40.2684
  9.86589
  5.92806
  18.0821
  49.8899
    21.28
  39.2049
  7.71935
  3.47639
  18.4237
  4.53679
  1.78074
  16.1707
  7.94287
  12.3375
  23.8775
  32.6916
  21.8848
  43.7768
  48.3153
  6.73555
  7.13566
  44.2319
  5.77807
  54.4816
  45.4877
  91.8839
  44.9813
  7.24441
  7.74866
  11.6746
   2.3333
  4.60194
  42.5371
  33.6561
  53.3492
  17.7291
  10.1934
  33.0799
  42.6727
  33.1414
  22.9358
  21.1498
  14.5215
  20.1786
  43.6638
   8.9782
  6.14355
  6.18624
  10.0309
  28.9601
  63.4089
  10.8345
  16.8026
  8.92797
  15.5724
  16.0121
  11.0129
  31.4362
  13.0572
  13.3224
  9.50209
  5.47505
   18.186
  6.23738
  3.44037
   37.946
  15.2309
  11.5687
  9.06997
  2.29368
  2.45059
  17.2726
  7.51849
  40.8243
  56.8182
  15.9038
  4.28329
  8.36919
  35.0584
  43.0423
  6.67086
    6.657
  26.7717
  15.5778
  13.8556
  51.1407
  48.3569
  15.1287
  17.0534
   20.346
    15.49
  66.0742
  56.5921
  1.61951
    4.321
  51.6554
  10.7552
  21.4033
  62.0901
  36.5583
  3.42164
  6.04769
  16.7318
  18.0888
  32.1223
  5.58874
  55.3451
  50.0738
 0.278488
  34.4959
  20.7358
   2.2645
  12.7585
  12.0853
  4.92005
  6.38645
  20.7132
   15.123
  54.9211
  1.37348
  24.5971
   20.712
  1.26141
  5.38321
  50.6812
  35.0398
  57.5095
   35.388
  35.8584
  21.3793
  15.6639
  2.35034
  7.21707
  5.31817
  14.0619
  6.01429
  37.3277
  9.94009
  65.7762
    65.06
  68.9148
  6.88536
  13.9855
  17.8158
  38.8305
   37.922
  42.2976
  58.2847
  11.0468
   9.6931
  58.9345
  41.6963
  11.2898
  5.60777
  69.6743
 0.828492
  45.0639
  36.4133
  12.6459
  3.31585
  2.37628
  40.0738
  63.6849
  12.2566
  9.60032
  14.1843
  13.1724
  18.9265
  20.4891
  13.4316
  18.1381
  15.9163
  17.2015
  15.4382
  4.27817
  17.8849
  16.0835
 0.759242
  2.27026
   31.726
   19.236
  17.0853
  27.1738
  35.8891
  37.0242
  9.93412
  5.74059
  23.7128
  7.99771
  10.5436
  1.81538
  22.9354
  9.65312
  13.5421
  41.2019
  52.2244
  69.2812
  3.89617
  3.13124
  19.3545
  27.1891
  8.21479
  2.95568
  10.4727
  10.5817
  12.5869
  13.9578
  1.33737
  6.56055
  22.3164
  9.72765
  1.12866
   41.258
  49.3959
   2.5398
   21.384
  26.8428
  11.0646
  3.93453
  14.2354
  56.6392
  17.9874
  68.5236
   50.073
   15.509
  17.9172
  22.0507
  8.28983
  23.0434
  12.1088
  62.5765
 0.953365
  2.94891
  7.73688
   28.758
  23.3212
  6.02251
  9.38191
  5.17246
  21.6953
  8.09387
 0.731862
  6.18245
  11.1342
  34.3011
  22.5545
  20.1515
  81.2144
  61.8983
  8.94979
 0.431447
  11.8986
  8.50559
  16.7342
  3.37822
  36.7368
  2.11361
  33.8904
  36.8402
  36.7942
  18.5926
  19.2726
  31.3118
  3.92205
 0.410499
  7.44565
  21.1833
  5.00101
  3.24979
    33.82
  2.45055
  26.7421
  29.4767
  6.25069
 0.794293
  12.7893
  5.69118
  81.1788
  9.15312
  20.3579
  5.73484
 0.365258
  0.46367
  3.35142
  5.41474
  5.86815
  6.17506
  20.2991
  10.0657
  13.2327
  5.29717
  49.6575
  50.2645
     8.32
 0.583414
  1.59957
  22.8223
  1.19084
   13.916
  16.1042
  7.97836
  3.37763
    10.71
  9.62211
  48.7023
  15.5798
  4.28467
  20.6294
  16.5653
   28.312
  16.8299
  7.51486
  14.8004
  10.3831
  6.12608
  44.6508
   7.5364
  48.9414
  37.9055
  62.9176
   53.029
  16.3413
  5.94836
  26.3462
  7.09041
  20.6775
  46.5256
  33.5221
  23.8383
   9.2814
  25.8215
  28.3978
  17.2099
  5.44062
  10.2566
  11.6431
   25.115
  29.5513
  6.26077
  9.75488
  11.2491
  10.6283
   7.4973
  3.80141
  4.51158
  65.8802
  20.5434
  17.9021
  11.9964
  19.1935
  58.3777
  25.6665
  32.2101
  50.0355
  16.7102
  60.5893
  10.2527
  23.1345
  9.21265
  4.77984
  15.6332
  4.05412
  25.8514
  8.62442
   1.2914
  3.35422
  14.8019
  13.4072
  36.7903
 0.815666
   26.129
  26.6981
  26.3305
  17.7875
  17.8179
  16.6672
  18.2144
  19.0514
 0.719762
  13.0668
  10.3978
   7.9697
  5.80032
  6.79877
  15.8038
  5.62194
  14.7292
  9.49284
  8.12227
  14.6893
  17.9972
  38.2942
  14.2767
  5.87976
  16.6867
  22.3475
  7.88045
  19.6966
  56.5598
  14.3424
  14.0262
  10.7384
  25.7865
  5.17246
  7.53845
  23.2887
  14.2039
  1.47586
  1.94223
  50.8067
  29.5474
  32.7316
  52.4404
  15.7458
  31.0676
  12.9386
  53.2922
  10.5002
   2.5922
0.0594159
  8.52725
   18.536
  14.6708
  17.5189
  19.5096
  20.0808
  26.3608
   13.452
  35.3546
  20.4099
  42.8726
  16.0835
  11.4176
  1.19242
   1.9339
0.0594159