  18.1686
  22.8478
  7.56238
  5.72847
  18.0188
  1.08947
  3.70948
  15.9617
  6.35843
 0.135063
  20.5895
  21.9486
  3.41389
  15.6933
  10.9975
  16.8224
  13.4159
   18.329
  6.87543
  14.3758
   28.559
  15.5227
  10.6352
  25.3623
  14.6974
  12.7381
  2.71757
   1.2878
  12.8007
  22.9763
  9.97937
  18.3826
  21.8294
  21.4436
 0.156724
  4.85086
  2.50618
   17.047
  14.4506
  3.76275
  3.30654
  8.97774
  11.8239
  14.1769
  12.6542
  9.19486
  8.63183
  3.29284
    2.763
  15.7694
  8.02556
  10.0067
  10.0201
  5.43771
  2.74899
  12.9164
  1.52141
  4.17401
  3.87024
  1.73286
  23.1409
  24.0903
  13.4288
  23.1211
  18.7806
  9.97183
  14.3152
  3.58333
  13.8997
  11.3101
  1.29685
 0.835576
  11.0642
  3.28618
  15.8735
  17.5023
 0.448549
  9.64586
  4.46384
  20.5222
   5.0199
  12.9637
  11.6485
  17.1097
  4.89489
  7.32167
  19.3184
  9.28104
  11.8804
  2.95589
  30.9403
  5.45791
  10.2239
  21.3191
  22.5615
   18.296
  22.3319
  18.3622
  17.9415
  9.97179
  14.8766
  14.2929
   2.5921
  6.42393
 0.154561
  16.9853
  11.9778
  13.0265
  14.4904
  2.59154
  12.3869
  7.45311
  1.22483
  7.83603
  19.0866
  14.4098
  3.08628
 0.210741
  23.9508
  4.76521
  10.2221
  31.6975
  1.97202
  30.3701
  13.1534
   28.934
  6.40697
  10.4161
  25.5913
  21.7034
  6.01224
  34.1054
  10.6311
  14.6488
  1.79977
  10.0282
  8.68867
  22.5164
  3.16568
  7.19716
  8.72266
  9.36819
  2.03253
  10.5482
  3.20292
  14.8366
  19.0588
  18.5359
  6.96411
  8.21743
  12.0699
  7.82508
   2.2977
  15.5927
   5.0815
  7.24449
  19.0316
  1.06362
  13.5684
  12.1465
  2.17259
  6.13475
  3.52381
  8.27355
  28.9334
  12.7433
  28.9405
  19.4085
  10.8885
  17.5721
  26.0914
  10.1349
  17.4298
  23.0361
  2.52259
   20.302
  3.63833
  28.7835
  15.5197
   1.3491
  11.8224
  5.52348
  23.4916
  0.80492
  4.16422
  12.8829
  10.4504
  23.2995
   10.602
   11.999
  9.99946
  13.2408
   8.5226
  5.54565
   25.316
  17.3759
  17.0844
  21.1433
  8.97389
  12.7319
  13.4882
  13.5261
  6.88525
  1.73672
  8.96599
  11.4604
  5.72519
  11.4199
  28.0844
  25.8705
  20.2515
  8.05006
  2.22909
  14.0448
  14.4107
  1.92471
  1.40977
  5.05715
  1.25877
  0.38022
  26.5965
  50.0564
  10.4411
  5.96344
  31.5956
  10.3385
  16.3322
  23.7425
  26.0241
  35.9324
  24.6677
  37.1118
  6.68658
  12.6851
  3.38925
  8.48137
  23.5857
  4.25456
  8.85357
 0.203443
 0.185687
  6.15771
  1.40516
  12.5514
  33.8739
  14.6211
  29.1951
  26.9819
  6.58376
  27.5326
  32.7797
  23.4788
  21.1551
  13.6779
  35.9343
  16.0456
  6.00594
  2.43422
  8.86872
  31.0784
  28.6616
  31.3173
  16.8297
  23.7283
  13.8086
  14.9404
  27.9569
  31.2518
  9.00015
  10.7934
  9.06143
  26.6935
  13.8003
  2.93528
  30.0595
  30.8805
  12.0864
    13.21
   1.9784
  9.86788
  23.0104
  20.0385
  21.7806
  27.0538
  22.0252
  11.5475
  1.13888
  1.30331
  2.22663
  17.8422
  1.76064
  7.70345
  6.75291
  8.79123
  6.74738
  6.18445
  7.77958
  8.71406
  22.6141
 0.468325
  1.97442
  10.3752
  28.5856
   3.5595
 0.697349
  13.3801
  2.57913
  20.1062
  3.10959
  7.67177
  9.04797
  4.10708
  4.67027
  9.85678
  3.57502
  4.66662
 0.038325
  3.94657
   35.989
  5.25472
  27.8327
  25.3883
  1.27233
  42.4062
  6.69377
    10.82
  14.2212
  42.9535
  17.2676
  10.1517
   11.664
  6.68797
  12.9249
  14.0551
  11.8601
  2.73618
  2.29985
  3.62856
  3.14347
  4.13726
  29.7744
  13.1194
  5.88919
  1.32911
  4.82412
 0.827034
  14.1572
  12.2429
  9.36854
  25.7581
  21.3427
  9.26187
  3.08326
  24.6231
  13.1589
  26.9351
  28.2608
   32.884
  31.8513
  21.1799
  31.1479
  33.2448
  33.2637
  51.0119
  36.0223
  20.7286
  17.6009
  6.29484
  23.6713
  4.16712
  9.32673
  39.5279
  47.9176
  23.2868
   23.441
  16.9828
  27.7937
  32.9179
  15.5541
  2.69557
   47.096
0.0703047
   20.801
  15.5243
  12.2651
  3.48581
  30.9525
  35.7191
  44.0996
  5.00626
  6.46743
  8.18209
  2.02749
  12.1994
  9.16636
  11.5507
  6.05454
  44.6553
  37.3959
  10.1253
  7.85658
  6.34725
   9.4304
  2.72176
  10.5034
  28.9228
  44.1822
  35.2407
  42.8374
   50.966
  15.3547
  2.27339
   2.8667
  7.83727
  6.97647
  14.4745
  8.13766
   15.651
  5.77467
  14.2933
  16.5662
   1.4378
  8.31844
  42.3555
   12.929
 0.764368
  22.6219
  33.6622
  9.34502
  4.59746
  5.58348
  17.4644
  27.2739
  1.76035
  4.43041
  20.4131
  14.3559
  3.91904
  32.0934
  11.1719
  9.86915
 0.324354
  27.5618
  29.2654
 0.429865
  30.2139
  5.19236
  24.9734
  42.3566
  51.9689
  41.0133
  6.04081
  28.4821
  24.5103
  27.0631
  17.7894
  4.60832
  10.6573
  19.4237
  31.3223
 0.696028
  1.88552
  2.65054
  4.13698
  2.52713
  8.42352
  4.48176
  34.4556
  32.0259
  11.4107
  66.3788
  45.8101
  77.0144
  13.1527
  2.25086
  43.4862
  41.8169
  1.28197
  1.32082
  8.15656
  10.7269
  13.6466
  4.34412
   1.3553
  37.3801
  45.5602
  4.15424
  6.62045
  1.02572
   1.8928
  23.9291
   23.162
  23.9084
  1.47006
  21.5113
  4.36924
  33.3862
   4.7127
  66.9716
  34.0679
   3.7393
  32.9801
  1.70689
  42.7175
  11.7183
  5.58827
  5.71235
  10.5812
  11.6709
   39.453
  52.7187
  17.4147
  39.3361
  31.8863
  4.01549
  6.85363
   41.486
  35.5619
 0.763247
  43.7764
  12.4415
  14.7988
  32.4565
   17.008
  5.51324
   21.161
  1.34679
  3.24214
   66.078
  33.3348
  29.5442
  19.8727
  17.8531
   5.4009
  33.6312
  31.6919
  20.9941
  20.3073
  36.6179
  31.3084
    48.24
  31.0605
   42.663
  20.6115
  34.9469
  64.2124
  27.1413
  17.3215
  49.1705
  10.3262
  36.1731
  46.5452
  62.7432
  47.3758
  30.9108
  4.18513
  7.87281
  8.05878
  7.98905
  29.8564
  42.3435
  31.6057
  16.1874
  34.7029
  9.82557
  32.1986
  7.43962
  79.9773
  43.0111
  16.9301
  16.3034
  74.8675
  17.4204
  26.8365
  31.2499
  38.7651
  47.8229
  49.5973
  27.1135
  25.4605
  59.6063
  35.7549
  11.6483
  19.9283
  39.4887
  74.4227
   37.461
  44.5656
  43.7325
  60.3247
  3.43698
  2.16039
  14.8644
  40.0493
  37.2307
  71.2121
  3.18572
  27.4206
  35.9565
  52.6303
  18.7382
  19.4641
  46.7016
  39.0833
  49.6856
  66.4317
  41.9605
  44.4551
  43.6998
  8.29381
  57.9597
  8.61403
  89.8935
  9.48139
  1.88322
  42.7301
  45.2497
  2.34742
  7.69391
  4.36276
  19.6576
  24.0343
  48.2347
  30.1143
  3.98988
  35.7833
  69.1266
  49.3689
  30.5063
  46.1004
 0.131249
  5.49915
  4.70694
  24.4534
   38.979
  47.0832
  20.3862
  27.4322
  79.0347
  24.3025
  54.5964
  67.9337
  3.65754
   37.737
  8.42824
  1.33387
  3.00036
  5.95837
  42.0401
  24.3212
  45.8818
    80.59
  30.0306
  44.0997
  74.5174
  79.2846
  18.9058
  16.4796
  46.3983
  74.3976
  12.2667
  27.5021
  29.2348
  38.2523
  29.3168
  44.4985
  24.7911
   7.2098
  32.4835
  4.01493
  1.07037
  8.51957
  7.47896
  10.1444
  3.07772
  36.6317
  71.2091
  11.3713
  40.1311
  10.1633
  28.3658
  15.3179
  35.2434
  35.6053
  44.9934
  27.9278
  38.9584
  65.7504
   51.153
  3.02866
  32.1009
   3.3892
  22.9558
   3.8681
  68.9935
  7.73399
  42.7809
  4.84695
  56.4094
  6.17841
  9.85678
  43.3858
  36.9135
  7.32602
  14.8761
  52.4601
  5.87811
  25.2431
   18.285
  8.79059
  5.66884
   8.9833
  1.93335
  37.7863
  5.35207
  10.0936
  42.6429
  49.1521
  38.5949
  43.9311
  2.54607
  8.11644
  31.4887
  15.3498
  43.9006
  23.8063
  56.3716
  23.6671
  2.00024
  5.07582
  2.43639
  10.2044
  26.1031
  1.19992
  15.0242
  40.3908
  63.8255
  51.9812
  5.33972
  29.6679
  28.3224
  2.94015
  3.64071
  25.7683
  16.2231
  70.9665
  10.1852
  1.23728
  31.6717
 0.751287
  4.13931
  2.40748
  2.80767
  1.27565
  2.68344
  8.66082
  20.0756
  1.72908
  10.4557
  14.9527
  23.0315
  19.5131
  7.37503
  26.6089
  7.42803
 0.731521
  6.54977
  12.8048
  6.18959
  8.58986
  14.3182
   6.2799
  21.1745
  37.1187
  29.5014
  20.5249
    6.127
  5.75881
   7.1089
  6.12245
  2.36851
  17.0167
  15.6593
  7.47318
   30.715
  27.6527
  43.0786
  1.73196
  5.06593
  3.25971
  6.65612
 0.616549
  4.69918
   13.287
  36.9643
  9.52468
  7.50408
  28.4666
  17.7024
  16.2848
  8.13981
   3.8559
  13.9941
  23.9214
  20.8765
  13.7199
  54.0185
  2.99304
  29.6117
  13.7622
  8.65971
   6.3195
  16.1283
  2.54904
  40.5284
  33.5432
  29.8996
  3.14349
  5.32862
  10.9259
  2.11118
  41.3175
   8.0816
    19.83
  24.7905
  39.0239
  11.0731
  3.72905
  41.5109
  29.4567
  12.8285
  13.6263
   35.417
  31.6941
  37.6389
  29.8945
  7.44727
  5.90161
  1.36834
  4.08078
  18.7231
  2.99018
  17.0908
  6.25147
  1.78517
  3.25262
  0.19803
  21.2136
  39.3976
  23.2975
  12.2457
  35.6899
  24.4866
  12.6517
  27.5064
  1.00405
  6.88785
  19.8054
  12.5057
   32.154
  32.7816
   19.403
  6.09738
  15.0837
  1.05094
  13.6609
  3.60314
  2.55071
  17.9756
  20.7099
  26.3554
 0.861814
  2.25662
  1.05871
  29.5255
  1.14036
  2.94415
   38.455
 0.514803
  16.0502
  1.50106
  1.84242
  7.28094
  21.4368
  3.93998
  14.8895
  32.9479
  7.11373
  16.0005
  0.71905
  44.5549
  15.3788
  19.0489
  4.66419
  7.83037
  2.76318
  6.47623
  15.9439
  12.0426
  28.1114
  43.6298
  4.13697
   17.997
  4.65997
  3.82864
 0.342023
  13.3231
  6.72221
  11.7793
   7.8971
  7.72301
  5.47856
  25.7411
  11.6898
  2.90923
  7.66091
   6.4861
  11.2789
  5.41147
  7.50387
  9.21447
  15.4364
  20.0295
  1.90292
  17.6278
  10.7759
  7.52577
  11.7038
  17.9685
  20.2186
  5.82783
  30.5393
  8.24119
  48.1084
  18.1416
  15.0821
 0.160225
   3.0891
  13.7543
  4.63086
  4.99242
  4.88659
  12.8398
   24.802
  2.31165
  5.06028
  5.00479
  5.27925
  3.63217
   10.789
  15.5243
  8.67693
  38.7043
  55.4541
   16.125
  2.34203
  8.77336
  9.89657
  16.4218
  13.9524
   13.616
  8.31288
  36.8602
  5.22723
  14.3257
  4.22501
  1.11135
  2.68338
 0.853983
  9.53449
  17.1759
   19.979
  3.37777
  1.68071
  18.1939
  20.8794
  3.90959
 0.947739
 0.487661
   1.9341
  2.69376
  18.3208
  10.0388
  8.20423
  15.6766
  4.33043
  21.7526
  13.0017
  2.22446
  3.42453
  20.2041
  38.1304
  23.3236
  4.83476
  2.17847
  7.92647
  25.1531
 0.100977
  17.8047
  17.0471
  6.55018
   6.1346
  9.57693
  3.50642
  12.0946
  1.60859
  2.54314
  6.82121
 0.550646
  2.84329
  16.5771
  14.1947
  14.0691
  12.5986
  3.34252
  4.90553
  8.05975
  24.9713
  6.18945
  26.0963
   38.352
  10.0347
  20.0379
  33.5426
  36.9443
  10.5742
  26.1333
  14.1895
   25.761
  33.6443
 0.135867
   11.974
   11.597
  52.6991
  3.19958
  19.9595
  13.5752
  4.36205
  22.3038
  5.13248
  41.4745
  35.0726
 0.460171
  2.30678
  34.5832
0.0579578
  24.7823
   24.452
  16.1207
  10.0342
   2.8005
0.0917499
  17.4665
  11.2369
  17.6731
  17.3755
  7.54935
  3.89743
  10.7799
  8.42496
  12.1141
  47.4726
  6.69431
  1.22236
 0.119167
  35.0791
0.0917499
  11.6712
  0.52399
  17.5813
  3.48549
 0.583303
  16.4518
  15.8671
  3.38355
  4.45959
  41.9991
  38.9038
  8.08216
  4.62973
  21.7644
  7.44755
   24.091
  14.7351
   15.814
  15.5031
  16.3033
  18.8627
  17.9205
  39.3846
  4.58437
  74.2486
  15.8551
  10.8081
  49.7271
  29.9765
  16.1327
  10.7235
  2.35345
  31.3476
  13.5468
 0.536888
  17.6837
  27.5463
  17.3148
  9.18792
  18.4893
  32.3107
  22.0506
  14.4857
  17.0532
  14.0175
  20.0127
  23.8591
  4.21271
  30.8392
  28.4776
  12.9757
  4.57751
  11.1695
  28.3865
  26.1878
  43.0972
  27.1292
  36.2467
  4.21749
  11.9946
  7.33517
  14.8534
   22.276
   10.271
   3.5056
  24.7117
  28.2561
  31.0499
  11.0529
  9.94295
  14.0351
  56.5305
  57.7782
 0.436772
  3.38402
  9.33693
  9.65747