3.35427
2.95088
38.6911
35.4719
13.4908
47.7714
52.8259
65.5071
33.8279
32.4658
47.5188
47.5888
52.1647
52.3187
68.1919
 67.238
 75.021
75.0721
47.7759
 49.331
53.4498
53.3291
 66.859
55.3077
54.4175
44.9953
 50.257
49.5752
32.1582
20.4866
 8.3087
5.76918
58.4586
55.1353
  70.63
69.6713
68.3974
70.7204
70.3796
 69.934
 70.129
70.8136
66.5761
60.4418
67.9287
63.6598
3.83824
5.83704
3.16298
6.78258
4.05536
 4.1933
4.84064
3.77024
3.80112
35.1117
7.32392
6.85758
35.4069
21.0035
21.4965
2.77382
4.47567
34.2408
 31.212
33.2692
28.9872
72.2926
72.4756
72.1858
9.35183
7.67414
19.9086
24.2624
6.22422
4.01249
63.2845
73.5522
 79.315
 68.055
84.8617
70.3792
65.7973
70.6665
67.3287
69.7946
51.8433
42.0023
 68.873
68.3378
 60.845
57.9348
71.2275
15.5054
16.7581
10.6788
11.0982
16.7522
22.5779
25.7816
22.1739
39.9905
36.5353
36.5512
34.1511
36.4282
50.9324
 53.136
34.9214
69.0912
68.5365
64.1377
68.8119
67.1897
69.6147
78.9619
82.6507
46.2456
46.0925
 45.191
46.4901
55.4182
67.5961
67.1965
52.7252
66.2852
50.3071
47.7696
47.2111
49.5082
55.6301
63.9911
63.0758
52.1757
49.2182
52.5928
52.5268
31.7758
27.5028
35.8648
36.9724
27.4796
25.1747
 46.822
40.8149
32.4338
47.6649
46.8675
46.7172
47.4328
47.7342
47.4482
35.6706
48.4097
48.0119
41.5129
35.9663
45.6631
30.8648
23.4521
63.1594
74.4262
 53.906
48.7067
49.3469
45.2677
 48.548
49.6372
50.2704
48.6527
54.3454
68.9434
52.4746
57.0144
50.8275
 17.909
29.6243
34.0339
24.9154
38.9714
18.7571
42.5852
 10.006
29.9644
9.69536
   31.1
47.4557
61.3268
17.3014
69.9739
66.5602
59.9062
59.1637
69.5691
68.5494
64.6597
67.4138
65.0255
14.8326
13.7236
19.5987
56.7854
8.54339
8.66769
 60.556
72.5621
73.1206
76.7036
42.5535
4.98452
 18.831
39.0531
25.8214
41.6422
8.71765
12.1266
44.3675
43.0838
37.8304
38.1982
60.0535
64.5683
54.8708
82.1992
77.3803
16.8249
13.5064
33.0095
 67.979
62.6106
49.0947
13.6775
29.1518
42.7187
31.0708
68.3908
26.7173
 14.412
 63.913
64.2123
65.5332
46.9502
40.9406
50.2599
46.2456
8.43827
22.5365
15.7433
70.8287
75.8439
60.4903
 65.403
85.0441
81.5153
 63.143
16.7233
29.2509
15.8565
27.4279
  8.071
37.0691
35.1262
7.06924
6.13824
3.41868
5.62452
15.7398
13.9606
15.6647
35.4086
69.8422
70.7616
 29.465
28.9417
7.86913
3.54619
9.06022
85.7712
 73.552
63.6489
63.5189
33.8516
77.5215
 42.616
 65.021
52.4431
 69.807
68.7586
69.0652
65.8222
47.5067
45.2444
59.2959
56.5293
 52.272
69.5108
24.0317
17.8849
7.52355
3.97661
25.4701
 13.877
36.3857
 38.973
36.2416
52.0579
72.0171
54.0257
67.1528
47.9675
68.3656
44.7938
42.3083
44.5639
 44.028
44.2689
 45.347
55.4166
66.4758
55.0359
66.2318
44.0147
76.2054
63.7016
54.7496
53.2733
27.9251
28.0683
17.6877
47.7198
44.3324
43.3443
45.7446
36.8173
43.5987
  34.91
32.4006
30.8429
 28.273
28.3597
18.1452
14.8696
49.0427
70.0019
56.3241
 70.329
 46.518
50.8646
46.2994
  46.12
53.1852
62.5336
58.7201
78.5581
24.5563
46.0595
24.5782
35.6092
20.9517
 14.542
16.0341
28.0486
10.4753
18.2832
9.59024
16.7024
25.5304
2.88317
 77.352
 73.932
  64.12
 68.873
64.9901
55.0458
67.3462
59.9499
58.5334
86.8663
 64.459
63.7279
54.3002
71.3334
 64.221
64.7187
49.5673
32.6458
12.6109
 36.643
21.6851
60.5546
71.5046
39.7128
13.5829
17.5293
42.9237
20.2844
10.9413
29.2663
5.91039
12.4207
7.58077
  13.52
7.39712
8.30284
29.8064
2.77446
26.0279
77.0002
29.6608
38.7654
49.0989
8.96451
39.3743
27.4672
49.0923
68.5481
10.2022
27.7859
57.0648
30.9481
42.7243
39.7961
84.0689
 17.629
 31.212
 30.611
10.2556
9.60951
65.5984
30.4392
38.2341
 47.788
15.7397
23.3348
17.9651
38.7412
31.5078
41.0866
6.24611
24.4431
6.26929
 3.6432
70.7146
42.7013
46.0695
69.2452
56.5035
52.1618
57.6559
33.8379
 25.323
48.2237
  43.77
20.6462
44.5276
46.4278
44.4394
 44.022
43.3895
45.2036
51.9453
43.9775
43.5964
54.0877
33.6176
25.9681
 27.004
28.6127
38.4654
23.9754
33.2243
31.6259
47.0481
39.7689
26.6892
28.8174
30.2696
27.5045
21.5521
53.3457
63.2823
78.3485
45.3408
 47.722
48.9221
44.2009
43.0262
45.3799
80.1496
59.5319
54.9178
44.7514
37.5299
13.7216
17.9697
8.52505
 3.7939
6.27717
8.60501
70.8308
74.2497
62.5427
72.6012
58.5204
87.5616
64.4968
64.6631
68.6677
60.0006
71.3375
72.0248
32.5254
4.66107
28.4279
31.4421
9.91494
16.2374
24.9828
38.3838
64.6881
63.3986
31.4357
15.7641
14.5063
6.75645
4.26489
14.7678
15.9058
8.09071
39.8703
17.5293
19.8264
75.1179
27.8031
52.3574
7.57458
37.2233
64.3499
66.3615
45.9639
62.6446
62.7684
71.4765
40.3166
76.6569
44.8772
 9.1813
27.4742
 75.724
24.0327
66.4864
71.9407
74.9279
56.0855
29.8422
37.9418
56.3212
14.0876
70.5986
 27.543
11.6828
6.65095
6.68079
38.5415
4.01249
4.95824
72.6566
 43.504
32.3795
42.6723
42.6634
43.4238
42.0738
64.4286
44.6122
40.6598
53.4783
53.9115
 29.354
24.1682
43.2915
30.6854
35.8674
 28.584
24.9886
29.6937
26.3743
21.9735
42.2415
46.1589
44.6774
62.3686
80.1174
24.6845
17.0683
44.4591
27.7566
33.9479
0.78609
16.7542
37.5299
7.24324
11.6342
12.0593
32.7891
15.4845
3.51964
8.40635
7.34083
2.96781
68.7106
51.0653
43.9494
63.2266
46.0388
43.4352
84.8812
43.7192
66.5944
26.7699
41.7098
21.2627
72.1757
70.0517
7.91366
 5.3783
11.5905
7.18922
12.7437
10.6804
67.4754
76.0317
42.9814
 44.406
56.2554
 66.582
46.9119
58.7486
45.5809
70.4515
66.5392
35.0264
46.7232
79.9068
 64.517
48.6631
78.6635
 2.2633
54.3406
41.9326
25.2403
46.5282
60.3455
85.0673