   1.05602
   3.42679
   11.7623
  0.995624
   3.85733
   7.04325
   3.47297
   8.37523
   5.12325
   14.5636
   6.89219
   8.07266
    2.6051
   21.1698
   19.9508
 0.0479371
   5.66551
   0.80407
   3.94393
   3.17432
   9.46495
   4.08604
   9.05424
   7.17753
  0.271111
   4.08347
   10.7723
   32.2169
   26.5199
   32.4031
   6.19659
   5.10528
   11.4598
    12.965
   1.13088
   6.30719
   21.7534
   5.10238
    14.342
   1.43856
   14.0259
   21.1327
   20.7891
   13.5297
   8.19355
    4.7958
   41.9185
    16.734
   20.6447
   13.0259
   1.62961
   3.47053
   7.41122
   24.3009
   10.3974
   1.96603
   1.16677
   2.98351
   2.54509
   19.7368
   8.01521
   2.49261
   3.59892
   2.71176
   2.72237
   1.47063
   9.47624
   7.32049
   7.76478
   31.5819
   19.6268
   14.6714
   28.2482
   26.7053
   2.52565
   13.6134
   6.52398
   10.3385
     4.297
   10.0099
   20.2078
   1.89869
   3.37888
   1.40016
   5.99383
   2.14758
   1.57006
    4.6307
   3.46805
   5.63991
   3.85036
    16.598
    8.9759
   9.93045
   5.30541
   14.4105
   16.7442
   17.8183
   2.05056
   2.47386
   4.67503
   8.54657
   9.48669
   2.54549
   5.87914
   1.57043
  0.440132
  0.514977
   8.32704
   3.85314
   4.80874
   2.88739
   1.63704
   4.09044
   9.76954
    14.704
   2.97247
   37.1159
   15.1054
   8.87461
      5.48
   2.74596
   6.61143
   7.20502
   4.49132
   9.35944
 0.0593241
   10.4216
   3.34882
    4.8787
   10.7115
    10.781
   3.57875
   4.26285
   15.9076
   10.8533
  0.462018
   0.49226
    2.8036
   1.76477
   15.3348
   2.39521
   13.0844
   11.1119
   14.0689
   16.5795
   30.3222
   21.5135
   1.69307
   8.82224
   2.98354
   20.9845
   11.0046
   20.1238
   7.69663
   5.54015
   26.9733
   34.9278
   12.0695
   4.75904
   13.5146
   12.0376
   4.18963
   22.5601
    24.436
   28.5141
    30.079
   5.05363
   5.86469
   5.25386
   2.62723
   1.77731
   9.14283
   6.35101
   8.42107
   20.0501
   8.83848
   15.8534
    1.7896
   9.99267
   6.60528
   12.7326
   11.9283
   1.49248
  0.798231
   21.8834
   3.36703
   9.18141
   17.4038
   4.06011
   9.88737
   22.8942
   10.8842
   23.5868
   4.90842
   11.9928
   22.8066
   11.6257
   8.87295
   4.73107
   14.0147
   4.82416
   4.67632
   7.66472
   8.84922
    4.4153
   8.12854
   7.45795
   1.62002
   4.47524
   6.78429
   6.78429
   32.5419
    24.371
   3.94944
   14.4203
   1.70167
    17.254
   9.62151
   4.70537
   8.24952
   1.58316
    9.2622
   9.95094
   20.3388
   16.7005
   3.44979
   8.38749
   2.51431
   39.1804
   29.2947
   17.9153
    2.2722
   15.3508
   10.8804
   13.6103
   4.63875
    3.9982
   2.92851
    1.4307
   1.46285
   4.91616
  0.157571
   5.65544
    6.8809
   1.07654
   12.7644
   14.5752
   7.74068
   5.56957
   4.36189
   7.78205
   14.0157
   8.67989
   7.89887
   13.0692
  0.183307
   4.91738
   32.3452
   7.18884
   1.09879
    5.7246
  0.340733
   12.9698
   11.9928
   10.3522
   5.51071
   26.1776
   3.05233
    1.0273
   13.4417
   22.6985
   2.29039
   3.34813
   3.50849
  0.136215
   5.71693
    10.842
   20.8401
   3.18357
    4.5996
   9.86731
   21.3352
   2.28744
   4.18781
   9.46971
   5.28397
   27.4476
   25.0408
   22.6138
   21.5122
   5.79761
   9.47554
   6.91736
    13.148
   7.35316
    16.637
    1.3845
   11.7887
   18.8488
   7.80979
   10.7233
   8.09028
   7.51058
   2.48937
   4.54734
   4.42055
   8.14193
   5.54589
   20.6581
   44.9281
   3.51745
   20.9071
   17.5055
   17.1731
   8.28813
  0.445723
   8.17155
   2.66674
   14.1272
   4.27239
  0.839121
  0.545549
   6.91877
   11.6373
   4.64286
  0.864835
    1.9419
   1.45008
   4.77749
   4.79036
   13.7983
    2.4064
   5.36448
   3.62812
   1.74721
  0.270084
   19.8491
   7.40181
   11.0495
   15.8687
   8.92973
   4.37709
  0.794223
   1.07654
   8.52539
   3.96949
  0.358586
  0.544345
   4.95166
   16.3313
   18.2692
   1.78877
   37.0227
   25.5271
   0.97624
   1.74251
   4.74903
   6.53818
    4.1784
   18.7247
   6.33379
   21.5908
   14.5796
   13.1028
   12.2581
   12.1356
   6.98927
   5.88206
   17.7681
   1.49131
   8.98104
   3.62786
   10.7194
   12.6238
   3.95323
   15.5089
   5.79379
    2.1561
   3.67061
    13.357
   16.5617
    16.982
   25.7516
   34.8702
   21.1221
   17.2734
   14.5433
  0.491544
   12.2086
   20.5001
   1.44848
   16.2415
   11.5877
   6.62808
   7.43394
   10.7817
    13.279
   8.25677
     6.501
   19.0204
   41.7218
    12.189
   2.25496
   4.23778
   7.93491
   15.6751
   31.9261
   18.4183
   16.8049
   5.00361
   9.47996
   5.24291
   16.9157
   1.50842
   0.20063
    6.5444
   8.18034
   10.2844
   5.71615
   19.8962
   10.5992
   3.97083
   6.33174
   17.1456
   20.3816
  0.138498
   3.35173
  0.709587
   1.21279
  0.236793
   3.52385
   12.2358
   3.12083
   19.4352
 0.0932729
   11.1525
   3.08854
   8.62915
   3.64371
   21.9858
   14.4343
   4.18015
   1.75659
   8.85292
   6.13619
   10.0925
   6.60603
   2.87277
    10.906
   10.1693
   16.2397
   17.3928
   23.8661
   9.46205
   5.47289
   18.0132
   17.1167
   23.9634
   14.1748
   19.2527
   26.6822
   9.64144
   11.6334
   1.00674
   8.35074
   9.00878
   30.6352
  0.636246
   2.84832
   30.1385
   5.80619
   2.23047
   4.84939
   3.10106
  0.975995
   20.0948
   19.1986
  0.915146
   5.16161
    10.974
   2.88799
   22.0261
   4.41939
   8.85373
   14.4806
   2.79182
   2.09006
   5.86221
   4.70128
   25.0116
   20.3417
  0.396148
   17.3448
   16.8802
   4.43201
   10.6752
   4.94479
   14.1206
   14.0851
   10.4651
   15.0966
   32.4287
   4.62721
   3.41137
   1.33208
     11.98
   6.82119
   20.7433
   22.7584
   25.5047
   4.74093
   10.2088
   5.74914
   15.9491
   5.50709
  0.324447
   12.4697
   26.6098
   13.6837
   1.99095
    13.186
   6.27766
  0.752178
   1.76958
    8.6207
   13.9714
   1.24699
    6.1177
   30.6254
   9.66739
   4.46393
   24.7894
   3.01865
   2.09006
   2.90182
   22.9818
   30.1207
   21.3773
   14.0043
   15.0087
   11.6091
   10.4843
   8.33177
   2.77572
   3.79778
   10.4926
   4.61906
   4.26623
   6.97811
    22.545
   13.2708
   2.58391
   2.27823
   4.76211
   13.9623
  0.694123
   1.14309
   3.48262
   13.7735
   7.24267
    14.175
   1.39882
   12.3372
   5.83862
   1.19257
   12.0074
   10.4509
   10.2825
   7.82508
   5.73207
    18.297
   1.31676
   14.0445
   7.52722
    4.5352
   17.4219
   11.1352
   8.41806
   3.78508
   0.30308
   2.69046
   14.0817
   1.71336
   15.1858
   8.53931
   16.8406
   2.67957
    9.6579
   25.4023
   2.86623
   41.4005
   10.6799
   15.5929
   14.3641
  0.731432
   9.23634
   4.23924
   13.8784
   0.60223
   13.5217
 0.0345964
   27.6059
   32.3703
   11.7017
   17.6513
   12.0871
   14.2185
   19.5147
   14.6958
   16.2014
   9.57024
   7.43913
   14.7925
   7.92725
   17.5027
   4.26312
   16.9978
    11.362
   13.3203
   16.9201
   3.82106
    2.5471
   13.8065
   9.65774
   24.8594
   20.2317
    28.904
   18.0655
   24.0253
    15.904
   14.1701
   28.3573
   11.0002
   14.1596
   13.1063
   14.9596
   7.89395
   12.8939
   15.8357
   14.1469
    16.221
   38.9802
   11.8284
   15.2421
   17.3193
   8.02292
   26.7331
   8.65582
   12.9315
   7.23214
   4.24804
   1.01099
   9.51135
   1.14721
   12.9119
   11.2227
   8.31054
   4.68702
   7.25677
   7.43637
   10.3491
   6.43223
   13.2276
   6.39088
    2.7653
   14.1279
     5.758
   11.3516
  0.800936
  0.709346
  0.502926
   13.3656
    18.199
   16.1872
   13.5127
   5.32056
   7.14847
   3.11279
    12.114
   12.5965
   13.3899
   10.6177
   19.4949
   17.8558
   6.84799
   7.84701
   1.66226
   26.4754
   15.3749
  0.215501
  0.879436
   2.41897
   2.06179
  0.396807
   14.9699
   28.7693
   6.19331
    10.943
   8.99395
   1.84839
  0.352972
   6.41146
   11.5414
   1.67177
   9.94119
    11.797
   9.98658
   1.35861
   18.5953
   12.5025
    10.492
  0.552697
   9.82817
   9.41813
   10.3434
   22.3507
   1.11397
   14.0231
   8.41251
   7.33096
    4.9637
   2.59064
   1.48474
   8.47578
   16.1441
   1.48169
   2.34895
    10.626
   9.14383
   1.28723
   8.08397
   9.71883
   22.4941
    11.035
   13.9298
   13.7121
   2.64606
   5.14482
   11.8013
   14.2275
   5.08777
   36.3117
   14.7695
   15.3639
   5.13931
   2.49265
   9.48267
   2.11741
   6.74668
   5.36983
   13.4588
   5.04835
   2.41345
   12.7426
   5.17495
   8.30199
   2.48879
   17.4917
   14.4991
    14.925
    14.157
    5.5792
    4.2721
   13.6946
   3.70415
   4.90788
   9.84578
   11.8687
   19.7611
   1.66142
   31.9276
   11.5015
   10.0467
   18.6522
   2.40978
    6.5984
   8.52335
   7.67847
   11.7283
   10.3409
   5.35937
   6.86549
    14.008
   3.07374
   5.88353
  0.621439
   17.3336
   16.8596
   6.23941
   5.86957
   13.3096
  0.845041
    23.206
   11.3428
   7.11032
   28.1711
   15.4671
   16.9412
   25.5883
   1.31602
   13.3549
   14.1367
   24.2104
   2.03154
   6.80646
   2.21577
  0.145334
   8.20862
   15.9372
   16.8385
   8.84546
   19.1521
   2.38017
   5.39317
   5.30542
   2.98606
   2.53457
   3.98751
   4.32709
   23.9434
    0.6696
   4.16036
   18.7888
   14.6721
   3.89607
   0.73194
   5.81056
   7.79874
   1.36011
   3.50623
   13.8406
   4.38398
   11.5428
   15.6401
   2.83138
   18.4827
   16.3314
   8.66368
   5.95571
  0.578269
  0.351902
   15.4809
  0.522508
   3.68733
   2.54305
   10.6341
   4.20041
   11.8912
   13.9744
   21.8876
   9.16045
   4.05407
   17.3179
   3.11279
   7.22686
  0.616624
   1.30454
   2.61773
   9.51335
   3.96038
   22.0769
   17.1472
   9.12604
   21.2934
   2.11304
   11.7133
   18.0049
   16.2568
   25.6749
   5.97545
   10.2739
   3.54604
   3.64154
   10.4776
   3.26728
   2.64167
   14.7485
   3.15323
   20.5294
   16.2121
   4.38687
   7.57896
   13.3529
   14.7508
   3.24304
   11.0584
   7.07966
   14.2495
   22.6385
   24.6117
   4.95572
   2.18314
   16.9377
   11.6833
    4.4725
   3.24064
   6.67027
   1.65523
   20.2627
   15.8274
   13.5081
   3.44472
    14.451
   1.70057
  0.996636
   16.5164
   2.84772
   11.0327
   5.58547
   8.14703
  0.732615
   14.5069
   1.83704
   11.1822
   13.8617
   12.1523
   13.5329
   13.8448
  0.926575
   23.2529
   18.5577
   7.25686
   6.70718
    15.751
   16.5357
   16.6267
   15.9701
   23.6997
   14.2411
    7.3415
   24.2774
   3.92249
    7.8164
  0.393308
   14.8965
   13.6698
   15.0273
   20.1474
   14.1389
   11.5822
    4.8106
   14.0928
   1.76571
    5.1974
   30.4044
    19.188
   16.5474
   17.1665
   16.9376
   15.1914
   14.3124
   1.30082
  0.542562
   1.73613
   14.0827
   24.6301
  0.713742
   11.2495
   3.72291
    21.922
      7.26
   9.63018
   2.79667
   2.46604
    11.904
   24.7894
   28.9035
   21.6728
   5.24209
    3.9687
    7.7908
  0.760247
   15.3713
   7.24033
   9.78509
   10.3737
   14.5425
   6.66355
   5.93573
   1.21269
    12.729
  0.348672
   19.5689
   2.10362
   24.7743
   17.2083
   11.0624
    16.676
   8.85186
   0.49335
   4.74019
  0.990134
   3.86113
   27.8967
    1.8308
   6.84641
  0.988058
   3.87534
   4.66351
   23.3918
   20.4746
   11.1126
   3.53048
   6.52441
   5.73745
   4.48288
   9.23046
  0.257374
   7.15228
   3.83754
   1.56808
   10.2422
   2.07318
  0.786856
   6.17321
   17.7596
   14.7196
   17.1994
   7.81524
     18.62
   10.2978
   17.7358
   10.2687
   1.02838
   11.7167
   7.46184
    10.203
   1.43272
   23.8742
   34.0113
   18.0198
   26.9991
    18.847
   1.20071
   1.54153
   25.5566
   2.14745
   6.93359
   5.50708
     7.571
   5.70043
    24.023
   30.3315
   17.5523
     4.257
   14.7209
   14.4483
   11.7168
   2.24022
    5.0896
  0.820485
   11.9761
0.00187957
   1.64396
   9.32759
   2.39637
   3.35888
   10.9633
   0.32909
    2.2894
   17.1994
   32.6339
   13.1218
   12.4372
   8.08856
   9.39911
   14.4595
   9.88452
   10.0478
   12.1574
   17.2561
   15.7405
   6.86421
   4.42584
   18.9412
   17.5105
   1.97485
   13.5128
   7.39855
   2.11165
   9.13303
   7.64478
  0.901699
   17.0913
   8.14413
   7.38122
   14.9413
   10.3273
   7.14777
    15.554
   8.17123
   7.60121
   3.25423
   19.6272
   15.6244
 0.0858182
   14.4412
   11.8376
   14.0804
   7.06457
   7.72232
   19.9703
   6.59261
   6.51025
   10.6063
   5.55056
   7.71677
   8.73113
   5.68381
   0.75308
   7.10318
   16.7778
   15.3748
   16.6558
     9.013
   8.61299
   19.9242
   9.98175
   14.2716
   6.25795
    11.091
   9.22705
   7.16646
   10.1251
   15.1986
   7.05011
   13.1938
    3.9321
   10.7165
   7.22328
    4.8196
   13.9067
  0.931093
   3.56366
   8.04839
   8.66375
    1.5162
   19.1135
   2.32763
 0.0812868
   2.76871
   17.4667
   19.1014
    1.6317
   24.0023
   17.1888
   2.78719
    3.6697
   17.7785
   25.7271
   4.58797
  0.254564
   8.69203
   9.70877
   15.3844
   8.10907
   9.16832
   18.8006
  0.416798
   4.05562
   13.1041
   7.57371
   12.9641
    15.203
   10.3499
   13.2697
    3.4551
   4.64072
   5.96424
   7.93691
   11.5739
   9.85281
   10.5342
   7.30645
   3.80148
   15.0649
   10.6749
   12.1301
   4.89852
   4.38092
    10.008
  0.812893
   2.20199
   12.0051
   28.7637
   29.1066
   5.94957
   10.1753
   5.40047
   18.2941
   12.6178
   19.6539
   27.7641
   3.86321
   16.4811
   21.2761
   14.8746
   6.81837
   29.5794
   3.70644
     19.16
   7.61758
   2.96558
   5.43215
   16.6219
   27.4621
   32.6521
  0.316988
   5.48631
   1.97835
   7.97342
   5.56414
    13.775
   3.33164
   5.70183
    11.226
   17.2556
   6.19827
   17.0765
   6.60932
   10.0134
   6.49691
   5.57224
   18.6024
   4.71256
   5.50995
   1.40116
   32.7604
   14.2819
   3.22748
    3.5994
   7.80941
   22.3989
   14.2095
   8.29674
   6.83419
   7.10354
    2.9595
   6.20804
   10.5339
   22.2138
   17.2014
   1.34288
  0.494927
   8.57861
   3.34596
   3.59302
   3.95313
   1.59158
   19.6353
   25.4972
   3.59362
   15.4015
    15.027
   28.5611
    7.1628
   8.67742
   23.1239
   29.9824
      13.6
   12.7377
  0.749999
   6.85488
   27.0619
   9.07641
   8.19736
    18.437
   2.26048
    12.311
   2.17039
   3.58796
    13.559
   7.70281
   15.8287
   32.0314
   17.0588
   31.3516
   5.18904
   21.3143
   4.04705
   27.5112
   12.1547
   12.8874
   3.50572
  0.937579
   17.9545
   6.97396
   3.70644
   1.48452
   1.55984
   14.2012
   11.2745
    10.246
   1.40404
   1.81849
    30.334
   21.6073
    8.7527
   17.8281
    6.4263
   11.2615
   7.60995
   2.49739
   13.1225
   22.2933
   31.2102
   5.83661
   8.01005
  0.691136
   9.15575
   3.24253
   12.8193
  0.536355
   1.78015
   41.9251
   8.94316
   4.04146
   9.07446
   29.4481
   4.43804
   3.96423
   13.6481
   22.6215
   3.42469
   12.2596
    1.6337
   7.75944
   9.90887
   27.1261
   8.95185
   7.86697
   7.36969
   3.43282
   5.43958
 0.0924419
   3.91824
   8.94048
   1.52573
   18.5047
    16.701
    19.181
   21.7935
   3.69904
   1.29961
  0.221403
      6.41
   7.77103
   16.3114
   4.02746
   29.2316
  0.306146
   13.3755
   4.94115
    8.8499
   2.74655
   29.0022
   3.02172
   35.3783
  0.743001
    28.355
   21.2271
   1.75691
   1.84107
   32.1943
   8.69781
   29.1554
   10.2551
   22.7223
    29.139
   4.67634
   5.97889
   31.5155
   23.4073
   26.4507
   18.2091
   9.40698
   31.1633
   7.03239
   23.0257
   28.9438
   20.1114
   31.6229
   28.5642
   12.5637
   12.9974
   2.64099
   1.87122
   11.8751
   10.2901
    3.1307
   13.5589
   3.28455
   5.76688
   9.82949
   25.1809
   2.63722
   4.90551
   2.36151
   28.0105
   26.0809
   1.49515
   22.6959
   25.2972
    13.302
   27.6506
    18.894
   25.7454
   27.2995
   2.27679
   7.13187
   18.6169
   14.1917
   45.9291
   26.2749
 0.0637881
   7.69763
   10.1615
   9.44996
   17.8325
   1.22965
   18.4954
   17.3311
   8.11961
   4.52135
   18.1721
   26.6325
   3.78418
  0.731344
   32.5583
   9.43754
   7.26626
   14.3292
   1.91978
   11.5621
   2.81543
   9.36595
   3.63236
   7.01598
   10.4781
   8.91579
   3.74767
   7.33818
   10.8265
    14.399
   4.22479
   19.7885
   10.8059
   6.73603
   17.5493
   10.7285
   7.25303
   1.13711
   1.16197
   6.80575
   2.43299
   4.79405
   5.06426
  0.901259
   16.9715
   3.68961
   11.1247
   2.26526
   20.9711
  0.659142
   11.7336
   36.4108
   10.8304
   4.01806
    3.4922
   4.71259
   27.2086
   5.06295
    7.8211
   5.53403
   17.0543
    26.962
    6.7252
   14.6669
    11.834
   3.67002
   1.73071
   12.6624
    3.8443
   16.5465
   11.3179
   7.95453
   6.01835
   5.29435
   11.0401
   13.4997
   2.46949
   2.94369
   17.1591
   2.16823
  0.879612
   7.86876
   3.32155
   20.6996
   19.7719
   2.52824
   51.8941
   61.7047
   59.0882
   68.8133
   69.6277
   56.0092
   62.5237
    63.352
   20.1349
   17.9077
     4.764
   38.8959
   39.3548
   2.69742
   67.0491
   52.7108
   47.3929
   55.2455
   52.5818
   2.74021
   7.92633
   51.1269
   54.3592
   54.3043
   52.0666
   45.9214
   67.7696
   60.8188
   73.6949
   14.7557
   16.1914
   4.73895
   41.0639
   56.5935
   27.2487
   8.47461
   13.5535
   9.16864
    14.612
   16.1308
   3.47851
   13.6394
   26.2947
   19.6945
   4.62805
   2.07936
   14.5086
   19.3013
   8.25121
   24.8654
   8.01656
   13.9159
   14.2641
   17.0607
   4.01172
   19.5458
   10.9881
   7.50693
   8.81108
   12.6799
    11.971
   13.2622
   9.12093
   8.34368
   2.67425
   18.5172
   4.46991
   40.8232
   13.5852
   26.8632
   0.84626
   3.47526
   15.7034
   18.0439
   69.9587
   60.9234
   59.4621
   52.4829
   72.1592
    60.436
   53.4777
   56.3775
   1.39702
   17.3067
   4.59749
   68.1478
    8.1887
   16.4165
   51.5991
   1.41147
   15.0147
   33.3469
   7.74993
  0.646068
   7.66232
   6.61238
   0.89806
  0.233804
   17.2051
   1.03669
   2.60549
   48.2978
    45.107
   54.9932
   11.9829
   4.66204
   75.1145
   67.6802
   68.9982
   51.3659
   49.1054
  0.923533
   63.7009
   60.1452
   66.0158
   62.2555
   63.5254
   61.4296
    70.343
   54.0995
   53.4971
   53.4417
   53.1579
   54.1507
   4.34973
    9.8372
    12.641
   35.3757
     32.39
   35.5824
    31.912
   27.1187
   23.0462
   79.8286
   79.7095
   17.6219
   65.5329
   63.1028
   58.3011
   56.2868
   71.4081
   69.4008
   53.8446
   10.0625
   14.5644
   70.9367
   38.5615
   31.0599
   36.8386
   70.6468
   65.7696
   68.3023
   71.1465
   67.3027
   61.5296
   19.7356
   67.5777
   63.2222
   50.1684
   51.1712
   56.5234
   53.8977
   50.6454
   52.4997
   7.45815
   63.7262
   68.8283
    68.153
   69.7012
   69.5645
    66.443
   65.9054
   65.1254
   64.5599
   69.3021
   35.8666
   4.62555
  0.937567
   44.2718
   96.8312
   54.3398
   49.8255
   62.4107
   68.5279
   35.2461
   17.1129
    5.8694
   8.28173
   1.44335
   15.0253
   18.7084
   6.24709
   5.67635
   13.7269
   9.70187
    4.6782
   2.50427
   5.37344
    5.2756
   14.6975
    9.9616
   9.84677
    11.819
   17.8364
   10.3415
    17.421
   21.2857
   15.3089
   17.7025
   8.23901
    15.433
   15.6044
   2.47927
   46.4071
   51.6321
   47.3941
   51.6034
   51.6836
    67.226
    69.726
    60.944
    57.091
   9.17726
   19.2146
   26.4861
   56.0518
   52.1617
   47.8371
   68.2823
   68.0941
   32.9289
   12.6312
    17.417
   8.92879
    17.664
   14.0745
   7.85328
   15.1818
   19.3861
   15.2253
   26.3475
   9.44226
   20.7597
   45.3916
   39.1288
   39.0164
    35.837
   42.1353
   45.4996
   43.1461
    62.126
   74.2095
   62.5993
    66.834
   35.0812
   41.5226
   39.5201
   51.2264
   50.6124
   27.1071
   73.2031
   72.1847
   75.9813
   76.3457
   4.43655
   10.6275
   4.14845
   56.0869
   47.2121
   67.8198
   58.4612
   60.9619
   50.9176
   48.2203
   48.4305
   55.7998
   73.6156
   55.0703
   50.1741
   51.3491
   61.8002
    34.465
   9.80388
   14.9045
    7.6313
   11.9912
  0.146635
   9.09476
   4.81152
    47.847
   48.5546
   40.3139
   12.1885
   13.8956
   19.6775
   9.54261
   12.5484
   28.5986
  0.201173
   6.03698
   54.9232
   50.1744
   52.5335
   55.8268
   50.0965
   51.0631
   58.9341
   52.5829
   62.0813
   61.3107
   63.1768
   62.9267
   65.4255
   20.4719
   53.0239
   49.8958
   52.0657
   51.0662
   54.9695
   54.1003
   62.6986
   61.7484
   51.6836
   50.3027
   34.0032
   44.8715
   43.2248
   49.8245
   47.0142
   44.1315
   18.8778
     37.01
   28.9615
   26.8421
   18.9905
   58.2608
    59.633
   44.9289
   46.2703
   32.9136
    5.5853
   4.22877
   49.4557
   54.9478
   50.8844
   50.5258
   46.3856
   47.9311
    14.858
    4.2221
   5.24945
    19.172
   54.0359
   66.1677
   66.1664
   64.6804
   69.6212
   46.8438
   52.7085
   25.1085
   25.8285
   16.4181
   36.6571
   45.8366
   37.2512
   44.3529
    86.636
   46.6893
   61.7123
   46.6375
   48.2177
   43.1009
   18.2993
   69.1058
   45.7415
   109.724
   60.6523
   92.5284
   74.4877
   76.7476
   39.0419
   39.8821
   36.6499
   43.1211
   54.5324
   46.5895
   54.0753
   13.0485
   63.0033
   61.6956
   60.0511
   61.7293
   62.4506
   60.7844
   8.92833
   12.1856
   54.3504
   36.2089
   45.9666
   47.9719
   12.9461
   7.93333
   1.62807
   20.9225
    85.575
   77.9123
   78.9911
   71.2389
   48.3228
   48.3912
    56.161
   53.3709
   49.4541
   58.5622
   61.4202
   61.0967
   51.3098
   72.6801
   66.5102
   58.1919
   51.3273
   42.6868
   43.4619
   36.3833
   38.5767
   34.4314
   18.9457
  0.449518
   5.62741
   3.86011
   24.9197
   73.1943
   74.3261
   90.4467
   107.052
   71.9447
   66.5369
   5.34327
   6.09663
   18.1677
   55.8825
   55.5894
   3.87599
   10.3071
   9.92643
   8.17003
   6.65551
   2.29491
   20.1749
   58.1261
    37.719
   38.0174
   38.0125
    37.769
    37.902
   63.7349
   60.3203
   64.9789
   96.8055
   93.8791
   78.5404
   73.5503
    35.193
    61.291
   76.8549
   66.2338
   61.7003
   63.5254
   18.2997
   13.0777
   13.9409
    3.1669
    1.0125
   3.89243
   3.97132
   55.4279
   54.3118
   54.4728
   56.5147
   52.3004
    53.418
   53.2886
    71.183
   75.2585
   59.5935
   59.3899
   62.0014
   61.7917
   53.1961
    54.863
  0.302609
    1.8473
   17.8077
   5.52281
   7.52256
   37.3351
   36.6638
   29.9402
   92.0646
   8.11805
   95.2087
   57.8337
   51.9901
   53.9917
   54.3398
   53.7449
     52.83
    4.1832
   4.81966
   52.2892
   44.0664
   74.2372
   58.3977
    71.045
   70.2279
   63.6416
   61.5409
   65.9932
    62.149
   60.1622
   59.6741