   22.919
  31.8643
  8.40513
  3.05495
   20.455
  29.3672
  41.6777
  20.7478
  16.4526
  4.13429
   11.926
  12.4382
  20.5538
   12.571
  16.7826
  17.3577
  40.7884
  4.38102
  1.30195
  8.98385
  5.80166
  16.6694
  3.79492
  7.19632
  29.5085
  34.7541
  31.8363
  18.1768
  15.6374
  22.9824
  33.3032
  28.0672
  32.2326
  19.0859
  23.4272
  17.9089
  27.0553
  31.4547
  20.8189
  18.7476
  12.8286
  38.3783
  24.1689
  20.7703
  3.09009
   15.685
  19.9221
  21.7291
  18.7687
  15.9899
  16.0339
  28.8155
  9.46951
  32.8413
  26.8529
  32.8964
  10.5222
  8.91372
  14.3952
  9.22976
  3.11061
   9.8402
  13.4755
  30.9288
  31.1873
  23.2006
  11.3082
  16.9214
  26.8672
   17.364
   11.027
   22.176
  13.8761
  21.6808
  3.10312
  1.84068
  12.9015
  10.6609
  8.02225
  13.6404
  24.3916
   5.2636
  13.6626
  2.66351
  3.34792
  10.3609
  13.7907
  7.11203
  23.4561
  32.7694
  19.1083
   23.681
  24.6078
  14.6417
  26.1033
  8.92414
   4.0359
  4.58277
  8.13417
  37.1515
  28.1338
  8.33864
  2.38177
  1.35913
 0.318775
  14.9702
  41.8095
  37.1431
  28.7679
  11.0476
  13.2367
  19.0229
  16.2904
  15.5055
   25.626
  34.1278
  20.3569
  17.9299
  16.7116
  28.8197
  3.80219
  24.8439
  28.1953
  13.9495
  3.04066
  7.74868
  21.7008
  18.8633
  28.8552
  33.1632
   13.978
  20.9245
  20.0838
   22.854
  11.6184
  19.0246
  22.3433
  9.88418
  4.23741
  1.29154
  40.8091
  22.0876
  2.77656
0.0101115
   23.882
  22.4444
   24.828
  3.05546
   2.9906
  8.71091
   13.098
  22.9511
  7.12146
  14.7249
  4.33808
  23.5171
  25.1535
  16.3405
  18.6774
 0.746027
  5.29243
  5.63091
  17.9587
  21.2707
  26.8128
 0.390649
  26.8258
  33.2534
  15.0844
  12.1971
  21.6213
  5.82754
  35.7149
   14.368
  14.4427
  9.41431
  13.8954
  37.6047
  17.7363
  13.0744
  22.9407
  9.08538
  18.1679
  8.07049
  22.5091
  18.4223
    13.11
  4.11419
  34.2042
  18.1853
   17.762
  4.56635
  23.9784
  19.2681
   13.959
  4.90554
  4.61375
  6.98353
  34.0342
  18.0705
  36.4206
  15.0122
  12.4414
  14.9694
  20.2133
  4.18652
  27.9862
  10.8885
  19.2209
  10.6193
  7.92865
    23.11
   23.486
  17.4638
  7.62018
  14.1879
  8.87904
  24.5736
 0.748055
  21.5366
   23.955
  3.06412
  22.1237
  26.9916
  16.8728
  12.5707
  1.27228
  23.7596
  24.5853
  23.0908
  34.6048
  21.6161
  31.3595
  24.4398
   19.346
  19.1329
  1.89842
  21.0177
  8.31617
  24.8442
  15.1126
  17.9353
   8.3949
  13.9733
  15.8515
  17.3097
  4.38574
  18.7214
 0.194602
  16.7043
  4.21225
  22.9845
  14.2506
  24.9494
  20.3077
   4.8023
  4.29084
  19.3175
  5.59234
  7.02751
  8.36232
   37.923
  41.3901
 0.699978
  11.5746
  5.15968
  1.78756
  17.4707
  20.6061
  14.5549
  4.17092
  3.45282
  1.37792
  16.6605
  8.14157
  12.8493
   32.186
  37.0294
   19.702
  8.65245
  26.0366
  18.5948
  14.5306
  19.1945
  10.5051
  20.9376
  24.3615
  24.3044
  23.1922
  9.29183
  1.64833
  23.8536
   12.427
  11.4148
  8.93771
  1.65276
   10.857
  5.35485
  9.63727
    25.44
   2.6537
  34.2553
  32.4143
  11.8814
  2.59681
  17.9439
  6.60254
  10.5914
  21.6826
  16.1354
  17.6307
  31.6973
  2.33778
  12.1137
  5.26403
  1.71819
  10.2841
  2.86281
  2.58638
  14.4198
  3.35662
  30.4273
  7.12591
   6.2337
   37.081
  21.1349
  10.5759
  19.5432
  17.7898
  25.9998
  9.86692
  10.1743
   19.715
  36.7159
  5.09647
  6.70667
  25.0056
  8.48783
  22.7507
  1.31637
  31.1097
  27.2743
  34.0638
  23.2372
  14.7556
  23.2407
  12.4722
  2.89783
  19.9537
 0.285985
  37.7611
  6.75378
  2.43615
  6.01819
  7.88654
  22.9178
  30.6421
  19.9798
  3.33444
  13.6642
  2.72083
  18.9389
  19.4054
  28.0901
  22.4484
  32.1714
  24.8029
  22.7181
  1.12898
  2.08275
  8.77634
   1.3491
  1.98129
  8.17496
   26.281
  12.9638
  11.2212
  1.46583
  20.9483
   22.753
  26.5508
  29.5744
  16.1594
  2.23749
  12.9535
  30.3277
  15.2369
  6.95757
  3.56028
  12.8406
  5.18263
   7.1421
  33.0496
  16.4294
  8.89821
  6.73654
   20.631
  1.45817
  8.41611
  14.9939
  13.4149
  7.63954
  7.64017
  0.14561
   20.768
  1.72904
  8.51947
  2.56819
  6.27185
  1.23655
  8.93472
   26.092
   4.4605
  20.5771
   23.672
  21.9271
  4.58374
  1.94923
  3.57284
  10.5875
  10.1903
   1.5346
 0.756541
  7.41747
  6.47854
  4.40422
   12.963
  4.26833
  6.54638
   8.4626
  8.77181
  18.4951
 0.170411
  18.4656
  15.7096
  27.1489
   13.539
  1.51566
  13.5255
  32.5603
  11.1055
   11.168
 0.441576
  6.95237
  24.7469
  1.00324
  1.87267
  17.4598
   24.669
  18.6384
  10.4131
  35.3618
  10.0625
  12.2062
  34.9131
  2.83488
  9.80432
  25.9191
  12.5408
  1.87532
  5.34673
  20.3733
  9.68599
  20.8208
  3.67317
  22.1688
  9.74463
 0.180292
  4.53744
  18.6764
  27.5866
  7.70306
 0.750302
  2.31998
  6.87833
  16.6076
  17.1825
   30.083
 0.999734
  1.51639
  5.72382
  13.2873
    5.671
  8.89601
  3.08578
  1.34315
  22.5763
  20.6973
  16.3012
  0.69347
  13.1451
  36.2945
   1.5018
  24.9997
  20.0596
  3.50961
  1.09059
  6.16703
  7.33471
   7.4422
  5.35046
  15.4993
  30.7335
  10.0003
  9.87481
  12.5219
   4.5843
   9.5752
  2.08053
   21.098
  17.1957
  31.1798
  2.83064
  6.76122
   2.9977
 0.151793
  14.2389
  22.7692
  25.3899
   23.265
  8.05345
  23.3853
  21.2528
  27.9314
  12.1372
  5.02318
  17.8818
  12.6436
  8.50029
  7.92089
  17.3571
  23.1337
  7.19543
   12.039
  29.0791
  19.5638
  3.47779
  17.3237
  2.30105
  13.1104
  17.1827
  8.69364
   32.899
  14.0023
   20.469
  6.67655
  9.08515
  24.8161
  13.3812
  2.20052
  4.76081
  15.0402
  16.5374
  10.7084
  34.3595
  8.41826
 0.717694
  4.11094
  26.3756
  6.06633
  6.33303
  23.6752
  13.2857
  10.0365
  5.24798
  6.32412
 0.930282
  4.10291
  10.3833
  5.48245
  33.2255
  1.36556
   32.044
  35.4515
  14.9066
  3.74955
  8.07631
  3.17012
  26.0738
  24.8204
  5.46983
  7.13562
   14.276
  20.1794
  21.0518
   1.1934
  4.56312
  7.59429
   9.7728
  1.41592
   7.7677
  36.3992
  4.47652
  8.43863
  14.1328
  8.74954
  23.4986
  8.19605
  5.23484
  4.75207
  15.5308
  4.30893
  4.94712
  2.14185
    8.067
  14.3788
  4.88936
  0.98023
  6.94766
  5.03613
  9.55463
  3.56737
0.0196781
  37.8977
  5.47527
  29.2277
  10.5472
  10.5135
  14.4249
  4.25557
    7.631
  4.51296
  8.79525
  9.11059
  16.9819
  15.4852
  35.5944
  10.2153
  16.8759
  1.17917
   13.246
  37.5603
  12.0214
  3.04659
  18.1769
  8.27985
  10.3563
  22.7818
  2.00902
  10.2057
  2.91497
  20.6762
  10.4724
  1.86936
   1.1778
  2.88733
   36.276
  29.8361
  24.8047
  34.9374
  23.1997
 0.568478
  5.68418
  5.32198
  2.92488
   1.6264
  3.44545
  8.62344
    1.366
  6.21262
  10.5457
   6.4689
  1.20891
 0.144743
   5.8494
  1.58114
  9.55879
  34.8837
   3.7922
 0.422176
  4.14461
   4.3232
  8.78559
0.0935258
  8.15959
  13.6849
  11.8573
  44.7352
  5.57628
  2.80363
  22.7593
  5.12544
  15.7823
  5.90214
  3.95986
  15.2789
 0.563468
  19.1468
 0.854235
  6.79515
  5.09138
  6.42078
  6.33036
  33.1818
   1.6009
   1.0069
  12.2846
  37.3833
  26.4664
  17.9415
  15.3859
  1.73779
  27.0419
  40.7454
    2.447
   2.1142
   2.8293
  10.9323
  1.51957
  4.10322
  8.01007
  10.4022
  1.75231
 0.991267
 0.824383
  4.38894
  1.68913
  11.1022
  4.34281
  5.46057
  4.01575
  6.24489
  9.06871
  25.4043
  7.34789
  8.42379
  19.9512
  3.47684
  8.83188
  39.0896
   1.1009
  8.31593
  5.32553
  33.4789
  13.2356
  2.47302
 0.646601
  17.4709
  6.12101
  16.9628
  7.96609
  4.60685
  6.59988
   41.952
 0.595047
   6.0836
  9.43805
  35.7405
  39.7427
  3.74327
  10.7066
  1.45754
  34.2757
  6.46641
  9.28233
   6.0078
  6.56902
  4.55838
  28.7244
  11.4735
   50.872
  8.00604
  5.80446
  27.2373
  11.2699
  27.1073
   14.831
  4.86368
  15.8927
  1.38164
  17.9977
  8.83931
  23.0538
  30.6725
  9.72081
  34.6915
  9.56849
    27.49
  21.8138
  2.23815
  13.4586
  3.52853
  1.84348
  3.87847
  12.5699
   1.4892
  17.4813
  17.1236
  1.72788
  25.3738
  2.11451
  34.5056
  20.0177
  8.96393
  21.1261
  1.02136
  7.88586
    18.14
     9.17
  10.1964
  11.6507
 0.970593
  8.38714
  1.15691
  31.8698
  5.26876
  5.82652
  8.40995
   10.649
   22.266
   31.228
  5.10224
  16.1184
   16.697
  27.8824
  9.32129
  9.90731
 0.155697
  27.4596
  21.8382
  14.0712
  9.05054
  12.9154
   15.597
  27.7496
  2.11523
  2.50324
  8.69434
  7.50874
  8.13046
  32.2712
  3.46942
  3.58258
  23.5667
 0.307714
  9.23275
  26.3244
  7.58479
  33.7137
  26.5212
   9.3858
   14.083
  5.91804
  19.3666
  11.3239
  18.6018
  35.5909
   16.497
  18.7345
  3.23345
  35.0555
  5.50282
  20.2334
  1.18476
   9.4152
  8.28607
   5.8397
  13.1954
  7.63541
  19.3109
  15.8719
  3.82174
  1.05117
  26.1242
  39.8725
  11.1698
  10.8233
  8.21566
  20.8624
  2.64347
   16.636
  17.2354
  8.50752
  5.50841
 0.900895
  8.92397
  1.27558
  21.4883
  17.1984
  18.0019
  29.5732
  21.5087
  7.97963
  1.99349
  5.90897
  22.0757
  2.28035
  25.8844
  32.7161
   7.6596
  6.82147
  25.5333
  26.0125
  2.45098
  15.7566
  29.5299
  28.1443
  22.4745
  27.9846
  8.48037
  17.1981
  24.7426
  30.9655
  33.4929
  27.3014
  10.3137
  26.0308
   30.235
  26.1412
  3.46005
  7.14701
  1.76486
  5.31164
  17.3746
  22.7571
  28.3773
  24.4312
  27.1606
0.0417979
  8.75839
  20.9571
  29.8067
  14.0499
  2.82363
  11.0458
  27.9846
  26.7054
  14.6825
  13.8483
    31.73
  38.4885
  4.92273
  33.2496
  33.3145
  21.3274
  21.6517
  39.3202
  24.7634
  23.3254
  19.4403
  28.1172
  21.9551
  35.1395
  24.6472
  24.8278
  23.7682
  18.7035
  26.5049
  5.04453
 0.485039
  37.1954
   9.7904
  11.7433
  17.9897
  23.0124
  32.3446
  4.98954
  22.3029
  5.45981
  18.2106
  28.8348
  24.5065
  6.91194
  26.4129
  19.6008
  37.3411
  27.0337
  9.97416
  7.49687
  3.86366
  19.7971
 0.161123
  13.9118
  29.7296
  25.3892
  6.74343
  25.5416
  1.19153
  38.0195
  13.5315
  17.1918
  31.3032
  18.2357
  15.1708
  1.06139
  9.15767
  24.6732
  28.5921
   13.573
  11.3246
  7.20121
  19.9059
  23.5055
  10.3949
   4.1347
  16.1545
  9.41577
   22.499
  40.9113
  22.1645
  14.6626
  5.98534
  13.9294
  40.9113
  9.48804
  7.06088
  15.8891
  1.18806
  1.24656
  33.7257
  25.1874
   38.844
  25.1012
  19.0498
  1.26796
 0.173104
   2.6842
  9.05196
  35.2634
  11.8622
  20.1896
  22.5075
  10.4241
  29.0753
  16.5155
  22.9746
  19.8549
  21.7361
  20.1262
  1.51113
  4.36269
  15.7498
  3.83424
  6.66698
  3.42254
 0.666894
  18.1587
  1.72071
  18.9129
  27.0184
  19.9674
 0.731941
  22.0347
  9.45712
  8.88697
  9.48231
  10.9502
  13.0307
  8.39109
  17.7958
  8.37994
  31.0451
  30.3914
   1.0203
  0.45735
  17.5898
  24.6093
 0.494205
  4.47726
  5.50429
  12.7686
  3.90974
  5.36337
  15.6545
  6.36904
  4.21318
  3.83676
  12.2404
0.0386626
  5.29422
  17.2503
  29.5182
  6.75762
 0.873387
  22.4324
  2.16981
  20.9981
  12.7078
  13.5184
  16.2212
  5.59437
  16.9117
  28.9543
  20.1532
  4.80678
  18.9593
  0.25296
  19.2754
  11.0576
  15.9968
  2.68182
   14.684
  3.78397
  23.0329
  13.9216
  33.2204
  3.77051
  30.1681
  14.2708
  27.3694
  2.21002
  24.7697
  6.25309
  24.1303
  24.2017
  2.82203
   20.251
  21.3532
  11.8441
 0.785439
  3.23429
  4.18725
  10.8067
  21.2126
  4.97148
  36.5228
  29.9882
  11.8443
  22.4712
  11.5269
  4.75352
  13.7118
  13.6049
  30.2603
  5.13729
  29.0129