 2.14649
 1.98771
 38.6729
 35.4996
 14.8731
 48.2415
 53.4038
  66.053
 33.8824
 32.5295
 47.9227
 48.0505
 53.1129
 53.2711
 68.8272
 67.8086
 75.3931
 75.4015
 48.2466
  49.742
 53.7989
  53.679
 67.3947
 55.7168
 54.7342
 45.0298
 50.4738
 49.7649
 32.3375
 20.7929
 7.46763
 4.92406
 58.4717
 55.4307
 70.6545
 69.7138
 68.4295
 70.7374
 70.3827
 70.1135
  70.055
  70.777
 68.3652
 62.2115
 69.7545
 64.6378
 3.66159
  6.0222
 3.07937
 5.72023
 2.86608
 4.54122
 5.23615
 3.30269
 2.66256
 35.7429
 7.81068
 5.80404
 35.1724
 20.9933
 21.6489
 2.15377
 4.56712
 34.2161
  31.179
 34.9848
 30.3749
 73.0176
  73.574
 73.3673
 8.23478
  6.8601
 20.6408
 25.4409
 5.11653
 3.41598
 63.8542
 74.0981
 80.8044
 69.0354
 86.4808
 71.9551
 65.6894
 70.5593
 67.2625
 69.8511
 52.1084
  41.943
 68.7847
  68.258
 60.8585
 57.9354
 71.2656
 15.7795
 17.2023
 9.90415
 10.2818
 17.0688
 22.7284
 24.7602
 21.2625
 40.1444
  36.346
  36.416
 33.7828
 36.2867
 51.0963
 53.3355
 34.6713
 69.0959
 68.5429
 64.0675
 69.7792
 68.2231
 70.6238
 79.8838
  83.598
 46.3735
 46.1897
 45.2877
 46.5536
 56.1649
 68.1088
 67.7319
 53.0264
 66.8095
 50.9583
 47.9932
 47.3893
 50.0135
 56.0018
 64.3668
 63.5155
 53.2301
 50.3774
 53.6078
  53.495
 32.1556
  27.668
 35.5496
 36.6691
 26.7899
 24.3521
 47.1681
 40.6946
 32.1914
 47.8385
 47.0358
  46.938
 47.7303
 47.9624
 47.8143
 35.8696
 48.9048
 48.5286
  41.246
 35.5674
 45.7094
 30.4605
  22.734
 63.6193
 74.7584
 54.5951
 49.3124
 49.5203
 45.4303
 48.7351
 49.9516
 50.5482
 48.8979
 55.1435
 68.8901
 52.7618
 56.9411
 50.8135
 17.9522
 29.4757
 33.6728
 24.0762
 39.1239
 18.8084
 42.6944
 8.97404
 30.0443
 8.79433
 31.8011
 48.2919
 62.2951
 18.5675
 71.4897
 67.8827
 61.2563
 60.9882
 71.3532
 69.1957
 64.2363
 68.6335
 65.5841
 16.2495
 14.6983
 20.2192
 58.5602
 9.17136
 9.27619
 60.8906
 73.7427
 74.4698
 76.5951
 42.5271
 3.65955
 18.9368
 38.5891
 25.7327
 41.4993
 8.60651
 13.3456
 44.2513
 44.6579
 39.0065
 39.4435
 59.2934
  64.594
 55.0819
 83.0126
 77.4947
 15.6253
 12.3839
 32.8872
 68.8869
 63.4377
 50.1377
 12.9746
 29.1874
 42.6231
 31.9125
 69.2033
 26.8204
 14.7252
 64.3615
  64.639
 66.0808
 47.5664
 40.9482
  50.486
 46.3735
 7.72929
 22.6906
 16.3912
 70.8916
  76.624
 61.9734
 67.2179
 86.6284
 83.0853
 63.8215
  17.499
 30.3016
 16.6213
 28.4488
 8.66864
 38.4226
 34.9438
 6.32642
 5.33877
 2.17268
 5.00883
 16.9522
  14.846
  15.642
 35.4471
 70.5788
  71.958
 30.8626
 30.1431
 6.69105
 3.57758
 7.78394
 85.2034
 74.0983
 64.6247
 65.0401
 35.4956
  78.692
 43.9602
 66.6185
 54.0551
 71.2949
 68.7878
 69.0855
  65.839
 47.6082
 45.3218
  59.315
 56.5427
 52.1916
 69.5616
 24.0238
 18.0046
 7.00463
 3.80534
 24.4707
 12.7629
 36.2274
 38.9485
  36.054
 52.0316
 73.0277
 55.1079
 68.1997
 48.1733
 68.6213
 44.9189
 42.3611
  44.691
  44.175
 44.4079
 45.4276
 56.1653
 67.0393
 55.6982
 66.7668
  44.476
 76.5853
 64.1659
 55.7451
 54.2697
 28.0928
 27.4504
 16.9321
 48.3533
 44.5975
 43.5918
 46.0893
 37.0538
 43.7747
 34.9905
 31.8976
  31.567
  28.425
 28.3429
 17.2387
 14.0073
  50.088
 70.6088
 56.6269
 70.5446
 47.0322
 51.1165
 46.6532
 46.2752
 53.5575
 63.5335
 59.7055
  78.532
 23.6968
 46.1684
 24.5258
 35.3977
  21.338
 14.7331
 16.1697
 28.1419
  9.8594
 18.5143
 9.94963
 17.2143
 25.6578
 2.35268
 77.4659
   74.48
 64.5843
 68.7847
 64.9394
 54.9297
 67.2797
 61.1326
  59.739
 87.6448
 66.2305
  65.273
 55.8521
 72.2814
  62.879
 66.4884
 50.7513
 33.7503
 12.8597
   38.01
 23.1195
 60.8906
 72.5763
 41.1724
 13.5312
 18.9355
 44.3531
 20.5705
 11.1216
 29.3439
  5.3098
 12.4825
 6.43846
  13.927
 7.71755
 7.81379
 29.6602
 2.15404
 27.2882
 77.5982
 31.0188
 40.0295
 50.6691
 8.46538
 40.1611
 28.6702
 49.5047
 68.7318
  9.3208
 27.9151
 57.9153
 30.6834
  42.693
 39.6426
 85.0931
 17.6169
  31.179
 31.4286
 10.1331
 8.92214
 66.1441
 30.5841
 38.3844
 47.8229
 16.9522
 24.4365
  19.374
 40.2158
 33.0849
  42.523
 6.77089
 25.3622
 5.49501
 3.50051
 70.7326
 42.7261
 46.1681
 69.4391
 56.4924
 52.1885
 57.6612
 33.5336
 24.9461
 48.3066
 43.8466
 20.6784
 44.6761
 46.6658
 44.5315
 44.0421
 43.3908
 45.2427
 52.7009
 44.1125
 44.0674
 55.3255
  34.422
 26.5313
  26.505
 28.2556
 38.1939
 23.2636
 33.0851
 31.5026
 47.4579
  40.043
 26.0923
 28.2239
 29.9457
 27.2587
 20.6841
 54.3495
 63.7503
 78.7613
 45.8806
 48.3808
 49.2488
 44.3914
 43.0621
 45.4983
 81.2598
 60.5548
 56.0119
 44.9146
 37.6696
 12.5724
 16.9223
  7.9428
 3.54028
 7.01534
 7.81967
 70.8951
 75.3686
 62.3966
 74.2274
 59.7044
 88.3791
 65.4433
 65.3976
 69.3038
 61.7716
 72.7727
 71.4524
 33.8403
 3.42188
 29.4167
 32.5418
 9.81254
 17.6051
 26.3153
 39.8642
 65.9763
 64.8267
 32.7883
  16.498
 15.1867
 5.75949
 2.93598
 14.9751
 16.1683
 8.64625
 39.9483
 18.9355
  21.323
 76.1444
 29.0426
  53.867
 6.70707
 38.7188
 65.8348
 66.3095
 46.1951
 62.8407
  63.229
 71.5102
 39.6897
 76.7546
 44.7408
 9.85955
 27.3527
 76.0672
 23.6272
 67.1015
 73.0108
 74.1354
 55.8665
 29.7981
 38.6413
 57.3162
 14.1991
 70.6098
  28.848
 11.4692
  6.3784
 6.20356
 39.6758
  4.1912
 3.70893
   72.72
 42.8136
 32.3646
 42.6684
 42.6176
 43.3702
 42.2278
 65.0789
 44.9366
 41.3932
 54.7034
 55.0277
 28.7927
 23.5742
 43.4939
 30.5964
 36.1423
 28.0231
 25.7914
  29.275
 26.5119
 21.1424
 42.2894
 46.3934
 44.7535
 63.3681
 81.2253
 24.8286
 17.3503
 44.5858
 27.7857
 34.0984
0.947294
 17.0428
 37.6696
 6.43255
 10.3818
 10.8681
 32.4211
 15.9533
 4.02049
  8.2446
 6.96368
 2.44577
 68.7461
 50.9917
 43.9001
 63.1827
 46.0411
 43.4805
 83.8313
 45.3973
 67.3566
 27.8591
 43.0111
 22.5918
 72.8066
 71.1028
 6.70537
 5.12858
  11.434
 6.15138
 12.7327
 11.6958
 69.2052
 77.2522
   44.07
 46.0262
 57.7965
 67.7906
  47.138
 58.9563
 45.6708
 70.5201
 66.5843
 34.9927
 46.8323
 80.3053
  64.941
 49.0399
 79.0173
 1.14038
 54.4613
 41.6645
 24.8766
 46.9486
 59.9807
 85.1235