  4.87717
  3.34203
  6.83627
  19.0492
  16.9912
  5.85266
  6.53429
  3.19829
  2.98814
  13.8677
  12.9109
  15.8261
  18.4977
  20.4281
  52.0958
  38.9464
   4.4614
  7.45763
  6.67279
  8.79297
  18.3921
   19.662
   8.2301
  7.48869
  22.3794
  12.9164
  36.2443
  37.6952
  37.1474
  14.5587
  8.24707
  3.22303
  12.7683
  9.63229
  4.25144
  5.14669
 0.518393
  10.7138
  8.49381
  2.28248
 0.339114
  7.53776
  11.2374
  13.2908
 0.466791
  54.0749
  46.2014
  50.0405
   57.978
 0.546379
  3.73398
  1.58319
  11.1191
  7.09589
  12.3673
  23.0741
  22.9485
  27.3336
  56.7345
  5.64603
  11.0535
  11.8106
  4.73547
  9.68624
  13.9016
  1.97499
  1.34187
  13.0035
  13.3143
  8.38164
  8.69162
  4.71276
  16.9502
  13.9604
  30.3676
  29.2593
  35.8283
  35.1799
  35.2146
   18.749
  21.7215
   6.8809
  4.54656
  6.66559
  9.88495
  21.5958
  24.9564
  19.9184
  14.5927
  22.9431
  17.1625
  3.76716
  1.95939
  24.5531
   38.312
  20.7989
  31.1433
  11.3614
  4.06385
  11.4956
  16.7802
 0.055927
  0.49594
   3.3529
   13.428
  13.2577
  5.20369
  7.11434
  4.21568
  3.68351
  1.96227
  4.48694
  10.5323
  9.90711
  10.9023
  9.65178
  4.83735
  12.1764
  11.5867
  16.5564
  11.1405
   12.321
  9.56461
  10.3158
  16.4506
  41.7535
   19.064
  12.3286
  22.4392
  11.5346
  4.06079
  19.9842
  14.9472
   9.5653
  13.4363
  12.4953
   9.2488
  31.5562
  27.7699
  11.1908
  0.47088
  14.8123
  2.73508
  12.9484
  9.38358
  30.7887
  13.6647
  2.86583
  4.10988
  0.43815
  8.35645
  7.44609
  16.5369
 0.424557
 0.791095
  17.9548
   10.424
  35.1848
  33.2379
  63.8635
  41.1392
  11.6941
  11.3917
  16.5688
  33.1441
   3.3233
  25.6949
  23.1019
  3.82062
  23.5691
  47.7427
  55.1604
  15.0065
  1.08868
  2.15255
  8.10129
  21.0851
  23.7145
  27.9053
  29.9415
  34.4135
  36.3164
  3.39625
  10.2178
  38.8342
   37.924
  19.0262
  19.5473
   23.952
  13.8453
  21.9901
   6.8809
  11.1008
  17.4113
  11.4887
   8.7439
  10.5501
  11.4795
  7.11853
   7.3326
  3.15351
   14.549
  10.0448
  7.89863
  6.03925
  9.03323
  2.47185
  8.55333
   2.0536
  57.1949
  43.2158
  15.6241
  19.9191
  53.1222
  8.60862
  9.21647
  2.62191
  1.25188
  43.7227
  53.6258
  14.2939
  1.88803
  23.8107
   20.728
  4.72417
  4.51919
  2.03676
  5.53593
  18.9673
  8.19487
  1.68701
  3.52187
  5.72781
  9.81462
  8.21531
  34.0833
  25.4299
  26.5183
   19.636
  4.49379
  24.9748
  10.6758
  7.47827
  8.02614
  10.6292
  8.36343
  13.5102
  21.8916
  22.9249
  20.3429
  12.3324
  49.3874
  26.9875
  21.3806
  22.0429
  18.7432
  22.8259
  13.1282
  9.74616
  6.85571
  4.51212
  6.10975
  4.85488
  2.42111
 0.503696
 0.769073
  2.76127
  8.94631
  11.1486
  1.77547
  5.36069
  12.3272
  15.8838
  14.7746
  14.5192
  10.5116
  12.1176
   14.561
  17.8961
  22.8821
  40.0264
  18.0024
  5.13973
  5.04327
  18.0973
  14.4074
  17.4606
  19.6444
  21.8939
  15.1723
  13.2016
  15.2477
  15.7937
  9.85557
  5.86653
  11.5781
  38.3895
   30.264
  34.3138
  8.92363
   9.5306
   11.233
  4.09699
  14.2494
  9.71443
  15.5991
  25.1366
  9.85816
  53.6056
  3.00562
  7.55812
  7.18304
  1.97347
  5.60584
  18.5199
  5.88331
  9.75651
  38.4834
  30.0034
  60.5644
  57.2276
  5.96229
  9.22186
  1.04864
  5.19957
  4.49478
  10.5654
  2.56856
  46.8305
  29.2054
  3.60631
  28.7965
  50.1922
  3.35265
  33.0029
  21.1889
  24.0037
    1.315
  19.6165
 0.198889
  9.74497
  4.81778
  36.2279
  46.5293
  26.7781
  7.91674
 0.819454
  12.7769
   4.2972
  10.6452
  14.9604
  11.0653
  6.69085
  4.42312
  12.6001
  9.61792
  8.47529
  9.26094
  15.2168
   17.387
  15.7544
  16.9058
  9.05893
  14.1281
  12.7838
  2.37916
  9.13175
  20.3208
  18.8621
  22.1848
  22.4313
  4.04329
  9.68489
  10.5599
  14.1782
  15.4935
  14.1707
  14.0684
  7.95112
  14.5256
  11.2219
  7.07053
  2.08609
   5.7614
  1.71953
  6.68885
  14.9912
  9.74148
0.0138916
   10.388
  9.93989
  18.2355
  27.2413
  39.9855
 0.912851
  16.2217
  9.52031
  8.07546
  2.90209
  18.3339
  10.0254
  15.4312
  21.8433
  11.8444
  26.2843
  8.88505
  6.29171
  14.2132
  8.30121
  10.2195
     14.1
  7.51296
  14.0185
  14.7149
  14.7669
  28.5513
  9.87004
  6.01421
  4.39267
  1.43551
  6.43695
 0.939163
  5.25061
  16.0368
  14.5248
  49.4973
  48.8726
  46.9039
  6.31247
  3.45016
  3.48265
  12.2084
  11.2432
  5.96229
  4.04356
  53.1902
  33.5007
  6.15245
   30.749
  8.69902
  44.8495
  17.5388
  13.6744
  32.6609
  35.6832
  52.0746
  9.07482
  19.0089
  3.90567
  25.9636
  33.3993
  33.0995
  32.9839
  39.8662
  11.7931
  3.34111
  1.99301
  2.61147
  11.0035
  16.0542
  34.8286
   4.8944
0.0486474
  9.44186
  9.37934
  8.84025
  4.69635
   39.761
  14.6867
  8.29096
  23.4894
   30.675
   27.073
  5.22061
  8.42177
  8.68487
  8.13307
  4.74866
  10.6456
 0.350763
  2.61564
   1.0728
  7.68243
    18.96
   13.747
  9.56423
  10.1915
  32.0618
  17.3966
  10.5081
  16.8462
  12.4333
  5.71602
   10.884
  1.44402
  37.2511
  24.4438
   16.564
  37.3792
  9.58241
  2.15092
  11.5917
  9.84102
  11.9429
  29.1776
   8.6342
   54.585
  46.1524
  1.38494
  8.22904
   7.1021
  3.49096
  0.41749
  47.6793
  54.2845
  9.23698
  37.7436
  16.2604
  16.5089
   3.8622
  3.05911
  20.8338
  12.5415
  11.1193
  46.5868
   24.239
  47.2546
  1.59458
  0.38443
  14.3957
  15.2473
  7.69107
  37.7315
  31.1679
  26.1446
  23.7106
  4.59348
  4.43405
  6.12112
  9.43169
   16.625
  18.5116
  5.58446
  5.26048
  18.2936
  8.72099
  11.7257
  36.3544
  18.4591
  12.7908
  3.16039
  16.8671
  11.8513
  60.6341
  30.6193
  38.6053
  24.4836
  34.5649
  26.0667
  21.2561
  26.4522
  2.13538
  11.3563
  9.33923
  9.68441
 0.303063
  6.98655
  4.28332
  3.10879
 0.722225
  18.4587
   14.638
  10.8073
  13.1099
  27.4049
  9.19279
  19.3311
  21.5525
   22.266
  25.3362
   10.798
  9.51818
  1.58253
  16.8953
  10.5481
  24.9673
  1.37244
  18.5628
  6.67864
   4.0583
  5.19181
  6.69538
   9.8478
  4.37881
  52.5541
   28.371
  14.6628
  17.7184
  23.2055
  27.5132
  29.8586
  10.3499
   18.099
  26.7052
  5.61619
  24.5925
  28.0578
  37.4552
  38.2328
  42.2259
  24.3517
  24.5437
  3.41449
   31.576
    14.19
  26.2023
  3.77165
  15.6031
  17.1605
   4.4772
  13.2882
  31.3173
  1.70395
  18.2406
  24.9758
   34.858
  19.0741
 0.644753
  7.75537
  20.4969
  18.6717
  25.3811
  21.8109
  20.5246
  3.26277
  7.09988
  6.93777
  12.2494
   16.212
  37.5723
  31.2393
  3.98275
  9.57855
  17.9927
   9.1745
  15.9177
  11.5947
  3.55995
   17.465
  16.9123
  15.7087
  25.4324
  37.9269
   28.709
  8.91364
  7.13786
  19.5178
 0.761808
  6.75318
  14.9547
  6.51181
  20.1959
  12.8633
  29.4519
  16.6935
  4.75308
  3.81377
  17.1964
  2.99493
  5.81596
  31.6987
  30.6548
  32.2819
   13.317
  16.6273
  53.8932
  10.5702
  10.2299
  12.7588
  6.78345
  17.2709
  24.8441
  6.85445
 0.885267
  20.0789
  22.3284
  8.66953
   7.5221
  19.5602
    15.91
  13.3933
  6.78147
  3.69952
  7.21302
 0.432372
    35.05
  9.99753
  2.43134
  23.1779
  6.65724
  37.1207
  6.26342
   12.029
  22.9001
  31.3395
   11.497
  4.57109
  2.59135
  17.8806
  48.4215
  2.61649
  6.25551
  12.0776
  34.7013
  22.0541
  24.4122
  27.2888
  11.6191
  12.7438
  19.4223
  25.8432
   28.246
  15.2008
  18.2031
  44.8584
   15.891
  17.3369
  26.9928
  28.6512
  10.5816
  27.6139
  9.69559
  45.5145
  12.9355
  39.0107
  27.2229
  9.63602
   23.526
  6.37343
   28.939
  43.7791
   47.374
  15.8611
  12.3074
  30.0742
  49.1045
  16.6348
  29.1166
  39.8312
  39.7351
  3.81923
  38.4184
  11.9715
  5.09909
   11.433
  24.3937
  8.81238
   20.947
  24.3779
 0.792059
  23.6862
  43.5525
  4.03668
   34.925
  26.0896
  9.70725
  15.9123
  16.8203
  24.0355
  20.7248
  24.1064
  21.0261
  6.89603
  14.4937
  45.3115
  23.6569
  10.4218
  7.95172
  32.6371
  25.7691
  41.3636
  12.5621
  7.50782
  9.49739
 0.930752
   12.754
  4.88301
  16.0523
  11.2329
  8.02888
  21.1049
  48.0839
  27.8808
  31.5578
  41.0919
  32.4099
  9.14405
  45.3358
  4.82976
  32.3423
  19.5612
   54.345
  22.1746
  16.1722
  6.37725
  17.4647
  33.1566
   9.9061
   35.712
  42.3228
  4.92585
  17.0429
  21.2035
  41.7404
   21.554
  10.1987
  3.80583
  4.94284
  12.4939
  5.40833
  6.15648
   8.3988
  34.9558
  9.52636
   6.4443
  4.76387
  5.17671
  40.0084
  31.4045
  43.1232
  2.43691
  20.5669
  30.5888
  11.7396
  11.8769
  8.07615
  31.8744
  34.9599
  39.8571
  2.76284
  10.0223
  34.4685
   4.3821
  7.00101
  1.69892
  32.5163
 0.460966
  3.54884
  4.38547
  5.91281
  37.1556
  28.6571
  11.5292
  12.8356
  1.55034
  19.7307
  8.81902
  5.04204
  0.45471
  40.5817
  22.9896
  58.6204
  31.3881
  2.84385
  13.1794
  4.61474
  8.79314
  22.0758
   31.696
  46.0901
  3.52969
  34.7784
  4.80813
   28.312
  45.9007
  4.85389
  29.9215
  5.06577
  47.1685
  11.5842
  45.6002
   4.4709
  26.6823
  34.4558
  13.6788
  16.5346
  25.2961
  11.4088
   35.431
  2.51819
  6.73901
 0.887145
  10.9837
  17.9183
   10.403
  2.47972
   5.4114
  12.0023
  41.6108
  6.77373
  36.1111
  32.1857
  3.05426
  8.80986
  6.20636
 0.201359
  35.0277
  4.42929
  33.9273
  5.79386
  35.2022
  41.5081
  2.73715
  27.5742
  36.6215
  34.1766
  34.7604
  31.3781
  19.7128
  17.2453
   13.657
  8.81084
   10.403
  19.1495
  31.0761
   21.143
  9.85574
  1.96299
  12.2397
  12.2221
    12.38
  4.07736
  3.85492
  2.93344
  5.47913
   13.944
  6.80046
   18.837
 0.082506
  4.71574
  18.0847
  30.5175
   27.529
  13.5004
  9.70725
  38.3941
  2.80896
  19.0784
  2.35246
  10.6123
  18.1949
  9.50682
  15.3891