   65.5723
   69.6923
   55.2022
   86.9497
   87.6263
    92.519
   65.4931
   72.1725
   88.4218
   50.0025
   13.8156
   69.2113
   70.9751
   70.9644
   87.0737
   91.1507
   67.7059
   57.3942
    44.892
   49.8416
   67.8072
   22.0858
   13.2841
   41.7981
   69.2159
   45.2336
   40.5774
   65.0778
   70.4759
   68.2289
   30.4507
   68.7783
   63.0932
   80.6678
   51.0193
    55.303
   8.69733
   54.9968
   57.2323
    86.719
    65.288
   40.5722
   63.9156
   18.9808
   13.9673
   16.3823
   34.9718
   93.4439
    69.821
   67.2736
   71.3749
   66.6305
   47.7716
   55.0294
   61.3309
   29.3342
   22.1118
   96.7341
   51.7642
   14.4084
   29.2066
   67.4988
   83.4987
   91.1469
   58.4334
   55.5751
   58.4922
   50.6754
   21.1358
   33.7719
   20.4967
   12.5083
   17.7371
    0.8956
   14.3697
   7.78422
   6.86152
   4.12019
   1.98671
   13.4311
   13.6411
   11.7096
   5.62093
   8.11495
   8.82527
   41.2016
   38.5142
   29.9835
   38.9434
   41.8825
   15.7355
    19.075
   9.99948
   21.6948
   36.0083
   45.5077
   27.0498
   16.2036
   6.71054
   14.9873
   12.2368
   19.8774
   4.39127
   5.14636
   20.6702
   25.8632
   33.0389
   28.7226
   25.2911
   25.0199
   30.8073
   22.7184
   23.4108
   29.7893
   37.0219
   27.1164
   28.9926
   28.4862
   33.2417
   27.3969
   12.0194
   24.4696
   17.9267
    32.871
   26.9121
   19.8728
   27.8862
   41.0479
   43.2117
   24.3858
   39.2833
   48.3962
    5.6488
   22.9974
   2.69888
   42.9801
   46.4578
   11.2016
   12.6417
   30.2576
   22.6435
    45.424
   7.42523
   16.1831
   16.0187
   10.1647
   23.0682
    12.137
   7.06466
   8.97721
   18.6415
   10.1848
   3.25449
   34.0484
   26.2474
   3.69092
    4.9443
   24.5709
   20.7676
   5.86489
   4.69301
   1.90243
   20.0162
   2.24041
   1.99224
    28.841
   16.1978
   17.1657
   30.2678
   12.4539
   7.13533
   8.86861
   43.0343
   5.62838
   5.42741
   10.8962
   25.5869
   25.4883
   1.16677
   6.45677
   11.1178
   31.1472
   30.0389
   33.7974
   23.0377
    30.383
   8.79192
   13.4986
    18.531
   12.3006
   21.4298
   29.9903
   21.2768
   19.6316
   7.90679
   6.70052
   2.07805
   22.5678
   10.3891
   14.9576
   23.0363
    6.6597
   22.5231
   24.7589
  0.175033
   14.0068
   7.88515
   8.25357
   53.3252
 0.0862489
  0.122826
   8.37694
   49.6237
   2.44512
   3.89169
   2.21956
    2.8495
   4.68071
   29.3247
   2.59508
   5.61592
 0.0880962
   3.66904
   7.47523
   6.46628
   3.93489
     6.213
   2.37841
   9.94813
   14.5701
   26.1084
   15.7191
    4.1901
   2.61704
   16.8679
   5.77093
   24.2204
   27.4725
   21.4193
   39.7812
 0.0307385
   2.31307
   23.3282
   25.7972
   53.6171
   17.4673
   19.7504
   1.02795
   1.47629
   21.3394
    26.805
   7.26945
   5.80587
  0.222092
   5.85091
   3.21489
   3.95384
   2.16311
   7.28375
   22.1714
   22.8717
   11.2791
   31.5525
    6.3161
   30.0912
   6.29425
   34.6814
   3.80456
   5.43027
   41.8006
   7.82298
  0.466038
  0.154574
   3.66112
    13.435
   24.6777
   9.71262
   83.8239
   76.6722
   24.0352
   4.41231
   35.1481
   27.0763
   36.5988
    10.772
   1.18723
   34.7422
   1.90115
   24.7994
   15.8285
   17.8007
   1.97896
   8.78697
   16.1688
   10.1302
   0.68657
   5.64484
   5.45192
   22.6794
   5.26724
   2.06863
   4.92479
   1.30159
   9.31049
   21.4776
   6.16109
   8.58682
   14.4349
   26.5704
   22.7443
   8.82896
   44.1045
   7.14753
   23.4715
   10.6437
   1.65021
    11.352
   28.4571
   4.88281
   13.1408
   27.4901
   9.37332
   33.1824
   4.18761
   12.3927
   6.20161
   5.35563
   19.3802
   50.4765
   46.1732
    40.129
   28.3962
  0.480935
   1.72497
   5.12995
   31.6603
   8.35735
    49.641
   11.8729
   24.9372
   8.69218
   4.33405
 0.0293114
   33.5094
   2.89107
   22.2082
   9.00406
   2.30509
  0.514542
   7.99959
   5.24936
   1.52206
   4.56678
   11.4577
   10.0156
   22.6967
   24.6648
  0.489445
   26.3274
   69.8344
   9.05227
    5.7229
   20.7876
   10.4606
   10.8217
   26.9559
   6.12984
   8.97034
   1.81499
   18.9723
   13.1232
   10.5944
   24.4901
   72.1898
   24.0918
   20.5572
   27.6477
   53.6143
   5.23663
   26.3895
   13.8233
   29.9181
   4.42719
   14.2953
   77.9783
   2.20004
    8.8718
   22.8737
   50.2977
   6.93221
   10.4191
   1.66384
   4.64976
   31.1935
   23.5949
   36.8256
   6.18191
    1.9543
   95.9408
   2.13319
    18.631
   11.9571
   88.0109
   1.54043
   18.6124
   2.12237
   2.16304
   1.69052
   22.3359
  0.427996
   13.7839
   13.2664
   6.09502
  0.758081
   62.0971
    6.3902
   2.11121
   13.2939
   2.66417
   17.5098
   8.92525
   11.4873
   10.7724
    9.5075
   19.2617
   16.9935
   16.6191
   11.3495
  0.253605
   34.5707
   41.1248
   43.3843
   43.1465
  0.723114
   3.36098
   26.6765
   4.26578
   26.0871
   8.16945
   6.18494
   5.56932
   1.60414
   23.3271
   2.05841
   42.8528
   41.3128
   8.80212
   11.4209
   1.99668
   3.40643
   1.62185
   7.92616
   4.15419
   1.80219
   9.46443
   11.0146
   36.7578
   7.49285
   19.3483
    3.6553
   7.29719
   1.89443
    40.701
   28.4011
    33.558
   27.2576
   14.8706
  0.174094
   8.72225
   7.11456
   6.97301
   6.05202
  0.984265
   9.22724
   23.1632
   7.57995
   41.8559
   34.1171
   34.0376
   4.15419
   13.5884
    21.355
   28.0644
    24.298
    39.149
   38.4569
   5.61518
   7.21802
   5.26978
   22.2701
   14.1904
   7.87442
  0.325644
   30.9923
   26.3604
   4.49343
   6.20636
   4.21221
    32.338
   43.2526
   2.44474
    10.084
   2.88446
         7
    20.174
   12.4871
   4.37036
  0.308431
   3.69019
 0.0205626
   3.40743
   5.70564
    1.8783
   25.7777
   23.6009
   11.0447
   13.8999
  0.940929
   3.42016
   2.77738
   16.5476
   13.4345
   9.62196
  0.104716
   10.7846
   13.9275
   2.49588
   2.85813
   14.4423
   1.21217
   16.6191
    6.8967
   6.87013
   3.76891
   3.36813
   10.2049
   1.59433
   10.9947
   8.40176
   13.7589
   9.09044
   2.87131
   21.9886
   17.7936
   10.1953
   10.6063
   13.1859
   6.31009
   9.38641
  0.759265
   6.77966
   1.27559
   17.9955
   12.3477
   10.6256
   11.2723
   32.8903
   5.23573
   18.2879
  0.230005
   5.25744
   13.8977
   5.44659
   42.0485
   5.44305
   34.7643
   2.54323
   18.8846
   9.94322
   5.04054
   7.63107
   9.86924
   1.85255
   25.4769
   2.56926
   7.08115
   2.37465
   7.79088
   23.5755
   2.67989
   14.2168
   8.16387
    27.855
   2.79301
   24.1764
   23.8666
   27.2307
   28.2642
   2.11721
    4.0413
   9.31323
   3.78532
  0.839387
    7.5391
   28.2405
   12.7907
   26.0539
   21.8961
   3.89099
  0.189508
    1.7043
   7.39327
    49.485
   8.34151
    6.3819
   8.63993
   1.54327
    2.9442
   11.7037
   9.04874
    6.0097
   17.7084
   3.52969
   7.06536
   3.60408
   24.6738
   11.6712
   26.5348
    5.7984
   14.0085
   4.05213
   10.0039
   25.7159
   1.02991
0.00394159
   7.63705
   5.81842
0.00611358
   16.7811
    65.351
   3.82573
   6.02712
   24.1717
    8.5013
   1.56327
   5.67517
   1.10731
   9.53709
   12.2292
   21.7593
   4.12181
  0.505746
   0.88871
   16.9771
   8.20086
   20.4945
   10.7688
   15.9633
   6.75202
   4.42205
   6.31357
   4.36013
   5.50473
   18.3874
   25.4588
   6.05077
   8.85424
   24.9252
   22.4594
   6.74497
   12.2093
   8.36164
  0.707118
   5.73498
   8.45604
   3.70365
   6.49859
   20.7893
   10.2413
   8.99568
   6.28704
  0.452592
   13.2519
   18.9003
    7.4054
   18.2341
   32.6621
    2.2803
  0.658902
   4.79557
   9.17899
   3.22045
   24.2508
   1.07996
   7.70582
   12.7454
   2.27359
   20.4566
   2.53718
   10.7744
   16.7342
   15.5035
   16.2536
   13.7555
   6.02065
   2.87382
   9.03736
  0.305575
   4.05749
   5.52016
   7.95805
   12.3422
   1.41331
   29.1839
   4.11912
   7.34612
   2.15425
   15.5088
   21.2732
   7.36688
   7.40669
   19.6241
   8.39583
   22.3324
   11.3997
    4.8733
    6.8851
    1.1497
   12.6077
   1.16504
  0.361257
   10.0392
   2.83271
   9.63712
   19.1313
   2.09771
   6.67626
   2.23317
   1.23607
   2.69555
   6.95674
   7.39778
   13.3198
    21.102
   2.17044
   14.1605
   1.07108
   4.80597
   16.1101
   4.28812
   22.8017
   11.0417
   6.16671
    21.905
   3.76866
   6.05687
  0.581102
   3.95631
    2.1067
   4.88599
   13.5844
   11.6755
 0.0780711
   18.4814
   13.0761
   6.34414
   7.09436
   17.2463
    3.9715
   12.6017
   21.7476
   28.6667
   4.34907
   8.85273
   32.3481
   19.9333
   5.84379
   0.11902
    3.8001
    3.2492
   6.27179
   3.47661
   12.3477
    9.7982
   2.29625
   37.5988
   2.14634
    6.1716
    10.524
   6.25135
   3.40573
   11.7605
   10.8408
   3.09691
  0.668793
   3.76297
   45.3239
   5.61609
   6.03967
   1.78381
  0.862077
   7.77438
   18.2232
   14.3369
   3.71025
   32.0133
   2.45643
   3.67288
   3.69156
   18.3037
  0.278443
   1.46809
   5.87487
   4.95126
   20.6891
    3.4199
   14.2004
   37.8765
   9.26695
   8.70818
   17.6532
   7.81815
   10.0383
   9.11035
   34.1413
   18.1221
   6.72765
   9.11486
    3.5117
   11.5051
   20.9612
   9.70527
   8.15832
   7.50702
   14.0178
    5.8512
   2.23408
   6.86135
   2.56108
   10.2064
   13.4514
    6.8589
   4.19168
   11.6304
   15.0342
    2.0212
   31.5019
   8.08809
   9.32253
 0.0193442
   13.2191
   5.43917
  0.668071
   10.3356
   1.16593
   20.5475
  0.161456
   35.9598
   8.86445
   3.84572
   35.8618
   41.2914
   9.64001
    17.754
    6.3232
   5.30227
   5.48308
   9.42279
   19.8238
  0.501701
   2.31701
   4.89163
   11.3884
   6.24922
   12.6485
    18.603
   12.7931
   3.74805
   18.7543