   10.8045
   9.33112
   37.2895
    2.6691
   15.2077
   15.5479
   16.9921
   15.2906
    4.6546
   3.60705
   1.26951
   9.79099
   8.63285
   12.2661
   13.9436
   32.0361
   35.4298
    5.4208
   3.70388
   13.8307
   15.5137
   15.6442
   16.3122
   4.14055
   16.2401
   3.11141
   15.0881
   7.00793
   23.2291
   25.0276
   30.4678
   22.9868
   25.2989
   26.6961
   26.9698
   36.2842
   38.7667
   25.7483
   36.3846
   26.5219
   7.69162
   16.2646
   12.8997
   7.75619
   6.45314
   13.4293
   14.0194
   16.1322
   8.72973
   68.3108
   61.1112
   45.2233
   66.9519
   6.31974
   7.48009
   31.7527
   25.2861
    24.823
   29.8956
   62.8602
   57.0818
   70.2514
   31.6397
   36.1168
   27.5511
      34.7
    28.853
   2.93082
    8.2622
   24.9328
   16.5321
   15.2116
   3.56018
   3.60299
   1.85651
  0.915241
 0.0694031
   8.09249
   4.92558
    8.2919
   16.3081
   29.1367
   28.5597
     28.17
   11.7691
   5.75968
    2.8416
   4.55748
   4.51784
  0.169461
   7.76596
   10.9674
   8.26062
     10.36
   9.49662
   7.94183
   5.58047
   2.97189
   13.2096
    2.3802
   12.3625
   17.8895
   7.57804
   9.91762
   8.52568
   9.06008
   6.83975
   19.2921
   7.68729
  0.434488
   6.63542
   15.1041
   9.67245
  0.771548
   19.8293
   20.3642
   7.48344
   17.0833
   2.36983
   1.97499
   1.30849
   1.46162
   15.9017
   6.38299
   3.14948
  0.290594
   1.70845
   3.14286
   17.4595
   13.9658
   15.3172
   31.0771
   2.65426
   4.21193
   3.27616
   2.89323
  0.975088
   2.84012
   1.80385
   5.32895
   5.98829
    4.4951
   8.76054
    7.8751
   46.0939
   53.6422
   33.2398
   35.5642
   30.8406
   30.4458
   26.0842
   31.7372
   32.6291
   35.1379
   33.7486
   29.2764
   29.5394
   22.9718
   22.6003
   39.5609
   30.4717
    30.649
    24.679
   31.2591
    35.873
   49.0418
   71.3962
   77.6756
   16.8843
   11.8836
   32.3371
   32.1356
   33.6036
   54.2384
  0.347922
   17.8926
   11.7206
   5.61938
   10.0139
    36.627
   42.9385
   3.42051
   21.3955
   8.81877
   13.7521
   34.1795
   56.7299
   6.95633
   8.34117
   36.2185
   22.3484
   10.0426
   16.1286
   13.0649
   13.5778
   7.65929
   8.74364
   12.1094
   4.15977
   4.27057
    2.8416
   8.53491
   34.3989
   38.5384
   27.1716
   35.4661
   35.1682
   25.6796
   21.7585
   21.9227
   33.5681
    28.588
    24.475
    18.541
   16.6675
   14.5782
   18.7048
   11.3916
   17.0411
   50.8003
   58.2938
   35.6947
   39.0601
   45.2415
    23.029
   26.8751
   15.1774
   35.5045
    54.581
   40.5868
   36.6825
   40.1722
   39.0337
   24.8783
   24.2906
   35.6687
   39.0044
   8.62577
 0.0354426
   16.2422
   10.7584
    3.4453
   2.49107
  0.367811
   27.5556
   21.8673
   9.91329
   3.83528
   2.56587
   7.86559
   6.21374
   2.10279
   4.36476
 0.0823556
   5.97567
 0.0362589
   8.13304
   9.15054
   3.87262
   16.9231
   2.45603
    36.676
   14.2361
   7.92266
   2.13471
   4.69902
   3.63847
   18.0854
   17.7596
   8.06758
  0.216457
   2.04993
     1.246
   7.66357
   1.30656
   21.0395
   20.1681
   3.76864
   30.1837
   8.26254
   12.1861
   13.5757
   8.31687
    7.2584
   2.36691
     11.67
 0.0837329
   2.94334
   11.7808
   11.9382
   35.5575
   7.51654
   4.14223
   13.0092
   15.8756
   7.57463
   6.46586
   12.4387
   8.36346
   13.0944
   4.10392
   13.7134
   2.60339
   2.48153
   1.03654
   10.6662
    27.699
   13.3937
   24.9326
   31.4122
   28.7102
    39.416
   40.1517
   26.1663
     39.38
   36.2711
   39.9948
   27.3443
   45.5318
   33.4262
   24.7562
   37.7244
   31.9015
   15.6999
   25.1747
   42.1701
   25.8553
   38.5145
   45.9837
   73.9574
    71.188
   37.5523
   36.4535
   7.89886
   25.4415
   12.3075
   13.3967
   5.32465
    79.119
   32.0877
   35.8042
   28.3634
   43.2889
   18.1245
   30.3461
   22.6757
  0.815587
   12.9858
  0.163602
   9.75611
   9.36717
   2.64923
   1.08515
   22.2378
   36.1093
   7.86943
   3.92514
   10.9008
   19.7384
   27.0325
   34.5913
   26.8476
    31.324
    27.933
   22.0809
   7.57368
   30.3849
   4.90625
   3.11364
   1.58387
    5.7691
  0.315399
   16.7077
 0.0864406
   4.99838
   2.05842
  0.855253
   4.58014
  0.349082
   8.40769
   15.3303
   8.76802
   8.40861
   4.24691
  0.529141
   1.91542
   2.58002
   9.38979
    33.527
   18.4875
   13.9839
   7.12022
   6.26271
   6.64988
   8.41419
   18.2898
    8.4123
   2.94752
   5.11071
   9.10323
   16.6679
   15.3086
   5.37267
   13.4792
   29.0068
   2.38479
   6.69155
   16.2744
   5.66733
   4.02878
   11.4242
   6.87405
   4.79551
   4.77088
   5.95411
   9.68017
   8.05955
   11.6558
   8.93547
   35.2392
   27.1644
    33.106
   40.5643
   28.5055
   35.9459
   33.8353
   29.7199
   60.1626
   28.0181
   24.2564
   35.0567
    31.467
   10.2895
   31.0271
   35.7118
   24.0083
    34.252
   44.4329
    63.031
   61.6928
   9.33101
   7.80951
   9.73649
   19.2372
   31.6249
   37.5523
   29.8573
   34.5363
   22.3973
   33.2369
   15.3191
   57.7389
   35.4762
   4.22987
   13.6094
   18.5881
   31.3542
   13.0038
   5.61907
   7.07676
   18.3524
   28.1086
   26.1402
   47.1482
   46.9559
  0.170426
    33.788
   15.8838
   13.3975
   7.77133
   35.7311
   35.2208
   35.4693
   17.2085
   27.5203
   1.85651
  0.285613
   7.36763
   11.7898
    15.632
   17.0465
    6.5517
    3.2523
   4.83278
   5.30198
   2.88115
    15.698
   4.83125
   17.9131
   35.5681
   11.4739
   8.87458
   16.9268
   6.01527
   1.59238
    5.4829
   5.35514
   8.11865
   6.84095
   5.07239
    3.1452
   4.13211
   5.98937
   9.06899
   16.7586
   26.6443
   2.10771
   15.1111
   33.8624
   27.7915
   21.1771
   13.2929
   27.7647
    28.872
   28.5037
   23.2324
   48.8774
   60.9459
   9.79621
   12.1893
   27.7257
   10.2077
   18.3187
   62.3287
   67.7922
    23.965
   32.0276
    33.769
   31.6571
   8.01898
   14.9795
   5.08561
   5.44337
   35.0134
   18.0428
   13.3981
   42.8901
    9.7288
   19.5086
   2.83498
   9.17325
   2.22224
   59.8865
   47.2651
   19.9879
   13.0268
   16.4366
   8.94103
   13.6979
   17.0888
   20.5908
   16.5982
    8.0494
   3.20559
   3.40461
   40.6397
   8.97273
   61.2141
   11.3804
   20.0579
 0.0359941
   45.0644
   64.1339
   9.78102
    49.731
   32.8361
   49.1267
   29.1649
   37.2402
   47.6598
   52.8796
   52.6353
   26.6955
   25.9815
   40.5818
   2.17245
   34.1528
   18.9714
   23.1049
   11.3804
   15.8837
   11.6888
   13.2168
   51.6263
   34.9152
   11.6105
   21.9398
   4.51557
   51.8106
   9.66041
   3.35448
   17.9298
    12.159
   65.2307
   4.71717
   28.4731
   26.1551
   18.0725
   29.0651
   1.05001
   64.1777
   52.0129
   15.7708
   49.9044
   36.9112
    16.605
   64.0468
   54.7174
   11.1024
   7.69088
   12.9431
   47.2056
   15.1035
   54.6516
   54.5255
   55.5379
   63.8308
   17.8536
   11.3355
   3.33937
   5.17289
    27.445
   1.74831
   17.8055
   17.0616
   7.39157
   5.36865
   29.5156
   4.83665
   21.8646
   21.4489
   9.07039
   4.41016
   32.1508
   1.23448
   9.07962
   3.27199
   8.72532
   9.14798
   24.1112
   30.4791
   29.0237
   34.5729
   29.7654
   61.6656
   4.49127
   25.7036
   31.7954
   34.3672
   4.77371
   8.03235
   1.25036
   29.3213
   5.42681
   6.35389
   2.11578
   50.9254
   21.7575
   26.5797
   25.1898
   27.9627
   30.5053
   4.90477
   11.6201
   35.5726
   5.51833
   27.1366
   30.6039
   33.2843
    32.046
   44.2714
   2.00589
   1.76712
   51.0178
   54.4123
   2.16302
   52.5914
   18.5612
 0.0177281
   19.3922
   4.07403
    2.6254
   65.1852
   8.30094
   1.81128
   7.76848
    9.9232
  0.610701
   6.06226
   6.36376
   15.6685
   29.5381
   25.8753
   6.13007
   24.5707
    2.1554
   16.6746
   21.4922
   54.4859
   31.0787
   55.4519
   28.1474
   5.19962
   56.0089
  0.229664
   5.99287
   1.21489
   54.9692
   34.2445
   9.80381
   4.38276
   9.93129
   1.03153
   5.84954
   37.5852
   25.2987
   24.7869
   18.8136
   18.7162
   15.5404
   3.56713
   15.4537
   10.3495
   10.7531
   17.4103
   10.6384
   10.8727
   12.8405
   28.5329
    3.5412
0.00962578
   53.6533
   12.6153
   12.1441
   12.0564
   12.3183
   65.2383
   27.5506
   15.3641
   36.5905
   27.0396
   6.74894
   12.6869
   11.9033
   26.2573
   37.3463
   1.78184
   7.22294
   13.8515
   31.6224
   3.21477
   55.8028
   56.2289
   20.3152
 0.0422922
   3.83592
   4.28178
   1.40619
   5.99399
   52.9903
  0.275178
   8.02845
   10.2557
   3.37083
   10.0312
   67.0525
   7.34529
   12.5636
   12.8094
    7.7643
   26.2571
   11.1125
   26.4614
   9.26409
   32.1649
    16.536
   4.71727
   2.88894
   3.00302
   33.3797
    60.985
    54.434
   1.45362
  0.210856
   4.07276
  0.242919
   3.05878
 0.0905486
   5.21007
   7.25025
   38.0661
   34.3409
   30.7231
    8.6734
   38.7619
   55.0401
   23.7106
    37.833
   28.0983
  0.374758
   53.6986
    22.967
   45.0255
  0.564693
   3.03196
   9.12615
   0.47754
    60.261
   18.6376
   8.89286
   12.5301
   7.72751
   8.04901
   34.9391
    40.514
 0.0394754
   9.47927
   1.40901
   21.4566
   2.15575
  0.584407
   11.4963
   7.37655
   23.1745
   6.97203
   44.0444
   2.42863
   5.83989
   57.8088
   33.1166
   1.47448
  0.722472
   1.82356
    49.766
   4.31775
    51.774
   7.88637
   28.8911
   8.12067
   4.98851
  0.973163
   1.75466
   5.42732
    24.684
   53.9159
   25.7415
   16.5159
   1.66845
   2.79259
   2.69174
  0.143291
 0.0314789
   13.3648
   49.7849
   56.8288
    33.117
   2.78871
   3.51397
  0.421872
   1.11833
   6.72295
   35.3119
   27.9691
   31.7251
   52.3591
   32.5719
   43.2581
   34.1079
   2.01335
   14.8543
   1.78367
   37.5387
   36.9184
   55.7663
   12.5494
   5.44829
   57.9738
    18.848
    29.561
   4.36144
   22.4883
   25.7761
    27.861
   26.1493
   18.7925
   14.3612
   14.7376
   9.91044
   13.9485
   6.25774
   7.76816
   11.9199
    52.109
    37.327
    15.224
   9.06355
   20.4129
   3.02492
   8.77649
   7.32875
   13.8048
   27.4892
   20.2172
   41.1362
   9.98536
   28.7899
   58.3293
   25.2158
   6.27055
   17.2363
   8.53093
   13.9485
 0.0604771
   26.9645
   27.0165
  0.841975
   5.12334
  0.699472
   7.37856
   12.6278
    25.505
   45.9441
   5.82731
   66.9759
   35.6601
   43.9924
   38.3887
   7.27981
   15.0089
   12.0261
  0.473738
   34.8176
   30.6928
   13.4343
   16.6287
   4.69098
   33.4033
   13.4343
   30.3944
   8.09907
   13.6587
   32.1735
   29.9867