    17.3879
    28.8642
    47.5945
    43.8946
     39.702
    42.1964
     40.288
    34.7855
    15.1513
    31.9144
    34.4286
    22.4093
    25.9974
    22.7201
    19.5325
    4.04123
     13.462
    1.74519
   0.536665
   0.459498
    8.36042
    20.9928
    24.7984
    5.59856
    6.68165
    11.6015
      18.37
    24.4247
    24.4515
    22.9392
    23.1027
    39.2551
    32.9869
    31.0972
    46.5705
    30.6659
     17.084
    30.3391
    46.2191
    42.5843
    43.3099
    4.15925
    6.43275
    13.5847
    18.6835
    10.8259
   0.978679
   0.151932
    6.81421
    4.60359
    9.73646
    1.75556
    9.53689
    35.8855
    34.5817
    17.0527
    7.84084
    1.20501
    5.96221
    24.0554
    29.1851
     35.561
    46.8252
    27.5644
    19.1441
    19.8494
    4.09795
    2.01191
    4.08092
    3.33185
    8.80757
    3.85633
    24.5065
    31.8178
    26.8951
    24.7274
    42.9207
    44.1766
    31.4257
     32.994
    20.3971
    16.6902
    2.76684
    11.1726
    25.2568
    20.3452
    48.3531
    47.5587
    40.3815
    25.0737
    23.0594
    19.6885
     21.725
    21.8326
    24.2406
    18.2069
    2.71964
    2.90169
    3.98152
    3.93029
   0.544371
    2.99404
    6.29862
      4.467
    1.12489
   0.582206
    41.2865
    22.5969
    53.0849
    44.4729
    41.0854
    12.5527
    33.8119
    51.0729
    40.1972
    26.3942
    32.9072
    25.5306
    12.0294
    28.0854
    26.9574
    16.0673
    11.1639
    5.49919
    15.0998
   0.564505
    5.08055
    1.89669
    4.54672
    12.4997
    43.9173
    5.93964
    14.7739
     27.667
     32.421
    2.39185
    7.91392
    33.3304
    1.88678
    5.12758
    49.8899
    31.6688
    20.4217
    41.5804
    41.3851
    25.4494
    26.3555
    35.5657
    25.2445
     22.263
   0.941444
    1.89227
   0.165392
    51.3154
    46.3296
    54.0962
    48.8751
    10.8649
    2.67872
     26.669
    4.30377
    4.58304
   0.571292
    9.65635
    13.0445
    14.4557
    17.8816
      1.381
    4.02219
     7.5416
    5.98372
    9.62959
    13.5674
    6.09515
    12.4342
    5.46599
    8.61493
    8.72423
    7.49704
    19.2662
    13.9546
    17.4984
    14.5937
    22.9555
    17.0122
    15.6016
    14.2474
    9.07207
    7.95701
    28.6254
     25.508
    2.34972
    19.1483
    5.51495
    1.71957
    23.7655
    5.21533
    13.9465
    3.01293
    9.45719
    1.02055
    3.90124
    9.05347
    7.18133
     17.718
    9.07718
     5.3766
    20.7425
    3.47305
    12.5692
    11.9032
    8.16448
    2.70549
    20.5889
   0.802651
    3.14493
    10.0171
    13.7839
    3.33196
    7.45847
    4.60928
    20.7544
    16.3666
    1.43853
     4.4955
    25.8123
    25.2585
    3.68777
    8.66868
    18.6727
    19.6452
    11.2475
    15.0631
    16.1092
    6.39188
   0.179727
    7.55545
    25.1918
    3.03789
    1.88299
    2.83419
    5.89265
    13.8216
    16.9295
    4.02615
     19.231
    21.6759
    5.53519
    4.39645
    8.72629
     4.7848
    4.56174
   0.670195
    3.74819
    17.9106
    2.32481
    10.5804
    4.23369
    1.37636
   0.895751
    23.7084
    23.0681
    22.2013
    4.15971
    30.9762
   0.534956
     23.948
    23.0634
    4.43918
    2.34464
  0.0468781
    18.2239
    1.58803
    3.01842
    1.01669
     20.974
    34.9848
     12.195
    15.0612
    6.68482
     5.5837
    8.67712
    10.7764
    6.19099
     2.2461
    21.2959
    14.7385
    13.6043
    29.2494
     19.063
    10.4695
     9.8159
    4.03843
    0.48529
    15.6885
    14.4623
     11.655
    7.46753
    8.11786
    19.8011
    13.7305
    12.4715
    15.7142
    10.7637
    5.39296
    15.3463
     12.685
    10.6964
    6.95833
    13.7893
    16.1679
    15.9118
     14.263
    13.4988
    16.3321
   0.427219
    6.41724
    6.13744
    21.8455
    22.9263
    4.62919
     1.4033
    6.39218
    5.73887
    14.5389
    12.3528
    50.3179
    1.02884
    13.7587
    6.10998
    15.5123
    1.13787
    11.2299
    7.77821
     4.8224
    2.23391
    3.34475
   0.918147
   0.850546
     11.633
    14.5739
    17.7342
  0.0523873
    2.28206
    25.4934
    15.5832
    12.1913
    6.08675
    7.92949
    9.25312
    26.4914
    7.90844
    1.95512
    8.81727
    4.29015
    14.7686
    6.62844
    12.0736
    6.75861
    1.63632
    3.39065
    6.10454
    16.4993
    6.97385
    18.6004
    7.19529
    11.4102
    8.12442
     17.055
    10.4593
    14.6981
    4.83331
   0.902298
    15.7344
    1.54452
    11.4561
    1.59007
    43.2717
    9.52293
    5.89196
    17.1955
   0.136269
    17.7248
    4.77284
     8.7159
    1.44309
    4.38764
    2.30115
    14.3254
    13.4053
    8.86963
    11.8368
    15.3231
    12.8151
    1.24582
  0.0445035
    42.8788
    26.4335
    9.81279
    5.25345
    9.34719
      12.11
    8.12759
    7.75855
    2.03996
    13.0373
    5.30424
    4.95447
    14.7111
   0.759188
    8.53499
    13.9253
    11.2208
    17.8901
    3.98873
   0.732725
    7.29551
   0.808557
   0.653576
    20.6675
    1.61338
    4.42687
    9.32096
    17.9814
     14.025
    18.6269
    1.51453
    4.00089
    23.1385
    5.49908
    15.5428
    13.7693
    6.99954
   0.232191
    16.1376
   0.979568
    9.39804
     1.3016
    6.32861
    25.6539
    27.7792
    6.61349
    18.8147
    15.4012
    18.0288
    18.0288
    3.35965
    5.29918
   0.333678
   0.757735
    16.4609
    38.5745
    17.5793
    12.8087
    1.15242
     6.3522
    7.97308
    9.46643
    12.4008
    7.11604
    4.15882
   0.808564
     15.201
    30.1842
    22.7706
    7.15935
     7.5956
    2.15158
    12.7455
    14.8157
     8.7007
    10.9449
    12.8997
    17.1354
    15.3699
    16.7155
    10.0091
    15.7557
    12.1319
    9.15488
    8.64478
    16.7754
    16.3198
    13.6368
    2.64138
    7.51185
     1.7249
    13.0108
     25.825
   0.525777
    10.7224
    2.50482
    19.7675
    7.33401
    2.11662
    1.51674
    3.52162
    2.09134
    8.79577
     12.653
    12.7888
    11.0798
    16.1708
    4.45312
    6.65896
    6.03569
    13.4704
    16.4428
    9.24551
    10.1324
    12.9213
    12.4597
    1.90099
    6.80891
   0.195007
   0.846704
    4.55498
    17.5658
     11.589
     2.7032
    14.8027
    3.65498
    16.8657
     10.618
    8.08337
    11.1601
    15.5325
    2.08138
    4.04617
     8.7229
    21.8536
    16.7667
    11.2713
    3.47932
    2.60497
    4.18604
    12.9535
    0.64696
    5.47852
    9.71119
    27.5001
    30.5254
     27.335
   0.732289
    25.3929
    11.3627
   0.879869
    29.8372
    16.4822
    7.14617
    12.8758
    5.80659
      8.289
    3.34599
    16.3081
    5.02077
     8.1781
    19.4381
    6.57264
    13.7652
     16.061
    19.4911
    1.73446
     1.2974
    16.1455
    2.91868
    9.66786
    2.39138
    19.8118
    19.8411
    3.84774
    13.6345
    2.98361
    8.45231
    14.6355
    5.67328
    6.57344
    5.58837
    3.20607
    1.71897
    2.64604
    10.2458
     7.7943
    18.6858
    24.2451
    3.76508
    6.14016
    16.6265
    6.74803
    5.89299
     2.0425
    1.09025
     2.2279
    2.07671
    5.94774
    5.05672
    14.0211
    18.2355
    10.0668
    5.45068
    12.3597
    5.05332
    1.38718
    7.86036
    12.0504
    15.0699
    8.91454
    18.6602
    18.5161
    13.8553
    20.6907
   0.583762
    2.53527
    17.4326
    11.1058
    11.9018
    23.9439
    13.5248
     23.775
    5.35912
    14.0647
    11.9917
    12.5885
    3.76167
   0.960017
    12.6318
    11.7758
     3.3436
    11.8727
    9.95351
    14.1524
    12.9268
    10.4276
    2.66819
    9.93448
   0.714187
    26.1878
    12.1866
    14.7528
     12.873
    17.1933
    17.0812
    16.0322
    19.9528
    14.5414
    19.2476
    16.5819
    11.0177
     7.9233
0.000594999
    12.7277
   0.514586
    5.27775
    6.16619
    17.0665
    13.3711
    17.6778
    13.0344
    12.0077
    2.44021
    13.9662
    18.6127
    22.2651
    14.3772
    51.3314
    15.7881
    11.2086
    7.29511
     11.558
    7.62528
    2.43517
    5.51897
    27.5914
    2.88888
    8.60023
    9.16135
    16.8567
    3.84566
    9.24142
    10.7201
    17.7052
    7.27066
    3.15676
   0.894737
  0.0949556
    6.22124
    6.85598
     8.6165
    1.39462
    1.30048
    2.11141
    1.79613
    2.77259
    7.17658
   0.657455
       12.6
    12.8126
    1.82334
     5.7152
    11.3869
    11.6349
    9.07102
     3.6889
    8.10142
    3.27215
    10.0426
    6.99111
    2.94697
    17.7326
    11.2737
    2.55074
    5.33355
    11.6339
    11.9342
     11.126
    1.41491
   0.905698
    17.7671
    4.30429
    7.65248
    6.20936
    13.1635
    13.5558
     14.845
     3.6119
    1.43948
    5.39711
    2.05532
   0.533726
    16.1737
      6.576
    3.10222
   0.186503
    7.97655
    8.00154
    34.2141
    12.5692
    13.5701
    15.5619
    1.86141
    2.05881
    6.39233
    12.3267
    2.29587
    14.4474
    13.8798
    9.89776
    6.54141
    17.5471
    1.85691
    12.7999
    10.8202
    8.89243
    7.03398
    14.5415
    9.26486
    5.18385
    0.44481
    3.52959
   0.989651
    11.8743
   0.878993
       14.6
    12.8539
      4.596
    16.8664
    20.3252
    7.09506
    3.03267
     10.685
   0.767973
    8.49256
    10.3049
    15.4636
    7.88948
    11.9091
   0.783082
    3.28875
    14.4144
    14.0845
      10.14
    12.9791
    6.26232
    3.01498
    6.75518
    18.3292
   0.108029
    1.08269
    2.39284
    1.07664
     5.2475
    9.30661
   0.750782
    9.04552
    3.94568
    9.07303
    1.28392
    1.07946
    2.73062
    11.0009
   0.774898
   0.852876
    7.99103
    15.0726
    5.12995
    15.2459
     4.5637
    1.08506
    2.90583
    12.5061
    2.71874
    13.1317
    10.5973
     15.073
    1.39332
    1.21766
   0.555248
    3.95623
    5.08549
    17.8331
    9.55107
    6.53308
    8.31872
    13.5934
    7.53565
    12.7554
    5.06882
    19.6267
    1.70941
    11.0104
     7.3663
    16.4151
    2.87605
   0.332592
    4.81025
   0.286444
   0.778526
    3.60594
    7.57804
   0.794332
    2.99638
    1.51831
    3.24683
    6.50544
    6.88272
    6.10255
    2.53943
  0.0861633
    6.59065
    5.12115
    7.05485
    5.89739
    16.6699
    11.7026
    1.60487
    2.36054
    8.75218
     7.2954
    14.7214
     1.4275
    4.81215
    15.3342
    16.5221
    0.93196
   0.946023
   0.631971
    2.90551
    1.28234
    2.21025
    10.6466
    1.42514
    3.38542
    1.60198
    12.4685
    14.1646
     1.7191
    15.2528
    2.56612
    5.94083
    9.34893
     2.4676
    3.01939
    1.95479
    5.18503
     2.2084
    11.9636
    1.60591
    3.85245
     2.7462
    13.8356
   0.742081
    20.5321
    5.67058
    16.8947
    3.93998
    18.2174
    17.7308
     9.7762
    12.6815
     1.2158
    4.47949
    13.1533
    4.76972
    8.38332
    17.9954
    13.3486
    17.4338
    8.17152
    13.1685
    9.11678
   0.848453
    5.07336
    11.1333
    2.01985
    7.13794
    14.5916
    21.4391
    6.84679
    2.37117
    2.62986
     6.1823
    15.1941
    1.37438
    3.72643
    14.0176
    5.44889
    5.39721
    16.9243
    4.52529
    14.9825
    5.30322
    2.53682
    1.67106
    6.51493
    14.1739
   0.752394
    19.7255
    5.00049
   0.258029
    16.8272
     16.325
   0.833996
    1.63434
    5.07338
   0.867214
    9.38368
     4.4988
    9.43147
    5.16112
   0.767581
    14.0917
    3.99313
    5.10233
       9.37
    14.4035
    7.60508
    57.7066
    12.2852
    10.1865
    9.19588
     2.8523
    11.1579
    8.55788
    16.2254
    10.3212
    67.4149
    6.02713
    4.69438
    13.3501
    6.51493
    16.1636
    12.9013
    11.5182
    23.0306
    20.7528
    12.0576
    18.9026
    22.6416
    28.8711
    6.79799
    29.9804
    33.1978
    24.0325
    14.2979
    4.17852
    9.78605
    10.8992
   0.153115
    6.06594
    8.12436
    7.56066
    12.4672
     5.6953
  0.0603791
    7.78853
    11.7979
    6.41593
    36.3885
    10.6357
    20.3564
    5.91951
    3.04443
   0.628508
    5.69513
    2.49905
    67.3639
    5.86354
    1.41553
    3.53158
     8.0778
   0.937475
    25.4535
    2.28723
    8.12597
      34.57
    8.62593
    16.2388
    6.07132
     5.1106
     2.1583
     6.5486
    11.0363
    12.4472
    0.68899
    13.2963
    12.5092
    13.2905
   0.681429
   0.614771
    15.2157
    22.1684
    19.2382
    6.39743
    27.1895
    10.1163
     13.266
      13.94
   0.750782
    9.71298
    9.36831
      22.16
    18.9341
    8.83155
    8.43146
    34.0099
    25.0791
    24.1018
    50.0294
    8.46234
    9.68336
    13.7682
    5.11951
    1.01572
     1.1896
    2.22464
    12.1103
     5.9643
    4.94462