  27.4212
  34.1273
   41.229
  8.96381
  14.0615
  4.96002
0.0541305
  18.0632
   20.424
  10.1764
  9.65882
  8.92639
  10.0175
  9.07717
  10.2535
  8.73594
  19.7828
  11.8933
  14.8685
  9.24685
  16.1822
  8.84634
   8.9499
  37.7067
  43.8098
  41.4414
  52.6876
  26.4298
  20.6142
  19.9099
  13.5832
    35.43
  8.31283
   23.344
  37.7341
  33.1662
  30.7084
  12.0894
  28.1245
  13.2269
  28.0045
  22.6355
  11.5526
  15.8735
  94.3223
   96.393
  104.738
  72.3501
  55.7269
  22.6891
  21.2247
   42.165
  42.6483
  15.8353
  41.1641
  58.0277
  48.2156
  67.3158
  24.6744
  16.3238
  19.6466
  34.4199
  29.1656
  19.6194
  21.5443
  15.4471
  14.0159
  2.13826
  8.22274
  14.3102
  8.74481
  14.4019
  8.18607
  16.2137
  16.2544
  44.8429
  32.1525
  39.2519
   22.888
  42.4863
  41.1172
    36.48
  13.9144
  19.4293
  16.6331
  2.93367
  23.4972
  19.9361
  16.3683
  8.17485
  16.3401
  22.4947
  19.8417
  18.7489
  20.3506
  6.77968
  28.3148
  22.9293
  25.2054
  22.7774
  15.3379
  44.0223
  26.6107
  6.66169
  12.3438
  1.61964
  2.70063
  8.46775
  9.61814
 0.869554
  2.22931
  9.28289
  2.58151
  3.74725
 0.545124
  6.90377
  1.84875
  14.4717
  10.1047
 0.868162
  4.27674
   4.1396
  4.52165
  2.91067
  43.8638
  22.8552
  7.45929
  4.67415
  13.4314
  2.79562
  15.7769
  4.18532
  4.79552
  14.2332
  8.67672
  7.69635
   12.674
  6.87607
  4.32514
  8.89912
  43.6655
  42.9123
  32.7993
  37.4351
  17.0506
  40.3694
  38.6811
  31.2389
  19.3683
  40.0248
  41.1296
  22.0115
  37.3018
  41.1287
  42.0484
  36.9804
   38.382
  33.7694
  54.5045
  87.7685
  53.8947
  98.0119
  10.1218
  40.3871
  14.5052
  13.4195
  61.7924
  38.3848
  33.2843
  65.3974
  66.9704
  11.4868
  4.76281
  3.54004
  12.6783
  25.2275
  26.2113
  32.8745
  17.1747
  27.6009
  34.0804
  79.1082
  34.1206
  45.1306
  49.6968
   44.933
  26.8318
  22.7266
  7.56377
  21.3603
  10.7647
  17.6899
  12.3276
  13.6298
   8.5465
  30.6967
  41.5867
  37.5217
  25.7967
  40.3379
   42.165
  26.3184
  26.0833
  25.1174
  24.1498
  32.0238
  22.8103
  24.0448
  29.5606
  35.6159
  31.1166
  21.1715
  77.1578
  114.398
  16.1705
  36.8243
  100.025
  43.7005
  18.1385
  38.8324
  21.0358
  55.2087
  45.7355
   18.072
  40.4351
  33.0792
  47.0112
  20.4156
  37.3258
  32.9056
  33.1334
  15.8364
  21.8066
  8.56419
  11.4299
  5.28545
  12.2178
  14.2129
   23.122
  14.1568
  41.7863
   32.971
  42.2457
  40.5753
  17.1679
  2.92518
  10.5798
  13.1674
  16.7849
  13.3287
  12.8066
  5.31329
  19.3634
  23.7521
  24.9417
  12.6062
  15.2349
  4.73293
   22.739
  21.5451
  23.0661
  17.1111
   3.6039
  2.32349
  10.2416
     11.9
  18.7436
  5.62816
   11.842
  16.3645
  1.91469
  1.31596
  3.78559
   11.272
  31.6943
   40.058
  21.3781
  3.61745
  11.2248
  3.38947
  31.6701
  23.4564
  23.5246
  21.5296
  24.1959
  32.1319
  14.3856
  11.7295
  20.6263
  24.2816
  13.7556
  4.45227
  34.7835
  26.7688
  25.4678
  39.2397
  14.2447
  20.7242
  12.3793
  8.68455
  14.8915
  9.51022
  12.5962
  48.2011
  37.5419
  14.2414
  68.9371
  24.6817
  29.7534
  23.4148
  24.0743
  23.0016
    117.8
  24.7455
  31.4743
  37.8186
  39.4958
  31.7848
  32.6701
  23.1712
  3.60563
   44.248
  101.119
   121.77
  117.038
  14.7961
  29.6584
  37.3967
  17.4256
  29.2802
  19.5389
  29.4604
   18.485
  109.549
  23.8609
  36.8097
  97.5676
  24.6667
   54.859
  17.9685
  19.3968
  5.99605
  19.0383
  23.8301
  8.80452
  5.77787
   5.1553
  40.0486
  15.6074
  13.8298
  14.0753
  7.87619
  7.04554
  2.93579
  17.2795
  14.2519
  14.2434
  29.6586
  28.2745
  19.4099
  33.6181
  27.3793
  20.7074
  42.5418
  41.8258
  6.43409
   10.642
  4.14992
  1.21945
 0.620772
  17.7988
  18.9738
  21.7389
  11.4565
  21.2493
  14.4576
  5.78856
  12.4347
  19.3812
  20.4572
  25.6131
  16.0552
  20.9379
  22.9812
  24.7544
  11.3541
  26.8905
  22.6633
  33.3413
  19.5993
  14.9201
  13.3797
  17.5626
  17.2495
  1.50489
  10.0042
  11.9812
  4.86797
  3.34989
  23.9539
  1.43524
  14.5192
  15.5665
   13.746
  6.52529
   5.2164
  7.91656
  7.29037
  12.7288
   39.774
  46.0119
  33.8242
  36.4675
  17.8625
  4.37844
  29.7609
  40.3407
  32.5605
   41.259
  36.6041
  19.0473
   34.886
  57.3352
  34.4788
  32.5923
    31.53
  23.6822
  41.8327
  29.8039
  37.9046
  39.7528
  3.39206
   23.457
  109.151
   105.31
  94.2633
  17.3965
  27.2683
  36.1249
   31.857
   17.878
  4.65476
  15.8687
  17.1963
  96.6203
  19.7716
  45.3817
  24.2366
  23.8227
  36.7989
  70.7259
   41.166
  11.6582
  32.5341
  32.0179
   12.711
  17.8968
  23.7649
  44.4891
  38.4546
  59.8185
   67.678
  22.7558
  23.5418
  17.6349
  15.0041
  18.9186
  29.3227
  10.5896
  27.6542
  43.9189
  36.2228
  6.49388
  11.5837
   4.9458
  47.5825
  13.1367
  21.0815
  21.2064
   13.539
  20.0025
   43.627
  11.3538
  2.73985
  9.74698
  10.7265
   5.6213
   12.811
  17.9223
  32.7955
  4.15016
  22.1818
  3.11909
  19.1135
  2.90555
  12.1666
  21.8744
  5.54914
  20.8593
  43.7665
  33.2996
  42.2877
  10.0714
  24.2838
   1.3637
  5.01882
  12.8118
   10.307
  47.0783
  17.3798
  27.4799
  26.6177
  31.0458
  39.3424
  29.8041
  27.6277
  33.6268
  22.4394
  100.674
  114.711
  26.9345
  24.2187
  38.2961
  26.4402
  38.8601
  114.222
  79.2988
  22.5977
   110.89
   54.456
   27.053
  24.7384
   26.337
   24.687
  18.8151
  22.3533
  20.2375
   7.5056
  1.29313
  3.88995
  19.3562
  27.6155
  54.1492
    71.36
  51.7526
  9.05837
  19.2566
  14.2029
   5.7485
  43.1154
  53.0338
  15.6422
  37.6222
  58.8036
  32.5576
  11.0637
  30.2521
  65.1953
   21.658
  21.4571
  12.3642
  3.46602
  46.7042
  15.9717
   21.016
   16.122
   24.034
   57.974
  25.4652
  49.2221
  3.18139
  1.04083
  57.0126
  22.5373
   24.274
  19.0662
  22.9282
  20.0954
  51.2208
  109.692
  48.9124
   8.7673
  9.92976
  6.66505
  6.27533
  3.18236
  4.91417
  45.9975
  51.5291
  52.5173
  44.9909
  30.2871
  21.9261
  41.3481
  16.5806
   42.779
  102.898
  16.0754
  2.89613
  8.67188
  32.5305
  72.2174
  50.6806
  17.6215
  3.82177
  58.1692
  48.3244
  5.27388
  4.17619
  51.2591
  35.2996
  37.8345
  12.7241
  21.1003
    17.17
  10.2298
  7.35734
  21.8189
  1.19853
  13.5786
  47.7003
  38.6097
  7.63557
  38.8606
  27.3429
  31.4413
  28.1148
   11.888
  29.4194
  121.398
  22.2575
  12.9346
  21.5969
  59.6926
  43.6396
   36.878
  42.7286
  36.2341
  43.2992
  26.3693
  62.4969
  10.9901
  16.9153
  11.9701
  11.3297
  41.6454
  62.2855
  3.36427
  52.8984
 0.558841
  28.5943
  35.0402
  48.8688
  25.2727
 0.508959
  23.5466
  25.6892
  25.9705
  3.48117
  6.84666
  67.5643
  30.9496
  62.9183
  29.5573
  36.2375
   54.569
  36.9865
  39.2578
  6.10265
  40.1436
  35.0139
  20.8726
  61.1836
  16.3604
  68.4086
  12.9346
  94.6814
  51.3879
  72.2002
  48.0301
  43.7149
 0.899866
  5.83955
  16.9748
  51.1027
  72.3364
  25.6567
  57.5734
  43.8254
  38.8671
  25.4965
  40.7283
  23.8126
  27.5845
   27.736
  16.5978
  44.9163
  33.7565
  34.2833
   26.406
   35.689
  16.7587
  73.1224
  60.3561
  30.0442
  55.8784
  1.75444
  46.7074
  20.2706
  49.9208
  8.41467
  20.1529
  40.3761
  31.1889
  13.8761
  44.8064
  36.3108
  40.0378
   45.658
   39.309
   25.841
  71.5851
  40.9002
  66.6425
   22.673
  17.9313
  45.2593
   13.511
  26.8183
  30.4784
   57.644
  62.1323
  28.0295
  29.6535
  27.1379
  11.1643
  61.0719
  21.0257
  41.5951
  38.9296
  19.4091
  9.09154
  21.6674
  27.6361
  24.2082
  44.5366
  15.9541
  1.00779
  35.3183
  46.1477
  18.2438
   20.499
   42.269
  13.5872
  19.9643
  13.8237
  17.4093
  3.10106
  3.32778
  41.8471
  7.24724
  22.8147
  7.42033
   14.204
  13.6519
  40.2201
    22.15
  27.6192
  7.20534
  41.7862
  11.1294
  24.7006
  47.4202
  36.1787
  14.6454
  29.7655
  10.1329
   21.772
  52.2304
  58.8032
  43.4125
  35.5927
   9.9825
  5.79287
  41.2532
  51.7894
  32.6348
  35.5096
  41.0431
  40.8756
  5.52902
  22.4263
  8.40518
   25.715
  43.8846
  35.8172
  15.9698
   9.8129
  13.9317
   13.793
  50.8411
  38.9826
  41.8515
  39.9947
  34.1039
  40.3416
  41.5408
  22.3751
   47.072