 0.726529
  5.13902
   7.5529
  11.2204
  16.9815
  17.4791
  19.1569
  8.27189
  7.98683
  8.15496
  12.3598
  5.56863
  4.13852
  11.3507
  19.2428
  9.10843
  17.3878
  13.1414
  15.9265
  23.6804
  30.1085
   27.477
  28.8549
  31.6137
  1.52308
  10.4293
  1.74519
  13.3116
  4.86051
   7.1067
  42.7223
  29.3777
  27.8252
  29.2256
  21.8402
  26.9102
  19.0331
  13.6364
  31.6475
  16.5268
  16.5981
  18.6545
  22.9055
  21.1136
  9.41645
  18.1258
  11.6781
  16.9315
  27.1488
  22.3519
  16.5255
  5.59789
  14.6995
  5.95409
   13.364
  13.3378
   6.8925
  3.60754
  13.3411
  32.4575
   26.245
  26.6145
  13.6592
  6.83457
  2.35073
  4.30893
  27.5161
  19.7449
  28.9561
  8.67449
  17.8451
  20.0388
  7.93322
  21.9811
 0.603948
    3.432
  3.80051
  2.54525
  4.93929
  7.83807
  5.50752
  5.18993
  5.24955
  9.82611
  10.8361
  31.2143
  23.8153
  4.73627
  35.9892
  1.89293
    8.567
  1.44426
  6.89048
   40.406
  27.1581
  19.8516
  13.3181
  20.9519
  23.1254
  16.4683
  12.8235
  13.6789
  22.8608
  9.38698
  19.1995
  1.48481
  14.4177
  13.8767
  25.0181
  19.9014
  27.8058
  25.1986
  31.7127
 0.294293
 0.331151
  12.3941
  1.61561
  4.06878
   13.416
  2.66041
   19.995
  26.6913
   33.308
  5.16954
  9.23712
  19.8626
  4.68936
   14.065
  13.5837
  9.94863
  39.0264
  0.75551
  16.9353
  22.5408
  31.2031
  5.86699
   11.713
  7.16739
  6.65605
    3.752
  8.38227
   1.4485
  17.5353
  25.9967
   10.512
  20.6425
  15.6564
  11.8705
  16.6375
  24.5026
   23.863
  26.6856
  16.0889
  2.01033
   3.1335
    1.823
  7.38134
  7.02661
  35.5924
  26.2766
  30.1266
  8.14722
  9.16429
 0.718467
  21.7584
  2.32498
  34.1687
  24.1142
  20.7447
  25.2871
  12.6574
 0.677466
   9.3604
   34.685
  22.3769
  24.7254
  25.2772
  2.57143
  11.9852
  8.42659
 0.227231
  1.96014
  8.88685
  6.60283
  20.1794
  22.2181
  9.74018
  13.6355
  22.8095
  1.74952
  24.8423
   36.667
  10.6472
  18.3813
   8.8453
  4.51776
  5.67571
  41.3656
  26.3376
  19.2034
   11.097
  22.6664
   34.693
  23.7799
  5.52319
  5.67153
  11.3074
  25.2285
  9.68188
  5.54771
  12.1799
  18.6451
  11.5952
   11.692
  12.2737
  18.0561
  3.04658
  15.7381
  35.9815
  46.2575
  24.0343
  33.2315
  11.4626
  23.6062
  21.6856
  42.2632
  13.2462
  16.1193
  22.6643
  15.3644
  29.6847
   26.896
  5.46374
  43.7568
  12.9913
  8.59067
   9.0556
  39.8128
  25.6461
  37.0836
  2.74795
  27.3842
  9.45391
  6.15646
  8.42757
 0.841466
  30.2074
 0.441441
  26.5169
  40.4335
  1.70963
  19.3226
   10.137
  20.3072
  7.91692
  15.2496
  29.5225
  43.6296
  20.2465
  50.6219
  19.5692
   25.349
  23.7573
  15.2198
  33.3988
  17.3208
  19.1031
  21.6219
  7.11977
  3.48494
  20.9247
  6.56192
   24.274
  2.80526
  42.1916
  40.7618
  3.11434
  6.82666
  25.3896
  26.4065
   19.311
  6.19522
  19.6332
  11.9602
  12.4093
 0.658063
  14.4342
  21.3533
  11.5744
  11.9081
   36.157
  23.5991
  17.4171
  25.6273
  28.8758
  12.0644
   5.7954
 0.418956
  11.7692
   16.004
   6.6099
  5.40495
  5.66227
  33.4068
  3.54325
  1.78655
  18.0582
  24.5099
  10.7634
  22.3306
  24.4034
  19.6951
  14.2724
  18.8428
  19.5311
   44.868
 0.736436
  6.66603
  8.90776
  39.3305
  18.5393
  9.24026
  8.53617
  34.0336
  15.4097
  23.7762
 0.226298
  5.04977
   19.943
    19.69
  19.8951
  26.2068
  5.96742
   11.702
  1.97873
  10.5781
  4.55465
  3.24664
   8.2572
  1.59868
  1.79076
  2.49928
  20.5966
  21.1421
  19.4501
  5.68577
  2.48216
  0.55798
0.0215923
  0.80645
  9.12215
 0.777755
  3.49394
  24.6303
  11.1854
  2.43421
  4.94094
  5.77183
  1.31655
  1.81395
   20.597
  7.17043
  16.7853
  46.8755
  45.8398
   7.9561
  3.55928
   8.4432
  39.9929
  22.4789
  20.4083
    15.12
  1.76521
  4.94391
   4.4943
  7.26061
  1.84933
  10.4082
  9.19243
  16.3871
  2.22238
  30.8046
  26.0312
  13.6799
  26.2181
  20.3503
0.0847261
  9.89042
  31.6535
  6.36466
  4.83423
 0.260896
  3.12119
  11.9834
  21.5622
  15.9698
  9.64961
  12.6278
  3.09565
  4.91393
  6.22293
  18.5372
  43.9815
   2.7222
  21.5229
  35.2604
  20.7214
  10.0719
  15.3527
   9.5439
  5.51577
  18.1856
  3.03804
  3.89686
  5.76273
  8.02756
  20.1586
  2.73032
  11.8073
  16.9984
  1.58321
  4.57314
   47.148
  10.5371
  5.81361
 0.844801
    8.787
  15.8972
  17.2926
    14.19
   10.752
  26.9068
   9.0348
  13.3191
  6.60192
  19.1677
  25.2753
  15.3239
  15.5302
  3.30297
  1.66465
  5.40883
   3.6694
  17.2449
  8.62755
  31.1531
  16.0451
  11.6637
  15.2837
  11.1506
  5.41051
  7.57421
  18.9163
  14.8134
  41.2699
  28.2649
 0.295498
  14.1466
 0.603616
  21.3133
  9.45655
  26.5342
  27.0773
  10.5014
  18.9285
  7.78114
 0.239427
   4.5139
   9.8787
  5.80882
  3.43138
  19.6567
  14.5968
  22.2699
  10.6529
  1.18783
  17.8685
  45.0981
  13.3777
  44.8842
  3.24718
  24.1443
  11.2943
  19.8991
  16.8008
  22.5785
  16.0465
  10.1505
  2.38625
  5.04151
   38.549
  52.8326
  3.79579
  8.84867
  24.5758
  11.3826
  9.20285
  17.0796
  34.2739
  8.30492
  18.8582
   10.499
  7.73235
  37.4738
 0.618271
  8.30553
  16.9523
  4.15002
  12.1028
  15.1224
  17.4406
  21.4219
  12.5425
  9.34047
  8.40858
  5.13281
  3.45613
  26.9187
  14.0797
  19.0348
  11.7647
  9.49572
  4.09246
  21.6538
  22.5107
  18.7389
  20.8145
  8.73962
  4.98621
0.0428923
  9.12058
  6.25123
  10.0477
   34.056
 0.851123
 0.930146
  31.0885
   16.333
  18.4305
   22.246
 0.567729
  7.89494
  3.07417
  22.8573
 0.521521
  4.99531
  16.9884
  10.4684
  9.54602
  9.55203
  8.59425
  7.45503
  4.85203
  4.65742
  4.53303
   7.6775
  10.3774
  9.60455
  19.5656
 0.460903
  10.1509
  1.90237
  10.1616
  43.0295
  6.49038
  5.12459
  12.5835
  1.13884
  6.49961
  2.94215
  3.23314
  1.84054
  9.31602
  10.3379
  8.01078
  9.93953
  27.4262
  7.38271
  19.9644
  88.6804
  70.4952
  77.4045
  7.46391
  14.3513
  14.6421
  16.4137
  10.7082
  10.6743
  39.0697
   7.3387
  4.35913
  17.3968
  8.42035
  17.1317
  27.4134
   30.266
  14.8242
  25.2462
  19.2602
  12.7609
  36.0832
  27.9338
  1.25438
 0.400857
  13.7043
  6.13291
  3.48564
 0.254083
  5.12685
   18.619
  43.5769
  20.0963
  16.4622
  29.4221
  25.2216
  22.9815
  6.62759
  7.76042
  6.75753
  1.46371
  21.3573
  6.41962
  9.07597
  18.5218
  7.66189
  8.53199
   3.1592
  19.4298
    9.344
  16.4552
  1.64108
    4.842
 0.844659
 0.400293
  2.19314
  10.7162
  11.9584
  24.2683
  13.3245
  4.42829
  23.9369
  6.01637
 0.158946
  21.8888
  10.7826
  33.7837
  7.05344
   6.7854
  2.29787
  20.6932
  17.4861
  7.84722
  11.8049
   27.198
  4.22317
  49.1699
  6.18507
  25.9955
  5.13763
  42.7212
  2.87888
  28.8834
  0.21812
  11.7146
  19.2325
  11.4045
   2.9587
  5.10565
  13.8262
  7.80128
  4.19192
  76.4817
   37.462
  3.67212
  42.1765
  10.4323
  19.7807
  13.3132
  76.6693
   42.992
  11.3238
  33.6507
 0.238404
  10.4018
  42.1079
  35.4904
  41.8259
  40.9164
  15.1293
  6.21537
  1.14527
  8.32454
  73.3585
  35.3723
  23.1971
  6.21724
  10.6145
  7.33365
  2.50626
 0.188253
  1.08982
  6.49034
  2.62564
  10.9653
  7.48593
  10.6091
  9.36643
  7.90767
   21.657
 0.711761
  4.25462
 0.118517
  15.0972
    61.29
  11.3235
  9.07799
  6.58187
  1.88339
  11.6628
  10.7028
 0.287767
  11.9556
  5.47401
  40.5083
  9.90806
  40.3851
  50.3895
  15.9345
  34.1409
  1.96639
   10.841
  57.1164
  43.7988
  28.6752
  83.4494
  11.2805
  7.45338
  19.3279
  20.5495
  11.0258
  36.8368
  21.5762
  3.66545
  10.7938
 0.973231
  12.3339
  1.76161
  16.3326
  87.2139
  5.40509
  7.81797
  30.1981
   9.7994
  1.31876
  11.9081
  15.7291
  27.4907
   11.669
  1.03661
  35.3128
   6.7286
  3.12834
  9.33092
  10.7401
  63.5183
  3.16073
  9.41889
  3.89208
  4.40503
  22.0971
 0.604828
  23.3697
  20.5157
  24.1052
  9.03157
  1.05522
  2.71053
  11.4403
 0.430333
   14.819
  22.0646
  6.50285
  34.8114
  17.8529
   28.886
  17.5577
  15.2392
   20.876
   44.349
   2.5847
  32.6116
  7.77534
  4.57929
  6.47266
    11.13
  1.37192
   47.763
  1.33669
  29.9046
  37.1336
  26.0973
  3.47597
   38.265
  34.1366
  27.3509
  33.7527
  40.6758
  20.5252
  9.38931
  14.2002
  33.9721
  10.6116
  7.04392
  31.4739
 0.247015
  13.2612
  4.62389
  35.5161
  20.4209
  32.0817
  40.1191
  29.7556
  23.3224
  29.5072
  21.5359
  10.5117
  28.6486
  16.3469
  18.4314
  20.9731
  4.50214
  18.4906
   28.379
  12.5263
  6.06814
  18.5806
   8.2044
  4.48502
  1.67378
  18.9861
   27.222
  13.4342
  22.5478
  17.3938
  11.0115
  11.6534
  39.8945
 0.509383
  5.20086
  13.9334
  33.4289
  5.67975
  14.1585
  25.9434
  17.2876
   8.5661
  16.8769
  10.2287
  2.94659
  12.3544
  4.03022
  15.8428
  2.96736
  29.9709
  2.77765
  5.82716
  9.19659
  1.54446
  5.60238
  2.11314
  6.80535
  17.0131
  19.7934
   29.264
  14.5325
  7.44734
  17.0814
  10.0493
  5.47837
  1.75965
 0.885466
  29.9209
  23.0223
  12.7326
  32.4442
  24.9649
  8.27429
   33.546
  27.8059
  2.49721
  8.58945
  9.22818
   3.6655
  38.5123
  21.6152
  24.7422
  6.77477
  10.6014
  14.9982
  4.40634
  7.48243
 0.993811
  21.9332
  15.5068
  11.8025
 0.611779
  6.68667
  11.4542
  38.7252
  13.6125
  5.44215
  20.9012
  26.5164
  31.8908
  13.9693
  16.9625
  22.8066
  34.8808
  12.2856
  16.8529
  5.02819
  31.3428
  17.9473
  33.7052
  46.9969
  16.1715
 0.558029
  25.9827
  29.4894
  5.66648
  15.9052
  15.2098
  13.8821
  7.36534
  11.1111
  5.70396
  41.1783
  18.8447
  12.7938
   13.685
  8.69093
  35.9725
  13.8033
  6.98608
  28.8183
  37.7497
   3.5724
  10.4541
  25.4389
  23.1677
  34.2307
  26.3985
  17.4992
  27.3694
  5.88468
  15.4244
  17.3787
  29.7654
  39.7965
  18.7367
  26.7076
  30.0689
  11.1194
  46.7118
  31.6935
  18.9551
  22.6297
  23.1178
  3.76819
  5.14777
  11.9858
  27.5166
  6.72951
  8.05651
  13.2206
  1.56801
  6.59144
  11.5013
  35.8065
  22.7224
  18.9936
  11.6878
  43.9504
  22.1856
  20.8803
   20.857
  30.6619
  13.1444
  45.0083
  17.5503
  6.70194
  3.39981
  14.8362
  28.9454
  17.3918
  5.75277
   10.382
  3.93442
   20.753
  30.6635
  16.9489
  14.0997
  34.9015
  9.71674
  4.41542
  17.2564
  32.3875
  15.0508
  10.5419
  18.1822
  13.2033
  8.93133
  12.9807
  23.3548
  27.5764
  14.7327
  7.74267
   11.121
  30.0928
  8.53043
  4.33552
  7.70164
  13.4616
 0.661282
  26.8077
  22.6094
  29.5312
  16.0921
   1.3945
   2.6469
  22.7347
  15.5237
    3.712
  7.90531
  21.8996
  17.0233
  16.3112
  2.20707
  18.3836
  2.82987
  17.3407
  11.6236
  26.1189
  30.4072
  26.8064
  28.0111
  2.99462
  18.6119
  24.4057
  35.8563
  18.7139
  31.2264
  8.58843
  17.1681
  39.4931
  36.8053
  5.64544
  14.4513
  14.8939
  22.5131
  9.08255
  19.6576
  20.0707
  5.64776
   2.9182
  5.63058
  14.3325
  21.2412
  5.56611
  3.59698
  15.6108
  9.13209
  2.25355
  3.16968
  3.09647
  9.84435
 0.812006
 0.104854
  87.7711
  25.3677
  26.2543
   12.231
  4.29465
  30.7138
  12.2531
  16.9661
  23.3514
  16.0436
  14.1332
  4.35631
  32.2228
   10.107
  5.36346
  3.33322
  1.61072
  8.48415
  4.95297
  11.2182
  34.5609
  3.32352
  16.8436
  15.5869
  24.3977
  18.9172
  15.6749
  18.2844
  7.20707
  9.77991
  34.5732
 0.881442
   20.583
  20.4178
  12.0989
  16.4191
  16.4276
  21.4879
 0.150399
  13.9237
  8.62417
   11.477
   23.533
  14.1032
  15.2538
   23.563
  2.47482
  11.7581
  19.0258
   27.895
  20.7216
 0.245479
  21.7178
  21.4599
  13.7242
  31.3238
  22.8715
  18.8967
  19.6396
  9.88829
  25.0854
   21.712
  9.40265
  14.8908
  9.32901
 0.491593
   11.702
  20.0792
  3.33037
  12.0853
  17.3027
  12.6152
  16.9607
  31.0905
  30.1084
  20.8093
  5.76307
  20.2205
   1.6578
  27.0739
  2.75155
   13.569
  20.0366
  23.0132
  28.1071
  13.2912
  25.7838
  7.58188
  24.3165
 0.623018
  17.6458
  1.61822
   13.093
  15.7124
   1.9038
  29.8521
  32.6579
  16.4871
  17.1748
  15.6402
  3.92347
  16.9374
  15.8544
  26.1349
  37.1148
  24.9301
  25.6506
  9.16081
  7.17026
  23.9177
  6.71065
  2.00074
  37.2831
  13.8554
  15.8959
   14.842
  18.6627
  7.58983
  26.1349
  4.16461
  18.8259
  16.7902
 0.269291
  24.8702
   3.4732
  5.27009
  17.4261
  38.8433
  15.8767