   97.935
  79.8215
  87.3223
  90.9623
  59.3617
  55.1081
  89.5369
  100.037
  90.5095
  97.4632
  105.939
  94.7888
  83.8068
  95.3261
  88.4858
  88.1377
  98.5992
  97.2296
  95.4003
  95.4976
  94.9276
  98.6636
  38.4029
  6.60195
  4.90068
 0.585661
  13.4016
  17.1671
  14.4791
  126.836
  123.945
  97.7141
  104.858
  104.282
  102.557
  103.624
  109.606
  102.981
  96.9955
  91.8887
  94.2892
  79.3381
  91.4557
  86.8228
  91.3773
  84.4925
  113.475
  76.2176
  82.7545
   117.63
  112.121
  89.6725
  88.1687
  92.0514
  94.0344
  94.8506
  45.9816
  44.6922
  61.1587
  61.4235
  55.2135
  78.8463
  84.2537
  37.6202
  97.7034
  91.6835
  76.8723
  90.0291
  91.2884
    100.7
   94.104
  94.5313
  4.39036
    18.73
   35.337
  29.6561
  37.0269
  33.2423
  45.5458
 0.416344
  17.3691
  18.8533
  116.975
  106.122
  90.7327
  39.6642
  62.5041
    4.932
  1.00468
  4.52148
  96.9418
  103.003
  97.5459
  103.609
  42.2874
  37.4385
  120.412
  118.798
   92.376
  82.5501
  86.0508
   62.542
  96.6627
  91.8887
  5.87605
  3.23629
  46.8306
  40.6465
  8.88266
  37.5286
  9.80572
  16.4228
  107.228
  102.078
  104.071
  103.554
  98.4262
  92.8696
  74.5737
  90.8391
  78.7464
  86.4261
  84.6618
  96.2929
  73.9604
   96.916
  84.1114
  100.109
  90.5013
  114.812
  99.1876
  92.8115
  93.8291
  93.5459
  36.4517
  100.017
  76.9471
  83.5724
  62.5245
  30.4984
   38.932
  49.2964
  75.3409
  89.5167
  90.1001
  102.797
  104.161
  105.598
  73.8835
  88.2854
  92.7816
  91.2635
  124.011
  118.033
  99.9834
  113.637
 0.642326
  34.8025
  35.0725
  24.5992
  34.1779
  37.1909
 0.489634
  7.56271
  12.8391
  35.2708
  0.19843
  14.8107
  8.66772
  93.4672
  114.912
  55.2743
   81.417
  129.839
  92.9214
  121.732
  83.0714
  95.3413
  81.9022
   91.657
  78.9428
  84.7488
  94.0559
  87.0176
  116.362
  85.2017
  86.5449
  98.1064
   33.804
  44.2375
  41.8686
   61.829
  59.6965
  41.9958
  107.242
  118.505
  94.7773
  89.3189
  106.649
  100.934
  106.907
  104.548
   100.17
  11.8815
  19.7678
   32.372
  44.7887
  4.50753
  2.81447
   5.8197
   38.418
  12.8341
  112.933
  92.0269
  57.1956
  80.6094
  53.1835
  97.4802
  94.8078
  106.975
  5.25424
   94.891
  44.1874
  50.1373
  76.0527
  74.6761
  102.281
  119.937
  101.802
  92.5344
  94.2218
  56.9551
  39.6799
  58.1105
  46.0727
  88.3053
   91.722
  97.0751
  92.5511
  117.375
  99.3008
  106.876
  145.942
  33.4417
  8.47285
  2.21968
  10.2258
  113.327
  113.119
  102.065
   110.33
  110.783
  19.0447
  43.0642
  7.87456
  49.3507
  7.17169
  12.6633
  4.91574
  3.95593
    3.472
  9.29329
  10.9513
  79.0256
  36.1683
  17.5823
  1.40118
  115.423
  35.3405
  8.82547
  2.23549
  25.4151
 0.964598
  13.8243
  5.88724
  2.94984
 0.655905
  0.65035
    13.72
  0.11829
  5.22507
   5.1486
  2.30501
  11.4885
   36.778
  6.53009
  7.05024
  5.28459
  2.54647
  7.83953
  13.3168
  13.1121
  3.21929
  10.7707
  14.1607
  4.60084
  20.6526
  4.52103
  8.95975
  1.28068
  17.7845
  2.01308
  6.94795
  5.36026
   4.8917
  8.07424
  3.54389
 0.430218
  11.9428
  0.77372
   3.8965
  6.91441
  2.29888
   18.732
  8.27385
  9.02872
  1.11433
  8.21401
  41.4754
  13.1422
  6.40391
  5.23352
  10.2312
  11.1899
  3.48735
  1.65614
  4.70697
  3.31834
   7.5017
  21.5415
   17.194
  17.1114
  1.95184
  72.6353
  39.9284
  9.14047
  12.5491
  13.2898
   12.632
  12.4655
  40.1647
  18.5032
  14.1899
  4.26569
  6.63432
  14.2792
  9.01719
  5.42632
 0.329416
  10.7075
  16.7598
  13.6853
  5.28259
  3.93228
   3.8472
  7.11249
  6.95261
  18.2815
  8.85207
  26.4248
  5.49888
  14.6775
  34.0924
  7.88572
  5.45968
  3.64815
 0.661123
  14.2587
  6.51577
   20.302
   17.757
  3.41037
  10.4035
  2.82097
  36.2927
  1.17696
  12.2839
   1.5925
  8.89335
  9.94153
  1.92835
  16.4979
  6.83752
  23.2356
  89.6289
  7.65957
  8.11359
  18.4802
  15.9214
  21.7047
  19.5795
  5.17748
  1.38134
  2.59493
  84.4999
  82.4218
  2.86365
  16.2286
  7.50289
  10.5983
   8.2936
  5.89111
  7.03744
  1.42626
  16.1928
  4.89295
  41.6513
  5.72756
  3.14668
   4.5581
 0.329121
  8.76983
  8.55136
  14.7383
  2.50072
  82.3553
  82.4384
  3.93963
   8.1105
 0.508303
  16.2774
  4.18144
  3.58554
   11.413
  9.15861
  3.70079
   4.5581
  6.11678
  11.7509
   6.2399
  4.13257
  3.54329
  8.49325
0.0419816
  80.7908
  7.71412
   13.574
  3.59636
  1.39102
  9.17696
  23.0113
  9.54134
  1.56096
   14.979
  0.59634
  3.21432
  7.88435
  7.09057
  8.69271
   9.4933
  11.1535
  3.73859
  23.1699
  3.50664
  20.3493
  0.54838
  7.58317
  11.3555
  11.8982
  8.05289
  11.6283
  10.8069
  6.84731
   10.837
  9.98587
   1.3911
  25.5224
  25.7016
  16.1502
  7.83727
  5.33827
  8.44481
  6.07398
  3.47201
  72.6021
  1.66349
  5.73702
  22.0002
  16.4042
   14.861
  32.3922
  33.0554
  31.7426
   28.002
  5.13562
  2.66155
  31.0844
  35.7786
  6.02865
 0.953928
  18.3851
  1.64852
  2.56809
 0.871488
  23.7408
  7.93415
  107.757
  0.75084
  24.1029
  14.1685
  6.34917
  27.7965
  7.85927
  1.53702
  0.62079
   18.732
  17.0999
  31.0844
  24.9178
  102.625
  7.40638
  7.30272
  8.66029
  23.7729
     10.5
  18.2547
  13.6984
  13.2444
  8.42224
  14.4379
  110.265
  102.648
  32.5051
  33.6427
 0.131915
  12.4764
  10.4636
  13.3599
  2.86972
  7.55422
  15.6647
    4.266
 0.611233
  2.38124
  19.8275
  28.9213
  2.90012
  7.43547
  10.7604
  5.10334
  12.4332
  13.8788
  74.1601
  0.60269
  82.2937
  8.75233
  6.37489
 0.902423
  76.6637
  11.2022
  14.2848
   25.203
  90.2001
   4.6571
  2.60969
  17.5779
  46.4864
 0.435439
  29.6399
  6.06531
  9.59927
  2.70087
  40.9432
  8.19116
  13.4747
  12.6824
  78.3363
  51.5089
  20.4327
  6.42033
  14.8534
  6.58806
  9.38059
  11.3523
  86.5925
  78.3628
  16.1698
  17.4674
  12.7778
  22.3727
  32.1118
  34.9132
  11.5477
  6.16583
  5.27963
   6.2224
  5.06018
  91.0093
  42.9648
  56.3985
  16.1275
  20.6393
   9.6807
 0.556407
  4.02029
  25.2664
 0.720619
  13.7999
  8.46069
  98.2608
  6.10188
  21.0292
  14.2217
  10.1174
  21.5713
  1.16832
  3.95699
  21.4439
  23.1608
  8.61772
  7.91736
  5.45001
  20.3026
  5.44375
  6.71314
  3.20232
  26.8431
   17.969
   32.906
   4.3972
  14.8528
  6.51124
    2.993
  8.29952
  27.7152
  8.90254
  26.3601
  1.61701
  2.27798
   13.217
  30.7326
   28.942
  22.4028
  5.44427
  8.70399
  3.54743
  24.2308
  21.5557
   8.5554
   18.257
  3.19183
  28.7963
  29.2597
  32.7831
  21.9597
 0.691187
  28.0149
  29.9378
  3.69726
  20.7883
  18.9759
  7.44786
  11.0967
  19.3392
  11.7144
  5.43608
  7.64377
  4.36494
  13.1003
   2.7955
  17.1785
  5.21519
  9.19508
  51.8308
  14.3328
  19.9206
  3.72967
  11.3358
  7.27628
  51.3896
  7.43452
   20.331
  69.4432
  17.6666
  1.83369
  3.61569
  10.9691
  1.19353
  5.87939
  14.8244
  27.2397
 0.782971
  17.0626
   12.081
    18.77
  4.09324
  1.65589
   17.997
   3.5035
  9.39142
  88.1906
  20.9803
  86.0799
  92.8693
  15.2809
  14.0116
  5.49853
  20.6122
  52.6271
  22.4489
  4.47487
  15.0413
  6.51069
  85.9975
  16.1478
  7.11794
  5.53513
  6.98099
  12.9261
  7.82037
  93.0906
  4.99876
  41.0677
  106.075
  80.2395
   7.7606
   1.4664
  6.03846
  6.06643
  26.3556
  20.9406
   7.7695
  89.8162
  7.99755
   111.19
   3.1993
 0.218009
  4.18156
   91.691
  12.1716
  6.38433
  4.14861
  1.17182
  6.83767
  11.8619
  68.4294
  76.8297
  26.1117
  7.73741
  91.0532
  19.0932
  87.8985
  110.296
  1.78466
  4.79457
   2.1779
  16.5151
   11.048
  11.3062
  9.69831
  3.95509
  9.19758
  3.29175
  19.8128
  9.91159
  87.7271
  106.043
  82.5033
  25.8816
  5.88727
  11.2337
  11.9425
  14.8148
  20.9988
  90.2021
  91.0856
  89.2479
   98.503
  66.2775
  14.6192
  13.5656
   1.4928
  5.49195
   25.314
  48.3588
  96.4616
  12.2415
  89.7114
 0.816193
 0.670383
  15.5249
  21.4328
  18.8589
   6.4108
  77.0834
  81.5971
   7.9026
  3.82244
  84.4151
  9.20885
  21.5737
  12.1505
 0.291866
  90.4262
  10.9958
  11.4999
  4.60006
  11.8914
  1.79275
   9.3483
  2.93553
  13.7178
  13.1193
  15.2552
  104.247
  7.19887
  7.22307
  4.72983
  17.5628
  15.3564
  5.08493
   9.7657
  6.86244
  8.84784
  4.47762
  85.0103
  19.1268
  20.2148
  14.8656
  18.7329
  11.1874
  48.3597
  13.7957
  8.68624
  13.6912
  19.3163
   21.551
  22.2358
  6.41996
   6.4285
  22.1159
  15.7131
  26.2579
  19.1506
  9.85611
  16.7044
 0.319036
  7.44138
  13.1105
  15.8129
  1.59968
  80.0684
  9.48549
  4.11566
  90.3375
  89.5686
  24.1932
   14.706
  19.2246
   11.732
  15.9428
  18.1091
  13.3279
 0.646774
  26.6642
  62.8938
  61.5848
  1.54548
   17.591
  5.64088
  11.0505
  5.09812
  5.96452
 0.964105
  14.0012
  12.1294
  13.9153
  13.6814
  9.93101
  14.2238
  11.3902
  18.9773
  11.2733
  6.68095
  9.04639
  3.15139
  3.04514
  12.2499
  19.9729
  4.18973
   6.8141
   3.8702
  15.9097
  13.8838
   3.7157
  15.6729
  19.1263
  6.83514
  5.06727
  5.01516
  131.244
  119.172
   105.55
  74.7897
   5.8755
  24.4412
  14.6307
   7.3145
  2.23516
  14.6999
  18.3775
  24.6885
  82.6458
  1.05161
  13.2943
  7.72379
  16.3842
  11.4098
  1.14913
   12.424
   4.8949
  103.051
  1.38156
  23.5417
  1.77404
  2.77693
  8.30323
   9.5257
  14.8005
  9.93214
  7.13964
   10.643
  5.72584
  15.9261
  85.1218
  107.039
  13.5103
  3.95194
  4.33674
  21.1731
  70.9912
  0.25143
  13.3878
  7.13548
  9.78487
0.0559569
  28.1616
  20.8721
   14.635
  5.38855
  4.98389
  11.3076
  9.84485
  16.3417
  68.8598
  6.34051
  64.2754
   6.7782
  5.57676
  12.1871
     31.9
  71.5648
  9.11178
  16.7006
  6.86538
  12.0764
  6.37883
  12.2557
  10.4277
  8.76251
  13.9937
  22.4971
  18.1196
   16.953
  12.5285
  12.7393
  9.45669
  8.50467
  9.25575
  10.2748
  12.9793
  21.4537
  13.1004
  9.35169
  12.9793
  24.8533
  17.7278
 0.380626
  1.96514
  1.92407
  14.3248
  14.3815
  15.5269
  14.2503
  18.2088
  13.7994
  13.7899
  17.6356
   10.458
  3.64064
  14.9376
  12.3076
  17.4331
  1.93761
  15.2907
  24.0643
  9.42122
  4.75465
  12.9793
    7.354
  22.8237
  16.0494
  10.3161
 0.249748
  37.2676
  11.8964
  1.84921
   7.1259
  0.51134
  11.0962
  7.01998
  13.3575
  17.8115
  27.3408
  116.121
  12.4643
  2.89696
  4.06949
  18.8088
  7.16823
  11.4478
  32.4762
  16.2441
  1.38084
 0.992132
  10.9072
  17.8115
  17.1911
  21.8713
  16.1017
  16.3121
  9.22823
  22.0373
  12.8409
  15.2471
  26.7878
  7.16808
  10.7568
  14.2632
  13.5614
  10.7871
  15.5488
  6.53846
  7.06981
  13.3399
  3.44282
  11.0467
  6.39535
   16.079
  15.2949
  18.0842
  3.20953
  16.0595
  15.9432
  12.4339
  8.00826
  5.71458
  6.11495
  18.1186
  11.1549
  4.90365
  18.2789
  10.6006
  5.19922
  8.82954
  23.9464
  1.69498
  1.39722
   15.055
  17.7868
  6.99207
  6.07954
  21.6993
  25.5349
  53.9141
  1.09433
  4.81428
  31.2531
  15.7271
  9.30154
  21.7228
  17.4968
  20.2808
  26.1012
  21.0911
  21.2887
  24.9495
  10.7731
   8.3639
  12.5525
  10.8861
  21.1063
 0.867776
  6.13724
 0.839759
  4.91863
  7.59211
  8.59511
  5.95508
  11.8424
  7.56719
   16.006
  9.86926
  7.22791
  17.7869
  13.9184
  36.0925
  31.0631
  34.9092
  4.06039
   3.8349
  8.05277
  3.00013
   9.5642
  5.77791
  18.0499
  1.52988
   16.254
  7.73619
  10.3554
  36.9565
  12.1815
  5.98509
  18.0656
  6.59215
  8.96064
  13.9458
  16.9381
  5.92946
  7.73457
  27.4308
  30.7626
  21.0034
  19.5869
  14.4671
  26.0003
  8.67095
  12.4429
  4.67684
  7.53988
  19.4949
  10.7118
  7.41189
  43.8864
  5.82195
   25.072
  26.5647
  16.4427
  42.3768
  51.4378
  48.4104
  25.9881
   16.135
  10.0722
  1.53459
  25.8817
  25.0022
  16.9323
  5.21006
  2.67643
  3.00046
 0.467565
  18.1011
  18.9538
  31.2871
  35.3458
  5.65424
  13.3492
  23.9584
  7.33544
   50.417
  47.7047
  52.1726
  50.5868
  15.5602
   13.947
  17.5571
  15.0712
 0.185759
  8.60677
 0.397994
  23.2057
  5.11976
  13.9458
  19.7671
  10.1184
  46.2656
  58.2985
  1.40405
  5.06076
  11.8396
   12.226
  48.5782
  38.6077
  47.6596
  38.9674
  16.5207
  36.0711
  40.2343
  40.9502
   22.553
   3.7181
  45.9155
  43.3659
  60.0271
  14.7688
  18.1591
  5.33191
  3.10288
   39.727
  6.83401
  9.78383
  1.85661
  50.6261
  32.1748
  48.9282
  20.5199
  18.3302
  26.2631
  25.1466
  31.6317
  44.5403
  11.4318
  55.6899
  31.2336
  11.0688
  58.5841
  95.2771