  46.4256
  46.1708
  24.8557
  117.455
  104.973
  114.583
  115.812
  74.8745
  69.5027
  102.428
  102.799
  95.1711
   75.962
  77.6229
  120.822
  123.258
  139.102
  135.093
  108.754
  113.891
  112.197
  123.983
  127.572
  118.124
  120.359
  115.934
  117.984
  93.3503
  127.048
   131.85
  95.6308
  97.3719
  85.3785
  92.7254
  121.684
  97.2139
  92.2788
  168.219
  166.847
  150.061
  145.269
  144.815
  145.549
  137.746
  142.651
  133.937
  142.179
  5.94466
  37.8464
  37.1033
  27.5254
   50.365
  50.4523
  45.9866
  46.6137
  45.8888
  45.8286
  37.3541
  37.2056
  37.5383
  34.7192
  49.4464
  19.8513
  22.3708
  13.1686
  23.4577
  7.68513
  50.4983
  48.8195
  35.1446
  32.6345
  47.7448
  43.3721
  5.31523
  14.8953
  9.89744
  125.202
    139.2
    136.5
  149.998
  108.816
   113.24
  149.339
  144.775
  176.381
  171.372
  166.091
   105.56
  110.975
  97.9744
  93.6787
  79.4304
  84.0953
  105.027
  100.906
  100.599
  101.141
  101.844
  113.158
  113.714
  96.9774
    104.8
  83.2082
   88.657
  89.0487
  97.0832
  95.0984
  88.9662
  83.5134
  113.104
  113.694
  101.264
  94.4446
  117.396
  113.439
  121.261
  118.754
  107.509
  111.734
  114.881
   108.01
  117.671
  143.863
  129.683
  77.2471
  64.9563
  91.4437
  77.4496
  88.7534
  61.3043
  61.2041
  96.3966
  96.4689
  87.3102
  90.8145
  98.7695
  104.565
  72.2941
  71.1768
  67.2156
  71.7463
  76.9211
  85.6253
  89.2944
  84.9156
  65.1325
  103.531
  93.6182
  90.1042
  80.2852
  96.5024
   70.957
  75.0179
  141.309
  129.404
  106.287
  121.348
  123.903
  119.612
  122.732
  127.027
   123.66
  167.544
   171.22
    141.7
  126.921
  97.7404
  91.7723
  129.886
  103.659
   80.602
  97.8625
  100.238
  83.5185
  8.34262
   2.5212
  17.0858
  17.1387
   5.1375
  31.0626
  35.3667
  47.5181
  37.8422
  17.5915
  26.9007
  30.9852
  33.3516
  33.8513
  29.6651
  22.6133
  26.6707
 0.672642
  9.93077
  55.0387
  44.7028
  44.1235
  46.2034
  13.3356
  122.685
  114.275
  64.4501
  74.8947
  104.865
  107.808
   74.499
   54.063
  60.4786
  2.70629
 0.778066
  3.85371
  87.9447
  83.7878
  100.834
   87.424
  59.8859
  65.6386
  145.508
  134.914
  114.862
  111.021
  92.0276
  90.3385
  127.413
  113.104
  75.3897
  171.323
  6.26116
  14.5757
  44.3673
  37.3021
  32.4529
  38.8912
  34.4971
  26.4948
  57.3326
  58.4158
  42.3358
  32.0022
  43.7373
  13.4555
  21.5357
  30.6896
  36.8974
  20.5854
  28.0792
  40.2076
  42.7514
  52.4274
   10.825
   12.974
  18.9387
  15.5041
   2.2651
   15.018
  12.9799
  23.0535
  15.1744
  141.054
  133.017
   121.64
  114.261
  114.892
  170.943
  172.661
  169.296
  91.8393
  89.0154
  115.903
  116.614
  79.4277
  100.928
  103.099
  81.3538
  83.1623
  99.4736
  102.054
  100.806
  94.3078
  86.6844
  84.6499
  81.5776
  122.949
  117.767
  125.803
  122.515
  92.6233
  109.103
  100.939
  120.622
  112.792
  111.232
  116.053
  114.935
  117.762
  121.717
  105.288
   139.63
  142.012
  78.0547
  81.4763
  88.8775
  61.9538
  88.6114
   87.757
  97.9302
  96.9773
  98.4195
  81.9017
  63.8932
  66.5438
  82.2266
  54.8457
  63.2841
   66.381
  83.3372
  70.3043
  69.7872
  64.0194
  72.8906
  121.261
  138.148
  142.108
  112.069
  113.491
  127.386
  115.284
  124.682
  133.342
  84.9306
  96.4245
  98.4767
  85.8722
  162.868
  109.486
  104.622
  101.703
  119.395
  122.239
  111.961
  70.7785
  85.1725
  107.908
  102.163
  81.3008
  165.871
  138.533
  129.965
  149.339
  141.636
  140.966
  138.497
  9.33147
  4.98655
  28.8531
  32.9595
   62.917
  49.5072
  27.8935
   21.868
  25.5381
  26.5247
  35.8935
  27.7129
  18.1313
  14.2149
  23.0649
  50.8321
  45.6899
  42.9607
  61.5872
   12.046
  27.4758
  26.6791
  2.33198
  55.6293
  42.4918
  51.3646
  122.407
  138.895
  150.759
   67.521
  104.258
  133.533
  105.191
  70.6324
  90.9095
  92.4584
  121.278
  130.234
  83.5814
  98.5149
  121.333
  98.8792
  100.336
  116.918
  35.4809
  43.9134
  19.7552
  26.6308
  22.6924
  24.8502
  23.6682
  61.9063
  48.2469
  53.2456
  43.4885
  148.542
   140.43
  138.661
  111.104
  129.593
  146.609
  169.252
  164.926
   103.93
  106.909
  105.634
  113.369
   144.19
  129.776
  124.357
   107.61
  96.8298
  105.097
  97.7022
  114.122
  113.675
   113.66
  98.7631
   107.24
  73.1194
  83.5992
  49.6472
  63.3162
  56.8598
  92.9505
   95.016
  76.9193
  80.0805
  71.0527
  77.5845
  74.5421
  93.4549
  87.3981
  74.2036
  57.8454
  60.2418
  82.2902
  137.916
  109.862
  110.093
  122.823
  119.598
  94.9858
  131.196
  82.4146
  79.9209
  81.2297
   81.191
  106.511
  109.705
  72.3307
  77.0982
  100.685
   100.54
  92.6763
  94.7285
  168.244
  119.585
  7.01372
  9.57863
  44.5723
  45.5927
  37.2483
   48.496
   29.162
  35.6837
  31.0017
  33.5819
  23.7345
  8.53111
  17.5328
  46.1171
  44.1095
  50.7326
  47.5089
  2.63535
  21.6211
  33.8955
  9.11901
  56.6488
  29.2509
  13.9038
  129.791
   114.54
  125.878
  161.211
  141.824
  127.034
  136.997
   142.38
   64.178
  77.5479
  125.702
   94.536
  91.8055
0.0188006
   11.781
  82.5215
  129.432
  146.656
   61.308
  57.9084
  36.1453
  31.9565
  30.9403
  52.3834
  54.5399
   146.45
  142.895
  86.2234
  98.2819
  100.454
  128.768
  116.213
  125.336
  128.383
  78.4814
  75.7696
  80.9541
  76.2487
  71.6216
  94.1881
  59.2561
  70.1441
    59.06
  71.5757
  97.8207
  125.503
  112.999
  97.2841
  82.6373
  80.5466
  90.6799
  112.798
  107.334
  106.354
  96.8541
  108.754
  109.705
  76.5864
  69.1232
  66.9117
   65.693
  102.066
  97.1531
  92.9808
   88.783
  95.4613
  92.0864
  167.481
   142.08
  141.382
  125.801
  119.956
  108.084
  7.21254
  19.3626
  45.0249
  55.4924
  59.2469
  23.8253
  20.8896
  14.8584
  13.3461
  37.8755
  47.6373
  50.8166
  16.4027
   17.852
  23.8675
  16.1872
  44.2483
  22.5148
  114.543
  121.228
  114.365
  148.483
    134.3
  92.6771
  130.178
  148.213
   133.36
  131.881
  73.3601
  59.7926
  94.1976
  77.3518
  101.571
  5.51085
   15.505
  19.7299
 0.668943
  61.1382
 0.121252
  7.46442
  1.94153
  3.27412
  13.2545
  1.54644
   12.436
  85.7957
  181.285
  6.43382
 0.711125
  104.577
 0.721407
  5.12616
  34.9606
  11.7878
  11.2835
  7.04408
  8.52127
  3.28949
  10.0688
  1.22076
  7.96062
  9.77096
  65.3871
  10.5682
  50.9239
  6.61234
  8.55821
  41.7734
   1.1816
 0.509183
  5.06776
  6.98473
0.0191269
  22.5201
 0.859973
  8.77063
  7.67504
  190.983
  194.445
  196.334
  7.72866
   2.9393
  14.6272
  2.57999
0.0110178
   2.4753
  12.0086
  4.22205
  2.46431
 0.359169
  2.74006
  2.63661
    5.178
  13.0963
  12.0209
  25.9735
  9.22163
  3.64743
  0.70893
  6.69351
   23.249
 0.404278
 0.592494
  3.90687
  28.0603
  42.6652
  27.2732
  10.6017
  2.03775
  7.72571
  10.6091
 0.264507
  11.0216
  9.84112
  3.90289
0.0550412
  4.33194
  7.71916
  13.5984
   9.2723
  73.3929
  34.6889
  16.6429
  9.65332
  4.37495
  9.19836
  20.0369
  8.73909
  8.25617
  3.64615
  15.9108
  15.1472
  1.76017
  6.62521
  6.08347
  8.38805
  24.4027
  26.5848
  1.79729
  3.09763
   3.1864
  12.1008
 0.741431
  12.2629
 0.618324
  2.58532
  2.60326
   6.0643
  50.7333
  4.62355
  2.46027
  7.22293
  6.90237
  12.9915
  20.7679
  14.1998
  18.6179
  1.48631
  7.83378
  4.57603
  31.7653
   12.438
  3.82526
  80.2278
  12.5504
  7.75569
  12.2857
  9.46965
  24.9931
  79.5029
  12.9243
  6.74633
  185.119
  182.347
  185.023
  67.6946
  0.37135
  88.7209
   99.884
  108.133
  19.6538
  24.4753
  180.969
  6.62616
  87.1017
  7.97778
  15.5423
  11.9738
  4.40128
 0.718552
  72.2349
  67.8511
  2.11994
  4.99752
  16.8589
  6.25434
  182.484
  186.188
  186.503
   185.97
  177.604
  195.538
  3.08178
  98.0519
  105.526
  1.74024
   4.2667
  6.81089
  26.3744
  6.04964
  3.31156
  6.33415
  14.8715
  2.80836
  8.39639
  1.16757
  1.78855
  30.0082
  6.82395
  3.80817
  72.2469
  65.2478
  9.45343
  2.44417
  10.4484
  1.32702
  11.6114
  17.5567
  10.6331
  5.37251
   113.69
  82.9547
  86.9512
   6.6675
  8.01169
  2.80836
  3.60452
 0.377127
   2.6964
 0.100397
  2.87017
  3.81592
 0.449409
  68.2601
  6.30332
  12.4781
  4.46249
  3.60746
  2.90642
  2.55454
  9.17434
 0.067799
 0.427913
  11.6768
  4.30637
 0.415308
  18.7834
  19.7342
  12.7692
 0.915966
  11.5008
  3.99206
  10.6876
  2.03476
 0.649225
  76.8175
  1.75574
  1.56554
  2.94237
  1.99753
   3.7983
   23.616
  18.4952
  13.6616
 0.383624
  1.44613
  1.30608
  5.74652
  19.6908
  7.07862
  80.9913
  19.0946
  12.5826
  1.07589
  1.08431
    1.789
  3.96815
  3.78706
  55.3684
  24.1251
  21.4817
  9.64198
  9.62499
  5.43296
  27.4186
  34.8642
  41.8748
    41.18
  20.7389
  2.45075
  2.33222
  12.8243
  2.50739
 0.986882
  19.2224
   2.9593
  4.69144
  8.01974
  86.9429
  21.2036
  22.8679
  96.3474
  9.58444
  16.6539
  2.51769
  7.65655
  20.5898
  20.3881
  12.4815
  8.90306
   23.249
  12.8986
  23.3499
  99.8692
  3.49471
  2.88824
  13.9563
  3.74024
 0.760366
  5.52927
  21.7075
   22.081
  15.8339
  20.3173
  102.535
   96.889
  27.6283
  10.3016
  9.96885
  8.89294
0.0119773
  10.1336
 0.131686
  8.03652
 0.298692
  88.3496
  1.13489
  4.88086
  7.51094
   4.3595
  91.0762
 0.230267
  4.60722
0.0268038
  1.83138
  3.33711
  95.0034
  3.24009
  68.8319
 0.689897
  2.83915
   6.8608
  63.4849
  16.4111
  21.9103
  21.6087
   89.622
  2.19932
  8.07014
  2.87997
  60.9951
 0.995636
  40.0091
  18.9505
  1.88348
  18.9309
  55.6929
  12.1484
   15.332
  17.6701
  61.0453
  67.0247
  5.20914
 0.651297
  44.2893
  14.2388
  10.5625
  24.4673
   5.5338
  75.1395
   59.783
  14.4349
  20.2587
  9.94198
  4.92292
  8.39015
  21.0443
  16.6517
  12.9187
  1.14499
  8.84574
  6.28034
  72.6443
  52.6124
  12.6692
  14.3815
  15.0607
  11.8372
  20.2265
  43.9561
  10.2869
  11.3563
  10.6605
  78.0252
  7.83715
  17.3115
  10.9573
  14.6193
  19.6437
  2.75509
  3.24183
  11.5885
  5.98774
  12.4467
  10.8466
  107.923
  3.05561
  3.73637
  11.9404
  18.4663
  16.6401
  23.1996
  35.5696
  5.95971
  9.92734
  7.32143
 0.579476
   23.064
  38.8998
   10.804
   38.147
  4.65545
  3.97155
  16.1847
  20.6939
  22.3386
  19.2942
  36.6748
   1.2901
  9.54586
  4.06813
  41.7593
  11.7711
  8.46955
  28.6167
  34.1166
  19.3426
  13.1813
  11.3883
  21.7828
  69.2725
  25.0012
  3.68817
  2.83192
  12.7624
  11.4093
  3.10643
  6.17129
  9.45204
  18.5165
  12.6028
  8.73845
  5.72727
  66.9896
  2.64306
  2.76787
  3.81266
  6.19496
 0.888082
  21.0738
  64.9657
  4.64663
   18.947
  61.7992
  16.5716
 0.594936
  15.1977
  65.9356
  8.19565
  2.40253
  1.03558
  13.3847
  19.5197
  10.3562
  22.3165
  12.0462
  17.4988
  7.11383
  4.52549
  12.9054
  1.96692
 0.042666
  71.6396
  65.3644
  5.63365
  6.23335
  67.8078
  68.2519
  5.66978
  12.7361
  17.8117
  5.24153
  99.4974
  65.5264
  34.2189
  25.6166
  16.5052
 0.672862
  68.3235
  10.9981
  12.0103
  8.45731
 0.677558
  30.6521
  4.96607
  85.8935
  5.38971
  90.3544
  65.0744
 0.525898
  11.1268
  19.4862
  4.87043
 0.523916
  2.29786
  13.2426
  71.1139
 0.642004
  109.708
  10.8054
  13.2881
  12.2933
  66.5946
  6.23077
  17.9532
  11.2085
   10.722
  0.73405
   9.3294
  87.0542
  106.183
  1.12907
  71.1063
  16.8872
  68.9222
   86.063
  6.27797
  8.11453
  9.79565
  15.6408
  7.60945
  5.28098
  16.1183
  7.51338
  8.57783
  13.1404
  3.06593
    8.601
  71.4655
  87.9714
  67.9182
  3.57066
 0.444594
  8.53428
  4.35476
  11.3258
   15.245
  74.9822
  72.3667
  72.1605
  91.8771
  69.1167
  5.49639
    10.07
  1.70707
  24.5623
  34.1107
  55.3543
  72.2906
  60.3091
  2.69586
  6.56182
  68.3675
  7.69943
  8.67323
  2.71713
  14.0474
  8.36556
  22.4042
  13.8553
  81.5475
  64.9275
  9.59242
  11.5318
  3.73158
  81.7887
  17.4946
 0.196648
 0.566928
  8.21924
  3.11785
  85.0851
  5.70544
  14.3421
 0.506498
  9.21953
  3.33835
  3.68373
  8.83334
  26.8131
  13.4622
 0.188667
  72.5885
  4.03387
  82.1549
   1.3776
  3.64848
  2.53519
  12.4911
  2.49511
   8.1227
  1.75917
  8.30655
  4.12417
 0.999529
 0.237483
  66.7544
  13.7558
   44.039
  2.36814
  10.9107
  89.0379
  33.3323
  4.81185
  95.7509
  69.3976
     12.6
  4.48137
  5.14455
  143.506
  12.7448
  14.1753
  11.2905
 0.113967
   140.35
  4.40476
  1.05985
  25.8931
  5.59612
  7.01227
  12.2285
  14.0974
  7.90129
  10.7557
  12.1176
   10.714
  1.08747
  16.6437
0.0717829
  81.6555
  82.6146
  11.8027
  4.08614
  2.99367
  19.2224
  79.0977
   77.399
  92.1718
  86.8535
  2.66346
  10.7613
  3.51753
  12.2827
  11.5599
  14.5376
  10.6608
  2.03317
  16.0622
  88.4121
  75.6642
  3.71174
  20.4152
  6.24131
  13.8601
  12.1555
  7.34835
  8.37783
  13.0298
  7.66871
  21.0642
    10.33
  14.4338
  9.77975
  21.3101
   9.4398
  23.8874
  16.1333
  16.3177
  18.9952
  3.70613
  3.97394
 0.961068
  3.92038
  15.1863
   7.2257
  3.64609
  18.9347
  11.1736
  10.7442
  13.4228
  1.39962
  5.00361
  1.77229
  2.53107
  121.285
  122.954
  81.5675
  61.4267
   3.3692
  5.56008
  4.69808
  11.0357
   8.9013
  2.82475
  21.9163
  11.4128
  19.2384
  5.40553
  1.46195
   3.4998
  8.36225
  13.9735
  4.10845
   5.3236
  18.9381
  87.3525
  10.8624
  95.2852
  14.6102
  0.10863
  4.37523
  6.72653
  21.4453
  11.3262
   10.761
  1.76449
  1.69471
  5.94999
  13.2894
  14.6111
  112.093
  87.1316
  10.2376
  5.62713
  3.98931
  12.8892
  58.3897
  7.29222
  1.48243
  16.1541
  5.88519
  1.50704
   27.081
  4.24379
  11.4706
  4.39811
  2.79197
  15.6865
  21.1661
  10.3194
  24.9265
   58.336
 0.094097
  2.76404
  1.28812
  4.13727
  25.1119
  15.4226
  21.9791
  13.8447
   0.3726
  19.5335
   28.867
  10.5923
  24.3186
  9.35087
  27.0708
  16.9797
  6.41808
  27.3206
  11.4948
  7.31359
  22.3794
  89.9827
   8.9313
  10.7396
  5.81561
  42.3401
  4.67479
   4.7094
  24.4685
  8.70345
  3.00861
  1.20283
  12.3362
 0.890023
  20.3528
  11.9638
  1.20283
  17.6452
  10.9807
  24.4403
  8.54423
  48.3247
  6.24194
  5.03339
  21.6814
  10.2923
  3.39484
  2.20672
  7.28084
  7.26441
   33.661
  30.3761
  28.1838
  6.29624
  21.2678
  8.95958
  5.65484
  8.34261
  1.46065
  6.94062
  27.1226
  74.7958
  1.02051
  22.1521
  17.6025
  3.95551
  1.20283
   6.9683
  6.41014
  12.0316
  4.69108
  2.93097
  6.42193
   5.3397
  7.94863
  1.66144
  7.17477
  5.03414
  1.72967
  19.2745
  1.42268
  10.6417
   2.2671
  5.33578
  2.14368
  5.27904
  1.74643
  104.257
  9.57896
  5.83316
  4.28379
  30.1361
  10.3564
  5.30138
  31.7223
  7.07501
 0.710185
  3.94711
  2.24149
  2.18756
  7.93326
 0.737316
  1.95067
  1.08188
  9.03766
  14.2156
  3.62609
 0.140502
  17.1912
  1.19118
   18.274
  3.79661
  1.93128
  17.0659
  26.2655
  24.7957
  5.42514
  6.89251
 0.746335
  14.2411
  5.76487
  2.80733
  20.5967
  22.4714
   5.3266
  1.09189
  1.51979
  20.8821
  7.41252
  6.94148
  3.50979
  19.2745
   23.194
  18.8655
  2.67582
  4.49312
  7.82124
  1.64609
 0.894315
  10.1079
   3.9602
  36.8552
  12.3087
 0.953944
  18.4702
  6.80818
  0.79272
   22.286
  8.54993
  7.55751
 0.220686
  1.07547
  35.8437
  11.2431
  19.3492
  7.56219
  2.85944
  9.33411
  34.5842
  44.7762
  40.3022
  7.68316
  11.2561
   5.9261
  10.3355
  14.7619
  7.04395
  5.70434
  8.46155
  33.7606
  8.15282
   24.334
0.0799303
  23.6262
  10.8299
  34.5883
  34.1508
  27.5147
  16.5122
  17.3272
  17.7854
  3.55361
  19.6995
  23.7062
  11.5726
   5.6867
  4.52136
  12.5277
  10.5977
  7.30295
  12.7637
  7.01085
  10.5565
  5.56665
  9.15364
  26.9324
  8.79819
  3.27924
  14.0065
  12.9321
   38.384
  38.2432
  32.6764
   9.5874
  10.3874
  11.1542
  7.93259
  7.77551
  7.31084
  10.0234
  12.7386
  15.3648
  13.0388
   15.342
  6.05105
  18.0622
  5.38827
  31.7251
  39.3777
  27.2936
  34.2738
  28.7275
  24.2865
  19.4174
  17.5147
  9.07682
  25.4815
   8.0785
  31.9429
  27.1804
  29.6973
  38.2103
  25.1054
  18.7705
  22.1964
  23.8578
  33.2907
  24.4116
  25.9661
  21.0121
  26.7303
  15.9775
  6.26481
   13.567
  10.2497
  9.94112
  28.1666
  24.1835
  1.72876
  32.6601
  33.1814
  41.5723
   17.267
  19.0881
  23.0111
  24.3207
  45.0214
  40.2827
  43.6932
  17.0676
  18.9305
    12.56
  13.0478
  3.14667
  20.4262
  19.7271
  10.1475
  16.1957
  6.75265
  6.61189
  19.6081
  9.22569
   34.075
  42.7288
  47.0701
    51.17
  44.7722
  1.02396
  36.0169
  30.8467
  11.0273
  44.9771
  44.6919
  46.4558
  44.4062
  16.3357
  4.37879
  22.8858
  25.0531
  28.2381
 0.852089
   20.898
  26.8326
  18.6865
  27.6181
  12.0187
  2.70551
   2.2262
   8.0785
  20.3776
  19.9939
  14.1723
  41.5447
  43.0439
  6.71559
  10.4873
  30.0782
    7.307
  20.2374
   37.329
  42.1035
  29.4918
  38.2274
  29.1037
  37.8537
  36.6467
  29.2966
  37.6745
  30.1128
  19.0403
  45.9254
  42.1572
  55.8475
  12.9953
   49.822
  46.9443
  14.0396
  6.78639
  46.0632
   4.5306
  10.0996
  15.0752
  46.9118
  45.1071
   52.663
  46.6161
  40.2271
  38.7515
  34.1912
  38.5291
  50.7178
    43.38
  39.6775
  43.6791
  42.9073
  42.8838
  9.40705
  31.2103
   40.277
   10.192
  55.0356