  4.89042
0.0785185
  6.76933
  17.9684
  17.8736
  21.0484
  8.59172
  6.44798
  4.73825
  2.96684
  5.05167
 0.102848
 0.482731
  8.56148
  5.97194
  7.38513
   3.6331
  10.1001
  16.4519
  46.6841
  42.0203
  25.0932
   32.205
   3.4264
  8.97149
 0.363659
  6.23212
  1.75566
 0.512008
    22.57
  25.6245
  28.4596
  30.8952
  17.6343
  24.5066
  1.57599
  23.4541
  0.49994
  24.1716
  24.8618
   18.037
  24.3253
  20.3453
  4.64086
  16.8731
   6.2222
  8.70455
 0.786754
  1.13006
  29.3162
  17.6589
  3.60779
  7.69561
  6.73711
  8.20299
   1.8983
  13.7514
  10.3365
  21.4684
  29.5919
  16.2139
  2.95886
  6.64611
  3.02572
  7.08627
  3.27686
  2.96286
  2.09924
  9.64781
  3.50704
  26.6334
  41.3394
  12.0953
  31.1783
   45.763
  2.49887
  19.0248
  1.73735
  6.53992
  16.2187
  10.1669
    5.594
   12.675
  9.71463
  23.6686
  15.9648
  2.82749
  4.91599
  20.1089
  12.2297
   26.537
  27.6609
  13.2776
  3.32907
  2.93369
   8.7171
 0.671197
  4.92049
    5.364
  2.89115
  5.31083
  4.86715
  2.63384
  35.9006
  33.8458
  12.0498
  11.8082
  37.3286
  9.19864
  4.93458
  5.40667
  1.94179
  18.1813
  23.2077
  21.5254
   2.9383
  19.9073
  25.1957
  3.03698
  1.07606
  2.68546
  12.4148
  23.2211
  1.09244
  9.46009
  4.73831
  2.25472
  18.3011
   5.2904
  6.70085
  8.33197
  15.1068
  6.37671
  11.8172
  3.66891
  15.4063
  6.03679
  29.1678
  26.7694
  22.1867
  18.1115
  1.53463
  3.79391
  2.81702
  10.5092
  7.97576
  2.70352
  14.7874
  2.41327
  7.54491
  33.2644
   33.356
  34.8775
  1.89952
  5.90613
 0.969513
  4.24275
  6.46978
  16.4596
  10.6851
  2.79444
 0.354467
  40.3864
  7.02754
  22.0168
  8.71671
  2.06312
  1.66529
  6.85781
   2.9566
   10.704
  2.50243
  4.83616
 0.400145
  9.97322
  2.04363
  6.65284
   1.1788
  4.71488
  8.31387
  5.50403
  16.3173
  2.47758
  2.24007
  6.63842
  23.3072
  12.5983
  6.29024
  22.5557
  26.1933
  14.9002
  27.3498
  4.20376
   3.9991
  4.83912
  1.19644
  8.10985
   6.6374
  8.71179
  34.6688
  34.4665
  38.8581
  1.87335
  2.25493
   4.8087
 0.384492
  1.97689
 0.797855
  41.9519
  6.79687
 0.382173
0.0932957
  1.46237
  12.5657
  25.2691
  24.2783
  20.9329
 0.766776
  10.4251
  8.10928
 0.460041
 0.244338
   3.8723
  4.43912
  3.53981
   14.364
  27.6912
  16.3462
 0.600225
  3.26208
  23.6976
  8.32236
  27.9335
  25.8022
  5.73058
  5.38551
0.0439635
  8.38442
  30.2944
  32.2652
  3.41799
  4.38801
  6.44123
    3.824
  39.8393
  44.8133
  11.2076
  9.95751
  20.2587
  28.5337
 0.359697
  3.55519
  5.12898
  3.39098
  42.9476
  39.7669
  5.18402
  2.49326
  3.82342
  10.3006
  41.3781
   37.677
  31.4172
  9.88901
  13.3108
   5.6056
   9.1746
  15.5646
  15.3538
  28.7897
  7.93795
   17.341
  13.4471
   8.8848
 0.674734
 0.576026
  5.74153
  3.47886
  3.02859
  2.78641
  11.2092
  7.03708
  7.95185
  3.40183
  24.5296
  28.7617
  6.24885
  8.07896
  31.5115
  17.0626
   2.2823
  9.03171
  28.9842
  22.0351
   5.4716
  5.40445
  24.7997
   33.686
  33.2851
  30.3687
   15.335
  2.27616
  6.47153
   7.0606
  19.9033
   2.6152
  41.0724
  1.48485
  9.59143
  6.47168
  25.6475
  15.5176
  24.0855
  30.4604
  21.8771
  24.6701
  5.86818
  21.0853
  6.64886
  5.39513
  1.27118
  5.87349
  19.8249
  17.5338
  33.5479
  7.16603
  12.2585
  3.35526
  10.3948
  30.6766
  22.2669
  29.9843
  29.7962
  3.29424
  13.3159
  0.49351
  2.78755
  27.2399
  20.8793
  28.9638
  18.9365
   8.3422
  13.5988
  26.6688
  22.1594
 0.599962
  18.3812
  11.1367
  8.55214
 0.361112
  11.8779
   7.5479
  6.17281
  5.68592
  27.8259
  20.3113
   21.406
  21.2796
  3.97568
 0.323146
   1.0477
  6.24096
  17.6735
   29.603
  4.47427
  9.71025
  17.4875
   24.567
  24.8402
  21.1512
  27.9791
  20.2896
   12.817
  44.1768
  11.5306
  1.10583
  5.10197
  2.08796
  0.58708
  19.9154
  29.5133
  28.7219
  22.8437
  22.1978
  22.7947
  23.0152
  15.8116
  5.16941
  22.1597
  5.16598
  14.4319
  31.4289
  26.1726
  32.8924
   8.2586
  1.32143
  3.02156
  3.51408
  32.3519
  7.85692
  21.6485
  33.0083
  31.4064
  2.00897
  8.34563
   51.117
  26.2458
  26.2399
  1.65055
  13.0535
  37.7012
  22.8715
  6.43955
  5.32594
  5.81717
  2.68499
  19.9059
 0.730372
  4.77549
  5.08293
   29.883
 0.464598
  8.51232
  7.10803
  8.64723
  25.8415
  24.6566
  16.4468
  30.8749
  4.11933
  22.0116
  14.5719
  6.40834
  19.2394
  21.6219
  15.1992
  6.78499
  5.66767
  9.31398
  8.47522
  8.33056
  17.2275
  3.46471
  17.2203
  8.06296
 0.170245
  12.3023
  5.95912
  9.03558
  3.52395
  10.5513
  17.8528
  3.86253
  19.8891
   29.026
  37.2444
  35.1432
  28.2294
  9.86795
   8.4482
  4.86583
  9.08856
  12.5889
  17.1157
  26.1616
  20.3873
  16.5369
   1.5728
  16.3559
  16.3654
    17.53
  8.75795
 0.397401
  3.56884
  13.0704
  15.1685
  10.7363
    1.369
  14.7399
  23.4543
  5.37153
 0.170245
  26.0935
  17.8729
    18.86
  32.2858
  9.49608
  8.81089
  23.8033
  4.02429
  15.0678
   13.854
  23.9274
  23.4108
  30.8739
  18.8883
  4.06924
  2.16402
0.0611301
  22.5598
   14.563
  6.50913
 0.473763
  5.90023
  6.71299
  12.4847
  9.72656
  11.3518
   1.5006
  23.5385
  32.7735
  23.5189
   24.506
  15.8179
   11.421
  13.9935
  26.3202
  20.9322
  22.2895
  31.2947
  27.0422
   23.319
  30.7008
  17.6724
  23.5854
  20.5176
  5.99944
  4.52584
  3.93336
   28.146
  21.7799
  17.8836
  3.34141
  13.0797
 0.425023
  19.6805
  27.6434
  27.6761
  16.8323
  26.2244
  18.1276
  29.9497
  34.5519
 0.060854
  35.7193
  5.83771
 0.236283
  2.58598
  28.2227
  31.1085
  6.10318
  8.90394
  3.13336
   16.874
  17.2955
  17.9262
  9.33918
  14.9872
  20.3396
  24.1423
  24.5584
  7.42791
  24.9343
  26.9292
  9.45056
   2.2365
  0.99727
  14.9387
  17.0978
  14.6563
  9.13273
  8.68089
  23.6749
  8.17246
  14.0286
  3.85582
  12.3389
  14.6928
  28.3735
  20.5925
  10.3175
  9.22663
  2.97223
  16.5551
  16.3396
   7.2166
  11.1113
  5.67629
   4.0377
  5.44255
  29.1172
  15.3051
  17.6205
  8.87414
    7.652
  2.77444
  11.6818
  2.00874
   4.3616
  9.01903
   12.153
  30.3913
  24.3037
  24.5229
  16.1493
  5.11057
  28.4002
    17.09
  2.05147
  13.0564
 0.317524
  6.72669
  23.3253
  5.29714
  1.52498
  1.23638
  2.99658
  14.8018
   1.4657
  8.57398
  3.75733
  9.75541
  9.10988
  17.6109
  10.6805
  5.11082
   3.3569
  20.9046
  3.31089
  16.5316
  11.5123
  5.92223
  13.8169
  9.29488
  2.74335
  18.4073
  12.8717
  24.0655
     26.8
  8.15171
  2.06085
  13.6429
  11.3112
  3.69119
  11.2084
  11.2881
  15.7034
  17.9934
  13.4558
  12.8468
  15.8075
  12.1253
  5.80758
  10.9807
  16.2446
  15.3121
  25.2768
  6.24283
  11.0294
   8.4581
  8.28594
  25.1736
  6.37611
  12.0103
  14.8355
  3.15853
 0.561329
  19.0287
  17.0152
   17.215
  1.02109
   12.867
  3.07687
   12.563
   17.915
  9.92561
  17.3722
  6.59026
  5.49446
  7.12605
  13.3935
  12.1138
  11.2698
  16.8603
  14.6521
  9.25256
  7.59482
  8.74502
  14.5673
  17.1156
  12.4471
  15.6913
  3.44207
   9.9479
  3.17583
  3.95194
  12.8963
  16.4659
  10.7272
  5.41314
  17.5095
  17.6592
  16.2208
  16.2213
  5.17398
  5.76818
  2.82916
  16.2609
  2.79203
    18.11
  17.6759
  9.39076
  3.05234
  9.60544
  25.7001
  28.7836
  12.6069
  6.57891
  5.31124
  3.60178
  11.7901
  23.9811
  4.92976
  10.8772
  6.86684
  6.67447
  8.86179
  2.94827
  4.32664
  3.78808
  7.62632
  10.7455
  6.70155
  5.90985
  16.2609
  17.5173
  13.8926
  23.7302
  7.92458
  10.0012
  8.86222
  16.8407
  6.89407
  7.43756
  8.19962
  6.35343
  4.49387
  16.1721
  13.2025
  11.2877
  14.7756
    8.099
  9.39135
  16.9901
 0.712055
  2.76536
  15.5011
  15.7279
  23.1372
  1.61944
  13.4212
  4.65804
  2.77282
  10.6982
  18.3209
  7.32477
  13.3069
  16.1107
  7.69196
  6.76029
  8.97801
  20.3499
  10.6119
  18.5963
  6.46809
  13.9422
  10.3001
  7.74641
  10.7997
  4.24325
  11.8168
  11.6212
  16.9745
  13.6082
  4.92918
   18.705
  1.67757
  7.43551
  9.05011
   9.0163
  17.9646
   15.239
  2.58592
  10.6417
  5.23421
  3.24121
  1.25071
  15.8417
  14.8226
  14.3793
  4.44846
  21.5659
  21.7714
  15.8563
  15.1157
  20.7235
  4.94617
  8.41021
  12.5767
  10.6637
  13.5585
  4.01286
  19.8975
  13.7698
  17.9295
  4.23019
  11.8788
  14.3501
   12.109
  16.8939
  13.9246
  18.4481
  0.16663
  1.65492
  2.63553
  15.6945
  7.14517
  5.14409
  8.56568
   13.261
  10.7893
  16.6908
  8.46439
  12.8346
  4.14135
  5.93756
   11.932
  9.19597
  3.66309
  12.2232
  17.5108
  4.64734
  8.21821
   12.795
  5.27689
  1.97734
  6.22466
  13.6093
  5.25937
  10.1846
  13.4068
  2.91622
  13.0413
  6.24535
  16.5004
  16.6828
  14.7144
  7.15991
  11.9753
  15.4916
  11.5717
  3.58832
  13.1088
  11.5347
  1.14768
   29.884
  32.4042
  22.4423
  23.6625
  25.0581
  3.85141
 0.786089
  17.5993
  10.6763
  6.18869
  11.7572
  11.7988
  9.72309
  9.55869
 0.304775
 0.226448
   9.1602
  40.3804
  4.55333
  1.62351
  26.9519
  5.27249
  1.62014
  16.6481
   2.6381
  23.1299
  23.7732
  9.10378
  25.6728
  30.7038
  14.6238
  17.2145
  31.6011
  24.9009
  21.0981
  23.1759
  4.65001
  0.53866
  4.73538
   27.642
  9.36336
  2.60046
  14.4431
  16.0239
 0.992369
   5.9182
  2.50788
  11.5425
  1.47898
  3.28613
  9.34184
  3.93879
  2.75197
  7.79157
  12.3345
   10.983
  12.5291
  11.5957
  7.93004
  11.7201
  3.48324
  1.78595
  27.2067
  8.50721
  26.0394
  24.8621
  7.40975
  34.1932
  41.9372
  15.3364
  6.52594
  25.6871
  9.76092
  3.07374
  12.7933
  7.28427
  17.5921
  19.9587
  35.3741
  9.79172
  6.84022
  21.0397
  12.5453
  15.2412
  3.93459
  12.7437
  24.9048
 0.286623
  4.38256
 0.852827
  20.2881
  9.57285
  9.03855
  4.55463
  13.8077
  10.1072
  13.3728
 0.501701
  9.08336
  8.53261
  15.6889
  26.5534
  27.1456
  21.3711
  16.5476
  7.64309
  7.76292
  5.10913
  4.66975
  7.32991
  5.43948
  9.81949
  4.98563
  6.26431
   15.632
  14.8255
  29.6025
  12.4719
  29.5623
  33.6376
  12.9317
  15.8983
  15.7434
  5.82952
  5.82423
  24.9321
  20.8323
  10.5451
  31.2302
  27.5216
  5.70844
  16.9883
  14.7515
  8.59373
 0.977939
  8.93111
   40.735
  9.88967
  4.71905
  17.4598
  3.86456
  15.1492
 0.780661
  7.83973
  8.47117
  1.80338
  19.9157
  5.25073
  15.7704
  16.6869
  27.7108
  3.35767
  19.9515
  1.86424
  4.75382
  27.9019
  21.7057
  24.5476
  32.6003
  5.11047
  26.6952
  21.9834
  29.6294
  31.0629
  1.64474
  12.7816
  22.7794
 0.176955
  5.13086
  3.61493
  2.09988
  11.4412
  10.6121
  13.7277
  10.7269
  7.70687
  7.40959
  15.7169
  8.10531
  1.23159
  5.33429
  27.6482
   21.023
  20.2165
  33.5589
  1.17988
  18.0787
  23.2274
  29.8568
  21.0146
  26.7104
  30.3993
  3.28032
  14.0822
  29.8614
  9.08113
  7.29522
   7.7329
  2.46981
  7.05704
  12.3907
  15.3661
 0.801494
  9.51156
  22.8336
  11.2073
   6.2754
  8.87565
  13.3908
  6.88474
   2.1817
  2.73464
  4.44436
 0.125323
  9.78458
  7.40908
  2.72073
  24.0496
  23.2471
  17.0946
  1.93941
  24.6718
  2.99363
  14.5507
  11.9301
  9.11487
  13.2325
  1.19873
  5.64116
  11.0532
 0.628761
  6.16984
  29.4412
  6.38537
  10.4125
   1.2999
   10.341
  6.24212
  3.07038
 0.404716
  9.91442
  21.4461
  10.0585
  10.5276
   13.055
  9.32739
  4.32568
  1.92583
  9.43543
  19.7514
  2.07603
  6.71409
  7.85616
  15.9311
 0.936031
 0.207779
   4.4534
  8.93366
  25.1561
   28.827
  8.76473
  1.84611
  1.34061
  4.39186
  9.42173
  22.5239
 0.376138
  52.5644
0.0726478
  4.01818
  7.17167
  27.6565
  6.94784
  2.96238
   35.568
  20.6679
  27.1803
  18.1742
  31.1461
  28.3395
   28.869
  29.7669
  5.57761
  7.34946
  10.7929
   5.0285
  7.00873
  6.96809
  7.46643
  8.91482
  5.84613
  11.4185
  42.7287
   1.9605
  4.15277
  36.0933
  11.7914
  17.4089
  1.23385
  10.4892
  1.58388
  7.70739
  2.81366
  5.47575
 0.398351
  24.7834
  31.3708
  22.7466
  5.26434
  16.7757
  38.5005
  7.67721
  25.9818
  2.85693
 0.235773
  25.2689
  31.1427
  5.76697
  9.34584
  2.58287
  3.76245
 0.365033
  12.2058
  28.0387
  28.3949
  18.8802
  16.0629
  11.0728
  2.99359
   6.7352
  1.21674
  31.5179
  21.5201
  29.7336
  27.1254
  29.9211
 0.889005
  25.8558
  20.4295
  27.6344
  25.4957
   16.071
   25.933
 0.159132
  1.80278
  22.4025
  24.0701
   7.9633
  18.0733
  11.9374
  4.62283
   20.014
   18.062
  25.2853
  20.7228
   1.6507
  7.53785
  6.32976
  10.8974
  11.1689
 0.691376
  9.81195
   29.145
  10.9017
  1.11944
  13.5159
  12.5637
  5.08649
  22.6968
  14.4105
  18.6383
  31.0369
  31.8597
  22.4066
  9.67777
  3.09537
  3.92587
  10.3902
 0.508363
0.0198197
   1.0822
  7.88405
  3.04437
 0.416651
0.0445242
  11.7996
  21.1186
  18.2563
  8.78458
   24.217
  1.19742
  5.85799
  8.83754
  2.50264
  3.62252
  15.4233
  6.90826
  27.1026
  18.2426
  19.9269
  22.0405
  5.91474
  0.70151
  1.59238
  2.47811
  10.2404
  16.9871
  4.19131
  6.41564
  33.4878
  7.82293
  31.3369
  1.95412
  5.32159
  27.3973
  27.4075
  19.0008
  25.8428
  19.2211
  21.3906
  20.3681
  5.95604
  8.18069
  7.29541
   9.7167
  3.50108
  5.42823
  4.26226
  20.3758
  11.8682
  4.51114
  31.1706
  24.0158
  27.6378
  9.34127
  1.03671
  8.39862
  1.05359
  34.8265
  32.8986
0.0842108
  19.3759
  21.7814
   24.515
  9.18423
  41.8854
  26.2041
  24.9864
  27.8201
   25.777
  26.9007
   31.811
  21.5158
  6.78167
  11.0794
  1.24804
  9.85721
  31.0445
  2.86864
  27.8245
  27.7348
  30.5637
  20.7943
  25.8312
  15.8302
 0.680007
  17.1974
  16.7625
   21.632
   23.628
  8.37806
  6.65315
  28.9828
  13.4854
  34.1694
  28.4714
  20.7943
  34.0268
  34.3156
  37.1892
 0.125509
   30.162
  23.8934
  35.8786
  40.0506
  31.6588
  4.69559
  9.13859
   14.658
 0.618629
  25.9913
  20.4005
    17.09
  21.9415
  5.85426
 0.244538
  4.25756
  26.5582
  14.1065
  28.1321
   50.146
  34.8317
  8.72157
  11.8369
  2.60375
  35.0633
  24.7775
  26.3165
 0.189785
  17.1991
  8.22374
  8.08652
  33.8408
  29.6528
  10.9187
  10.0842
  6.45865
  30.1106
  21.4745
  9.27645
   12.117
  19.9953
  39.6147
  33.3089
  12.8035
  33.9239
  29.1736
  5.04292
   19.925
  30.1515
  28.0067
  28.0583
  21.0079
  30.1714
  1.47278
  6.12735
  3.24866
  1.19245
  26.1981
   40.193
  32.5581
  8.60512
  11.1487
  7.33999
   28.641
  21.2003
  2.57362
  13.5793
  5.05708
  29.5068
  35.2804
  10.4877
  8.71563
  21.2761
  7.35783
  9.61323
  14.6957
   39.537
  22.9863
  33.4687
  13.1153
  16.2545
  28.5872
  25.9257
  11.5937
  5.30921
  5.55839
  3.48007
  4.39137
  4.84789
 0.335329
  19.4012
  8.76781
  11.4687
  1.83058
  30.7148
  38.8761
  38.4626
  22.2566
  30.3489
  11.8982
  8.12349
  25.5213
  23.2278
  2.91711
  12.9277
  41.7332
  1.42879
  20.7633
  4.38239
  2.39578
  5.33294
  18.7517
  3.73704
  32.0751
  35.0059
  2.94672
  36.6481
  3.35517
  11.0256
  36.6262
  31.4204
  35.4666
  3.83236
  1.04236
  6.27366
  4.15247
 0.246034
  13.3531
  6.33342
  13.9181
   14.277
  27.5157
  18.6258
  10.0393
  25.8798
  31.6773
  35.9382
0.0298106
  7.04883
  18.6701
  8.78614
  30.1628
   7.1392
  15.5044
  8.92787
  35.9868
  14.2424
 0.492497
 0.268014
  12.5443
  5.25752
  14.7303
  1.97073
  1.23485
  31.7913
  26.8137
  19.2221
  35.7487
  36.8716
  26.3097
  2.50301
  14.8212
  10.1814
  3.07569
  39.5723
  27.4752
  25.8534
  31.9213
  16.2486
  0.90265
  27.8608
  4.61652
  4.27256
  8.96188
  23.4473
  0.68698
  1.88588
  6.40474
  1.49003
 0.632662
  10.2438
  8.87736
  26.0049
  7.58452
  25.5699
  17.1448
  7.56396
 0.779917
  29.7137
  18.1462
  19.5277
  13.7143
  8.78856
  35.5273
  6.60535
  15.0754
  9.41877
  4.45641
  1.39034
  13.8026
  17.9312
  32.4446
0.0130556
  34.6433
    26.37
0.0627123
  21.3596
  27.9687
  10.8284
  34.0156
  24.0268
   8.3832
  6.89324
   9.1683
  6.60663
  6.70017
  16.1315
  5.59874
  3.32633
  8.62059
  8.39272
  18.5132
  3.55406
  5.33133
  3.71642
  8.88855
  11.6126
   11.947
  14.3468
  5.29423
  7.48318
  4.76074
 0.161283
  2.49273
  27.0634
   18.243
  1.77367
  7.41915
  4.84535
  23.6065
   12.422
 0.238305
  27.5209
  26.6896
  1.41684
  21.4931
  5.86194
  22.0531
  9.43605
 0.319634
 0.796594
 0.549673
  16.8241
  13.9794
  9.13824
  14.1338
   21.202
  21.8397
  5.77052
  5.99351
  8.73052
  25.1851
    7.392
  27.1551
   20.918
   2.7474
  16.6242