  6.99425
  5.08654
  9.60488
   22.157
  4.20503
  2.80489
  2.73364
  3.81919
  2.92993
  11.0374
  18.0008
  9.70329
  2.00264
  23.0946
  20.0317
  11.5053
  17.3043
  6.57967
  18.2979
  13.4102
  14.9919
  12.1998
  24.5845
  30.5147
  23.5096
  4.60005
  7.70163
  7.83371
  6.20805
  7.38489
  23.5366
  2.41823
  9.05122
  2.62939
  8.72841
  7.80501
  10.1857
  4.82325
  1.17149
  6.24525
  5.01365
  11.8708
  28.2549
  48.0783
   60.584
  35.6127
  48.4519
  7.97415
  3.85739
   4.5206
  5.59286
  3.05963
 0.782468
  46.8172
  42.7324
  35.4284
  8.62129
  19.0152
  12.1217
  10.4348
  20.6671
  4.71775
  1.87774
  9.03271
  9.87094
  16.7447
  14.8524
  24.4368
  31.8059
   23.534
  8.97231
  5.29485
  38.5939
  35.6082
  37.4181
  35.1773
  14.4257
  16.7621
  12.2897
   14.653
   16.947
  20.6541
  21.0491
  13.5984
  4.77655
  15.9598
  5.70363
  26.3866
  18.4877
  12.1343
  16.6604
  13.4586
  17.1056
  12.5795
  9.81113
  20.5226
  19.8296
  19.1278
  3.09276
 0.477141
 0.533129
  13.3363
  9.85978
 0.625922
  11.3263
  10.6206
 0.143287
  5.96959
  1.37159
  2.26486
  5.96129
  5.45425
  10.1098
  14.3544
  6.29388
  3.02818
  8.94136
  30.5489
   3.7384
  5.46762
  11.2521
  17.3262
  26.3762
  20.6817
 0.966566
  28.6501
  26.9214
  41.4259
  8.66486
  6.69292
  8.27862
  10.5757
   10.373
  6.92657
  31.6039
  23.0192
  7.00338
  16.1209
  12.9737
  8.69306
  13.3396
 0.765799
  11.0614
  18.5715
  10.1656
  14.2798
  13.1965
    17.52
  27.3384
  25.4261
  35.4313
  52.7592
  52.8109
  2.23016
 0.699602
   27.306
  3.59985
  1.16694
  32.3703
  41.5838
   4.5697
  25.0714
  15.0791
  21.3601
  28.0131
  9.65703
  27.0333
  21.4859
  26.3305
  37.6332
  15.1511
  37.5633
  24.4571
  35.7611
  3.87005
  11.4578
  17.0451
  3.19108
  6.31969
  11.1248
   10.345
  21.5921
  26.7065
  4.16552
  9.76361
  3.50784
  1.62765
  9.86651
  1.36472
  9.85306
  6.29844
  7.14193
  23.4799
  23.6684
  4.26899
  0.75706
 0.673383
  38.2043
  57.8418
  12.7385
  20.7091
  31.5519
  9.05876
  3.77258
   2.5202
  6.64991
  34.8876
  34.5061
  3.27082
  10.9168
  3.77307
  34.8118
  10.8057
  12.4352
  10.8562
 0.348773
  37.8879
  23.0653
  35.3336
  2.70968
   1.9719
  16.0312
  18.7803
 0.669712
  34.4963
  37.5066
  11.5288
   17.663
  17.5606
  33.8927
  7.35832
   12.184
  13.8878
  7.24249
   24.787
  15.8862
  22.4724
  22.0427
  14.2548
  15.6533
  17.4518
  13.0056
  15.9965
  8.23449
  15.6735
  22.3394
  3.74695
  1.58873
  8.55219
  3.72869
  11.9805
  25.0169
  2.08411
   9.1758
  3.76617
  3.63639
  9.26959
  16.7955
  27.7316
  1.54973
   28.241
   22.306
  20.0001
   15.566
   32.908
  17.3101
   11.624
  8.89124
  21.5546
  32.1225
  20.2722
  20.6964
  2.03649
  15.0521
  19.9166
  12.8142
 0.729584
  2.25488
  9.36958
  13.1923
  24.5494
  9.72715
  11.7721
 0.422645
  6.81017
  0.19951
  22.6712
  16.6917
  9.47255
   21.992
  31.5239
  52.9065
  54.0748
  1.71075
  2.02067
  2.45823
  11.9514
  6.33218
  27.9689
  55.7509
  28.1554
  3.44771
  15.3655
   49.008
  4.10016
   32.168
  4.62316
  14.5655
  4.92708
  32.5785
  10.1846
  3.02047
  11.0169
  22.5509
  24.7112
  32.5905
  7.55179
  4.21855
  5.43768
 0.182446
  1.99567
  10.7415
  11.2984
 0.387059
  8.71519
  4.78195
 0.675725
  20.9645
  20.4181
  29.2912
  20.4319
  25.5638
     7.64
  16.2752
  16.3868
  12.1926
   22.284
   32.666
  10.3527
  21.5087
  10.3833
  7.97547
  9.63468
  1.07248
  20.0349
  15.9218
  10.3675
  10.3826
  10.8539
  11.7194
 0.727323
  1.51918
  11.1552
  13.3696
  4.53566
  8.45917
  2.15443
  7.52013
  17.2697
  5.68007
  16.2263
  30.1336
  7.29647
  5.55557
  37.1532
  37.5125
  37.7286
  35.2842
  20.0246
   18.876
  14.0994
  7.71736
  7.72455
  31.5219
  17.2264
  15.0443
  8.94323
  7.66587
  6.48484
  40.0909
  13.8052
  5.04487
  9.54558
  7.93493
  13.8981
  5.63203
  20.1999
  21.5054
  32.2176
  66.9131
  50.3355
  6.31715
 0.117807
 0.864632
  3.53159
     7.25
   8.9684
  55.0396
  32.8129
  4.35419
  30.9741
  1.79774
  27.7559
  33.1152
  35.6026
  42.4827
  26.1984
  9.79965
  4.12605
  28.9592
  35.6324
  25.8485
  39.3758
  9.39554
  7.92037
  20.2795
  14.6268
  8.90832
  11.5701
  11.4373
  2.05737
  5.26021
  12.5773
  18.5129
  20.6378
   23.713
  25.9717
  12.1125
  11.3345
  14.9598
  2.94382
  3.79038
  1.40411
  18.3706
  2.48886
  8.83098
    12.31
  19.6307
  17.9256
  16.1029
  25.6622
  20.8246
  36.8748
  24.5887
  37.1983
  8.38957
  17.9976
  32.3429
   24.112
  3.00203
  4.49731
  18.8682
   41.445
  22.6674
  16.8995
  3.68408
  32.2106
  9.72581
  13.7088
  9.84193
 0.371793
 0.161073
  6.73053
   33.117
  54.9759
  4.92905
  4.01775
  3.64419
  4.52132
   52.407
  47.2902
  9.10105
  31.2803
  22.9579
   6.5141
  9.44881
  38.4152
  38.9909
  28.7646
  5.90074
  6.60154
  21.9829
  10.2897
  10.0717
  21.8541
  46.1019
  27.3077
  1.68662
  12.3242
  23.2225
  12.3728
  57.8129
  45.5261
 0.981678
  16.2701
  17.0575
   27.475
  27.4887
  26.8705
  3.27942
  2.87117
  14.6622
   23.954
 0.732833
  9.94414
  28.7805
   30.797
  35.0878
  23.3584
  7.35155
   3.3627
  4.00096
  26.7151
  18.2148
  14.4865
  60.8736
  26.7518
   6.1785
  2.10055
  1.82488
  7.38308
  6.48452
  16.7505
   14.243
   1.1617
  30.4352
  15.4526
  17.7413
  14.2046
   17.738
  24.0516
  3.86901
   5.8499
  20.1918
  29.2447
  28.0155
  17.2944
  18.3437
  10.3398
  19.6623
  21.2397
  23.4069
  12.4415
  23.6352
  23.9239
  9.02119
  8.84229
  26.9017
   20.544
 0.759536
  35.1107
  13.7961
  5.26601
  2.27884
  19.7706
  27.7567
  11.7217
  14.3577
  20.4493
  7.36212
  3.45928
  20.0412
  27.0701
   24.256
  18.4159
  23.1999
  22.6664
  2.92532
  40.8555
  2.07738
  40.6257
  4.17204
  14.2782
   41.121
  1.96105
   14.875
  27.6384
  19.0661
  14.5834
  4.35557
  17.6799
  13.8941
  12.6255
  35.7646
  26.4493
  24.5532
  23.4311
  30.7958
   24.388
  26.6018
  55.0316
  28.0328
  16.1266
  2.95044
   4.2697
  3.55036
  16.5391
  30.0873
  16.0383
  20.5246
  11.5268
  15.9509
  33.4559
   12.005
  24.7781
  13.2191
  40.7132
   21.149
  11.3516
  15.2775
  19.8032
  22.5876
  3.11191
  27.5918
   14.988
  5.81725
  9.03191
    4.086
  3.84691
  3.40248
  21.3097
  25.5201
  0.15945
  1.57362
  14.2139
  12.6529
  7.88669
  4.67315
  23.2808
  38.0785
  44.7091
  4.84407
  37.3579
  27.7141
   21.953
  1.90503
    25.75
   2.2766
  40.5138
  28.2915
  15.1419
  34.4907
   7.8574
  3.07697
  61.1015
  11.4814
  32.9687
  12.2776
  31.8968
  44.1479
  16.5033
  32.1964
  14.8994
  10.6441
   5.7911
  14.2895
  2.24194
  5.72697
  25.1301
  39.3519
   42.744
  6.33352
  13.8378
   7.9149
  3.81872
  1.28696
  41.2399
  45.0963
  9.42165
  13.8762
   9.1596
  30.7094
  28.9401
  41.1676
  14.7291
  10.0503
  42.6025
  24.0617
  1.84839
  18.5563
  19.1073
  27.4995
   17.508
  5.89004
  5.86915
  5.04421
  7.16383
  17.9024
  8.25677
  10.3017
  5.51293
  11.8599
  1.31902
  10.6416
  6.22633
  9.88125
   6.3629
  18.3288
  17.9387
  16.7629
  40.3428
  28.2112
  29.8509
  7.36843
  1.81781
 0.868553
  5.32719
  33.9958
  34.2429
  1.21385
  29.7821
   7.1949
  22.6416
  4.84557
  5.51293
  36.3432
  31.5359
  31.0841
  36.0147
  12.8198
  11.9257
   6.0666
  34.0457
  29.8743
  24.6248
  20.7426
  11.5451
  9.43099
  19.6832
   9.2044
  12.3189
   5.1439
  5.08498
  4.01964
 0.176748
   12.992
  17.4807
  19.2133
  10.6194
   10.947
  27.3726
   7.8065
  17.2135
  22.0951
  31.1645
  12.7182
  15.2235
  38.6923
  40.1419
  21.5034
  24.5937
  36.2124
  46.5846
  27.4454
  17.3482
  3.15828
  34.6975
  26.4592
  27.3224
  21.4737
   13.752
 0.190858
  37.5469
  24.6243
  11.1068
  19.9574
  21.1355
  12.7493
  21.0319
  28.4669
  30.7094
  9.87319
  35.9372
   27.173
0.0240794
  17.6707
  2.59834
  10.5646
  3.88831
  2.57724
  16.2201
  18.7647
   36.643
  36.6464
  35.0035
     19.8
  10.0275
  40.4773
  20.5847
  26.7106
  20.5599
  20.0815
  31.4186
  10.6627
  33.2668
  21.9568
  23.5218
  8.28291
  27.6376
  12.7325
  5.97534
  16.9667
  28.3645
  28.9603
  4.11909
  22.1507
  2.22368
  26.0115
  14.8222
  12.1411
  5.22374
  28.6976
  9.96654
  12.5195
  14.4657
  17.2626
   8.2385
  19.9726
  27.0701
  8.35381
  21.9568
   27.611
  17.0008
  20.7241
  38.8417
  15.7787
  28.4349
  51.2059
  51.6174
  22.9631
  26.2574
  41.6482
  28.2939
   4.4042
  32.4302
  13.1661
  20.9484
  20.5663
  7.81135
   3.8197
  8.69579
  13.7795
  13.7512
  13.7405
  25.8335
  18.2523
  2.71342
  20.8819
  11.3298
  38.8462
  7.70003
  14.2554
  9.99446
  27.0721
  26.0799
  2.39665
  26.2118
   14.458
  16.8553
  37.8205
  18.6826
   1.8326
  22.9288
 0.893718
  8.44663
  10.0395
  22.8726
  4.06742
  10.9069
  22.5449
  18.9148
  23.1535
  12.8294
  40.9937
   24.109
  31.6098
  17.0988
  13.3559
  2.01456
  27.4588
  27.6381
  12.6988
  2.80976
  7.87669
  42.8785
  33.4362
  20.7117
  12.3856
  3.60811
 0.769684
  2.90594
  4.21007
  16.7292
  20.5987
  10.3997
  27.5415
   34.784
 0.422221
  18.1671
  9.86791
  14.9857
  13.9738
  6.12926
  34.0958
  31.8508
  26.4327
  10.6283
  1.55245
  16.2997
  7.55855
  35.4791
  37.7457
  11.1951
  34.9706
  10.0054
  15.8797
  8.59896
  8.66767
 0.210506
 0.611637
  13.6226
  3.85537
   5.1824
  13.8389
  20.8834
  2.17014
  22.0373
  37.0012
   28.367
  24.0068
  5.22501
   18.635
  25.9194
   23.767
  14.0403
  8.36232
  39.0691
   5.2758
   14.383
  15.9874
  15.3139
  19.4484
  3.89895
  23.5048
  29.1254
  15.3947
   8.0634
  23.4922
  10.8625
  9.50585
  12.1941
  11.7855
  14.8749
   13.238
  17.7049
0.0583931
  15.9874
  3.35041
  22.6341
  23.2663
  20.7166
  19.3247
  27.3858
  20.3234
  6.09684
  7.39604
  10.5212
  37.8617
   5.7709
  15.9312
  10.4119
  12.4731
  13.6506
   15.535
0.0916245
  37.6585
  4.92167
  20.1482
  25.6949
  14.2259
   8.2076
  14.9124
   18.229
  23.8635
  32.5238
  24.7895
   24.813
   11.932
  8.03878
  17.6657
  7.89724
  11.1557
  14.4266
  33.7232
  8.96562
  19.0185
  12.1766
  16.9419
  14.8891
  26.7838
 0.053966
  28.3496
  25.7232
  9.92384
  28.1226
  25.1142
  22.7975
  19.0468
  26.6202
  18.9365
  5.32812
  22.7642
  11.8992
  18.8471
  5.89082
  20.4483
   19.155
  34.1512
  22.1364
  5.61203
  26.7186
  38.2598
   12.193
  11.2531
   20.844
  15.1021
  1.52724
  7.43076
  19.9234
  27.2019
  24.1841
  14.4616
   15.699
   12.646
  14.7138
  17.6216
  10.2553
  8.87961
  6.56685
  2.11498
   10.025
  12.0339
   14.679
  4.21567
  17.5714
  31.5447
  48.7872
   42.107
  41.8892
  23.8209
  22.0028
   20.353
  27.5644
  0.97811
  4.62852
  14.4254
  24.1876
   11.241
   9.4132
  15.7228
  42.0668
  33.4967
  29.5245
   21.147
  38.7861
  17.1824
  8.94369
 0.149333
  3.49194
  11.1916
  45.2043
  28.3675
   11.423
  12.3924
  21.4997
  36.2922
  24.7227
 0.879444
  44.6585
  7.51558
   43.946
  30.4037
  27.2168
   36.619
  38.4702
  27.9573
  36.7359
  46.1348
  16.6395
  21.8309
  16.0493
  25.6806
  33.7864
   3.3786
  1.38001
  28.4826
   23.161
  26.0617
  1.90345
   12.176
  22.0776
  32.1251
  38.2914
   5.8845
  12.3933
  10.5362
  34.3104
  8.36333
  2.16648
   2.9487
  17.7635
  4.87554
  13.1144
  4.90302
   8.6089
  10.6615
  35.2326
 0.533441
  19.6284
  19.9549
  11.6194
    26.04
 0.372146
  7.94243
  8.77192
  19.3968
  13.2623
  4.07106
  18.6519
 0.115008
  37.9625
  11.2239
  30.8858
  24.3873
  27.6256
 0.721465
  20.9587
  7.61489
  25.7559
  3.43021
  40.2569
  44.8375
  6.76997
  6.33299
  4.52578
  39.3059
  2.70679
  18.8066
  17.0767
  10.7979
  20.8494
  2.17581
  26.1644
  40.1875
  26.3603
  32.9787
  19.7015
  36.4032
   25.124
  32.8383
   2.3933
  3.16912
  9.02974
 0.306669
  12.5867
  1.26314
  2.96372
  5.89736
  1.45612
  4.38084
   11.753
 0.142888
  25.2827
  22.8298
   26.885
  30.4336
  33.7199
  19.8116
  36.1548
  24.4619
  2.86139
  14.5685
   21.675
   19.765
  17.3389
   35.318
  11.3336
  7.91577
  15.9477
  9.49475
  31.1336
  17.4611
  35.9796
  12.0544
  33.5899
   27.075
  17.4971
  35.3644
  38.4545
  34.4728
  12.3115
  25.8496
  23.8733
  30.8175
  13.5381
  32.5831
  2.51578
  17.4228
  11.2439
  31.5231
  32.1421
  37.4903
  32.5382
   20.138
  20.8594
  2.29246
  31.6229
   24.793
  1.74531
  15.6019
  10.5737
  9.18555
  4.71841
  4.51486
  9.18427
  9.95363
  5.71397
  3.88624
  6.79927
  1.09954
  3.72127
  15.0026
 0.142504
  7.35771
  4.04512
  33.3987
  10.2431
  11.8954
  27.0592
  26.3524
  7.16861
  17.5737
  41.7809
  48.3664
  54.4648
  2.79972
  5.33678
  1.27162
   16.812
   41.055
  43.2394
  31.6897
  1.75097
  30.9394
  47.7399
  44.5111
   11.575
  11.2799
   23.959
  12.8487
  21.6743
 0.228868
  36.5762
  34.9879
  14.6246
  4.74838
  12.0551
  2.54066
  21.4367
   4.0083
  11.7324
  13.0932
  2.01293
  6.98426
  17.4188
   10.618
  1.96456
  44.0131
  33.9033
  29.8746
  37.2083
  27.8887
  5.15589
  13.4671
  33.0871
  25.3372
  5.06701
  7.59348
  6.41196
  1.60415
  7.63736
  7.49804
  5.77729
  27.1575
  28.1172
  36.5594
  31.4338
  14.2676
  25.3377
  6.59941
  19.9971
   8.9416
  14.4092
  12.6097
  17.8058
 0.449976
  32.8004
  4.54624
  15.9901
  23.9948
  26.7071
  4.40297
  1.70556
  34.5783
  17.6873
  4.50581
  2.18555
  10.1086
   26.475
  10.0015
  20.6009
  16.9497
  5.16887
  30.3004
  19.9167
  19.3976
  21.7687
  4.43248
  16.9667
  18.2668
  22.8084
 0.688392
   36.368
  13.7348
  34.4335
   27.017
  6.17875
  16.9903
  17.6087
  4.67005
  1.32786
  18.5372
  10.0808
  4.91574
  0.83784
  5.99681
  13.1298
  8.43947
  14.8774
  1.48008
  1.37061
  13.9168
  2.54163
  2.23412
  3.76711
  7.60459
  7.41457
  18.2766
  12.4359
  35.9688
  9.60144
  5.40539
 0.925398
  4.97144
  9.71916
  17.6757
  19.1719
  15.6941
  34.5654
  8.69838
   9.9811
  35.4109
  39.7616
  10.3325
   16.736
  17.9928
  25.8866
  30.4504
  35.7573
  22.5944
  41.3175
  43.5409
  42.7138
  3.41651
  5.65244
  3.84683
  7.64759
  16.4993
  12.7245
  4.00989
  7.67388
  12.7024
  11.2414
  20.5528
  3.72544
  4.86617
  4.74622
  15.2149
  33.1173
  34.9415
  20.2132
  19.7292
  16.5063
  14.2107
  22.9783
   32.442
  44.2156
  43.4825
  45.4984
    13.48
  22.0795
  16.8333
  24.3023
   41.371
  39.3385
  21.4671
  14.5918
  27.4752
  37.4327
   46.038
  19.1841
  13.2486
  9.94628
  23.2948
  15.8286
  21.2289
   15.284
  14.7251
  14.0304
  24.5014
  24.3805
  10.9825
  12.0369
  25.6861
  6.13485
  16.3565
  28.7654
  40.3294
  30.2472
  37.7191
  27.7934
  25.9079
  42.2758
  43.7484
  47.2337
  35.0122
  16.0307
  14.7686
  15.0331
  14.8289
  27.5902
  32.8688
  39.1959
  38.5747
  6.66016
   27.424
  10.0319
  39.9422
  35.4435
  36.8503
  8.82277
  19.0259
   3.7451
  5.71697
  16.6504
  36.4838
  17.2995
   20.279
  21.7507
  16.1681
  29.3258
  22.2503
  29.5551
  32.6175
  42.7715
  38.9849
   7.2502
  9.56183
  18.5264
  11.1554
   18.164
  21.8374
  30.8512
  13.6062
  13.4128
  30.9571
  39.6283
   32.516
  2.67944
  17.6335
  18.0291
  10.3365
  6.19906
  13.8131
  42.0945
  39.9717
   40.718
  37.4287
  15.1696
  11.3961
  14.0383
  14.4104
  31.6599
  15.2581
  18.0586
   34.731
  21.9214
  35.0622
  8.30941
  4.02791
  3.81985
  34.5907
  28.4666
  27.2193
  44.7669
  37.4432
  19.9663
   2.1507
  20.3616
  18.0964
  19.9899
  15.9027
  17.6752
  11.6209
  21.4623
  11.2724
  32.9022
  37.4505
   27.358
  40.1269
  42.5183
  44.2767
  30.3971
  21.6619
  14.9757
  34.6962
   11.887
  13.0508
  27.7201
  67.8821
  4.51064
   32.117
  31.1003