 0.799686
  1.31961
 0.852959
  24.0879
  20.2469
  24.3413
   22.134
  12.1525
  8.29144
  21.5015
  12.2785
  14.9077
  12.1238
  14.8617
  16.4492
  25.2919
   24.454
  20.3351
   26.325
  18.7975
  21.9706
  22.5733
  23.3045
  22.5532
  24.9743
  19.8085
  31.8969
  38.5227
  30.6642
  16.4721
  15.0053
  1.59246
  3.88561
  5.58906
  4.74137
  3.91067
  13.3835
   1.5085
  7.98204
  2.00191
  8.39472
  3.26942
  9.04663
  11.1497
  10.6618
 0.768408
  5.24175
  11.9251
  29.3151
  53.2513
  27.4383
  24.9011
  58.0926
  1.15714
  9.88004
   3.9367
  2.76014
  9.36255
  10.0787
  29.3386
  29.9504
  41.5256
  5.60758
 0.853917
  11.9833
  10.8361
  23.2144
  23.6416
  19.5655
  24.1679
   29.326
  26.1597
  24.1697
  22.1719
  29.8195
  21.8859
  23.7351
  13.0407
  45.3977
   43.563
  44.2116
  34.2168
  32.7712
  22.4067
  26.3891
  30.7726
  18.2167
  19.5568
  20.2995
  25.6673
  30.9801
  24.9597
  11.5936
  30.1647
  20.5455
  30.5068
  24.5829
  15.2888
   21.095
  28.2244
  32.1484
  1.74902
  1.34602
   16.749
  16.4715
  20.9431
  14.2333
  9.23707
  19.2166
  13.8033
  4.68556
  12.5167
  12.5423
  5.72222
  4.55345
  14.8221
  6.87689
  10.6105
  23.6981
  5.15921
  22.6645
  15.1459
  24.3203
  2.25009
  9.39743
   25.248
  18.5666
  23.7212
  28.5996
   35.815
  37.9365
  18.0516
  18.0834
  28.8787
  26.1746
  3.92181
  3.34302
 0.112594
  4.53736
  2.52225
  7.36556
 0.803915
  11.4186
  6.02201
 0.747553
  8.95138
  2.69156
  6.07196
  3.07571
 0.315996
  1.53115
  1.22409
  7.23126
  19.1412
  8.07894
  38.3798
   33.787
  7.85756
  62.6111
  63.3771
   9.5377
  2.19024
  24.8472
 0.855542
 0.644437
  38.6579
  44.4639
  25.4048
  35.7591
  19.7369
  37.3133
  11.9744
  2.25864
   29.216
  15.5068
  28.0918
  20.9427
   32.218
  24.1016
  10.0811
  11.9811
 0.809294
  8.41904
  27.7777
  20.1339
  30.7523
  33.1313
  30.1453
    25.01
  22.4531
  13.6006
  1.72355
  7.89486
  1.34122
 0.740874
  5.76106
   1.5282
  8.48315
  2.06373
  3.40486
  31.2747
  30.5056
   1.6249
  2.37168
  1.26341
  28.9306
  45.1805
  19.3402
  11.8484
  30.5946
  5.76189
  9.23865
 0.106529
  8.76898
   41.549
  40.2931
  1.59062
  2.44477
  11.2451
  5.57698
  1.84388
  3.13233
 0.491764
  8.13887
  40.6471
  34.4618
  21.2977
   19.722
  24.6339
  29.6733
  28.2312
   41.501
  36.3086
  39.3054
  11.5036
  24.3026
  44.6627
  24.7897
  25.8872
   27.376
  25.4968
  33.2429
  27.1015
  19.1614
  24.8978
  21.7023
   18.722
  30.6367
  20.7759
  22.6435
  9.75936
  17.1959
  24.4558
  17.5966
  22.1022
   29.384
  6.76434
  8.86086
  4.63931
  13.1933
  5.91828
  11.7376
  1.82012
  12.5765
  21.7514
  10.1866
   20.858
  11.6613
  27.8155
  27.1723
  23.6363
  21.1484
  27.8575
  36.4492
  47.2947
  21.8502
  15.8932
  25.1447
  33.1457
  26.8754
  29.3717
  23.6688
  5.84207
  4.66349
  11.6569
  9.06407
 0.370492
  3.39421
  5.97638
  9.65315
  20.4152
  1.61361
  3.71573
  3.38942
  2.80868
  6.55828
  12.6362
  7.29595
  14.6182
  15.1842
  23.8548
  63.4267
  60.3624
  5.44249
  2.68412
  12.4847
  14.9871
  2.61183
  31.7984
  45.5292
  21.1366
  1.86136
   8.4941
  27.9214
 0.505465
  29.6563
 0.400908
  35.0158
  25.0007
  13.6719
  2.71041
  27.0618
  16.2325
  28.8816
  35.3304
   5.2294
   4.3367
  12.7653
  7.11597
  9.62865
 0.657445
  3.00304
  8.10258
  2.01146
   7.7641
  1.22785
  18.9043
  18.0966
  26.0347
  33.4546
  37.0563
   22.729
  30.5307
   17.677
  13.2157
   22.106
  19.9228
   33.133
  23.8736
  29.0726
  15.7238
  15.7351
  5.05374
  2.32971
  11.7803
  16.5542
  15.0359
  11.0182
  11.5026
  11.4544
  6.45038
  8.24349
  14.1039
  12.8695
  15.3135
  0.35543
 0.330914
  8.95455
  21.9437
  22.5455
  20.8961
  25.7462
  25.8153
  25.6614
  32.5264
  22.6569
  43.9105
  36.8254
  33.9864
   26.953
  33.8767
  20.2959
  3.84258
  1.46107
  14.3913
 0.480765
  10.3408
  5.11315
  4.56296
  4.89143
  28.3129
  9.01132
  4.42493
  7.09419
  3.41856
  4.59874
  2.56233
  9.52566
  12.2038
  34.9049
  54.4083
  54.7052
   5.8241
  14.4715
  16.2547
  10.7265
 0.551129
  1.60962
  42.8252
  8.06971
  1.64168
  8.19921
  3.80673
  23.0299
  4.17898
  39.1816
  56.8356
  28.2423
  24.6802
  18.4088
  27.1151
  42.5652
  27.9485
  26.1079
  25.8626
  20.0922
  28.9043
  5.61409
  15.9361
  5.09167
  3.45505
  2.73136
  5.45949
  27.8876
   21.319
  23.7755
  23.1676
  32.7204
  28.5769
  28.0373
  16.7276
  13.1203
  5.59534
  13.5979
  20.2851
  2.15291
  11.7025
  3.59251
  13.1699
  32.4536
   30.152
  25.3483
  12.9185
  42.6737
  28.7094
  43.6147
  25.1339
  24.3147
  28.3823
  27.2228
  12.3942
   21.737
  25.2823
  44.2397
   22.131
  7.96798
  12.1938
  11.2437
  11.4567
  3.93044
  2.31089
  8.22308
  9.15875
  12.1281
  24.1038
  41.3659
  3.12703
  7.73409
  3.69699
  7.95709
  53.5045
  56.6134
  1.50205
  8.02354
  20.0747
  5.16811
 0.913244
  41.8373
  41.8471
  31.4983
  16.6133
  6.84021
  12.5275
  18.3364
  11.0004
  23.3021
  6.21859
  30.6621
  34.6991
  3.93071
  13.9355
  18.5935
  5.78053
  44.2748
  53.0471
  1.45437
  14.3877
  11.1836
  29.4749
  31.6019
  40.3264
  27.7134
  12.6435
    20.96
  13.2944
  25.8752
  4.38902
   8.5414
  30.0294
  35.7554
  31.7048
  25.8555
  17.3634
  8.77701
  3.11944
  15.6977
  12.5616
  21.7895
  45.0136
  21.7224
  8.93474
   19.802
  5.27123
  14.8614
  13.7353
  11.0466
  6.52447
  3.53565
  8.67984
  11.8549
  17.7819
  18.2386
  20.5847
  25.9734
   11.733
  6.39745
  12.1607
  15.4363
  40.2417
  15.3303
   7.5542
  8.01633
  15.8582
 0.627412
  30.5476
  25.9477
  18.9993
  12.8243
  15.2494
  6.64735
  8.76259
  30.5127
  2.18755
  3.73705
  11.1754
 0.575552
  15.1501
  4.04714
  12.9205
  30.5264
  20.2566
   9.5952
  23.0989
  4.95678
 0.832006
  9.67249
 0.448745
  28.1239
  21.8971
  18.9962
  10.4814
  26.5036
  19.3661
  24.8753
  1.47947
  12.1545
  13.6175
  13.7023
  2.19109
 0.392878
  1.98029
  8.64921
  30.1465
  21.5624
  5.34396
 0.318326
  13.7594
  16.6705
  16.7994
  31.6895
  21.1214
  27.5765
  14.2166
  34.6305
  33.3168
  19.1121
   43.701
  10.0512
  13.6514
  6.87792
  3.55454
  6.83423
  23.0606
  30.8204
  12.7536
  33.9013
  22.1981
  11.9687
  37.0689
  8.66357
  12.4669
  6.19818
  37.2117
  17.6403
  18.0246
  9.09669
  16.3191
  13.6492
  15.7885
  30.8469
   3.9686
  6.49116
  26.9392
  6.69344
 0.974691
  7.09359
  12.5227
  7.50542
  4.17886
     4.42
  5.23228
  2.07738
  6.86156
  23.2541
  13.6948
  11.8073
  13.6811
  4.82189
  27.9349
  25.5072
  23.1883
   2.8235
  23.8709
  8.31858
  31.4728
  23.2288
  5.34551
  8.97745
  7.44021
 0.403196
  28.2278
  6.27608
  36.4516
   21.319
  22.9829
  40.3484
  23.0426
  31.0495
  7.65966
  27.3117
  10.5239
   11.173
   3.6277
  13.9685
  9.74401
  23.8721
  46.3491
  2.75758
  12.2849
   16.502
  17.4937
  16.5828
  16.9704
  4.22514
  17.9592
  14.0432
  41.6315
 0.374342
  16.9712
  8.07407
  4.17257
  37.7399
  16.5928
  10.9379
  20.1724
  23.8835
  23.9957
  28.8267
  21.2077
  12.9545
  2.77189
  12.6943
  2.45944
  10.1772
  28.9098
  5.18666
  30.0135
  3.01269
  17.1627
  13.7178
  2.47706
 0.346576
  10.9011
  22.0586
  8.09015
  13.5526
  19.2228
  15.6193
  6.85652
  1.30863
  10.4498
  16.4206
   26.241
  9.16082
 0.855065
  26.4003
  1.12904
  29.8799
  5.89414
  5.18666
   32.878
  22.9382
  23.9242
  46.4838
  21.8099
  16.3129
0.0531305
  11.4437
  15.8099
  14.9688
  38.5576
  11.7176
  20.8826
  7.19122
 0.689229
  4.01565
  2.88404
  1.97481
  1.62577
  18.3098
   8.3964
  16.7835
  4.10296
  4.40555
  39.7328
  10.7497
  12.1924
  16.9306
  12.2298
  8.08653
  30.9464
  14.5123
  16.6671
  12.3788
  26.6142
  36.7122
  41.1539
  7.80356
  25.7847
  2.03452
  12.3579
  20.8489
  30.8694
0.0689123
  14.1655
  4.26855
  25.5046
  15.8099
  22.6168
   11.999
   11.893
  13.1689
  13.7148
   31.306
  41.6315
  9.07008
  43.4229
  8.16139
  4.72002
  13.4891
  5.48439
  14.9143
  8.56839
  2.66088
  8.64947
   1.8208
  11.6004
  32.3943
   9.1691
  7.00533
  5.72951
  25.2237
  32.7043
  21.9659
  32.7237
  32.1244
  27.6204
  8.64053
  7.64076
  25.2417
  25.7033
  20.1234
   24.603
  16.9382
   21.215
  18.9398
  32.0097
   10.048
  6.89986
  1.93019
 0.830959
  25.6751
   30.181
  13.8541
  35.0813
  47.7441
  29.5378
  15.9529
  11.2986
  15.4004
  28.8757
  18.3777
  29.1061
  28.1242
  11.7951
  25.2417
  25.9747
  28.9971
  9.75761
  11.8523
  12.3693
  25.2288
  29.1204
  59.1917
   14.268
  29.8718
  25.6053
  28.9229
   9.5186
  43.0383
  34.5446
  31.9851
  27.7172
  12.1526
  12.9469
  14.0545
  2.33433
  5.23517
  27.9113
  9.27585
  1.08715
  15.7703
  15.4171
  27.5289
  12.8575
  18.0382
  9.75152
  13.7571
   29.513
  25.0466
  4.72243
  23.3329
  18.7353
   16.969
  0.44162
  35.0143
  20.1785
  16.4012
  6.07525
  2.14205
  23.2153
  25.0474
  21.7546
  18.8453
  27.0552
  18.7876
  11.9899
  27.8303
  11.5458
   25.783
  18.2202
  41.2229
  24.0975
  21.5208
 0.543275
  25.2367
  19.3739
  17.0468
  16.5891
  15.0011
  26.7304
  8.54568
  5.41893
  19.8801
  2.36236
  9.62469
  11.8136
  1.36545
  30.0118
  15.8497
  32.4897
  34.0903
  2.94447
   12.936
    22.59
  17.1452
  17.3653
  3.33997
  35.1831
  32.6506
  21.2023
  22.9065
  23.0866
   30.559
  14.3341
  34.9852
  25.7942
  18.2269
  46.1734
  26.3813
  21.1577
  34.9051
  31.2039
  13.3319
  22.7141
  34.1041
  18.8013
  17.3375
  13.7655
  13.7359
  32.3571
  5.24337
  35.2266
  34.4106
   15.759
  2.98687
  19.6074
  33.1529
  28.4195
  17.6552
  14.8457
  7.36184
  3.49921
  27.6689
  26.8381
   14.424
  12.0528
   13.526
  33.3675
  34.5675
  15.9828
  30.1198
   25.479
  15.7628
   18.075
   17.172
   19.729
   14.017
  26.2711
   5.3217
  9.12488
  26.8381
  14.0056
  14.5228
  17.0084
  27.8809
  25.0146
  33.4369
  28.6391
  3.55265
  5.26191
  26.1819
  35.3982
  16.4122
  4.99819
  8.16566
  24.5546
  12.3151
   3.9241
  6.88246
  42.0731
  30.5802
  9.96366
  28.6455
  12.9041
  29.2902
  7.98552
  28.4737
   15.903
  3.66954
  44.0411
  33.3843
  26.0339
   13.806
  17.0102
  14.8087
  6.58475
  13.1659
  16.6973
   16.571
  22.6025
   20.654
  22.7886
  22.7524
  14.1155
  28.6851
  8.47291
  40.8781
  27.5726
  33.5562
  29.1101
  26.5381
  33.7957
  30.1211
  26.8346
  16.2171
  1.39588
  36.1882
  20.7505
  14.4406
  9.17072
  33.3102
  30.0568
  32.4135
     10.7
  6.71908
  29.2094
  40.0965
   3.3319
   19.389
  32.8625
  9.86083
0.0839784
  17.7086
  30.2423
  27.3746
  34.5147
  8.80568
  21.1701
  18.4302
  13.9056
  30.5955
  20.1742
  17.6444
  2.72098
  7.35578
  15.0431
  4.70089
  29.2781
  18.9821
  22.2957
  19.8936
   43.687
  43.8776
  9.46582
  22.1712
  28.5579
   34.949
   27.089
  28.3124
  11.2717
  2.37084
  13.7128
  7.07422
  13.4741
  10.2527
  15.9095
  8.04367
  19.1789
  39.2167
  8.93706
   30.124
  13.2283
  24.4088
  15.1122
   2.5841
  12.1613
  13.7492
  41.1735
  7.72832
  2.94068
  22.9438
  33.8582
  24.8242
  2.49084
  13.8638
   14.167
  35.4952
  32.4091
  7.24947
  16.4275
   32.502
  35.3601
  12.5924
  38.6847
  43.6643
  7.68793
  12.5192
  8.93749
  18.6018
   2.9573
   3.2365
   25.951
  33.2818
  26.2494
  8.71224
  22.4146
  5.81181
  14.5304
  25.3134
  35.5734
  16.0131
   14.672
  1.93256
  32.2921
  25.9139
    13.61
  5.36461
   9.7173
  4.82426
  30.2105
  14.5605
   4.1594
  29.2202
  16.5936
  7.75532
  36.4489
  1.51521
  12.8805
  28.6589
  10.2094
  36.6534
  4.37162
  10.4224
  21.8791
  32.2458
  14.2141
  8.55994
  12.2467
  5.33231
  26.7806
  16.1118
  35.9981
  22.2894
  25.3584
  1.81908
  25.4771
  11.1702
  19.8922
 0.871029
  16.8261
  27.8695
  19.1929
  9.32009
  11.2869
  38.6333
 0.360781
  20.8331
  19.1688
  14.1253
  16.2204
  5.41413
  17.0178
  14.0234
  9.87993
  12.2014
  19.8995
  9.67402
  26.3139
  7.10539
  40.7607
  4.81065
  18.7597
  1.66345
  6.45414
  11.7378
  3.34101
  7.65954
  4.39421
 0.685141
  19.0042
  4.27423
  2.01453
  27.5797
  22.6297
  29.1226
  26.5907
   32.712
   13.472
  43.1751
  19.2825
  12.3315
  4.89469
  21.9617
  9.91643
  13.2077
  8.81955
  16.8364
  13.2894
  17.5438
  6.01289
  8.89542
  9.37098
   16.625
  19.2487
  26.7786
  18.6837
  9.13077
  9.81198
  37.6044
  33.2262
  36.9702
  17.7434
  9.89339
  24.3144
  5.37122
  41.7286
  31.7559
  3.45555
 0.525533
  13.7446
  13.7566
  38.9424
  40.1165
  36.5295
  40.2006
  13.2039
  21.7509
  12.5199
  36.1405
  16.8194
  14.0002
   27.341
  23.4284
  36.8058
  23.7459
  6.81133
   19.192
    14.68
  2.66068
  7.17163
  4.27029
  1.23669
  1.00939
  11.9523
   17.132
   25.328
   4.3008
  34.6509
  32.1832
  15.9261
  10.7912
  16.2731
  6.67123
  10.2283
  32.5878
  50.6804
  40.4934
  5.27812
  2.35458
  22.6116
  17.7204
  34.0847
  36.4731
  43.4596
  7.34015
  18.5133
  18.0237
  36.5699
  36.5094
   4.3477
    45.91
   21.862
   13.548
  12.4814
  25.5455
  6.03649
  42.1911
  36.8143
  42.5697
   17.733
  30.4486
   14.737
  2.78265
  11.1012
  3.14423
  19.3055
   6.4986
   3.3778
  3.89572
  13.7848
   28.086
   16.625
  35.5291
  28.2962
  38.5475
   30.449
  7.89123
  4.52564
  19.2113
  39.8112
    29.19
  19.2208
  13.4871
  10.9914
  26.3886
  20.8715
  17.6075
  24.2365
  14.7208
  6.91801
  8.18517
  19.2738
   16.034
   18.091
  12.1879
  8.57992
  15.5075
  11.3322
  19.7807
  15.9974
  9.90127
  32.8479
  15.0175
  30.3417
  42.0368
  4.03843
  6.39209
  27.5124
  22.2001
  3.74255
  1.26679
  16.6335
    8.702
  16.0981
  2.95966
  3.88902
  25.2634
  4.15985
  6.50989
  22.0974
  22.9882
  16.1603
  40.7877
  10.2407
  9.38472
  18.0943
  1.61049
  18.9398
  19.8108
  20.1464
   18.966
  11.4364
  28.5626
  33.8759
  27.2984
  17.4566
  4.78199
  21.1445
 0.643559
  5.23691
  29.4028
  18.6049
  3.12044
  1.41141
  8.93172
  3.06617
   27.456
  10.5032
  14.4045
  12.7887
  7.97436
  3.77027
 0.113907
  1.27144
  8.87225
  7.39934
  17.8644
  17.0103
  25.1167
  2.86843
  3.27168
  1.96147
  4.30697
  12.1904
    20.37
  20.7622
   15.064
  36.4873
  20.2228
  11.3361
  18.0147
  17.5133
  14.8677
   7.1489
   6.0148
  46.0645
  11.3726
  13.7848
  1.20189
    9.482
  33.3977
  35.6573
  40.3372
  9.41071
  3.91812
 0.420691
  7.21442
  3.29614
   16.123
  5.70149
  4.30616
  8.01805
  15.5394
  13.4741
  7.62681
  1.03701
  4.80412
 0.532559
  5.41775
  17.5439
  18.6817
  10.0682
  9.85594
  13.5201
  6.71265
  13.4635
  11.8869
  6.42122
  36.0378
  36.6512
  39.7831
  15.0212
  31.8544
  21.6728
  32.1673
  25.1018
  28.3608
  8.47796
  15.4178
  51.2585
  20.0879
  20.9327
  32.3825
  38.6308
  17.9164
  9.60526
  9.17461
  6.85425
    10.51
  9.56947
  11.4812
  21.7382
  28.0361
  24.7329
  24.1879
   14.231
  15.9882
  27.7291
   6.0047
  9.59543
   40.402
  21.5633
  32.3179
   30.028
  35.0095
  9.31069
  20.4962
  7.47557
  31.3619
  36.8605
  43.5163
  6.21389
  20.4069
  9.50345
   8.7528
  38.5629
  27.4536
  42.3298
  14.5697
  41.2543
  10.2522
  23.8599
  26.6271
  20.9002
  20.6109
  33.7425
  27.8077
  29.4384
  39.1856
    5.372
  14.4966
  1.98753
  2.16557
  11.5745
  29.4792
  18.4494
  21.0404
  20.2898
  14.6056
  5.45394
  22.9121
  37.9299
  30.9017
  46.7191
   13.438
   16.598
    21.15
  11.1395
  17.7032
  6.60602
  29.8727
  20.3564
  15.3916
  39.0216
  11.0362
  43.7145
  40.8843
  0.52515
  19.0477
  20.5705
  14.2789
  15.2252
  4.96788
  28.8398
  15.8662
    30.88
   33.076
  18.5354
  4.73332
  16.5523
  2.69839
  19.3534
  24.8883
  4.86948
  22.8094
  21.9552
  18.0561
  40.3118
  8.51131
 0.452783
 0.282722
  36.6673
  6.20033
  17.7671
   19.113
  27.7145
  14.4785
  2.05615
  11.3006
  17.7167
  19.7331
  18.6951
    20.37
  22.5857
  15.2692
  13.5749
  32.1818
  26.6854
  19.0975
  29.6043
  32.7708
  37.1761
  39.5032
  25.9057
  29.8703
  16.2811
  34.1216
  22.6209
  18.4117
  30.2893
  4.26469
  41.3414
  34.1361
  37.2122
  33.9207
  1.81341
  25.6145
  41.7738
  17.9664