61.6601
57.0856
52.1378
35.4321
21.9762
88.2153
84.4674
85.0706
83.5495
69.6122
72.2046
42.5266
 50.699
45.1143
 59.721
65.9847
7.32997
11.4166
60.2821
  41.86
82.5953
81.6752
52.9925
52.9916
51.9711
66.5552
83.0589
31.6824
57.1556
33.1515
32.5961
26.8877
52.0495
60.6672
45.4269
46.5295
 35.138
35.3028
59.3656
60.5581
37.8466
31.1507
27.3766
74.9937
79.6587
86.2699
78.5258
55.3647
13.1917
 37.453
69.6984
71.3992
71.4348
36.3153
22.8067
71.0861
64.4818
  55.13
32.4159
65.5855
47.7149
32.7426
46.2559
69.9362
44.6378
52.7186
29.1989
20.5543
43.4633
16.4128
66.3728
79.6911
76.7036
76.5525
52.9925
 32.296
49.3049
52.3234
48.0332
40.0039
32.8472
56.3157
25.7619
27.4235
35.7423
52.1735
23.3044
11.7132
53.9479
6.90376
60.7115
 48.285
 52.768
70.4752
42.8006
61.9351
29.1598
68.6693
41.0736
83.6171
42.6989
 85.791
85.4228
38.4491
83.5195
38.5245
44.9383
22.2648
68.7371
35.8847
83.4964
17.1004
49.5306
48.6279
69.4239
45.9076
31.7295
60.0447
 55.515
27.0943
57.9406
17.1182
 37.513
23.6398
85.1355
40.1004
38.3103
9.15936
77.4019
 46.385
69.1044
85.3698
42.6989
84.5599
48.2498
40.6639
40.1017
40.4836
42.0758
27.0941
23.4274
56.3398
50.9704
46.2299
   61.1
84.4364
36.1021
60.3223
 78.977
53.5158
75.4262
77.3447
50.9135
74.5382
48.6155
75.4177
47.3856
60.8068
61.7625
85.2142
51.5164
79.8816
40.2461
51.0734
88.8169
68.9834
44.5942
55.4444
41.9867
 47.471
60.2673
 89.185
22.3625
45.4911
82.8966
50.5988
13.3508
59.4646
53.6306
 41.998
58.2878
78.2788
61.9376
50.1386
37.3295
36.8456
67.2074
30.4469
88.7184
17.3342
 23.009
48.8825
73.6219
68.1954
61.3985
51.3758
45.4939
83.4969