  33.3979
   33.456
   3.6611
  2.87109
  21.3411
 0.750004
 0.719168
  1.16529
  19.4044
   19.373
  10.9079
  10.8624
  10.5137
  10.4731
  14.0399
  13.6565
  12.6725
  12.4451
  5.84474
  6.20539
  12.5864
  12.9228
  4.23133
  4.58167
  17.3856
  18.0849
  8.95114
  8.88205
  35.3115
  35.2448
  13.4518
  13.2744
  12.3932
  14.6481
  15.7887
  9.20451
  9.34695
  11.9708
  11.5252
  10.6878
  10.4413
  7.54511
  7.65609
  8.35045
  8.32334
  31.4684
  32.4753
  32.6237
  21.2583
  3.26364
  2.87122
  3.28817
  3.30891
  13.6717
  14.1726
  3.75594
  2.57686
  10.0457
  13.2157
   29.883
  29.8139
  30.9463
  28.7205
  28.6528
   29.285
  28.7636
  21.7388
  34.7259
  37.1547
  37.0524
  35.7905
   35.068
  35.1816
  35.0182
  37.0661
  37.2106
  24.3528
   21.583
  29.6881
  31.0989
  32.9995
  33.5193
  34.0838
  34.4922
  33.5729
  33.1637
  35.0874
  34.8806
  36.1479
  35.0421
  32.7895
  16.5806
  37.8733
  16.5062
  15.4094
0.0320606
  14.8132
  12.4111
  18.8684
  17.3976
  24.0483
  22.5554
  18.4362
 0.562395
  2.11702
  9.92887
  10.5583
   5.8758
  1.25158
  5.99284
    4.526
  6.56906
  3.37466
 0.867469
   14.528
  11.3772
  3.64405
  52.8093
  53.7344
  54.2349
  53.6435
  53.3476
  19.7921
  18.2913
  36.3766
  36.9776
  37.1183
   18.863
   19.641
  36.4235
  36.2021
  47.5759
  47.3244
  34.6821
    34.73
  34.9469
  35.1057
  35.1225
  34.5921
  22.2325
  35.0195
  22.7955
  30.7515
  13.5963
  13.6423
  22.3112
  23.1151
  21.1579
  21.1376
  7.64663
  7.30855
  30.5067
  26.8284
  19.0332
   31.309
 0.714114
0.0381167
    4.861
  4.45652
  13.5998
  12.6594
  14.7954
  12.0849
  12.0805
  11.5292
  33.0426
  2.02336
  12.6145
  12.6966
  11.4162
  12.4571
  14.2087
  14.3624
  12.5305
  12.5227
  30.9904
  4.79035
  6.79708
  11.7095
  8.83836
  15.3127
  25.0952
  9.55089
  14.6417
  7.13217
  24.0259
  5.58826
  21.7004
  7.31726
  8.37409
  8.88417
  8.14608
   9.0364
  7.62149
  6.41217
  12.2759
  12.0175
  13.6467
  9.77249
   11.833
  16.2811
  11.8449
   12.135
  6.29978
  14.0705
   13.199
   11.318
  10.8158
  12.3146
  5.99957
   6.2627
  15.3665
  15.5207
  6.92797
   23.415
  1.24324
  32.9125
  32.4638
  9.03962
  9.64279
  10.6455
  11.4189
  4.01902
  12.3968
  5.72937
  4.43321
  5.89188
  6.94174
   4.4685
  5.38177
  4.36308
  3.84873
  4.09798
  3.45067
  15.0949
  5.80278
  4.86367
  13.9989
  3.59911
  9.34287
  9.36876
  9.13427
  33.8316
  8.46178
  11.1714
  8.19857
  6.29358
  7.63469
  35.7749
  15.5175
  16.6464
  7.12316
   8.5073
  12.0146
  7.66529
  12.3037
  8.94309
  8.99183
  17.7174
  19.7011
  14.7231
  14.2617
  4.30956
  20.3101
 0.857661
  7.13759
  1.11315
  8.93216
  11.6005
 0.143529
  11.7432
  11.6513
  7.51312
  11.6153
  8.53243
  11.4306
  12.1703
   11.601
  12.2808
   39.155
  31.6192
  34.6357
 0.585113
   15.764
  28.6447
  3.33501
  30.6736
  6.77617
  27.8044
   26.552
  47.0535
  48.3311
  22.6038
  25.0227
  22.9618
   42.972
  39.7721
  66.9215
  37.4037
  37.3584
  37.0939
  39.0407
  38.1832
  38.1683
   38.264
  38.0119
  35.0048
  34.9738
  34.2262
  44.2274
  19.5659
  18.5889
  18.1475
  17.8009
  39.1166
  38.0251
  18.4458
  18.7249
  23.6549
  52.1858
  41.9908
  21.0984
  52.1993
 0.694641
  4.12499
  16.0639
  16.5186
  1.65523
  0.61884
  1.78576
  8.15033
  11.7594
  34.3057
  23.7838
  2.03112
  22.9019
  12.4656
  9.68683
   10.703
  5.27248
  15.4908
   11.329
  36.2738
  14.5449
  10.7489
 0.693763
  18.9861
  3.73664
  20.8379
  16.0146
  50.1389
  20.7739
  23.7254
   25.585
  21.0442
  4.29643
  48.3964
  13.3815
  30.5943
  11.3139
  14.1861
  1.16694
  12.0147
  6.38577
   6.0563
  37.1222
   31.439
  52.4525
  19.2236
  15.7363
  2.48411
   67.182
  60.3081
  16.4592
  34.6204
   2.5301
  12.5676
  30.0533
  33.0745
  26.3652
  29.5489
  37.5105
  23.2776
  7.73552
   1.8647
  6.01908
  15.9284
   10.639
  8.05041
  13.7477
  11.6008
  4.10281
  8.44903
   11.619
  8.37409
  8.46423
  10.4539
  6.82331
  26.6675
  36.6815
  12.5395
   6.4026
  43.0617
  22.1936
  27.5296
  18.7593
  34.7893
  29.9598
  34.4534
  24.9326
   18.698
  36.7206
  18.7147
   36.744
  18.6337
  36.6628
  4.21166
  9.28723
  35.3422
  35.4653
   33.744
   19.624
  22.1885
  21.4044
  33.3083
  22.5528
  19.3072
   7.0299
  16.6642
  1.48131
  66.4379
  48.1002
   29.221
  29.2312
  63.2864
  55.4706
  24.3612
  19.8363
  36.4233
  31.3285
  27.7204
  36.4233
  42.3259
  47.1175
   16.388
  35.1835
  30.4392
  19.9907
  33.4705
  28.1375
  55.4497
  20.0387
   24.585
  39.0165
  31.3192
  20.8393
  25.0149
  19.7461
  2.86259
  6.42682
  16.2422
  4.78348
  13.5046
  25.8515
  21.9753
  30.3744
  27.4471
  35.3815
  17.2093
  10.8573
  6.48599
  20.1241
   37.613
  1.28934
   12.101
  4.27631
  11.6251
  6.98029
  2.62831
  13.2407
  1.10986
  18.4635
   11.168
  2.93825
  19.7096
  13.5022
  20.2373
  12.4575
  6.33068
  9.86061
  5.50814
  12.2238
  12.5405
0.0507717
  1.11328
  12.3767
  12.8813
  12.3649
  8.83209
  10.8816
  7.11076
  10.7842
  11.5867
  16.4793
  20.0231
  16.0039
  42.0545
  37.8105
  19.0331
  18.8665
  8.68354
  18.2627
  15.8943
  33.6029
  14.3037
  7.36326
  14.6542
  13.1148
  12.2383
  9.58784
   2.1049
  12.2904
  3.72677
 0.422696
  8.95376
  9.49864
  11.7846
   1.8433
  0.61221
  8.56375
  13.5458
  22.1772
  31.7225
  36.2671
  3.40366
   3.9462
  3.58199
  21.0345
  4.34961
   15.132
   6.1675
  2.72513
 0.105438
  35.8032
  5.50347
  10.1453
   44.227
  33.5088
   35.729
   20.341
  10.7883
  18.0407
  15.9198
  19.5807
  18.9004
  5.86478
   16.942
  20.1087
  12.1938
  14.4373
  8.40842
  15.7673
   18.053
  13.9955
  2.09855
 0.284689
  1.13409
  8.53633
 0.605559
 0.417279
  33.2183
  38.9393
  20.6582
  35.6254
  26.9662
  9.02949
  13.7141
  14.2122
 0.269746
  6.74281
  23.3037
  30.2676
  32.7288
    26.61
  34.4109
  5.78876
  29.3768
   22.311
    20.24
  7.38662
  41.5262
  22.9012
   24.287
  23.0348
  22.9324
  27.2799
  32.1811
  21.8363
  28.4798
  33.1456
   16.172
  16.1116
  20.9086
  44.7232
   44.749
  36.8401
  20.5764
  18.2094
   38.085
  23.0591
  28.3627
  52.5858
  58.4583
  16.4449
   52.758
  59.8193
  16.8876
  23.0238
  27.6766
  40.6999
  14.9558
  7.40699
 0.326616
 0.867518
  27.5562
   29.981
  37.5189
  7.16812
  29.5191
  35.0903
   4.5495
  30.4473
  2.00451
  18.5073
  11.9152
  12.7842
  9.98018
  10.5018
   38.421
  27.6309
  26.0929
  56.7984
  32.0229
  39.2548
  24.7881
  51.0266
  23.3568
  4.49947
  23.1172
  23.5558
  14.9313
  46.3139
  5.64529
  4.48357
  6.77762
  7.05473
  15.9589
   7.7748
  16.4949
  11.8856
  2.43608
  17.3003
  3.71226
  1.98609
  16.2616
  25.4331
  14.7559
  15.1237
  38.0242
  6.33388
  20.0866
  19.5958
  8.06826
  5.37998
  2.23837
   34.782
   12.789
  10.3139
  11.8875
  9.64811
  22.2059
  26.8213
  21.1432
    35.82
  35.6442
  36.1218
  36.0867
  20.0051
  27.9998
  30.3995
  25.9498
  37.7698
  38.5704
  29.8785
  28.6157
  28.1091
  20.7885
  0.43571
  2.96934
  30.6941
   22.913
  15.2929
  17.8068
  7.92996
  32.7821
  19.7079
  2.82209
  10.1663
    2.724
 0.457168
  2.28548
  16.0111
  10.5574
 0.347573
   5.2005
  9.57563
  7.71691
   1.9073
 0.657632
  1.93266
  11.5618
  13.3643
  17.3248
  6.98319
  17.9516
  20.4491
  16.9042
  19.7345
  6.64453
  10.0789
  8.76224
  7.60239
  18.6822
  15.1693
  5.15342
  9.91908
  3.37128
  4.50158
  16.5258
  6.84312
  14.3671
  9.17475
  11.6436
  20.3289
   23.135
  23.9062
  27.2244
  20.4694
  8.27062
  2.45249
  14.6066
 0.656386
  9.03033
   3.8574
  2.27334
   9.5107
  4.52794
  1.17021
  0.61221
  18.2677
  4.60014
  12.1945
  4.43988
  2.48127
  13.7112
  2.33468
  19.1781
  2.53687
  4.97319
  4.46216
  1.54158
  19.6056
  11.6935
  2.77196
   15.203
  5.51441
   16.891
   41.178
  43.5193
  20.1943
  6.03158
  19.4609
  6.90449
  12.4051
  11.6363
  18.8888
  17.2475
  8.39187
   30.027
  33.4582
   8.2664
  13.1114
  17.8371
  13.0329
  14.2823
  14.4239
  29.1256
 0.527388
  4.87698
   10.423
  13.3313
  39.3532
  32.3373
  26.9277
  2.95274
  34.6204
  37.5492
 0.918944
  17.0504
  1.80812
  2.44094
   8.2228
  39.6457
   20.817
  26.5358
  32.9122
  32.8542
  21.5573
  29.8677
  32.2113
  2.02204
  11.4083
  19.5161
  20.5073
  22.9579
  35.1352
  27.2418
  37.0153
  25.3675
  21.5988
  15.3048
  35.1609
   17.333
  18.8681
  47.0345
   30.846
  33.7582
  19.7938
  38.2982
  31.4139
   18.051
  29.8141
  21.2932
  25.2471
  18.2482
  29.3972
  61.1684
  45.8698
  4.84727
 0.458628
  23.2836
   39.117
  29.7106
  23.8086
  30.4957
  22.1371
  16.5139
  15.1807
  36.5349
  13.6392
  6.51283
 0.855328
  3.77044
  23.0238
   22.986
  76.9752
  22.8403
  27.6335
  56.6209
  22.7364
  27.2579
  59.3315
  25.9194
  23.6245
  2.08416
  31.7436
  13.6186
  26.8956
  24.8926
  3.96449
   14.934
  13.9951
  18.0716
  16.8154
 0.242211
  14.6461
  4.30991
  1.87833
  21.6662
  13.3108
  3.45985
  44.2456
  19.1809
  19.0967
  13.6874
  3.89246
  16.9841
  27.5979
  1.46735
  7.50717
  23.9806
  45.3999
  59.0437
  32.8872
  2.05878
  9.62561
 0.909836
  13.2109
  19.6916
  1.55221
  5.62979
  26.8112
  23.8409
  26.9682
  26.9154
  31.1931
   36.974
  24.1166
  35.8488
  26.7724
  37.0804
  6.45993
  39.1641
  39.2716
  28.4954
  23.3173
  20.6025
  26.1422
  2.32736
  10.5603
  7.84779
  5.58525
   16.861
  15.8678
  2.52855
  33.6097
  3.18116
  4.52169
   4.5051
  2.07134
  18.6239
   19.149
  15.8977
  13.4563
  15.1309
 0.532222
  2.01347
  12.1249
   13.787
  9.55212
  9.95768
  16.0111
  14.6162
  18.4333
  16.2922
  19.2616
   10.715
  6.05226
  1.46998
  16.6268
  18.7703
  34.5452
  30.0431
 0.842189
  1.85886
  11.3049
 0.243972
  1.19392
  8.64099
  1.18407
  16.6172
  8.78401
  13.8155
  26.9946
 0.027491
  28.9389
  3.26699
  2.42328
  12.5892
  9.67713
  19.1635
   20.504
  16.3221
   16.618
  11.9055
  6.84752
  13.7484
  17.5299
  9.87635
  12.7503
 0.756125
  4.41085
   1.9324
  7.75371
  12.9506
  24.3769
  8.44995
  8.68634
  21.9123
  18.1382
  18.7792
  20.8469
  13.4268
  13.7318
  7.49132
  9.64281
  18.6929
   3.3919
    2.344
  2.20256
  11.8502
  37.4682
  29.7463
  13.8769
  20.1075
  39.3532
  21.1108
  39.1682
  20.4976
  12.8588
 0.558167
  38.4556
  3.30756
  3.87708
  18.2166
  1.15939
  20.6999
  14.4348
  3.21119
  7.77216
  16.5632
  30.8254
  9.80455
 0.266946
  16.5916
0.0815393
   13.357
  25.3101
  39.2818
  22.6831
  32.1617
  14.0817
 0.535191
  8.03883
  28.9418
  31.7819
   26.614
  35.3054
  38.7141
  30.5209
   23.299
  38.5211
  20.7105
  17.4971
  17.9035
  36.8149
   25.882
  38.7685
  25.0762
   19.624
  21.1075
  39.1082
  48.6367
  9.66699
  37.8476
  34.8812
  29.8112
  29.9965
  18.7703
  36.9119
  29.5553
  24.3898
    30.56
   24.984
  7.11636
  1.84995
  20.1669
  36.7609
  54.3902
  76.2724
  34.4855
  28.4973
  32.3062
   48.099
  16.7846
  21.1395
  32.2125
  15.5493
  21.5992
   33.214
  21.3818
  16.6131
  14.4255
  11.0506
   11.439
  28.0308
  26.6498
  24.2838
  21.8965
  29.9274
  17.2506
  16.4179
  5.03863
  35.4002
  12.7127
  15.2525
  18.9784
  4.13435
  10.7773
   37.918
  15.2054
  10.2702
  41.1648
   26.003
  28.4558
  2.97463
  4.60489
  10.9354
  6.55423
   5.9747
  21.9488
  30.6908
   26.615
  40.6198
  45.0313
0.0488907
  4.99453
   9.5303