4.03158
4.84113
7.04006
7.49471
12.4237
12.8747
12.9835
12.9902
13.7367
13.7803
14.9483
18.1753
18.6333
18.6776
19.7097
20.6016
20.7604
21.0364
22.1244
22.2781
22.4049
22.6667
22.7952
23.1916
23.5957
23.6738
24.2272
24.5502
 24.815
25.2298
25.3737
 25.744
26.6011
27.0542
27.2209
27.8112
28.5014
28.9593
29.0771
29.1045
30.8099
 30.915
30.9328
31.0278
31.0371
31.3864
31.7965
  32.61
32.6844
32.8429
33.0623
33.7638
34.0759
 34.373
34.7159
34.7507
34.7575
35.3304
35.4293
35.5066
35.7418
 35.838
36.1517
 36.329
36.4338
 37.342
37.6765
 38.305
39.1845
39.2198
39.6499
40.2929
 40.523
40.5621
40.7738
41.3327
41.3982
41.4024
41.5342
42.9616
43.0528
43.3312
44.8402
45.3873
45.4755
45.7162
45.7304
45.8712
45.9809
46.0999
46.5624
  46.88
47.2792
47.9549
48.1095
48.6192
48.8144
49.0646
49.0887
49.2327
49.2903
50.2957
50.3669
50.8478
50.8623
50.9877
51.4219
51.7931
51.9547
52.1398
52.6727
52.8424
 52.867
53.4678
53.7098
53.9355
54.0739
54.5034
54.7039
54.8436
55.1039
55.1723
55.4404
55.9194
56.8271
56.8292
57.0004
57.0622
57.2061
 57.623
58.4777
58.7924
58.8873
58.9754
58.9801
59.1741
59.1763
59.4363
59.4575
59.4909
59.6444
59.6559
59.6736
59.9629
60.0642
60.6543
61.2718
61.6164
62.0977
63.1234
63.5114
64.0318
64.0521
64.1795
64.4591
 65.584
 66.011
66.3113
66.3932
66.5424
68.2707
68.7987
  68.86
70.1076
70.3648
70.6257
70.6432
71.1518
 71.165
71.1935
74.2062
76.9966
77.0347
77.7515
78.8883
79.4245
79.8678
82.1573
82.2142
82.9453
83.0276
84.6002
 86.185
87.3943
89.4035
 89.983