   5.59029
   6.91544
   5.20607
   44.8326
   56.9458
   42.2727
   3.90152
   23.4427
   32.4765
   57.3349
   51.1123
   44.7297
   34.7288
   35.6741
   6.09327
   14.0751
   14.0864
   11.0639
   20.8399
   12.3833
   10.1306
   23.2279
   11.0763
   8.61496
   1.52774
   8.30167
   20.3229
   24.0314
   24.2783
    22.341
     9.312
   25.2644
   35.9748
   18.0217
   10.2692
   4.92978
   10.5397
   16.8347
   3.66355
   13.6334
   14.5627
   4.00561
   14.0356
   14.7952
   17.1734
   18.5176
   8.82769
   7.00402
    22.347
   6.27684
   11.3071
   9.86606
   46.4055
   4.40184
   58.8625
   50.5796
   57.6951
   73.6109
   54.3751
   54.9533
   9.49693
   11.5594
   22.5596
   1.49513
   17.9947
   26.4675
   32.0449
   10.7987
   50.8299
   5.37232
   29.7982
    50.545
   2.00676
   5.00733
   5.68162
    5.0131
   15.7656
   7.21696
   42.2659
   20.6643
   15.8075
   2.33916
   20.7153
   13.2503
   10.4379
   1.80238
   15.4351
   24.0609
   2.83201
   13.6153
    3.2391
   3.32538
   24.2254
   6.31779
    10.076
   14.4823
   20.9976
    14.581
   20.8588
   12.5457
   17.2744
   13.3697
   2.07471
   1.80849
   26.7689
   2.56604
   10.4335
   42.3176
   9.92705
   1.86275
   8.00514
  0.123374
    2.7532
   6.37342
   22.4626
    35.829
   8.45535
   3.87952
    43.514
  0.972694
    14.532
   40.8891
   33.9186
   33.1431
   3.17082
   13.7889
   43.3227
   48.5764
   80.2908
   11.1151
   4.82513
   19.2337
   10.4864
    20.382
   8.07386
   22.3051
    8.5142
   8.29242
   9.88671
   7.32676
   11.8464
   2.72073
   6.58355
   1.67499
   10.9906
    20.046
   25.6887
   33.9494
   12.5896
   4.93361
   29.7101
    18.082
   16.0949
   6.84769
   20.5405
    20.451
   15.4308
    15.089
   8.78268
   17.2627
    19.679
   6.62972
   7.10126
   4.07649
   15.4707
   14.0709
   12.2788
   71.9668
   47.5383
   19.9554
   14.1373
   46.9011
   44.5095
   60.2381
  0.745678
   12.4594
   11.1345
   12.4435
   20.8895
   5.99386
   20.2568
   13.3493
   5.32927
   68.0731
   50.4817
   27.3013
   42.0002
    7.2204
   16.8772
   2.24557
   12.5284
   2.19167
   5.30028
   7.28405
   21.4434
   25.4099
   24.5124
   14.2177
    21.297
  0.784499
   15.7356
     2.738
   1.85443
   8.43081
   15.5386
   33.0244
   18.3955
   41.0776
    9.8394
   23.9725
   3.11353
   1.92524
    16.447
   3.70889
   17.0753
   9.56161
   18.9371
   9.56955
   12.0751
   10.3839
   23.5819
   5.14275
   1.45311
   53.3884
   18.6731
   8.35138
   6.80331
   5.98915
   7.36435
    6.6568
   8.45728
   1.39116
   5.83399
   6.95882
   8.33816
   14.2696
   21.2748
   47.4882
   66.8812
   54.1601
   14.6805
   6.97161
  0.320503
   6.49911
   13.5943
   34.1018
   4.35285
   21.2132
   2.00901
  0.481575
   7.16646
   7.22473
   16.5178
   52.6367
   33.3191
    0.5171
   1.13437
   18.9586
   6.10738
   12.0093
0.00610041
    1.3397
   20.4045
    5.4977
   9.60054
    4.1102
   20.6629
   4.05713
   1.61451
   25.2948
   6.46494
   20.9532
   19.7339
   31.0396
   18.3793
   37.5935
   14.1381
   11.5339
   16.0277
   8.37133
    3.5137
   3.72141
   25.7004
   9.19827
  0.878704
   5.01538
   4.92385
   18.9721
   22.3515
   19.4324
   2.92882
   62.4376
   7.43107
   17.4436
   15.8951
   14.1929
   17.3197
   16.4258
    18.139
   11.5806
   12.2153
   11.9678
   7.55336
   21.9463
   52.3028
   34.6648
   15.9154
   32.6622
   8.87686
   19.0645
   17.6569
    6.6166
   13.6398
  0.263466
   3.62554
   12.0295
    1.9109
    19.704
   1.78549
   3.53457
   17.5409
   5.89081
   10.0379
    13.085
   7.46712
   33.0448
   26.9021
   5.34947
   6.80986
    11.838
    22.232
   3.03402
   6.03857
   1.87397
   11.3376
   10.6094
   15.5738
   32.7116
   1.98565
   2.54842
   18.3211
   24.5323
   11.3721
   2.43429
   27.8046
   14.6312
   46.5691
   3.91874
   1.32888
   17.4294
   5.71278
   46.1063
   9.84688
   7.05238
   22.0941
   14.2252
   17.8419
   71.5083
   24.7158
   17.4304
   21.4449
   70.4147
   29.7914
   33.0536
   18.4364
   13.2433
   17.9289
   20.9906
   54.1396
  0.835239
   11.6131
   4.57864
   29.4807
   52.2393
   71.8618
   4.29405
    6.1278
   1.23094
   10.7963
    8.2332
    2.9086
   18.8538
   7.31719
   4.69884
   10.2751
   20.1823
   22.0208
   14.7237
   51.6589
   3.02395
   5.32979
   31.8785
   2.28958
   13.7411
   23.0019
   20.0728
    13.024
   3.68768
   18.6277
   41.5997
    17.736
    6.6347
    26.635
  0.621702
   7.41797
   23.0946
   10.9199
   4.87273
   15.4365
   10.3484
   43.6959
   22.2184
   10.2176
   15.4076
   18.5507
   1.86197
   3.61351
   48.5972
   30.2828
   3.13472
   5.22099
   6.69313
   4.77135
  0.539243
   33.4191
   5.15611
   44.7088
   1.02913
  0.786532
  0.906788
   13.9896
    9.7484
   2.27528
   28.6488
   3.85201
   5.91636
   3.52503
   9.21002
   37.1137
   44.9021
   20.3512
    5.5761
   13.5437
   3.51847
   15.1809
   4.36159
   20.1018
   10.6882
   13.0639
    1.3396
   5.83035
   4.05434
    8.3829
   23.9477
   4.33059
   8.89345
    1.2955
  0.793599
   12.1956
   5.08006
   10.2461
   29.9803
   11.6989
   16.6153
   49.6821
   47.4808
   17.4448
   9.36121
   4.71543
   20.3418
   10.3697
   8.44615
    17.984
   1.47852
   23.8626
   6.41965
   63.1244
   27.9692
   23.1913
    2.4616
   9.78734
   7.44255
   2.86826
   6.36585
   26.8673
   6.82865
   20.4432
   2.59913
   1.91858
   1.22495
   32.3888
   26.3448
   12.7149
    1.3633
   16.9804
   11.0353
   14.2209
   14.0448
   6.07322
   3.04417
   16.2526
   11.1071
   31.1787
   6.95387
   27.2208
   51.0349
      1.36
    1.6702
  0.940181
   3.40798
   27.4696
   17.6668
   28.0058
   20.3534
   36.9621
   16.3337
   7.14331
   4.17856
   11.9492
   43.4714
   18.4358
   32.1218
  0.173505
   9.24468
   12.9205
   0.55969
   28.9163
   2.21281
   46.7906
   4.31102
   14.1366
   7.56675
   20.4206
   28.5341
   5.44623
   1.03456
   6.14922
   4.40365
   18.8874
   15.6486
    25.249
   29.5362
   17.4033
   25.0631
   17.3597
   7.49757
   29.4483
   6.03358
   20.6221
   5.65851
   10.4615
   6.52553
    2.3211
   7.94677
   4.34785
   2.50029
   9.87927
   3.60105
    10.131
   7.81563
    5.7173
  0.114072
   6.24102
   2.48072
   4.55079
   5.70906
   3.19303
   34.7167
   30.2214
   1.04218
   1.10986
   4.88452
   5.55271
   13.2688
  0.522189
   3.45966
  0.510496
   57.6031
   34.4922
   30.5697
   16.7244
   21.1446
   3.02914
   7.26647
   7.99343
   6.13585
   11.7516
   30.1708
   9.39778
  0.353628
  0.912574
   13.9211
   33.3341
   33.9055
   19.3966
   4.86693
   5.27155
   3.12911
   21.6098
   27.1728
   9.48659
      1.19
   4.89189
  0.161746
   1.10986
   27.4161
     1.276
    10.363
   3.02078
   8.92081
   7.91495
  0.274165
   2.87227
   11.3239
   10.7518
   6.35316
   29.1601
   5.80222
    2.5623
   7.21278
   12.4821
   8.90443
   1.27344
   6.36869
   2.15245
    5.6767
   11.0155
    6.8221
  0.571244
   5.71325
   4.09124
    10.404
   26.8256
   16.7462
   3.43976
   24.6719
   13.7672
    11.789
   13.1575
   2.21379
   19.6486
   5.34052
   5.74289
   14.7546
   9.89388
  0.305376
  0.968628
   3.11095
   10.0282
   4.82329
   29.5842
  0.325424
   3.19447
   3.54534
   17.1237
   21.6871
   4.84656
  0.534172
   26.0501
   7.93271
   13.2002
   15.0204
   11.0472
   19.0216
   3.96748
   14.8242
   4.93005
   2.36447
   23.0594
   3.20723
   19.9629
   82.0032
   57.1989
   14.4862
   9.41587
  0.392723
    5.8926
   4.93739
   3.96787
   6.02531
   10.0301
   81.5901
   15.7273
   29.6698
   14.9175
   10.3478
   20.5003
   31.4671
   33.0326
   32.7522
   4.84617
   7.59648
   9.67225
    8.0466
   17.5653
    64.447
   10.9096
   64.0107
   62.5041
   61.8973
   19.7136
  0.145966
   3.84605
   10.2006
   50.0602
   71.1703
   19.0698
   8.12122
   4.35825
   53.6421
    34.385
     19.33
    16.638
   8.23412
  0.650677
   11.7713
   38.5839
   1.40148
   16.7598
   35.5973
  0.892983
   31.4243
   3.26129
   30.0095
   1.01374
   19.3493
   1.84935
    12.805
   14.2604
   28.6488
   9.06516
   9.86654
   50.0602
   25.6311
   1.69718
    1.0873
   12.1029
   34.8108
    13.938
    8.3346
   21.2666
   19.2236
   31.1486
   18.7574
   7.07159
   67.4511
   40.0732
  0.102295
   7.38792
    13.715
   24.6735
   28.0475
   9.82788
  0.704405
   4.40612
   33.7292
   4.11481
   3.60871
   68.1664
   38.3023
   8.34973
   11.5705
   3.35284
   2.84967
   7.86268
   4.16285
   1.27446
     29.41
   60.5582
   28.1242
   9.66907
   8.89325
   31.3304
   10.2281
    24.342
   34.4119
   18.6287
   3.90927
   32.4382
     28.97
   20.3908
   4.20828
   3.17197
   2.07218
   15.9285
   16.3374
   1.13234
   13.1154
   37.7776
   44.9001
   9.09856
   1.29561
   16.0721
    11.222
   35.4263
   6.09802
   52.9144
   4.37119
    9.6411
   1.94323
   22.9806
   26.5074
   25.2207
   16.5291
   31.3984
    1.9181
   27.8549
   4.53329
   8.68744
   29.8904
   32.9488
   8.51165
   32.6493
   28.7571
   1.00944
   3.65974
    30.265
   4.32957
   18.3841
   52.8206
   21.3603
   9.95573
   69.6814
   8.45513
   7.26252
   33.5824
   7.74975
   43.3197
   44.3839
   24.6783
   46.7521
   6.96535
   0.97926
   27.8808
   21.5874
   37.8083
     6.122
  0.625991
    20.373
   55.5283
   7.09523
   34.3384
   45.6025
   27.8032
   26.3346
   37.2697
   32.0609
   6.71083
   33.3225
   22.7472
   15.9988
   33.0258
   36.9969
   27.0205
   6.60248
   12.2074
   4.52075
   26.5723
   20.6859
   4.60238
   70.0716
    27.001
   19.2686
   1.31613
   15.0217
   70.8349
   57.5823
   9.83889
    6.3986
   5.51823
   59.7142
   66.8273
   59.9427
   2.66414
   0.79061
   2.37532
   49.7627
   32.4207
   11.3002
   12.9861
   30.9221
   2.35348
   10.4174
   26.3726
   32.7365
   10.1835
   46.9978
   53.9797
   5.49155
   6.78878
   6.82855
   7.53068
   34.8456
   29.7638
   39.7454
   5.17121
   10.0721
   26.1985
   10.5148
   1.82163
   8.65449
   11.3002
   32.7772
   7.86117
   32.1593
   3.14992
   4.88152
   35.4698
    41.041
   34.8249
   7.07489
   7.29035
   5.81108
    20.363
   8.55721
     8.832
   7.06212
   11.5018
   71.7776
    9.2177
   30.2095
   6.21026
   10.6116
   1.87316
   38.4202
   10.3325
    24.123
  0.653846
   10.8451
   24.3439
   32.8183
   23.5404
   8.33967
   4.95963
   15.5803
   1.48791
   20.5977
   44.0616
   1.73092
   5.83562
   22.4984
   32.3662
    8.0756
   34.3567
   52.1665
0.00632565
   53.8394
   74.2699
   64.9061
    28.075
    34.071
   8.27423
   28.8272
   23.8072
   6.10826
    24.453
   9.32106
   5.36907
   23.2829
   3.07714
   9.46531
   6.73312
  0.286406
   36.0705
   57.9274
   9.97459
   56.1418
   70.2002
   3.04762
   1.92097
   3.69366
   2.50137
   10.5145
   9.35177
   35.3518
   16.3586
   65.5862
   2.98159
   60.4335
    67.425
   36.8053
   7.25638
   13.4144
   25.3017
   2.84965
   41.8255
   9.89309
   44.2912
   8.96776
   68.2342
   66.6001
   6.00261
   17.6959
   9.06723
   21.1632
   9.47264
   60.4242
   15.4981
   29.2482
   17.2329
   45.8815
   11.0567
   46.6372
   7.49349
   63.6878
  0.958231
   2.69266
   8.44573
   31.0307
   61.4596
   76.6817
   50.5786
   4.52433
   10.4887
  0.909589
   10.1311
    35.171
   9.58661
   24.5686
   30.1722
   7.74683
   7.18618
   66.8843
   5.14544
   9.24456
   28.5747
   38.4779
   10.8515
   20.3492
   6.02906
   7.81721
    19.217
  0.722559
   57.1842
   44.6436
   24.3529
   15.3924
   2.42023
      5.89
   32.7698
   35.7765
   16.5101
   29.5731
    21.152
    28.624
    3.6339
   7.66731
   7.87121
   25.5386
   4.41941
   5.74179
   10.6556
   18.5611
   26.1419
  0.330181
  0.015106
   30.2953
   39.9659
   1.58751
   17.7999
   32.7081
    2.2487
   4.06178
   45.5299
   4.43767
   6.86709
   2.81495
   7.31967
   9.57693
   9.68591
   8.52434
   5.52002
   84.8571
   5.48929
   9.08818
   29.3734
   25.1073
   6.59487
   26.7773
   28.7911
   34.3283
    10.065
   19.5385
   8.15534
   10.2718
   21.0542
   43.4214
   10.2238
   28.9695
  0.178706
   25.8658
   1.86919
   13.6565
   9.64529
   3.82632
   8.14881
   10.0729
   25.6198
    48.385
   30.1378
   11.9928
   5.12475
   5.65502
   11.1315
    13.163
   24.5681
   6.29913
  0.556115
   19.9615
  0.102666
   4.16898
   1.05782
   49.2802
  0.955316
   1.85193
   8.03596
   7.75546
   49.6178
   19.0499
   14.4017
   4.26241
   11.9451
   22.2373
   21.4784
   2.34531
   43.4423
  0.660983
   16.1004
   1.77056
    6.4183
    33.976
   10.4528
   7.60439
   2.88675
   8.31716
   4.22977
   15.9819
   4.91269
   25.3145
   31.5726
   2.13871
   18.6106
   6.61816
  0.613233
   72.2263
   4.28154
   54.3402
   3.19571
   3.51589
   5.31805
   5.96376
   1.47667
   7.01846
   1.98665
    9.0941
   2.00201
   3.15908
   7.51859
   63.0173
   2.15087
   16.4307
   3.59106
   11.6765
   11.3845
   30.9822
   1.51874
   8.84864
   15.5302
    6.1357
    27.522
   19.0048
   9.05736
   22.4943
   7.32998
   6.89804
   1.08721
   14.7446
   24.6996
   35.3948
   18.4147
   17.3934
   2.47746
   41.7422
   7.06261
    2.6306
   0.65435
   7.56561
   26.8841
   9.03632
   21.1563
   26.6937
   2.11271
   57.0209
   24.8387
   14.3126
   1.03262
   31.3848
   45.6859
   44.7018
    52.996
   33.6091
   32.7303
   4.83142
   14.3089
   2.35796
   9.18141
   34.0724
   11.7158
   5.10779
  0.328821
   6.18397
   5.75452
   2.00323
   2.06276
   33.4043
  0.509627
   36.4648
   30.3536
     40.67
   16.3732
   1.05198
   44.1776
   7.88305
   18.6708
   8.50653
   1.20353
   3.20195
   3.35737
   5.09988
  0.647891
   11.0628
   9.97595
   11.6579
   31.5057
   18.5759
   18.8181
   32.3089
   43.1028
   6.58112
   5.13758
   6.79728
   22.2541
   18.7466
   8.08842
   12.5371
   1.58811
   2.98404
   2.50765
    11.726
   21.4208
   28.5573
   1.51329
   11.0838
  0.115538
   7.43957
   1.39294
   19.4004
 0.0967241
   14.9683
   39.6554
    34.543
   17.4966
    54.307
     33.09
   7.40151
    6.8069
   1.40009
   12.3247
   12.6041
   33.5372
   15.0593
   11.4104
   8.11305
   6.48299
   35.2898
   4.13262
   3.96849
   2.99052
   16.2617
   6.62554
   9.08657
   4.70791
   20.4706
   10.0066
   5.95569
   2.42727
  0.589202
   6.31175
   10.1318
   8.24477
   8.30197
   6.38257
   38.8892
   11.5027
   6.56307
   10.5119
   6.22543
   3.32352
   21.2146
    20.277
   14.5734
     19.33
   21.9987
   9.60511
   35.5402
   60.9618
   30.9185
   26.3012
   34.4808
   3.75675
   3.13527
   7.98526
   5.11055
   34.4147
   8.72882
   10.2672
   3.75387
   6.10349
   11.4299
   7.32843
   17.0206
   7.99353
    10.727
   6.60938
   29.9025
   12.7742
   4.70132
   12.1178
   2.42897
   7.91879
   13.7415
   7.03073
  0.104294
    4.4811
   5.52997
   24.0839
    17.538
   24.1872
   1.39473
   8.31958
   1.01965
   11.5296
   5.78018
   4.72865
  0.443149
   10.9685
    23.892
   4.23087
   1.27406
   7.17211
   9.81818
   16.0211
   13.2761
   16.2925
   15.5317
   21.9715
   15.2868
   4.75174
   4.74623
    8.3503
   46.4594
   27.9409
   28.9946
   5.61675
   10.2146
   34.4958
   2.92369
   17.6108
   4.43846
   4.24006
   10.8153
   23.7695
   1.73674
   14.5584
   16.6104
   25.8034
   4.39348
   11.5183
   8.69734
   8.12779
   23.0475
   5.27122
   2.16863
  0.865129
   0.40609
   5.54538
   69.2352
   28.9185
  0.225059
   30.4057
      26.1
    22.942
   6.67711
   1.47211
  0.566347
    9.6403
   11.0543
   21.8335
   28.9896
   6.50453
   21.1244
   27.1209
   6.13907
   10.8111
   25.6238
   33.9458
    28.065
    4.1886
   1.58201
   49.0661
    20.746
   43.3983
   13.2354
   5.89492
   4.62013
    6.4616
   30.6611
   12.4363
   2.15431
   6.12164
   23.8834
   15.5761
   21.6561
   21.0139
   3.05109
   12.8643
   64.6725
   11.5226
   2.41903
   1.41423
   32.1205
   17.0438
    0.4536
    15.534
    13.283
   3.96787
   3.76075
   15.1456
   1.61936
   42.5665
   11.3688
   10.6765
    33.024
   2.28079
   21.9446
    26.715
  0.958546
   1.02376
   1.01324
   11.0255
   1.86667
   11.7125
   8.25565
  0.350421
   25.3892
   33.5349
   33.4155
   24.6967
   58.3441
   2.98028
   23.0865
   34.8659
    8.1596
   11.3752
   2.67273
   7.78896
   2.39616
   1.20819
   10.3568
   22.5812
   9.82646
   2.26789
   12.9102
  0.271104
   5.68237
   36.8754
   15.3737
   5.65358
   31.6622
   8.74044
   22.2769
   6.24812
   19.8665
    5.4805
  0.486005
    34.257
   27.1766
   40.3992
    7.2393
  0.808887
   6.71134
    2.2459
    26.912
   20.2886
   11.3013
   31.0038
   34.1222
   29.4803
   33.3522
   8.06119
   22.8557
    10.663
   52.5287
   1.95015
   19.9682
   1.82195
   14.6865
   56.9012
   50.7901
  0.551582
   1.04245
   2.97773
   26.0132
   28.3411
   42.1729
   37.6307
   4.13471
   19.8227
   11.9079
   12.5978
   28.8626
   17.1578
   11.0835
   14.3933
   6.97893
   7.13244
   25.9881
   5.12856
    17.624
   17.7476
   24.8969
   3.13263
   5.27973
   10.3256
   7.02213
   10.4358
   33.8982
   18.7907
   7.53673
   17.1365
   17.4856
   16.3955
   15.9611
   8.01176
   7.62266
   13.1846
   3.80573
   15.0676
    28.802
   22.0534
   13.1846
   15.6166
  0.582109
   11.8253
   17.0039
   37.9384
   2.82157
   6.87755
   22.9674
   15.1414
   23.8651
   37.1909
   30.6032
    36.026
   44.4529
   12.4065
0.00956343
   5.79477
   9.33492
    19.559
   25.0423
   40.4454
   13.3046
    18.818
   1.03397
   18.9137
   6.43134
   10.2864
   11.5914
   18.2641
    12.874
  0.134449
   30.7751
   29.6672
   1.36225
   2.76141
   21.8945
   6.57587
   23.4286
   35.1359
   30.4911
    26.338
   11.3483
   5.08678
   19.4141
   19.1589
   13.1846
  0.550472
   8.72427
   26.5493
   6.58583
    21.578
   15.3954
   4.90636
    8.3018
   19.6094
    16.392
   13.1146
   4.36214
   20.8499
   10.3424
  0.683266
   5.73331
   9.71608
   10.8855
   17.6929
   12.5509
   8.93089
     27.56
   10.5088
   4.70845
   12.1053
   23.8051
   15.7231
   41.1438
   7.41512
   13.2514
   9.21699
   7.43714
   1.13131
   34.3576
   10.6615
   14.1066
   9.60105
    13.038
   21.9949
   3.18896
   25.2092
   9.52987
   14.0976
    8.3518
   9.70259
   5.07081
   26.3726
   12.1053
   25.8496
   14.9168
   30.0878
   10.6744
   2.00952
   10.9042
   18.1087
   17.3804
   41.0644
   19.6661
   6.77466
   17.1559
   14.6042
   18.4885
   16.7255
   24.9435
   30.7261
   32.6763
   35.7163
   8.54648
   12.0653
   24.6196
   20.8328
   26.0968
   14.1358
   10.8981
    22.698
   27.5314
   52.6521
   26.1881
   9.64175
   4.22694
   3.73523
   15.6949
  0.382719
   17.8298
   1.26417
   38.9102
   5.46078
   35.3328
   22.1347
   12.1958
   15.7907
   24.6418
    5.8502
   7.85868
   27.8224
   5.62831
   6.84393
   9.19805
   9.90744
  0.683266
   8.81994
   43.9661
   31.3895
   16.4468
    63.706
   37.1526
   27.1847
   27.0092
   21.9798
   28.2149
   10.4436
   8.13674
   1.10559
   25.9598
   18.9255
  0.589576
   3.71309
   24.4766
    26.222
   24.7268
   7.36037
   33.1304
   24.8318
    19.464
   17.7092
   11.3527
   28.3808
   24.7626
   15.8815
 0.0535768
   40.3463
    32.889
   40.0552
   42.3732
   39.5819
   27.6425
   9.25794
   25.0287
   42.2227
   8.36965
   15.9465
   18.0481
   24.8462
   20.1739
   9.68794
   30.9799
   8.18276
   8.91757
   50.5858
   41.9785
   54.2921
   51.7455
   41.3373
   41.2614
    29.002
   7.21476
   1.24324
   16.0225
   7.52448
   6.49461
   29.0425
   6.43255
    12.662
   2.44354
   10.4532
   26.6027
   10.3064
   18.6245
   52.4943
   42.1232
   30.6439
   56.3406
   24.0382
   35.2285
   10.6745
   12.5327
   4.12199
   21.2533
   19.9795
   38.2451
   23.6391
   5.26586
  0.788214
   15.8119
    19.256
   49.0743
   52.4038
   3.05422
   2.13182
   5.06671
  0.298228
   14.2456
   17.9154
   15.2334
   23.8825
   19.0868
   1.70514
   28.2019
     5.504
   4.98103
   23.2272
   3.63591
   68.0186
   63.9304
   24.0549
   3.50536
  0.962377
   6.71582
   7.77786
    10.978
   9.63773
   30.4771
   6.48697
   47.8341
   45.3902
   40.5854
   24.4639
   3.75831
   2.56244
   15.8063
   12.7508
    37.928
   21.5051
   26.2923
   50.4384
   32.3021
   26.0511
    2.8809
   7.80891
   24.5299
   23.6965
   4.06553
    25.358
   15.6475
   12.9773
    9.9837
   17.0918
   9.13812
   12.8299
   53.0727
   22.3645
   31.2463
   25.6923
   25.5826
     47.28
    29.466
   25.7866
   21.1868
   32.8704
   24.0484
   25.5456
   3.81894
   27.8137
   30.9075
   50.2536
   48.7054
   39.9396
   20.6351
   33.7952
   42.8696
   20.0226
    32.054
   16.1765
   2.05016
   31.8409
   3.06159
   12.3767
   46.9497
   42.8735
   21.6944
    24.679
   42.0275
   2.19051
   26.1372
   8.01333
   21.3973
   2.47537
   31.5484
   4.38911
   22.1691
   53.3781
   43.7719
   43.3943
   50.8838
   71.3026
   28.3066
   48.6517
   31.7438
   31.6946
   1.26515
   15.6059
   32.9289
   31.7635
   25.6113
    53.454
   10.9261
   42.0237
   31.3187
    28.962
    26.221
   20.6269
     4.937
   46.0885
   45.6494
   30.0404
   1.97032
   35.9029
   6.54289
   45.1735
   60.6755
   69.8239
   33.6594
   46.6368
   33.4438
   24.5416
    28.903
   22.6615
   39.7525
   12.1128
   6.03115
   36.1958
    22.833
   28.3298
   26.0345
   32.4227
    21.588
   13.9985
   5.00671
   22.5513
   14.4373
   48.5583
     49.51
   23.2434
   35.8384
   29.4825
   51.8482
   6.10372
   21.8807
   42.0242
   34.1032
   6.17737
   34.9339
   33.7408
    5.6367
   44.5223
   51.0558
    47.895
   65.8209
   23.3144
   10.5924
   15.7567
   21.4548
   51.4754
   43.5183
   17.2971
   4.95185
    38.262
   32.8074
   43.3669
   19.0017
   4.73626
   52.9008
   26.0451
   20.8483
   45.9456
   49.8771
   29.0784
   33.6827
   13.5258
   5.65193
   43.7997
   15.7206
   30.9075
   17.0444
   52.0246
   33.2451
   21.8292
   41.9856
   54.0578
   45.1585
    7.9084
   12.2308
   51.7012
   52.1537
   47.2474
     51.57
   42.5975
   53.0561
   44.4259
   22.5789
   68.4148
   43.6494
   53.9867
   29.7507
   42.1127
   40.1126
   17.4247
   56.4975
   50.6657
   50.5881
   52.4289
   56.3153
   33.4087
   47.5472
    53.094
   56.5053
   40.9745
   44.9546
   17.2374
   53.7279
   53.7914
   27.3869
   20.7646
   56.3341
   57.7651
   17.4739
   67.9603
   25.7908
    7.1348
   73.8418
   61.7467
   43.7461
   63.4488
   56.4126
   66.3241
   66.3828
   24.4237
   32.5475
   34.1382
   8.93815
     70.91
    66.242
    66.684
   57.0998
   46.8326
   29.6122
   31.7616
   19.8825
   23.9879
   58.0965
   23.0409
   27.6376
    30.597
   23.3553
   18.1844
   48.5981
   29.2481
   47.2636
   36.2833
   29.6707
   30.6685
   42.7193
   72.9473
   55.8013
   48.7656
   47.8672
   53.8508
    73.855
   33.0864
   33.9579
   15.8848
   20.1044
   39.9968
   36.6021
   21.6047
   21.3749
   53.4388
    50.519
    51.513
    14.476
   32.2382
   29.3287
   52.9692
   48.9465
   32.9084
   32.4394
   49.0611
   52.5458
   45.9286
   49.5788
   31.1862
   45.3917
   55.3153
   34.2015
   28.0231
     14.24
   10.3026
   28.2468
   67.8521
   63.3042