 5.86167
 14.0131
 26.0666
  17.266
 13.2186
 24.2207
 24.1849
 6.89579
 4.11276
 23.7452
 19.7134
 14.6192
 44.0372
 11.7433
  19.498
 17.2091
  74.488
  15.364
 9.66609
 27.4873
 14.5832
 22.3822
 20.4319
 21.4456
 24.5471
  28.179
 12.9274
 19.0545
 26.2028
 51.4744
 29.9265
  25.225
 16.2076
 21.0258
 38.7366
 33.5295
 24.7549
 14.3269
 26.9936
 34.8009
 36.1134
 11.5677
 10.5259
 11.5376
 16.1612
 35.2871
  3.6509
 12.7011
 4.69745
 4.52153
 14.4697
 95.1229
 52.0419
 60.2988
 101.952
 64.6641
 8.37861
 27.0894
 32.8118
 16.6722
 32.1248
 5.97878
 33.3236
 42.9062
 57.5011
 13.9323
 13.3134
 29.8436
 39.3997
 26.9756
 29.1808
 21.4839
 1.32076
 4.82027
 10.1113
 8.73713
 7.96675
 13.7374
 30.9218
 12.5894
 2.92493
  10.072
 15.9673
 30.1488
 32.4291
 35.8169
 41.0164
 33.9509
 33.1329
 15.4067
 12.0874
 16.1986
 27.8915
 35.3911
 23.0151
 13.5659
 20.4604
 15.9767
 13.4285
 20.2629
 14.3315
 25.1238
  16.801
 32.0036
 56.9428
 30.3592
 19.5531
 14.5869
 20.0824
 24.5447
 16.0784
 40.2205
 26.2026
   17.56
 10.1346
 10.4212
 27.0495
 9.81316
  3.0006
 7.77113
 4.40118
 5.22713
0.302117
 3.84275
 6.78637
 2.65152
 4.94086
 16.0237
0.207976
 19.2483
 13.4485
 27.3078
 3.51477
 1.27846
 63.7697
 29.8677
 12.9327
  25.488
 20.0932
 17.4814
 28.8789
 29.0726
 16.4935
 41.5517
 5.73668
0.975474
 63.0523
 74.3515
 35.3053
 42.3168
  41.038
  19.518
 18.7783
 36.1262
 14.1824
 12.5276
 14.1206
 22.3222
 15.3981
 33.6357
 36.2795
 18.6622
 23.2782
 12.2496
 27.6428
 28.0793
 16.9377
 20.9998
 66.6148
 14.3062
 58.8972
  75.386
0.396782
 28.6852
 14.9159
 13.2571
  36.452
 61.8478
 16.2737
 10.4025
 24.3687
 75.4804
 71.9066
 23.2468
 9.99295
  37.039
 13.9238
 34.6696
 44.7533
 59.7273
 44.5691
 32.9462
 37.4541
  34.175
 14.5497
 8.81893
 55.5964
 51.7351
 29.3646
 25.7873
 9.51371
 17.5914
  19.086
  22.458
 19.9638
 38.2016
 22.8311
 13.4499
  38.407
 17.9138
 27.1784
 30.9244
 13.9122
 31.9752
 12.5433
 32.8597
 1.46681
 3.30834
 67.7669
 73.5923
 31.7712
 27.1768
  80.994
 16.5336
 10.0878
 11.7846
 25.9693
 47.2148
 37.3554
 43.0116
 22.4201
 40.2502
 13.1849
 29.9724
 17.9573
 16.0707
 28.5336
 21.0447
 4.21905
 9.22035
 13.3656
 6.06002
 5.31122
 37.4021
 31.3682
  40.002
 37.3446
 13.1446
  22.765
 17.8371
 18.7809
 26.9088
 23.0871
 16.1459
 14.5005
 24.3982
 35.4051
 24.5806
 14.4067
 17.3254
 29.8456
 21.4044
 73.5233
 49.2886
 18.5455
  22.762
 15.0401
 29.4036
 2.53441
  3.9137
 22.9142
 28.2861
 11.8414
  24.736
 3.43957
 9.46288
  8.9939
 11.6668
  15.347
 18.6522
 24.0294
 29.3484
 11.2492
 1.89724
 1.45559
 18.5761
 14.6271
  12.684
  28.709
 71.9558
 19.6456
 11.1407
 26.1436
 24.9285
 14.5116
 26.8947
 41.6886
 27.8343
 17.0294
 22.4157
 11.5268
 4.96166
 8.59766
 54.8386
 55.7876
 17.3923
 25.9408
 15.2068
 30.7265
  18.015
 42.7442
 13.7873
 18.0623
 100.066
 30.5362
 37.0677
 19.0392
 37.9138
 12.6297
 6.74302
 14.4064
 12.3006
 1.46483
  61.402
 65.4349
 94.6985
 31.6885
 23.0702
 24.9763
 21.9024
 3.05603
 3.79789
 94.0473
 8.35039
 38.9044
 18.9458
 88.1948
 8.96784
 14.9568
 34.9454
 28.8147
 9.78758
 27.2281
  10.548
 14.0848
  28.643
 34.0257
 18.0505
 20.1505
 24.1416
  5.2757
 5.34614
 26.5264
 37.0144
 16.1282
 24.3099
 1.94741
 25.7632
 19.8142
 37.3289
 24.9672
 29.1808
  8.6224
0.648877
 9.84117
 11.6518
 26.9987
 15.4895
 12.2986
  24.457
 22.1169
  15.041
 15.1405
 26.5497
 14.0054
 17.3904
 11.0826
 17.7547
 11.9481
 40.3438
 17.4351
  17.965
 29.2028
 25.7634
 11.1647
 5.14414
  1.9966
  8.4863
 6.67739
 2.11387
0.345575
0.613826
 8.92948
 17.6355
 29.1216
 1.75272
 14.3815
 79.2261
 74.1028
 14.1613
  16.434
 12.1845
 14.0277
 27.2822
 19.0758
 24.5068
 40.1651
  33.654
 35.9545
 7.76243
 4.99442
 24.2822
 38.1307
 31.0044
 36.2602
 15.4003
 28.6017
 19.6873
 27.4526
 48.5215
 18.2338
   20.42
 40.6809
 5.51567
 28.7527
 40.0406
 0.39095
 25.8383
 78.9176
  2.1451
 13.6759
 14.6737
 7.35256
  19.265
 13.9391
 94.4341
 4.37466
 52.4206
 40.1114
 11.7523
 3.86021
 69.5284
 16.5821
 6.75675
 65.1203
 23.8556
 20.2235
 3.79151
 23.0844
 54.3833
 37.6474
 38.1231
 44.0584
 22.6685
 15.5609
  28.404
 19.6832
 13.4583
 33.9003
 40.1831
 12.3617
 13.8593
 21.5355
  17.557
 17.4813
 24.3187
 28.1749
 23.1652
 16.2896
 27.6073
 20.0449
 1.70846
 10.2592
 8.34466
0.010129
 2.89111
  25.196
  9.9487
 4.31609
  14.087
 10.3397
 22.9492
  16.108
 13.9811
 14.7931
 25.5842
 40.2618
 45.3704
 3.05715
 5.36437
 8.36454
 6.36293
0.460831
 56.0935
 28.5268
 31.2469
 17.2388
 20.1408
 26.6658
 37.8921
 28.5656
 9.26999
 15.1938
 35.3109
 24.3791
  101.87
 101.555
 3.63243
 1.09428
  27.931
 2.08879
 94.0686
 103.537
 39.8649
 91.9971
 32.9452
 23.9091
 31.4079
 41.2138
 29.7428
 26.0361
 49.6729
 29.0615
 70.8049
 37.7635
 31.0877
   72.42
 7.44391
 19.2911
 2.13233
0.502724
 14.2303
 18.8034
 67.6146
 45.4759
 43.4125
 29.8021
 10.2722
 21.0198
 24.9941
  32.052
 71.1658
 58.2452
 56.4645
 39.0874
 21.0068
 2.32485
 2.45513
  1.0056
 13.0294
 3.90441
 45.4505
 6.63269
 39.7443
 11.7831
 9.10491
 13.3877
 25.5508
 32.3331
 3.03181
 14.0843
 70.7888
 1.65476
 26.3992
 22.8035
  28.329
 18.0414
 32.8066
 21.1289
 14.7477
 20.0081
 13.2524
 66.6912
 66.7101
 24.2913
 14.7797
 37.1581
 54.2385
 11.5443
  5.2057
 19.4277
 66.5085
 2.74636
 1.74374
 36.9986
 25.0107
 37.9219
 28.6621
 74.6641
 16.8492
 24.1775
 14.5903
  35.138
 43.1934
 5.05486
 12.5855
 9.72978
 47.4252
 6.17676
 81.9768
  11.693
 8.70759
0.391768
 14.4954
 17.9634
 2.81453
 4.95727
 24.6963
 2.08074
  35.482
 14.7595
 55.2439
 37.5525
   10.67
 11.9895
 11.5307
 2.50333
  51.948
 28.5783
 62.2084
 36.7027
 22.3756
 36.6871
 5.16104
  36.649
 37.3156
  10.495
 10.5664
 22.9442
 23.5625
 31.1476
  31.857
  38.073
 38.3204
 39.6896
 74.2743
  22.978
 15.8918
 24.7226
 40.9762
  37.327
 32.4198
 10.4113
 76.8961
  25.065
 24.0108
 31.4241
 19.4707
 8.76988
  2.6627
 13.1022
 16.3587
 30.7062
 44.0033
 51.4762
  14.084
 31.2951
 38.8969
 19.6308
 15.0717
 45.9884
 31.2064
 28.8778
 12.6967
  19.472
 41.0948
 42.9081
 42.8759
 40.9424
 28.4965
 21.6588
 20.1134
 36.6269
 36.3514
 3.13653
 10.5409
    5.24
  6.5979
 35.6245
 35.0911
 3.53467
 7.39953
 36.8642
 23.8929
 15.2296
 10.5223
 19.7059
   11.52
 14.7954
 10.9775
 44.4792
 46.5821
 32.6752
 23.0191
 9.54346
 8.43612
 9.22486
 17.7418
 8.03089
 37.1384
 47.9507
 4.46699
 7.04981
 35.9679
 18.4687
 18.3042
 46.8715
 16.3251
 34.5066
 18.4618
 24.0186
 42.3767
 51.3605
 18.0456
 41.9128
 1.46273
 21.6873
 14.8465
 40.7963
 7.56434
 29.8502
  16.909
 27.5156
 20.5995
 23.7075
 10.7712
 19.2292
  12.087
 10.5978
 42.9409
 69.9721
 55.8071
 23.1876
 6.88072
 20.4875
 10.9843
 31.2389
 38.8915
 12.6254
 39.5806
 12.9655
 21.3167
 45.7881
 60.5232
 10.4876
 12.8938
 41.7687
 35.7772
 36.1803
  14.358
  13.269
 33.9588
 16.9494
  69.841
 20.0239
 12.8673
 33.6633
0.331584
 8.26212
 22.4472
 17.0913
 17.7376
   20.16
 31.8658
 20.6202
0.934152
 23.5695
 12.1659
 36.7476
 31.2292
  25.339
 27.2188
 14.3405
 16.4836
 12.6376
 28.5146
 26.7924
 25.7635
 10.9356
 8.73885
 44.7389
 20.7356
 34.6832
 18.3121
 10.9348
 12.2198
 4.24629
 27.7323
 4.86617
0.574759
 47.7393
 31.2895
 40.2277
 28.9251
  19.687
 43.7557
 44.6518
0.327917
 16.1557
 26.9921
 4.38152
 2.16207
 27.6278
 15.6853
 55.5144
 26.7253
 66.3728
 13.7137
 41.3196
 30.5307
 30.7355
 19.3036
 51.4666
 18.3478
 24.0974
 12.7885
 29.4745
 19.3434
 21.5647
 36.5347
 54.8309
 39.3646
 33.3332
 12.1058
 26.8228
 28.7787
 16.9866
 15.4327
 10.8462
 24.1879
 31.5913
 27.5887
 24.3237
 17.2295
 56.8682
 53.1618
 56.9714
 7.16457
   6.864
 31.9945
 21.4319
 27.8179
 22.0688
 25.6283
 20.2691
  42.165
 2.26939
 1.30134
 23.6147
  18.169
   12.55
 72.0901
 13.6269
 60.1208
 74.3962
 29.7846
 31.6777
 69.2563
 39.9673
 31.1158
 38.5483
 14.6087
 33.9191
 35.5701
 40.7159
 38.6437
 6.65884
 40.8557
 49.5529
 18.3945
 29.8912
 21.5562
 32.6016
  22.336
 39.3052
 13.9594
 33.6744
 19.1361
 20.1454
 36.7375
 24.3538
 28.9538
 20.2346
 33.1691
 13.9775
 6.82759
 44.6034
 55.4666
 54.7569
 48.3238
 14.7583
  48.379
 49.0094
 16.9622
 48.4567
  13.925
 27.8128
 37.8565
 15.5517
 34.5484
 25.3017
 20.7495
 11.1195
 10.8009
  40.329
 24.5761
 45.7886
  25.994
 8.34119
 20.8998
 47.2681
 19.4222
 42.1383
 43.7017
 60.2429
 22.0391
  37.836
 35.3151
 11.5752
 15.2697
 12.9698
 12.5829
 15.3066
 15.0465
 28.4469
  41.649
  23.715
 25.4539
 34.5667
 18.4286
 2.52337
   71.78
 33.4148
 16.7062
 4.80968
0.247275
 30.6997
 9.61671
 12.7096
 16.2094
 20.4963
 19.7142
 10.3794
 12.7555
 12.6373
 21.2206
 54.0477
  20.143
 13.0104
 13.9713
 43.3782
 43.8713
 7.13278
 8.64868
 5.63122
 12.2341
 19.2063
 12.7885