   43.9885
   44.5565
   34.7887
   40.8936
   41.5092
   42.1128
   35.4637
   56.9187
   38.3429
   45.9751
   17.9207
   41.8139
   44.3045
   43.1849
    40.291
   46.8747
   44.1934
   19.7272
   31.1564
   47.8242
   43.2456
   42.8597
   8.76171
   44.6371
   16.5307
   46.2982
   30.8772
   47.3338
   31.9089
   20.6545
   3.79291
   17.4274
   18.5591
   8.56333
   3.15884
   2.50771
    3.2641
   8.74742
   8.88236
   49.5185
   1.58689
   30.4166
   6.10453
   1.48113
  0.110721
   5.53993
   6.29655
   30.8096
   2.74902
   2.09611
   2.43148
    5.2302
   3.92598
   2.24196
   3.83327
   3.65278
   6.43866
     12.72
   7.22965
   14.2683
   4.56886
   32.5282
   27.6471
   11.4767
   23.8412
   12.4625
   17.2872
   9.72287
   29.4654
   11.1994
   14.6866
   1.67563
   18.0025
   10.6002
    1.8148
   43.5874
   24.1549
   6.62953
   1.58297
   15.1544
    43.085
   40.1643
   23.1724
   4.10185
   10.0971
   17.6995
   11.1343
   44.9487
   6.73727
   10.0932
    15.889
   14.9948
   7.39839
   12.4079
   12.5276
    45.505
   2.00137
    17.387
   16.0473
  0.266903
   6.50887
   3.37736
   15.6216
   6.75396
   26.5472
   4.25787
   7.30115
   5.00035
   19.3551
   1.55137
   1.74061
   12.9889
   13.0208
   20.0653
   17.3626
   6.66968
   44.1913
   43.2114
   33.6525
   2.17935
    2.2339
   27.3844
   2.49777
   1.92638
   16.8361
   22.0712
   23.7074
   34.1713
   1.07401
  0.184801
   13.6126
   1.88607
    7.0964
   4.70602
   4.95621
   6.12234
  0.799703
   4.31923
   2.72338
   2.13571
   2.12303
   12.5589
   13.3489
   13.8585
   16.4892
   20.4489
   16.8988
   10.3381
   7.29739
   38.9927
   45.3278
   38.2241
   10.3965
   23.7628
   22.7004
    16.337
   40.6583
   25.6523
   6.89119
   3.75449
   6.95486
   29.2859
   1.13834
   4.83631
   26.4787
   5.43293
   19.7692
   5.18496
   17.2593
   17.0817
   2.17765
   19.8411
   4.65482
  0.769901
    2.0751
   5.98436
   4.12164
   2.37423
   12.6057
   20.7156
   27.1057
   4.00638
  0.497237
  0.282608
   34.1999
   27.5729
   33.8626
   4.61609
   2.32473
   17.2232
   17.9827
   28.8923
   28.5449
   22.9274
   22.6222
   20.9086
   16.2352
   21.6092
   3.10669
   29.5587
   32.8185
   41.5187
   2.28202
   13.7454
   4.87424
   12.2016
   8.36713
   2.10375
   7.62013
   4.37846
  0.550301
   15.5212
   4.04902
   31.2924
   6.15961
   1.77093
   2.49607
   25.8907
    27.517
   24.9605
   18.7502
   1.49765
    25.791
   26.8302
   24.1826
   9.86426
   1.80632
   8.65071
   1.27608
   1.87114
   1.77912
   17.0461
  0.313646
   3.54793
   5.27907
   42.6763
   17.2062
    4.9942
   10.1591
  0.177799
  0.888663
   1.17345
    4.9842
   17.2392
   3.58838
   6.56224
   4.17703
   32.2198
   4.21606
   10.7114
   2.20349
  0.962662
   21.5484
   19.1431
   9.19013
   8.60741
  0.185822
   38.4278
   3.32098
   17.4125
    39.438
    15.166
   1.47831
   2.32289
   19.2259
   4.30404
  0.919853
   18.5945
    5.3457
   25.0308
   15.8542
   5.54652
   17.0274
    13.698
   20.1626
    2.2395
    9.7298
   6.84497
   2.23018
   27.5027
    27.722
   6.38103
   2.52732
  0.120434
   2.02954
   12.4051
0.00181347
   7.46245
   14.6777
   18.5011
   6.87981
   1.24073
   1.87154
   5.19914
   6.36065
   1.76358
   9.49165
   6.24355
   5.59711
   19.2154
   3.00592
   5.75329
    30.755
   7.93695
   4.87578
   8.84629
     13.32
   9.28299
  0.152521
   3.61308
   2.91651
   22.9379
   9.70895
   8.33129
   43.5779
   23.1023
   16.6018
   13.4112
    2.0603
   8.30611
   7.14527
   13.0757
   23.2962
   1.10014
   34.9843
   28.5372
   15.7068
    5.4672
   45.9938
   5.12527
   5.04852
   1.85835
   2.26524
   2.43614
  0.231462
   44.2603
   40.5491
    3.6753
   4.38474
   12.5096
   14.8425
   8.82948
   12.5104
    15.374
   12.2427
   5.32474
   7.47492
   15.7149
   3.55937
   8.35748
   3.22541
  0.473449
   3.60476
   15.9276
   15.1258
   20.4625
    4.3013
   27.9852
   1.67102
    4.4992
   16.2784
   14.4161
   6.66422
    6.8312
  0.768453
   22.7543
   9.95738
   6.10877
   3.86573
    5.7593
   31.2397
   2.83624
   2.32244
   38.9692
   46.3392
   3.62641
   4.33089
   10.0537
   16.1539
   9.77934
   43.6174
   11.9283
   46.7341
   19.9973
   19.6394
   17.7425
   13.9642
   2.89217
   8.15973
   24.2812
  0.474779
   8.27951
   2.84876
   51.5893
   45.4606
   37.5797
   31.4213
   30.1429
   1.81295
   15.6111
   29.7456
   4.29926
   28.2989
  0.324558
   1.70974
   0.12068
   6.75605
   20.3527
   21.4415
   37.0875
   7.01457
   15.4799
  0.157561
   22.9616
   3.97837
   3.70277
   2.58476
   8.76956
   4.49928
   5.69117
   10.5721
   4.19529
   4.91169
   3.80548
   3.14654
   28.5271
   2.42695
   19.7612
   15.1879
    25.909
   32.0333
   5.85464
   4.43562
   12.5613
   5.11246
   2.39365
    6.4563
   7.67532
   3.48058
   2.56145
   31.9612
   6.33645
   1.57963
  0.118027
  0.620635
    41.474
   15.9758
   31.6787
   10.4114
   5.77608
   51.7104
   31.4439
     39.73
   9.13886
   2.22955
      3.94
  0.774078
   9.64859
   28.2915
   3.76652
   1.49831
   30.7928
   5.99639
   6.18889
   4.29317
   2.21721
   6.46518
    40.087
  0.118797
      41.1
   27.9997
   2.07884
    2.5523
   25.9205
   15.7815
   5.77534
   20.3275
   18.9601
   6.42836
   4.31972
   5.14407
   1.17443
    42.443
  0.814493
   2.46871
   8.37072
   5.54953
   1.60301
   10.4914
   1.09882
    40.646
   35.2463
   29.3204
   1.20296
   11.0601
   8.50538
   2.32526
   12.5936
   22.7486
   28.3602
    25.645
   29.0838
   47.2222
   5.36412
  0.927409
   11.8842
  0.918949
   2.21454
   29.7179
   6.38812
   8.90706
   5.23718
   9.07359
   3.65098
   11.9039
   1.31183
  0.845486
   29.9315
   1.76968
    29.309
   33.2863
   32.6265
   4.65401
    8.0572
   10.2285
   2.71295
    12.439
   2.01133
   50.8025
   27.9924
   2.40644
  0.112931
   28.5563
   5.28919
   7.41704
   8.67968
   3.54515
   5.46387
   4.43054
   5.97198
   3.47202
   1.10277
  0.231282
    7.3606
  0.420093
   5.66032
   2.24043
   2.40949
    6.3328
   8.47575
   6.17766
   2.70849
   10.1879
   31.9798
   1.99546
   7.88994
   13.4734
   2.87094
   10.0853
   4.66822
   3.53615
   6.76293
   5.11487
   6.00481
    7.6857
   3.35448
  0.744187
   17.8481
   31.0345
   25.0329
   25.4961
   40.3411
    32.719
   10.5667
   15.0514
   13.9468
   5.45203
   10.9464
   24.2863
   11.2244
    30.577
  0.366064
  0.415783
    2.0973
   3.94506
   5.56713
   27.9205
   36.7089
   4.62274
   11.4224
   1.16744
   10.1285
   7.69364
 0.0257935
 0.0423043
    4.0529
    18.686
    3.8789
   18.6177
    1.0432
   17.4947
     2.285
   8.17929
   2.99063
   3.18817
   32.0425
   38.2119
   9.56562
   7.96778
   5.01182
   3.82378
   5.50243
   18.0987
    1.9162
   3.50105
   3.72764
   39.7591
   11.3118
   7.53554
   3.61743
    8.6608
   11.1501
   5.45526
  0.251028
  0.109457
    3.1836
   28.1453
   27.1832
   2.25977
   28.7604
   7.36907
   32.5175
   25.2515
   11.0217
   10.4059
   12.2076
  0.353919
   7.24323
   5.04568
   21.9124
  0.512047
   3.28594
   9.03328
   8.83109
   6.70191
   11.4746
  0.537921
   7.34314
   7.90431
   0.14212
   9.77156
   2.56638
   8.14385
   41.5436
   11.3455
   4.91072
   9.58155
   13.6744
   13.9019
   11.3526
   16.2543
   4.40531
   1.09738
   21.5992
   6.46096
    3.6028
   3.07364
   15.3638
    3.4937
   4.80401
   18.8376
   3.31797
    27.094
   13.3031
   1.36651
   9.73588
   28.9097
   17.5923
   21.7899
   15.4876
   8.70577
   11.5461
   20.3807
   4.23357
   4.59184
   27.8388
   2.57319
   14.1471
   24.7773
   27.8767
   3.86622
   41.8657
   21.0472
    6.1485
  0.753702
   28.4368
   4.94562
   8.99249
   10.2463
   15.2551
   2.00797
   7.97091
   33.5823
   45.5182
   10.3165
   8.96941
   3.43783
   8.07276
   13.2018
   13.3637
   10.2438
   9.71526
   41.3625
   12.3514
   2.68723
  0.622586
   13.3889
   2.59053
   2.24556
   18.9012
   5.39851
   22.2621
   15.9685
   12.0377
   10.0147
   3.25526
   7.83909
   42.1861
    3.4277
   7.47597
   11.4527
   14.5784
   10.9338
   9.48115
   2.94967
   43.7556
   4.87997
   3.41706
   11.3269
   11.5736
    1.9192
   5.99623
   8.42259
   28.9082
   7.74331
   8.03036
  0.338324
   19.4204
   3.80968
   12.9529
   19.7581
   14.1037
   7.07735
     1.047
   2.14928
   9.78938
   8.01711
   8.19546
   12.1663
   2.14059
   12.6627
   15.1964
    46.178
   2.21134
   8.22388
    11.942
   5.94572
  0.229631
   6.35639
   56.1587
   14.2839
   15.7319
   4.17767
   14.9477
   14.5248
   14.4962
   14.1293
   14.3815
   1.03109
    44.374
   45.1029
   19.6232
   12.3708
   19.5425
   13.5342
   4.93243
   21.7669
   7.53379
   11.0432
   3.31553