 1.4686
1.48951
2.94776
3.09951
3.23211
4.67746
4.98571
5.03651
5.66791
5.67951
6.13187
6.88492
6.88778
7.27275
7.35502
7.62146
7.69935
7.79058
7.81324
7.84527
8.39756
8.55479
8.75952
8.78497
8.99924
9.55953
9.59982
10.1203
10.1231
10.1638
10.2049
10.3603
10.3612
10.9099
11.1017
11.1421
11.2935
11.4069
12.2205
12.4835
12.4851
12.4907
 12.653
12.7122
12.8853
12.9041
13.0628
13.1527
13.1792
13.2554
13.3843
13.5326
13.7794
13.7947
14.0488
14.0805
14.0817
14.3366
14.3737
14.5831
 14.741
14.8966
 14.909
15.3806
15.5348
15.5914
15.9184
  16.08
16.0994
16.4172
16.5747
16.6978
17.0096
17.3657
 17.524
17.6061
17.6859
 17.779
17.8668
17.9246
18.1402
18.3744
18.6362
18.6861
18.9858
19.4822
19.5103
 19.538
19.5709
 19.662
19.9615
 19.981
20.0066
20.0765
20.1694
20.2635
20.4765
20.6849
20.6858
20.7314
20.8157
20.8197
20.8225
20.8995
20.9453
21.0755
21.1496
21.2638
21.3106
21.4347
21.6251
21.9371
21.9476
22.0321
22.1125
22.4593
22.4714
22.5434
22.7287
 22.913
 23.064
23.1157
23.1229
23.1929
 23.245
23.2911
23.6605
23.6709
23.8042
23.9236
24.0014
24.0254
24.0308
24.2749
24.4181
 24.466
 24.555
24.7015
24.7733
25.0443
25.1995
25.2678
 25.602
25.6102
25.6197
25.6966
25.7974
25.8202
25.8638
25.9349
25.9746
25.9805
 26.108
26.1418
26.2992
26.3431
26.5222
26.5466
26.6961
26.9002
27.0384
27.0422
27.0608
27.5256
28.1317
28.2305
 28.301
28.4001
28.4053
29.1484
29.3427
29.5463
29.6131
29.7504
29.8005
29.8726
30.0231
30.0336
30.1094
30.3646
30.4932
30.5235
30.5439
30.5758
30.7073
30.8208
30.8422
30.9115
31.0631
31.0791
31.1416
31.3375
31.4717
31.7384
31.9378
32.0851
32.3988
32.4415
 32.568
32.7809
32.9091
32.9627
33.0137
33.0561
33.1026
33.3907
33.3986
34.0039
34.1507
34.1683
34.3708
34.4141
34.4275
34.6591
34.6729
34.6831
 34.731
35.1661
35.3009
 35.467
35.5754
35.6244
35.7791
36.0276
36.1009
36.1211
36.5195
36.5459
36.6498
36.6649
36.6886
36.7037
36.8524
36.9057
36.9103
36.9992
 37.129
37.1629
37.2007
37.2146
37.2473
37.3556
37.3811
37.6347
 37.683
37.7032
37.7835
37.8758
37.9053
38.3588
38.4634
38.5173
38.8732
39.0171
39.1448
39.2724
39.5215
39.5878
39.9387
40.1059
40.1404
40.2637
 40.273
 40.301
40.3702
40.4845
 40.556
40.7089
 40.711
40.8267
40.9402
41.0889
41.1405
41.1571
41.2199
41.3727
 41.381
41.4119
41.4476
 41.552
41.6049
41.6309
41.6561
41.7064
41.7067
41.9067
41.9789
42.2727
42.2968
42.5329
42.5463
42.5623
42.5831
42.6185
42.6325
42.7003
42.8408
42.9497
42.9512
42.9787
42.9869
 43.101
43.1865
43.2139
 43.491
43.5188
43.5652
43.6185
43.7927
43.8239
43.8934
43.9595
43.9669
44.0225
44.0361
44.7285
44.7718
44.8753
44.9407
 45.185
45.2023
45.2461
 45.292
45.5128
45.9593
46.0133
46.0708
46.1578
46.1892
46.2447
46.3797
46.5662
46.5871
46.6704
46.7064
46.9113
47.5161
47.7153
47.8018
47.8797
47.9269
 47.975
 48.061
48.0746
48.3098
48.4919
48.5622
 48.596
48.7064
49.0253
49.0913
 49.182
49.1883
 49.305
49.3697
49.4125
49.4276
49.4294
 49.644
49.6747
49.8121
49.8165
49.9505
50.2375
50.3669
50.4921
50.5463
50.6273
50.6503
50.6727
50.6752
50.9109
50.9228
50.9579
51.1072
51.1921
51.2779
51.4139
51.6465
51.9033
 51.922
51.9505
52.2064
52.6038
 52.748
53.0442
53.1129
53.2275
53.3228
53.6094
53.6557
53.7955
53.8512
53.9884
53.9891
54.0125
54.0502
54.0635
54.3133
 54.424
54.5344
54.5639
54.6734
54.6856
54.8304
54.8555
54.8761
55.0643
55.1006
55.4084
55.5877
 55.607
55.8698
56.1512
56.1958
 56.236
 56.313
56.3454
56.3858
  56.49
56.6541
56.6867
57.0605
57.1074
57.1103
57.2537
57.2958
57.4151
57.4295
57.6685
57.6753
57.7021
57.7894
 57.818
57.9894
57.9939
 58.183
58.1872
58.2486
58.2981
58.3318
58.6228
58.8131
58.8843
58.9192
58.9532
58.9953
59.1414
 59.158
59.2512
59.2847
59.3572
59.4037
 59.639
59.7624
60.0101
60.0255
60.0856
60.2076
60.2083
60.2277
60.2695
60.3422
60.4666
60.5618
60.5652
60.6134
60.6371
60.7298
 60.804
60.9485
61.0192
61.2412
61.2502
61.2631
61.2874
61.2904
61.3587
61.3828
61.4269
 61.462
61.5253
61.5401
61.5695
61.6133
61.7199
61.7217
61.7283
61.8409
61.8809
61.9142
62.1436
62.3086
62.3179
62.4455
62.6602
62.6736
62.8616
62.9237
62.9379
62.9512
62.9603
 63.088
63.1336
63.3093
63.4631
63.4827
63.7356
63.9005
64.0059
64.0323
 64.059
 64.077
64.4209
64.4524
64.7125
64.7862
64.8419
65.0099
65.0388
65.1593
65.2236
65.6286
 65.688
65.7632
65.8531
65.9166
66.0085
66.0992
66.2243
 66.617
66.6455
66.6725
66.6997
66.8963
 67.313
67.5792
67.7904
67.8691
67.8739
67.9096
67.9375
68.0371
68.4924
68.8515
68.8694
69.2589
69.3586
69.4702
 70.197
70.6831
70.7592
71.0726
71.1598
71.3495
71.4028
71.5883
71.5933
71.8056
71.8274
71.8656
72.1982
72.4978
72.5611
72.6307
72.6964
 72.817
73.0881
73.4729
73.9477
  74.61
74.7059
75.0244
 75.026
75.2076
75.3024
75.4147
76.0339
76.4776
76.8343
76.9121
76.9354
76.9572
77.0603
77.0978
77.2374
77.2709
77.3074
77.7202
77.8475
 78.104
78.2661
78.8453
79.2639
79.6261
79.6997
79.8741
80.0005
80.0633
80.1153
80.2809
80.3311
 80.488
80.8109
 80.853
81.1289
81.2439
81.4569
81.7671
 81.804
 81.883
82.5248
82.8534
82.9233
 82.973
83.0663
83.5063
83.6678
84.1441
84.2859
84.3829
84.6257
84.8484
84.8721
84.8981
85.0894
85.1621
85.2085
85.4004
85.5304
85.7567
86.2305
86.3536
86.3984
86.7346
87.0989
 87.112
87.1663
87.1812
87.6172
87.8656
88.1131
88.1305
88.2411
88.3952
88.7408
 88.915
89.5474