  14.1189
  96.8109
  81.2522
  87.3725
  85.8837
  76.7457
  73.1514
   84.246
  76.2926
  102.445
  92.7755
  94.0146
  97.6103
  105.714
   103.64
  130.402
  76.9224
   85.592
   97.202
  100.379
  101.478
  98.0295
  94.8076
  86.1122
  92.2907
  90.7584
  106.696
  103.479
  105.384
  108.706
  107.131
  108.659
  48.6893
  45.7153
  40.3566
  4.45103
  14.5021
 0.364232
  11.7374
  20.2265
  30.0165
  23.5055
  61.2006
  59.3517
  13.8479
  32.6607
  106.655
  103.127
  72.5055
  70.4543
  81.5474
  94.5803
  93.7655
  78.4678
  91.9509
  83.1601
  108.024
   105.75
  112.925
   115.84
  114.953
  102.475
  99.2947
  101.116
  92.2876
   90.069
  93.6901
  91.9901
  105.674
  91.4552
  96.1943
  89.3013
   79.329
  85.1566
   80.903
  91.1232
  147.317
  116.121
  93.2312
  72.6838
  98.4494
   93.738
  95.4169
  49.4558
  53.7671
  90.7955
  96.2052
  84.1778
  68.8433
  75.6821
  84.7916
  61.4738
  69.8465
  73.8875
  70.1774
   64.527
   67.423
  72.5083
  58.3707
   65.226
  78.2887
    65.44
  90.3717
  73.2991
  95.5721
  60.7554
  58.4951
  115.809
  96.9135
  89.6238
  83.2567
  96.2821
   94.979
    123.2
  98.1402
  91.4808
  87.3474
  80.7173
  9.75622
   32.957
   22.892
  23.9184
  17.9603
  25.4136
  37.2208
  3.42248
  38.0322
  13.9172
  36.9132
  38.2522
  25.5294
  26.6296
  35.4526
   10.366
  1.94513
   38.199
  45.0602
  18.9618
   79.338
  106.222
  129.541
  139.876
  90.0614
   37.632
  54.2597
  62.0409
  4.21485
  5.34233
  14.2877
  101.096
  107.025
  106.702
  103.817
  52.6682
  52.5801
  146.846
   124.23
  103.921
  103.411
  90.5423
  95.3936
  103.533
  101.116
  4.81428
  26.3267
  35.5574
  30.0137
  22.8811
  32.1363
  32.2786
  13.8108
 0.747859
  35.4028
  42.1632
  12.9839
   18.318
  38.7687
  36.7367
  27.7493
  76.4335
  66.2082
  75.6063
  96.2403
  86.1048
   106.87
  105.579
  101.709
   97.662
  94.5964
  93.0857
  98.4465
  89.8402
  99.3243
  94.6259
  88.8785
  95.6048
  98.9435
  101.558
  90.0505
  87.9548
  98.3493
  95.0933
  74.9167
  135.053
  115.748
  94.1069
  97.2701
  86.9151
  46.0219
  85.0309
  78.5399
  102.699
  85.9172
  83.0273
  70.1114
  73.0864
  78.3603
  74.2782
  49.2012
  45.5614
  49.7525
  64.7408
  51.1935
  64.6594
   86.723
  88.7812
   102.59
  120.932
  140.431
   87.073
  84.2411
  95.8081
  95.1607
  95.5595
  123.273
  105.007
  114.074
  119.292
  102.153
  87.0112
  124.786
  143.918
  20.2083
  21.7039
  42.1922
  25.7484
  12.3278
  8.45319
  40.5125
  37.7677
  36.8653
  20.0224
  11.6159
  3.31971
   2.3616
  4.04724
  11.4405
  17.3882
  3.65265
  39.1159
  37.1356
  118.411
   78.203
  110.283
  69.3136
  92.6648
  99.4484
  140.315
   87.647
  16.5259
  21.2576
  17.2037
  40.8342
  37.3726
  98.1509
  87.0246
  79.5015
  103.116
  90.7184
  92.3699
  101.044
  95.7949
  98.6277
  104.519
  90.4206
  96.0408
  84.7832
  80.8183
  80.3121
  90.6459
  44.6154
  48.8305
  49.0517
  86.2265
  92.7248
  82.0822
  78.1573
  67.5467
  61.8199
  70.7553
  92.1635
  90.8948
  61.2458
  51.1373
  53.2069
  80.4811
  129.013
  78.1462
  91.4525
  100.431
  96.7632
  87.1027
  104.232
  102.603
  110.387
   103.97
  98.0675
  101.212
  86.9212
  21.0974
  26.8846
  35.6562
  36.3199
  53.4593
  23.1638
   39.245
  39.3176
  41.2949
  8.85355
  8.32721
   4.0868
  2.65583
  26.3852
  51.4394
  0.85324
  18.4325
  109.173
  130.535
  58.7073
  80.9348
  69.6825
  97.7621
  104.069
  111.328
  14.1034
  89.3227
  42.1099
   47.015
  20.4583
  83.4284
  102.272
  99.1205
  113.044
  87.1616
   97.182
  102.039
  88.4792
   90.467
  81.1168
  85.6081
  71.6181
  78.8115
  90.6907
  47.8608
  60.6102
  54.6527
  78.9486
  106.426
  91.2776
  94.2331
  115.495
  102.748
  95.1495
  85.8425
   107.54
  78.3198
  72.6526
  132.658
  36.4654
  58.1876
  40.3635
  17.3632
  22.9875
  9.95582
  14.4462
  3.45719
  1.09323
  21.0492
 0.681928
  30.6461
  114.051
  107.028
  112.933
  112.448
  113.103
   110.62
   54.532
  51.6026
  93.2819
   75.469
  69.6865
   21.178
  69.5043
   28.522
   7.9636
  48.0105
  9.51221
  29.1078
  10.5626
  18.7512
  8.41798
   14.641
   86.512
  29.4465
  31.0912
  27.4059
  108.772
  38.9919
  8.45107
  10.1633
  37.5806
  22.3772
 0.239965
  0.92893
  11.3534
  12.0202
  17.9304
  11.4016
  7.92415
  4.91399
  14.9243
  39.1457
  14.3795
  5.46495
  34.0859
   16.072
  23.9194
  12.5615
  11.8142
  11.1684
  24.4218
   44.895
  11.7906
  2.42238
  25.5929
  9.03424
  6.18218
  8.23108
  20.7841
  15.6048
  25.0733
  29.2307
  15.9048
  19.9082
  11.0941
  21.0567
  25.5225
  2.66446
  20.7452
  8.29614
  8.21124
  21.0771
  7.22957
  14.9621
  11.6825
  9.55277
  10.3276
  21.1649
   35.482
  69.8644
  34.9162
  22.9785
  4.44231
  25.0887
  11.3895
  9.22241
  17.8862
    17.01
  23.3492
  27.4458
  3.26396
  32.9642
  77.9187
  40.2304
  32.3957
  22.9122
  13.0398
  28.0352
  36.1061
  50.4764
  20.4104
  35.8382
  70.9701
  18.3788
  12.7638
  22.8216
  28.1414
  23.6308
  9.09345
  23.2518
  23.1372
  16.5653
  23.1317
  9.03444
  31.9915
  20.0926
  29.9563
  33.8765
  4.60123
 0.576297
  12.9499
  3.97932
  3.59925
  31.4722
  16.4371
  22.2593
   2.7366
  25.1517
  10.9487
   35.452
   21.857
  25.0867
  85.3981
   23.364
  32.2004
  11.9895
  12.1889
  69.4193
  71.3492
  32.1443
  10.1933
   75.089
  16.7538
  22.3099
  20.8624
  38.6535
  88.3679
  15.7015
  16.6972
  6.92175
  5.17272
  11.3768
   87.627
  84.0308
  6.24007
  39.7934
  7.77557
  36.2237
  14.0858
  19.7591
  11.0015
  4.49682
  7.14387
0.0507146
  24.9745
  23.9024
  28.0784
   13.048
  7.50211
  23.4547
  12.4317
  10.3047
  6.21277
  27.1356
  78.9277
  72.1056
  12.9433
  10.0001
  1.93447
  2.49443
  15.3788
  19.8916
  23.4878
  23.6128
  9.37641
   13.048
  23.9893
  22.9013
  9.60564
   4.8345
  12.1146
0.0703812
  17.8162
  75.4271
   20.089
  21.9941
  6.30615
  18.2248
  15.2699
  12.9462
 0.620552
  14.7435
  25.6016
 0.664363
  19.8164
  15.9278
  9.86158
  11.3968
  25.6649
  17.6544
  1.39325
  14.6244
  61.8903
  17.8194
  15.9129
  11.0894
  6.71029
  8.79339
  9.60388
  24.9793
   55.665
  69.7101
  11.8898
  13.7574
  25.5842
  27.4084
  15.4543
  8.81888
  61.9272
  41.4138
  32.8504
  5.01176
  19.6108
  15.1216
  24.0005
  8.64196
  20.5408
  58.1784
  3.47979
  13.8859
  38.9885
  23.4898
  27.4823
  130.305
  40.0891
  32.5594
  30.7213
  31.1001
  14.1358
  6.05629
  38.0117
  40.7192
  30.9301
  19.2257
   1.5891
  17.5115
   9.5187
  19.3039
  20.0645
  75.0026
  56.7434
   32.339
  104.302
  2.87059
  26.9624
  0.23524
  13.9087
  30.8181
  8.18162
   23.279
  2.57133
  14.9626
  12.2274
  38.0117
  32.2496
  106.988
  8.82839
  19.6238
  15.0829
  17.8023
  56.0153
  6.87856
  29.6422
  1.04895
  108.632
  86.2387
  35.8068
  33.7448
  10.0946
  8.01357
  4.44952
  2.15735
 0.167146
  17.2932
  18.9354
  24.5921
  76.2627
 0.733867
  19.0514
  1.16334
    35.88
  19.7582
   65.714
  17.1138
  27.8488
   13.185
  8.87517
  15.7562
  73.8272
  11.9321
  76.4707
  8.30725
   14.742
  11.7911
  55.9011
  23.2541
  13.1291
   27.888
  87.8992
  3.30471
 0.210976
  14.9708
  47.5439
  23.6855
  39.0537
   30.191
  19.8688
  37.7381
  27.6376
  26.1743
  26.0417
  25.4043
  66.7882
  38.1524
  32.0458
  31.8915
  33.0396
  27.1862
  29.1797
  33.1496
  30.8326
  90.6672
   66.626
  24.2877
  16.1724
   31.211
  15.3657
 0.336808
  28.7609
  38.9462
  23.6557
  31.0668
  19.0773
  39.3913
0.0648374
  88.8793
  29.4965
  57.8687
  23.0957
  21.9607
  32.8742
  4.15806
  28.6239
  37.4463
   1.9718
  29.5983
  93.6013
  17.2913
  6.58949
  23.4226
  30.1715
   8.8118
  19.5184
  18.6956
  35.1681
  20.4867
  30.4633
  27.1327
  15.4175
  4.67514
  23.0706
  32.8095
  26.5099
  28.4919
  20.7799
  40.2961
  34.4215
    19.41
  37.2431
  21.1909
   35.635
  9.44155
  10.2402
  22.2893
  33.7552
  35.3783
  39.1186
  28.3928
  21.0053
   38.615
  33.4743
  38.1585
  17.8199
  15.5326
  20.1579
   35.751
  39.9459
  32.1395
 0.513348
   8.9123
  36.4471
  36.2671
  26.8871
  4.86075
  14.9092
  19.2104
  59.2449
 0.321491
  2.92347
  9.05221
  166.697
  20.6304
  1.37991
   19.711
  27.7627
  25.3602
  5.42387
  37.2886
  69.7832
   7.1573
  11.6368
  17.0947
  19.7451
  62.7346
  19.9877
  6.21947
  54.3362
  18.6316
  20.4865
  34.4154
  57.3158
  6.15747
  20.3053
   15.684
  6.99949
  28.9466
   1.0141
  15.4453
  6.10871
  20.0699
  3.91937
  20.0233
0.0172333
  10.3507
  29.1166
  99.6033
  50.1736
  16.2904
  15.1332
  74.9405
  90.9968
 0.803454
  34.4555
  23.7489
   16.519
  75.8336
  61.3378
  28.0193
  19.3807
  27.8258
   22.068
  84.6845
   2.8709
  18.5986
  1.57709
  21.1299
  20.1549
  20.6344
  92.7193
  20.2337
  38.4893
    104.1
  72.0879
  7.88127
  10.9057
  51.3665
  21.2797
  17.5554
  8.40087
  41.0201
  78.6253
  22.6883
  115.342
  37.8435
  16.2491
  74.0771
   21.438
  10.3354
  32.8993
 0.513455
  13.4939
  1.59423
  79.8106
  72.6902
  40.3027
   12.047
  78.5412
  26.0311
  75.8118
  110.038
  19.9099
  8.62088
  11.4769
  17.0689
  20.4328
  11.9697
   20.858
  11.3771
  6.55427
  2.35684
    1.857
   6.1192
  78.7478
  104.288
  75.6136
   24.253
  2.66637
  17.6562
  6.23392
  31.7199
  7.83259
  90.8046
  79.8206
   79.681
  99.0224
  45.2187
  25.8021
  34.7457
  0.75049
  12.4315
  26.0012
  39.1231
  89.4145
  58.0611
  19.3242
  21.3088
  75.2883
  7.64689
  2.28208
  1.26379
  21.8798
  7.45641
 0.929564
  32.4033
  88.2091
  72.2699
  9.30944
  19.8488
  16.9039
   89.011
  21.2726
  13.9458
  16.7039
  2.76614
  28.3928
  97.6638
  19.3424
  15.2433
  20.0187
  2.21523
   14.427
  8.51325
  4.12391
  18.8688
  13.6839
  97.4466
  11.6592
  2.70354
  22.2769
   4.0645
  1.32608
  3.05838
 0.836063
  14.4351
  4.47708
  1.37967
  14.0612
  73.8984
  32.0959
  31.8325
  19.8652
  21.4257
   69.365
  31.4748
  19.3207
  71.0937
  53.7544
  2.57101
  11.5015
  13.3112
  29.9293
  8.31125
  169.584
  49.7512
  13.3189
  16.3148
   26.721
  5.46807
  23.4523
 0.270708
  54.8435
  2.24097
  24.1741
  7.76625
  78.0489
  79.3627
  166.684
  6.64158
  7.76716
  17.5115
  92.3371
  98.1381
  77.1386
  67.4849
  10.3017
  33.2783
  2.09527
  29.8196
  20.1136
  6.72742
 0.326299
  32.7481
  82.2842
     67.3
  174.385
  20.6307
  16.6176
  9.98172
  4.00471
  32.9552
  10.3377
   32.369
  8.02402
  40.4146
  28.3053
  34.4123
  36.4156
  50.7717
  25.6955
  27.7866
  39.1398
  8.63164
  19.6244
  17.6874
  160.259
  32.8405
  3.86395
  9.85271
  23.9692
  0.13495
  20.1382
  33.1642
  19.2576
  9.65195
  8.10185
  14.8855
  111.735
  124.125
  98.2763
  70.3155
  23.5085
  33.9954
  21.9567
  6.92489
  26.9003
  26.1553
  20.8011
  80.8463
  25.8904
  16.3977
  19.4942
  143.112
  44.8365
  3.13094
  46.5722
   106.82
  4.45186
   75.947
  30.6254
  13.0662
  8.19051
  18.0339
   21.054
  4.78412
  40.7591
  3.95661
  168.286
  13.5867
  38.5005
  100.476
  98.9348
  6.53949
  13.1239
  2.43908
  17.8067
  67.3469
  24.8596
  15.3875
  19.6012
  14.3222
   6.3515
  25.2102
  37.5603
  22.2542
  7.55954
  10.6912
  25.8611
  15.6125
  71.3187
  33.0784
  60.4284
  4.80268
  23.0283
  15.0364
  32.2377
  72.6847
  20.4945
  12.8694
  9.86159
  48.8742
  4.76737
  2.77366
  39.6865
  90.3417
  168.891
  2.42161
  39.6609
  24.1947
  3.84397
  10.0662
  7.37129
  11.7109
  11.2605
  7.66403
  23.8517
  161.253
  23.2325
  61.4429
  31.6801
  10.3756
  17.7206
  25.2595
  31.8491
  3.84464
   59.967
  11.4213
  94.6026
  174.941
  61.6045
  18.9708
  16.1873
  23.4451
  13.4174
    162.7
  27.5239
  35.8419
  18.2522
   3.9014
  15.8231
  8.67122
  172.932
  10.1386
  0.63539
  108.865
  41.7046
  16.3578
  6.25404
  55.6552
  26.7389
  9.58122
  8.79516
  35.0643
  37.8877
  17.0934
  28.9712
  45.4961
  30.4158
  16.0786
  161.335
   6.6346
  50.9533
  47.3401
  12.6876
   56.175
  40.3081
  18.3045
  15.7366
  58.5754
  5.28319
   26.595
  4.52027
  35.6182
  41.0626
  26.6303
   32.079
  175.192
  11.0183
  17.6535
  15.2401
  26.2939
  22.4772
  169.887
   10.086
  1.49774
  2.51196
  21.5375
  41.1688
  20.3472
  5.23143
  30.2348
  6.45565
  24.6073
   30.167
  33.3999
  34.5146
  61.9535
  69.5041
   41.077
  20.3635
   7.1824
  54.4501
  33.9872
  37.1047
  38.7475
  12.3943
  54.3388
  10.8224
  1.29553
  1.88627
  21.9959
  21.8616
  50.0468
   169.02
  41.6028
  33.7141
  49.2118
  21.0258
  9.11205
  7.40494
  29.3573
  3.96098
  48.1902
  45.0939
  27.6717
  5.70866
  21.9266
  3.62295
  2.46843
  3.03349
  6.63578
  1.32943
  10.3384
  3.43945
   8.9873
  11.2203
  16.0461
  34.9657
  26.5131
  38.3255
  7.85291
  4.60531
   7.6104
  4.16368
  2.30482
  169.415
   3.8976
  10.4399
  12.4231
  14.9068
  16.8049
  32.1607
  7.80743
  25.7238
  25.1272
  18.0787
  10.0296
  149.977
  16.8239
  8.70345
  31.2465
  30.7625
  12.4936
  47.7403
  24.8521
  177.238
  4.79063
  32.1769
  33.2464
  18.4462
  20.7938
   10.417
  33.0383
  45.5666
   14.299
  14.6362
   63.935
  24.1947
   30.867
  27.5272
  7.90222
  14.1222
   33.423
  44.0764
  177.415
  31.4217
  15.1928
  44.7644
   36.379
  40.0245
  28.2553
   25.654
   16.543
  10.4827
  3.67965
  10.4234
  6.95884
  20.8311
  11.1209
  14.7288
  9.39605
  10.2096
  29.8678
  27.4247
  38.2786
   32.093
  44.6998
  33.8268
  23.0633
  19.4496
  16.6985
  6.27571
  36.2778
  42.4645
  41.5529
  48.4491
  25.9614
  60.1521
  26.9094
  3.19309
   6.8726
  32.6027
  19.2697
   20.752
  27.1081
  8.70345
  25.6324
  16.5887
  11.4082
  34.4366
  38.8999
  6.54574
  13.4991
  9.85913
  7.82292
  51.7618
  45.2801
  34.3488
  22.2563
  48.9625
  30.7615
   50.181
  46.3742
  19.4128
  39.9788
  10.4406
  9.57774
  38.8116
  38.7066
  54.4173
  4.00576
  37.1522
  39.3126
  34.6643
  4.05119
  42.2479
  9.66603
  12.5432
  3.13654
   33.828
  28.2407
  37.7561
  37.1691
  35.3117
  43.9905
  31.3857
  28.7069
   41.586
  33.8836
  35.5875
   32.274
  32.3573
  34.0513
  16.6681
  47.9576
   27.399
  5.11521
  50.7538
  98.1876
   102.17