6.33066
7.32798
9.19001
10.4067
10.4319
12.3203
14.2168
14.9075
  16.43
17.3888
18.5151
19.6644
19.7648
19.9625
20.2229
20.3179
20.3377
20.5057
20.5703
20.7768
23.9029
24.8005
24.9821
25.2156
25.9402
26.1213
26.4723
26.6437
 26.649
27.0925
27.6668
 28.102
28.1896
28.2879
 28.472
28.5283
28.5571
28.6224
28.8638
29.0549
29.1211
  29.13
  29.38
29.5119
29.7848
29.9936
30.0456
30.1046
30.7956
31.8599
 32.773
33.1868
33.5397
33.7505
33.8589
34.7705
34.8467
36.7648
37.7396
37.7437
37.9398
38.7542
38.9448
39.0245
39.8439
40.1429
40.4147
40.5753
40.7145
40.7316
 40.866
41.2931
41.3463
42.0906
42.7727
43.1413
43.7535
44.3146
44.9761
44.9927
45.1935
45.2214
45.5001
45.5514
45.7453
46.8039
46.8345
47.0103
47.3383
47.3578
47.4177
47.5207
47.5525
47.6069
47.7832
48.2034
48.3281
 48.551
48.6152
48.7843
49.1663
49.7189
49.9149
50.0875
50.1661
50.6508
50.6716
50.6737
50.9012
51.1717
51.8712
52.0288
52.1772
52.1783
52.6899
 53.249
 53.487
53.5961
54.2172
54.3584
55.1541
55.5068
55.6765
55.9743
56.3439
56.8291
57.2479
57.2893
57.9729
58.2677
58.5529
58.7308
59.9519
60.0333
60.7063
 60.743
60.7525
62.0071
62.1142
 62.256
62.4704
62.8107
63.5044
63.5183
63.6959
63.7758
63.8121
63.8593
63.9587
64.1012
64.6075
64.6452
64.7706
64.8698
 65.613
66.0145
66.2119
67.2298
67.3045
68.0739
68.1612
68.4094
68.8833
  68.93
69.5177
69.5343
69.5472
70.2591
 70.316
70.3275
70.5366
70.8385
71.0325
71.4681
71.4829
71.8933
72.1975
72.7043
73.0109
73.2462
73.6391
73.8566
74.2912
74.3854
74.6955
74.7424
74.7605
75.0595
75.1036
75.1115
75.4176
75.5585
75.7642
75.9093
 76.112
76.1457
 76.702
76.7516
76.8616
77.0699
77.3607
77.4448
78.6743
78.8081
79.2054
 81.013
81.1301
81.8641
82.4122
82.6457
83.1036
83.3106
83.3773
84.4265
85.4912
85.5105
 85.812
85.9264
 86.131
86.4193
86.5449
86.6935
87.3702
87.8393
87.8907
88.0281
88.3663
89.3523
89.7467
89.7473