   10.384
  10.8265
  20.9103
  11.6087
  9.60474
  22.1982
  11.9891
  6.40945
  4.07365
  13.8168
  3.48521
  16.2722
  13.8731
  1.41111
   9.8258
  1.06735
  30.7755
  27.8151
  25.1382
  26.7893
  36.9532
  31.5689
  30.8448
  32.3846
   18.499
  13.2394
  6.12858
 0.353626
  6.80413
   13.403
  14.3729
  17.0979
  13.5325
  6.84725
  2.79139
  13.6288
  8.30295
  2.12126
  37.8943
  49.7448
  40.3405
  37.6357
   47.718
   4.0889
  3.85628
  26.6137
  30.1962
  18.2047
  41.6982
   41.252
  40.8968
  42.3916
  25.7016
  38.5682
  30.7061
  31.7844
  35.0368
  36.4133
  4.61289
  3.41471
  17.3236
  27.3345
  27.8098
  28.6295
  24.1655
   26.207
  15.8587
  30.4126
   22.127
  16.6876
  14.4149
  3.38148
  12.6775
  12.7498
  12.4157
  26.7153
  32.8908
  25.0927
  19.1444
   10.919
  13.6099
  12.5455
  2.23685
  1.96565
  11.7252
  9.29612
  1.85079
  10.3219
   8.1432
  14.1434
  12.2146
    20.77
  20.7824
  9.15515
   12.643
 0.179605
  2.86155
  9.57894
  2.02184
  24.1236
 0.767806
  5.57117
  5.12688
  26.5351
  5.63169
  1.68695
  27.0533
  19.6931
  3.82184
  31.8576
   16.941
  2.77401
  3.75582
  30.9491
  36.3945
  18.7296
  23.8747
   10.441
  32.5588
  26.1795
  24.1284
  24.6409
  16.5042
  20.3625
  13.1398
  18.9571
  34.3505
  25.8817
  30.4005
  30.8071
  44.2425
   22.927
  34.4296
  24.9191
  34.7223
  30.4335
  19.8356
  25.0184
  13.6416
  1.04467
  33.7853
  56.3151
  16.8061
  39.4369
  46.2966
  13.2039
   22.337
  25.9471
   13.721
  33.8911
  32.1911
  22.6732
  2.69468
  29.0452
  8.30182
  3.27102
  9.95142
  14.0061
  5.46443
  31.5384
  37.1626
  27.6132
  23.5689
   30.887
  23.7621
  9.09401
  12.0823
  14.3952
   28.935
  17.5697
  17.6231
  31.8136
  40.8118
   40.644
  44.7558
  4.07953
  4.20818
  17.6423
  25.4501
   37.461
  22.5956
  1.78422
 0.476406
  6.18173
  17.9703
  14.2064
  44.0702
  40.4917
  10.7111
  20.0593
  55.3768
  34.9676
   15.738
  30.3215
  38.2358
  20.2002
   24.634
  25.0597
   13.216
  22.0289
  20.8867
  25.8266
  36.8642
  32.1933
  5.25271
  3.40957
  17.8357
  25.9739
  28.7305
  7.88191
  7.32471
  16.6667
  8.94267
  8.93373
  2.51989
  21.4977
  18.1097
  13.1377
  2.40531
  31.5086
  5.33025
  1.71685
  2.93228
  5.00798
  1.91678
  13.5443
 0.648148
 0.252799
  1.68356
  9.42292
 0.645527
  28.7666
  33.0647
  5.93194
  10.1873
  14.2976
  14.7109
  19.4163
  7.80444
  2.11544
  3.72828
  3.20856
  7.51269
  8.75875
  7.28446
   31.477
  21.7555
  29.6165
  24.5072
  15.4584
  14.4671
  17.1959
  32.5535
  28.7448
  15.1682
  45.0248
  28.1185
  36.0641
  38.6444
  31.6054
   1.6104
   24.785
  25.5984
  30.2146
   22.858
  3.62874
  3.98706
  24.1612
  50.6058
  53.2482
  59.7124
  14.8358
  18.7008
  6.93603
  5.54693
  6.78136
  3.78523
  26.6344
  30.3056
  10.8667
  26.8456
  60.0569
  13.0284
  28.3794
  22.9435
  3.91376
  17.2707
 0.638864
  22.9979
   14.069
  19.0535
  13.1036
  26.8339
  12.5127
  9.41146
  38.7063
  27.7894
  38.7811
  8.47062
  11.8506
  2.55555
  10.3418
  11.6378
  30.5957
  28.2895
  28.4341
  19.2508
  24.4484
  16.5916
  33.9021
  32.4689
   22.504
  26.2706
  3.30911
 0.804422
  11.9749
  2.03477
  23.2932
  9.63304
  21.7771
  20.7792
  25.7647
  0.78563
   9.6425
  12.0884
   5.6097
  26.8686
  11.7188
  22.8641
  25.0152
  32.3896
  13.1571
  2.68123
   9.4555
   11.691
  32.4447
   31.884
  24.2412
   8.4844
  2.45774
   17.699
  25.2794
  4.69419
  22.7668
  32.1919
  16.5858
  38.8189
  44.4887
  28.1327
  29.0399
  26.2975
  8.99846
  12.8172
  18.5939
  12.6219
  25.5937
  35.2753
  4.21249
  24.0805
  40.7555
  55.7444
  40.0625
  14.5307
  17.0341
  7.25182
  1.76347
  15.6761
  11.4792
  55.6538
  29.5929
  7.39104
  38.9306
  7.84802
   51.169
  44.5723
  33.3719
  37.3485
  8.66206
  18.8629
  4.42509
  23.5329
  9.71185
   31.614
  38.3276
  6.61374
  2.86347
  2.58838
  25.2348
  18.9846
  25.5976
  29.7357
   3.0735
  4.67271
  25.5389
  31.6498
  6.23251
  12.2358
   8.4555
  6.27453
  8.55719
  20.8628
  31.4699
   7.4635
  13.4171
  19.6774
  23.2386
  5.08872
  28.0224
  18.7032
  15.9543
  34.6679
   10.349
  7.94749
  21.9617
  29.5926
  30.4885
  3.05263
  8.33691
  4.07496
  24.4827
  22.7646
   22.366
  12.9096
  43.5677
  30.5099
  16.6375
  13.2579
  2.43893
  26.8717
  32.8319
  52.0203
  42.0846
  17.5162
0.0794271
  8.55984
  16.4938
  54.0601
    46.82
  32.7381
  35.4502
  23.8293
  45.6458
  18.3532
  35.6135
  30.0353
  26.9854
   44.968
   26.675
  3.63323
  27.9946
  38.9233
  51.0017
  13.4135
  18.7692
  5.33414
  12.4856
  28.9067
  31.4588
   49.715
  29.2202
   8.3618
  28.8616
  4.58841
  17.9162
  10.9725
  20.5283
  15.3726
  7.02404
  12.8278
  27.7043
  1.69604
  19.2989
  10.1075
  5.78895
  10.3362
  7.15421
  5.81264
  5.80784
  44.1385
  3.08631
  5.29142
  6.42146
  3.39884
  9.40164
   30.978
  19.5433
  2.60828
  1.78119
  27.6859
   44.341
  38.5214
  21.7498
  6.65113
  47.7422
  19.2106
  7.83907
  7.31397
  23.7461
  15.1165
  3.86538
  21.1011
  35.8739
  40.3061
  12.0951
  40.2397
    27.93
  22.9542
  33.0124
  36.2397
  8.72263
  23.0127
  9.68625
  3.21741
  27.6395
  23.6207
  23.0856
  47.2033
  28.4398
   27.971
  4.59379
  19.9587
  24.8486
  26.1563
  11.3313
  2.94565
  31.5686
  28.1938
  65.4603
  39.1874
  1.87106
  10.3765
  7.29147
  18.6771
  6.42068
   19.385
  14.3417
  28.5125
  32.8476
  35.0338
  30.1349
  5.62966
  1.78269
  2.43652
     38.2
  9.78203
  11.2313
  39.5959
   24.687
  30.1483
  10.4546
  32.1841
  34.1069
  2.02926
  18.6057
  12.3734
  29.6299
   37.879
   38.715
  33.6388
  32.4966
  5.08957
   11.131
  48.2733
   32.422
  19.7201
  17.9625
  19.5975
  5.42123
  22.7248
  24.5724
  3.37305
  6.68536
  9.57114
  6.15294
  35.6921
   17.757
   16.872
   51.688
  21.1585
  23.8669
  6.76876
   16.331
  7.11747
  5.47446
  18.4191
  28.2491
  3.93597
  25.9599
   6.9066
   14.575
  24.9098
  33.0324
  24.7351
  37.3682
  33.3232
  27.9936
  32.4662
  1.78669
   4.7598
  7.36084
  12.1603
  3.39122
  23.0287
  31.7069
  34.8311
   31.242
   4.8505
 0.285536
 0.778486
  1.25781
  24.8714
  11.4134
  24.0803
0.0702692
  18.1427
  7.53925
  13.9991
  2.04143
  20.4114
  39.2138
  30.0874
  27.8066
   9.1543
  40.3515
  27.1601
   32.399
  22.2264
  19.7198
  8.75426
  7.36228
  32.9571
  32.1053
  4.74935
  19.5148
  36.7902
  32.7227
  36.1754
  4.56941
  24.7498
  63.6767
  38.2423
  34.6028
   15.584
  12.2326
  12.7672
  42.8925
  16.6112
  46.5112
  27.1181
  21.9411
  7.01732
  8.81249
  8.97939
  17.1045
  3.63726
  16.3251
  10.3011
  26.9356
    33.07
  43.5936
  19.9733
  2.17186
   11.087
  24.8017
  24.2072
  20.0153
  32.8201
  15.7214
  10.4706
  2.80469
  29.9877
   26.202
  40.1469
  13.5859
  8.01453
  8.06995
  35.9692
   23.556
 0.584251
  4.08977
  2.47212
  21.2178
  8.26552
   9.1988
  23.9291
  5.96126
  19.4081
  14.9344
  40.5975
  3.64605
  3.33589
  9.42828
    5.803
  2.06928
  25.2953
  12.7504
  4.44172
   24.445
  32.1357
  5.22342
  40.3814
  43.3434
  25.0684
  28.5923
  35.2975
  2.81528
  13.4157
  10.4126
  17.8715
  5.56398
  14.6818
  19.1599
  4.15795
  37.2332
  23.9601
  11.3298
  19.2379
  33.5864
  16.5065
  50.7573
  11.5622
  14.3074
  11.7391
 0.185034
  41.1539
  15.9157
   19.863
   22.362
  22.6002
  56.7326
  21.7465
  1.50092
  1.36432
  3.33589
  49.0391
  29.9074
  7.55243
  36.3445
  12.2491
  4.01028
  22.2479
  21.0207
   9.1443
    13.74
  29.2055
  22.2763
  40.1058
   13.653
  15.2423
  29.1336
  15.5083
  30.7108
  23.1391
  13.2185
  9.81663
  28.2225
  2.72081
   8.2423
  18.6653
0.0728145
  4.75837
  1.90257
 0.758616
  9.18763
  27.5999
  23.4469
  10.0139
   34.469
  12.5677
  3.88183
  30.1706
  35.4586
  23.9577
  26.6644
  30.4058
  26.0443
  34.7951
   39.412
  35.7138
  23.1184
  29.4426
  23.2014
  12.2333
  1.57539
   22.256
  31.3743
  37.5204
  33.5986
 0.172893
  12.7409
  4.48001
  9.50275
  30.7649
  28.8831
  36.6769
  24.6474
  36.0038
  46.5033
  42.3229
  27.4401
  35.4535
  12.9476
  7.27894
  38.7372
  33.2084
  14.9014
  9.93734
  30.3448
 0.525603
  17.9404
  15.4721
  33.0625
  19.3778
  17.4385
  34.3347
  4.65227
  15.6829
  21.9428
  28.9061
  33.4305
  5.61193
  39.0307
  27.0544
  5.98881
  5.62453
  10.5194
 0.232225
  10.7549
  27.9723
   12.452
  31.8712
  34.7533
  42.6788
  16.2118
  9.71943
   15.545
  17.6647
  28.1358
  26.7865
  30.9514
  40.8729
  5.08257
  39.9399
  38.4723
  34.7746
  28.9934
  1.47944
  15.9449
 0.661731
  27.8233
   34.965
  20.0649
  47.2824
  6.96117
  14.7212
   25.726
  7.06079
  13.6203
   22.682
  23.2521
  6.95505
  7.49368
  16.3289
  37.6701
  36.9595
  29.1989
  11.7821
  9.71045
  6.12561
   22.322
  4.60647
  24.9224
  5.04965
  28.8275
 0.416453
  22.9355
  4.24021
  2.96511
     38.2
  28.5301
   14.231
  27.8233
  34.9902
  3.95557
  28.4774
  47.0069
  43.2049
  30.8905
  8.01918
   35.333
  41.1032
  7.80564
  20.2961
  31.9933
  25.1385
  6.89378
  4.51066
  4.18597
  8.20691
  4.60375
   8.5143
   22.975
  14.2468
  12.1394
   40.849
  20.4752
  20.5184
  7.06616
  29.6116
  23.2506
  18.6384
  6.38988
  18.8904
  6.51414
  10.2136
  18.8412
  37.0981
  3.02438
   16.253
  6.76195
  25.5033
  9.50234
  12.4388
  12.7673
  16.4807
  8.36758
  18.3931
  50.2436
  10.6207
   29.704
  22.2077
   11.499
  5.24977
  10.1792
  35.4447
  39.7017
  12.3083
  15.7089
  1.62488
  14.5046
  6.05973
  22.3142
  36.1565
  7.44612
  17.0584
  6.95347
  28.5074
  24.5109
  26.6966
  24.8703
  30.4564
  8.45036
  11.2982
  14.5013
  29.7714
  15.4466
   49.421
  8.26461
 0.607526
  16.6072
  50.4883
  37.3094
  43.5913
  30.8002
  21.4588
  17.4973
  4.92675
  6.17881
   15.421
  8.50657
  9.69894
  25.9848
  22.3697
  3.97283
  4.83489
  15.6762
  34.2322
  10.9082
  10.9448
   34.312
  28.0108
  17.3606
  13.7197
  10.1886
  5.04277
  6.28872
  32.0222
  29.7255
  3.05639
   45.608
  15.3381
 0.609027
  49.4543
   11.348
  13.9418
  8.48243
0.0649993
  6.55341
  14.8733
  52.1657
  14.1533
  27.5785
  6.22452
  44.7513
  51.8062
  39.9044
  19.1179
  6.45307
  25.5227
  8.10777
    7.874
   13.816
  15.6933
  12.1787
   39.934
  50.5447
  13.1093
  2.15251
  6.46212
  8.39523
  18.9671
  9.55061
  2.21828
    12.63
  10.0102
  17.5984
  3.87248
  24.8237
  15.2472
  10.0418
  6.60254
  30.0353
  9.06499
  6.44879
  17.2372
  29.9744
  46.0328
  37.2615
   5.5352
   30.334
  34.0274
  17.6605
  5.68964
   21.928
   1.0681
 0.254445
  21.8875
  3.91075
  18.8084
  50.7024
  47.3656
  9.50642
  15.2442
  30.9932
  23.8869
  7.09487
  32.7082
   19.902
  10.2832
  26.6595
  31.6263
  6.02537
  9.67569
  44.3151
  48.0595
   42.361
  18.2522
  18.6029
  17.8676
  3.63754
  18.0125
  40.3018
  10.1919
  2.28658
  13.9846
   12.512
  2.09557
  10.3169
  20.1415
  45.5002
  11.5931
  51.9808
  32.2452
  45.7969
  18.8089
  5.27036
  44.0022
  24.1511
  19.0132
  17.0779
  23.0155
  28.1688
  6.31419
  4.97116
  19.7589
  19.8481
  20.0968
  15.5561
  17.0388
  50.3955
  38.5305
  13.7564
  2.49135
   46.836
  31.1685
  33.4317
  1.65037
   1.3356
  11.0988
  29.8597
  1.71641
   5.6969
  4.05099
  10.1919
  16.6067
  3.44209
  30.7785
  48.5647
  15.8499
   8.5954
  4.11631
  28.7076
  10.9302
  25.5837
  38.8822
  10.4277
  14.3457
  6.67797
  5.69952
  26.1373
  7.30172
   48.856
   17.728
  2.23925
  6.10126
  15.6563
  23.5377
  20.6255
  43.4105
  4.93846
  19.1495
  32.8355
  14.7567
  26.2761
  4.95037
   9.6388
  7.30543
  10.8764
  34.5776
  24.2222
  17.0495
  6.25754
  16.4338
  12.4623
  31.6467
  3.45878
  17.3764
   1.2763
   45.281
  24.8185
  8.07506
     1.49
  43.6055
  2.52296
  1.03719
  3.98437
  27.6488
  36.3641
  6.30072
  1.27984
  37.7714
  40.9137
  34.1073
  11.9351
  17.2513
  41.3481
  17.5376
  8.81576
  5.70675
   10.573
   12.598
  4.39024
  18.0568
  5.35168
   17.656
  13.6764
  4.88627
  6.91759
  3.66071
   12.176
   17.946
  2.57692
  9.24927
  2.22147
  5.85804
  2.67985
  3.15622
  47.7189
  10.2948
  14.7392
  5.62906
  11.3837
  10.0173
   47.782
  12.6382
  23.2083
  24.8006
  5.03468
  11.5692
  47.0965
  46.4911
  21.2651
  30.8735
  10.5008
   17.561
  11.0207
  9.06347
  13.7588
  9.05479
 0.710109
  42.4826
  30.0431
  10.4358
  37.0189
  30.7207
  7.47827
   26.902
  5.97117
  7.71596
  27.6258
  21.8315
  18.7938
  2.61942
  29.5666
  3.80135
 0.466372
  38.3699
  4.40804
  10.9682
  44.5493
  26.5875
  29.8554
  28.1998
  39.4463
  5.75024
  30.3031
  5.13166
   5.8376
 0.242999
  36.9664
   16.589
  12.3797
  3.44655
   12.982
  16.0715
  12.8358
   17.094
  17.8991
  35.0922
  1.68359
  16.5413
  1.16015
  6.62653
  38.1937
   18.791
  6.26573
  39.6295
  5.58733
  38.2938
  13.4665
  14.5989
   2.3965
   39.944
  6.79902
  14.5756
   32.658
   38.038
  6.71324
  24.6731
  29.7414
  7.86581
  15.0173
  3.95761
   15.822
  1.88078
  2.43994
  3.11539
  16.3631
   7.5735
 0.356768
  12.6266
  9.05162
  1.61566
  16.4854
  7.70429
  6.68612
  6.44881
  8.68902
  3.97818
  21.9167
  18.8177
  13.0028
  3.82124
  7.77542
  37.9065
  31.1657
  22.9949
  22.1503
  20.6676
    23.62
    19.63
  52.3912
  39.8117
  17.1695
  21.3888
  18.6307
  5.14657
  14.5856
  2.80413
  14.5645
  8.63044
  12.8777
  1.13592
  5.11397
  31.2336
  19.0733
  57.5258
  3.94778
   26.258
  30.5292
  26.5403
  7.47345
  19.0311
  10.8773
  2.31163
  18.1332
  22.2521
  27.3208
  1.35426
   7.7773
   22.542
  3.69896
  18.7917
  22.5628
   30.442
  2.00431
 0.121772
  24.5083
  29.7655
  33.6998
  26.3501
  38.6324
   36.824
  23.0633
  39.8901
  1.06984
  11.3003
  24.5358
  27.1424
    36.51
  39.5844
  26.7153
  2.19614
  18.6862
  6.52907
  20.6005
  14.5668
  8.86964
  38.2079
   27.844
  23.7256
   58.081
  8.92627
   38.167
  7.59294
  14.7219
  15.2767
  23.9519
  26.0954
   3.3188
    11.64
  11.1101
  46.0525
  1.04213
    6.059
  39.0526
  45.9269
  11.6189
  10.8315
  16.3562
  28.3769
  5.07933
 0.364204
  11.9851
  4.19306
  16.3656
  9.96377
   6.4417
  20.3459
  9.20778
  46.5143
  17.0259
  7.04196
  38.0373
  21.6162
  8.37771
  38.0583
  32.0754
    42.21
   26.083
  12.5729
  26.1677
  38.7377
  47.2609
  18.1023
  14.0178
  13.3693
 0.352266
  30.6171
  34.6567
0.0232319
  6.05963
  8.18621
  12.0332
  5.60377
  17.1614
  34.4796
  30.8087
  13.6769
   39.786
  38.0575
  33.6231
  40.5768
  17.5539
  5.84001
  35.3747
   29.199
  5.94927
  12.8496
  8.87601
  22.7274
  3.39414
  18.8742
  23.4481
  5.17532
  5.12536
 0.425398
  22.0074
  2.46377
   15.877
  1.39558
 0.360721
  20.4297
  8.80693
  13.9701
  28.5844
  21.4637
 0.351553
  40.2584
  10.2034
  11.7682
  8.68863
  3.40645
  32.9785
  2.85124
  5.39384
  3.10282
  26.2278
  14.2625
  7.09125
  17.5954
  1.31586
   22.374
  12.0204
  20.5251
  27.2471
  17.1255
  19.5582
  49.5963
  7.75287
  21.1208
  20.8571
  29.2704
  2.81102
  7.08202
  29.7379
  35.1431
  30.3244
  15.3844
  36.6576
  37.4355
  24.1105
  11.8305
  17.0272
  10.4953
  21.7377
  13.2683
  9.54368
  2.73962
  2.06252
  13.3761
 0.155295
  12.6991
  40.9359
  20.2321
  16.6947
   8.7598
  15.0553
   2.3794
  34.9595
   12.068
  11.4422
  3.15452
  8.69423
  5.34525
   5.8004
  1.91274
  20.0065
   14.712
 0.742848
  54.6741
  10.5314
  13.7835
  2.44592
  34.7084
   7.5154
  2.34847
  6.51999
  21.2276
  47.3257
   41.725
  2.89418
  48.8572
   8.7739
  50.1736
  11.8205
  35.9666
  5.78164
  30.9122
  34.4656
  25.8422
  38.6928
   17.936
  28.0347
  42.7918
  44.1902
  27.5849
  16.6651
  13.8665
  30.5882
  22.6953
   8.0079
   11.232
  15.4965
  19.0652
  24.5543
  6.50605
  11.2226
  5.29674
  21.3207
  7.25572
  8.54329
  3.14837
  22.6426
  10.7344
  7.33486
  13.2279
  8.32811
  21.7663
  21.4182
  24.2892
  13.3936
  38.2139
  29.0568
  30.6271
  33.2549
  11.1899
  24.0752
  5.55366
  30.7221
  5.91698
  34.5734
  35.9258
  15.3918
  13.1958
  20.4406
  7.44511
  25.9739
   29.815
  22.4105
  29.2175
  27.7705
  13.0587
  5.34291
  10.8909
  13.9791
  7.41612
  2.31563
  2.03034
  4.53202
  8.15046
  8.37598
  23.3122
  13.2219
  37.2408
  5.17714
  21.6022
  35.0473
  32.7381
  13.9311
  3.85883
  29.7029
  20.0801
   22.543
  17.6401
  29.0162
  13.8151
   17.264
  21.1442
  14.1054
  13.3652
 0.359755
  26.5126
  26.2795
  34.0831
  36.2266
  1.97266
   22.682
   26.231
  16.0808
  2.21628
  37.8745
  12.1608
  30.6263
  29.7531
  5.18801
  11.5345
  19.7153
  18.2026
  16.7602
   7.9629
  3.14688
   31.321
  10.8868
  49.2282
  7.87005
  22.4256
 0.799722
  21.5321
  16.3395
  27.4815
  23.3996
   4.5804
   6.7715
  29.2135
  5.59231
  7.84204
  17.8485
  5.74652
  12.5947
  9.97286
  20.6344
  4.22167
  2.11953
  24.2277
  2.93246
  19.2332
   7.1575
  1.48405
  5.51113
  2.55607
  3.36579
  2.44854
  22.9934
  30.1999
   12.066
  11.6343
  23.1657
  22.5949
  23.6014
  15.5176
  32.1144
   1.6653
  19.2497
  25.7846
  23.3559
  33.1723
  30.4865
  39.4728
  48.0236
  31.8149
  41.1304
  29.8645
  29.7867
  32.3493
   5.6553
  20.4651
  19.1903
  19.3845
  14.2714
  9.14872
   10.238
  7.99191
  22.8601
  2.87517
  3.46073
  16.8498
  14.9732
 0.935383
  18.5025
  20.2493
  27.4021
  3.95024
  18.6862
   30.153
  19.5145
   1.9271
  5.41912
  4.51598
  23.6522
  39.9595
  31.0883
  23.5462
  5.77776
  33.4402
  29.9281
  24.1463
  36.0949
  28.9394
  21.6965
  43.3326
  25.2195
  9.56499
  28.3141
  32.3274
  16.8539
  9.71668
  5.77049
  33.2298
  40.3467
  26.5143
  24.1945
  34.7136
  1.04378
  11.5281
  20.5469
  11.0512
  47.1422
  48.3117
  46.3019
  5.43522
  16.1772
  19.5061
  25.8542
    12.98
  22.7329
  35.4059
  28.7839
   23.373
  39.2073
  32.1325
  37.5993
  35.3194
  25.9461
  36.0696
  32.5423
  25.6381
  7.03694
  33.4437
  28.8058
  27.8981
  22.4206
  34.4082
  13.0224
  23.2333
  28.2435
  13.9647
  10.3029
  10.4678
  24.0361
  29.2854
   27.402
   26.248
  7.86822
  17.2979
  5.37297
   9.2505
  5.14737
  4.05217
  8.32852
  25.5409
  16.4719
  22.9503
  21.4035
  8.42689
  24.5131
  19.3572
   8.7578
    21.45
   17.161
  33.3822
  24.5418
  41.8236
  31.9646
  12.5679
  4.81583
  4.21584
  7.69512
  3.26412
  26.9365
   17.873
  17.1765
  15.1612
  36.4969
  43.0745
   30.724
  25.2868
 0.937307
  21.0443
  19.8362
  24.8226
  38.9526
  31.4415
  23.5782
  2.91674
  15.5836
  5.70602
  14.2812
  12.3663
  17.0613
  25.2365
  27.2408
  36.0665
  37.2822
  36.1606
  3.25755
  12.4613
  21.9715
  14.7219
  4.79715
  31.4283
  28.5302
  7.94163
  24.5295
  26.4021
  27.2504
  8.81614
  23.7153
  8.62801
  23.4719
  26.7426
  22.3915
  28.5291
  34.8677
  32.9381
  30.0257
  23.7113
  13.8785
  25.0328
  16.4907
  14.3946
  8.10701
  4.51841
  12.9144
   17.062
  24.9906
  20.7287
  36.4926
  21.9255
   27.532
  23.5166
  32.4741
  28.7071
  28.7037
  14.0042
  14.0222
  29.3001
  5.22074
  18.5022
  38.6521
  42.6321
  6.19029
  27.5424
  4.87841
  2.92446
  13.8765
  12.0704
  4.95043
  36.2255
  19.1797
  3.79332
  5.68044
  30.7468
  16.6119
  10.7144
  24.4659
  19.6588
  31.4699
  18.9506
  36.7332
  34.5134
  29.9032
  47.2851
   38.964
  34.1585
  2.45629
  7.51076
  8.19206
  7.69432
  10.4382
  2.20381
  49.4878
  13.7877
  46.9376
  46.1763
   36.511
  31.9743
  43.2827
  41.5084
   35.783
   11.211
  27.0487
  19.8564
  8.80628
  24.1263
  41.6061
  36.6345
  31.9906
  33.1159
  44.7681
   34.675
   42.667
  24.7493
  47.2816
  43.7482
  37.1182
  37.3909
  29.5605
  6.82596
  33.3054
  27.0936
 0.146341
   13.172
   49.034
  35.5121
  25.4276
  15.8575
  14.7531
  19.6693
  1.55978
  6.87433
  15.4016
     2.68
  16.5417
  16.2468
  2.41585
  10.6893
  14.3864
  33.3822
  59.6827
  34.7555
  24.0229
  8.55201
  30.6637
  9.69061
  31.6791
  25.3081
  47.1464
   39.359
  34.8849
  3.40374
  11.5692
  9.22635
  15.4654
  10.2346
 0.704721
  31.3481
  39.2651
  39.1327
  13.1205
  21.5348
  35.9276
  33.2953
  32.6127
  32.6515
  26.5181
  42.7417
  16.8267
  4.73477
  13.7536
  30.0804
  18.1368
  39.6723
  50.0741
  7.04496
  34.7752
   48.806
  16.5962
  38.9893
  38.7944
  23.1881
  44.5146
  10.5202
    11.49
 0.838609
   7.7739
  24.5103
  45.3335
  9.57767
  14.8025
  7.44735
  3.27944
  47.3635
  22.7307
  34.8169
  26.8028
  1.25013
  27.7927
  10.2416
  20.6342
  29.4391
  39.0274
  35.0955
  40.1513
  27.8468
  19.4919
  23.5967
  38.6074
  24.4852
  26.0525
  49.8418
  18.6006
  27.9142
  43.2341
  46.9249
   11.674
  23.2299
  18.7416
  13.2994
  26.6409
  43.1935
  43.2374
   23.329
  5.61767
  32.5977
  20.3458
  1.57155
  2.01212
  3.99519
  9.24079
  49.7946
  1.22812
   7.5554
  4.02697
  12.5999
  12.9812
  10.1949
  21.2161
  29.7086
  29.6581
  19.6754
   15.801
  7.63709
  40.4126
  11.1115
  12.5021
  30.3833
  25.5909
  33.0159
  7.63518
  2.67944
  24.5281
  6.87873
  14.2197
  12.4222
  6.30327
  15.3945
  12.2855
  39.9683
  27.3767
  2.20753
  24.5904
  36.1861
   20.494
  18.2442
  26.7557
    45.76
  1.36987
  26.9618
  36.2245
    36.18
  41.4659
  30.4253
  17.1226
  15.4538
  14.2086
  27.2266
  19.0945
  2.81294
  7.53123
  41.0189
  12.2833
 0.666351
  43.6876
  27.2017
  26.6949
  28.0718
  3.66111
  6.45255
  2.41952
  18.7976
  11.0572
  32.9912
  18.1908
  14.3003
    35.01
  8.83074
  8.40234
  10.1745
  20.5117
  3.62006
  10.2162
  6.36919
  20.5745
  21.7265
  9.77259
  5.18605
  11.9844
  9.03786
  6.70785
 0.368953
  24.9133
  9.74183
  9.66912
  26.6949
  25.0137
  10.1077
    24.87
  24.5131
  12.7589
  11.3849
  24.7886
  6.03545
  22.7287
  11.4333
  18.7491
   15.866
  40.0132
  10.1172