   71.834
   52.615
   56.157
  61.0278
  37.7642
  40.0706
  76.3248
  33.0243
  44.8205
  52.1731
   59.631
  57.3178
  63.9392
  66.6288
  62.3255
  24.4708
  46.8019
  62.2836
  27.7279
  69.3466
  61.5302
  42.6337
  24.1841
  5.95739
  5.31873
  30.8031
  5.70199
  2.93799
  36.5729
  9.31596
  14.9071
  70.5797
  19.2892
  30.2697
  1.11756
  15.5842
  17.4437
   19.977
  13.4979
  20.3385
  21.8349
  24.7055
 0.144651
  63.0334
  37.2596
  5.31914
  9.33287
   25.872
  52.5921
 0.037507
  18.2371
  7.27438
  9.41412
  17.7294
  12.4104
  10.8298
0.0357054
  2.91663
  36.5466
  30.2947
  30.7279
  11.0984
  32.9486
  46.0866
  53.3643
  25.8026
   30.939
   56.225
  15.5503
  12.0918
  54.4964
  36.5884
  37.4884
  55.1714
  24.6358
  27.5085
  10.9068
  32.8051
  9.00337
   18.697
   42.325
  11.8664
  25.2408
  17.3556
  10.4482
  60.0451
  59.7901
  50.6682
  10.0238
  16.0926
  7.60871
  8.38854
  2.56798
  23.1342
   54.707
  56.4201
  51.5599
  50.3543
  31.0676
  56.2411
  2.42203
  37.2662
  48.1868
  45.8238
  31.7725
   37.519
  48.4924
  54.1469
  11.8901
  15.5877
  11.7421
  35.6938
  33.6203
  36.9159
  38.9188
   38.183
  48.5878
  7.37429
  2.69148
  3.16618
  3.46724
  47.5969
  50.6066
  63.6965
  20.4367
  6.62795
   22.089
  5.17034
  1.16106
  36.1692
  14.8006
  12.0755
  4.88405
  36.3301
  6.57183
  11.4636
  13.8418
   48.713
  17.6866
  24.6802
  23.0896
  54.8825
  32.7336
 0.617138
  19.6263
  12.9007
  58.1592
  41.4561
  47.1126
  11.8629
  2.16137
  39.7919
  9.46608
 0.425056
  23.6251
  31.6892
  21.9403
  41.4804
  22.4895
  11.1394
  2.84415
   9.0089
  8.60088
  7.46795
  12.9622
 0.780691
  11.1517
  18.2103
  20.5904
  13.8327
  20.2796
  60.8878
  59.3689
  38.8682
  32.4204
  11.7414
  15.1655
  38.1149
  38.3654
  49.5598
  50.1203
  27.5829
  12.1219
  14.0178
  4.70083
   59.781
  44.3533
  50.4456
  43.2852
  44.5323
  45.1844
  34.6075
  18.2564
  47.8753
   34.157
  23.7803
  22.4945
 0.428729
  5.48604
  2.45542
  41.3562
  7.97072
  5.06873
    47.51
  5.96609
  2.75408
  6.12852
  42.9917
  10.6944
  12.7811
  63.0787
  15.6307
  2.85977
  7.44631
   11.999
  12.8983
  5.39215
  12.2056
  40.9628
  1.51445
  23.2006
  11.9993
  34.2094
  33.9052
  14.9722
  11.0587
  36.2479
  48.5021
  17.7939
  7.34631
  28.4382
  1.14049
  24.9691
  23.2119
  29.3733
  4.62486
  45.6881
  23.6365
  48.5019
  5.71499
  12.9353
  25.5844
  42.6065
  33.8135
  60.6339
  4.97467
  0.74168
  4.82127
  6.20301
  26.8423
  28.9491
  27.3398
  38.6533
  48.2951
   50.509
  28.5624
 0.540394
  7.28507
  50.1203
  38.0185
  12.0133
  35.6512
  17.3951
  8.11278
  4.72499
  34.1151
  46.1432
  65.0582
  40.7113
  5.60264
  17.2142
   33.629
  24.4951
  21.8546
  9.66421
  24.8334
  25.1082
  13.0292
  12.0193
  26.1685
  9.97161
  13.0242
  19.9443
   8.1449
  43.3002
  1.51719
  19.1481
  13.4593
  8.88003
  6.92138
  23.5657
  29.4501
  42.3544
  35.7255
  23.0995
  26.7279
  7.14237
  61.7643
  15.2703
  1.32285
  33.8606
  2.44696
  22.3524
  24.6876
  16.8872
  19.9034
   7.9735
  16.6154
  26.2991
  29.5669
  22.6797
  11.6636
 0.934546
  60.2861
  37.6317
  10.7917
  64.0847
  50.0293
  3.06889
  29.1171
   27.179
  21.3083
  8.62634
  13.9575
  21.9263
   23.279
  7.72777
  0.65504
  1.59272
   11.907
  29.9917
     24.3
   14.679
  14.7835
  25.7548
  50.6915
  44.3215
  52.6152
  8.16276
   41.502
  30.6354
  34.6771
  14.0738
  12.1268
  39.3225
  12.2077
   37.423
  28.5537
  2.23476
  9.52061
  22.1182
  40.2381
  2.23923
  29.9924
  38.8828
 0.374614
  44.8114
  45.0166
  42.7238
  35.9758
  14.5054
  3.55454
  24.7777
  16.5524
  16.3218
  24.4306
  10.3788
  11.4091
   18.344
  19.4578
  43.1513
   10.154
  14.1358
  13.3712
   15.818
   2.9018
  41.0484
  1.56001
  29.3177
  23.6757
  56.2061
  25.5562
  15.2007
   11.011
   10.799
  8.10618
  43.3545
  12.0401
  14.8268
  34.1863
  39.3758
   29.339
  13.2674
  20.1064
  29.4017
  20.5701
  12.7772
  39.5758
  10.4129
  26.1196
    36.69
  34.6101
  54.1738
  5.02835
  15.8703
  15.0846
  25.4221
  51.2193
  12.2306
  7.28953
  14.9561
  48.5714
  57.7774
  20.5303
  17.4246
  63.0623
  7.08933
  2.99946
  9.74866
  26.7159
  26.9909
  4.49219
  25.4564
  34.6108
  10.2926
  10.7294
  12.2096
  3.13372
  13.7325
   2.4626
  15.5558
  17.9645
  43.3632
   35.584
   25.076
 0.149986
  26.3299
   16.912
  23.3772
  31.2273
  24.7324
  13.0508
  41.2998
  17.8003
  0.53943
  26.6627
  30.1879
  16.2541
  10.2917
  25.1564
  39.9739
  53.4814
  26.7471
  8.28447
  24.5503
  11.6878
  24.2685
    62.25
  24.7891
  24.1139
  12.7507
  10.6075
   53.245
  11.7337
  28.9618
  8.45175
  33.7818
  59.4483
  39.5608
  31.6379
  11.0734
  39.2847
    20.93
  6.00523
  41.1823
  14.3553
  25.0206
  34.5984
  7.17696
  23.9128
  38.4979
  16.5933
  6.96857
  73.4448
  56.8326
  43.3255
  25.9395
  3.58668
  16.6084
  28.3367
  27.0642
  19.9305
  22.2473
 0.142713
  12.5916
  11.2628
  17.1277
  12.3398
 0.804535
 0.670027
  7.84171
  4.39257
  3.90271
  9.35383
    8.972
  12.7196
  62.8677
  26.3255
  31.4333
  7.20351
  10.8115
  21.9466
  25.6124
  2.18717
  8.50407
  8.61209
  33.5371
  4.44574
  1.28531
   30.522
 0.508807
  57.0267
   49.544
  5.28322
  2.39258
  5.06697
   6.0663
  54.8941
  44.8181
  46.1201
  2.80704
  7.73209
  8.01756
  24.6192
  20.8657
  9.80528
  17.4891
  24.4009
  4.76181
  4.79492
  31.0972
   3.1473
  35.4646
  33.2925
  28.9731
  20.7368
  12.4197
  4.83129
  10.6937
  12.4625
  20.9619
  24.8505
  5.98281
  19.7815
   18.477
   18.477
  12.2188
  5.92273
  38.2698
  2.50947
  36.4135
  2.70079
  47.0424
  4.60954
  14.7341
  17.2524
  55.7027
   54.948
  50.0857
  7.64585
  11.9065
  19.0883
  16.7539
  8.43041
  33.7658
  29.2374
  73.2926
  1.64033
  15.8325
  2.51145
  22.8917
  12.0626
  17.4998
  23.7835
  4.50494
  1.13883
  8.23654
  11.0282
  18.4534
   24.892
  4.66766
  25.9238
  2.34776
  13.8421
  14.9977
  27.6613
  24.7544
   20.522
  27.4139
  24.8789
  25.5075
  23.8274
  2.59876
  1.47636
  4.83714
  29.3314
  26.0433
  8.48374
  9.93921
0.0443475
  55.9251
  29.7654
   19.781
  18.6369
  4.75113
  6.60528
  18.8074
   20.884
  15.3393
  7.70662
    24.11
  7.14747
  20.5027
  4.29873
  9.77134
  54.6387
  19.2901
  6.26665
   1.7096
  15.1114
  33.4412
  26.3308
  11.8855
  20.5738
  0.58033
  5.61758
   15.441
  10.8721
  13.7222
  4.05947
  27.4742
  62.5857
  24.9338
   13.126
0.0061201
  8.88674
  16.5875
  15.8446
  39.2114
  41.1003
  34.5413
  39.5503
  2.78722
   25.903
  8.25018
  2.71031
  8.28404
  7.42928
  27.0233
  22.9428
  13.4234
  30.7249
  6.38611
  40.3657
  23.9644
  7.87763
  5.84239
  9.49501
  8.24762
  2.21198
  9.18668
  22.4221
  29.3596
 0.516795
  3.69516
  9.67254
  17.1557
  41.2697
  25.3156
  10.2147
  9.16619
  12.0167
  6.31502
  5.20402
  28.3021
  2.61265
  9.42687
  51.2463
  5.22755
  35.1209
  28.3369
  26.2322
  36.3666
  28.7261
  33.0525
 0.582353
  22.4958
  2.29544
 0.700299
  43.5334
  6.19222
  8.21538
   15.908
  8.18109
  16.4328
   21.378
  50.1119
  43.9639
  19.8106
  8.19638
  4.42308
  2.05701
  1.57026
 0.550437
  5.98207
  18.5106
  58.0559
  2.48626
 0.551767
  10.2882
  7.06824
  11.6583
 0.193092
    13.73
  22.8107
  29.6939
  18.4067
  11.0065
  13.6914
  10.5681
  20.9419
   7.2617
   9.7816
  27.0048
  19.8363
  2.42661
  11.8674
  11.7351
  4.88997
  13.1612
  3.26647
  32.3478
  11.6445
  7.90212
  9.68555
  46.4453
  14.8556
  3.09446
  15.2813
  40.1392
  31.8011
  27.3527
  11.1294
  10.0888
  20.2604
  44.1425
  5.23025
  3.23114
  1.85713
  12.1489
  11.7404
  21.4664
  38.3119
  14.0008
  7.33178
  37.8084
  11.4104
  11.7077
  28.6931
  16.4139
  34.6128
  37.0474
  34.7862
  15.8538
  49.7526
  44.6109
  43.9499
  14.1959
  12.0022
  41.4378
  5.06022
  5.71088
   3.4453
   0.7499
  9.67344
  12.1589
  5.83203
  7.30215
  1.71382
  16.2737
  13.0629
 0.681537
  2.30531
  5.03511
  8.14652
  11.8027
  16.9487
  16.1236
  22.3138
  63.4715
  7.86405
  16.1236
  9.41385
  35.5505
  29.6111
  9.50459
  11.6907
  18.1913
  1.28448
   11.624
  4.79271
  2.45565
  15.4475
   6.5822
  10.7498
  12.5101
   16.469