56.3141
58.5734
37.0921
 31.664
54.9723
59.1177
74.0603
34.3504
23.9021
39.6421
28.9857
36.7838
72.1042
58.0848
26.2615
61.3223
60.6334
 42.188
77.0564
63.1783
13.4348
48.1419
40.6469
43.5759
50.8792
 45.164
56.0229
48.5515
88.5026
 27.294
25.4108
2.08403
43.3954
56.6322
42.4748
42.2072
 49.775
 78.991
43.2954
 54.921
61.8681
41.3031
15.4075
 47.711
58.3481
13.5648
58.6221
42.4647
42.6405
88.8616
36.0414
35.2257
63.3901
 54.921
 57.016
58.6735
19.0677
83.6016
72.1039
 15.919
54.8814
88.2347
35.2255
49.5187
45.9086
44.1297
 57.795
52.9896
20.8599
53.3606
54.8508
81.7751
88.8082
84.5731
61.9757