48.5544
45.7779
41.9097
33.8472
31.7975
28.8558
14.5636
23.4478
49.3197
45.3396
30.9795
53.2814
27.3038
33.6296
61.1434
63.0446
45.4067
32.5978
33.6499
47.6353
45.2344
15.0502
4.69699
49.1017
 26.175
 42.636
50.7256
52.4826
 79.524
 35.037
 46.245
 47.099
55.7822
73.5343
54.2291
31.9571
77.0848
42.7735
70.0207
75.6317
51.0263
45.0571
63.1215
58.0859
50.4836
13.0307
42.8849
 45.883
40.8766
62.7736
 61.143
27.9713
53.6443
63.3259
26.3529
27.3133
40.5604
37.5903
39.7308
30.3483
49.9895
58.0859
59.8524
23.4487
43.0974
26.3692
 45.883
42.6408
61.1431
63.1482
37.1026
37.8702
56.5479
 54.797
65.9501
29.7673
 27.798
22.2287
44.0341
49.1018
48.0807