 44.0425
 1.23347
 13.4025
 3.50152
 25.0562
 9.18108
 7.16809
 4.45181
0.869114
 5.66936
 4.33136
 3.68779
 8.11617
 37.8533
 8.17447
 7.92279
 18.5573
 16.5407
 7.42856
 17.7209
  3.9334
 2.95517
 3.48602
 10.1573
 12.2655
 14.8717
 7.32358
 30.0331
 81.1734
 92.9169
 99.2259
 101.344
 80.5199
 29.2877
 47.1729
 76.2083
 73.1145
 81.4724
 84.0213
 9.10136
 8.27752
 7.21619
 13.6966
 5.66364
 17.7197
 13.1649
 8.11618
 5.14327
 17.5048
 16.0857
 18.5855
 15.0419
 5.38497
 6.63786
 4.84449
 8.10087
 5.58868
 8.11351
 3.64987
 5.97596
0.310826
 36.0548
 7.89804
0.359342
 1.55706
 10.2321
 26.7573
 23.0868
 23.4532
 8.05354
 5.67162
 8.50274
 8.16199
 19.1605
 7.31387
 5.29719
 10.4055
 12.1498
 4.39687
0.320627
 8.44066
  3.5992
 2.27677
0.528587
 53.6306
 72.5604
 36.7432
 36.8285
  33.208
 23.6459
 42.2107
 72.5496
 115.783
 107.824
 40.4011
  38.734
 38.7656
 64.2571
 75.8647
 7.24785
 4.90946
 19.3306
 3.39237
 23.7585
 72.5725
 62.2533
 16.1495
 15.4825
 10.7001
 15.1051
 10.5127
 14.6777
 11.8133
0.544204
 106.372
 113.785
 38.6029
  42.129
 98.0464
 29.5444
 101.594
 82.7183
 16.9269
 7.97954
 15.1313
 20.2506
 6.23564
 6.65729
  1.7113
 1.52864
 8.51963
 1.45749
  5.5345
 2.07429
 7.89042
 6.44274
 9.09697
 7.59769
 6.54204
 6.91747
 4.97133
 4.40812
  29.882
 5.66659
 5.05494
 7.91736
 5.06037
 5.16408
 9.07915
 7.60673
 3.96629
 33.8824
 27.7566
  43.059
 16.8806
 1.72572
 4.85733
 4.25566
 4.77969
 5.21271
 1.49123
 3.59526
  10.521
  17.849
 16.7897
0.736115
 9.57414
 17.6035
 69.0866
 51.2024
 48.1407
 63.9765
 43.7215
 39.8574
 3.92385
 22.9416
 108.334
 83.8632
 92.4059
 90.2598
 29.7495
 101.759
 28.5304
 33.8763
 11.0818
 1.32411
 11.4341
 11.9933
 7.94281
 37.8204
 7.85722
 6.69069
 17.2248
 14.5818
 8.57381
 13.5667
 5.11017
0.739439
0.858201
 4.95615
 3.53044
 47.6051
 26.8611
 11.6776
 19.0435
 16.0196
 1.16232
 22.3093
 26.2153
 14.4075
 13.1402
 1.10108
 32.2828
 1.94259
 8.75059
 13.0372
 5.33148
0.845777
 1.41475
 6.50889
 14.9365
 12.0763
 12.2553
 59.6043
 39.8347
 48.9457
 33.6244
  33.075
 29.4522
 91.3988
 91.9383
 98.2783
 111.146
 42.3828
 45.2573
 47.5959
 66.7643
 3.45325
 6.06928
  6.5527
 16.3954
   60.44
 60.3046
  5.6419
 36.3117
 30.9515
 33.5575
0.998104
 10.8901
 16.8854
0.456253
0.976441
  1.9608
 19.8227
 26.0677
 29.2526
 22.1239
 18.6351
  7.6768
 5.77807
  7.1312
0.698359
 9.62727
 11.9275
 15.2536
 27.6451
 32.1111
 100.131
 98.3001
  83.914
 82.0017
 49.3014
 82.3751
 50.9912
  39.732
 31.0557
 24.6348
 16.3818
 1.19081
 58.3506
   63.55
 65.4339
 52.1336
 74.3922
 68.5398
  52.462
 82.8661
 9.14732
 62.0705
  56.484
 17.4564
 14.1299
 12.4864
 15.7278
 5.94048
 6.62637
 20.5015
   24.65
 5.40714
 64.6526
 61.4949
 39.9817
 10.9136
 19.5138
 75.6712
 1.40477
 20.4017
 55.3709
 77.9049
 74.8978
 34.2444
 103.328
 37.3233
  12.175
  39.946
 58.6393
 45.7881
 9.63068
  8.7538
 52.9541
  49.646
  11.456
 3.60152
  19.219
 2.33018
 1.98979
 17.9555
 45.5738
 74.8098
 18.4238
 51.8607
0.260455
  48.647
 33.5566
  5.7491
 7.18048
 31.3505
 6.35909
 9.24398
 48.9904
 60.7168
 18.2243
 20.4587
 29.6397
 44.6649
 4.15175
 10.3842
 70.6963
 51.1498
 58.6766
 61.3584
 69.8756
 66.2866
 4.68646
  14.328
 32.7598
 6.13996
  28.494
 67.2631
 53.9689
 4.49341
0.642465
 26.2109
 13.7932
  9.9305
 11.8071
 14.9354
  60.975
 30.3887
 11.1151
 6.90519
 28.6766
 28.7108
 1.00535
 2.96325
 31.0068
 16.8768
 63.1714
 50.7051
 86.0678
 76.1507
 53.0594
 54.3295
 47.7117
 8.25498
 14.0564
 7.99015
 37.0762
 28.8751
 44.7528
 77.2086
 64.1257
 76.3651
 72.1459
 65.6474
 9.10884
 10.6963
 28.9054
 2.96262
  75.086
 64.6368
 51.7889
 8.91084
 3.80575
  58.011
 26.2532
  25.643
 72.1349
 74.5359
 88.7686
 58.4775
 53.9901
 61.5053
 71.5212
 69.9428
 30.0679
 2.54842
 60.6623
 81.5382
 13.9294
 22.9482
 26.9614
 42.5427
 62.5432
 66.8161
 61.9113
      62
 54.5078
 18.1917
  19.666
  25.678
  13.135
  75.537
 64.7211
  61.305
 54.8924
 16.7129
 46.8852
 48.0472
  11.149
 78.4729
 7.22344
 70.3277
 76.2275
 8.09033
 13.3693
 82.5758
 46.9351
 30.0171
 37.7439
 3.94248
 75.2184
 66.2565
 15.2023
 6.58324
 0.34677
 11.0783
 60.8004
 58.6127
 61.0542
 57.0141
 63.8533
 8.61708
 13.6526
 76.7047
 56.1473
 54.9299
  30.533
 54.5699
 63.3955
  74.707
 62.2487
 45.5157
 10.4565
 59.7004
 51.2777
 68.7639
 53.3172
 75.2772
 78.6214
 50.7949
 31.4709
 48.2189
 72.0511
 9.79971
 13.1155
 51.5447
 48.9672
 57.0603
 75.9206
 26.4724
0.649213
 22.3836
 91.0721
 7.42777
  4.7903
 30.8562
 82.9092
 43.3378
 40.3764
 31.9753
 41.8518
 44.4513
 28.8417
 5.69623
 12.8792
 64.4371
 4.18214
  37.275
 58.5064
 24.3257
 9.61672
 3.33601
 24.0754
 65.4957
 50.6927
 60.1513
 29.9076
 59.4495
 71.5256
 65.8408
 79.0523
 68.4667
 63.6414
 94.8415
 63.4756
 1.25282
 7.20318
 56.9573
 48.6474
 52.5671
 69.6543
 33.3642
 45.3352
 56.7657
 73.1384
 32.6263
 24.5155
 1.41859
 23.7584
 2.17794
 3.74591
 11.1682
  24.115
 75.9365
 48.6121
 23.8404
 15.5781
 12.5711
 54.8314
 9.78181
 38.4385
 16.0371
 22.1692
 44.7725
 12.3373
 29.1239
 41.3517
 53.5033
 49.4133
 60.1877
  47.089
 18.4501
 49.1599
 4.07289
 61.6552
 36.4356
 51.0701
 5.22048
 45.9157
 42.5097
 72.8846
 4.96812
   11.17
 2.16695
 55.7248
 14.3204
 11.9642
 51.7653
 53.1552
 36.7013
 52.7168
 59.1822
 50.0329
 25.2166
 48.1769
 13.0441
 66.0074
 56.5455
 56.3753
 9.12999
 12.2026
 44.7318
 18.0879
  28.252
 41.6258
  73.779
 53.4958
  18.602
 49.1347
  9.6986
 47.2981
 25.1552
 54.1842
 45.2589
 8.25724
 37.5239
   50.24
 30.0626
 28.5423
  29.082
 52.0891
 55.1701
 5.27433
 5.01997
 26.4451
 51.7526
 29.4344
 29.7462
  49.838
 31.9564
 12.8877
 1.03597
 3.46968
 42.8073
 106.694
 87.4836
 52.1637
 40.1676
 40.0528
 24.0871
 43.6469
 18.7983
  48.191
 59.7654
 34.6164
 52.7928
   64.87
 40.4372
  27.314
 25.9796
 38.2027
 40.5993
 18.5863
 52.0869
 103.033
 6.90954
 59.8831
 63.2516
 63.6568
 44.1202
 48.6422
  38.236
 37.3204
 2.93231
 7.72179
 38.6296
 8.98915
 40.3475
 54.5981
 56.9955
 42.5153
 45.2524
 4.10959
 3.25692
 58.3425
  70.519
  22.923
 52.0399
 34.7124
 49.9048
 34.3053
 4.90873
 38.1315
 44.0771
 42.9289
 3.41162
  1.4158
 13.3681
 18.1235
 42.4352
 4.25667
  15.131
 57.2963
0.894396
 14.8625
 12.0892
 3.48184
 50.7381
 40.9899
 65.6756
 1.64192
 64.7552
 5.96277
 4.43708
 29.1993
  5.7987
 7.33563
 2.20264
 27.3251
 25.0801
  5.8944
 44.1432
 1.04957
 54.3241
 41.4022
 48.5271
 28.9507
 49.1435
 53.5674
 71.0519
 49.0688
 49.7849
 29.3415
 21.1491
 18.4792
 7.92452
 26.3538
 42.3409
 23.9185
 42.3884
 51.2836
 38.7542
 14.6483
 13.4844
 15.6586
 56.2053
0.690397
 8.35613
 16.5329
 2.52761
 11.0205
 35.5755
 32.0924
 15.8272
 4.26077
 35.8256
 70.0703
 31.8827
 8.57267
 68.8895
 4.04861
 15.0298
 6.53351
 2.05885
 46.3453
 5.51393
 43.4929
 7.78155