6.14833
9.37047
12.4226
13.3537
13.5504
14.1491
14.7641
14.8331
14.9281
14.9283
15.2727
15.4457
15.9672
16.0346
16.9848
17.7426
18.3989
18.5695
18.5808
20.0269
20.8413
20.8538
21.0509
21.0956
22.5062
22.6988
22.7026
23.3566
23.3707
23.8746
24.0973
24.2077
24.2352
24.3299
24.5945
24.9138
24.9579
25.6452
25.8463
26.0635
26.2177
26.6209
27.0347
27.0437
28.5399
28.6362
29.7249
30.3816
30.7097
31.2147
31.5685
32.6309
32.8994
32.9807
34.1951
34.9732
35.2754
38.2376
38.3329
38.3718
38.7974
41.6687
42.4616
42.7001
43.2388
44.4613
45.5928
47.8507
49.6323
50.0944
50.4555
51.0286
52.1744
54.0697
 55.483
57.9319
58.2441
59.4714
59.6609
 62.288
63.7077
63.8548
65.8745
72.8486
75.6424
79.2715
82.2442
82.5056
88.4396
 89.325