0.799655
0.925141
 1.94028
 2.25144
 3.89249
 5.30248
 6.20432
 6.79194
  7.7417
 8.19442
 9.04855
 10.0974
 11.0698
 11.3771
 11.4937
 11.6693
  12.071
 12.2931
 12.4523
 12.9549
 13.2438
 13.4815
 13.5332
  14.163
 14.4082
 14.9016
 15.4052
 15.4794
  16.886
 17.0342
 17.4853
 18.2656
 18.5414
 18.9057
 19.0129
 19.1406
 19.3711
 19.5836
 19.6088
 19.6969
 19.7565
 20.5136
 20.5743
  20.618
 20.6213
 20.9092
 21.1542
 21.7008
 21.7108
 21.7525
 22.1827
 22.2158
 22.3936
 22.4698
 22.6085
      23
  23.106
 23.5347
 23.5727
 23.7611
 23.9546
 24.1716
 24.2745
 24.2933
 24.3196
 24.5268
 24.7317
 24.7361
 24.7784
 25.2862
 25.4029
 25.4048
  25.552
 25.5815
 25.8074
 26.0543
 26.4029
 26.7293
 26.7476
 27.1418
 27.4486
 27.8348
 27.8636
 27.9509
  28.719
 28.8231
 28.8284
 29.0892
 29.0996
 29.1571
  29.221
  29.368
 29.6213
 29.7937
 29.9584
 30.0633
 30.2956
 30.3166
 30.3337
 30.9259
 31.2105
 31.3653
 31.6133
 31.7388
 31.8167
 31.9027
 32.0726
 32.3221
 32.4741
 32.4857
 32.9312
  32.997
 32.9988
 33.2432
 33.4261
  33.462
 33.5766
 33.8548
 34.1627
 34.6536
 34.7183
 34.7974
 34.8396
 34.9878
 35.0625
 35.1093
 35.3433
 35.5042
 35.6931
 35.7313
 35.8912
 35.8934
 36.0385
 36.3141
 36.5806
 36.6322
 36.8719
 36.9885
 36.9954
 37.0469
 37.1789
 37.4764
 38.2719
 38.3237
 38.4867
 38.5855
  38.898
 39.7583
 39.9234
 40.0622
 40.0692
 40.4232
 41.0354
 41.2608
 41.8064
 42.5345
 42.5811
 43.0304
 43.5658
 43.7967
 43.8787
 43.8897
 44.3802
 44.8179
 45.0689
 45.2832
 45.5056
  45.614
 45.6432
 46.0765
 46.8821
 46.9566
 47.0653
 47.2114
 47.2388
 47.2691
 47.3636
   47.39
 47.4066
 47.4908
 47.9417
 47.9454
 48.1099
 48.1205
 48.4296
 48.6596
 48.7801
 49.0039
 49.7769
 49.7843
 49.8746
 50.1948
 50.2504
 50.3154
 50.6189
 50.7005
 51.0598
 51.2656
 51.3102
 51.4861
 51.6173
 51.7814
 52.2108
 52.3887
 52.4272
 53.0156
 53.4733
 54.0376
 54.0538
 54.4388
 54.8915
  55.062
 55.2429
 55.2717
 55.3592
 55.4648
 55.5228
 55.7725
 56.1713
  56.327
 56.4103
 56.5793
 56.6455
 57.0447
 57.3555
 57.3919
 57.4663
 57.5516
 57.6983
 58.3264
 58.4155
 58.4896
 58.5347
 58.9032
 58.9374
 59.1308
 59.4612
 59.4639
 59.4735
 60.1073
 60.1135
 60.4896
 60.6726
 60.7683
 61.4802
 61.8974
   61.91
 62.0245
 62.3656
 62.4573
 62.4608
 62.6299
 62.6365
 63.5108
  63.615
 63.6905
 64.1894
 64.5664
 64.9323
 65.6774
 65.9741
 66.4047
 69.1409
 69.9069
 71.1834
 71.2533
 71.3084
 71.3481
 71.7942
 72.3499
  73.239
 73.3215
  74.754
 74.8783
 74.9505
 75.4557
 76.1211
 76.9922
  77.128
 78.3963
 79.3836
 80.0718
 84.4114
 84.4798
 85.4773
 86.8343
 87.8694
 89.7704