1.37671
1.58548
  1.695
2.43132
3.17103
3.38177
3.67451
4.37668
4.50284
5.71502
5.82945
 6.3232
6.37948
 6.5404
6.71318
7.25627
8.47816
9.11212
9.25935
9.35309
9.49231
9.80733
10.2827
10.5313
10.7292
11.1514
11.4102
11.8123
 12.141
12.2491
12.6966
13.0583
13.5865
13.7353
13.7478
14.1372
14.1452
 14.417
14.5179
14.5301
14.7408
14.9769
15.4764
15.6373
 15.771
15.9276
16.1172
16.1333
16.2467
16.3291
16.6664
16.8163
17.1525
 17.156
18.0805
18.5034
18.5377
18.7013
 18.729
 18.938
19.2295
  19.63
 19.652
19.9796
 20.635
20.7588
 20.786
20.8207
20.9077
21.0446
21.2999
21.7035
21.8082
22.1521
22.2274
 22.306
22.3199
22.8811
23.3543
23.4204
23.7793
23.8026
23.8046
23.9596
24.2786
24.6198
24.6561
24.6899
24.7403
24.9524
25.0758
25.0799
 25.186
25.7602
25.8409
26.2961
26.3857
 26.498
26.8964
27.0875
27.4788
27.8267
 28.078
28.4486
28.4616
  28.62
28.6675
28.7011
29.1551
29.4579
29.7346
29.9764
30.2943
30.5917
30.6624
31.0301
31.4615
31.5593
31.8982
31.9149
32.4183
32.5427
32.7418
33.0057
33.1368
33.2757
33.4325
33.8436
33.8545
33.9327
34.0082
34.3298
34.3988
34.5593
34.7277
34.8402
35.0689
 35.084
35.4379
35.6514
35.6712
35.8292
36.0375
36.1576
36.1952
36.2151
37.2479
37.2879
37.2956
38.6486
38.9451
 39.006
39.1354
39.2243
39.2571
39.4908
39.5538
39.8899
 40.131
40.6346
40.7131
40.7208
40.8836
41.5868
41.6579
41.7162
 41.753
41.9541
42.2108
42.3282
42.3398
42.3657
42.4029
42.4148
42.5007
42.5075
42.5209
42.9619
43.0873
43.2735
43.3478
43.5881
43.8277
43.9247
44.9673
45.0778
45.2168
45.3707
45.4654
 45.478
 45.708
45.8029
46.1555
 46.917
48.4989
49.1891
49.8215
50.0537
50.9226
51.7515
51.8053
52.2184
52.4766
52.6735
 52.945
53.0561
53.8103
53.8904
55.3548
55.6299
55.8588
57.1689
57.1794
57.2729
57.5919
58.0143
58.1652
59.8167
59.9273
60.2692
 60.334
60.4595
60.5109
62.8165
63.0661
63.1599
63.3027
63.9077
65.2545
 65.258
65.4087
65.4721
66.4836
67.6739
69.0972
69.5733
70.5506
70.8825
71.1799
71.1861
71.9606
73.1543
74.8984
74.9248
77.1143
78.2976
78.6327
 79.263
80.9128
 81.978
88.4417
  89.98