  13.9942
  1.61865
  2.18607
  4.19396
  5.89954
  9.97832
   2.4979
  25.0701
  9.02336
  4.21938
  6.07146
  2.87753
  8.64814
  5.49985
   2.8005
  2.23742
  16.9118
  25.2687
  4.46517
  5.16984
  1.36071
  2.27722
  22.0788
   3.7531
  2.67913
  22.4944
  24.9244
  15.9334
  19.7718
  55.2308
  24.2334
  38.0421
  21.3912
 0.125881
  4.70508
 0.755469
  1.63782
  4.21361
  1.48554
  1.79512
  17.3257
  34.4473
  7.87628
  1.55625
  9.36791
  1.00506
   1.9705
  24.2378
  27.3531
  8.16701
  1.52095
  6.24321
  7.17808
   10.966
  21.2375
  5.05661
  2.49736
  6.33031
 0.593595
  5.45401
  8.71992
  7.48143
 0.192506
  1.24018
  1.78907
  2.30084
  4.46983
  4.29519
    1.896
 0.274097
  7.31847
   7.1789
  29.7252
  25.7617
  23.1474
  17.2435
  6.84507
   7.0897
   4.0726
  8.25697
   7.4909
  3.05502
  1.58221
  3.59894
  8.47686
 0.663512
  6.81348
  2.38192
  1.68673
  8.91051
  0.88851
  6.34019
  8.12201
  2.06033
  16.9054
  47.1475
   20.545
   21.225
  17.1215
  3.46243
  9.26806
  22.2572
  5.48032
  30.1882
  2.10556
  6.96598
  18.5527
  1.31675
  10.4511
  5.00586
   4.5151
  18.8299
  11.6146
  25.2347
  30.3202
  27.4422
  4.86854
  1.24553
  30.8664
  6.85224
  9.07242
  2.43742
 0.442502
  1.61872
  5.14928
  1.93095
   11.118
  7.24881
  4.72502
   8.5266
  5.76919
  13.9686
  26.1929
  9.63904
  17.8232
  10.2222
  3.34874
  22.6892
  13.6035
  4.98903
  28.5534
  13.7043
  7.65249
  2.33384
  1.32107
  32.2239
  25.0275
  5.91374
  8.19957
   6.2505
  5.00832
  6.58051
  0.41894
  2.41434
  25.4938
  8.16383
  9.48955
  19.7036
  11.0048
  8.91609
  10.8609
  13.2112
  8.06493
  5.79466
  12.1269
   10.653
  4.76578
  17.4854
  4.18049
   9.0279
   16.543
  1.35561
  4.34205
  11.3678
   5.2712
  11.0651
  5.21183
  15.5495
 0.943821
  5.63314
  1.39959
  2.48439
    4.784
  4.74735
  1.63752
  5.74507
  15.4553
  9.91272
  2.73974
  8.61379
  7.63029
  1.24146
  2.33958
  20.6831
  14.8374
  52.8469
  3.07342
  6.00237
  25.5506
  8.00688
  16.8708
  6.14867
  13.9803
  24.8113
   11.155
  17.7035
  1.44891
  2.25933
  12.8933
  2.25556
   4.6801
   16.866
  7.24416
  1.86806
   13.022
  27.2395
  23.6573
  5.85895
  4.47134
  3.31258
  1.03274
  4.24052
  1.18887
  1.17209
  4.28719
  1.73972
 0.237276
  5.29578
  5.36643
  7.44544
  5.90536
  5.02002
  12.0948
   8.0739
  8.69835
  5.92952
   27.763
  25.4974
  5.15052
  3.52986
 0.291794
  1.48375
  10.8356
   14.826
  2.01641
  35.0858
  33.3313
  5.41985
  4.61046
 0.580671
  1.01488
   9.0824
  7.22102
  6.86277
  20.4363
  29.8565
0.0343905
  1.03639
  5.51715
  3.02014
   1.3401
 0.768679
  2.33023
  26.9453
  25.8265
  12.2976
 0.131599
  5.75342
  16.1612
  13.1637
 0.178492
  12.7332
  5.12169
 0.600204
  48.4422
  7.75697
  3.01014
  4.89017
  7.97043
  1.93536
  4.74036
  23.5555
  2.91697
  1.96271
  17.3768
  7.38668
  13.0343
 0.290858
 0.549534
  2.25948
  4.26143
  20.8314
  31.5384
  5.56441
  4.54671
  1.83105
   0.6698
  9.14051
  1.93046
  3.26636
  3.78903
  23.1731
  35.3961
  1.70719
   20.946
  7.60446
  1.60277
  2.22823
  4.91799
  8.40445
  8.56628
  7.55811
  9.32344
 0.362635
  3.44059
  8.34813
  1.16898
  2.09209
  16.3404
  39.2012
  21.2416
 0.782613
  4.97283
   18.411
  2.41476
  53.7156
  5.64847
  4.04792
  35.2557
  9.26496
  8.84798
  1.37281
  7.21213
  2.51519
  12.1622
  7.24623
  15.4906
  35.8581
  31.1037
  2.54807
  7.18716
  3.61057
  12.5497
  26.4834
   13.145
  1.08763
  3.68894
  22.2978
  8.66365
  10.3676
  5.58141
  4.04953
  23.4092
  23.4662
0.0812175
  9.45708
  30.1782
 0.262307
 0.876931
  9.29974
  4.30538
  8.68128
  5.90634
  3.31105
   5.5586
  13.4474
  20.1414
  12.1391
  1.84155
  3.84491
  8.86572
  27.1223
  5.88156
  5.72069
 0.953565
 0.939638
  15.8395
  8.33803
  15.5257
  29.8778
   10.621
  11.0023
 0.362068
  11.9599
 0.679182
  1.50163
  6.72193
  12.6165
  23.8162
  1.51102
  6.16682
  5.51014
  6.43156
  2.83908
  4.52482
  2.57033
  1.47623
  3.42419
  2.70352
   3.3494
  3.49416
  9.27396
  4.47897
  9.03854
  6.49279
  12.4497
  11.6178
  9.67952
  18.6514
 0.822895
  2.08925
  2.48114
  32.5919
  2.87197
  2.41842
  5.42538
  6.64552
  1.93459
  4.67691
  9.08716
   19.903
  4.82934
  5.62324
  2.79742
  2.30626
  6.02047
  6.99589
  13.9564
  2.22601
  7.73932
  7.35925
  29.5991
   30.079
  2.39182
   5.6816
  16.9245
  4.80999
  2.45043
   13.372
  2.18133
  10.9939
  3.55694
  15.4943
 0.460436
  6.28487
  3.06695
  28.5049
  8.24084
  11.2891
  14.3554
  5.38562
  1.14909
  7.77319
  1.38383
  14.4613
  26.8016
  2.05289
  11.8681
  3.51894
  10.7727
  9.02887
  7.34565
  23.1875
  23.5304
  12.8539
   7.0418
  6.91184
  11.1961
  8.87797
  3.13351
   5.6228
  15.0587
  15.2266
  12.1047
  4.25469
  5.15217
  4.56069
  7.12991
  27.0145
 0.326616
  8.93121
  5.71234
  2.80691
  5.69784
 0.301883
 0.719919
  12.0754
   14.672
  2.60435
  1.96488
  6.47701
  10.7092
  1.14629
  8.64238
  21.6149
  13.5895
   1.1592
   1.5849
  21.6258
  4.32886
 0.971207
  4.10989
  1.75132
  8.47021
  17.3328
   1.8479
  5.23999
  18.8709
  28.0659
  12.0762
  21.7514
 0.586624
  6.27805
  8.15878
  6.20715
  24.6409
  12.6422
  1.21243
    32.84
  2.90478
  2.62544
  37.5138
   25.114
  1.20105
  6.89301
  10.3049
  7.26273
   2.2058
 0.160191
 0.743756
  8.17845
  10.6997
  9.62364
   28.515
  2.33696
  12.6883
  13.3429
 0.420202
  7.44813
    33.01
  9.99903
  8.84489
  2.44764
  9.82171
  20.9546
   20.625
  2.65461
 0.736934
  4.08733
   2.5583
  8.23073
  1.27392
  12.2914
  3.26976
  12.1791
  12.2742
  10.0809
  13.7662
  3.35608
  20.1376
  4.18516
  4.98778
  5.90398
  12.2256
  8.20738
  5.03746
  9.01595
  3.23637
  3.29494
  4.67343
  1.32495
  3.23445
  1.99565
  6.02217
  3.98401
  4.60284
  6.84481
  5.84436
  1.22815
  2.24776
   9.1224
  14.4259
  3.14532
  7.70062
  6.90711
 0.276811
   18.911
  25.1679
  28.4949
  6.01736
  6.01205
  4.64497
  1.39641
  9.13304
   1.7943
  5.61472
  6.18221
  7.69461
 0.317525
  26.9655
  3.96538
  34.1802
  28.0504
   3.9071
  5.46097
  3.02907
  6.09235
  2.17715
  5.81514
   8.9307
  32.9139
  7.66507
  7.19338
  4.55702
  9.38735
  7.86271
   2.5718
  6.93009
  23.6063
  28.2557
  4.18437
  12.0968
  2.60721
  1.18806
  7.46161
   11.789
  30.1389
  7.60238
  7.66281
 0.646361
  12.8352
  17.4497
  3.36361
  25.3087
  5.22212
  10.6612
  23.9565
   20.098
  1.56776
  7.03643
  2.74394
  9.56117
  4.05365
  9.57808
  19.9571
  45.3459
 0.412626
  2.23006
  7.83502
  24.9799
  8.11027
  19.0476
  2.52316
  3.38673
   10.893
  17.1891
  3.27626
  10.9035
  2.19831
  4.70176
  19.5659
   12.912
  14.4014
  4.94287
  2.65461
  12.9215
  7.29318
  11.0804
  8.35012
  12.6011
  14.2346
  3.69379
  6.18358
  13.1308
  4.89414
  16.1906
  16.1266
  9.30899
  5.63578
  13.8715
  21.4028
  1.58578
 0.252675
  8.04702
 0.707612
  6.51893
  2.17833
  1.31362
  16.4954
  14.6215
  13.7166
  1.84102
  15.9894
   10.891
   10.829
  6.56275
 0.976886
  13.7553
  16.8184
  22.9618
  8.00399
  10.2263
  12.3068
  8.56685
  2.20503
   32.204
  17.6013
  1.41987
   3.5452
  4.44752
  1.47438
  14.8054
  3.59949
   32.204
 0.441034
  9.57303
  2.71358
  5.58081
  6.87613
  13.4587
  15.6848
 0.978429
  10.1532
  1.93821
  12.6008
 0.268529
  16.2277
  15.0463
  6.34721
  7.86335
  4.42555
  12.6587
  6.50032
  7.70973
  13.0625
  7.90218
  16.2109
  4.59019
  34.7381
  36.6899
  6.09999
   1.9773
  13.7043
  15.9708
 0.052412
  3.01154
  7.96252
  1.67356
  1.80497
  17.1578
   2.0651
 0.692751
  12.9325
  6.72645
  15.4899
  11.2489
  13.2551
  27.6514
  44.9577
   37.279
  1.23844
 0.514139
  1.99443
     6.83
  32.5932
   2.6817
  12.2569
  7.92142
   5.0702
  7.17327
  17.3375
  11.8549
 0.813887
  30.3921
  17.3667
  54.6895
  28.9568
  14.6936
  7.70269
  1.46082
  18.5019
  34.5593
  21.6476
  8.99096
  30.0719
  17.0195
  17.6237
  1.88445
    4.974
   3.8891
  25.5556
  21.0819
   19.874
   5.3941
  34.2628
  16.5334
  1.18652
   4.5526
  1.17281
  20.0353
  4.60367
  3.97459
  5.72016
  11.8301
  5.60531
  12.9664
  3.03052
  9.93003
  9.83983
  6.03716
 0.638573
  10.0665
  31.9473
  24.7816
  25.7689
  14.0385
  4.59065
   42.387
  47.1374
  12.3109
  12.9877
  29.3253
  3.79799
  1.45098
  4.71551
   3.5022
  7.62853
  7.49516
  7.88098
  30.7889
  17.7482
  8.94554
  3.23011
  8.75377
 0.633372
  28.7287
  1.20494
  4.66665
  31.4552
   4.1073
  10.2737
  7.06696
  19.6624
  37.3644
  3.46795
   3.3659
 0.886831
  20.4216
  4.84716
  6.02857
   6.9235
  12.0393
  2.50111
  14.2069
  14.1525
  50.0618
  8.96859
  12.9519
  9.85076
  6.06393
  4.97842
  41.3109
 0.471076
  16.2884
  4.63041
  5.58973
  26.4178
 0.298173
  6.91344
  6.73671
  8.00616
  21.7284
  6.69107
 0.953815
  4.51066
  24.2991
  47.1637
  7.60585
  6.90475
  23.8882
  1.34591
  4.23146
   6.4261
  34.6365
   19.671
  1.19967
   2.5071
  8.68019
  1.01201
  33.1952
  4.83827
 0.680196
   17.034
  5.00308
  8.82123
  10.5283
  12.0953
  1.17024
  39.1609
  39.2158
  34.2481
  5.18264
 0.676237
  25.7009
  24.1807
  25.4734
  11.6148
  19.0476
  34.4958
   41.021
  1.34231
  13.1128
  9.04285
  18.5123
  26.8567
  8.27423
  4.52525
  38.6337
  7.84647
  29.4233
  18.4765
  38.2448
   12.943
  25.8756
  2.93296
 0.718736
   28.645
   50.151
  37.0081
  9.07729
  3.96162
  9.04639
  3.56883
  30.6144
  20.6438
  4.42768
  3.69673
   7.7474
  5.66614
  5.93018
  4.92879
 0.503655
  1.68759
  2.12117
   12.022
  6.69753
  9.10065
  3.70754
  2.96858
  24.2214
  7.43072
  18.5781
  26.2042
  35.6603
  4.32047
  6.39145
  7.30281
  50.2328
  24.5281
  2.73831
  19.5155
  32.8192
   16.957
  6.49648
  6.12516
  7.72783
  7.27173
  17.3401
  23.3783
  22.4596
  8.41211
  8.33586
  5.70472
  8.83547
  4.81863
 0.427528
   1.7662
  13.7468
  18.9078
  31.7886
  15.7909
  9.57331
  9.89519
  2.46835
  1.21692
  10.5765
 0.230936
  3.13849
  4.61047
   1.2709
   10.338
   2.9816
  22.5402
   19.815
  13.9754
  1.92395
  20.5098
  15.9837
  3.07577
  4.46803
  1.25767
  1.19967
  7.61537
    1.606
  10.4813
   11.293
   24.604
  10.5203
  2.45974
0.0112453
  19.0128
  2.53855
  7.32587
  1.56393
 0.528305
  1.26661
  12.7742
  4.38848
  24.8786
  3.40957
  9.10011
  11.2339
   11.223
  4.45589
  29.4091
   8.3441
  3.44837
  37.2601
  38.7192
  44.5412
  28.8542
  2.48904
  15.8658
  8.84351
  35.5589
  6.61594
  3.35344
   7.9012
  23.4644
  9.22152
  6.06597
  2.61686
  1.42472
  3.19723
  1.32594
  9.13103
  8.65888
  19.4578
  25.3516
  24.3593
  41.4567
  17.4595
  17.9535
  26.4902
  5.29296
  55.8335
  33.3629
  14.6826
  3.48146
  1.48614
  34.1524
  20.0506
  10.1659
  1.91398
  25.8123
  2.28426
  31.7083
  15.1295
  45.1687
  8.73185
  9.47053
  1.51279
   4.2659
  11.0348
  13.7324
  18.7614
  37.7988
  41.8218
  48.4598
  14.5538
  5.74538
  28.0791
   8.1121
  27.5625
  4.09459
  6.28562
  2.55469
  7.88588
  5.49349
  5.71103
  24.8285
  2.04334
  32.0516
  11.5393
  2.88564
  5.94627
  3.53027
  5.20782
  11.8742
  17.9531
  23.9795
  37.5509
    43.71
  3.70781
  38.5711
  18.5126
  30.9553
  32.5885
  0.17859
   1.4151
  43.2974
  42.7634
  15.6464
  27.1772
  35.1103
  2.63797
  20.6229
  8.55787
  2.50076
  4.91954
  2.59639
  25.4711
  2.88647
  8.85589
   28.824
  39.6972
   24.792
  5.82579
  36.1027
    35.83
  48.2508
  6.98335
 0.459372
  11.3267
  21.9214
  8.44862
  28.6088
  25.4873
  38.8219
   28.939
  2.19979
   9.8831
  12.0567
  16.3817
  15.9045
  1.05352
  19.0856
  7.51829
  3.71163
  1.98123
 0.601177
  38.6964
  1.95994
  1.54164
  40.2503
  38.3966
  18.2511
  22.4568
  19.1622
  9.15106
  23.0619
  22.4182
  9.41593
  9.08674
  19.0118
  21.6941
  11.1077
  5.72243
  23.9183
  1.10403
  30.6153
    30.06
  11.9143
  3.69732
  7.05429
  32.3871
  35.4048
  18.7229
  9.02555
   32.315
  21.5982
  1.39547
  7.18657
  40.3932
   8.2561
  16.7358
  16.6863
  1.92902
  37.4765
  35.0562
   8.3207
  13.5743
  1.84287
  10.5565
  39.8202
  31.5518
  2.19979
   35.823
 0.805377
  1.34101
  3.04829
  15.1733
  22.1908
   6.0106
  41.3163
   14.038
  29.3487
   5.2836
  9.40402
  3.11569
   6.3571
 0.197179
  14.7643
  25.0096
  6.27428
  1.34958
  1.10049
  17.4287
  8.78486
  4.87134
   35.641
  25.0612
  8.68837
  4.97488
  14.7404
  21.6611
  6.81316
  14.8813
   31.292
  7.00784
   10.347
  14.4399
  24.4311
  14.8462
  42.8053
  42.3698
  19.3483
  29.6622
  11.0594
  16.0139
  19.1934
  7.85746
  34.9342
  10.9658
  3.63032
  19.5156
  51.2772
   51.182
  1.04966
  2.01338
   2.1809
  35.6308
  24.5969
  45.7026
  1.22892
   26.882
  29.9245
  23.9795
  25.0655
  1.87865
  13.4199
  14.9972
  7.07903
 0.456768
  5.59827
   3.0882
  7.35517
  19.5212
   13.133
   4.2613
   8.6218
  48.6616
  13.2878
  2.78597
  35.1052
  21.5319
    7.366
  1.74861
  1.85118
  27.6209
  12.4107
  28.9597
  25.6061
  7.84771
  23.9239
  25.3381
  11.7726
  7.86998
  2.33784
  6.96329
  20.3236
  17.2003
  19.7893
  2.21038
  6.10172
  4.77165
  7.67454
  2.97998
  23.9045
  6.70589
  20.8992
  38.0798
  3.16877
  24.2814
  22.5656
  14.1477
  14.5934
 0.532857
  1.16767
  3.25211
  8.47565
 0.516205
  23.2838
  23.7036
  32.4688
  15.3712
  7.99128
  3.89806
   20.693
  7.29482
  8.20273
    25.07
  12.9472
  31.9291
   38.181
  29.6204
  19.1814
  1.88005
  7.21588
  39.6026
  16.7804
  10.2572
  15.9478
  4.88207
  2.93155
  14.0635
  2.84135
  4.84015
 0.584742
  2.75294
  22.1457
  20.2455
  2.26394
  5.92218
  13.9258
  25.4141
  12.1712
  43.2587
  43.2553
  42.2592
  43.6876
  25.2522
  20.4595
  10.5177
  31.8636
 0.805245