 24.4217
 20.1558
 32.8281
 10.9462
 24.8532
 24.4561
0.125478
 5.21252
 1.62756
 5.28121
 26.2543
 20.8922
 22.4771
 27.2723
 25.9872
 17.2307
 30.7369
 6.47503
 4.83429
 27.6053
 30.4008
 31.9941
 29.5079
 28.6183
 31.3894
 30.6708
 3.52013
 7.88428
 13.2538
 14.1881
 32.7499
 34.2128
 31.7602
 34.2364
 38.0693
 41.8272
 34.0256
 33.3782
 43.3041
 41.4728
 26.1254
 15.6866
 27.5741
 19.9717
 14.7906
 26.1629
  19.031
 30.7862
 31.5601
 28.7611
 22.5091
 27.4947
 14.7545
 55.4347
 69.2018
 42.3657
 40.6121
   82.54
 20.8379
 23.4732
 14.3904
 23.7905
 11.4492
 18.0667
 57.8335
 59.0512
 65.1668
 64.1248
 31.6567
 39.2248
 35.0762
  29.493
  39.726
 41.9872
 43.2418
 39.6802
 15.2198
  11.768
 37.1741
 41.0268
0.205547
  7.1478
 1.51087
 3.54377
 25.8177
 3.47628
 2.96112
 8.02319
 13.0063
 1.54522
 11.4245
 6.34396
 8.68313
 37.5878
 55.5181
 32.8094
 27.0705
 28.3519
  20.268
 26.5203
 5.80769
 14.3496
 4.63549
 7.75766
 30.4296
 29.2781
 22.6342
 23.6711
 17.9896
 22.1966
 13.4137
 6.02111
 6.08563
 8.59684
 29.9403
 9.21117
 25.1019
 20.6864
 19.9665
 24.0113
 12.0708
 27.1147
 10.7266
 6.05706
0.197338
0.558648
 5.77034
 1.22758
 4.45035
 10.9953
 0.97784
 10.0969
 1.49521
0.599336
 2.31224
 1.92753
 4.58019
 5.72536
 6.41403
 5.91831
 11.2269
 5.84309
 12.4099
 18.2426
 21.2131
  37.402
 14.6716
 27.4999
 10.9379
 4.73833
 11.5702
   14.61
 16.7213
 4.55865
 8.08269
 5.53862
0.874742
 12.4955
0.898587
  1.1551
0.717633
 59.9381
  68.381
 27.3017
 29.1123
 21.6062
 22.3303
 30.1462
 27.8055
 27.0459
 34.1511
 46.2667
 27.7144
 19.5734
 13.7046
 24.5026
  34.785
 26.7454
 27.8391
 17.2498
 16.2587
 31.8474
 27.5443
 69.5955
 72.5734
 19.3989
 25.7602
 21.5619
 28.9353
 31.7201
  52.384
  59.451
  10.901
 4.47023
 7.44897
 2.32737
 18.8874
 54.9763
 57.0456
 19.3248
 25.5961
 18.4634
0.252752
 9.97406
 57.7024
 50.7554
 9.23284
   32.06
 34.0362
 39.4326
  41.239
 13.7519
 20.6822
 30.8426
 18.6707
 21.4403
 22.6663
0.292079
 14.3205
 5.80769
 9.68368
 24.6342
 30.9448
 33.7549
 30.4113
 33.4931
 38.3094
 29.0697
 25.4835
 25.4089
 21.9298
 23.9808
 19.9911
 2.38713
 6.22879
 24.5796
 16.9319
 30.3391
  27.207
 53.4843
 55.8717
 22.7024
 30.7517
 71.1586
   20.88
 13.6025
 14.3029
 15.2632
 22.6973
 63.4184
 61.2084
 43.8935
 22.3034
 21.1825
 34.2507
  28.046
 27.0899
 29.7585
 34.3323
 6.71655
0.330481
 1.52417
 5.21348
 1.00941
 8.42031
 10.0547
 6.06568
 1.84885
 27.1073
 15.9081
 24.2985
 31.0369
  13.147
  7.0813
 6.41299
 7.32906
0.640845
  1.3768
 7.80567
 30.7294
 27.0396
 18.3438
 29.2158
 15.3125
 21.1904
 36.2381
 22.3131
 17.1614
 15.5215
 21.0547
  1.8033
 7.64658
 23.0248
0.560105
 4.52375
 5.45029
 3.68259
 4.88195
 3.27281
  12.499
 16.3701
 23.8226
 5.22704
 13.0207
 22.4267
 1.21891
 9.30126
 2.57408
 18.9499
 23.2842
 6.75782
 23.0879
 13.3026
 9.58427
 28.6193
 28.5808
 6.88793
 10.5813
 15.7083
  30.908
 23.5944
 19.1903
0.507703
 14.1568
 8.99156
 1.03566
 5.27181
 11.7918
 4.72917
  28.703
 2.51779
 16.2705
 13.5868
 9.22823
  37.174
  38.244
 40.1907
 37.7418
 22.5598
  29.503
 36.4031
 25.9828
 34.9908
 34.8678
 32.4302
 54.9029
 26.8834
 25.9659
 32.2241
  29.534
 19.6073
 28.2583
 1.89833
 35.5173
 25.3455
  50.256
 73.1583
 30.0045
 26.3033
 25.3677
  12.274
 18.5033
 20.8729
  6.1467
 45.9918
 22.9056
 18.5769
 63.6693
 13.5373
 19.8305
 17.0723
 18.3012
 46.0706
  5.9516
 6.45124
 26.0711
 24.6845
0.303955
 3.54102
 36.4324
 49.8228
 9.42877
0.562136
 29.7574
 26.9356
 18.5552
 11.9392
  15.262
 29.3152
 31.1996
 19.8639
 34.2457
 20.7543
 20.8815
 10.8576
 23.6352
 23.3836
 15.6599
  7.4254
 40.9547
 44.0442
 3.85523
 7.08133
 3.12323
  14.477
 4.08118
 12.2093
 9.41492
 15.4425
 7.19222
 21.9491
 22.6225
 19.9792
 23.9317
  9.9054
 12.0586
 11.9773
  22.095
 22.2569
 17.6053
 10.9239
 19.6724
0.547082
 4.57308
 1.24668
 9.07852
  2.8534
  4.6936
 2.55135
0.386209
 10.2086
 23.1412
 12.8408
 1.69878
 8.95031
 14.9899
 46.1051
 27.5796
 12.6735
 21.8922
 32.3603
 16.9072
 1.69307
 6.37209
 7.50987
 33.3121
 18.1318
 26.1621
 16.4552
 3.26249
 5.48065
 6.07308
 5.42232
 7.25396
0.334894
 3.55885
  1.0416
 1.96757
 14.8525
 38.2735
 21.0092
 39.8853
 27.4914
 43.5914
 29.0692
 34.9275
 38.9027
 46.7129
  24.328
 29.1188
  25.663
  31.809
 12.0272
 21.1523
 14.6273
 25.1476
 86.5652
  60.525
 23.8744
 12.8095
 23.2251
 21.5913
 19.0919
 30.0045
 34.7877
  75.597
0.247135
 30.6393
 30.9522
 10.3118
 46.1266
 27.9775
 10.6912
 22.5006
 4.98925
 7.81961
0.423228
 3.03447
 5.50245
 31.3921
 25.1747
 62.9483
 49.9129
 21.5574
 26.1139
 2.36293
 1.66813
 1.44977
 29.5508
 29.0841
 17.5246
 12.3569
 14.4881
 9.86741
 6.78574
 5.20534
 31.6523
  31.093
 28.6656
 18.1694
 21.7205
0.760311
 1.01821
 1.89405
 3.27865
 1.01237
  4.0633
 19.2442
 7.99567
   19.31
 6.35766
 20.3681
 3.14088
 14.9361
 15.4423
 4.75969
 8.85917
 30.1466
 23.4201
 18.5124
 6.75516
 12.1322
 11.4308
0.252873
0.944274
 3.39328
 5.48065
 2.53703
 22.2092
 16.9491
 0.58537
 5.07471
 12.1924
 20.0932
 14.2356
 36.3826
 13.9046
0.781222
 30.2022
 32.1723
 26.2034
 41.2251
 21.6128
 17.2636
 11.6691
 19.0487
 51.0744
 60.6127
  22.557
 19.5534
 14.7597
 15.6503
 19.0781
 89.8579
 65.6978
 32.2165
 77.0029
 21.0203
  43.592
  35.236
 27.8494
 23.8555
  1.4028
  26.771
 2.43487
 1.36686
 24.7841
 23.8594
 9.38588
 14.9767
 26.5706
 6.68706
 7.53095
 8.65707
 11.3938
  60.639
 36.6609
 50.1898
 58.8061
 1.38628
 23.7404
 37.5537
 35.0136
 1.26107
0.985698
 53.6111
 50.9254
 45.7335
 13.9887
 16.1623
 48.0055
 26.6358
 40.1196
 58.4604
  40.673
 31.1509
 66.5326
 53.8376
 44.9437
 48.8643
 17.1525
 41.8324
 38.4402
 54.2399
 70.3598
 39.9181
 9.87346
0.192242
 3.86262
 30.4841
 41.4316
  9.5299
 51.2696
  4.4199
 90.3014
0.964543
 17.6647
 60.3199
 46.4473
 53.4894
 24.4388
 53.4772
 49.8378
 16.1312
 32.7388
 65.0148
 46.7502
 39.8609
 46.2353
 30.7273
 46.7066
 63.5174
 37.7832
 26.6991
 8.25631
 50.3588
  38.641
 66.2898
 45.5205
0.033267
 29.1648
 63.9573
 69.5857
  49.363
 30.3814
 52.6638
 16.1516
 8.88257
 59.9841
 60.4683
 56.5173
 40.6467
 28.9519
 26.7635
 18.3947
 60.8777
 53.5638
 73.7645
 23.6461
 65.4816
 63.1188
 58.7898
 1.15306
 6.96954
 2.20652
 1.87859
 36.7874
  52.564
 58.7196
 40.0507
 7.91666
 35.3929
 52.7337
 53.1847
  48.644
 4.65823
 6.10656
 7.34203
 8.89122
 29.3328
 23.6794
 20.0319
 22.3592
 7.92348
 2.17215
 61.4007
 55.1885
 10.3682
 43.8596
 58.8567
 31.0901
 6.52984
  32.937
 51.2818
 7.97757
 14.9166
 47.4103
 6.15518
 85.5319
 34.3997
 87.7754
 47.8732
 4.93619
 54.5484
 28.3018
 47.4747
 53.0876
 79.4167
 34.4214
 53.2978
 21.6339
  44.649
 32.5836
 6.69777
 53.1335
 53.0738
 35.8158
 5.48238
 54.3733
 25.4015
 47.7175
 23.5342
 1.12703
 3.63165
 28.8584
 11.5592
 7.57064
  6.1127
 66.7077
 7.86489
 14.1183
 15.8584
 36.1013
 29.1641
 48.6939
 69.1758
 28.1373
 7.32444
 54.0368
 6.03804
   31.45
 53.7056
 22.3213
 52.5048
 37.9739
 16.0214
 17.6386
 21.8387
 19.1793
 34.7963
 7.91666
 21.2608
 21.1089
 24.0524
  77.501
 32.8723
 30.1475
  2.0152
 8.07327
0.217118
 2.25541
 92.8205
 23.4597
 92.8205
      25
 14.0522
 12.4821
 2.78424
 18.3167
 22.2834
 10.8041
 43.4464
  48.739
 42.7609
 46.9179
 23.9611
 3.36521
 11.0439
 37.5554
 34.6865
 22.3455
 8.09128
 16.5192
 58.4976
 35.7557
 8.14329
 12.5511
 10.1345
0.558546
 8.41156
 30.6263
 46.5302
 29.6318
 20.3624
 26.2653
 52.1383
 19.3225
 14.2892
 3.91125
 17.4891
    39.7
 12.3895
 23.3117
 20.4129
 54.5283
 25.9319
 34.9902
  27.867
 63.4062
 71.0417
0.226937
 1.73376
 9.88452
 71.1522
 88.9276
 92.0691
 52.5885
 25.8044
 19.7954
 43.7675
  42.712
 65.6225
 49.5476
 45.1362
 54.1561
 82.4789
 32.8725
 2.01961
 2.68854
 8.47292
 30.0506
 69.6898
 65.1676
 2.53783
 43.5388
 35.4079
 48.3978
 59.0741
   21.53
 21.9535
  43.646
 19.3116
 21.8322
 43.0812
 29.5146
 24.4812
 46.0318
 14.0329
 23.1058
  2.5016
 43.8766
 4.61161
  31.361
 15.1084
 27.7968
 8.50873
 7.27809
 18.9573
 5.82369
 7.54001
 21.4251
 1.02847
 25.2746
   25.43
 40.6439
 25.4825
 52.7699
 13.7258
 15.8847
 37.7935
  23.983
 11.0536
 27.9899
 29.5779
 13.2598
 25.5493
 17.8441
 21.1658
 24.8261
 14.8612
 25.9351
 6.43524
 24.8367
 27.9932
 58.6134
 56.4452
 25.4264
 3.15145
  12.297
 13.0735
 65.5927
 17.2053
 15.6401
 60.8811
 33.0995
 18.8125
 44.3111
 63.2164
 8.02917
 22.8619
 4.49309
 29.7926
 3.16204
 5.19745
 17.1465
 17.4211
   28.25
 7.49343
 13.6109
 25.4867
 32.8232
 64.5429
 45.7331
 19.1396
 51.0554
  51.255
 76.4431
 33.5533
 31.8733
 11.4198
 48.2242
 66.1275
 56.4503
 58.3615
  64.541
 12.3851
 10.6496
 28.4655
 24.0294
 32.2113
 30.4746
 26.2925
 35.9314
 40.0336
 28.0034
 67.5407
 66.7838
 56.6491
  30.115
 21.3904
 19.9663
 26.4523
 42.5416
 24.5468
 58.2413
 25.9979
 23.1965
 35.9678
 52.5424
 24.6306
 19.9283
 65.8032
 47.1916
 47.9232
 43.1641
 15.9963
 57.7606
 29.4396
 56.4703
  14.769
 19.8778
 38.6454
 9.84789
 69.3036
 22.3079
 38.5544
  49.828
 55.9462
 37.8657
  42.503
  24.908
 31.1956
 33.8122
 58.7897
 76.7048
  34.626
 22.4963
 32.5954
 38.2596
 49.8846
 22.7486
 1.65356
 8.19879
 8.09067
 21.5906
 56.2889
 23.1696
 55.8997
 31.1393
  6.7092
 2.69788
 16.3178
 17.8335
 35.1488
 30.8355
 15.0396
 31.1132
 47.1779
 27.6644
 28.0103
 22.5503
 55.7371
 44.4705
 51.6995
 62.3395
 55.9685
 65.8225
 3.46601
 6.53176
 21.4128
 45.4684
 55.1024
 78.8807
 80.9174
  33.019
 42.5649
 39.4549
 25.7785
 15.7093
 4.21343
 57.0058
 38.7078
 40.5515
 43.3956
 88.6182
 22.9868
 51.0554
 66.3465
 3.32485
 5.30065
 24.3323
 49.7495
 31.7108
 16.2808
 31.8086
 60.2428
 23.2078
 28.4566
  25.608
 35.7211
   34.58
  61.836
 13.7468
0.532185
 12.4274
 2.56238
  18.868
 1.76741
 4.39324
 11.4084
 5.14448
 14.4672
 6.68471
 16.9439
 25.7987
 10.8167
  29.657
 34.6674
 62.8238
 70.5796
 8.01497
  19.539
 50.9722
 21.2272
 19.4179
 8.36657
 73.9822
 10.3595
  16.963
0.847011
 4.32464
 29.9503
 8.18893
 12.4644
 1.95838
 35.8522
 83.5511
 51.0758
 47.1617
 48.8639
 25.6034
 53.1856
 9.92493
 29.2741
 21.4509
 12.3448
 26.5226
 88.7562
 6.41656
 15.4753
 20.2578
 27.9902
0.232578
 21.1702
0.382131
 11.6791
 27.5144
  11.128
 9.17183
 7.87375
 39.8892
 25.9104
 0.88962
  3.5132
 33.6654
 32.1258
 33.6204
 25.8124
 14.5391
  1.3139
 11.5793
  3.5147
 12.8855
 22.7292
 2.14841
 3.93698
 12.4801
 10.4594
 6.01547
 4.30011
0.873381
 2.46637
 8.16332
 14.4515
 21.2855
 22.0366
 18.1264
 5.32777
 13.3857
 11.1622
 4.41412
 21.2265
 12.0546
 38.5159
 5.37602
 17.2216
 2.00649
 2.01052
 13.8174
 9.52633
 12.2048
 7.00597
 24.3654
  8.2827
 14.2148
 18.4451
 25.5326
 31.4982
 8.01497
 31.4415
 44.1807
 6.92922
 13.6369
 21.3383
  28.625
 18.5608
 11.2335
 4.38595
 19.9535
 24.6123
 8.17572
  9.1719
 20.4964
  17.416
 21.1441
 30.3139
   1.849
 6.14151
 19.1694
 64.9649