  5.46575
  8.19541
  3.44053
  4.17943
  25.7061
  26.1104
  5.32295
  15.8066
  6.98285
  8.84226
  24.8285
  38.3784
  41.0811
  21.9681
    25.18
  5.53713
  5.19841
  22.7619
  24.6682
  14.6982
  25.5225
    27.29
  17.3593
  20.8093
  24.5625
   24.775
  39.3889
  41.0667
  39.6756
  33.0049
  2.54847
  4.31853
  8.09711
  4.03403
  4.84032
  10.5401
  6.17525
  1.05467
 0.554483
  6.76158
  2.29318
  10.0899
  4.16241
  9.03341
  3.12961
   3.4755
  28.7182
  28.1718
  25.1859
  25.4581
  25.8509
  6.09219
  11.9171
  10.1983
  10.4513
  10.7359
  3.96081
    4.146
  14.4569
  21.5981
  7.85429
   1.0781
  5.33128
   1.8133
  1.82505
  4.71317
  4.92163
  2.22029
  13.2556
  8.73058
  6.16161
  9.62344
  7.39462
  7.02801
  10.5418
  12.8651
  12.8923
  37.9532
  36.3464
  41.5341
  34.9855
   40.057
  24.2539
   26.578
  13.5136
  17.9338
   10.188
  4.78868
  19.2183
  26.9224
  17.9431
  23.5908
  25.0227
  18.9011
  6.93924
  11.7471
  8.99434
  17.3378
   27.894
  28.8271
  29.5843
  27.4814
  33.7044
 0.793504
 0.943425
  5.88549
  5.93207
  9.70455
  10.6929
  6.13655
  8.70697
  12.3984
 0.470197
  7.66134
  14.4489
  13.8457
  7.82717
  10.6153
  11.0327
  12.3134
  8.35236
  10.6565
  4.18533
   10.321
  17.1268
  2.28196
  14.7993
  18.9061
  20.5799
  3.03235
  15.5421
  24.2633
  23.6717
  20.8391
  16.5883
  8.99668
  10.9865
  14.6048
  11.5069
  5.76362
 0.440189
  3.58708
  4.99664
  3.50461
  1.23766
  4.11342
  4.27359
 0.697968
  5.45426
   6.2492
  9.45457
  1.63466
  8.46879
  10.4713
  5.24158
   10.061
  9.40604
  11.3945
  6.04521
  36.8741
  26.2881
   3.6074
  2.63364
  12.2035
  2.95385
  5.55951
  6.95126
  25.9458
  26.3766
  14.8485
  24.4795
  28.8271
  5.48886
 0.199314
  32.4832
  2.01724
  14.6202
  6.76086
   10.547
  42.3109
  34.4557
  37.0421
  39.0799
  1.06277
  9.03418
  17.1964
  18.9791
   16.685
  22.4875
  13.5136
  4.30529
  6.17596
  1.75649
   1.9514
 0.721221
   1.3255
  10.0886
   5.5022
  7.12819
  3.56074
  4.61375
  10.4951
  13.7516
  15.2319
  3.66999
   9.7305
 0.751159
  1.62202
  30.8851
  25.4299
 0.251861
  5.44032
  43.6755
  2.46418
  11.9818
 0.619248
   5.2263
0.0766226
  12.1831
  6.40837
  7.32233
  5.02544
  4.92165
   4.8465
   9.5425
  8.50247
  3.59045
  2.69625
  23.4267
  2.51593
   12.196
  12.3368
  12.2495
  12.9377
    5.717
  39.3616
  32.7678
  37.2016
  28.6116
  17.0578
  24.0251
  19.0586
  17.4748
  17.3007
  18.4941
  7.94641
  3.86714
  21.3624
  19.6334
  19.5318
  21.0208
   9.8455
  28.3964
  36.9186
  25.0871
  4.88206
  13.4117
  3.25261
  21.6503
  20.9657
  3.73215
  11.0892
   10.157
   7.9732
  9.58033
  14.6362
  4.92409
 0.074543
  4.90026
  3.90075
   16.029
  14.2259
   26.945
  29.8313
  23.6908
  30.0051
  31.4264
  22.8332
  28.7451
  3.51865
   23.402
  27.7142
  21.1573
  13.1938
  25.1183
  25.2606
  38.6273
   35.704
  6.76923
   15.715
  10.8317
    14.46
  2.63656
  6.94959
  9.94958
  0.17009
  4.59343
   7.1667
  1.62647
  24.9526
  7.79529
 0.734543
  6.28868
  4.39556
  6.21816
  4.28618
  2.35075
  2.09458
  8.08629
  43.5644
  26.2806
  34.8356
  1.69275
  1.60366
   9.0023
  4.86621
  6.88928
   5.1728
   7.1041
  26.8924
  13.3337
  4.14376
  7.59676
  41.3278
  0.58392
  8.51716
  7.69593
  18.0946
  13.1957
  21.3146
   4.0806
  12.5039
  6.39473
   40.134
  17.4292
  4.27641
  4.67871
  9.01123
  4.54302
  3.16977
  2.98175
  2.66358
 0.698671
  2.91645
  4.53497
  10.4298
  13.6643
  13.6139
  11.3261
   4.1195
  16.1571
  22.2584
  22.6464
  24.2528
  18.5154
  17.8143
  26.7018
  17.6039
  21.5596
  2.86851
  6.48176
   8.0351
  32.5754
  40.3956
  0.20053
 0.222941
  5.29448
  3.86178
  12.8055
  11.4794
   10.563
   5.8585
   8.1403
  13.5787
   11.541
  10.2451
  3.85315
  1.82546
  9.43282
  13.4401
  24.3378
  9.83091
   29.247
  15.4604
  3.40337
  26.3605
  24.4012
  3.90152
  35.2522
  38.1379
  29.0352
  22.3637
  10.8002
  14.8998
  12.2506
  4.83277
  1.45782
  2.40397
  8.95249
  8.76202
  7.03711
  1.36724
  5.22113
  19.9008
 0.832996
  4.45723
  3.17981
  9.62937
  3.13859
 0.413221
  1.77968
  8.72496
   25.643
  45.3321
  31.9813
  1.98671
  3.67376
  4.11486
  5.56843
  4.13059
  5.23151
  2.07333
  25.9302
  6.84054
  5.82862
  1.67838
  2.94782
  7.53146
  8.71634
  17.9403
  34.9432
  28.1805
  30.6651
   11.512
  18.7416
  46.7516
    15.46
  13.9572
  30.0748
  4.76975
  10.6162
  7.07035
  5.35021
  1.48739
  6.89705
  9.71841
  7.68447
 0.779119
    11.79
  10.8696
  14.3038
  42.7179
   22.797
  26.1633
   17.439
  25.0092
  30.4357
  5.01911
  14.4021
  12.5946
  5.39698
  11.0586
  12.7395
  6.08425
  9.18586
    4.018
  13.7363
  28.9387
  10.4586
  25.0704
  24.2526
  16.6412
  16.4038
  21.7034
  37.4806
  38.5423
  10.7106
  13.7617
  16.3124
  14.7298
   1.6772
  9.58787
  15.6818
  5.64077
  6.23362
  4.25386
  5.42431
  0.49953
  1.90799
   7.6869
  3.35394
  7.47632
  31.6004
  26.3908
  9.32241
  1.60869
  9.18116
 0.524286
  5.61668
  26.3931
  38.3016
  3.51772
  12.7238
  17.7128
  4.51783
   9.7262
 0.836757
  4.47886
  3.91176
  25.8613
  25.0244
  23.0934
  7.23042
  14.3084
  6.90321
  6.86108
  8.15285
  11.2186
  17.1491
   15.596
  2.21178
  12.3672
  11.5152
  2.26085
  5.23276
  40.6245
  20.6667
  12.2804
  12.1038
  32.5354
  5.20406
  15.4038
  23.0525
  24.6075
  17.6251
  11.9822
  41.4691
  10.8991
  10.3636
  16.5057
  12.0342
  36.8672
  5.65905
  8.09104
  9.45269
  13.6256
  4.28845
  23.0213
  8.14902
  30.9304
  6.84983
  10.9168
  22.3586
  6.15272
  4.16254
  13.6344
  38.0269
  19.6198
  24.8477
   39.095
  12.2293
  6.04028
  12.1977
  35.1103
  1.11369
  1.16463
  27.5841
  17.5701
 0.912046
  25.1312
  35.3638
  19.8987
  8.11963
  20.7472
  34.8108
  35.7355
  42.5135
 0.971018
  18.4486
  4.92436
  2.71273
  11.9667
  3.27681
  20.9962
  21.9431
   23.463
  11.9264
  20.1918
  7.05349
  36.3034
  25.4719
  10.2409
  39.9132
  31.6036
   35.006
    30.05
  13.3087
  21.6317
  9.24236
  3.38882
  36.3802
  9.43608
  20.1061
  22.2863
  1.16512
  31.5451
  9.98062
  35.6587
  8.04687
  18.0196
  12.7351
  10.7664
   2.8969
  37.7573
  38.5377
   24.022
    20.74
  19.6516
  12.6363
  3.21802
  14.0274
  9.38022
  21.9529
  23.1502
  9.22872
  29.5142
  18.4765
   16.074
  40.0817
  43.8098
  24.4126
  10.3624
  7.53312
  14.1475
  9.29294
  3.53846
  10.0495
  24.7963
  4.77806
  4.06903
  23.6279
  8.78144
  4.53571
  26.9688
  27.3814
  4.34754
  1.35359
  7.33472
  7.89911
  22.0942
  22.4274
  18.5628
   15.865
   17.392
  8.62563
   18.556
  2.65109
   41.919
  7.66314
  11.8492
  33.2968
   15.163
  5.64126
  26.2482
  38.3664
  8.11968
 0.173188
  29.7204
  21.5825
  7.72978
  12.4285
  20.2146
  11.9447
  17.7449
  12.5455
  9.62898
  34.4119
  6.15227
  8.55399
  18.4164
  12.7245
   8.3477
   7.0002
  5.12014
  9.31538
  29.3411
  3.55849
  14.2562
  21.9855
  17.7951
  17.1896
   11.128
  10.3526
  5.40144
  9.70212
  36.1255
  29.0758
 0.759824
  6.75654
  3.05346
  10.0517
 0.728042
  34.8064
  13.9145
  12.5823
  29.8525
   7.4729
  10.9836
   3.6828
  32.7382
  2.32621
  11.8352
  2.60382
  8.85997
   12.411
  1.00163
  19.4332
  36.2125
  23.3342
  14.1887
  41.1905
  22.4375
   35.981
  20.7312
  26.6192
  15.7875
  19.6672
  2.99869
  2.75526
  8.01432
 0.934509
    6.406
  12.0146
  10.8207
  5.57657
  8.41445
  5.71553
  26.4878
 0.619612
  35.9002
   28.406
  12.2268
  5.25259
  13.8114
  4.49909
  17.5705
  7.77744
 0.164416
  9.79651
  29.5392
  30.6382
  35.6951
  34.8999
  34.0834
  13.9626
  7.59169
  2.42357
  13.5014
  10.0299
  4.93916
  13.9583
  29.3365
  23.9412
  4.54941
  9.56673
  21.1732
  17.9237
   25.267
  22.1311
  10.6993
  15.3457
  18.5956
  6.21424
  3.86063
   17.256
  28.9546
  14.5072
  5.00198
  37.5778
  25.6584
  9.74987
  9.88986
  1.80683
  6.29643
  8.57445
  18.7708
  3.92779
  0.85401
  10.6304
  11.1411
  27.4434
  10.0586
  20.5638
   9.7982
  10.1552
   19.977
  19.9397
  32.9961
  15.1728
  9.41715
  4.84121
  10.2585
  40.1505
  3.01472
  31.6837
  3.61779
  3.14836
  7.30923
  10.3426
  10.4757
  15.3387
  26.3602
    11.26
  37.8898
  5.72174
   4.0389
    29.18
  22.0644
  1.92162
  1.79431
  3.29893
  42.1663
  9.87251
   11.427
  10.8612
 0.245088
  18.5511
  4.17936
  17.6836
  28.4597
  8.77117
  11.2783
  21.7673
  33.5554
  2.69926
  18.9299
  9.60743
  24.4683
  23.5741
  7.14738
  2.93291
 0.531667
    8.989
  4.67923
  4.68928
  27.1744
   39.176
  8.25725
  31.2148
  12.5748
   9.0609
  0.59414
  22.7213
  26.0671
  32.4301
  11.4704
  23.1641
  30.7383
  8.55213
  38.3319
    1.224
  17.2189
  2.81925
   10.036
  40.7935
   29.318
  33.4615
   34.035
  16.7023
  11.8885
  10.9494
  32.3367
  10.0679
  12.6625
  26.6257
  13.0668
  15.0776
    22.86
  6.09728
  2.46115
  37.2381
  32.8038
  8.25813
  26.7525
  31.7861
   35.508
   20.332
  27.2207
  42.2388
  21.3333
  11.2882
   7.2488
  15.1925
  14.4194
  25.9154
  20.1518
  25.6382
  16.3327
  34.5096
  1.33179
  26.3582
  32.5533
  10.9547
  34.7234
  7.31397
  22.3553
   34.363
  33.8116
  54.5003
  41.7432
   10.115
  52.7662
  27.1154
  33.8529
  33.5586
  28.5558
  8.44077
   34.363
  10.0443
  5.32742
  5.81405
  33.7979
  10.2758
  8.84151
   28.235
  13.1721
  5.70547
  30.2219
  41.5919
   9.6214
  6.61693
  21.9693
  37.0302
  19.9291
  8.71401
  6.46267
   32.928
   3.2667
  40.4003
  13.6363
  26.4378
  12.2708
  23.4084
   26.236
   9.9987
  23.4532
   23.068
  24.4195
  37.5605
  32.8039
  37.5801
  24.3816
   6.5111
  4.90412
  18.1233
  17.1224
  18.0055
  12.4637
  17.7762
  24.0128
  18.2366
  22.7376
  10.6819
  6.18638
  36.4998
  7.19679
  13.3622
  3.75301
  2.63841
  17.2678
  1.10384
  12.4733
  19.0783
  2.34203
  34.2147
  18.1342
  7.34573
  23.2826
  1.10384
  2.25164
  2.06876
  8.93115
  18.0289
  4.36276
  3.59278
  20.0046
  3.67479
 0.828561
  11.5747
  7.15989
  9.26521
  8.72461
  11.4031
  11.8741
  2.92911
  1.42139
   6.1674
   22.599
   26.975
  43.4019
  50.3522
  8.85838
  31.7361
  29.9723
  7.02907
  3.42438
  29.8446
  5.74308
  28.5117
  23.6109
   22.411
  23.3095
   28.398
  8.39599
  25.3214
  25.9186
  40.7758
  11.3834
  4.11135
   17.621
  26.0624
  37.9738
  20.0099
  19.0282
  22.7775
   5.9969
  28.2261
   2.7389
  35.3018
  40.5923
  43.6284
  24.1683
  30.5787
  23.7895
  32.9606
  6.87543
  3.12712
  38.1903
  34.5802
  37.7844
  31.8755
  7.55135
  32.6525
  18.8066
  15.3466
  44.2311
  5.14041
  7.82369
  4.74269
  32.0508
  29.8884
  20.2058
  7.66917
  18.6535
  27.0437
  5.18594
  41.0329
  35.6541
  24.9635
  20.9802
  24.4035
  14.3708
  7.45734
  18.5705
  9.97945
  3.77401
  13.9955
  15.4521
  36.3004
  22.8077
   29.279
  28.3479
  49.3773
  38.4212
  4.58872
  25.4639
  31.8676
   9.9177
  8.95114
   7.4576
  17.3777
  25.8085
  51.3385
  31.2699
  22.5672
  4.93342
  9.66014
  41.2839
  23.3314
  13.4061
  24.6691
  3.08005
  8.78763
  34.1851
  28.4669
  39.4026
  18.4266
  27.0999
  27.0695
  2.70161
  10.3689
  9.27468
  27.0566
  15.0636
  32.1288
  18.9502
  2.93639
  28.2255
   15.249
  12.8979
  51.6537
  25.0265
  7.84943
  33.9641
  29.6453
  19.3523
  15.0162
  27.0569
   16.274
  5.53972
   17.038
    35.67
  36.5262
  33.2897
  15.4966
  43.7791
  34.9214
  44.2389
  42.0465
 0.733637
  41.9656
  41.2607
  34.7688
  25.0221
  10.3261
  17.6649
  10.8791
  32.5895
  14.2785
  3.84909
  5.24382
  33.2751
 0.457205
  22.3207
   19.868
   29.018
  29.8206
  30.0553
  11.5181
  23.8485
  32.1556
  10.1778
   42.611
  19.1137
  7.48947
  3.14678
  22.1231
  23.2108
  7.66537
  8.30392
  5.13839
  3.83186
  10.7318
 0.276183
   1.5708
   10.478
  10.3171
  17.3552
  22.7805
  18.7111
  29.4796
  6.49992
  22.7013
  5.09778
  19.8009
  19.4426
   12.047
  18.0148
  1.02718
  29.8109
  30.5632
  33.7454
  27.7934
   1.0701
  8.78798
  23.7273
  2.15987
  3.14678
  4.65032
  28.3425
  2.81533
0.0031605
 0.158936