  8.25363
  7.60913
  12.3241
  9.68077
  4.35906
  18.9945
  18.3491
  18.3058
  9.28198
  10.3049
  19.2194
   19.194
  27.9069
  27.4362
  15.5579
  16.1348
  54.2408
  55.2533
  18.7187
  18.6534
  18.8124
  17.7703
  17.8596
  32.2774
  32.1987
  18.0392
   18.248
  22.5061
  22.9863
  20.9054
  21.4675
  30.9112
  32.2323
   29.764
  31.5419
  3.01273
 0.261453
0.0735823
  39.5143
  39.4611
  40.3168
  38.5596
  39.0463
  38.6379
  44.7133
  44.5095
  20.7711
  12.1432
  9.42518
  19.5176
   15.876
  9.91658
  8.59189
  14.4027
  1.82667
  12.5748
  11.6614
  4.61919
  26.6262
  6.29941
  8.75119
  8.58178
  26.3056
  12.4241
  10.5384
  7.60301
  7.86127
  6.65487
  5.82459
  2.62212
  34.9181
  32.0415
  54.7866
  29.0618
  40.5197
  1.48366
  18.3724
  13.5718
  11.4699
  14.9948
   13.515
  39.9927
  45.3755
  21.2014
  17.4383
  7.87149
   29.114
  24.6258
  45.0407
  44.8717
  45.4899
  40.2101
  13.8348
  13.4881
  45.1617
  45.5582
 0.237639
 0.488387
 0.132926
 0.598282
   3.5608
  2.77913
  4.95181
  4.84813
  1.22708
  5.68389
  5.59511
  6.96017
  5.98937
  13.8179
  14.4011
  5.72348
  5.67827
  32.8104
  30.5625
  26.6009
  38.2984
  40.1124
  14.1434
  45.1842
  7.20066
  8.64483
   23.618
  9.65612
  16.6439
  31.7474
  18.4185
  18.0935
  18.0214
  19.6405
  19.4962
  20.5007
  18.8462
  18.2328
  26.4282
  11.2762
  16.2052
  21.2823
  25.8237
    14.54
  12.8263
 0.692867
  22.4151
  8.69256
  8.16011
  7.32304
  6.21307
   20.556
  19.7997
  8.66491
  9.88324
  8.07056
  9.47152
  6.30961
  6.64031
  6.60885
  7.03194
  10.6171
  19.4398
  21.0616
  8.53798
  7.38221
  10.1714
  6.27005
  4.15487
  24.8558
  18.7417
  20.0379
  19.6829
   21.963
  9.86071
  12.7315
  18.8846
  19.7662
  21.6598
  10.0681
  5.56857
  6.11431
    5.972
   1.9939
  4.40489
  21.0558
  1.19987
  1.63013
  1.22845
  43.6173
  35.0596
  22.9764
   17.942
  9.21288
  5.25317
  8.70151
  9.60291
  5.46495
  13.8361
  9.42745
  19.2799
  8.82131
  11.8174
  15.6009
  10.5013
  7.69278
  4.30071
  10.2611
  10.4265
  11.3066
  26.6271
  14.2473
  36.3468
  53.1562
  8.25681
   13.974
  11.0614
  15.0032
  9.26918
  7.22062
  13.9043
  7.99191
  26.1989
  23.7311
  25.0549
  14.0859
   2.2079
  1.28133
  3.13521
  31.3293
  64.4583
  57.2164
  33.6025
 0.631211
  1.92098
   32.493
  8.82815
   0.1612
  36.4944
   31.787
  9.47284
  40.5061
  42.4109
  37.8883
  39.9324
  27.1541
  6.64743
   26.465
  20.5129
  15.3479
  12.3553
  11.3065
  20.6469
  7.20066
  2.42499
  2.88025
  9.80321
  18.8009
  9.14052
  7.48459
  26.3146
  22.0562
  9.87646
  13.3374
   9.1804
   12.954
  8.81454
  7.06012
   3.0019
  21.0809
  20.4273
  11.5526
  17.9251
  11.0468
  10.5574
  3.78243
  25.8143
  36.7685
  51.7011
  19.9971
  7.61387
  38.0619
  10.8157
  15.2834
  9.03402
  9.12152
  16.3918
  34.0064
  44.7766
  19.9893
  13.0542
  24.1507
  18.0729
  3.51678
  14.1576
  23.0122
   11.821
  41.0265
  43.6399
  23.6119
  33.2381
  23.3744
  20.8366
  5.59938
  8.20648
  3.72884
  6.40862
  6.69405
  4.91081
  2.84039
   9.0549
  5.21521
  5.87223
  38.2522
  38.6756
  21.5597
  42.8479
  16.2301
  19.7105
  15.9355
  22.5506
  21.5996
  12.4519
  11.3855
  18.5728
  20.8844
  16.7109
  14.0373
   18.039
  32.2366
   21.959
  50.5657
  22.0585
  40.9383
  21.6117
  16.7085
  21.0782
  7.89956
  2.38175
  33.4545
  17.6436
  17.5364
  11.1936
  1.11299
   4.1695
  10.1694
  5.56014
  5.36349
  18.1711
  8.04936
   27.676
  1.32076
  12.1347
  2.19329
  3.68485
  16.6947
  25.0838
  26.7179
  31.0447
  33.5386
  12.8738
  12.2802
   44.006
  24.9228
  18.9296
  11.4756
  5.17646
  12.2162
  42.2843
  29.6886
  34.5265
  36.7988
  5.74997
  10.4215
  18.2216
  5.31648
  5.42715
  5.15634
  7.03812
  5.72575
  17.4298
  3.45008
  7.51831
  0.22417
  1.11842
   2.6775
  35.0784
   27.593
  36.6786
  45.1615
  43.2127
  8.72337
  45.4586
  7.15053
  8.92322
  23.3824
  18.7981
  4.43917
  17.7632
  14.4585
  18.9222
   42.117
  7.26186
  22.8302
  23.0833
  8.17111
  3.92161
  13.1886
  2.93211
   2.2567
  15.6171
  26.4428
  44.5674
  37.0805
  15.6694
  23.2118
  21.3544
  21.2418
  6.84216
  9.09108
  16.9079
  8.31073
  12.1044
  5.62425
   4.7816
  54.3665
  21.6576
  24.0672
  7.25614
  41.4299
  4.22951
  26.3861
  23.0337
  19.0413
  45.5616
  5.50569
  5.65179
  1.45339
  10.7211
  5.53313
  17.2898
 0.175021
  45.7226
  56.9926
  1.45313
  26.9711
  9.21586
  1.42991
  14.2786
  12.2239
  7.77317
  2.61534
  19.2035
  10.8775
  15.8819
  6.86751
  20.4419
   11.962
  14.9099
   5.4041
  13.0608
   19.022
  11.8134
  38.0146
  24.0247
  40.3913
  45.3706
  9.01134
  3.28347
  11.5553
  9.10992
  19.6993
  18.5502
  17.6198
  16.5045
  17.7636
  23.7883
  18.3527
  25.4465
   36.389
  23.2744
   15.407
  21.8744
  13.2924
  22.4993
  27.5881
  2.76686
  8.83993
  6.32342
  4.04411
  3.00014
  5.91047
   5.9951
  3.52015
  4.01931
0.0321033
  8.54041
  5.73735
  6.68894
  24.6888
 0.835102
  16.6795
 0.496457
  24.6754
  49.1617
   10.907
  22.9639
    15.45
  18.5295
   19.803
  16.2162
  11.5238
  39.9542
  31.0097
  21.6096
  22.6529
  5.16283
  2.32799
  17.3665
  4.55825
  10.4796
  5.96489
   6.7826
  3.53332
  2.80442
  42.8665
  17.1964
  8.37197
  8.41947
  9.51258
    16.94
  14.4281
  17.9641
  14.2015
  33.2525
  7.35215
  19.9463
  23.2845
  11.2034
  23.2883
  22.1958
  4.49595
  10.5767
  15.0805
  19.9135
  22.6912
  23.3192
  43.3728
  33.1028
   53.188
  13.6527
  20.4428
  5.83406
  24.5974
  15.6354
 0.713151
   3.9978
  0.19876
  23.2118
   15.096
  33.7251
   1.5349
  10.3957
   24.558
  20.4988
    7.889
  29.5079
  14.6656
  22.6882
  10.7235
  28.4305
  33.9948
  12.2453
  14.4821
 0.721328
  52.8891
  31.3498
  21.0093
  2.84868
  7.96241
  37.2681
  45.0216
  19.3948
  10.0967
  42.2334
   23.804
  2.77147
  36.1369
  17.0478
   1.2803
  10.9047
  22.4947
  4.80548
  9.01134
  9.35926
  9.45222
  5.74391
  15.1991
  17.9539
  22.0925
  21.6527
  6.66831
  35.0284
  10.8284
  10.2564
   18.264
  28.4663
  42.1322
  2.17524
  5.42359
 0.308065
  4.01829
  7.11889
  8.69426
  10.3315
  3.03704
  1.02908
  9.92804
  25.2458
  17.8606
  17.1184
  17.7633
  18.5633
  12.0733
  29.3651
  42.3294
  31.1154
  53.0181
  5.63093
    2.144
  10.3048
  5.87114
  21.5149
  7.21578
 0.850406
  7.31837
  11.4121
  1.89817
  12.8199
  5.16149
  3.03433
  1.08844
  3.40973
  4.47657
  2.07283
  8.22525
  7.38416
  16.1645
  45.7042
  41.9475
  14.5548
  9.18227
  18.0608
  25.4818
  27.0824
  8.83788
  17.1449
  6.67429
  5.50681
  6.43912
  6.12412
  51.7429
  36.2791
  11.3014
  26.1671
  9.25526
  25.6879
  4.09607
  4.95964
   31.023
   40.714
  16.7675
  32.5779
  14.4769
  6.55726
   9.5129
  3.57006
  19.6644
  6.79813
  12.8421
  35.7862
  15.8252
  37.9681
  45.5242
  34.2874
  9.58034
   56.289
  33.8323
  12.3819
  48.6069
   4.2982
  15.0866
   9.2213
  5.50142
  18.7849
  21.0816
   51.791
  26.8151
  9.13768
  8.92346
0.0747204
  34.7625
  11.2842
  13.7079
  26.3626
  4.22303
  34.2018
  13.2297
  11.0557
  18.3868
  17.7253
  21.6027
  6.31665
  30.0856
  7.83063
  15.2085
  34.4269
  53.4412
  32.2844
  1.12952
  33.8293
  27.4326
  4.59292
  4.46587
  10.7519
  29.7345
  41.0634
  12.5395
   3.0113
   15.808
  24.8075
  14.9828
  26.8576
  13.2903
  17.4952
  55.3388
  12.0768
 0.176951
  20.4447
  17.0107
  23.4598
  8.30093
  12.4361
   39.391
  1.13671
  16.0483
  13.5496
  11.3141
  16.8996
  14.6777
 0.978728
  29.0568
  11.8801
  44.6981
   39.445
  10.4444
  7.54488
  57.2076
   13.229
  16.9442
  8.37955
  15.2951
  29.0038
  1.52186
  17.8812
  5.84002
  30.6565
  2.64966
  10.6091
  18.0379
  14.6566
  25.3106
  11.5191
  6.99383
  32.7384
  2.34282
  1.22467
   11.325
  5.52999
  42.4268
  2.58063
   22.967
  4.47809
  12.0905
  13.4586
  33.4943
  7.62653
  3.25986
  19.9652
  48.9371
  2.48648
  14.7935
   46.567
  14.8483
  24.4442
  10.6036
  13.1428
   8.1768
 0.240513
  8.24758
  4.47809
  7.69051
  6.05544
  5.02699
  43.5909
  1.51761
  21.7941
  4.51195
  21.8727
  34.5131
  66.7852
  44.9581