3.83988
10.1192
10.4478
11.5144
17.5714
19.8271
20.6893
22.1559
23.2355
23.6821
23.8203
24.0023
 25.194
 26.345
26.3527
27.1451
27.6953
27.7062
27.7258
27.9609
28.4656
 29.029
29.3706
29.3909
29.6702
29.8771
30.5488
30.6776
30.7206
31.3687
32.0848
32.7117
32.9247
33.0412
33.1369
33.7381
34.7649
36.3918
36.9079
37.5186
37.5527
37.7038
 37.887
38.0261
38.1306
38.1513
38.4259
38.8691
38.9978
39.0374
 39.496
39.7438
39.7721
39.9639
39.9924
40.3097
40.3517
40.4444
40.9388
41.0729
41.1819
41.2805
41.6864
41.7842
42.0091
42.2083
42.4207
42.4243
 42.596
42.6208
42.6371
42.6604
42.7996
43.1446
 43.184
43.2148
43.4213
43.6162
43.8379
43.9853
44.4439
44.4974
44.7652
44.8107
45.3439
45.6071
45.7104
47.2808
 47.373
47.4084
47.9207
48.2921
48.4869
48.5884
48.6548
48.6781
48.7557
49.0543
49.0622
  49.47
49.7568
49.9214
50.0217
50.5621
 50.796
50.8024
 50.871
50.9069
51.0414
51.2317
51.2634
51.4995
51.7409
52.1553
52.1624
  52.69
52.9862
53.2635
53.4202
53.4639
53.6778
54.2279
54.8387
54.9263
55.2565
 55.697
56.2518
56.3999
56.6151
56.6741
56.8415
56.9068
56.9802
 57.566
57.5849
57.9628
58.0909
58.5875
59.1692
59.9784
59.9817
60.3198
60.3849
 60.386
60.4402
60.4727
60.6559
60.8519
61.2062
 61.452
62.5314
62.5773
62.6251
62.7359
63.1739
63.4368
64.7365
64.9793
66.2548
66.4819
66.5649
66.8879
67.4067
67.9164
68.2634
68.6013
68.6183
68.8135
 68.959
69.0343
69.2117
69.7299
69.7915
69.8869
71.2615
71.4538
 72.089
72.3422
72.3463
72.3809
73.1314
73.4213
73.9033
73.9301
74.4304
74.5467
75.0822
75.8335
76.8103
77.2553
77.7842
78.1296
 78.177
78.2294
79.4708
80.3805
80.4892
80.5419
81.3537
81.6007
83.2521
83.2927
83.8758
 83.944
84.0662
84.1462
84.5427
85.0161
85.6305
87.1217
87.2104
87.4901
88.0401
88.4991
89.0973
89.0997
 89.349
89.7138