 38.588
56.4073
39.7344
40.0867
64.7064
64.6572
36.9359
38.0586
37.8146
58.7227
28.6897
37.4745
34.4969
18.1979
73.9406
58.4685
64.9652
46.1243
26.9209
42.7197
62.4085
59.4047
69.5527
35.8406
47.9856
68.1683
  16.67
51.5177
65.7686
54.1544
 64.083
5.30031
16.9563
44.9921
29.4905
16.7794
18.2493
36.8645
17.5964
83.7365
58.4685
34.5044
 60.776
44.8472
26.9188
69.5527
17.5979
38.2848
68.0811
64.1613
39.9614
53.2915
54.1274
46.3171
39.5947
30.3118
59.9318
59.7953
 63.158
36.8061
22.1316
24.8315
16.8615
39.8516
 49.309
19.5808
54.0155
36.5362
34.2119
26.9194
67.7206
62.8486
69.5534
64.2817
39.9614
29.4798
49.8019
46.7685
49.7757
63.4757
53.4568
47.3069
 57.305
 31.299
64.9436
19.9935
23.1208
33.0158
55.6633
50.4448
67.2123
17.5718
65.1984
44.6849
46.2745
64.8435
36.9349
40.9351
62.4641
73.0799
42.0689
69.5587
33.2646