0.915136
 1.68736
 3.05473
 3.77631
 4.36642
 4.83848
 6.35965
 7.28411
 7.90507
 9.98881
  10.148
 10.2931
 10.2989
 10.3857
 10.5099
 11.1364
 11.1777
 11.4601
 11.6925
 12.1162
 12.1229
  12.317
 12.6173
 12.8681
 13.4234
 13.5181
 13.5223
 13.7752
 13.9605
 14.0067
 14.0806
 14.1036
 14.5904
 15.0519
 15.5732
 15.7677
 15.7931
 16.1161
 16.5635
 16.9738
 17.1382
 17.1614
 17.2591
 17.2659
 17.2943
 17.5389
 17.5649
 17.8828
 18.0298
 18.1889
  18.665
 18.6834
 18.8275
 18.9388
 18.9808
 19.0288
 19.1811
 19.2094
 19.3136
 19.4622
 19.5991
 19.9036
 19.9425
 20.0857
 20.1776
 20.3136
 20.3516
  20.464
 20.5698
 20.7516
 20.8046
 21.0606
 21.0727
 21.2476
  21.248
 21.2779
 21.3039
 21.3292
 21.7268
  21.881
 21.9962
 22.2202
 22.4082
 22.4796
 22.9782
 23.1562
 23.6833
 24.2021
 24.5528
 24.5801
 24.6003
 24.6339
 25.1185
 25.4811
 25.4873
 25.6165
 25.8327
 26.0253
  26.703
 27.0873
 27.4055
 27.4172
 27.5032
 27.8358
 27.8861
 27.9021
  27.963
 28.1835
   28.64
 28.6811
  28.714
 29.1688
 29.2068
 29.2931
 29.9155
 30.2888
 30.5794
 30.8025
 30.8273
  30.897
   30.95
  31.234
 31.5292
  31.599
 31.9032
 31.9372
 32.5947
  32.859
 33.0128
 33.1139
 33.3438
 33.6267
 33.6899
 33.6974
 33.7529
 34.5139
 34.6579
 34.8268
 35.3478
  35.908
 35.9622
 35.9994
 36.0401
 36.2279
  36.237
  36.391
 36.4129
 36.5571
 37.2807
 37.4468
 37.6564
 38.2724
 38.3943
 38.7108
 39.7766
 39.8436
  40.168
  40.532
  41.035
 41.1359
 41.2137
 41.3104
 41.5998
 42.1702
  42.172
 42.6325
  42.804
 43.0197
 43.1057
 43.1131
 43.2553
 43.2872
  43.399
 43.5122
 43.8564
  43.961
 44.0335
 44.2053
 44.3617
 44.3876
 44.5325
 44.5391
 44.6675
 44.6959
 44.7472
 44.8038
 44.8526
 44.9353
 45.0513
 45.0516
 45.2613
 45.3175
 45.7132
 45.7229
 45.7924
  46.009
 46.0956
 46.1516
 46.4634
  46.496
 46.5066
 46.5978
  46.865
 46.8991
 46.9127
 46.9785
 47.0496
 47.0548
 47.0763
 47.4201
 47.6643
 47.8467
 48.0907
 48.1186
  48.365
 48.5897
 48.9541
 48.9735
 49.3246
 49.3628
 49.4213
 49.7346
 49.7387
 49.9184
 49.9282
 49.9868
 50.1772
 50.5627
 50.6684
 50.7229
 50.7721
 51.1331
 51.2163
  51.414
 51.6526
 52.1221
 52.1832
 52.1976
 52.5668
 53.1311
 53.3557
 53.3982
 53.4079
 53.4132
 53.4182
 53.5833
 53.9589
 53.9628
 54.0097
 54.0457
 54.0516
 54.2584
 54.3278
 54.3985
 54.5415
 54.5949
 54.7926
 54.8016
 54.9754
 55.0056
 55.0506
 55.0856
 55.2287
  55.337
 55.3597
 55.4217
 55.6852
 55.8184
 55.8524
 56.0491
 56.1459
 56.2698
 56.3149
 56.7992
 56.8059
 57.0234
 57.0543
 57.1529
 57.5473
 57.6815
 57.7759
 57.8315
 57.9479
 57.9597
 58.0901
  58.286
 58.3184
 58.3342
 58.5512
 59.2668
 59.4322
 59.7214
 60.3677
 60.5649
  60.602
 60.9874
 61.0064
 61.3919
 61.5075
 61.5855
 61.8882
 62.0162
  62.017
 62.0279
 62.1473
 62.1549
 62.6611
 62.9437
 63.5564
  63.804
 64.1618
 64.1827
 64.4773
 65.7928
 66.0154
 66.4952
 66.6855
  67.062
 67.4739
 67.5653
  67.666
 68.2248
 68.7838
 69.1704
  69.401
 69.9212
  71.093
 71.6355
 71.7483
 71.8102
 72.2373
 73.1733
 73.6383
 73.8032
 73.9435
 74.2454
 74.4252
 74.8331
 75.8548
 76.5736
 76.9391
  77.694
  78.587
 78.6325
 78.7979
 79.1135
 79.6265
 79.9013
  81.646
 81.7867
  81.806
 84.0224
   84.54
 84.8049
 84.8399
 85.0192
 86.3304
 86.7872
 87.0317
 87.4121
 87.8292
 88.5891
  88.803
 89.1308
 89.4826
  89.909