  6.27988
  21.5479
   24.201
  2.68569
  16.7612
  16.1032
  8.35618
  8.60332
  4.43028
  5.47639
  13.1912
  24.4772
  24.8216
   18.446
  2.83307
  44.2609
  44.3717
  3.19772
  3.32915
   14.475
  15.9234
  21.1216
   14.515
  22.4945
   1.5636
  2.10618
 0.208108
  10.9166
  4.46879
  4.98985
  31.2841
  36.8862
  33.4063
  40.1061
  0.40838
 0.761928
  40.8145
  40.2452
  54.4254
  36.6115
  31.1366
  26.0892
  11.6128
  15.4281
  13.8955
  6.75303
  1.76461
  21.9519
   19.486
  19.0434
  17.2874
  20.3224
   16.431
  8.58192
  17.7166
  15.7609
 0.843466
  2.73039
  80.5247
  74.2891
  79.1651
  86.8335
  88.8856
  15.5156
  21.4691
  16.3691
   15.786
  13.9711
  16.8384
  38.1842
   32.327
  37.4689
  37.2674
  11.6155
   22.679
  20.9377
  17.7266
  11.4399
  34.4445
  30.2644
  38.8692
  2.83592
  12.0054
  30.1228
  29.0022
 0.134513
  1.24651
  18.8571
  16.8412
  8.81142
  10.1026
  1.78346
  14.9977
  14.3098
  8.11984
  10.8849
  4.82122
  23.6246
  11.6908
  4.84658
  39.5585
  34.7996
  36.7753
  25.8566
  38.3854
  15.5808
  17.4371
   9.9426
  6.97098
  8.66233
  12.1709
  10.0212
  18.3232
  13.9908
  25.2984
  0.72477
  13.9728
  5.62883
0.0849587
  2.25341
  2.14486
  20.9113
  23.8074
  25.1966
   23.769
  25.1914
  26.0598
  26.2866
  11.8607
  20.4644
  1.23843
  3.90719
  3.02914
  6.77029
  2.37153
 0.323447
   5.2286
  14.3263
  6.46853
  9.49874
  10.4676
  4.13203
  10.9132
   11.465
  9.45605
  3.85734
0.0972773
  8.85387
 0.468215
  4.29914
  14.8346
  1.06225
  24.0938
  30.0957
  16.6892
  15.5847
    1.673
  6.20811
  7.92516
  26.5236
 0.377385
    2.597
  9.14115
   5.3014
  4.67553
  5.54432
  12.7877
  19.5765
  8.97988
  5.33272
  45.3603
  39.0515
  26.9097
  40.4223
  11.9402
  12.6152
  13.6624
  37.8268
  43.6227
  11.5445
  36.8938
  11.6766
  5.78288
    15.09
  22.8868
  49.0921
  14.8714
   14.725
  20.6934
  27.2337
  48.1195
  86.9936
  38.1804
  80.9803
  61.4146
 0.378704
  19.9906
  15.1132
  17.8876
  15.4109
  32.7329
  17.1338
  14.7653
  43.3111
  38.0189
  25.1602
  6.72433
  10.7354
  10.1717
  16.8102
  62.5922
  53.7434
  20.6447
  15.2002
  11.7436
  5.44379
   14.523
  5.43246
  45.2181
  44.1045
  10.6645
  27.7379
  33.8699
  28.9139
  35.4335
  25.1727
  27.2672
  20.2274
  16.9514
  10.6701
  24.0658
  3.81517
  4.58723
  10.2481
  15.3307
  38.9205
  51.9963
  20.4149
  16.0484
  6.94535
  16.3944
  10.5049
  11.3044
  6.74509
  16.1834
  24.0143
  14.6132
  7.80361
  27.1536
  6.49078
   12.726
   16.554
  17.3438
  62.9797
  62.5063
  11.6705
  24.5425
  48.1435
  6.83126
  18.7441
  27.0289
  27.4826
  21.6183
  43.2851
  55.4025
  11.5305
  30.5239
  49.1321
  41.9924
  37.4399
  44.0476
  37.0432
   37.021
  27.8801
  26.3189
  5.80595
  6.55157
  9.96999
  7.02562
  15.3951
  1.16494
  2.38299
  4.89585
   1.3641
  1.02152
  36.1886
  34.8435
  11.4247
  23.6608
  1.46177
  1.78668
  3.97208
  6.53087
  3.17884
  4.56291
  4.76843
  3.92445
 0.724774
  10.0927
  25.1781
  6.58499
  3.38471
  3.94512
  47.9867
  16.5165
  13.5447
  18.6087
  16.7575
  20.0338
  4.46041
  6.28624
  25.4281
  11.1019
  5.98413
  6.31573
 0.383358
  6.95198
   2.5767
  8.58931
  4.45356
   3.5758
   17.227
  25.1792
  16.4905
  1.01113
  5.68657
 0.460416
  18.7981
  21.5658
  4.21448
  23.9919
  6.96283
   16.593
  38.6369
  4.22611
  3.79946
  14.6061
  18.3165
  7.92943
  20.0894
  28.4582
  16.2269
   17.338
  29.7071
  15.5774
  4.23877
  3.45816
   2.8149
  6.75051
  11.3488
  18.6548
 0.481797
  24.6321
  7.56228
  2.17945
  7.85329
  24.9873
  37.2726
  17.6309
   30.942
  30.1226
  40.6107
  37.7304
  7.91053
  32.3284
  51.1338
  17.2107
  12.8366
  24.0948
  26.2292
  15.8531
  32.0011
  20.5434
  10.6005
   18.415
  21.7907
  20.7343
  11.6708
  18.4568
   11.415
  45.7928
  86.9536
  75.3986
  81.9312
  27.3889
  15.9171
   12.564
  9.16665
  27.5537
  25.4622
  14.9351
  1.02301
  7.05949
  75.3595
  31.4501
  6.72351
  18.0643
  45.7808
  23.8203
  53.3726
  22.2053
  15.9209
  32.6019
  16.0302
  12.7889
  14.8921
    24.52
  4.71265
  9.24794
  42.1961
  41.9173
  10.4042
  6.99574
  20.6432
  12.8599
  7.16908
  9.83059
  16.0931
   27.297
  27.1038
  24.3762
  11.9103
  16.6803
  18.0481
  20.5323
  25.6179
  8.70646
  11.8808
  5.49432
  6.72866
  35.8033
  43.9416
  14.1427
  2.01028
  9.68916
  3.96093
  21.1961
   1.0062
  3.95294
  8.07789
  7.89652
  10.8457
   14.307
  21.2464
  20.3621
  14.8344
  7.83189
  9.47012
  6.52899
  24.4243
  25.9034
  22.9685
  12.2983
   8.9801
  4.96799
  14.0418
  2.56255
  6.58819
   28.561
  8.68954
  7.19089
  3.79845
  12.1591
  13.4073
   25.951
  3.38794
  3.82161
  11.7923
  23.9332
  46.0763
  7.68627
   17.683
  18.4154
  3.78457
   11.112
  3.90169
  8.54199
  33.2176
  39.1631
  23.9582
  24.9651
 0.187677
  15.8344
  21.7067
  21.9575
  2.41088
  3.21499
  16.7232
  12.0534
  9.65455
  7.38004
  31.0779
  43.4722
  38.4132
  45.6518
  18.3951
  31.9285
   11.627
  43.3774
  4.43354
  36.2089
  6.31601
  15.8874
  26.2425
  23.3695
   19.006
  25.8658
  18.2309
     11.3
  12.5995
  15.0578
  18.8737
  91.6406
  71.0416
  83.2118
  13.8117
  18.1022
  19.4841
  23.8384
  9.67736
  8.19372
  10.4362
  17.2138
  11.8948
  83.0281
  26.4895
  50.5453
   7.3568
  10.7691
  17.5304
   35.661
  41.7326
0.0886901
  18.9006
  14.2631
  39.7184
  4.36377
  26.0792
  10.9512
  5.31225
  35.5107
  40.0731
  44.0962
  18.8759
  18.7495
  8.44433
  8.54005
  9.38214
  18.2003
   24.457
  24.5776
  22.9732
  24.4487
  21.5671
  5.73191
  1.00098
   2.3358
  6.36892
  16.4864
  13.5108
  8.32948
   5.9593
  23.3105
  16.4668
  25.9032
   1.1903
  6.45789
  5.48063
   18.627
  4.79913
  17.8908
   15.983
  16.8161
  19.5399
   5.1364
  25.6117
  4.57629
  9.06775
  3.00278
 0.941732
  5.09122
  25.2327
  34.9005
  39.2029
  13.1067
  1.22938
  13.5019
  2.34596
  10.2365
  9.49225
  19.3868
  15.8345
  3.84264
   5.4659
   25.326
  9.14852
  4.30804
  20.4243
 0.953532
  17.7835
  18.4444
  36.1457
  31.2787
  24.2697
  14.7186
  53.8838
  30.4864
  53.6942
  24.2917
  15.8528
  24.8319
  25.9016
  44.2519
  20.0409
   93.519
  69.3106
  11.0095
  15.0266
  26.8348
  13.1097
  0.92161
  8.27436
  57.8275
  81.9376
  26.5411
  36.1055
  53.4914
  27.3063
   38.466
  38.3912
  9.61801
  8.19097
    26.77
  5.36379
  28.8512
  5.99304
  42.4366
  17.9775
  23.9782
  44.3885
  25.3717
  10.8222
  7.14139
  5.22676
  1.92978
   32.922
  32.3181
  35.3746
  42.3564
  40.8032
  69.0438
  5.43379
  50.1017
  49.2156
  28.3907
  4.57709
  1.22368
  55.3959
  27.6711
 0.664106
  16.7556
  17.5986
  27.2012
  23.0076
  16.2329
  14.4109
  7.18653
  37.6206
  44.5562
  43.2505
  31.3094
  38.4133
  12.5377
  45.3956
  4.34196
  46.4781
  39.1616
  12.6275
   20.476
  19.4765
   25.722
  10.5369
  34.3713
  12.4504
  5.85709
  8.65711
  21.6308
  30.1114
  28.7861
  37.7613
  2.24886
  4.27827
  13.8033
 0.537046
  46.4499
   32.507
  20.2891
  22.9236
  23.4009
  16.1623
  18.7725
  24.0541
  34.6665
  59.6178
  54.7014
0.0942583
  23.3586
  6.65175
  18.4338
  39.8732
  29.3281
  46.6751
  58.5128
  60.6833
  33.9685
  51.2476
  32.1919
  16.6881
  7.24849
  7.83047
  14.2991
  18.2959
  17.6883
  55.2616
  61.6428
  34.4739
  43.8705
  10.7285
   14.066
  14.3122
  30.7366
  39.7229
  30.2452
   51.537
  62.1685
  6.31361
   16.291
  17.1271
  51.8152
  15.3183
  4.59141
  9.11284
  50.4649
  66.6995
  17.9286
  24.8107
    33.55
  57.2439
  61.9602
  42.0877
   35.592
  22.1329
  15.8827
   11.067
  1.62049
  20.2161
   37.338
  19.5424
  12.3337
  25.5897
  35.5853
  32.7321
  47.8453
  37.3082
  51.3114
  16.5844
  35.5772
  25.7866
   50.943
  20.2821
  44.8893
  40.1045
  60.7433
  36.0726
  38.5274
  40.5992
  14.0996
  27.2012
  7.77482
  9.78436
  1.67358
  55.9726
  63.6266
  39.4339
  10.4366
  8.61578
  3.90106
  14.0511
  43.1913
  38.7913
  50.3785
  54.3871
  42.9362
  1.19374
 0.107538
  39.0428
  45.3807
   44.575
  55.0055
  10.4684
  27.0279
  30.4934
   5.4266
  44.8837
  53.4296
  9.45673
  27.7589
  40.4641
  37.5059
   12.953
 0.314053
  65.6729
  36.4483
  27.8047
  41.7478
  57.9718
  32.8449
  29.0694
  0.02604
  49.5517
  21.2631
   40.232
  62.1095
  50.3868
  48.0713
  43.8675
  11.6878
  15.3331
  17.7628
  6.12453
  27.2987
  12.6663
  11.9222
    15.13
  11.3909
  58.8432
  29.2932
  13.1436
  16.3276
    3.237
  7.16122
  35.3132
  35.8945
  32.1155
   9.3371
  45.2389
  9.78063
  3.31296
  3.13059
  6.30355
   65.758
  11.2052
  2.82705
  5.54944
  34.2277
  51.4199
  45.6364
  40.9924
  63.1682
   54.449
  2.47271
  7.85142
   14.145
  8.48643
  14.6834
  43.5524
  43.4324
  36.0551
  27.3194
  8.36589