    3.67901
    5.78914
    12.7327
    7.12482
    5.48009
    6.62605
    2.04315
   0.894045
    4.65034
     3.2868
    14.6379
    16.8686
    7.52141
     2.5996
    2.33396
    5.80135
    10.0477
    10.1338
    7.32456
    9.72349
    3.37743
    6.93911
   0.351983
    4.36011
    24.0936
     26.723
    23.8182
    17.3324
    19.2552
    6.68367
    1.57602
    1.99118
    6.54787
   0.055969
    3.78315
    6.87548
     4.4675
    6.56615
   0.619282
    4.63287
     5.9679
    2.55656
    3.13809
    4.25339
    5.49115
    24.1626
    35.4955
    32.2482
    35.0085
     32.962
    2.16172
    5.59518
    4.46444
    17.8241
     1.3182
     6.1187
    20.9404
    8.74268
    23.9134
    10.6162
    6.20968
    2.99425
    6.15872
    2.66551
    6.10939
    4.22818
    5.69004
    10.4949
    11.3613
    4.19695
    2.72182
    10.5745
    14.2914
    3.76677
    16.7283
    2.98209
   0.350399
    13.1093
    22.6819
    15.4072
    15.9508
    24.4592
    17.6082
     24.883
   0.859717
    10.6546
    8.81662
    3.53824
    5.74641
    1.55053
    6.83829
    9.15454
   0.377437
    3.02039
    7.10061
    8.83173
    13.3758
    1.60465
    16.6015
    12.7095
    6.72489
    17.5004
    10.7562
    5.82262
    3.66703
     5.8431
    7.78789
   0.333333
    5.78172
      11.06
    9.57057
    1.69203
    4.44933
    4.47047
    6.91751
    1.58683
     3.1405
    1.51311
    3.69056
    5.54992
    12.3588
    11.9116
    10.7387
     10.365
    6.88976
   0.414683
    9.59089
    4.57143
    11.5355
    3.01073
    2.21155
    12.8607
    6.43447
   0.506799
    3.97515
    8.95079
    3.09599
    30.6556
    6.73061
    4.82958
   0.732395
    1.45895
    16.0344
    3.87806
    20.0396
     22.354
   0.689816
     3.4527
    4.87068
    13.7378
    2.94763
    7.71861
    9.38179
    20.7685
    8.11835
     4.6454
    17.6858
    5.24253
     32.659
    44.2481
    26.7433
    4.04375
    6.24066
    16.9098
    16.6075
    11.0768
    10.4201
    21.5281
    1.33565
    3.82416
    22.5489
    15.0359
    8.60624
     3.9706
    20.5831
     2.2032
    26.1855
    44.0826
    1.10798
    19.5361
    21.6678
    22.2895
    24.3904
     6.7947
    5.25226
    5.75751
    6.17134
    1.08402
   0.801627
   0.859717
    22.2264
    9.38407
    6.22271
    6.17868
    6.82348
    5.05294
0.000246384
    3.97247
    2.73199
    6.58586
    19.1666
     14.441
    6.40647
    4.40658
    3.08299
    2.62778
     43.279
    28.3372
    7.97532
    17.5104
    28.1936
    15.7991
    2.66955
    6.65146
   0.863856
    8.22895
    21.0125
    8.59486
   0.845331
    6.49397
    12.1919
     11.135
    11.8155
    6.52069
     3.9178
    5.77844
    9.68739
    5.55032
     10.155
    6.35872
    1.42331
    4.73657
    9.06808
    24.1539
    18.9539
    28.3568
    22.8697
    1.28329
    1.21863
    3.01924
    11.6552
    5.45127
    3.92325
    7.44067
    4.85548
    6.16817
    9.54848
    10.3895
    13.4386
    16.3689
    15.1589
    13.6181
    2.18309
    5.49725
    4.53488
    15.1635
     3.4556
    8.44245
     3.5508
    2.07765
    4.22338
    6.90361
      3.985
     12.815
    4.76141
    2.71341
    2.55662
    2.12661
    13.3108
    14.4023
    17.6415
    17.1774
     14.241
   0.774255
    5.51035
    11.2895
   0.107338
      6.436
     17.308
    28.1997
    17.8718
    1.64881
    25.1856
    9.30811
    7.48387
     1.8181
    20.4542
     5.1308
    2.62679
    10.8438
   0.384184
    2.44621
    7.09981
    7.60868
    35.2092
    1.86678
     4.0021
     11.777
    10.2059
    10.4985
    12.2418
     10.511
    8.19481
    29.8219
    47.1022
    38.6828
  0.0647946
    4.04946
    1.18644
   0.390152
     3.2402
    2.20043
    1.51647
    37.8727
    16.1023
     5.8259
    11.6103
    42.4375
    6.15143
    14.5683
     24.288
    18.1638
    1.52286
    14.8915
    5.76184
    7.68099
    11.0993
    22.4654
    11.0068
    6.14527
    2.43463
   0.844082
    17.9894
    15.6263
   0.495666
  0.0114384
    7.79584
    7.22252
    7.36467
    2.21647
    11.1598
    13.2266
    1.41692
    8.42892
     5.7887
    9.19585
    5.18816
    6.58787
     6.8578
     3.4867
    7.61026
     4.6335
    1.85976
    4.26502
    11.6333
    10.8712
    11.5389
    15.6012
    6.40815
     16.711
    5.89188
    4.84789
    8.87048
    5.87529
    8.06587
    3.97843
    9.40227
     2.6236
    5.32497
   0.571279
    4.24823
    4.91024
    2.96797
    1.91132
    9.32551
    12.7123
    3.88865
    1.77917
     4.5263
    7.14322
    2.35781
    4.00204
    7.47007
    23.2251
    19.0013
    22.4865
    28.2262
    5.88565
    1.16894
    25.4679
    6.42036
    21.2626
    2.86665
    7.30093
    1.04511
    3.42795
    24.4648
    11.7174
      3.845
    5.59301
     7.3244
    1.83815
    15.4172
    7.92905
   0.020414
    28.9514
    34.9748
    28.5521
   0.959799
    5.37452
    5.06038
    2.41134
    5.38058
  0.0647946
    3.66284
     44.333
    9.28911
    4.24486
    14.9892
    1.95451
    26.8713
    7.75238
    7.45981
    19.9722
    26.6584
    2.58573
    21.2079
    32.0131
      14.52
    19.1042
    19.2682
    4.00587
    8.54718
    10.1613
      15.55
  0.0405637
    2.04277
    5.75689
      7.376
    4.78304
    10.5945
   0.399953
     2.4901
     19.175
    12.2109
   0.788444
    6.86889
    3.78646
    10.2342
    7.96832
    2.89469
    18.6143
    7.53922
    7.36244
    18.6887
    10.3991
    9.11825
    12.3583
    6.85758
    9.56924
    2.88504
    17.8706
    26.0597
    19.6355
    16.3637
    11.9906
    4.99178
    1.98285
     10.741
    2.50279
    4.79447
    25.4551
    2.95158
  0.0836879
    7.36298
     7.0157
    11.9371
    7.68112
    11.5762
    40.0293
    31.9628
    1.25016
    7.44786
   0.917136
    1.10661
    3.71534
    29.6622
    40.6859
    11.5656
    31.3511
    16.3985
     2.8664
     10.009
    20.2202
    17.5733
    5.05678
    9.09658
    5.39191
    5.87593
    6.93329
    9.52517
    1.21325
    8.50465
    22.9043
    25.9532
     13.152
    8.49004
    9.37271
    4.87702
    7.28737
    8.03099
    27.4491
     8.8652
    23.4905
    1.55906
    33.3571
    6.95957
    23.4959
    40.2011
    26.4918
    6.51784
     33.593
    24.5458
    1.46343
    15.3787
    4.55755
    9.79203
    18.6795
    4.43237
    7.82948
    16.5433
    19.3277
    44.1411
    27.3796
    7.54704
    6.97572
    2.99008
    26.7852
    20.5472
    19.1223
    22.5114
    5.98801
    19.3704
    41.3998
    13.4144
    12.0191
    20.5887
    9.13245
    14.5485
    8.46179
    6.68414
    2.77948
     19.942
    12.1031
     20.811
    20.1374
    4.28494
    42.4515
    10.2167
   0.590652
    16.9173
    12.0235
     23.395
    39.3491
    15.3407
    21.5451
    15.5326
    15.7944
     2.7589
   0.669892
  0.0741044
    37.6487
    17.1687
    34.6125
    15.2579
    40.2834
    27.2766
    5.08896
     13.142
    24.9619
    14.1866
    28.2553
    7.86215
    4.83745
    22.8779
    18.3106
    7.52444
    15.8144
    1.19464
    24.5954
     3.7636
    1.11435
    11.9666
    14.1844
    10.7196
    25.0536
    27.1996
    23.9315
    11.9584
    17.8674
    29.4083
    9.11006
    17.0198
    38.0134
    27.0421
    6.91656
     14.528
    20.6939
    23.4424
    45.8595
    29.0343
    5.90583
     12.501
    21.0434
     9.2845
    17.6283
    8.51795
    12.0553
    24.3235
    9.51654
    22.2116
    15.6671
    12.9985
    12.1946
    11.6093
   0.120816
    8.50834
    12.5819
    9.00638
    10.4901
    3.39101
    5.14284
     17.922
    12.0267
    24.7397
    23.0483
    45.5724
    20.4583
    22.2831
    18.9419
    18.0305
    12.8498
    31.7989
    19.6214
    8.92096
    30.7934
    29.6669
    7.28646
    2.13436
    2.37651
    27.7741
      11.69
    22.8791
    8.32805
     23.985
    28.6317
    27.4971
    25.7961
    25.2713
    11.1503
    16.0659
    11.1503
    21.1148
    28.7621
    8.88164
    27.4989
    7.15635
    39.2545
    10.7861
    14.1092
    8.20547
    13.2687
    9.09027
    17.0467
    15.2937
    13.8057
    21.5542
    25.0327
    1.81344
   0.585401
    26.4791
     20.297
    23.0565
    14.5857
    2.58665
    11.6098
    17.2946
    23.9732
    24.7238
    23.5961
    2.74401
    16.3273
    15.4022
     5.7968
    6.82022
     8.3868
    11.1646
    21.7033
    8.61675
    4.69831
    10.5428
    11.3169
    45.3954
    39.9524
    30.6361
    2.16948
    3.83451
    13.0352
    39.9091
    18.1003
    22.9032
       9.71
    38.0918
    23.1165
    11.8205
    24.4525
    1.41328
   0.731626
    13.7111
    41.0051
    40.2072
    16.3916
    23.1317
    5.85881
    44.5629
    30.5251
    19.4482
    9.11414
    11.8686
    8.99032
    23.4082
    22.6658
    4.63942
    14.0688
    4.31092
    13.7353
   0.364118
    11.4016
    21.5715
    6.42687
    7.57178
    5.82882
    9.86778
    11.7369
    20.5731
    1.84416
    8.56439
    26.3011
    2.35707
    16.1344
    27.4901
    5.12624
    32.5331
    6.92046
    30.2867
     38.707
    38.2884
    5.44337
    27.2728
    9.34596
     7.6769
    9.31164
    4.66463
    14.9338
     2.1017
    18.2206
    31.5326
    24.7618
    20.9026
    9.24975
    4.04726
    5.13646
    13.1286
  0.0982535
    6.36822
    6.86739
     22.358
    8.28437
    6.30267
    25.1036
    30.7131
    23.0967
    21.0499
    35.2286
    14.4971
    5.13646
    19.9241
    6.25059
    9.72079