  49.1071
  47.4983
   21.469
  34.0625
  47.3105
  51.7119
  48.9337
   60.853
  34.7315
  13.3133
  17.5447
  27.8144
  7.67337
  24.4595
  43.5303
  47.1116
  51.6586
  28.1131
  13.0287
  14.7923
  18.3309
  28.3004
  52.5915
  24.9707
  49.3465
  16.3322
  23.9125
  47.0729
  48.0142
  46.9573
  23.4949
  31.8119
  15.6804
  51.2633
  31.7258
  59.0005
  45.7931
  59.4127
  58.9224
  15.0002
  54.4179
  41.5342
  47.3178
  46.0628
  48.3935
  31.1186
  13.5524
  49.8717
  24.8934
  39.2692
  33.9937
  29.1762
  32.7104
  45.0236
  34.6945
  46.1248
  43.3324
  32.3313
  61.7282
  50.0368
   38.221
   60.254
  59.3166
  37.6023
  35.7077
  26.6252
  46.7108
  50.1614
   55.771
  54.4829
  45.3639
  52.4403
  45.5476
  50.5181
  38.6833
  38.8153
  51.3117
  53.0917
  50.2153
  57.4847
  48.0984
   43.916
  55.9509
  48.9479
  51.1581
  38.7602
  42.9639
  32.7586
  40.7739
  54.3267
  20.5442
   47.362
  26.8086
  21.7687
   53.087
  60.9536
   26.564
  55.0981
  30.6752
  42.8114
  31.4748
  28.8172
  28.2593
  31.4968
   43.055
  27.8602
  29.1288
  55.0947
  50.8504
  42.8354
  30.6394
  48.0491
  52.2021
  47.2412
  40.9828
  31.7583
  50.6493
  44.6579
  54.3919
  26.3637
  45.4867
  16.5649
  28.9357
  47.3049
  25.5964
  47.1503
  57.4564
  56.3043
  57.7184
  48.8127
  24.7393
 0.801977
   5.4696
  42.2988
   9.2316
  9.30387
  2.08039
  4.12204
  1.42042
  3.89688
  2.13525
  3.43391
  38.9108
   50.281
  57.6498
  45.6932
  40.8798
  3.33802
  4.45056
  4.85088
  4.47525
  5.68699
   1.4348
  42.5445
  2.77124
  3.93492
  10.0525
  2.24514
  2.87536
  6.67999
  5.64202
  17.1956
  8.67267
 0.588059
  10.9272
  9.06428
  54.3999
  1.21479
  6.97531
  6.37522
 0.705699
  4.22047
  44.3023
   2.4204
  1.31267
 0.515875
  57.4748
  3.74222
 0.282825
  1.01861
  6.36977
  33.0985
  8.98927
    11.43
  10.2285
  5.89706
  49.6178
  47.0955
  1.23636
  2.24532
  26.4818
  6.49701
  11.6604
  8.23839
  21.5903
   2.4447
  1.67359
  8.18603
  29.6307
  9.42597
  7.22203
  9.37803
 0.631656
  1.85107
  4.91241
  3.98932
  1.38978
  41.2204
   43.727
  7.14544
  34.3068
  17.2064
  3.52008
  9.81995
  5.25216
  18.4485
  47.0086
  1.69441
  37.5408
  6.82585
  25.3295
   2.4039
  4.48789
  4.66436
  4.36665
  6.12628
  3.12432
  2.55463
  37.2533
  3.47316
  2.55193
  2.22762
  26.0984
  1.97366
 0.754917
   7.4453
   12.184
  10.6219
  1.43233
  9.82832
  8.90653
  24.7937
  1.07426
  5.55303
  3.67079
  4.47564
  4.53935
  10.5252
  0.40652
  8.95424
  4.11527
  36.5327
  8.05179
   9.4299
  1.89719
  4.10784
  4.52412
  7.84482
  3.48004
  22.2485
  10.9413
 0.737738
  23.5516
  2.95446
   15.331
  11.0853
  26.4647
  10.2861
  0.33023
   4.2328
  3.92895
  5.74786
  7.79851
  10.2784
   3.9736
  5.64027
  7.67159
  0.36685
  22.3997
  8.34414
0.0631024
 0.714541
  5.43335
  8.01167
 0.584988
  1.87607
  4.06606
   9.3395
  10.6529
  3.00792
  11.6335
   5.6306
    4.962
  11.4637
  1.15332
  4.89606
  8.88947
  7.91797
  1.52825
  11.0368
  16.1092
  2.97931
  7.12028
  8.30821
  5.81889
  44.1753
  30.6534
 0.866114
  5.97841
  7.95942
  1.86334
  2.98411
 0.127733
  7.95062
  11.7254
  5.28845
 0.970988
  1.16301
  6.17026
   5.1402
  3.93135
  1.13522
  18.2336
  9.26626
  31.1011
  12.3942
  2.45408
  10.1535
  2.95041
  5.07361
  1.76498
  4.24785
  6.08811
  2.60945
  49.1688
  49.0895
  5.31998
  49.5917
  5.23383