200 180.138
201 193.109
202 187.417
203 196.376
204 185.86
205 195.723
206 184.332
207 199.868
208 209.578
209 189.033
210 202.705
211 203.787
212 191.007
213 195.818
214 202.366
215 191.782
216 182.729
217 183.696
218 189.675
219 180.238
220 186.079
221 190.187
222 188.891
223 185.152
224 193.86
225 195.152
226 188.443
227 190.378
228 188.123
229 189.675
230 188.47
231 190.975
232 185.381
233 197.009
234 196.754
235 196.317
236 190.587
237 203.376
238 193.727
239 189.069
240 195.722
241 194.901
242 200.933
243 188.912
244 189.321
245 188.854
246 186.89
247 197.088
248 198.569
249 203.35
250 200.352
251 199.131
252 196.856
253 205.833
254 201.575
255 211.162
256 209.768
257 219.114
258 239.941
259 222.057
260 208.86
261 209.569
262 213.117
263 229.122
264 223.515
265 225.122
266 240.813
267 199.199
268 220.61
269 195.286
270 230.343
271 210.471
272 210.096
273 215.41
274 215.357
275 210.094
276 216.243
277 212.447
278 202.015
279 203.478
280 206.49
281 200.489
282 210.98
283 207.315
284 170.694
285 169.507
286 176.052
287 165.545
288 208.284
289 191.268
290 184.677
291 184.544
292 181.774
293 192.096
294 190.521
295 192.569
296 187.839
297 181.995
298 185.49
299 230.189
300 181.152
301 179.594
302 172.299
303 171.261
304 212.587
305 208.751
306 209.807
307 222.95
308 215.225
309 223.086
310 229.39
311 231.15
312 234.802
313 228.279
314 244.157
315 241.718
316 243.094
317 242.891
318 244.34
319 234.343
320 240.254
321 251.181
322 246.875
323 241.031
324 211.991
325 218.523
326 212.96
327 206.808
328 208.388
329 218.609
330 213.598
331 212.66
332 214.735
333 212.462
334 210.64
335 207.477
336 206.983
337 204.764
338 206.468
339 220.685
340 220.634
341 218.014
342 206.797
343 211.815
344 201.391
345 218.845
346 216.802
347 224.166
348 226.665
349 220.244
350 225.677
351 224.822
352 211.86
353 223.221
354 231.366
355 223.592
356 229.101
357 219.045
358 220.929
359 216.342
360 214.537
361 201.217
362 207.547
363 208.218
364 207.07
365 203.394
366 190.553
367 190.087
368 188.405
369 188.991
370 188.882
371 187.74
372 188.132
373 188.794
374 188.222
375 188.245
376 189.313
377 190.129
378 189.088
379 189.349
380 190.301
381 190.928
382 191.743
383 190.757
384 190.475
385 191.214
386 191.323
387 176.859
388 176.135
389 172.852
390 171.705
391 173.51
392 174.862
393 172.243
394 170.212
395 172.965
396 172.716
397 169.227
398 171.563
399 170.608
400 172.741
401 172.425
402 173.698
403 173.9
404 170.834
405 173.911
406 174.721
407 173.39
408 174.209
409 174.964
410 171.915
411 174.348
412 175.48
413 173.422
414 172.777
415 171.69
416 172.792
417 172.859
418 159.653
419 156.698
420 173.608
421 173.24
422 175.592
423 164.978
424 158.544
425 167
426 170.671
427 168.94
428 164.707
429 161.77
430 160.03
431 166.627
432 160.573
433 154.442
434 152.499
435 156.356
436 157.265
437 157.921
438 146.502
439 151.597
440 149.317
441 145.977
442 153.441
443 154.498
444 147.301
445 153.847
446 150.732
447 154.462
448 152.725
449 155.307
450 155.338
451 152.101
452 148.073
453 146.705
454 145.108
455 145.263
456 149.015
457 143.129
458 151.93
459 155.977
460 153.247
461 146.834
462 150.159
463 141.986
464 139.083
465 143.012
466 142.126
467 148.525
468 145.159
469 142.857
470 149.23
471 163.633
472 154.011
473 141.889
474 144.265
475 139.425
476 136.641
477 140.669
478 140.697
479 141.704
480 143.004
481 146.049
482 144.274
483 146.785
484 144.728
485 146.971
486 143.856
487 145.679
488 140.985
489 139.022
490 139.137
491 140.927
492 138.918
493 146.138
494 140.221
495 139.382
496 147.803
497 135.308
498 140.637
499 144.106
500 144.514
501 151.195
502 155.675
503 154.978
504 163.989
505 171.188
506 170.049
507 174.329
508 181.094
509 182.876
510 181.187
511 177.609
512 174.925
513 175.491
514 171.43
515 167.659
516 166.649
517 168.826
518 167.404
519 169.034
520 160.398
521 163.871
522 163.263
523 161.261
524 179.537
525 174.274
526 170.177
527 167.285
528 174.599
529 169.749
530 175.489
531 178.941
532 163.108
533 174.312
534 175.599
535 177.054
536 162.381
537 169.494
538 165.373
539 171.935
540 167.283
541 166.704
542 168.873
543 175.301
544 177.08
545 171.623
546 174.643
547 170.594
548 171.781
549 166.196
550 169.056
551 161.525
552 170.585
553 170.966
554 165.069
555 167.763
556 161.427
557 162.382
558 159.523
559 156.428
560 159.77
561 161.231
562 162.437
563 157.427
564 164.785
565 154.581
566 161.116
567 158.581
568 165.495
569 166.704
570 169.956
571 171.296
572 178.229
573 180.468
574 183.372
575 181.018
576 184.068
577 182.404
578 188.061
579 187.434
580 193.63
581 188.156
582 181.357
583 180.737
584 175.751
585 182.823
586 180.06
587 189.067
588 181.297
589 183.944
590 179.113
591 176.698
592 176.917
593 172.95
594 168.506
595 168.868
596 160.68
597 171.466
598 172.407
599 168.994
600 170.021
601 169.224
602 169.194
603 172.292
604 164.792
605 179.815
606 184.312
607 180.732
608 184.354
609 181.324
610 191.215
611 186.425
612 185.793
613 179.041
614 194.35
615 196.8
616 176.133
617 187.663
618 193.964
619 194.861
620 196.914
621 194.47
622 192.687
623 190.535
624 187.009
625 183.755
626 186.432
627 180.448
628 176.379
629 176.273
630 177.778
631 184.691
632 192.171
633 196.12
634 192.152
635 195.695
636 195.389
637 183.501
638 178.223
639 178.153
640 162.051
641 158.419
642 181.815
643 178.461
644 191.843
645 191.662
646 191.3
647 190.476
648 188.176
649 196.247
650 197.074
651 195.784
652 191.315
653 190.151
654 195.894
655 190.966
656 190.216
657 187.713
658 191.526
659 189.864
660 191.568
661 191.53
662 193.722
663 191.766
664 193.878
665 193.936
666 205.643
667 191.403
668 195.252
669 194.668
670 191.552
671 190.154
672 191.615
673 191.065
674 194.677
675 196.966
676 203.144
677 200.465
678 193.961
679 194.998
680 189.532
681 194.974
682 192.556
683 194.498
684 194.986
685 196.046
686 192.512
687 198.337
688 190.646
689 199.778
690 192.131
691 192.803
692 190.573
693 195.14
694 193.849
695 193.474
696 191.31
697 192.757
698 196.186
699 189.952
700 192.17
701 191.259
702 194.628
703 193.336
704 194.031
705 203.847
706 194.238
707 192.997
708 191.488
709 192.433
710 190.067
711 188.315
712 189.651
713 195.021
714 194.94
715 197.318
716 193.679
717 197.633
718 193.084
719 195.352
720 195.529
721 198.335
722 195.85
723 196.286
724 199.611
725 200.992
726 201.989
727 203.289
728 204.38
729 200.748
730 200.33
731 199.346
732 201.619
733 201.539
734 204.851
735 203.642
736 203.689
737 206.1
738 207.71
739 204.623
740 208.585
741 217.727
742 234.367
743 233.827
744 195.696
745 205.167
746 189.622
747 188.46
748 185.827
749 204.422
750 198.23
751 198.311
752 199.275
753 196.529
754 202.497
755 201.236
756 198.296
757 193.848
758 183.416
759 180.925
760 182.024
761 183.734
762 196.131
763 198.44
764 200.926
765 200.598
766 201.307
767 204.501
768 204.154
769 202.507
770 204.376
771 201.984
772 200.316
773 204.016
774 223.722
775 207.88
776 209.206
777 223.367
778 203.843
779 218.534
780 204.309
781 205.77
782 203.295
783 202.92
784 202.218
785 202.171
786 200.495
787 202.266
788 203.385
789 203.544
790 207.787
791 206.54
792 201.701
793 204.051
794 198.286
795 180.819
796 188.309
797 183.299
798 184.539
799 203.612
800 194.283
801 167.494
802 162.521
803 174.817
804 152.049
805 180.936
806 184.584
807 189.93
808 187.391
809 174.822
810 177.818
811 176.487
812 180.555
813 190.664
814 187.562
815 192.445
816 191.222
817 194.577
818 193.884
819 208.063
820 204.763
821 206.692
822 209.893
823 212.107
824 206.968
825 203.17
826 187.527
827 172.727
828 167.196
829 170.575
830 166.274
831 162.774
832 155.925
833 154.7
834 150.962
835 149.902
836 154.607
837 154.321
838 157.901
839 160.58
840 162.657
841 156.821
842 160.131
843 160.805
844 159.923
845 155.2
846 153.266
847 155.187
848 149.713
849 154.165
850 156.35
851 151.58
852 145.937
853 151.216
854 147.989
855 151.176
856 137.629
857 143.622
858 128.174
859 126.502
860 121.459
861 122.378
862 125.7
863 125.645
864 118.296
865 124.359
866 118.201
867 115.338
868 115.664
869 121.67
870 127.723
871 123.539
872 134.138
873 136.252
874 131.046
875 137.196
876 138.396
877 137.848
879 106.912
880 109.34
881 102.232
882 104.457
883 103.334
884 98.4018
885 98.6382
886 98.3978
887 98.9127
888 102.31
