0.651322
 2.48782
 2.54622
 3.31552
 3.96358
 4.19194
 4.48349
 4.74294
 5.00014
 5.45391
 5.69544
 5.95552
 6.20997
 6.24131
 6.41439
 6.45366
  6.9868
 7.04299
 7.25345
 7.29386
 7.70533
 7.71108
 7.86443
 7.87373
 7.94459
 8.33758
 8.38192
 8.49994
 8.56048
 8.67852
 8.73492
 8.88947
  8.9743
 9.15816
 9.19211
 9.31435
 9.37081
  9.6263
 9.79801
 9.83032
 10.0461
 10.3496
 10.5034
 10.6399
 10.7016
 10.7586
 10.8227
  10.863
  10.878
 11.0771
  11.109
 11.2357
 11.3459
 11.3666
 11.5311
  11.643
 11.6435
 11.7602
 11.8238
 11.8777
 12.0201
 12.0585
 12.1166
 12.1517
 12.2482
 12.3958
  12.641
  12.724
 12.8301
 12.8334
 12.8767
 12.9318
 13.0664
 13.1007
 13.1555
  13.319
 13.3914
 13.4015
 13.4087
 13.4437
 13.5084
 13.6597
 13.8557
 14.0877
 14.1035
 14.1067
 14.1786
 14.3775
 14.4262
 14.5483
 14.6677
 14.6782
 14.7507
 15.0741
 15.1569
 15.1643
 15.5681
 15.9048
 16.1338
  16.165
 16.1928
 16.3732
 16.4438
 16.4676
 16.5928
 17.0374
  17.056
 17.1535
 17.4762
 17.5339
  17.688
 17.8356
 17.9301
 17.9544
 18.0351
 18.1768
   18.18
 18.2061
 18.9202
 18.9504
 19.0357
 19.1936
 19.2223
 19.3788
 19.4363
 19.9804
 20.4351
 20.6615
 21.2917
 21.7298
 21.7772
 21.8441
 22.0143
 22.0898
  22.271
 22.3709
 22.4987
 22.5113
 22.6767
 22.9233
  23.065
 23.0907
 23.0986
   23.12
  23.364
 23.3853
  23.618
  23.621
 23.8874
 24.0128
 24.1588
 24.3273
 24.4123
 24.4621
 24.5122
 24.6567
 24.7647
 24.7662
 24.9447
 24.9501
  25.013
 25.2171
  25.234
 25.4089
 25.4241
 25.4552
 25.6572
 25.7322
 25.8286
 25.8464
  25.985
 26.3744
 26.4144
 26.4479
 26.4666
 26.4708
 26.4915
 26.4971
 26.5879
 26.7691
 26.8165
 26.9528
 27.0101
 27.0643
 27.1026
 27.1955
  27.207
 27.2204
 27.6065
 27.6151
 27.9927
 28.0789
 28.0953
 28.3253
 28.3772
 28.3823
 28.5364
 28.5828
 28.5985
 28.7151
 28.8322
  29.125
  29.137
 29.2524
 29.2618
  29.344
 29.4585
 29.4958
 29.5165
  29.725
 29.9347
 29.9349
 29.9627
 29.9981
 30.0284
 30.0488
 30.1038
 30.1909
  30.194
  30.277
 30.3559
 30.3876
 30.4307
 30.4561
  30.476
 30.8452
 30.8523
 30.9257
 30.9526
 31.1461
 31.1881
  31.214
 31.3766
 31.5309
 31.5483
  31.699
 31.7284
 31.7591
 31.7799
 31.8687
 31.9646
  31.996
 32.1083
 32.1227
 32.3426
 32.4928
 32.5016
 32.5797
 32.7014
  32.741
 32.8587
 32.9432
 32.9527
 33.0415
 33.1266
 33.2056
 33.2058
 33.2267
 33.2481
 33.3335
 33.4515
 33.5497
 33.6383
 33.7034
 33.8195
 33.8882
 33.8954
 34.2569
 34.3568
 34.7851
 34.8596
 35.1254
 35.1511
 35.1513
 35.1595
 35.1979
 35.3971
 35.4446
 35.5486
 35.5921
 35.5981
 35.7619
 35.8137
 35.8322
 35.9174
 36.0439
 36.0937
 36.2604
 36.3798
 36.4452
 36.6618
 36.8464
 36.8513
 36.9292
 36.9389
 37.0322
 37.1001
 37.1052
 37.1867
 37.2708
 37.3145
 37.4006
 37.5529
 37.6352
 37.6513
 37.6803
 37.7905
 37.8553
 38.0709
 38.0906
 38.1666
 38.1919
 38.2003
 38.2516
 38.2796
 38.6067
 38.6077
 38.6674
 38.7627
 39.0173
 39.2497
 39.3334
 39.4476
 39.5299
 39.6221
 39.9962
 40.0028
 40.0324
 40.0383
  40.048
 40.2328
 40.2514
 40.4186
 40.5487
 40.7017
 40.7287
 41.0357
 41.0391
 41.0398
 41.0696
  41.117
 41.4039
 41.4844
 41.7961
 41.9573
 42.0055
 42.1727
 42.1946
 42.4446
   42.51
 42.7124
 42.7359
 42.7589
 42.7832
 42.7954
 42.7997
 42.8021
 42.8578
 42.8727
 42.9455
   43.36
 43.3992
 43.4767
 43.6289
 43.8355
 43.8949
 44.0164
  44.028
 44.2433
 44.3221
 44.3515
 44.3988
 44.4332
 44.5303
 44.6188
 44.6297
 44.6329
 44.7986
   44.82
 44.8213
 44.8749
  44.927
 44.9727
 44.9918
 45.1733
 45.3722
  45.424
 45.5424
 45.6512
 45.7413
 45.7801
 45.8538
 46.3125
 46.3379
 46.4132
 46.5289
 46.5531
 46.5994
 47.0058
 47.0333
 47.2385
 47.2879
 47.3337
 47.3425
 47.4245
 47.4785
 47.8478
 47.9048
 47.9935
 48.0742
 48.1459
 48.4548
 48.6674
 48.9633
 49.1227
 49.2468
 49.2944
 49.2961
  49.459
 49.5098
 49.6839
 49.8483
 49.9648
  50.053
 50.0652
 50.2637
 50.2925
 50.2964
 50.3243
 50.4049
  50.441
 50.4925
 50.5011
  50.647
 50.6786
 50.9325
 51.0031
 51.0322
 51.0911
 51.1737
 51.1762
 51.3133
 51.3474
 51.8772
 52.1451
 52.2662
 52.4616
 52.5133
 52.9358
 52.9659
 53.0341
 53.3682
 53.4647
 53.4689
 53.5195
 53.6646
 53.7227
 53.8277
 53.9784
 54.0649
 54.0684
 54.0793
 54.1581
 54.3523
 54.5357
 54.7579
 55.0455
 55.2655
 55.2664
 55.3182
  55.402
 55.5547
 55.5785
  55.673
 55.8344
 55.8847
 55.9129
 55.9195
 56.2003
 56.3343
 56.3877
 56.4627
 56.5538
 56.5576
 56.6295
 56.9237
 57.0867
 57.2202
 57.2562
 57.2997
 57.4367
 57.4834
 57.5382
 57.5437
 57.8358
  58.054
 58.4331
 58.5747
 58.5955
  58.647
 59.1341
 59.2997
 59.3177
 59.5861
 59.6193
 59.6625
 59.7441
  59.766
 59.7929
 59.8204
 59.8703
   59.94
 60.3687
 60.4465
 60.4472
 60.6737
 60.7914
 60.8881
 60.9142
 60.9824
 61.1884
 61.2647
 61.3033
 61.7224
 61.9286
 62.0125
 62.0423
 62.0541
 62.0783
 62.2549
 62.3023
 62.3648
 62.4496
 62.5213
 62.6063
 62.7664
 62.8726
 62.9333
 63.0608
 63.3855
 63.6037
 63.8044
 63.9077
 63.9758
 64.0054
 64.0442
 64.2048
 64.3503
 64.3802
  64.819
 65.1881
 65.1969
 65.8313
 65.9818
 66.4125
 66.7382
 66.7894
 67.0108
 67.1732
 67.2361
 67.2502
 67.3883
  68.061
 68.1406
 68.2992
 68.3422
 68.3649
 68.5713
 69.1153
 69.1225
 69.1863
 69.6918
  70.187
 70.3956
 70.4988
 70.6021
 70.8244
 71.0974
 71.1388
 71.3794
 71.5136
 71.5676
 71.6123
 71.6989
  72.004
 72.2287
 72.2537
 72.2539
 72.3187
 72.9952
 73.0202
 73.0687
 73.2749
 73.8688
 74.0219
 74.0712
 74.0771
   74.28
 74.4279
 74.6026
 74.6402
 74.9204
 75.1151
 75.1913
 75.4581
 75.6463
 76.2655
 76.5556
 76.6792
 76.7219
 76.7263
 76.7701
  76.885
  77.568
 77.7394
  77.826
 78.2127
 78.5646
 78.8176
 79.1709
 79.2263
 79.6804
 79.8555
 79.9101
 79.9255
 79.9782
 80.1604
 80.1861
 80.5354
 80.7347
 80.9444
 81.1621
 81.1967
 81.2374
 81.5206
 81.6932
 82.5914
 82.8385
 83.1551
 83.4566
 83.5061
 84.1136
 84.1741
 84.2775
  84.377
 84.5573
 84.9871
 85.2173
 85.3095
 85.4129
 85.4752
 85.8116
 86.3165
 86.6236
 87.0606
 87.0732
 87.3712
 87.6237
 87.7903
 87.8096
 87.8922
 88.0177
 88.0458
 88.1358
 88.6429
 89.4118
 89.7913