 0.883185
  22.5969
 0.116593
  14.8863
  13.0114
  8.88953
  2.81843
   12.951
  5.88031
  26.0105
  19.5774
  9.99015
  26.3759
   24.229
  20.1537
  11.0908
  6.17383
  23.5777
  9.66337
  13.7862
  18.9508
  11.8624
  27.4385
  22.7054
  25.5753
  34.5211
  28.4001
  6.08772
  5.49394
  14.1631
  7.18702
  16.2033
   38.999
  21.5557
  20.7883
  18.7095
  5.58996
  9.77474
  11.7784
  8.15182
   8.0091
  13.9357
  5.67446
  1.93999
  4.39422
  8.90139
  12.1668
  5.88375
  10.9559
  1.17736
  10.5662
  11.1395
  18.0131
  17.7868
  6.33248
  33.1109
  8.14189
  4.98924
  2.06225
 0.822153
  5.64825
  11.4626
   9.4802
  25.9139
  9.43244
 0.507496
  18.2877
  35.4042
  20.3527
  20.8554
  23.9236
  4.96235
  4.98061
   5.3432
  17.8115
  38.0081
  14.1975
  22.2884
  5.44695
  3.04605
  12.2453
  4.94774
  1.50303
  6.35509
  16.0367
  18.2476
  10.8636
  11.3196
  6.10727
  14.6712
  3.09863
  3.06492
  24.9757
  36.9653
  16.0195
  4.01188
  29.3756
  16.5228
  18.0907
  29.1522
  2.13476
  17.1078
  17.2323
   1.8224
  3.78514
  5.11323
  33.1873
   28.534
  29.2956
  19.1087
  6.88439
   5.0871
   3.4771
  3.40751
  3.73999
  5.88694
  8.28435
   6.7866
   10.475
  15.9894
  44.0467
  0.62457
  14.6814
  11.1818
  11.5785
   8.9692
  10.8823
  14.2593
  15.9288
 0.602933
  7.71598
  9.36683
  19.2377
  2.39125
  3.05517
  24.9873
  28.0329
  4.84268
   20.646
  10.9675
  29.5623
  25.1036
  12.2728
  13.6236
 0.719271
  20.2482
  19.7111
  21.3528
   31.633
  15.0189
  18.9109
  28.5628
  4.19651
   5.0182
  6.52084
  27.4733
  21.1981
  11.4869
   21.598
  17.1601
 0.710882
  23.7857
  7.62579
  2.61075
  5.93637
   6.2042
  16.3224
  9.41737
   17.946
  33.4155
  7.97136
  22.1116
  15.6285
  27.7435
  6.02647
  1.98443
  8.27164
  20.0596
  13.5581
   7.0644
  16.1948
  16.5648
    3.859
  19.7938
  18.1665
  15.6902
  6.77215
   5.3451
  7.86642
  12.0272
  28.5122
 0.726307
   7.4554
  13.5641
  9.51494
  30.9799
  18.3892
  10.9192
  11.0311
   21.329
  4.56451
  6.97389
  30.3131
  25.3538
  2.77985
  34.8648
  20.7154
 0.524399
  5.09427
 0.974168
  9.93791
  11.5026
  44.5367
  22.9112
  37.1868
  6.85865
  17.3629
  18.0709
  7.51906
  34.0383
  20.0513
  3.95633
  2.14013
  1.27579
  9.75771
  7.26319
  15.1959
  7.84322
  10.4237
  10.1863
  13.8123
  26.9293
  25.7608
   19.853
   17.617
  27.4487
  26.5876
  10.5873
  12.6146
  7.02345
  10.3567
   5.3336
  4.50046
  14.9562
  15.9868
  4.00433
  5.40769
   5.5717
  16.1276
  4.94533
   15.786
  10.1087
  16.2713
  21.9328
  18.0558
  10.3791
  5.62912
  1.92682
  12.6444
  26.1774
  5.15481
  11.3395
 0.799463
  6.65623
  2.75898
 0.895407
  19.7964
   22.479
  7.89268
  6.10353
  5.80191
  16.3945
  9.12932
  8.21364
  11.2353
  10.5465
  10.6533
  19.9333
   20.727
  35.7121
  0.86412
 0.307054
  6.12635
  15.7941
  32.2989
  21.3583
   18.244
  25.3438
  22.8392
  12.9815
   1.4253
  10.8567
  23.1448
  1.85983
  1.23236
  15.4129
  27.5937
  22.6773
  5.61094
  20.8173
  30.2704
  21.5735
  17.2348
   40.391
  25.0554
  3.22903
 0.836775
 0.489826
  2.82734
  23.0905
  14.8606
  43.5902
  9.08034
   6.2582
  6.80386
  9.09057
 0.859838
  5.96489
  31.4393
  27.8812
  19.5539
  10.7648
  7.53006
  32.9658
  24.0723
  26.9951
  2.10349
  34.2622
  12.0636
  37.2655
  8.84315
  8.36003
  37.9364
  24.1287
  9.38985
   10.536
  17.1476
   3.6588
  7.54631
  0.77085
  9.76367
  9.18302
  30.9516
  15.2635
  10.7591
  12.6482
  11.7526
   28.719
  13.1171
  20.3984
  3.70457
  2.02207
  21.0811
  31.4246
  19.2184
 0.114843
  33.5848
  33.3239
  27.3965
  1.48107
    23.77
  2.01662
  3.88623
 0.321893
  6.91894
  6.28843
  30.8578
  23.5503
  5.07788
  19.0685
    30.37
  34.5937
  16.9194
0.0079801
  17.5669
   5.0126
0.0567667
  26.5032
 0.671918
  1.99999
  6.92538
  5.42948
  13.3846
  19.6643
   29.975
  34.5937
  30.3203
  21.3642
  25.9635
  3.11636
  2.37346
  0.87328
  12.6768
  6.85588
  27.4023
  12.6335
  19.1028
  35.5031
  15.2861
  22.8861
  26.2341
  28.3371
  28.1002
  33.7678
  10.0224
  12.2819
  5.11488
  8.33608
  3.27768
  5.98966
   6.0053
  1.91315
  3.46582
  13.5308
 0.602152
  14.9136
  15.2395
  35.2789
  10.8099
  5.96156
  18.7519
  33.5617
  9.17777
  11.2952
   9.0709
  9.27324
  14.6811
  19.3711
  32.2979
  23.8268
  7.30107
  30.9918
  7.38682
  12.4193
  31.7852
  10.1625
  20.5299
  3.90228
  33.6675
  8.46321
  17.1611
  32.9654
  32.4249
  10.8109
  5.86656
  33.4676
  13.9442
  5.82921
  31.9405
  12.9964
  7.65475
   10.974
  5.06482
  18.3782
  13.0456
  7.45535
  26.3029
  3.16393
  15.1544
  9.73928
   3.2009
  5.00513
  30.9835
  25.6569
  30.0018
  7.24507
  8.80387
  17.9117
  10.5695
  20.2808
   15.424
  3.07884
  7.66461
  4.22471
  17.2613
  1.30323
  7.45932
  10.2933
  13.3562
  1.94616
  14.4967
  12.2282
  9.04018
  4.88052
  21.7536
  12.7751
   1.0504
  4.85588
  4.08712
  5.84217
  21.0889
  17.8017
    9.848
  6.76515
  10.6862
  7.25664
  2.05947
  5.37852
  3.88557
  1.57834
  12.9304
  15.6584
  31.4316
  35.2565
  25.5401
  18.8516
  2.29092
  32.7165
  21.9771
    24.38
  20.2903
  29.8388
  15.9529
  12.7344
  10.2455
  43.1107
  4.41196
 0.786907
  11.2666
  14.5818
  14.2472
  3.24306
  2.54559
  4.92771
  12.4506
  0.82072
  22.7445
  7.47535
  5.63868
  29.9128
  11.0257
 0.829524
  7.50562
  17.6236
  28.1068
  8.29979
  28.8228
  20.6369
  21.4164
  30.0993
  32.6025
  14.2189
  23.1013
 0.241302
  3.09541
  8.53465
  25.7971
  5.93496
  16.5638
  10.8723
  10.7621
  34.0669
  29.0266
  23.3471
  3.80207
  22.6039
  31.3176
  17.4108
  4.06445
   29.897
 0.419399
  29.2667
  34.5799
  13.4133
   3.7683
   18.357
  22.6267
  4.00845
   22.828
  26.0044
  9.19533
     10.8
  9.31416
  30.9646
 0.864651
  32.3587
  22.9712
  8.27704
  33.9086
   13.157
  21.6978
 0.712046
  27.7084
  8.07137
  30.4864
  7.39188
  6.16188
 0.495944
  18.3588
  5.41104
  22.1248
  24.3556
  33.3295
  31.0523
  7.94425
  20.5279
  5.01941
  3.22952
  10.4568
  31.0071
 0.135042
  6.99494
  16.7345
  10.4696
  20.2474
  32.7959
 0.481411
  27.2459
  8.12993
  9.39707
 0.968543
  9.09697
  2.06717
  7.73635
  15.7992
  35.8834
  16.3236
    15.06
  33.6068
  5.41776
  24.0912
  26.3963
  22.2832
  13.3136
  16.4097
  10.5652
  2.09347
  15.4396
  8.29782
  26.6804
   4.4697
  4.68266
  4.54966
  13.1986
  16.6535
  9.97294
  15.6627
  7.56853
  7.62756
  4.46333
  8.02666
  10.2876
  47.9603
  25.7985
  15.2554
  35.4136
  14.6285
  21.2302
   19.986
  9.14118
  9.93532
  1.88046
  7.58168
  5.99662
  18.1725
  16.6922
   28.264
  34.2108
  6.02588
   6.9383
  5.57165
  7.04941
  22.9539
  50.0257
  1.09691
  8.90707
  8.21245
  47.2674
  7.24996
  5.89275
  24.0924
  44.7065
  16.0017
  47.1825
  20.9965
  32.2458
   21.894
  3.99604
  8.75566
  32.2138
  33.2904
  11.0674
  20.8856
  17.5366
  8.02932
  12.2059
 0.686984
  29.2464
  43.7302
  8.86709
  8.78206
  9.99269
  9.05379
  9.59807
  9.00968
  1.53607
  11.9414
  20.7439
  12.5198
  34.1984
  45.1159
  42.5915
  26.5676
  30.5468
  21.5089
  6.67022
  3.68372
  5.73047
0.0769708
  14.2711
  9.20709
  17.3785
  14.5776
  11.6793
   57.038
  3.88156
  6.12591
  13.7566
  41.3051
  23.6374
  11.8301
  3.10714
  13.2037
   38.408
  27.1693
  5.39557
    5.701
  13.9464
 0.579771
 0.768978
  59.1706
  8.56586
  23.4704
  15.8896
  15.6181
  5.99729
  3.53051
  16.5189
  10.1066
  8.21549
  10.7502
  4.07624
  3.50097
  14.9733
  20.6607
  20.8847
  12.3214
  1.78832
  33.4246
  16.5884
  0.20783
  21.9303
  12.6084
  42.5557
  52.2179
  17.7865
  9.99535
  7.60875
  33.6859
  1.54103
  19.8459
  3.82479
  4.28024
  13.0682
  5.88548
  21.2347
  9.49016
  21.8081
  4.42508
  43.1253
  12.0234
  9.96157
  22.1378
  20.7913
  41.2417
  15.3249
  16.5593
  16.4104
  11.9687
 0.472817
   42.558
  24.9776
  35.2837
  33.0177
  8.97737
  1.65352
  15.3855
  10.3621
  15.2496
  3.94091
  31.1683
  22.7141
  5.70304
  10.3512
0.0378508
   18.155
  25.3365
  13.3755
 0.473029
  14.1887
  10.0992
  9.51968
  19.1248
 0.465372
  8.49453
  16.3992
  20.5314
  4.79905
  31.9071
  2.56903
  17.5922
  6.35593
  14.9137
  14.0024
  10.0909
  4.33011
  10.8557
  18.3277
 0.355982
  3.77894
  11.9961
  5.45768
  16.3432
  22.5209
  40.7787
  7.39097
 0.555357
  21.5763
  34.5873
  19.6084
  6.54221
  20.8041
  3.61722
  34.5072
  4.27287
  3.37179
   11.284
   12.589
  3.39886
  14.3603
  15.2597
  13.2881
  1.62115
  7.68997
  47.1571
  23.4405
  6.57986
  18.2876
  4.77676
  32.7657
  9.30886
  4.97589
  8.20414
  22.0237
  5.93436
  13.0854
  13.2152
  27.4038
  16.3476
  14.1119
 0.401407
   2.3015
  8.66717
  5.25058
  12.3132
  9.95937
  12.6194
  36.5202
  4.95753
  3.18868
  11.3499
   4.3961
  16.0048
  7.15696
   29.838
  10.8633
  10.1805
  23.6289
  13.2472
   14.269
  4.49546
  7.38741
  5.72255
  10.5348
  3.56128
  5.25919
  21.6553
  22.6045
   25.695
  1.74322
  28.2764
  42.6327
  13.1646
  10.5976
  28.2979
  17.9031
  40.4306
  30.1698
  2.57853
  36.4373
  25.9149
  12.4592
  4.13692
  5.72417
  18.8089
  23.4274
  24.0213
  14.6768
  44.7023
  2.34251
  15.3341
  26.2599
    22.47
  9.93802
  12.7977
  19.8453
  11.8651
  46.8734
  0.98297
  49.9336
  37.7208
  7.34251
  17.2574
  1.49435
  8.66578
  13.1522
  9.30886
  15.0474
  11.5898
   39.694
  51.4074
  47.3117
  38.2975
   2.4531
  34.8954
  17.5461
  3.13575
 0.897833
  14.3924
  49.9362
  18.2389
  9.09961
  33.6381
0.0677014
  46.1553
 0.867794
  47.6783
 0.687869
  9.68826
  11.9209
  6.89192
 0.362405
  7.22201
  1.77169
  13.8798
  12.5107
  3.68641
  3.75817
  20.3352
  28.5379
  21.9301
  46.8712
  17.6417
  3.95764
  7.84907
  46.4363
  15.8027
  8.29091
  9.77187
  10.9213