    8.03419
    11.8263
    5.37581
    14.3087
    5.37316
    8.44651
    7.26137
    14.3145
    16.5212
    13.7755
    10.3096
    9.28242
    13.9345
    1.84946
    7.75211
    37.4877
    33.8481
    18.5549
    6.95526
    15.3959
    15.6959
    16.1144
     5.8086
    11.4121
    3.24536
    20.3421
    4.87154
    8.28069
    4.65359
    34.5092
    38.3791
    32.4908
    39.1853
     29.128
    36.2457
    5.80941
   0.592887
    8.20854
      216.9
    0.37799
    3.29984
    9.80953
    4.02876
    6.48191
    7.17094
    5.78412
    5.50431
    7.03395
    7.80612
     6.0323
    6.64997
    34.7129
    19.1816
    33.5097
    24.8753
    15.2879
    2.80518
    14.7882
    14.6617
    4.68289
    6.40263
    4.06667
    6.05686
    6.82318
    18.4602
    219.188
    223.813
   0.383592
    215.304
    215.879
    31.9229
    47.6968
    14.6515
    4.55237
    44.0686
    44.9041
    16.5181
    16.0033
    2.12431
    1.05327
    10.0219
    1.88861
    8.21428
    3.55535
    27.6703
     36.255
    30.5433
    29.1436
    28.0225
    34.8689
    28.9476
    10.5151
    22.2964
    20.3983
    20.8207
    14.8565
    15.5952
    21.1162
    9.39373
    20.9803
    12.2108
    19.4372
    17.7577
    22.1123
    6.27589
    21.8829
     11.316
    32.2636
    35.1446
    10.4764
    31.1137
      36.23
    15.5355
    4.46623
    2.42313
   0.169876
     6.6016
    10.9196
    20.2599
     13.674
    4.18705
      11.63
     14.458
    7.77217
    19.5458
    20.6408
    11.3871
     21.918
    3.90339
    19.3839
    13.2539
    1.63799
    4.22433
    21.3681
    4.31858
    5.75958
    1.25247
    17.6285
     9.2773
    22.2716
     19.718
    5.54037
    13.2273
    16.2531
    2.02977
    17.6057
    16.0112
    3.30981
    6.66896
    6.72343
    17.3865
    17.9602
    217.014
    187.033
    6.96339
    9.19461
    214.514
    14.1416
     7.0422
    217.353
   0.312112
     4.7094
    4.59275
    14.1337
    0.67795
    4.50682
    2.01888
    2.62345
    11.7715
    7.58401
    32.9533
    26.4711
     13.868
     24.454
   0.364198
    6.72958
    19.9736
    7.65723
    41.8974
    14.8477
    20.2545
    12.7404
    7.85336
     11.076
    19.0971
    46.8303
    19.1799
    2.86021
    3.60459
    13.8338
    54.0823
    3.87373
    6.72404
    10.7445
    13.2535
     31.425
    33.5488
    6.97279
    4.76143
    10.5274
    12.6782
    18.6975
    17.8226
    4.69128
    17.3129
    6.55628
    1.73915
    10.5151
    6.83307
     1.9343
    4.36289
    217.111
    216.903
    9.61903
    2.84415
    5.90191
    1.29696
    3.85524
    3.41076
    13.2995
    3.88371
     4.7768
    1.95448
    6.92244
    11.6607
    31.7712
     16.686
    3.88385
    4.16893
     15.209
    1.41649
    6.80116
   0.711569
    4.61295
    8.34245
    8.67817
    14.9814
    224.364
    12.3835
    10.1039
    4.16516
    4.01511
     11.252
     3.7501
    3.05506
    5.74467
    15.7332
   0.122629
    2.44092
    7.44083
    6.95203
    34.1658
    32.4682
    41.7652
      8.581
     12.872
    4.99098
    20.8803
    18.9606
     9.0338
    9.53442
    15.4042
    15.1509
    9.35543
    10.1672
    18.7912
    42.7997
    2.33137
    11.2671
    24.6846
    37.4211
    25.4198
    1.60654
    10.4346
    16.1089
    22.3607
    18.6576
    11.9505
    11.2737
    24.6561
    11.1332
    1.48746
    4.64775
    5.66033
    2.87097
    2.53261
    7.49065
    19.4367
     15.026
    10.2253
    18.1589
    9.01009
    3.67538
    12.2502
    19.5166
    9.65013
    9.22882
    12.6337
    5.91041
     3.8191
     39.984
    12.4249
    13.1199
    40.0217
   0.781782
    18.0015
    2.26082
   0.470346
    9.22686
    25.0291
    32.8769
     43.413
    44.0686
    43.1117
    217.122
    185.367
    9.94558
    16.5877
    4.68063
     214.55
    223.522
    214.857
    3.79149
    21.6163
    7.06047
    6.82124
    9.00449
    4.11621
    4.19252
    10.3783
    7.93323
    20.9622
    22.2616
    23.1147
    20.8117
    24.8347
    10.9613
    14.8135
    5.84318
    4.22393
    3.05636
    3.76249
    19.5014
    21.9914
    3.63679
    2.91494
    35.3613
    15.0932
    16.3051
    25.6983
    7.43611
    1.12059
   0.339595
    6.75482
    11.4558
    4.68292
    9.90019
    28.3162
    55.0587
    13.3066
     14.346
    18.4962
     8.0661
    7.40428
    6.81423
    8.82872
    2.38724
   0.236815
    2.16411
    2.33323
    6.66152
    6.27979
    19.9693
    13.1875
    5.48863
    22.0369
    22.6658
    17.8733
    19.9962
    21.5094
    18.8004
    20.8799
    4.49057
    22.2133
    17.2373
    28.6582
    12.6288
    14.7395
    3.96012
    16.3455
    15.6978
   0.610218
    10.5083
    15.9064
    6.08199
     11.238
    4.27898
    3.91408
    7.20046
    11.6375
    2.51774
     3.5029
    22.5657
    1.10277
    14.5629
    21.5429
    16.7535
    13.9857
    12.6628
     16.747
    15.0642
    39.2681
     27.048
    41.2736
    32.7485
    8.90436
    8.47348
    12.5716
    218.885
    186.458
    216.272
    19.4619
    32.4119
    18.8232
    14.5532
    21.2935
    8.81633
    35.7127
    15.3697
    8.44153
    5.24855
    5.10757
    3.00782
    11.1117
    10.6725
    9.02697
    33.5172
    25.8619
    26.9695
    6.17754
    3.82702
    10.1223
    13.9977
    1.79119
    7.81867
    4.29705
    21.8713
    17.9693
    2.79083
    13.6546
    12.3174
     9.2509
    28.0729
    6.61997
    42.1012
    13.3588
    15.0688
    9.73684
    16.6114
    27.9894
     39.228
      22.82
     14.228
     13.288
    10.2355
    24.5319
    18.0591
    2.41204
    9.39373
    4.96903
    9.76884
    6.18727
   0.458487
     3.9556
    16.8376
   0.192991
    34.6144
    19.2446
    10.0028
    37.8252
    27.5691
    8.24378
    5.44385
    4.52689
    3.33578
    8.58103
    2.28062
    2.74451
    16.4355
    10.1503
   0.840987
    35.2845
    14.3434
    12.6313
    20.3339
    15.3107
    22.4348
    27.5247
    27.7506
    40.3349
    13.1875
    3.76695
    4.19276
    9.37901
    3.56317
    11.1924
    23.2319
    14.3258
    18.3906
    3.50215
   0.448731
    8.93668
    5.77937
   0.613363
    1.52403
    2.58946
    11.8219
    9.65086
    4.45815
    5.45485
    4.18119
    8.63786
    8.81395
   0.164988
    28.6716
    32.7134
   0.548343
    18.3134
    18.8519
   0.595893
    2.46219
      11.03
    6.08888
    3.07345
    17.9288
    6.71695
    35.4079
    15.3825
    1.08528
    15.7532
    15.5544
    5.73818
    13.0987
    10.8908
    7.51915
    12.8217
    1.82511
    24.7577
    22.8238
    32.3041
     10.309
    11.2415
    31.4206
     10.808
    6.28414
    220.325
     24.433
    4.03326
    14.9065
    7.37151
    25.1625
     35.247
    16.5573
    8.33337
    30.2041
    31.9193
    4.06985
    9.84614
    9.83291
    2.45001
     11.946
    19.7786
    26.2638
    58.8621
    5.18428
    1.60784
    2.76329
    10.1655
   0.512233
    31.4677
    28.7136
    27.3725
    4.02033
    210.364
    36.9583
    56.7305
    12.1525
    1.25921
    40.4856
    34.2799
    15.9838
    11.7544
    18.8523
     11.255
    12.1463
     9.6249
    221.071
    31.9867
    1.51898
    38.9317
     32.664
    9.01288
    24.0371
    13.1172
    17.4137
    5.38285
    14.9274
   0.528493
    0.15908
    5.25419
    215.577
    20.8011
    4.75327
    28.5945
    6.85793
    23.5331
    8.38013
    5.85756
    23.2687
    8.39723
    7.82573
    6.50445
    28.8238
    45.2686
     8.8228
    4.05011
    12.0881
    12.9555
    12.7992
    21.7287
    9.37393
    23.3707
    34.3748
    11.2185
    21.1162
     36.861
    212.342
    4.87035
   0.140106
    6.51302
   0.702118
    25.0853
    5.75035
    9.61476
    4.39188
    3.48195
    1.06108
   0.331711
    23.0994
   0.652854
    5.77677
    3.84756
    2.76673
    2.21319
    23.4645
    9.84198
    23.8614
    27.3903
    23.5624
    14.1789
    11.3578
    7.48136
   0.283085
    32.7509
    27.7543
    23.7157
    27.8476
     33.609
    6.10332
    18.0007
    11.6148
    4.84244
    11.0859
    20.0147
    44.4169
    14.1784
    28.7873
    26.5657
    6.93372
    6.09577
    23.5255
    6.35221
    13.5672
    1.89475
    25.5555
    27.2619
    25.3228
   0.441042
    4.96305
    9.19739
    14.2654
       10.8
    55.6113
    25.0006
    4.31892
   0.585586
    31.4424
    7.69595
    18.7484
     21.305
    7.57237
    7.86205
    14.0386
    14.5738
    4.12158
     11.663
    1.20321
    2.66889
    34.5971
    12.4476
     15.586
    12.7678
    6.69883
    39.2434
    3.04467
    15.9084
    20.4433
    6.09704
    11.5644
    8.65688
     3.4497
    7.49846
    9.41898
    7.66845
    33.7121
    3.08851
    3.56914
    12.0772
    23.9737
    9.12682
    4.95445
    8.09132
     14.753
    28.4243
    19.7984
    7.24536
    6.45159
    6.32429
    1.84325
    23.2533
     23.864
    8.20249
    2.86254
    18.7055
    33.5095
    7.21144
    7.07699
   0.371101
    4.92929
    10.1176
    5.27287
    41.7256
    17.7788
    37.4599
    1.07682
    59.5895
     33.604
    23.4422
    36.4922
    2.99771
    23.1983
    3.59168
     32.847
     3.4513
    9.25148
    29.8483
    28.6093
    10.0611
    35.2945
    36.3964
    13.6743
     4.4203
    32.8835
     4.3563
     40.773
    27.7129
    21.7962
    7.72171
    18.2677
    18.8149
    12.3482
    4.48917
    1.63348
    14.9278
    17.8642
    3.25369
    37.4518
    22.6356
    28.1109
    4.73293
    20.0149
    2.92379
    13.3143
    33.1435
    15.5232
    10.3502
   0.466903
    10.8147
    24.4127
    33.5341
    61.2302
    7.82455
    4.91129
    2.88108
    28.6547
    32.6517
    14.6337
     3.3922
    16.9296
    6.93099
    22.5218
    8.39572
    6.68922
   0.818922
    24.3503
    15.4358
    35.8885
     30.163
    17.3257
      9.871
    11.3803
    5.90814
    4.02473
    12.1549
    12.8052
    1.82736
    1.66127
    11.1848
    23.8586
    9.77419
    216.448
    10.1128
    2.31101
     8.9761
    2.35459
    2.36512
    35.0069
    28.9798
    7.01572
     34.606
    52.2419
    9.85375
     16.022
    21.0362
   0.573829
   0.238992
    6.52488
    30.1778
    33.7651
    31.6394
     10.365
     36.488
    41.6817
    42.6744
     42.705
     10.459
    27.8112
    19.6822
    15.9602
     23.136
    17.5208
    10.4996
    52.1708
    38.1591
    35.1102
    13.9812
     37.302
    36.4367
     30.943
    12.1279
     11.536
     25.938
    5.59552
    12.2613
    34.2243
    4.85077
    21.8689
  0.0163519
    7.06151
    11.9518
    17.8962
    9.16195
    8.31078
    14.8338
    23.2691
     4.6631
     7.4818
    6.21218
  0.0888443
     3.6893
    6.65783
   0.509907
    19.8423
    27.0336
    6.42448
    19.3595
    9.13991
    25.9597
    14.0363
    20.8792
    7.68235
    19.1774
    5.12297
    8.88658
    32.3214
    7.79484
    10.6533
    30.9748
    26.2449
    5.81423
     11.688
    6.06069
    38.7883
    2.96444
    23.8767
    6.54725
    14.6528
    8.74078
    4.89377
     10.895
   0.877901
      25.64
    20.5578
    35.3325
    15.7002
    8.36309
    8.77949
     21.217
    11.2978
    25.0026
    12.0515
    19.2254
    8.81533
     4.8027
    28.7619
    11.7939
    28.1979
     1.4261
    32.1874
    40.2968
    23.7798
     20.763
    3.91878
      3.287
    21.0921
    21.7602
    5.97677
    16.8046
     25.671
    5.75108
    33.4488
    20.9176
    9.42169
    10.4894
    23.8265
    32.7229
    35.3929
     8.9708
    6.31212
    33.6389
     34.237
    37.4753
    12.5998
    20.0201
    6.93466
    6.98259
    35.2724
    26.7839
    7.70121
    12.4021
    7.21569
    211.119
    6.18242
    0.17862
    22.8948
    36.1106
    31.5465
    22.2166
      8.088
    20.4243
    28.1073
    13.6316
    2.85805
    5.95568
    34.6682
    6.26479
     10.087
    7.11153
     16.334
     2.1548
   0.186285
    25.7256
    25.3456
    1.27725
    38.1427
     27.135
    7.26068
    8.23812
   0.525476
    12.6688
    12.5041
    2.86189
     5.6612
     13.437
    35.1636
    29.9942
    42.1658
    5.09643
    8.16292
    44.7377
    20.7412
    32.5438
     24.568
    9.53165
    30.0025
    35.1048
    6.18478
    35.1976
    28.0266
    49.4235
   0.622751
    6.01415
    8.88431
    46.7202
    3.90173
    1.79566
    7.20484
    21.0899
     1.0908
    33.6907
    22.0061
    3.07419
    8.80685
    2.45738
    35.0552
    26.6128
    20.0544
     13.594
    7.35228
     27.539
    7.94145
    12.7633
    26.4148
    4.76283
     2.1951
    31.0767
     3.2849
    26.4962
    13.1781
    33.2674
    5.78582
    3.44012
   0.707058
    28.7888
    27.7375
    9.06597
    10.0845
    11.3568
    13.2215
    1.30143
    1.11621
   0.260788
    6.70607
    34.2056
    2.45894
    2.30622
    2.08998
    5.31388
    1.49302
    9.60545
    3.97573
    9.10801
    9.85831
    7.05229
    6.72083
    4.35484
    7.68915
   0.988575
    4.40008
    30.0663
     1.8988
    10.2708
    8.43679
    15.0962
    7.13103
    21.9465
    29.7189
     11.745
    31.9055
    14.8502
     6.2428
    6.11157
    35.5264
     25.169
    10.6997
   0.286532
    8.15088
    6.99486
    47.8271
  0.0435401
    30.9987
    36.3195
    16.5926
     3.5167
     2.8423
    4.50944
    31.9274
    21.6556
    2.70116
    18.7926
     24.181
    12.9351
0.000145244
    16.9439
    8.37932
    9.77738
     2.8346
    12.4427
    3.69112
    8.34133
    34.6822
    2.85407
    1.58344
    15.9886
    8.86733
   0.910114
    7.33312
    6.65694
    22.1281
    4.00268
    8.34571
    7.30536
    26.7847
    18.9746
    10.5322
    20.8332
    17.8172
    11.1006
    3.70646
   0.845196
    210.643
     38.992
    28.2517
    20.1743
    6.14385
    4.99355
    19.1285
    53.8112
    35.0994
    39.1236
    48.3719
  0.0834266
    20.7225
    44.5471
    6.94857
    47.7883
    29.3126
    10.1389
    19.6029
    7.77878
    28.0259
     6.9412
    2.26504
    40.9128
    4.34196
     5.9128
    23.8552
    9.46378
    2.18562
    23.5833
    11.5746
    38.2811
    4.84606
    3.84597
     24.265
    28.8078
    4.39508
     5.9593
    7.76057
    31.0125
    54.5034
    18.7831
    14.0818
    19.3086
    52.4596
    2.48032
    41.6642
    7.84979
    18.7051
    6.20969
    18.7559
    55.9244
     20.784
    22.7902
    2.45536
    9.67207
    23.3821
    18.4349
    43.9141
    16.9141
    39.3896
    50.5277
    40.4667
    25.3837
    11.2779
    11.2495
    21.3684
    14.6436
    7.48823
    41.2705
    36.9454
    44.9944
    36.9454
    46.8529
    37.5731
    18.2975
    4.56666
    9.56306
    41.5944
    13.8359
    8.53276
    10.7832
    29.8145
    21.0712
    36.5528
    12.3367
    47.6206
    27.6639
    18.7801
     47.048
    19.5505
    10.6959
    22.0623
     21.452
     35.666
    51.6518
    45.8682
    50.9594
    19.1461
    18.7679
    10.8896
    8.05159
    26.3517
    30.0129
    36.0109
    11.8684
    36.2477
    30.9088
    38.5803
    1.22375
    37.7275
    53.9839
    31.1683
    25.3802
    5.38558
   0.834415
    16.2668
    10.1673
    30.5939
    34.2349
     25.251
     54.132
    28.6169
    217.568
     31.225
    10.0991
    29.5201
    23.6459
    10.3071
    29.9167
    39.3874
    11.7286
    7.53689
    3.54141
    5.93367
    7.39654
   0.393551
    6.37279
    46.3474
    29.6154
    48.8971
   0.103128
    50.7789
    14.7082
    7.01931
    7.14597
    16.9483
    8.13803
    2.20845
    1.89385
    13.0371
    16.4459
    11.8375
    15.3416
    5.15305
    4.39216
    21.0494
    7.40827
    21.7169
    5.93391
    13.7991
    4.96323
    13.5204
    3.65658
     223.35
   0.123621
     30.604
    32.9779
    51.6201
    3.75145
    0.32034
    1.47667
    11.5179
    9.83965
    24.2019
    8.67461
    10.6853
    11.3586
    3.90817
    13.1872
    20.5366
    24.9363
    19.7713
    20.7106
    12.3435
    24.9474
     3.7455
    38.6593
    220.315
    2.24174
    22.4882
    3.68033
    20.2443
     9.4136
    7.44393
    11.5927
    210.673
    9.34061
    210.406
    8.85101
    18.3421
    43.4746
   0.791647
    5.84887
    18.7688
    44.6516
    6.84234
    9.79949
    9.65848
    11.1546
    1.19151
    31.0079
    46.1208
    24.6416
    8.52625
    62.3136
    0.38653
     14.043
    20.7603
    21.5129
    40.5181
    13.6736
     2.4541
    12.1469
   0.381555
    4.56217
      3.904
     25.778
    17.3715
    1.69509
     14.407
    16.5177
    4.45114
    29.6904
    4.93867
    8.30325
    9.01786
    4.89792
    25.8396
     7.2482
    6.50037
    6.10378
     28.688
    4.90689
    32.6791
    8.20024
    22.5581
    65.8303
    13.0856
    7.00381
    11.3747
    33.6073
    7.06181
    16.4223
    4.24535
    14.3437
    0.67219
    2.54114
    36.4837
    18.1944
    5.23239
   0.945469
    16.5623
    2.40821
   0.655442
    220.133
    17.9314
    11.9246
    9.10637
    216.534
    223.418
    12.0787
    9.68041
    10.5487
    7.79475
    21.8783
    22.3193
    1.75462
    229.752
    3.93611
    19.8925
    219.107
     21.927
    5.35838
    21.4238
    6.28103
    210.454
    220.501
    48.2492
    14.9978
    8.87612
    1.85656
    213.741
    219.005
    8.72616
    11.2223
    211.269
    5.48591
    220.819
    15.2465
    2.46906
    1.72724
    18.9162
    211.341
      23.35
    43.2936
    228.079
    212.821
    210.982
    31.3457
     31.062
    12.8592
     190.83
    3.44172
    7.44053
    52.5325
    4.99148
    1.86644
    12.8048
    12.1624
    215.127
    20.4232
    11.2676
    211.654
    191.236
    1.46948
    214.916
     2.2374
    11.4658
   0.335548
    1.15301
    2.72856
    11.0208
    19.8516
    11.5502
    4.45713
   0.470366
    10.2011
    5.39653
    15.0917
    1.26537
    17.5862
   0.610946
    12.1209
    15.4664
    28.8652
    7.70674
    33.6264
    0.90101
    14.7262
    10.7746
    32.4833
    25.7365
    2.60362
    12.7194
    5.64518
    16.9496
    33.5143
    26.4427
    31.2965
    14.5761
    3.19853
    9.47697
    24.3538
    212.361
      229.6
    31.3025
    5.25208
    40.5887
     11.422
    16.8094
    4.78591
    25.2216
    3.29453
    26.4319
    3.75509
    25.9802
    17.8544
    20.8182
    220.458
     7.9324
    10.1939
    19.8227
    6.72684
    41.2447
    1.96959
    19.5817
    2.54854
    4.24975
    4.64684
    14.9585
    8.68302
    1.15926
    1.60757
     19.654
    6.79922
    7.21379
    16.3882
    17.2881
    1.75015
    213.951
    17.6719
    16.6259
    24.4991
    19.9554
    12.0569
    21.0713
    13.1266
    16.9219
    21.1586
    3.30529
    13.7583
    11.8347
    7.90439
    6.40483
    1.64461
    2.16225
    23.4645
    12.2065
    20.9496
    21.4904
    24.3818
    30.9455
     8.5559
     41.799
    25.4277
    22.9004
    25.2337
    13.9562
    30.5308
    6.34754
    8.35666
    212.748
    18.0866
    9.17172
    13.2863
      48.27
    15.8713
    35.7823
    45.6994
     2.6115
    15.7503
    18.9599
    11.1474
     21.765
    4.09508
      7.061
    31.1957
     220.69
     7.8401
    63.8253
    25.6437
    4.93858
    7.67403
    1.68029
    2.18243
    12.9376
    11.0181
    2.95226
    60.5871
    64.4468
    3.57955
    10.2153
    13.8345
    9.04826
    57.9136
    23.5191
    41.8281
    57.0137
    10.0798
     34.671
    7.03939
    34.3151
    5.17669
    22.0518
    11.4259
    17.6966
     22.959
    21.8754
    54.6881
    38.6267
    54.6194