  4.20162
  2.63598
  6.00359
  45.2771
  22.6176
  25.7063
  22.5253
  15.7379
  7.81251
  8.53943
  17.9489
   6.6602
  9.95926
  5.55488
  4.85532
  9.03637
  8.65652
  5.03724
  4.73406
  2.22762
  1.65664
  2.65791
  21.3926
   15.883
  9.93553
  19.3581
  36.0948
   27.896
  41.2281
  31.0618
  3.94634
  2.90389
  6.18324
  3.25081
  6.72785
  7.72603
  44.3766
  26.8939
  49.5123
  8.37671
   23.582
  23.5992
   9.5671
    20.19
  15.2372
  30.1167
  9.61061
   1.7102
  17.2316
   20.883
  13.7369
  16.0009
  9.01543
  10.0467
  8.04519
  9.37849
  1.11898
  3.30608
  15.8851
  23.4522
  9.52446
  19.2195
  41.1167
  8.84183
  3.04871
  7.06714
  6.60565
  3.48722
  7.99323
 0.342009
  3.30233
   27.251
  36.0999
   51.725
  38.7253
  3.60725
  11.2682
 0.975407
  0.60333
   10.444
  3.52616
  7.91849
  12.2741
  16.3376
  17.9441
  4.37557
  5.12819
  9.54367
   18.229
  8.03026
  35.1858
  5.55265
  16.0165
    20.03
  9.16355
  14.2777
 0.428761
  5.88606
   9.6568
  0.76589
  7.66334
  6.58155
   9.3798
  2.56907
  10.6415
  1.42354
 0.396553
  8.22866
  10.1277
   11.902
  36.3449
  40.1022
  33.8482
  9.87089
  20.9666
  44.4622
  7.03667
  4.86489
  3.11212
  3.69193
  4.82114
  30.8652
  20.6474
  26.2055
  17.3891
  21.5709
  17.4355
  11.4179
  25.4754
  13.6945
  20.1779
  17.9999
   3.0771
   1.0221
  3.88748
  20.4171
   19.338
  5.60282
  11.3699
  23.0223
   9.8019
  14.9025
  9.42839
  7.60868
  6.60367
  20.8656
  27.4221
  3.63916
  7.33062
  4.04479
  7.99292
  3.08529
  4.23892
  19.9476
  1.51305
  51.4313
  38.7338
  36.1441
  5.26397
 0.961469
  18.3472
  6.29729
  2.78836
  0.12859
   1.5657
  5.24066
   11.622
  16.1168
  3.75966
  35.8926
  15.3642
  3.81869
  4.59432
  37.8614
  3.48689
  10.6123
   20.793
   7.7884
  10.5108
  19.3338
  11.0179
  9.79288
  4.31667
  4.23109
  3.10433
  7.45544
  5.17252
  4.34915
  1.89823
  1.03279
  13.1541
  1.52434
  2.02165
  6.23469
   7.9455
  38.8325
  18.8566
  11.1226
  10.3631
  21.1303
  9.39979
    18.41
  46.2351
  18.9692
  17.7538
  9.71163
  5.52636
    8.205
  26.5352
  2.51265
  3.93813
  2.76602
  8.85856
  18.0764
  42.9278
  2.75279
  6.77094
  2.89018
  10.0435
  1.74672
  29.5027
  10.3504
  17.9324
  1.35227
  3.27026
  41.3814
  1.18522
  3.47591
  1.04472
  19.9312
  11.7625
  19.1886
  25.1617
  14.2427
  4.59531
  17.9337
  1.98787
  11.8433
  18.0424
  6.34584
  2.28864
  5.11112
  1.62814
  41.0068
   4.0383
  14.9384
   37.624
  21.1434
  21.6015
  13.4225
  9.80372
  17.0881
  16.6472
  1.13331
  34.1475
  32.6815
  2.10885
  3.60867
   3.3015
 0.965209
  0.41929
  22.0759
 0.203303
  43.9192
  7.18426
  13.8929
  11.0613
  22.1096
  20.4834
  46.8588
  48.6877
  15.6187
   22.848
  7.73136
  17.8743
   11.522
  5.08088
  12.2182
   6.9078
   11.586
  23.1001
  13.2502
  18.6287
  25.7564
  5.76032
  10.3427
  8.61589
  4.55441
  13.7392
  23.6885
  30.7316
  13.2626
 0.572648
  1.69164
  8.02963
  11.7249
   9.7442
  16.3383
  5.53739
  6.17679
  21.8611
  15.7112
  19.0975
  10.2269
   7.5454
  33.4856
  12.9738
  19.2546
  6.29316
  38.7707
  12.2727
  12.0294
  5.71835
  15.8158
  11.5963
   11.211
  3.10824
  40.5719
  47.6785
  19.2715
  2.25597
   17.194
  13.3359
  15.7673
   4.3334
  35.7109
  39.2608
  38.6256
  20.2083
   23.044
  14.4913
  21.9931
  7.06557
  1.38798
  14.2034
  11.3999
  9.14749
  39.7633
  10.7148
  18.1238
  11.0278
  18.3505
  9.85918
  10.8254
  16.0931
  5.83634
  2.88698
  7.74989
  7.69326
  45.1733
  27.7368
  3.97257
  4.21763
 0.514444
  8.81407
   18.055
   2.7812
  15.1812
  41.2121
  25.4208
  6.83341
  3.81434
  16.4358
  6.83576
   9.0033
  0.82448
  33.9884
  12.3205
  7.87026
  7.30098
  11.9355
  6.71291
  14.0809
  16.0757
  7.56175
   18.961
  23.4642
   15.985
  5.83573
  15.4251
  22.8255
   14.046
  24.7813
  1.76341
  50.8096
  8.60402
   18.203
 0.486307
  16.8057
  7.64029
  12.1955
  4.79525
  25.2461
  8.71949
  8.05396
  28.5683
  11.3562
  3.00463
  2.61192
  21.5409
   9.3059
  5.66231
   3.1286
  35.6828
  4.39789
  3.58272
  1.15921
   4.0523
  6.39206
  4.56851
  11.0324
  10.7202
  15.8798
  5.66281
  2.56738
   15.598
  8.95991
   22.037
  15.5022
  11.4137
  20.5304
   11.835
  4.02165
   1.8584
  6.64298
  23.6811
  1.98178
  21.9803
  7.00215
  2.62397
  9.29981
  2.43434
  2.17429
  14.7858
  22.9004
  18.2883
  21.7838
  10.8026
  23.4666
  7.24465
  13.5925
  18.0998
   15.814
   15.442
  15.5915
  5.00026
  27.7479
  20.0143
  9.41885
  19.7499
  23.5914
  16.8814
  15.5506
  27.2898
 0.358145
  5.95142
  12.2516
  33.1247
  48.1571
 0.820214
  29.7534
  6.83576
  6.53886
  5.54937
  19.0276
  6.87014
  16.6206
  16.3363
  2.49959
  3.37685
  19.5542
  5.63038
 0.338476
  16.1885
  22.4609
  18.0491
 0.333798
0.0593274
  9.45452
  13.1408
  1.71312
  8.14459
  15.6645
   14.221
  1.46035
  8.40758
  19.8656
 0.514444
  7.27258
  19.9967
  1.88335
  18.4732
  16.6932
  1.89391
   5.7577
 0.135423
  27.7797
  23.8643
  19.2565
  6.65616
  6.16555
  20.8323
  26.6918
  10.5163
  5.63898
  19.3638
  18.4192
  3.19337
   8.5172
  14.3331
  8.38837
  11.7819
  14.8412
   24.853
  4.06921
  17.1133
  4.82373
  8.46167
  11.3615
  9.72119
  11.1257
  10.6029
   11.852
  13.6296
   12.078
  1.16021
   1.1454
   14.186
  7.75219
  6.42961
  10.6414
  26.8047
 0.368668
  9.89305
  6.98886
  7.59913
  14.1158
  20.1347
  17.7918
  11.4796
  6.29632
  19.0901
  5.56835
  4.79777
  50.9248
  21.9438
  10.1219
  9.22935
  3.49168
  23.7709
  19.1277
  21.7519
  14.4924
  9.51964
  4.80401
  5.78454
  2.18473
  5.93733
  12.5073
  10.2978
  6.21303
  31.7813
  39.0106
  9.85679
  4.99434
  5.91349
  10.1396
  5.52881
  4.89758
  2.27392
  1.35797
  11.2442
  15.9125
  10.4304
  10.3931
  7.62033
  11.7817
   14.304
  3.25944
  19.5826
  20.1605
  8.97638
  8.89779
 0.442977
   7.5581
  13.5414
  11.4544
  50.2548
  6.44245
  18.4681
  7.32855
  7.38016
  1.87786
   8.8393
 0.698818
  9.37388
  14.3849
  21.0821
  8.56368
  6.43558
  8.12831
  2.73144
  7.12032
  0.42831
  14.2578
  7.03143
   9.1686
 0.579594
  11.8663
  16.1526
  9.00372
  5.20025
  1.52503
  1.27553
  24.2056
  9.42822
  11.5077
  26.6055
  4.68702
  2.61237
  1.23421
  8.56943
  3.46499
  51.4432
  3.58522
  0.46639
  7.76705
  2.92074
  32.3994
  10.1861
  18.9229
  17.4081
  22.3362
   5.0879
  38.1691
  22.2676
  11.4678
  6.31302
   22.857
  15.3542
  18.4924
  13.6007
  7.35013
  10.0164
  46.0152
  23.2622
   21.233
 0.133437
  21.2328
  26.9923
  54.6234
  45.2215
  19.5717
  7.02269
  4.39626
  5.92457
  18.0388
  15.2364
  3.83353
  50.3319
  3.62459
  16.8582
   12.482
  23.1721
   17.525
  18.2414
  15.9205
  22.4335
  4.18792
  25.3775
  13.9942
  29.4846
  57.7354
  18.4387
  19.4303
  1.01302
  8.04051
   4.0841
  3.06285
  22.4057
  2.09978
  16.8538
  5.28456
    11.67
  4.60077
 0.212184
  20.2626
  2.25717
  7.84788
 0.158252
  1.47874
   1.0123
  40.1894
  20.6705
  26.5169
  6.11529
  6.67304
  7.27801
  27.9947
  32.3622
  9.57913
  18.4644
  25.0715
  10.8585
  13.6841
  5.86574
  12.8014
  23.1174
  32.7474
  44.2399
  43.2168
  13.3873
  6.62981
  23.4557
  10.2036
  21.8794
  13.2766
  18.2051
  6.13238
  26.5036
  23.7331
  16.5877
  15.8704
  11.8505
  21.2618
  21.4752
  32.8884
  19.0299
  23.5744
  15.0436
  33.9769
  49.3783
  22.7139
  5.40188
  1.98644
  1.63839
  12.2118
   53.095
  16.8567
  16.9872
   13.986
  14.9933
  7.00039
  9.70173
  8.92683
  8.35928
  11.9987
  12.2151
  12.7299
  12.9102
  5.21877
 0.466662
  38.7721
  18.9722
  2.02456
  19.0174
  11.0934
  3.80061
  5.45037
  10.7189
  7.21855
  21.6881
  18.8999
  39.3748
  52.9807
   18.511
  10.6042
  33.9859
   1.5258
  9.67627
  1.11243
  15.9891
  6.02873
  29.2705
  2.59622
  17.2667
  12.0328
  12.5468
  1.20066
  2.82845
  4.21729
  12.6372
  22.4335
   21.787
  9.47912
   13.737
  22.0592
  30.5275
  32.9052
  22.2477
  6.20333
  45.8346
  23.2086
    12.22
  15.7667
  11.2731
  9.56179
  3.48134
  20.6239
  21.9262
   8.5041
  19.5879
  11.3837
  13.0091
 0.755649
  11.2816
  15.7352
  28.8425
  22.6088
  8.49364
    21.89
   10.901
  19.1331
  7.87602
  25.8984
  23.7602
  6.91542
  18.9717
  12.3999
  23.6333
  10.5084
 0.164469
  13.0872
  3.03358
  22.9506
  17.9926
  21.7126
  9.07799
  2.64932
   9.9597
  5.40308
  12.0714
  6.09197
  13.7063
  18.6706
   33.532
  28.1033
  17.6683
  5.13626
  15.4166
  35.9189
  11.9865
  16.1292
  22.5909
  14.3144
  36.6735
  50.9256
  2.39845
  55.2162
   3.6912
  5.38497
  10.8685
  7.10733
  13.9201
  2.50861
  16.5286
 0.156768
  12.6702
   4.5821
  17.5193
  19.0299
  13.6647
 0.137568
  26.8913
  28.5951
  15.9707
  12.1247
  12.7279
  17.5448
  2.20419
  52.2561
  13.4295
   22.194
  23.6996
  14.0886
  35.2517
  11.6572
  23.6307
   3.0009
  22.5367
   6.7425
   7.6943
  5.87881
  7.04487
  20.3421
  23.7301
  2.35715
  6.25174
  20.1206
  17.2543
 0.850736
  36.4127
  40.5848
  18.3691
  26.8004
  5.45446
  17.7036
  11.7624
  5.72095
  39.6311
  10.3496
  8.66451
  4.39146
  12.8775
  10.6767
  18.5554
  9.25587
  12.9896
  59.7076
  11.8859
  19.6377
   30.246
  7.37916
  1.27804
  5.72817
  34.3889
   1.7006
  7.03774
  9.95648
  15.9643
  25.4372
  18.5882
 0.407165
  6.54608
  20.0911
  15.0906
   60.676
  45.8508
  6.47153
  14.2942
  19.5043
  23.3269
  21.9699
  1.52831
  43.2959
  18.5067
  15.3291
  22.5049
  11.7896
  20.8472
0.0610433
  9.00126
  46.8841
  6.77382
  4.65134
  32.9515
  16.8602
  13.1211
  9.13449
  17.7473
  13.7879
  54.8078
  57.4242
  50.0895
  13.7991
  13.8624
  17.6254
  5.54669
   54.785
  45.1955
  9.49306
  4.12827
  8.02632
  3.07031
  8.46023
  5.55123
  16.2828
   11.813
  9.65071
  11.8433
  21.3129
  4.20116
  13.5005
  20.9972
  59.2791
  56.3923
  66.5996
  36.8322
  38.1243
  20.6192
  59.9433
  3.14241
  4.53558
  15.1964
  23.2218
  9.13794
   15.374
  59.6723
  56.2624
  1.23384
  2.59777
  1.63773
  45.4804
  19.2489
  17.7342
  57.8483
  35.0564
  4.67377
  59.9271
  7.46324
  10.4825
  7.11249
  22.9296
  20.8371
  22.8436
  12.8994
  2.30698
  19.7483
  12.7601
  5.43261
  48.5471
   2.5676
  20.9979
  23.4499
  25.7034
  17.7822
  45.1343
   16.331
  7.29252
   18.211
  19.3318
  23.7356
   3.5919
   17.492
  4.87007
  5.18103
  0.45722
   45.354
  26.7083
  16.6129
  13.4185
  19.5242
  19.4347
   10.506
  22.9103
  52.9419
  22.5432
  40.0173
  4.78065
  7.82199
  1.26763
  18.9424
  8.23622
  21.8163
  27.3032
  10.0397
  9.88076
  38.2541
  5.49962
  62.9743
  33.3381
   30.232
  5.14984
  16.2699
  66.2191
  39.8647
  55.5292
0.0109119
    13.61
  5.82391
  9.75617
  58.4758
  54.4679
  55.1678
  8.95883
  12.6991
  53.9553
  17.2226
  35.0899
  5.97025
  10.3893
  38.2998
  4.55161
  3.77802
  40.3466
  10.6309
  5.33099
  30.8892
  31.8927
  12.0777
  9.74605
   58.071
  43.8464
  10.5342
  56.8475
  20.0533
  39.1548
  21.2531
   14.086
  19.5424
  41.5904
  22.4584
  9.94443
  1.38069
  28.2599
  5.62833
  33.7145
  36.1419
  26.9489
  5.76933
  33.0904
  35.6041
  19.7489
  7.51769
  25.6443
  26.0681
  15.7873
  7.14219
  29.5286
  13.2312
 0.129479
  46.7234
  27.9307
  17.2925
  39.9797
  12.0556
 0.787641
  10.1355
  20.1096
  28.6915
  3.78394
  4.95317
  21.6107
  3.73094
  7.49019
  20.0131
  57.5341
 0.878021
  19.5298
  15.3057
  8.80921
  32.5452
  20.7893
  14.5814
  1.65225
  16.2579
  11.9664
  1.82086
   24.697
  18.7484
  29.8117
  14.4988
  57.5546
  3.74514
  11.6905
  10.7027
  57.5801
  2.25256
  59.3049
  19.9823
  53.4888
  15.6452
  4.47522
   5.4737
  2.83821
  12.7852
  1.79285
  18.3372
  32.1639
  37.1669
  7.03774
  22.9768
  17.7421
  8.11327
  2.73289
  19.7743
  54.9292
  11.3342