   13.2407
   15.6177
   4.17104
   6.31687
   28.3857
   5.39973
   6.99685
   22.2463
    8.8285
   9.29898
  0.221157
   0.67823
   29.9104
   7.35257
   13.2993
   10.3282
   9.35527
    6.5947
   6.07874
   4.47392
   5.60417
    4.6603
    27.656
   47.9727
   24.1418
   22.5032
   18.6378
   36.2604
   43.0752
   48.9546
   35.1263
   11.1609
  0.568738
   3.14441
   5.19441
   7.08757
   8.47457
   7.53174
   10.1334
   18.5594
   11.9746
   3.54518
   3.83186
   11.6628
   16.8577
   24.8466
   21.2162
   32.7991
   22.8347
   12.1609
   26.0609
   7.36518
   10.7567
   8.37667
   8.64412
   11.7114
   13.5133
   2.07286
   4.48221
   9.14045
   15.8511
   4.19838
   12.3272
   15.4008
    1.9406
   2.02653
  0.710439
   5.51562
   3.93532
   9.54601
   5.37993
  0.157497
   24.2105
   35.5679
   49.3305
   41.6688
   11.8413
    5.9615
   21.9008
   15.7207
    7.2529
   15.3941
   8.86493
   9.86343
   8.14526
    21.798
   11.4163
   1.63784
   8.33418
   29.8362
   29.5632
   2.02462
    3.6356
  0.126697
   17.9076
   17.3296
   9.03759
 0.0104829
   9.84207
   6.30669
   4.14942
   8.19333
   20.4606
   4.63052
   13.0112
  0.361273
   1.46734
   11.0092
   11.4981
   35.6972
   33.3315
   48.1179
   41.7328
   4.05461
   18.5147
   9.03085
    7.8003
   5.09443
    13.564
   9.99816
   12.8371
   16.5518
   19.4612
   7.36087
   2.81682
   3.38377
   11.7927
   18.3755
   10.2748
   4.10362
   27.2635
   27.8896
   31.0186
   24.4751
   9.07872
   6.06804
    22.066
   7.29902
  0.906084
   11.6901
   8.92348
   5.75144
   1.90842
   16.7655
   8.39743
   11.1731
  0.550561
   5.86891
   4.03021
    3.9542
   1.59768
   11.7597
   47.6819
   42.5975
   34.7267
   14.1277
   14.2045
   25.9993
   8.10669
   5.16509
   16.0276
   13.5135
   12.3954
   13.7823
   24.3429
   20.4517
   44.1112
   25.0034
   4.30263
   1.99888
   17.3548
   0.11218
   15.3471
   10.8992
   19.2814
   30.8473
   23.9998
   12.9667
   11.9064
  0.471487
   0.56768
   14.0305
   9.29531
   8.97316
  0.724617
   1.62602
  0.389696
   25.0814
   27.4023
   1.10983
   16.7073
   12.4002
   12.5835
    5.4987
   8.90502
   2.09372
   6.95828
   36.7915
    9.2163
   24.0288
   3.58151
   1.84151
   2.94186
  0.600094
   5.58697
   11.0721
   4.57581
    16.997
   40.5009
   29.0836
   14.7826
   8.45874
    4.9195
   23.1011
  0.394637
   31.4847
   17.8742
    22.181
   11.4178
   1.07646
   50.5476
   8.12595
   2.58787
   11.3928
    10.351
   6.37598
   11.3628
   22.2478
    8.4508
   53.3201
   2.90733
   28.9565
   3.99243
   14.2091
   4.73506
   1.57707
   6.71801
   3.46524
  0.841618
   27.8349
   19.6865
   37.1288
   11.1986
   3.34424
  0.614546
   19.8794
   2.07284
   8.54937
   1.50444
   43.2092
   38.6529
   3.73774
   4.08334
   15.4793
   2.67762
   1.22667
   34.5846
   10.7231
   43.6934
   35.7439
   3.84331
    21.247
   15.7272
   12.4115
   3.70531
   9.25075
   45.8008
   31.8945
   6.88101
    1.9067
   9.68243
   21.0978
   19.9607
   5.36243
   9.82962
   9.37683
   36.0558
   5.91867
   2.79723
   8.62763
   10.2005
   9.06357
   13.2347
   2.14677
   7.38808
    1.2081
   10.4463
   22.3446
   1.65564
   2.06465
  0.926863
   7.95203
  0.522247
   16.4807
    9.4322
   9.41346
   8.39032
   1.32635
   15.5911
   5.72446
   6.17996
   15.8448
   39.5131
   10.1763
   6.72269
   13.0243
   32.5336
  0.792748
   9.51493
   20.0188
   20.8295
     15.39
   19.8881
   8.57091
   10.5073
  0.656355
   10.2072
   2.25586
   22.6755
   36.6815
   40.0591
   40.5545
   18.0966
   12.9325
   12.4721
   9.68581
   10.0332
   7.11463
   2.18512
   7.70848
   23.0576
   38.5394
   14.0569
   3.18613
   1.24831
    3.9065
   9.17099
   10.6812
    9.4961
   18.9402
   17.2208
  0.893183
   6.27517
    10.595
   36.0625
   42.8796
   3.19168
   14.6744
   7.80933
   35.6499
   10.2822
   2.36259
   2.01304
    3.8175
    2.0226
   28.7554
   2.70228
    10.009
    9.2271
   15.1964
   22.7539
   9.30296
   14.4143
   33.0577
   9.61636
   17.4018
   33.2935
   22.9857
   8.06871
   2.55641
   7.28356
   8.02585
   1.90069
   5.29673
   12.9615
   18.7898
   18.8377
   20.5338
   6.25288
    12.925
   7.58868
   19.8385
   11.1421
    35.741
   3.59634
   13.1789
   9.45439
   9.87597
   13.9075
   7.75843
   14.1758
   8.51878
   19.8389
 0.0117796
    4.2379
    11.674
   11.0634
   3.37844
   1.38069
   7.93838
   20.6949
   8.54864
   12.4796
   11.2988
   1.68681
   8.54975
   12.1247
   20.9684
  0.882322
   9.54693
   2.42258
   10.4817
   1.68423
   6.36292
   13.1863
   5.12588
   3.81916
   4.13754
  0.269847
   2.15203
   17.0509
   10.5214
   5.65175
   12.7283
   2.04902
   4.96477
   3.56024
   15.4975
   12.4458
   1.07628
   33.2469
   29.8341
    11.122
   11.9448
      20.4
   13.7165
   7.03819
   8.48616
   11.1966
   9.22084
    14.657
   15.2184
    5.0715
   2.28911
   4.40527
   10.4278
   1.58537
    7.9707
   3.44163
   3.89525
   3.00107
   15.6056
   20.0718
     5.175
   13.7764
   2.67524
   15.2654
   11.8507
   6.66038
   8.95953
  0.893183
   11.9953
   14.3143
  0.734465
   1.72817
   10.9047
   17.2505
   18.8679
   7.75201
   11.8774
   13.1977
   13.5807
   7.57628
   8.91097
   8.93084
   19.6265
   15.8118
   24.4368
   21.3747
   5.45257
   10.3046
   5.72845
   6.76327
  0.465639
   17.4449
   5.04652
   13.0326
   8.30578
   7.38089
   14.0086
   14.9735
   5.80362
   10.1289
   2.45296
   5.78264
   1.45439
   17.4086
   15.9157
   15.3707
   17.8827
   11.3065
   2.98632
   9.35216
   9.47092
    2.2329
   6.13274
   16.0615
   6.09896
   8.91066
   6.67631
   2.83543
   6.62725
   6.68781
   14.9548
0.00524382
   15.0038
   3.00168
  0.550123
   13.0662
   11.3313
   1.03308
   10.3154
   5.74737
 0.0527465
  0.200479
   1.68186
   17.6897
   7.42727
   8.87625
   20.0933
   12.7934
   5.44681
   12.6488
   30.1877
   37.0973
   16.5313
   15.2173
   2.12406
   13.2466
     15.46
   4.54393
   17.4201
   6.38307
   17.2267
      7.82
   6.21965
   17.2622
   2.49295
   11.5887
   8.27895
   12.4714
0.00364792
   6.05408
   12.2275
   11.0858
   13.7809
   3.85247
   5.67018
   29.1338
    15.605
    4.5315
    1.0797
   12.0333
   5.13467
   0.29142
   17.7131
   18.2565
   9.27817
   13.9213
   35.9307
   20.3811
   9.64613
   2.80636
 0.0459555
    4.3579
    14.009
   9.68606
   22.3923
   43.6851
   1.86911
   12.4271
    45.098
   7.31396
   52.3111
   50.7036
   60.9249
   9.34287
   6.03808
   35.1972
   16.9292
   11.0581
   32.9827
   34.4734
   2.93407
   23.7997
    21.019
   8.86638
   16.3708
   8.09381
   9.43705
   22.0948
   2.84313
   19.1406
   58.0304
   24.5117
   7.82793
   20.4057
    26.302
   59.1724
   56.9236
   18.4288
  0.599022
   8.66695
     10.76
   9.36577
   10.3986
   20.0321
   14.4972
   2.13774
   34.6894
   2.64366
   58.4462
   49.2702
    11.901
   47.0746
   29.7613
   35.3382
   28.9103
   9.06361
   43.2929
   38.8146
    45.643
   38.1495
   46.5055
   47.0656
   4.35191
   16.6073
   10.0522
   34.4452
   72.0695
   12.2546
   3.65889
   6.61709
   1.78812
   3.40574
    15.348
  0.893731
   8.37144
    12.334
   15.1604
   20.5783
   7.25774
   17.6776
  0.577284
    5.5544
   14.8848
   13.4947
   10.3549
    23.771
   12.4334
   10.9083
   5.05388
   2.58287
     3.513
   22.9838
   17.7721
   22.6071
  0.141453
   5.81794
   18.4859
   24.3266
   12.4534
   23.5595
   23.6107
   38.7155
   55.5377
   59.7685
   17.0825
   11.4749
  0.867079
   11.8297
    7.4321
   14.0643
   8.36526
   10.8173
   23.7066
   2.08501
   4.78363
   2.99558
   7.08378
   10.7386
   2.22138
   66.8028
   10.6115
   15.4407
   17.3041
   36.8861
   27.7225
    11.935
      6.68
   38.4537
   55.8555
   23.9467
   10.3189
  0.324446
   11.1518
   11.2524
    66.553
   20.2801
   10.4711
   18.7073
   19.0964
   8.42032
   16.1187
   12.4867
   1.08537
   10.6265
   7.72553
   28.6621
    4.2739
   5.90691
   8.84542
   32.5197
   19.6762
   10.4856
   23.4229
   23.4639
   20.3051
   16.7165
   15.7632
   1.55666
   5.34986
   27.2101
   36.1553
   55.5233
   63.8056
   9.79202
    13.081
   14.6891
   11.3644
   4.23099
   16.3788
   13.8959
   7.24385
   19.6223
   17.6178
   17.8953
   2.35057
   5.10308
   7.02733
  0.358123
   15.4843
    19.921
  0.582897
   10.6678
   21.2986
   26.2836
   8.85194
     6.331
   62.4433
   27.2475
   32.6025
   39.2506
   5.19746
   10.4232
   4.57417
   11.2749
   19.0039
   7.07648
   22.2202
   6.10044
   6.91557
   11.7156
   25.5437
   9.76798
   39.2599
   9.06536
   3.68961
   12.5585
   10.7825
   13.4046
   10.1588
   13.8259
   9.50709
   13.3866
   24.9645
   15.4556
   10.2463
   20.5757
   6.69647
   7.57945
  0.754629
   16.9644
   3.17532
   14.8476
    17.578
   8.58817
   13.2758
   16.9687
   8.98057
   4.51257
   10.5244
   10.5942
   48.6162
   41.7435
   15.1952
   6.36595
   27.7476
   43.1882
   24.0107
   5.20832
   7.90135
   9.47628
   44.9816
   7.60256
   18.8347
   3.89637
   1.29034
   8.29524
   18.1764
   72.2319
   22.0817
   27.7225
   0.84217
   18.8372
   3.65394
   1.76052
    19.424
   6.42774
    10.076
   69.1615
   27.9141
  0.487883
    25.548
   10.2816
   44.2385
   12.5835
   11.2293
   16.2903
   23.5445
   10.0327
   13.6103
   8.98934
    1.2187
   7.85353
   2.03856
   15.5984
   20.2748
   80.0451
  0.236635
   9.48614
   1.89099
   17.3874
   50.9995
   13.5594
   5.45902
   2.37055
   4.66933
   33.4486
   2.69655
    49.258
   13.2916
   5.79322
   9.04013
   12.1738
   4.51358
   25.9057
   21.8507
   8.05573
   19.0874
   67.9116
   1.35048
   3.77971
    9.1281
   22.8785
    21.696
    33.054
   9.87231
   13.7153
   6.09817
   19.5852
    61.096
   39.9824
   42.8932
     23.74
   17.8824
   8.70517
   54.0237
   43.3052
   6.15491
   48.8744
   32.8957
    19.589
   13.4395
   3.51905
   35.6533
   20.2089
   28.0946
   7.66263
   51.0563
    5.1218
   8.35241
   36.7604
   23.3336
   16.0974
   24.2132
   30.1728
   13.5739
   68.9862
   53.5359
   60.8793
   58.2354
   11.1948
   16.5761
   27.5549
   20.4713
   79.0492
   70.1669
   49.2162
   10.5277
   12.5227
   11.2739
   14.9075
   17.3642
   16.7967
   30.4165
    1.5937
   3.76537
   1.58921
   14.7122
   18.9352
   4.97556
   57.7474
   71.3289
   64.5706
   69.7803
   67.9125
   55.1576
   51.7747
   13.7692
   47.9964
   7.59235
   62.4658
   6.19834
   21.1251
    3.7048
   10.6989
   27.4524
   20.3896
   70.8865
   69.6765
   20.5859
   17.9998
   50.2405
   17.5596
   50.8803
   27.7072
  0.467497
   69.6524
   37.8234
   12.0983
   47.1128
   60.6467
    19.642
   2.13344
   4.30879
   10.9017
   16.3883
   9.47943
   11.9455
   9.75741
   9.69788
   8.23733
   25.8804
   69.9121
   7.18478
   2.47953
   2.44945
    41.203
   18.1431
   50.9943
   57.7503
   42.9785
   17.7973
   36.0019
   57.3111
    6.7727
   14.8894
    8.9664
   9.77856
   23.5579
   18.6199
   0.48025
   24.2676
   9.95313
   14.9409
    2.2161
   8.50175
   23.4517
   21.0487
   82.6819
   9.31348
   54.5264
   36.5113
   21.0001
   11.1641
   10.5027
   26.1819
   5.60774
    6.1916
   17.9965
   10.3486
   10.3881
   52.7506
   17.6705
   82.8363
   80.6433
   43.7781
   45.0298
   2.73014
   9.23322
   69.9509
    55.208
   70.0363
   69.4289
   20.9714
   70.7691
   11.5395
   18.5511
   7.69926
   64.3803
   64.7935
   60.9415
   18.5857
   67.2436
   45.5727
   74.6621
   7.86152
    8.0252
   44.1952
   5.82572
   5.82801
   44.5822
    24.828
   6.16184
   71.1789
   41.0792
   23.5489
   10.5921
   71.5609
   53.8115
   22.2967
   63.1272
   72.6671
   10.6022
   32.3951
   22.4916
   11.0868
   50.1538
   9.38501
   6.15831
   39.0984
    5.3229
   42.0917
   52.8938
   3.84123
   1.22482
   43.6355
   71.7014
    33.921
   19.0285
   26.8555
   39.8376
   11.8461
   15.9174
   49.8034
   41.0694
   19.4432
   49.1597
   11.3321
  0.367637
   10.4941
   12.6208
   16.7713
   12.1223
    16.195
   21.9616
   3.16869
   23.3249