  13.7878
  16.9139
 0.521564
  18.0327
  14.1583
  38.4876
    41.09
  32.7552
  3.85365
  12.4443
  1.86855
  10.6122
  11.4665
  14.4949
  5.75153
  16.6972
  5.92682
  7.77304
  15.6114
  6.86657
  9.74329
  6.50459
    3.171
  14.0324
  8.38728
  26.1081
  20.7711
  35.6497
  8.07589
  15.0145
  1.64048
  1.01744
   12.634
  2.55044
  14.5339
   7.1313
  11.1049
 0.965794
 0.981696
  8.26983
  2.72707
  3.93877
  16.3994
  10.5528
  13.7368
  19.7764
  12.8092
  10.3531
  15.3636
  32.6656
  27.8173
  41.3624
  32.2486
  34.9605
  6.47101
  2.02954
  9.15267
  5.96111
  12.3604
  15.3516
  7.09025
  18.4133
  19.1061
  19.8273
  23.3052
  18.4124
  6.86641
  7.51141
  17.5172
  13.1619
   17.306
  7.10259
  17.4047
  16.3473
  13.6038
  18.0396
 0.176154
 0.406226
 0.054163
  3.69845
  6.55704
 0.592183
   1.6181
  13.0729
  9.97113
 0.744096
  16.3276
  7.96036
  4.71859
  6.52579
  3.89109
  10.2122
  3.67421
   6.5939
  3.02408
  6.27365
0.0560723
  36.0044
  12.4304
  14.0546
  5.57931
  7.88395
   3.9262
 0.251147
  16.2175
   16.578
  12.7054
  38.6928
  15.5301
  18.4744
  23.7315
  1.12042
  20.9642
  6.72484
  4.24157
  9.23168
  0.75109
  4.50044
 0.774131
  1.36094
  9.63716
  6.59342
  7.57386
  1.56323
  4.79108
  7.28462
  7.92467
  11.8824
  10.4748
  8.09136
  2.44809
  25.8855
   1.8512
   6.8123
  12.9876
  7.02655
  12.0204
  10.3869
  15.8095
  8.64534
  7.60556
  7.50783
    3.574
0.0207499
  1.44307
  3.79688
  3.00601
  6.15864
  17.5498
  6.08329
  8.86018
  41.1076
    38.76
  37.2955
  24.4948
   1.5098
  16.7397
  13.0323
  15.9553
  18.4138
  22.9879
  6.84755
   15.504
  1.80124
  2.90429
  2.34503
  8.04501
  9.72367
  20.0245
  22.9974
  20.7119
  33.2159
  38.3652
  8.16625
  10.9822
  10.8387
  9.32434
  8.61133
  1.83893
  2.22425
  3.56663
  1.93443
  2.92441
  10.1281
  8.92093
  2.75574
  5.66871
  10.4786
  2.85905
  8.55895
  6.33502
  4.97085
  16.2972
  9.00057
  13.2009
  34.6984
  7.35302
  6.13389
  10.0789
  5.96873
  3.53864
  8.53095
  3.18779
  35.4957
 0.851408
  16.7226
  3.93256
  17.4966
  11.9429
  8.65527
  8.47583
  17.5182
  7.26985
  17.9141
  8.93341
  16.1453
  2.65429
  3.35853
  12.5873
  2.99325
  2.33336
  2.18471
  12.7059
  9.35521
  12.4547
  16.2902
  29.9085
  32.4533
 0.577368
  4.10804
  6.11161
  28.6798
  14.3788
  13.4489
  7.15455
  25.9251
  16.9121
   12.773
  5.11047
  7.21587
  8.12011
  16.2289
  36.8462
   11.325
0.0268924
  8.73545
 0.272356
  10.3409
  12.9334
   6.5468
  11.8285
  21.9525
  6.50385
  3.46154
  11.6489
 0.693957
  7.04432
  3.11824
  3.04939
  7.41648
  3.37963
  3.98302
  22.2988
  25.1865
  14.2672
  7.95535
  14.5441
  4.79941
  14.1392
  4.57326
  13.6443
   4.1139
  25.3855
  1.35278
  5.08531
   14.817
  18.5097
 0.896124
  22.3868
  21.6415
   8.1575
   9.3841
  23.7513
  41.5876
 0.023059
  7.28528
  12.1439
  9.61639
  6.01776
  2.75869
  14.2586
  5.34843
  26.0936
  39.2085
   11.231
  12.0482
  17.4986
  7.46736
  14.5914
  3.63462
  2.87379
  6.50042
  7.62764
  15.8663
  28.1212
  14.0293
  10.8577
  11.3203
  16.9974
  16.0937
  11.3178
  1.32512
   4.0651
  10.9082
  4.29243
  1.86694
  8.84749
  34.5636
  4.85459
  7.98595
  4.99606
  8.08771
  5.35032
  5.18385
  21.3208
  31.0313
  3.54786
  13.9814
0.0956683
  1.11557
  1.48562
  6.56145
  15.2813
  28.9069
  14.5587
  25.6842
  17.2387
  2.77401
  3.45511
  2.18305
  5.85729
  23.9413
  26.8092
  9.51387
  5.51569
  2.52744
  8.53797
  7.99238
  15.4572
  5.03987
  7.14396
  14.0382
  17.2432
  35.4834
  0.91341
  22.5184
  7.75541
 0.382108
  13.5116
  6.43622
  10.5542
  23.0374
  5.95891
   3.3445
  2.09758
   3.5457
 0.709718
  2.67917
  5.43357
   4.2644
  5.69388
  5.07065
  2.30492
  3.80585
 0.804976
  5.43633
  16.8356
  15.1318
  3.34359
  5.33309
  7.88187
  16.1189
  3.57351
  32.5215
  3.06042
  25.8348
  1.27138
  7.25425
  36.6513
  19.7877
  26.8757
  21.9857
  22.2238
  27.1866
  6.76217
  3.84396
   2.5306
  28.0379
  31.0878
  30.2944
  29.7947
  4.82432
  46.8447
  1.75803
  27.2995
 0.678348
   19.071
  25.0596
  5.37014
  5.28631
  1.72944
  24.3394
  7.01237
   15.892
  6.85264
  2.97941
  25.4215
  2.71824
  24.4828
  6.25918
  7.75106
 0.986292
  14.0593
  23.5944
  26.4398
  18.4429
  28.2012
  8.97608
  1.10742
  24.2498
  9.77033
  2.53285
  2.46962
  5.34488
0.0593674
  19.0455
  1.14281
  21.0434
   26.813
   12.743
  24.4482
   8.1976
   1.8716
  25.1369
  14.5383
  15.8701
  24.1899
  5.16484
  29.3113
  24.4073
  28.3797
  19.7012
  19.7945
  26.9885
  6.81799
  21.0415
 0.318775
 0.978538
  1.30606
   15.148
  1.94129
  9.59088
  2.39343
  15.0792
 0.435897
  14.5034
  27.2951
  3.76309
  4.69043
  17.9712
  8.75434
  8.29551
    1.021
  2.47129
  19.1989
  3.53528
  30.7619
  21.6836
  21.3666
  6.18081
  6.14701
  11.0756
  12.5598
  41.3728
  20.5991
  3.64611
  15.6008
  2.23182
   20.675
  7.54567
 0.550156
  3.20867
  3.57069
  3.31532
  3.84661
  6.51581
 0.595829
  10.6599
  1.66194
  6.06558
   2.0075
  38.5228
  6.56448
 0.950063
   2.7698
  24.8765
  8.93577
  8.93221
  1.90054
  6.72724
0.0547092
  1.29072
 0.600479
  20.2176
  2.00949
  29.0888
  2.74418
  2.72506
  3.02508
   6.8184
  6.94103
 0.621455
  8.71675
  9.77934
  7.41138
  5.65399
  1.15677
  21.1632
  1.03751
  11.6335
  8.73951
  5.54594
  8.81021
  8.73951
  17.4949
 0.770062
  2.70139
   9.8221
  22.5428
    25.88
  1.65655
 0.255141
   7.3754
 0.387898
  39.4388
0.0178236
 0.165108
 0.522952
  17.6376
   2.1285
  33.9549
  1.63076
  6.57538
 0.923722
  11.7287
  5.09721
 0.459428
  3.28548
  3.34373
  25.8951
   24.053
  15.1869
  7.13357
  4.00414
  1.86749
  8.90799
  29.3113
  55.9742
  3.98193
   12.151
  1.59052
  11.5854
  23.7199
  14.9051
  6.46304
  1.06143
  24.3838
  15.2144
  10.1561
  4.70483
  23.5919
  18.2491
  16.6912
  22.4673
  19.1677
   22.417
  16.5189
 0.347881
 0.166729
  13.6756
  2.57103
  2.06059
  2.59045
  5.34488
  23.8578
  27.2091
  7.40338
  11.4823
   8.9657
   6.4607
   45.953
  14.0094
   9.8352
  2.48341
 0.219033
  8.63709
  1.23299
  24.6763
  18.1274
  10.0823
  5.05175
  4.77837
  9.20441
  14.2406
  21.4332
  5.67603
  47.8797
  17.2241
  2.15611
 0.648768
  5.25491
  4.88972
   17.583
  19.0804
  13.4309
  38.3913
  9.11907
  8.54758
  21.6857
  5.78888
  7.47853
   19.064
  1.20209
  1.45298
  21.8459
  12.1934
  9.92798
  4.52822
  17.3323
  10.0454
  8.00239
  5.08622
  26.8557
  1.10876
  1.38547
  33.8741
  11.1948
  13.3172
  9.43924
   21.685
 0.772116
 0.974211
  5.98069
  27.9651
  22.6977
  9.91036
  10.0151
  7.22016
  5.98446
  4.69698
  4.36448
  20.9441
  8.00674
  1.91988
  6.81541
  1.24749
 0.865612
 0.704274
  6.68309
  7.73095
  3.07649
  3.42024
   39.901
  7.67261
  21.7846
  28.2957
  14.7133
  2.74684
  8.83674
 0.649728
  4.65059
  19.6343
  7.19158
  17.6331
  1.87379
  5.95424
 0.625868
  44.7635
  7.17264
   6.4191
  2.32972
  3.30584
  2.01369
  2.94816
  33.4137
  2.39043
  5.84536
  26.6465
  2.14041
 0.894961
  17.5758
  6.22917
  29.1503
   3.5623
  2.14409
  5.93858
  41.1446
  8.34885
  24.7844
  4.09457
 0.199766
   21.937
  20.2287
  7.50072
  45.0905
  12.2611
  4.40042
  5.59563
  11.2246
  9.60946
  25.8902
  3.12866
  8.82463
  11.7103
  15.4169
  5.87689
   15.927
  5.52854
  4.26826
   8.1851
  38.2475
  40.8219
   40.122
  29.3839
  31.9967
  22.6862
0.0599327
  3.35598
  2.25515
0.0897157
  7.18808
  33.2218
  14.4313
  3.50465
  47.7631
  37.5224
  5.77025
   28.275
  12.1773
  7.43988
 0.315549
 0.276131
  25.5965
  12.2388
  27.6925
  35.8419
  38.4562
    26.05
  1.58863
  10.4778
  9.37881
  26.0104
  4.54664
  5.67016
  4.91401
  20.3629
  1.76432
  45.7835
  8.25325
  14.5375
  1.46189
  3.21146
 0.664654
  27.1568
  38.6349
  1.42988
  6.92755
  4.13864
  24.1188
  8.28199
  2.53524
 0.424695
  1.85323
  7.08028
  7.43323
  22.2052
  27.1772
  34.9798
  1.94644
  11.0152
  21.6308
    19.33
   19.573
  25.1662
  36.5036
  11.6969
  37.7078
  40.8259
  11.7433
  22.5626
  18.8897
  2.39735
  4.23621
  8.97823
  12.2416
 0.578365
  11.4689
  22.2638
  1.98982
   6.4735
  6.26354
  12.0095
  1.73969
   9.4024
  4.88585
  7.69315
  9.34844
  35.2382
  35.2151
  9.53575
  11.7123
  4.75133
  19.4225
  12.2155
  31.4829
  21.1785
  7.25514
  11.6409
  0.99347
  2.19165
  24.6363
  14.4725
  10.7971
  16.0963
   8.9067
  10.0084
  6.55993
  5.46573
  34.3497
     15.5
  18.2842
  13.8398
  27.0491
   10.468
  25.1583
  11.5754
  19.9987
   9.2027
  15.6963
  28.0167
0.0297953
  3.40636
  12.7401
  13.3575
  2.31112
  2.18803
  3.60241
  21.3367
  16.6045
  2.82882
  16.0108
  17.8019
  2.84513
  24.4279
  10.5281
  24.0582
  25.7556
 0.196422
  20.7071
  29.6839
  8.38447
  1.41818
  6.56834
  4.76578
  5.18259
  9.54361
  25.5987
  3.75099
   8.7967
  7.06513
  8.95252
 0.156397
  13.6783
 0.246367
   29.789
 0.772523
  8.97532
  2.68034
  4.87666
  12.2761
  2.45142
  4.74223
  3.49028
 0.835862
  12.5042
   29.789
 0.705461
  19.9532
    26.66
  15.0226
  13.6667
  20.0065
  4.91162
  4.22264
  5.71389
   47.807
  1.88765
  33.2139
  34.0382
  5.14745
  5.63505
  4.45718
  5.59574
  6.83365
  11.1504
  22.7632
 0.321377