  47.4539
  45.2546
  51.7498
  62.7289
  12.2359
  48.6415
  49.7915
  45.5886
  27.2055
  27.1715
  27.6567
   20.515
  27.4757
  27.2725
  26.0146
  19.1239
  44.0934
  45.4491
   51.566
  52.0992
  46.6145
  50.9845
  93.6068
    48.36
  48.3665
  20.4882
   19.412
  27.9944
  29.9959
   28.839
  53.8801
  51.0767
  17.1255
  43.7061
  44.3623
  95.8736
   46.796
  52.6571
  39.7667
   58.715
  32.3124
  20.4555
  52.8714
  51.5219
  48.1804
  48.5982
  51.1026
   95.955
  93.5661
  53.1287
  51.4468
  19.2365
  100.072
  16.5797
  30.9648
  20.8734
  51.3072
  40.6805
  103.128
  51.2228
  28.4091
  28.1846
  41.2138
  26.3616
  17.9725
  35.3283
  35.4704
   36.046
  25.2189
  26.7508
  20.8574
  36.5207
  30.9426
  40.2585
   27.591
  33.9006
  37.4399
  30.0258
  22.5864
  24.0103
  50.4891
  25.1797
  34.7224
   39.529
   41.173
  40.3898
  25.5615
  41.3262
  36.6279
  30.5919
  30.1604
  27.2832
  40.2901
  92.7504
  42.2846
  39.8231
   41.914
  40.3118
  29.0608
  34.0337
  25.1316
  25.5833
  47.3547
  27.4488
  48.8469
  37.4668
  27.4175
  42.2069
  40.1129
  30.5163
  41.2562
  45.5362
  22.1607
  57.3796
   35.181
  33.7541
  24.8891
  45.6614
  39.3573
  16.7352
  19.9115
  41.4112
  40.7449
   41.047
  28.7166
  37.0521
  35.3399
  38.9865
  35.0546
  38.0566
  25.1466
  43.8697
  42.1229
  38.0769
  31.7264
  36.3876
  29.7517
  33.8543
  37.3584
    35.23
  37.7049
   37.629
   36.141
  30.3634
  34.4642
  40.1559
  34.3396
  41.3698
  35.7171
  33.9322
  40.8691
  42.3082
  33.2968
  25.0143
  30.6709
  33.5943
  32.4054
  35.7237
   34.212
  30.1311
  35.0197
  42.8378
  40.5211
  38.5728
  22.7992
  43.1461
  22.5585
  27.3046
  24.9843
  41.5291
  42.8363
  41.7706
  42.0388
  43.7205
  18.6395
  38.4418
  32.7913
  33.8313
  41.0631
   40.477
  37.8006
  41.2281
   35.134
  41.1724
   43.134
  50.1149
  36.8221
  39.3088
  28.1422
  27.6393
  39.0865
   31.123
  35.2673
  43.1642
  42.6132
  26.5739
  35.7788
  27.1652
  25.4601
  36.0889
   43.528
  18.6569
  16.5881
  19.5909
  32.0695
  19.1047
   37.278
  18.0283
  33.1682
  24.7776
  23.5014
  33.8259
  23.7797
  20.5289
  36.8756
  29.2951
  48.3146
  34.4129
  25.2221
  24.5033
  27.8699
   19.239
  25.3712
  18.6077
  19.0849
  16.6096
  32.1122
  17.6965
  23.6154
  20.5857
  19.8305
  23.6124
  15.7884
  30.9964
  37.2628
  32.8379
  40.3168
  18.8423
   19.631
  21.9919
  39.9344
  25.3196
  32.6203
  35.3016
  30.7651
  18.7153
  40.8687
  37.6465
  32.6206
  41.4093
  20.8403
   39.974
  40.6971
  38.6283
  25.7612
  36.1856
  30.6643
  24.0948
  17.9976
  37.3333
  15.4811
  16.1966
  35.0947
  24.0131
  27.1176
    33.18
  9.45397
  2.39134
  2.96854
  2.14902
  1.77766
  3.25502
  19.2781
  18.4333
  11.9266
  6.77432
  3.45379
  5.89489
  3.37548
  2.90595
  7.19564
  9.25464
 0.865129
  8.99695
  11.0627
  4.83599
  5.24986
  2.51946
  3.85931
  34.4996
  7.02368
  10.4746
   7.7894
  0.26857
  2.05032
 0.227708
  5.21883
  3.58966
  18.9108
  1.54147
  8.08125
  2.10445
  10.1802
  11.0407
  6.79897
  8.85266
   1.9661
  1.85606
  4.88083
  0.93444
  1.55539
  3.24713
  1.11713
  3.34956
  0.41761
   6.5539
 0.896694
  7.36896
 0.368393
 0.690287
  1.00763
  2.40405
   26.327
    23.54
  8.26377
 0.486917
 0.091533
 0.777816
  1.44723
  3.01766
  9.20523
   7.0308
  3.73428
  29.6785
  6.20638
  3.39495
  7.62428
  3.92309
  8.43288
  7.44611
  15.5345
  5.13107
  6.66932
  8.33825
  9.46454
  19.9166
   9.1696
  22.1523
  22.1448
  2.51796
  2.43446
 0.117282
  3.42875
   7.4105
  10.2735
  4.87077
  2.12138
  33.9198
  4.05058
  7.68735
  37.7342
  5.09659
  6.55377
  6.47544
   1.6266
 0.682966
  5.29298
  4.24173
  3.58306
  5.01902
  2.02981
  2.05552
  9.96224
 0.959177
 0.397056
  1.22955
  5.24418
  4.10721
   1.2638
  2.88317
  3.08196
  35.5216
  4.26229
  5.74785
  2.93067
 0.190695
 0.526941
  4.95054
  7.00066
  10.8279
  18.6294
  22.6253
  17.2933
  9.36485
  8.82007
  3.36734
  12.1449
  41.3293
  1.43966
  1.39534
  2.42104
  5.10953
 0.681658
  2.62102
  2.19994
   11.112
  17.0918
  9.00603
  1.64185
  5.00901
  1.23432
  1.12749
  7.67765
  7.94103
  5.34952
  11.7252
  7.92688
  10.8839
  3.24568
   1.9274
 0.574196
   2.4742
  7.99176
  6.77709
  2.83188
  1.55438
  1.82674
  6.94487
  6.85443
  1.28133
  1.29969
  1.03104
  2.62902
  5.81752
   10.568
  15.7867
 0.887034
  1.06525
  9.73995
  11.2772
  13.7536
  21.5449
  21.7442
  14.6326
0.0434777
 0.258607
  2.44563
  1.44774
 0.187726
  16.6056
  10.7427
  11.8322
   1.0772
  7.08975
  1.24632
  2.06256
  7.36744
   1.8789
  7.72174
   18.965
   1.2049
  3.73591
  1.44608
  11.7961
  6.51141
  6.89989
  2.41809
  2.88828
  0.56434
  3.07539
  12.6227
  10.2119
  9.07179
  11.2216
  7.37751
 0.112249
  11.1506
   5.7036
  10.8487
  7.62789
  4.34639
  3.23153
  1.77046
  1.93297
  2.25459
  20.0051
  10.0485
  18.3771
 0.189006
 0.247613
  3.34733
  5.59093
  6.64535
  2.77716
  6.99828
  4.08706
  6.47812
  2.62293
  1.60759
 0.509623
  1.10055
  6.58448
   3.1896
0.0184594
 0.284252
  4.80449
 0.910383
  2.87462
  2.99596
  1.26789
  2.10206
 0.706999
   1.0805
  9.91497
  10.2498
   22.672
  6.71002
  4.67827
 0.941086
  5.96814
  2.94941
  6.74448
  2.86159
  5.39616
  4.63087
  2.52789
  2.33312
  17.3966
  18.5742
  3.25113
  5.51966
  5.02968
  3.39431
 0.515609
  23.7624
  1.50313
  1.90431
  2.55441
  1.36876
 0.669562
0.0526214
 0.262191
  1.26595
0.0611032
  10.1326
 0.695075
   1.1862
  2.36938
  7.50027
  10.2182
  2.93461
  0.18075
  1.35053
  1.37809
  8.09427
  6.70371
  1.69406
  1.71305
  13.2795
  4.28007
  1.70453
  1.73862
  1.71295
  3.60933
  1.16153
  5.32253
  2.33363
 0.559405
   3.1722
   2.9874
  10.3848
  7.10547
  1.69584
  9.18717
  3.44576
 0.370468
  14.4433
  1.93501
 0.668103
 0.091246
  4.00316
  2.87487
  5.48295
   7.1362
  5.60613
  8.18061
  1.10321
  1.56752
  2.49932
 0.290824
  3.15738
  6.65548
  1.76099
    11.89
  4.83084
  2.92051
   1.5706
  3.49952
 0.511914
0.0814575
  2.48908
   1.2634
  0.28393
   0.7087
  4.09338
 0.701447
 0.252865
  1.11729
  2.71837
  1.56004
  3.41432
  2.47144
 0.367806
  2.43267
   11.829
  10.3028
  3.90387
  6.20518
  11.5021
  1.71936
  5.88031
  4.69215
  4.80255
  4.09154
  5.75964
  2.22096
  6.15236
  1.96155
  3.76787
 0.325882
 0.705397
  0.72372
 0.477814
 0.605471
    2.276
  1.45595
 0.232011
0.0995273
  1.84502
  7.51748
  6.04644
  3.98602
   5.2248
  7.19026
  1.80312
  4.38341
  3.55881
  24.0791
  11.7582
  22.3373
  8.64839
  3.37283
  2.18234
  3.98756
0.0477297
  6.25914
 0.411678
  17.5702
  38.2143
 0.441162
  2.58334
  3.33863
  0.64111
  11.9815
  7.22549
  1.64468
  4.19163
  5.27425
 0.559657
   1.1601
  2.45988
  3.94227
  2.69522
  2.12961
 0.828695
  1.34536
  5.29213
  5.09395
  2.66151
  3.26756
  3.90279
  4.52983
  16.6833
  16.8963
  3.12232
  11.1539
  9.33311
  8.24412
  6.12851
  5.03263
  2.28738
  1.29589
 0.115013
  1.06391
  1.64165
  1.15185
  3.13457
   2.0027
0.0136737
  3.94588
  4.00245
  2.80123
  1.28201
  6.38632
  4.43684
  3.62419
  5.58926
  4.57379
  1.76473
  1.83928
  2.94473
  5.93313
  2.49619
  2.64888
  6.44964
  3.18795
  2.65135
  7.66051
  4.04335
  6.27655
  3.16243
 0.426896
  4.69877
  14.8883
  3.15206
 0.741319
  0.33747
 0.117958
  1.47206
  1.43996
  1.10752
  3.77772
  1.72407
  2.36697
  2.25094
 0.414701
  11.0217
   19.176
  12.1131
  1.77723
  0.92791
 0.498196
  13.6181
   3.2324
  3.65374
  1.73786
  10.3651
  3.16581
  7.02213
  1.25031
  5.98783
 0.709246
  1.24051
  5.49261
  1.07873
  2.71257
 0.273476
  5.83847
  5.59614
 0.609704
 0.434254
  3.52079
  11.6508
  3.62016
  3.99795
  2.43805
  3.04983
 0.701078
  4.22921
  5.70282
  2.94309
 0.914085
  3.71882
  3.56444
  2.03444
  3.50271
  15.0252
  5.05432
 0.393278
  3.22169
  21.3932
  2.41233
  2.12913
  5.14878
  3.50006
  3.11338
0.0883753
  1.10603
    1.024
 0.391122
  3.37374
  1.54968
 0.437134
0.0205537
  2.49987
  3.50629
  4.03558
  6.00346
  2.20779
 0.374999
 0.446386
   3.1379
  6.19053
  3.84946
  3.73324
 0.721806
  1.56997
  2.17334
 0.282859
  0.11078
 0.374999
  20.0402
  1.00471
  1.25031
  1.53436
  4.92126
 0.386027
  3.37424
  3.37422
  5.61152
  7.78672
  1.16306
  4.79574
  6.36192
  9.99944
  4.18345
  1.22634
 0.374509
 0.288897
  1.36125
  1.52862
  8.29735
  1.78266
   1.0116
  8.04717
  3.75261
  6.36255
  8.06517
  6.79661
    11.79
  24.1941
  4.16545
  4.75435
  4.62318
  3.96643
0.0159696
  3.12273
  3.79666
  7.34277
  10.6561
  5.54818
  5.78496
   3.8959
   6.9351
  9.65198
  1.78107
  4.16963
  4.21087
  5.10005
  1.35309
0.0406175
   3.7393
  2.21731
   3.7192
  3.53243
  3.92511
  2.15684
  3.48656
  5.35625
  1.85904
 0.162397
   3.4664
   3.6423
  2.02564
  2.13808
  11.7222
 0.019662
   3.1366
  3.89587
  3.83623
  11.0358
  13.1922
  14.3039
  13.7861
  11.6277
  11.6843
  4.98367
  2.70406
  3.42659
  3.47753
  4.47886
  9.79288
  3.05163
  3.57234
  13.2456
  8.85459
  8.71476
   17.385
  3.93479
  3.90916
   1.9889
  1.66593
   3.5965
  3.60625
  3.79761
   3.8168
   4.6457
  4.51886
  2.62079
   1.8065
   5.2606
 0.724234
  2.14596
  2.15875
  1.69248
  7.69732
  3.75251
  6.99286
  4.21273
  1.10755
  3.79492
  2.25174
  2.44421
  1.59916
  3.12655
 0.264233
  5.05033
  2.55983
  4.34628
  3.80152
  3.75275
  3.73709
  7.28367
  4.03094
  5.88607
  2.91645
  4.10423
  13.2495
  8.13126
   5.9864
  2.91703
 0.915105
  2.07995
   4.9386
   8.4843
  3.97781
  3.98814
  7.05019
  2.19242
  2.20675
  7.71844
 0.843805
 0.201095
  2.85893
 0.729244
 0.609615
  7.24144
  7.21216
  3.45343
  3.48161
  1.58856
  6.28988
  9.24325
  8.49776
 0.882332
  4.02327
  4.23521
  6.65606
  6.37325
  8.74682
  2.50494
  4.68735
  9.40147
  3.22875
  6.91863
  2.57169
  2.00117
  1.51436
  4.14332
  2.74559
  2.90777
  1.80714
  4.15415
  2.38422
  6.87576
  6.70894
  1.63101
  4.56345
  1.38889
   4.7226
  3.43489
   8.1008
  3.60417
  15.5431
  5.95884
    10.24
  3.03186
  3.99168
  3.75774
  5.30313
  1.16269
  8.25133
  10.0078
   11.668
  11.4986
  2.90736
  17.5939
  13.7178
  8.17053
  2.88686
  2.58789
  1.90195
  23.7077
  20.1587
  8.66601
   6.8358
 0.564478
  2.84609
  5.78195
  2.58249
  1.28191
  12.7182
  4.05546
  8.66601
  8.55308
  8.70796
  8.73817
  3.90849
  3.43752
  2.83142
  2.68893
  5.42676
  2.62614
  1.83964
  5.61468
  1.89849
   3.9594
   21.605
  3.94013
  1.29243
     5.73
  13.6918
  2.14316
  1.43191
  1.87305
  2.98216
   18.292
  5.04993
  5.02666
  2.62304
  3.49137
  1.45817
  5.23765
  10.2568
  6.35616
  1.27508
  13.2544
0.0813637
 0.490003
 0.725714
  1.93599
  23.8665
  3.59823
  3.66181
  2.69201
  3.33842
  1.27458
  1.99049
  16.9214
  12.1605
  8.04717
  5.39459
  10.2209
  9.15687
  9.70443
  12.0214
  7.37217
   12.995
  25.4258
  22.9754
   13.511
  23.4208