  19.3028
  17.1122
  11.3125
  14.9735
  13.5905
  14.1113
  8.68008
  10.7684
  11.3269
  11.3022
  16.9577
  20.5224
  12.2317
  5.64989
  7.84148
  37.0582
  40.1999
  13.1005
  15.1533
  5.38942
  6.90932
  15.7052
  16.7743
  15.0645
  16.2176
  15.8085
  7.19204
  8.77434
   11.702
  35.2872
  36.8953
  26.2202
  19.7126
  22.8469
  12.2243
  7.20541
  5.01264
   2.5571
  14.8118
  10.6837
  16.8713
   14.447
  6.84993
  3.12159
  12.8547
  4.02469
  7.69738
  3.07507
  15.9528
  52.9415
  41.7339
  30.7723
  34.9376
  37.3982
  14.4711
  5.22845
  2.47835
  14.1311
  3.10611
  12.1173
  13.7229
  25.8361
  15.2768
  12.5633
  3.63588
  16.5197
  9.36814
  17.1591
  6.03933
 0.453806
  4.19684
  3.73606
  6.18134
  5.09694
  3.11216
 0.674268
  1.67656
  10.4465
  4.64953
  25.3503
  23.1645
  27.6502
  17.1847
   26.081
  22.5921
  28.4421
  7.32241
  8.12749
    7.912
  14.5037
  8.22347
   11.247
  17.3787
  11.2887
  8.23451
  15.5953
  11.8947
  11.1249
  9.59029
   7.0476
  23.9621
  4.34963
  21.5165
  18.7566
  10.9015
  21.7632
  15.2954
  2.62481
   2.4152
  5.50499
  5.17569
  4.97832
 0.379551
  15.0005
  3.81953
  7.47489
 0.816312
  1.55275
  6.37965
   8.0239
  7.91285
  8.72042
  8.33167
  8.67626
  8.88709
   8.6003
0.0688644
  1.40073
  17.5503
  4.04267
  1.76733
  9.76958
  18.1565
  10.4818
   9.4146
  5.47076
  6.54804
  12.3854
  7.61673
  14.5224
  4.99261
  1.46279
  25.7299
  22.3922
  31.6839
  3.92667
  9.54107
  4.74162
  5.50349
   11.341
  4.79437
  7.61454
  7.66811
  10.4909
  10.9638
  11.4025
  11.0659
  11.4804
  1.96211
  6.32356
  10.8643
  2.15432
   7.6862
  4.38446
 0.969802
  29.6117
  27.1593
  48.6951
  53.4981
  7.52349
  3.26922
   26.613
  10.5412
  7.78314
  11.6052
  21.5556
  2.85683
  5.70954
  8.80513
  32.2947
  20.0242
  9.00313
  10.2634
  12.4041
  0.12519
  17.5594
   29.814
  21.8748
  23.9011
  25.8558
  5.11467
  9.85349
  14.2418
   10.877
  16.5238
  17.1704
  9.75606
  16.7276
  14.3557
  8.23699
  7.32241
  6.42839
  12.4043
  12.3783
   15.777
  18.0663
  14.4018
  10.3067
  11.6528
  7.67983
 0.947306
  13.0201
  13.2521
  10.9327
   14.477
  10.6459
  9.20357
  4.98508
   40.666
  51.5063
  10.7878
  6.32896
  20.5906
  12.3349
  4.25202
   8.7142
  14.9585
  8.94701
  22.2089
  13.4346
  6.10657
  11.5224
 0.416636
  14.8001
  15.1626
  14.7611
  8.75388
  11.3936
  10.6072
  8.34594
  3.85743
  0.39105
  3.66885
  9.36375
  3.60831
  19.5663
  21.0973
  26.7741
  13.6783
  10.6368
  8.58941
  10.5096
  17.5654
  6.98454
  5.85412
  14.6689
  8.55752
  14.5182
  5.73748
  19.5388
  33.9729
  8.00798
  20.7895
  18.8479
  17.8681
  14.6338
  12.2988
  1.75272
 0.705266
  3.55205
  3.61755
 0.957366
  1.11347
  1.68841
  2.19065
  2.96518
  9.26662
   8.9346
  12.7717
  6.16849
  7.74128
  7.29812
  20.7687
  20.7525
  22.6756
  19.3983
  5.25412
  12.5543
  33.9627
  14.5888
  13.2169
  15.0506
  15.0659
  9.41725
  2.41984
  24.0224
  16.2724
  12.5731
   23.554
  3.56709
  1.50098
  2.31699
  3.49566
  27.3834
  19.8724
  30.5109
  9.69064
  3.60036
  19.0887
  7.97597
  17.4663
  7.95527
   9.3631
  16.2035
  14.2085
  24.1707
  13.1946
  3.44034
  10.2343
  9.63293
  2.12395
  4.38532
  2.83977
   2.9595
  13.6929
  24.7625
  48.5492
  44.9235
  8.72985
  13.1441
  7.43075
  3.90218
  18.6903
  6.88905
   6.2983
  38.7737
  19.3272
  12.4461
  11.8114
  31.9147
  7.05439
   24.397
 0.846431
  10.6714
  3.53108
   8.6814
  9.04462
  3.62973
  1.71534
  22.1827
  40.6909
  6.38257
  6.60576
  7.02285
  8.63074
  8.37818
 0.171779
  14.9096
   6.0512
  6.24098
  6.77471
  5.33593
  6.46198
  14.1716
  10.0726
  1.61055
  3.41202
  1.45465
0.0217471
  14.1716
  7.09309
  16.4124
  17.5884
  14.4917
  17.6007
  7.90538
  9.88525
  1.43197
  17.3195
  20.9294
  11.3258
  12.7148
  3.86038
  9.73166
  4.17009
  5.12049
 0.376058
  5.68552
 0.986183
 0.461464
  7.32975
  4.95137
 0.848205
  8.10055
  3.08991
 0.878682
  17.1273
  20.7068
  6.48401
  33.9331
  9.64489
  14.7547
   7.0691
  5.52329
  14.9752
  4.73701
  22.8811
  25.8539
  26.7927
  30.9876
  3.23191
  3.09561
  3.67735
  13.9788
  18.7691
  4.03581
  15.0369
  8.15828
  2.49794
  3.14825
  24.3752
  6.47287
  17.9291
  13.4507
  4.90893
  1.91323
  11.2597
  12.9567
  7.10015
 0.273158
  3.23215
  35.3206
  37.7803
   34.979
    9.918
  15.5963
  17.6819
  3.98417
  8.62245
  8.72985
  5.78249
  45.4859
 0.955271
  14.5937
  3.51634
  17.1683
  11.3747
  7.84949
  25.1169
  36.5277
  12.3045
  20.5029
  10.1697
   13.226
  22.6268
    23.42
  26.6279
  15.3323
  22.6335
 0.324021
  3.01008
  2.42708
  14.8163
   2.5668
  10.3363
  15.1171
  17.5544
   10.354
  4.16193
  15.9792
  5.28562
   4.3753
  12.6805
  5.49595
  13.1041
  18.0529
  7.85819
 0.808469
  6.64618
 0.648094
  4.89098
  2.19653
  14.6664
  10.8437
  8.19446
 0.289089
  17.1205
  12.1539
  17.5881
  7.50117
  10.1981
  16.1547
  25.3173
  26.2607
  25.9409
  1.14687
  1.86726
    4.603
  18.5665
  3.17776
  26.2674
   4.2512
  1.22656
  10.7829
   2.6821
  5.75992
  14.4103
  5.43232
  7.38731
   11.742
  16.7516
  32.5761
  3.62263
  14.9667
  4.47724
  6.37515
  15.2048
  5.05929
  36.3234
   43.219
  9.51722
  22.8115
  25.7097
   6.8605
   6.7381
   2.1633
  1.21474
  26.7063
  25.1623
  9.33534
  39.8987
   19.243
  1.87507
  33.0991
  7.84354
  5.65017
   1.6737
  8.98109
  3.61712
  13.9725
  21.8387
   27.458
  28.6689
 0.469411
  7.59366
   5.4568
  12.8253
  18.9493
  32.4764
  13.1425
   17.552
  19.7811
  9.42878
  3.48137
  5.47267
  7.87076
  30.3863
  3.79512
  6.70172
  3.18184
   7.3909
  36.2585
   29.661
  3.80106
  24.8855
  14.7468
  15.0308
  9.16176
  4.43104
  29.6917
   8.8652
  34.0713
  2.02792
  4.83505
  6.85559
  9.48917
  4.66775
  9.36794
  8.01185
  9.20417
 0.946994
  1.69596
 0.953457
  29.4149
  38.2108
  36.2364
  9.02233
  18.5955
  9.92015
   18.257
  8.37576
  7.30445
  10.9723
0.0561215
  1.42325
  12.5617
  10.4486
  12.4521
  16.9795
  1.52841
  1.82917
  24.4062
  2.62193
  35.8853
  21.3884
  18.8148
  10.2254
  32.1139
  18.3288
  50.2796
  15.9608
 0.439207
  35.3725
  19.0694
  32.0064
  14.0404
  3.18483
  13.8128
  11.9568
  3.76062
    8.088
  16.9818
  15.3917
 0.209123
  2.21522
 0.725536
  1.71416
   2.2343
  29.5577
  30.3581
  11.9032
  9.51594
  14.4138
  31.2046
  31.1644
  31.6816
  21.0649
  20.5512
  13.4799
  13.1592
  13.0906
  9.45882
  10.8833
  8.90948
  21.7683
  10.8014
  23.2489
  22.8714
  2.99639
  2.73285
  6.16909
  5.91845
  11.9074
  3.68504
  17.5314
 0.105777
  3.24537
  6.10041
  7.48113
  18.4323
  6.54614
  1.77594
  4.16492
  7.41275
  3.04523
  19.0146
  3.67605
  8.84272
  11.1757
  3.28942
  14.6588
  7.90158
  17.7758
  19.4492
  29.0599
  14.9352
  24.8596
  10.8864
 0.493854
  12.9985
  20.1686
  1.37193
  24.7065
  16.4753
  11.2197
  20.2702
  7.49238
  16.5532
  21.0297
 0.773255
  0.27292
   17.084
  38.2747
  10.0103
  9.34268
  18.9328
  19.7699
  7.75901
  16.8982
  2.93561
  45.9555
  5.83042
  9.29116
  8.20223
  41.8837
  4.21384
  15.9439
  29.5894
  5.36666
  33.2231
   12.831
  18.1179
  7.07978
  36.6162
  5.14363
  31.2885
  33.1219
  10.7739
  21.9865
  24.3674
  8.92136
  17.3362
  14.0212
  3.15673
  14.4482
  34.8029
 0.698267
  17.3582
  14.2661
  9.94931
  7.30713
  22.6941
  7.70493
  11.0697
  39.6701
  42.8783
  27.0854
  28.8727
  29.1955
  1.43833
  39.7202
  7.19921
  0.40462
  12.3317
  18.9341
  5.49442
  28.4067
   17.015
  14.5519
  1.34837
  13.0994
  4.04538
  28.2404
  38.0024
  10.9911
 0.198711
  19.4366
  30.8428
  8.53206
  31.4468
  2.43872
   39.393
  15.9582
  13.0407
  35.3113
  27.3387
  39.2775
  6.52302
  37.6004
  40.8401
  18.7658
  32.4127
  12.5882
  19.0089
  4.69809
  39.2269
  35.2358
  38.0598
  6.34678
  38.9648
  17.4459
  12.7301
 0.756979
   30.422
  44.8242
  7.54902
  11.3206
  36.7802
  13.3578
  22.2584
  33.7297
  2.83096
  54.3717
  27.8586
  38.8615
  35.0146
  6.69727
 0.596275
  10.0262
  40.0411
  7.58997
  25.0828
  7.85858
  9.32851
  30.6629
  6.99965
  14.1623
   3.3001
  24.4545
  31.4101
  14.1897
  33.0336
  20.3153
  8.43985
  5.91034
  40.4106
  29.6301
  38.3552
  10.2536
   30.099
  24.1688
  14.0918
  1.56522
  2.77456
    3.665
  16.1184
  10.4955
  24.4809
   10.084
  12.2008
  11.0407
  9.45799
   1.8795
  2.45805
  37.2491
  4.35967
  28.3535
  5.88446
  4.94941
  5.88446
  7.12181
  9.31657
  21.8911
   2.1048
  6.70465
 0.484387
  7.47959
  30.4988
  4.33419
  5.79492