   56.2501
   53.2324
   56.4951
   57.7951
   29.8341
   31.6768
   52.7361
   52.7823
   56.0045
   54.4795
   61.2364
   57.1449
   62.8483
   26.0662
   26.0854
   45.2341
   23.8194
   38.3738
   33.8367
   32.4554
   53.7154
   26.4499
    33.065
   50.2857
   59.1045
    53.892
    36.424
   26.2227
   39.6187
   23.3667
   30.3458
   58.5217
   56.3867
   61.7349
   52.8904
   61.8253
    61.925
   59.1113
   56.6321
   62.2163
    41.451
   43.1361
   59.8928
   42.0665
   56.4702
   58.1419
   50.5727
   52.1974
   23.5746
    30.339
   26.9537
   27.9512
   26.6606
   54.8101
   47.7744
   61.9492
   59.0722
   58.7711
   58.8119
   43.2826
   48.6741
   51.9148
   30.5232
   52.4846
   52.7369
   54.2472
    59.368
   59.5854
   55.9486
    30.651
   49.6096
   60.3301
   51.6728
   54.5328
    53.646
   52.0782
   55.1361
   50.7636
   44.7134
   22.7602
    24.475
   24.6422
   26.4499
   58.7961
   49.3809
   26.5294
   61.2275
   51.7508
   55.9489
   51.0288
   53.0224
    42.116
   42.1856
   61.2123
   54.7611
   59.3788
   72.4195
   13.3428
   50.5219
   62.6498
   61.1294
    57.952
   62.6111
   24.0579
    38.568
   32.3655
   21.6433
   24.1933
   51.4414
   29.0353
   21.3648
   37.0337
   55.4988
   56.4667
   51.5733
   56.2308
   51.2295
   37.8717
   24.3671
   23.1161
   37.4299
   55.9489
   37.6341
   60.1624
   26.4598
   61.2787
    22.433
   43.9042
   61.1528
   43.9932
   35.7739
   32.9687
   38.4608
   35.1497
   44.7452
    43.964
   25.4599
   41.3777
   45.6612
   33.1109
   44.0946
   41.2271
    41.432
   45.1291
    45.207
   28.0213
   33.4387
   62.4296
   46.8467
   51.1592
    33.792
   48.2558
   37.6938
    48.735
   59.5075
   59.3316
   33.3564
   61.5948
   37.8985
   58.8086
   56.9466
   48.9085
   43.8364
   34.5058
   46.8337
   52.5433
   59.8337
   51.2007
   51.8606
   44.8739
   54.0183
   45.9298
    47.634
   26.3459
   40.6619
   36.3903
   36.2279
   49.6135
   60.7966
   43.6581
   45.1832
   59.7192
   41.5227
   34.4798
   37.8091
    61.302
   38.0841
   28.3719
   23.7229
   37.8796
   47.2472
   35.4611
   38.6131
   32.7708
   34.1672
   41.6312
   38.7907
   39.2104
   26.9776
   34.4282
   35.5653
   32.0014
   41.2539
   31.8125
    37.518
   45.0535
   32.7631
   35.5147
   42.9048
   39.3171
   37.2122
    34.729
   37.3409
    50.586
   39.8864
   39.5601
    40.421
   37.0585
   33.8215
   36.0977
   28.3325
   41.2147
   42.4367
   35.5506
   36.9379
   34.4911
    49.517
   34.1233
   32.9082
   44.1572
   39.7575
   37.0181
   31.5908
   49.8714
   45.0366
   33.2991
   36.9756
   44.7778
   38.9337
   33.1318
   35.7043
   34.5674
   31.7551
   35.8193
    33.164
   38.2685
   32.6306
   46.6425
   36.7679
   36.2241
   34.1135
   41.6487
   35.5542
   45.2437
   45.9618
   24.8126
   35.8161
   38.9366
   40.0939
   35.2465
   38.1743
   37.7596
   26.5501
   36.9708
   24.5717
   23.9726
   26.7784
   30.2069
   28.5216
   23.1259
   47.2128
    34.028
   25.0776
   38.7793
   30.5907
    19.878
   32.4234
   26.1745
   34.5939
   23.7199
   31.1405
   28.0751
   24.0219
   25.7516
   29.8776
   32.3994
   24.6462
   24.6999
    30.651
   54.6899
   27.9425
   48.7584
   25.4782
   28.2541
   27.1049
   29.6891
   33.8063
   26.9852
   28.8173
   26.2705
   52.2619
   38.5201
   33.5823
   34.5443
   41.8534
   32.7534
   24.8772
   19.3376
   46.4223
   42.4862
   46.2212
   36.1588
   35.1595
   17.9591
   34.5991
   38.1096
   36.9332
   39.6159
   32.8207
   37.6767
    30.169
   26.7837
   38.0954
   24.5438
   27.1256
   48.7187
   12.3183
   40.5455
   23.4223
   38.9487
   44.7446
   10.8253
   3.46645
   5.26781
     3.547
   2.64136
   1.14066
   22.5889
   40.4496
   9.06137
   6.36263
   6.35072
   2.87671
  0.119726
   3.52452
   9.60169
   7.77843
   4.30226
   10.5158
   7.19264
   4.92174
    1.3772
   2.29388
   3.39732
    8.8971
   10.9941
   11.4671
   3.56268
  0.613445
   4.14436
   5.48087
   11.3555
   3.43274
   9.72783
   4.21766
   8.60211
    10.797
   6.67446
   8.88116
   2.40776
   5.54328
   1.92584
   3.11325
 0.0980083
  0.273653
   0.49451
   4.58537
  0.262161
   10.5017
    8.9538
    7.2955
   3.26518
   2.93333
  0.841603
   1.54916
   30.9738
   22.8406
   10.0564
    3.0783
   3.58299
  0.599011
     2.066
    10.289
   11.0728
   6.96846
   2.87262
   30.0704
   3.94196
   2.55184
   9.24775
   1.21285
    3.3167
   9.66658
   10.4836
   3.72568
   8.83454
   10.4681
   11.0214
   24.0535
   8.68257
   21.1079
   22.2711
   2.38844
   1.16196
   2.82583
   4.11289
   9.53907
   11.7007
   1.51275
   3.23098
     33.88
   5.13496
   7.92128
    42.839
   3.36932
   7.67486
   9.42098
   1.26375
   2.52531
   3.29306
   1.92416
   3.34379
   3.87732
  0.439932
   4.20342
   8.22984
    1.7881
   1.71898
    2.4993
   3.10071
   4.62223
  0.384752
  0.424334
   2.25634
   50.8569
   3.38896
    4.8438
   11.0118
   3.38818
   2.60588
    1.1885
   8.92113
   17.3683
   23.9973
   33.2461
   24.5284
   9.42111
    9.9363
    3.1946
   9.86451
   44.2754
   4.71797
   8.99534
  0.417008
   3.59464
   2.33235
   2.74147
   2.52311
    7.7199
   16.2247
   9.61589
    2.3743
  0.292587
  0.225554
   1.66627
   6.13232
   8.70313
   10.4417
   20.6475
   7.35047
   13.9682
   1.15037
   4.84392
   3.51866
   3.47232
   7.69209
   5.53091
   5.05513
    4.5122
    4.0961
   26.4051
   7.79531
   8.61462
    1.1894
   3.58811
 0.0566822
   3.92937
   9.16189
   8.05779
   14.3252
  0.736329
   1.34773
   9.37098
   10.9704
   23.1719
    21.347
   14.4272
   22.7941
  0.454874
   2.17412
  0.402173
   1.47086
  0.214892
   22.6602
   9.11427
   10.4653
   3.27075
   2.10166
   6.14253
   3.36887
   2.18753
   6.19242
   5.64324
   36.2213
    1.5214
 0.0234241
  0.154628
   9.94475
   8.08259
   8.93889
   9.40086
   1.39578
   3.64457
    2.3595
    19.393
   9.40671
   8.07955
   5.94738
     5.222
   4.97174
   2.55476
   8.98482
   6.47065
   11.0356
   8.92089
   4.06147
   2.75953
   1.40338
   0.69766
   4.42394
   22.3469
   7.54786
   26.6122
   0.74537
  0.382867
   11.1949
    6.9936
    1.9918
   6.02085
   5.00046
   6.09524
   16.8739
  0.318099
   5.07857
   2.37395
   6.81087
   5.82833
   0.10642
  0.213673
   4.09982
  0.271828
   4.31148
   3.08553
   2.00447
  0.696275
  0.152096
   3.33584
    11.007
   10.9435
   23.2265
   6.54196
   4.83034
   5.81113
    1.4819
   8.00731
   10.7595
   42.2641
   7.23604
   3.85171
   2.69555
   23.4418
   2.06103
   5.22255
   10.5842
  0.766282
 0.0563081
   18.5465
   6.04293
   6.27157
   4.83896
   2.47144
   4.65501
   0.70502
  0.681053
  0.322189
   4.62995
   1.23916
  0.148714
   7.41433
   1.67984
   2.54194
  0.736019
   7.68194
    9.6505
  0.824649
   5.24259
   1.84939
  0.481331
  0.897149
 0.0559985
   7.71778
   2.74008
   4.53255
   6.54164
   24.6587
  0.174443
  0.646089
  0.642538
   6.11585
   2.02803
   3.52986
   3.26162
   5.39264
   6.23535
   12.0125
  0.600864
  0.898707
   11.2133
   4.52209
   15.3532
   3.53111
    1.8539
   6.22985
   5.65059
   2.20336
    2.4161
   6.01389
   5.21198
   5.56514
     4.504
   3.72173
   2.34822
   2.33799
   4.78859
   3.44085
  0.375109
   12.2808
   5.44735
   2.47198
  0.753811
  0.908433
   4.17649
   3.24562
  0.504354
  0.185591
   1.37487
  0.658455
   6.14801
   2.03999
   1.64605
  0.222834
 0.0795704
   5.62216
   0.17726
   2.63475
   15.4592
    3.1692
    4.6711
   23.1642
   3.49063
 0.0228287
   1.64192
   1.61833
   5.75423
   5.52293
   2.16874
   3.25811
   2.20066
   0.18431
   4.32756
   3.66464
   2.51094
   1.88245
    1.5371
   3.45423
   2.49706
   2.47692
   1.92271
   3.99518
   2.98592
   3.33347
   2.05929
   1.14619
   1.66112
   11.2798
   21.1034
   1.47824
   1.76054
   6.37061
   2.57738
   2.01165
   6.03311
    3.3712
    27.161
   48.2216
    1.0092
   2.78093
   2.09356
    1.7684
   7.26048
   2.01368
    1.3341
   3.07451
   2.45398
 0.0430879
   3.43675
   2.46229
   2.58943
    3.4379
   2.01963
  0.583966
   7.47952
   6.22419
   7.11012
   3.65057
  0.523208
  0.384914
   3.48732
   2.20742
    1.0969
   2.80387
   2.35655
   1.84688
    1.4983
   2.94211
  0.840032
   6.13686
   2.36768
    6.4862
   8.30749
   3.24515
   4.65872
  0.110208
   1.54979
   2.46286
   1.83903
   1.64854
   2.01928
   4.07573
    7.2559
   8.17996
   7.20512
   2.86762
   2.89608
  0.595639
   1.74812
   2.99677
   3.68024
   3.16026
    3.8265
   5.10864
   4.33075
   6.05528
   2.30832
   14.9421
    1.8172
   3.29807
   4.51577
   23.8562
    2.1147
   2.67249
   5.67705
   1.08129
   1.01942
   3.26823
  0.487128
  0.872854
   2.21939
   2.03989
    2.4379
   1.22264
  0.515935
   20.0381
   12.7788
   2.97503
  0.129697
   14.7182
   4.32289
   1.94127
   3.67325
   11.4121
   3.55278
   1.51399
   2.43125
 0.0951882
   6.16663
   5.78503
   3.80748
   4.27486
  0.677006
   2.75896
   0.69672
   2.28798
   3.77839
  0.122076
  0.201058
   5.76059
   7.96855
   2.17906
  0.714754
   3.05624
   1.12437
   9.91681
   5.30092
   6.08854
   4.57448
   2.18042
   23.5187
   6.08897
  0.796379
   6.88573
    17.937
   2.83355
   11.6021
   6.28773
   5.98922
  0.372148
   2.95287
   3.61011
   1.94747
  0.358955
   2.97447
   2.52548
   3.04474
   2.09506
   2.64228
   3.46006
   2.92884
   3.73761
   6.05194
   2.50129
  0.766185
   4.37641
   4.00684
  0.701678
   4.63692
    1.0943
   2.56292
   1.67396
   2.08234
  0.409119
   32.0591
  0.399205
  0.285764
   2.78041
   1.55545
  0.038807
   11.0147
   3.20149
  0.388078
   2.25246
   6.15727
  0.804877
   3.61981
   4.73197
   10.6332
    10.522
   7.18833
   1.89288
    1.6721
   2.46644
   1.96356
   7.01352
   6.32232
   3.76024
   3.18313
  0.417656
   1.38784
   9.86016
   8.80625
   6.23869
   40.3758
   4.88897
   2.71152
   2.02734
   9.70075
   8.89514
   4.21552
   4.11013
   3.40365
   4.58249
   4.02863
   2.39776
    10.095
   4.42997
   5.39928
   1.43968
  0.854272
   9.03241
   7.09354
   7.68324
   4.56094
  0.619622
   6.81233
   8.90306
0.00909328
  0.904625
  0.971347
   23.2886
  0.118034
   3.36764
   1.32116
   8.71813
   23.0866
   23.0635
   8.68692
   4.47838
   2.93868
    2.9883
   3.46337
   6.68644
   2.78925
  0.530463
    1.0718
   2.32005
  0.351552
   4.09804
   1.47668
   7.34142
   4.20434
   7.62948
   1.02557
   4.50764
   1.30332
  0.181025
   5.96264
   3.63656
   4.00098
   5.24534
   5.08552
  0.790629
   3.02153
   1.45237
   1.43159
   2.82328
   1.24874
   2.65479
   3.64064
   8.05969
   2.15583
    1.9088
   6.65741
   7.13474
   1.81172
  0.178084
   3.47459
   1.25773
     14.54
   3.13886
   1.44964
   3.05891
    1.5536
   3.63529
  0.694879
   6.29883
  0.964351
   1.63179
   3.29281
   3.57734
   2.64166
   5.39425
   7.54024
  0.770051
  0.948628
   2.45408
   0.38288
   2.03083
  0.254053
   3.79224
   6.37578
   4.90165
   10.7455
    1.1736
 0.0114977
    5.8157
    5.9834
   1.81355
   1.94985
   3.72589
    5.1608
   4.16132
   8.46708
   1.35979
    1.3675
   3.78624
   1.34887
   10.5779
   2.42666
   5.01437
   3.48258
   4.65976
   6.99252
  0.210922
   1.41717
   3.76593
   8.87106
   3.61981
    3.5621
    5.4848
   6.64472
   3.74836
   4.76953
    21.324
  0.990128
   1.38178
   4.96401
  0.958335
  0.749891
   1.39693
   2.30274
   1.89577
   0.64762
   6.02968
  0.601188
  0.682798
   1.83381
  0.476983
   1.17103
 0.0225735
   2.39926
   1.47796
   4.45366
   3.90244
  0.886687
   2.72691
    1.0395
   1.31093
   2.33466
  0.769229
  0.929461
   6.03018
   1.89261
   6.85763
   14.1306
   3.00624
   1.92228
   3.20507
   11.3403
   4.86727
   2.13727
  0.470357
   5.72189
   2.09987
   6.46196
   5.65749
   12.4062
   6.76872
    6.4528
   2.37809
   1.17568
   1.56053
   3.03095
  0.282046
  0.506186
   3.80536
  0.168495
    3.1162
   5.50546
  0.647758
   23.8261
    22.692
   23.4434
   5.04817
   16.2596
   4.95421
   7.42602
   5.00386
   3.40031
    8.9965
   4.90377
   3.91728
   2.21846
   16.4018
  0.512058
   12.0797
   23.2314
   2.15543
   13.0052
   10.0578
    2.6659
   1.41104
   1.28854
   0.97612
   3.64905
   9.37272
   11.9956
   6.63327
   7.54239
   6.05381
   6.72681
   1.81042
   11.6547
   2.81685
   51.7719
   2.17389
   11.4156
   23.8793
   6.63418
   6.43705
   59.4529
  0.822747
   6.20287
   53.6664
   4.02722
   1.88727
  0.860511
   12.4848
   8.79684
   3.82532
0.00983814
   2.69257
   1.67492
   3.79088
  0.660315
   5.98979
   7.63924
   7.32345
   1.22952
   4.63613
   60.1614
   8.01365
   16.9078
    4.9998