   12.3999
   17.1618
   2.25342
   0.46389
   5.05367
   4.87324
   8.54433
   16.7293
    4.1236
   2.04196
   6.05803
   9.86891
   12.3077
   1.76381
    12.937
   13.2889
   14.9628
   3.41007
   9.10147
   5.29599
   8.87884
   2.26522
   8.76977
   7.80289
   2.42788
   11.9547
   1.94815
   6.95951
   5.58677
   26.3946
   26.6814
   7.47348
   21.3301
    13.823
   17.0794
 0.0474638
   1.71184
   10.5085
   19.4121
   19.8048
   11.5602
   4.13214
   18.2524
   10.6635
   11.4234
   23.8854
   19.9116
   8.90604
   1.71059
    6.9177
  0.933785
   3.65166
   1.04811
   12.1947
    18.814
   14.2098
   11.1987
   9.30333
   14.1925
      10.2
   15.8597
   2.39677
   10.2259
   4.67081
   4.92715
   6.72454
   7.49495
  0.971585
   3.30074
   15.3264
   19.8505
   3.46833
   11.4143
   14.1172
   20.9868
   13.3471
   5.72653
   9.31996
   1.38673
   1.61153
   1.44509
    3.9805
    6.5414
   2.73721
   4.29529
    3.4522
   5.92323
   4.71609
   7.16789
   1.52416
   5.51222
   15.3296
   1.90207
   12.7934
    6.6148
   12.3098
   14.4738
   11.2026
   8.84771
   3.00791
   6.25994
   13.5428
   13.3937
   6.87234
  0.457055
   6.97395
   14.5472
   12.3346
   5.60607
   2.11797
   15.3147
   7.63744
  0.884987
   4.86339
   2.85062
   1.86051
   1.29233
  0.433845
   5.67712
   10.6161
   1.48036
   11.1874
    6.9669
    6.4279
    4.1714
   2.20734
   2.43051
   2.17987
   4.56364
    6.4009
   4.95543
   16.1344
   14.0232
   3.18634
   6.77553
    4.9903
 0.0609072
   1.22108
  0.827206
   7.40642
   12.0399
   15.2192
   9.77553
    12.343
   3.31031
   10.3276
   4.18084
  0.811713
   7.32404
   18.4466
   6.32968
   2.85725
    7.4356
  0.756735
   20.4809
   5.29981
   11.1979
   24.8818
   26.0284
   10.9895
   16.2022
    5.4623
   9.92976
    5.7983
   10.2621
   7.12858
   4.01895
   1.95445
   6.08996
   5.40662
   8.34984
   1.01018
   0.48955
   3.50179
   2.48841
    7.9211
   19.2247
   18.5225
   3.85958
   5.60206
   4.05821
   11.6361
   2.04595
   3.59162
   8.84641
    5.8585
   3.14564
   3.30074
   4.22381
   3.65894
   2.65285
   2.65789
   7.43132
    14.994
    16.895
   22.4038
   9.41857
   4.04332
   8.48962
   6.34403
   2.02128
   1.33215
   2.68883
   3.74496
   5.17389
   7.33239
   6.62118
   3.07046
   11.8126
  0.970253
    14.811
   13.8267
   12.5663
    8.1018
   10.8619
   3.97025
   4.22818
    7.0133
   9.44556
   4.53961
  0.881748
     5.192
   1.54551
    12.954
   11.8367
   12.6112
   3.40805
   7.93777
   11.2415
   1.87356
   2.71139
   2.85434
   14.9522
    1.5706
   5.06308
  0.680818
   3.88211
   5.10478
    10.128
   10.7103
   9.72337
   9.21429
   11.6922
    8.6071
   5.10663
   2.85783
     3.843
    2.3365
   14.0557
   10.2688
  0.261219
    9.4685
   8.84819
   9.30422
   16.4185
   12.3221
   14.1924
   9.09489
   10.4957
   17.7381
   2.95213
   8.66857
   6.10602
   5.40953
   8.12458
   11.3628
   4.89052
   8.91418
   19.6425
   10.1196
   3.46823
   10.6726
   7.89418
    6.2745
   4.72382
   9.80839
   6.32141
   2.34872
   13.5483
   6.22848
   8.05163
   11.6646
   21.3103
    3.2904
   7.18026
   3.79444
   22.3596
   22.5358
   7.37562
    6.2961
   11.6592
  0.589562
   5.22046
 0.0560322
   4.31331
   9.25776
   7.56797
   15.4987
  0.370014
   3.31372
   6.17739
    3.0537
   3.23645
    2.1842
   7.71335
   4.35877
  0.668155
   6.40232
   15.2161
   11.7124
   12.5088
   4.46642
  0.834456
   7.78449
  0.359262
   5.41721
  0.839537
  0.384517
   1.82452
   3.68416
   5.33749
    14.198
   14.6666
   13.4018
  0.447931
   6.22086
   36.0886
   2.82254
   7.40269
   2.28288
   6.88486
   4.69041
   2.00535
   11.0116
   19.1026
   7.80571
   10.6818
   9.62802
   12.5364
   8.24004
   8.70599
   15.8997
   8.86192
   10.5998
  0.544613
      4.81
   6.22798
   1.75767
   3.12297
   1.76704
   6.83946
   4.85879
   6.66186
   17.5558
   11.2412
   18.3666
  0.926951
   18.1156
   3.28338
    8.3774
   2.07981
   12.5426
   19.8748
   18.9175
   4.25639
   15.2125
   15.3908
   6.53422
   23.2681
   30.2938
   10.9708
   6.21759
    1.6249
   5.48654
   4.37461
   9.92432
   8.56281
   1.76453
   1.78338
   9.31856
   2.57355
   4.26259
   2.07406
   9.83632
   9.83864
   4.98818
   8.97449
   12.9832
   6.82878
   14.4251
   1.55805
  0.257732
   5.93385
   7.48515
   2.87401
   16.5331
   8.94054
   2.90639
0.00102147
   6.41013
   11.6189
   9.38213
   9.60193
   10.0791
   13.7134
    10.416
   3.61244
   15.5651
   5.27341
   4.67886
   11.5758
   4.92123
   5.48051
   5.23961
  0.261802
   10.6649
   10.9591
   10.2703
      6.95
   1.84246
   11.6419
    5.4349
   15.5127
   20.4646
   18.9338
   11.7049
   18.4084
   13.8933
   1.72708
   6.87906
   10.0299
   10.7319
    3.1705
   24.8314
   10.8845
     21.55
   9.74023
   8.52134
    10.587
   5.15503
   9.67024
   8.19405
   7.93174
   1.55947
   9.98215
   7.26212
   11.1701
   13.5209
   8.98014
   12.5227
   0.40622
    8.4474
   12.7096
    3.1996
   10.2146
   17.1733
   13.3764
   3.57494
   2.73436
   6.72561
   12.5919
   1.43648
   7.36914
  0.401063
   1.43929
   6.27501
   2.58359
   11.0779
   9.96601
   12.5992
   11.4419
   7.74308
   6.86331
   4.36445
   6.61796
    2.9174
   3.45358
    7.1733
   10.9339
   9.13033
   18.0952
   5.83166
   1.61548
   3.32576
   1.84263
   12.1686
   2.66484
   11.2271
   5.92846
   2.02582
   14.2381
   3.58084
   2.73831
   9.79822
   6.93362
   4.44661
   11.9848
   3.76706
   24.2592
   11.2652
   1.28532
   3.50163
   1.67309
   7.39947
   2.58932
   14.8682
   26.1874
   10.2468
  0.283305
   3.81341
  0.128257
   0.18795
   2.20743
   7.25718
   12.6256
   4.01985
   2.74062
   1.19267
   1.75482
   9.03761
    5.2094
     5.162
   2.04145
   6.35849
   5.06184
   1.29434
   2.82119
  0.501566
   1.79089
    2.5776
   9.67051
   3.15331
   13.4639
   10.2931
   4.88905
   16.9452
   9.40657
   8.13645
   4.19687
   27.1543
   9.46518
   7.86668
   3.17016
   5.69919
   9.37329
    3.9255
   9.32041
   6.33911
   20.4741
   5.90401
   11.4167
  0.473967
   5.92594
   10.5601
   1.33562
   6.58974
    5.4045
   7.95824
   2.45597
    7.2992
   9.22024
   5.31397
   13.1265
   4.96459
  0.270896
   12.2833
   8.88402
   10.9682
   4.42729
  0.941255
   10.3041
 0.0583371
     12.59
   14.5854
    10.914
   9.14718
   7.89155
   13.7575
   3.08526
   1.77486
   11.1297
   4.30417
   11.8443
   2.32626
   7.72156
    1.8681
   16.0089
   7.36261
   9.91947
   7.11108
   2.85904
   6.20047
   8.18264
   23.4158
   2.19275
   1.91665
   9.88404
   0.32905
   2.59782
    6.5673
   10.5858
   25.0909
      1.61
   5.57432
   11.6982
   2.43265
   3.24415
   9.61895
   19.4469
   4.62114
   7.42363
   7.88983
   0.24711
   1.67739
    5.9882
   7.56864
  0.624254
   1.41858
   4.32129
   3.03742
   5.26198
  0.604155
   9.55933
  0.480854
   12.2745
   6.82323
  0.128504
  0.470291
    3.3203
   12.2869
   9.20085
   10.1883
   1.20972
    2.8987
   4.70751
   5.89749
   10.6033
   25.6092
   7.23049
   6.27769
   1.55683
   2.38325
   3.09086
   10.1337
    2.1088
   6.78231
   9.21868
   11.8621
   2.75663
   2.92008
   1.41743
   9.32553
  0.344432
    10.693
   4.13501
   3.89063
   11.4288
    4.9484
   12.1751
   8.39272
   5.22383
   11.9159
   26.6352
  0.740854
   4.59325
   6.52627
    9.1215
    8.2677
  0.455766
   4.12965
   7.82922
   8.85606
   15.1727
   2.02009
   19.0951
   19.7338
   6.50497
   3.01466
   6.04492
   15.9917
   26.2613
   16.6572
   21.5682
   10.1917
   12.8197
   13.3908
   18.2388
    11.458
   16.6984
   12.6097
   11.9483
     16.95
   15.7288
    9.3496
   12.4237
   10.0083
   26.4019
   1.77788
   7.83524
   19.6092
   22.4058
   15.0134
   14.7803
  0.615356
   9.22625
   9.49474
   3.55463
    12.935
   11.6125
   3.66238
   2.96426
   9.87407
   8.21369
   14.0209
   11.0679
   11.7327
    17.143
   12.7146
   3.19541
   7.15442
   7.75683
   13.0293
   12.8427
   24.8956
   9.31082
   10.8777
   8.14064
   19.6583
   27.8958
   3.38181
   15.2394
   0.59707
   9.66859
   6.54331
   9.40016
   10.9076
   10.8285
  0.551476
   13.1722
   4.47757
   22.6736
   22.0299
   6.89839
   20.3928
   8.82573
   4.89914
   17.5932
   12.8565
   12.0629
   10.3087
   22.9187
    10.839
   14.8389
   15.1959
   2.84875
   4.20453
   11.6258
   5.47431
   15.9254
   11.3006
   6.16476
   24.6395
   4.58981
     7.377
    12.635
   10.9357
   24.2922
    4.2605
   25.1971
   20.0248
   1.86523
   12.8884
   6.31406
   2.44084
   23.4176
   6.32892
   3.17388
   15.7296
   3.37785
   3.54365
   4.81106
   12.6503
   20.4976
   24.1057
   23.5881
   2.47747
   24.1117
   16.2064
   27.1578
   5.05475
   1.14061
   6.23258
    9.4467
   2.75542
   6.59663
   20.3223
   7.92185
   10.1172
   33.1938
 0.0292581
   7.58481
   14.6252
    15.995
   2.94857
0.00215378
   8.49727
    3.1721
   11.9019
   7.41904
   5.85281
   27.0824
    22.663
   3.63604
   2.77538
   9.68882
   21.5794
   6.36958
   7.69522
    16.594
   25.2966
   20.9157
   6.88736
   1.45355
   19.4975
  0.670533
   28.8499
   15.9278
   7.76004
   9.29903
   11.6964
    10.699
   23.6259
    6.0025
   3.21303
   9.29126
   11.0564
   12.5632
   11.5201
   6.95031
   9.32541
   6.45518
   24.0719
    3.3194
   3.38823
    21.897
   1.11141
   4.83654
   18.2222
   3.89363
   12.3331
   3.31218
   13.6761
   4.16698
   17.3376
   1.07974
   21.1467
    13.477
   24.4452
  0.943449
   6.00922
   20.5349
    20.988
   13.3365
   19.1989
   17.0318
   7.99488
   3.25126
   24.4733
   1.39128
   1.78121
  0.334381
   19.6355
   2.32386
   22.1596
   5.89454
   19.2424
   21.6624
  0.264968
    25.296
    15.962
   5.65034
   25.4265
   22.8662
   19.7936
   3.24537
  0.453628
   15.9638
   26.9959
   15.3496
   13.9057
   13.7051
   11.9025
   12.8999
    25.421
   27.0278
   10.7068
   20.5494
   25.5978
   17.0211
   14.1959
   14.8764
    26.668
   5.17731
   19.8293
   10.4382
   1.56446
   1.45404
   25.0572
   15.0718
   19.8464
   3.94641
   25.2372
   2.18458
    11.737
  0.225666
   7.32115
   11.2947
   11.0169
   2.21532
   7.88261
   3.02567
   3.14557
   18.1604
   7.71946
   3.50976
   2.22618
   6.74122
   19.9488
   33.2554
   16.6125
   31.4373
   6.25548
   10.9788
   8.77129
   9.19215
   5.47925
   7.36987
   11.9949
  0.320158
   13.5123
  0.560433
   5.04096
   7.26864
   10.1404
   6.99716
   4.56926
   4.93322
   8.78672
   6.30652
    19.863
   3.04503
    6.6512
   37.8449
   49.4045
   48.4228
   4.80675
   11.6303
   8.89499
   1.36556
   5.91922
   12.7532
  0.733386
    4.4425
   7.05584
   48.8439
   52.5855
   45.8911
    14.733
   3.78159
   4.83294
  0.938341
   19.5569
   4.92691
   31.0371
   20.0233
   38.9007
   40.7396
   3.71913
    49.738
    48.654
   49.8799
   42.8162
   2.14766
     31.87
   7.27998
   4.53637
   39.7553
   25.2072
   40.9456
   44.8349
   10.1897
   5.70727
   7.77638
   40.0522
   38.5022
   41.1451
   43.3751
   42.9342
   41.0961
   5.21267
   41.3722
   35.9108
   52.4627
   50.6665
     50.05
    45.681
   42.3068
   5.90488
   46.2038
   48.9272
   42.0089
   48.7702
   38.0329
   39.1479
   37.0308
   43.9716
   48.0265
   42.3824
   42.7651
   47.2881
   45.7076
   46.1642
   49.1305
   44.0984
   48.6991
   41.0016
   45.2418
   37.5463
   46.3709
    47.438
   48.8461
   49.8786
   30.8848
   29.2279
   39.0672
   50.4011
   50.5577
   54.2988
   6.82776
   11.2078
   1.27716
   1.89393
   25.9518
 0.0760197
   5.52125
   5.54576
  0.483032
   42.0725
    36.977
   43.4025
    43.787
   45.0818
   25.0948
   44.9557
   52.9169
   32.9838
   47.8203
   14.0437
   17.3442
   9.85509
   29.2506
   39.1036
   40.4559
   44.4917
   47.7443
   10.4957
   39.8395
   41.4204
   46.7261
   28.5669
   10.6149
   2.72525
  0.757446
   2.79511
    22.791
 0.0181205
  0.108798
   2.43842
   43.8458
   28.4428
   28.0274
   13.9312
   5.08256
   13.0546
    45.488
   3.21471
   22.2214
    7.5025
   10.4587
    49.871
    41.104
   49.1655
   38.4483
   41.0216
   24.0897
   1.68647
   1.33392
   43.0969
   46.8418
   4.99327
   12.3477
   15.2598
   48.5538
   44.9408
    2.8737
   14.8491
   13.7283
    4.1799
   5.27857
   2.13361
   41.7981
   40.8922
   41.0747
    49.474
   48.7719
   12.4854
   42.2071
   42.4551
   48.5774
   41.5377
     47.93
     49.38
   39.1787
   2.65212
    48.525
   50.9432
    50.567
   47.3097
   41.6875
   49.7023
   50.6346
   49.1322
   10.9408
   9.40845
   8.41861
    4.4057
   5.72105
   10.9243
    4.5638
   7.81448
   5.05346
   1.09265
   1.32968
    15.842
   21.9541
   5.49268
   17.3216
   9.35776
   12.8595
    0.6389
   3.13911
   42.0169
   40.9773
   41.8361
   56.0358
   51.9235
   41.2877
   12.9348
   40.6271
   23.9562
   2.52561
   27.4836
   9.69596
   32.3771
   6.06264
   5.18231
   2.69544
   41.4003
   37.0055
   41.7758
   36.9647
   16.2889
   43.0281
   42.5489
   26.4457
   49.9422
   45.3613
   46.6728
   46.7015
   40.9173
   40.1739
   35.2855
    1.7133
   36.1441
   14.3659
   47.4975
   51.5872
   46.8079
   51.3656
   38.1169
   30.6225
   32.7557
   32.9556
   34.2898
     33.48
   50.0723
   46.8821
   50.8437
   47.5188
   39.6493
   47.0893
   46.6251
   47.2062
   43.6184
   10.1809
   38.9456
   39.6332
   47.4733
    49.016
   48.8124
   41.5693
   40.8626
   41.1239
   36.5261
   47.9781
   46.9483
   40.2877
   39.2977
   27.2555
   28.1377
   29.4798
   25.2994
   4.29159
   50.6103
   50.5375
   50.5635
   48.3282
   53.8286
   28.2198
   44.7989
   39.0304
   52.2286
   50.9597
   52.1062
   49.0816
   53.5831
   51.7519
   52.8365
   11.3411
    49.619
   44.8771
   48.9714
   40.8454
   37.8409
   42.5377
   46.0882
   42.9013
   49.4994
   41.7089
   25.9953
   40.4585
   40.0786
   40.9399
   39.2718
   53.3912
   51.5867
   48.2093
   35.8446
   33.8395
   36.1449
    43.165
   49.2047
   48.5004
   46.8125
   49.9119
   51.0298
   29.8745
   39.6342
   21.8043
   50.5096
   49.8288
   44.2184
   49.8805
   49.3189
   53.1167
   53.1475
   52.2982
   48.6174
   45.3055
   50.6145
   50.3859
    49.251
   51.2948
   43.3943
   49.0166
   49.1158
   49.3892
   49.0956
   51.3001
    50.009
   51.6398
   48.6637
   51.6918
   37.7836
   40.2932
   30.3751
   61.9322
   38.4964
   4.48392
    49.279
   59.1692
   15.9151
   58.5479
   29.5671
   50.0871
   49.6434
   44.0277
    50.352
    51.714
   48.5843
   46.8437
   54.2074
   53.6107
   50.5887
   48.8614
   36.8392
   49.9169
   49.5485
   50.4881
   48.3603
   38.9137
   40.3611
   46.4135
   46.8676
   46.9933
   50.3327
   46.8662
   45.8827
   50.6685
   53.8748
   20.0232
   49.1014
    50.504
   51.4413
   42.3372
   14.0092
   54.4832
   49.6414
   43.5603
   44.4926
   51.8522
   50.2633
   35.2836
   39.8049
   50.2347
    34.503
   49.6905
   47.4971
   43.0581
   51.4458
   48.6866
   52.3636
   40.4836
   47.3328
   50.0745
   50.3462
    48.266
   48.3658
   52.4315
   55.3153
   43.8833
   32.5293
   40.6772
   45.4479
   49.6962
   50.3463
   54.2113
   55.2689
   49.0257
   48.6259
   54.0586
   49.8672
   53.4566
     53.03
   55.1709
   55.8782
   32.9268
   51.3076
   31.4988
   45.9819
   46.2037
   24.6758
   55.0549
   52.6218
    54.187
   55.1994
   49.6865
   43.9635
   40.1197
   29.3778
    48.968
   56.4574
   48.4311
   57.2066
   50.6659
   51.9182
    49.441
   26.2662
   6.95385
   51.9652
   48.8951
    43.356
    49.553
   51.0664
   47.8815
   54.7439
   49.3426
   39.6917
   54.2849
   43.3835
   54.9391
   54.3893
   53.8887
   52.1864
   50.4241
   1.65775
   42.0435
   50.1868
   49.4434
   51.4675
   49.4823
   51.6569
   49.5571
   49.5765
   48.2926
   47.1733
   52.9847
   44.7692
   45.1976
   52.9569
   50.7197
   46.2007
   46.3159
   52.5264
   55.3722
   25.3167
   53.2765
   52.8239
   28.7638
   52.7911
   54.9103
    51.358
   54.0651
   51.3756
   47.2793
   49.7451
   48.9536
   49.1737
   50.2262
   52.0301
   46.8456
    25.337
   31.3954
   47.9027
   50.8767
    47.828
   35.2076
   45.0816
   39.4358
   49.6784
   50.5496
   24.6648
   43.5197
   55.1257
   53.8943
   56.5013
   56.7086
   52.6851
   54.9374
   56.0545
   59.3234
    56.155
    50.648
   55.9978
   42.6666
   55.3924
   50.8026
   45.7568
   58.7282
   34.7876
   54.4672
   54.3671
   30.7626
    56.737
   54.0598
   48.8498
   53.9235
   55.5992
   51.6063
   51.9764
   7.88585
   51.2976
   56.4838
   54.0443
   53.8768
   55.9583
   47.3569
   54.9624
   51.0198
   25.4055
   8.06942
   50.9583
   53.4646
   51.1364
   56.5696
   52.1032
   55.4735
   55.1958
   53.4929
   41.8876
   60.9504
   50.9974
   52.3577
   55.2081
   49.4637
   54.1129
   51.1677
   53.2295
   33.7788
   39.8834
   37.8034
   3.54628
   54.6036
   59.3534
   46.7781
   44.8849
   50.1177
   42.4793
   46.2641
   34.9023
   49.9992
   36.0195
   29.8697
   39.5791
   49.0153
   54.1207
   6.79834
  0.257685
   12.2553
  0.906682
   14.1563
   49.5696
   48.5963
   49.6089
   47.4205
   43.7337
   35.1016
   53.9077
   46.9916
   45.0625
   43.5915
   51.8049
   32.2299
   43.7657
   43.3472
   36.9504
   42.2386
   39.0806
   28.3801
   46.0796
    59.722
   55.0146
   51.8807
   54.3381
   56.8178
   55.7915
   38.2605
   36.2912
   36.9675
   56.1684
   15.9348
   34.3099
   37.7214
   39.9652
   29.5068
   30.5465
   17.8533
   44.9147
    37.329
   45.4177
   45.8589
   44.8242
   36.6151
   29.6782
   7.41236
   10.2123
   54.0761
   30.1982
   30.9945
   56.6969
   53.9198
   57.1189
   32.5654
   37.9307
   54.9662
   53.9043
   4.39868
   1.77216
  0.629729
    41.737
   31.4065
   37.0559
   37.1619
   1.67347
   43.1177
   43.9278
   11.2954
   3.99682
   31.0701
   8.35096
   4.92134
   9.67638
  0.183027
   12.2487
   12.9214
   35.7161
    3.7076
   7.02605
   5.05098
   2.19048
   4.66287
   4.96056
   24.0945
   10.2581
    1.5731
   1.94435
   43.6406
   3.52217
   54.9747
   13.9114
   15.6091
  0.599789
  0.202107
   44.4206
   56.0912
   12.7942
   60.2787
   56.2344
   52.5616
   36.2059
   5.47489
   30.8806
   15.2979
   55.4335
   53.2625
   48.0134
   41.2659
    2.1662
   51.3555
   54.7626
   7.81888
    9.2501
    57.468
   56.2364
   61.2796
    58.722
   55.1096
   54.9614
   48.5423
   41.2535
    5.6514
   1.71695
   1.98903
   42.0403
   56.4695
   37.1397
   4.40327
   6.27361
   60.5225
   55.7296
   4.53405
   3.38248
   56.4331
   11.3219
   53.3908
   54.6722
   4.54337
   12.6506
    60.371
   53.7867
  0.421775
    3.3719