    5.6627
   19.8946
   3.39688
   1.68981
   5.02069
   4.06855
   4.77009
   6.83645
   8.05577
    14.654
   6.50099
   9.56434
   2.14943
     2.681
   28.3311
   20.9776
    6.3665
   1.35754
   2.27312
  0.558724
   3.79884
   4.47255
    3.6022
   3.19071
   1.16053
  0.991991
  0.842223
  0.712117
   33.4385
   33.7103
   24.2341
   34.5043
   26.5153
   20.7993
   17.1289
   1.30619
   11.0293
   7.81195
  0.400218
   3.70216
   10.5201
    28.464
   5.08613
  0.402931
   6.60945
   6.58974
   6.83801
   13.3783
   7.13589
  0.750332
  0.404669
   3.75643
   8.55985
   17.8172
   19.8788
   31.1068
   30.5083
    53.664
    1.8019
   11.2754
   11.7058
   3.90389
   1.09948
   8.20348
   37.4793
   37.0987
   4.47443
   3.41103
   9.45576
   10.3491
   19.1307
   25.7886
   34.5882
   4.67911
   6.31447
    18.166
   31.5373
   25.2887
   13.6779
   1.54487
   1.35836
   1.62396
   3.98106
   5.23416
   3.39632
   1.95238
  0.845466
    1.3751
   11.1209
   33.3776
   12.6584
   8.98897
   12.0719
   29.2908
   5.79391
   4.24382
   4.58799
   7.48035
  0.728053
   5.40996
   1.79493
    6.0352
   3.70351
   1.50135
   1.71706
   5.22454
   4.64983
   1.56065
   6.27282
   5.14957
   7.26545
  0.631208
   3.84097
   4.82319
   1.42616
  0.221438
   13.0969
   3.13554
   9.02033
    9.1471
   7.26479
   8.38715
    2.5775
    4.2521
   12.0179
   9.95017
   14.2883
   12.0119
   17.0492
   9.86882
   11.1157
   5.15349
   11.2136
   3.75703
   2.77856
   3.91807
   4.77203
   3.74135
   7.65878
   10.8848
   4.27996
   1.73351
   5.26304
   4.72143
 0.0707038
   4.83407
   5.43768
  0.415213
   2.59515
  0.532476
   19.2182
   6.67264
  0.561911
   18.8127
   5.52143
   21.2011
   15.7037
   19.3781
   40.2109
   16.4611
   9.00692
   2.65259
   13.7134
   8.96403
   8.19925
   10.7061
   12.8444
   13.5465
   11.9851
   11.6062
    52.484
   4.83803
   2.34502
   5.83838
   4.09913
   1.34425
   3.76511
  0.474209
   1.75959
   20.3397
   5.21788
   43.3779
   20.1995
   31.9356
   6.07646
   31.8772
   1.43365
   11.8368
   14.7599
   4.62191
   20.6906
    13.468
   3.89481
   1.93407
   1.48884
   22.5274
   4.83438
   30.5152
   3.18467
  0.692608
   9.15587
    0.3929
   31.8779
   15.5439
   17.3214
   40.2113
   4.08358
   23.7449
   20.7168
    31.053
    2.7157
   4.36532
   14.6253
   5.38415
   3.68598
    6.2957
   1.54925
   6.31578
   1.00411
   11.0751
   14.6243
    18.699
   6.35638
    1.8797
   1.16091
   2.70977
  0.500994
   3.86072
   7.31364
   2.26226
  0.295722
   22.4907
   17.2439
   4.44086
   1.98442
    19.944
   10.5096
   3.28306
   29.2809
   24.7325
    8.7359
   7.48438
   38.4971
   5.87644
  0.826352
   4.32857
   3.60769
 0.0777324
    46.779
   54.2535
   7.33042
   3.74172
   19.9772
   1.30739
   2.44987
   10.6772
   1.66158
   3.56171
   1.53471
   21.0591
   12.8641
   5.94724
   9.33302
   1.28263
   10.3385
   3.07807
   17.4819
   16.1457
   25.3403
   6.53971
   7.49536
  0.172197
   12.8113
   6.09981
   6.26675
    1.0638
   3.73996
   3.63653
   8.24283
   2.61446
   3.02444
  0.830687
   6.04229
    16.118
   30.8896
   2.72498
   16.0519
   8.23966
   12.4451
   3.87257
   3.18195
   15.8622
   15.5606
    6.2636
   3.88631
   6.45995
    16.525
   3.64575
   11.7728
   15.7455
   1.50326
   11.2482
   3.70092
   2.28576
   4.28024
   5.06044
   3.96268
   3.33477
   4.00516
 0.0825114
   3.13057
   3.91378
   3.77242
   1.48877
   2.26015
   4.61539
   6.19392
    11.222
  0.883417
   1.83356
   1.71881
   3.11641
   15.4591
   13.8205
   9.20537
   8.37829
   10.9244
   11.2264
   16.7285
   20.6125
   22.1001
   18.1659
   30.2588
   21.3567
   12.3332
   5.48602
   14.1792
   2.37678
   1.12033
   8.39935
   1.58668
    24.173
   1.10576
  0.826938
   7.71683
   5.14849
   3.28463
   13.5816
  0.218197
    6.8445
   15.4006
   24.8959
   21.7532
   23.0763
   12.5225
   14.3352
    22.272
   1.11042
   24.3827
   6.95313
    11.398
   4.04047
    3.3033
   32.8522
   19.3832
    6.6118
    50.367
   10.1615
   12.6852
   15.1708
   4.27964
   21.8873
   10.4827
    3.3584
   11.1136
   8.94644
   5.38629
   2.77851
   13.9371
   25.3955
   10.0223
   8.37187
   12.2296
   2.73966
   2.57358
   19.8044
   19.0422
   2.03316
   4.42269
    7.8083
   6.31853
  0.263444
   22.8603
    3.7225
   5.60643
   0.49191
   1.58732
 0.0435944
  0.292643
   18.6579
   7.86106
   4.31798
   19.8624
   8.60603
  0.984739
   1.28266
   1.42003
0.00935105
    13.201
   7.36566
   2.07582
   8.77255
   23.7873
    2.7051
   8.50483
    2.9648
   2.77867
   10.3316
   1.89149
   1.26759
   5.22376
   1.53154
   9.77991
   3.35023
   8.48448
   10.0538
   8.46671
   2.38162
    47.848
   10.7899
   3.28622
   2.40939
   1.52997
   1.83847
   1.09502
   1.60611
   29.4091
   14.3437
   9.34547
   13.5512
   24.5861
   24.9072
   14.3287
   10.9657
   6.61139
   7.78429
   3.67777
     1.844
   13.5701
   5.51044
   25.2746
   10.6258
   6.90583
   15.2928
   10.1533
   12.8045
   48.6872
   20.3068
   3.73904
    6.3322
  0.127403
   10.7353
   6.25653
  0.568812
   5.02545
   15.5776
   13.6481
   30.4671
   18.2283
   17.5105
   7.82672
   8.02003
   19.1054
   18.3489
   4.77027
   9.43363
   22.6222
   7.40312
   10.2622
   31.4202
   9.63701
    11.286
   5.71075
   21.2566
   8.24199
   13.0777
   21.3379
   27.7999
   5.05629
   6.78354
   5.42655
   3.39276
    29.499
   29.0717
   35.9659
   10.4618
   17.0733
   4.70162
   8.58246
   2.79757
   1.31433
   5.09711
   2.62215
   2.55062
  0.282905
   1.23422
   10.4685
   1.39308
  0.936855
   8.21472
    24.937
  0.286803
   3.37725
   5.04446
  0.231581
   9.08465
    14.665
   1.98356
   1.96909
   1.98838
    3.3998
   14.6699
   11.5028
   7.25971
   8.59291
   4.88328
   1.67719
   1.94017
   5.50595
   5.49282
   34.3158
   15.3725
   16.9921
   6.54256
   18.7191
   23.5924
   1.39511
   21.0711
   24.9072
   14.2319
   1.90549
   9.73698
 0.0829674
   14.4077
  0.809123
   12.6557
   21.8922
   25.1313
   32.0881
   21.7741
   14.4585
  0.640377
    1.2473
   3.40394
   12.1241
   4.34437
   3.93795
   5.35306
   22.5598
    21.556
   3.35498
   5.48217
  0.815913
   3.36718
   17.9696
   5.69954
   7.46512
   25.8398
   32.5953
   22.5055
   53.6992
   30.4205
   3.84182
   2.17969
   3.76161
   24.0887
   5.22827
   31.6319
   4.91306
   26.8249
   7.20737
  0.876195
   10.2257
   5.00926
   7.54077
   1.02477
   3.97407
   9.42532
   11.9952
   26.7812
   14.6306
   6.78297
  0.349743
   1.97157
   8.49236
   0.23033
   42.1026
   176.377
   13.0604
   49.5993
   43.7067
   22.4401
   10.2312
   27.7854
   16.4354
   6.65278
   6.26115
  0.159148
   1.74453
   8.71072
   11.8814
   1.02462
    15.557
   8.66313
   6.92697
    7.0217
   4.93609
  0.889487
   177.129
   28.8366
   27.1299
   3.12414
   55.2154
   172.338
   26.7085
   28.9429
   2.78381
   176.582
   24.7619
   13.4741
   14.5641
    2.8327
   7.44483
   3.20396
   12.8796
   51.4111
   36.2286
   17.1087
   15.3845
   2.51328
   13.2634
    24.787
   12.0276
   2.55066
   35.1815
   1.31178
   11.5463
   8.46335
   9.81883
   5.39903
   1.50798
   15.0881
   171.781
   17.3241
   30.6198
   12.3406
   22.0288
   4.38615
   31.4956
   26.6845
   2.90222
   18.0814
   11.4147
   14.7531
   19.8638
   31.1742
   174.627
   3.68031
   3.01102
   12.5865
   9.21804
   4.66876
   20.8088
   4.55664
   8.91065
   23.9939
   18.1496
    5.7419
  0.568934
   3.58481
   8.54192
   12.7376
   8.41229
   6.06912
   15.9127
   7.45762
   7.95198
   8.80429
   0.45455
   7.88879
   3.51462
   1.40196
    8.5049
   26.5654
 0.0908472
   1.86826
   4.23426
   5.85632
   5.51128
   4.66201
   8.37849
   19.1461
    20.965
   42.1353
    22.117
   19.9752
   28.4416
   173.389
   16.4444
   11.2466
    177.43
   22.6352
   2.08546
   8.41556
   26.0447
   15.6953
   7.69701
   8.75223
   5.97326
   15.1255
   13.7475
   24.2168
   24.1424
   15.0735
   53.5662
  0.436006
   1.84475
   1.37958
   14.9545
   8.33239
   10.1798
   24.8849
   14.5751
   32.7853
   24.4482
   1.14879
   16.0131
   21.9887
   22.7899
   8.26875
   2.02173
    1.9187
   4.13064
   11.2603
   5.73757
    2.8864
   28.4279
     22.28
   1.53615
   2.95063
   18.3101
   4.56082
   33.0293
   4.00855
   32.4162
   2.12115
    2.8187
   1.93013
   7.70237
   11.4774
   8.69082
   173.645
   17.4706
    11.217
   1.12646
   5.81599
  0.413331
   6.81424
  0.528097
   6.78369
   9.18424
   2.93678
    7.6967
   24.6471
    1.0011
   11.3971
   11.9224
   1.28994
   21.2237
   23.4812
   5.18758
   11.1621
   10.3508
   1.03607
    4.0067
    2.6615
   4.13777
   6.81724
   2.64232
   36.9172
   5.72598
   2.02897
   6.22494
   2.72627
   4.31091
  0.819715
   13.6724
   7.43615
   31.3801
   5.25431
   3.94136
    10.092
   13.2063
   4.41227
   3.95528
   10.4493
   8.29198
  0.366777
   13.4582
   14.3632
   12.5531
   1.08749
   47.8946
  0.743134
    12.286
   23.2963
  0.460979
   13.1236
   1.34111
    3.0184
   3.62674
   4.34333
   6.32778
   13.1394
   3.28168
   22.8305
   3.85388
   2.73853
  0.310434
    3.7577
   6.38304
   9.19671
   3.64561
   4.75439
   3.38428
   26.7547
   14.4358
   1.08049
   8.03958
   9.83422
  0.708071
   2.63449
   2.98492
   7.63071
    2.1114
   15.4303
   7.98622
     7.963
   12.2371
   0.41694
  0.503364
   11.6444
   15.7203
    6.1896
   3.00926
   1.10847
   17.1161
    1.6378
  0.640439
   5.47565
   17.8623
   10.8302
   52.4053
   2.20182
   6.23633
   2.97377
   47.8012
   11.8234
   24.6992
   33.4935
   6.62233
   6.93662
   18.8276
   7.64058
 0.0780972
   1.81148
   1.62263
   6.38437
    5.2537
   1.81491
   7.46833
   4.64392
   5.20506
   13.3207
  0.524037
   11.8763
   24.5697
   7.06655
   3.25985
  0.558708
   1.19379
   12.8601
   2.52673
   3.45535
   9.03963
   4.90552
  0.530571
  0.068808
   3.49748
    26.807
   17.7189
   2.96098
  0.987339
    6.2089
   4.88576
   1.66381
   18.3372
   4.77829
   9.94541
   16.7246
    2.9342
   7.03646
   12.5814
   3.82592
   21.3182
  0.598835
  0.673079
   6.24503
   2.36699
   6.45636
    35.325
   3.35513
   13.0681
   2.82904
  0.632799
   3.01317
   4.54334
   7.48599
   20.0203
  0.926214
   2.83305
    4.8925
   6.56333
   27.1646
  0.492865
   48.3123
   6.18673
   4.00998
   12.8131
   27.5931
   171.467
   2.41654
   19.5933
   1.41192
   1.27993
   2.02229
   5.66992
   27.3267
   29.9222
   26.1333
   16.1796
   12.3309
   6.55877
   27.3005
    26.608
    10.695
   30.1953
   11.2261
   5.16506
   8.11623
   1.28796
   33.2152
   12.1452
   28.1829
   21.1389
    18.724
   5.93229
   175.281
   2.29588
   17.7255
    18.572
    10.862
   14.2618
   6.59908
   1.60955
  0.878728
   10.2785
   27.2918
   28.2463
   23.3667
   1.96494
   17.9538
   173.812
  0.903895
  0.689458
   24.2495
   34.9203
   29.6421
   26.7259
   19.4553
    13.232
   2.36014
   21.1517
   29.4336
   4.20803
   8.18724
   22.0098
     1.034
   3.01765
   28.1027
   4.85872
   2.68949
   3.33228
   8.63078
   21.7083
   9.97152
   2.69988
   19.0351
   2.91535
   21.9538
   4.04343
   8.21419
   12.4782
   17.3817
   1.64185
    7.6295
   4.10285
   28.9065
    12.967
   2.41484
    5.0765
   7.62032
   2.66545
   24.2426
   2.04255
   17.4849
   4.92915
   23.7096
   5.27636
   9.60719
   2.01494
   5.11245
     5.454
    9.4847
   13.1007
   18.3742
   5.18804
   19.4752
  0.239299
   1.72482
    36.638
   5.42629
   173.441
   13.8792
    20.509
   1.92568
   27.2608
   6.73981
   4.83463
   4.06946
   1.52747
   5.72688
   9.92403
   12.4594
   6.18928
   20.0848
   8.38358
   4.28386
   17.0536
   7.88255
   19.3438
   44.5474
   3.08716
   170.925
   13.9652
   2.36949
    1.9087
   3.99676
   23.5282
   2.99829
   3.96957
   5.06736
  0.227993
   16.2734
   14.3905
   2.87901
   29.8412
    23.354
   23.2376
   7.79953
   13.1095
   2.89788
   11.6997
   28.7845
   1.90127
   32.6412
   27.6904
   27.6853
   13.6326
  0.701715
   25.5836
   6.74067
   29.6347
   11.7677
   6.53532
   21.7195
   21.9974
   26.0661
   1.21646
   14.9448
    19.205
   27.6911
   20.7792
   16.2125
   6.39323
   2.29787
   3.46317
   170.766
   16.0741
    7.6637
   16.1809
   9.55075
   18.2176
   2.95616
   6.86094
   21.4499
   23.8024
   27.9201
   7.66701
   4.27377
   15.6466
   31.4232
   25.0185
    36.189
   7.19892
   4.83507
   25.6263
   2.45377
   26.6378
   5.73938
    20.792
   13.5021
   30.9062
   7.71694
   26.9923
   29.6375
   31.3832
   3.38218
   21.5343
   2.14508
   9.05616
  0.646888
   21.5961
   27.4733
   28.0287
   31.4523
     32.32
   30.1955
   32.5801
   34.4717
  0.258756
   12.3518
   7.61962
   28.6574
   5.33916
   13.1568
   5.09019
   11.2116
   52.9028
      11.2
   13.4604
   27.9206
   18.4878
   28.1504
   18.6159
    7.4884
   20.4082
   11.4346
   15.0571
    23.317
   21.4322
   27.4856
   18.7904
   2.23649
   5.20898
   4.75459
   56.5948
   19.7818
    14.678
   27.6082
    7.9741
   32.1079
   15.9307
   6.90274
   39.4863
   1.89153
   13.5563
   29.3416
   2.86491
   22.9621
   2.35771
   9.11247
   5.01889
   11.7688
   26.5545
  0.435444
   29.4063
   174.773
   11.7123
   2.28227
   9.92568
   33.1455
   18.2176
   2.54119
   9.24867
   30.7049
   9.65535
   13.3885
   33.4509
   24.3688
   23.6564
   3.65499
   18.5693
   8.07964
   34.4231
   6.19148
   41.1477
   14.9195
   22.8877
   16.5314
   11.7576
   6.78198
   25.2043
   7.81642
   18.0722
   2.43972
   33.8555
   5.72466
   2.85753
   7.20564
   5.90732
   1.05216
   1.98368
   23.6894
   1.22217
   13.4055
   47.6591
   26.1243
   27.1114
   7.00668
   1.45204
    12.774
   6.45984
   1.53954
        24
   5.74641
  0.473249
   2.13719
   4.45756
   8.97006
   5.06817
   27.6244
   25.1842
   20.8767
   8.22217
   19.5138
   5.11565
   15.1906
   16.7485
   7.47794
   23.4914
   29.6186
   2.20374
   3.83309
   5.04012
   1.26092
   175.028
   4.77278
   7.39492
    0.4175
   2.62143
   5.30339
   10.6034
   9.19325
   1.99869
   2.96547
   8.14346
    22.722
   11.8632
   6.37861
   17.3094
    51.585
   62.2359
   64.6077
   36.4001
   1.79491
    13.827
   1.91976
   20.4403
   6.64733
    3.1296
   25.3664
   5.05677
   4.08719
   8.14074
   5.55171
    24.486
   4.81538
   5.86708
   10.9854
   3.29875
   6.20136
   6.92207
   4.25609
  0.982863
   18.7741
   12.6827
   27.3134
   154.025
   57.8767
     56.17
   9.28507
   30.0036
   4.68493
   20.4446
   8.89052
 0.0899198
   6.03387
   32.8393
   1.56422
    16.527
   7.29315
    1.7971
   4.50571
   4.87144
   21.7727
   5.65317
   36.6011
   10.5475
   44.5229
    36.081
   16.7463
   52.1757
   46.2486
   4.80785
   7.30291
   173.302
   16.2359
   10.7164
   10.6308
   7.80879
   4.70839
   3.03732
   61.0868
   62.0665
   67.3773
    58.915
   50.4917
    14.494
   9.28133
   12.4803
   4.58989
   1.64825
   10.7011
   9.50575
    16.847
   12.1261
   14.7151
  0.270247
   22.3693
   1.90086
   51.2024
   177.874
  0.138263
   49.4902
   57.1224
    4.3819
    4.2053
   7.62708
   28.8116
   54.0645
   5.31355
   17.7423
   28.6895
   5.43865
   6.95301
   13.5406
   10.6256
   4.02723
   49.0049
   51.2906
   59.3887
   55.0662
   57.8345
   53.7472
   7.56171
   2.42418
   40.3368
   7.99379
   1.04817
  0.181815
    19.388
   19.1043
    48.658
    49.235
   64.1239
   63.6654
   66.9791
   52.2268
   55.2308
   7.36869
   17.4593
   59.0571
   62.2655
   59.7765
   61.0241
   59.1222
    50.929
   52.9176
   54.6362
   64.8311
   60.3533
   57.1681
   54.9215
   57.1822
   11.7801
   21.8876
   2.22254
   66.7962
   60.6246
   58.7529
   63.9768
   48.5002
   12.6353
    56.813
   48.2874
   11.6135
   17.2124
   7.88241
    65.286
   66.5685
   65.3826
   64.9455
   46.3617
   44.3573
   55.3533
   75.4687
   1.59657
   2.09873
   16.0714
   2.65799
   12.2872
   13.2257
   6.79938
   3.31254
  0.266493
   32.9543
    6.0813
   25.6289
   29.4829
   1.02392
   15.9092
   7.19684
   8.99585
   58.7916
   53.8876
   52.4554
   54.5505
   65.6872
   2.56777
   36.5955
   65.0788
   49.8278
   62.0503
   11.2915
   2.27712
   13.0973
   20.3137
   6.17807
    8.9219
   5.12534
   52.1673
   53.8709
   56.3886
   62.4665
  0.333873
   29.8077
   5.73413
   53.3344
    50.394
   38.9598
   16.1602
   4.75649
   34.1341
  0.467923
   23.0617
   10.9439
   4.63973
   3.85041
   11.0451
    1.3994
   50.1796
    7.6638
   41.9469
   40.5593
   21.6179
   14.6502
   30.7339
   5.90987
    46.668
   2.27523
   9.00058
   20.3387
  0.536258
    6.6938
   7.31019
   60.2297
   9.24635
   1.27907
    8.2641
   7.70416
   62.6236
   67.2439
   63.8633
   55.3788
    50.155
   24.1865
   4.52156
   24.8483
   55.1057
   58.7865
   16.3124
   24.8701
   23.4466
   15.3791
   1.73954
   24.1314
   1.20879
   15.9921
   3.86534
   58.0305
   56.6897
    49.796
   65.4131
   62.9647
    2.8815
   54.3778
   59.6338
   56.5256
   60.2463
    67.216
   63.0081
   52.2346
   8.63806
   55.3611
   63.3465
   66.6377
   59.9616
   55.1421
   67.9101
   64.4431
   64.2159
   9.77651
   17.3271
   4.49352
   11.0085
   4.53208
   2.87472
    15.358
   9.75321
   18.8089
   4.70528
   2.04599
     5.263
   4.58494
   5.30144
  0.351945
   3.12734
    4.1398
   8.31312
   6.04627
   8.57278
   0.32534
    32.282
   56.8977
   54.4132
    53.618
   67.6063
    65.136
   56.8796
    4.1461
   32.7317
   47.4512
   38.9636
  0.958463
   26.2943
   27.1291
   38.7372
   26.2979
   41.7232
   5.92723
   7.51822
  0.665649
   48.6272
   51.5171
   53.8749
   47.4432
   10.2602
   58.2235
   54.5364
    64.298
   60.9099
   65.7271
   65.7436
   54.9529
   50.8123
   48.0967
   33.1802
   1.23297
   52.7549
    6.1261
   61.4757
   65.3532
   65.8829
    51.907
   48.0126
   52.0169
   46.2866
   49.0165
   49.6607
   60.1962
   67.4323
   68.0995
   58.5804
   53.5035
   70.2077
   62.5922
   58.6065
    17.562
   46.9627
   41.9826
    54.246
   59.7339
   61.9864
   64.2384
   52.4877
    51.865
   53.2443
   66.7972
    65.059
   50.8726
   53.0685
   46.8495
    46.964
   27.1335
   1.95514
   67.4038
   65.2186
   63.9683
   67.0095
     39.11
   52.8515
   48.5159
    59.451
   71.2094
   78.4178
   23.1203
   59.2768
    63.761
   64.9932
    49.997
   47.6241
    53.233
   52.9596
   59.7566
   59.1884
   66.5606
   42.0213
   52.5431
   52.9441
   46.2379
   51.5277
   61.4441
   58.7958
   51.6175
   51.3233
   56.0721
    49.871
   58.3706
    68.115
   62.4901
   40.1971
   52.4382
   39.4356
   68.2531
    63.143
   63.2501
   69.3362
   62.3956
   59.2583
   64.2911
   64.1951
   62.9403
   43.2053
   64.8918
   64.7132
   53.3344
   54.9621
   41.9408
   49.0165
   4.56429
   13.8148
   35.3646
   65.5227
   69.1144
   55.2365
    55.932
   57.0928
   68.9431
   66.2911
   57.2819
   64.7618
   59.1318
   65.2556
     60.44
   72.1969
   54.9164
   50.1423
   58.4423
   66.8656
    68.445
    58.009
   57.2594
   27.3976
   66.2282
   44.8683
   16.7978
   76.7062
   68.4642
   60.4627
   60.2744
   27.1137
    51.717
   49.9744
   65.0244
   67.7839
   75.0412
   73.6106
   42.0653
   70.2439
    57.514
   44.9852
   57.9131
   59.8638
   64.0962
     63.85
   65.7167
   64.5813
   31.4566
    46.132
   64.1863
   64.8752
   42.0009
   65.4896
   58.8937
   50.8859
     37.84
   56.9139
   69.9061
   61.2157
   32.2871
   19.0802
   68.3492
   54.9129
   52.4139
   65.8893
    58.588
   3.27023
    3.6748
   50.9198
   68.0502
    66.403
      52.9
   73.5096
   65.2942
   65.6857
   68.3229
    60.315
    59.207
   55.8175
   76.3928
    74.326
   74.3664
    37.932
   39.3191
   59.4273
   57.9349
   73.4323
   65.0466
   71.8994
   65.8183
   69.1748
   40.1558
   43.7939
   63.7018
   54.0758
   65.2813
   52.7108
     57.51
   58.1548
   44.0526
    55.702
   56.0075
   62.2962
   49.5583
   30.8003
   2.74991
   55.5703
    62.529
   31.5933
   4.66695
   80.7607
   61.2805
   48.4753
   49.1234
   47.4591
   10.5287
   62.1313
   65.0807
   48.6104
   61.3919
    49.454
   43.6715
   40.2907
   48.5413
  0.789667
    3.3612
    4.3189
   3.34869
   4.84783
   61.5292
   55.4836
   48.7238
   53.2797
   54.0358
   48.6672
   45.6481
   50.2952
   62.9321
   57.1361
   52.9225
   39.6152
   56.0326
   46.8491
   51.8413
  0.199775
   19.1099
   45.9705
   50.3908
   47.5324
    26.137
   41.6575
   40.5447
   32.9265
    58.559
   42.9178
   52.5958
   49.1608
   53.7936
   50.2729
   48.2521
   11.7429
   25.1573
   6.05829
   52.2275
    37.667
   87.6736
   44.6812
   58.5276
   3.83999
    7.2886
  0.419498
   8.69089
     22.59
   14.3363
  0.815541
   2.41711
    31.011
   53.4615
   44.4834
   29.6626
   1.34381
   50.4799
   49.6378
   15.5014
   48.4921
   57.3804
   1.81205
   10.3432
   16.2867
   30.0002
   4.01371
   3.71501
   53.5084
   11.2837
    13.528
   4.89234
   8.92706
   18.4932
   24.6926
    20.256
   22.3501
   6.69249
   2.40944
   3.61559
   5.06851
   8.04052
   10.1332
   22.2191
   15.4999
   2.67705
   21.7823
   33.8397
   20.0622
    15.936
   1.28498
  0.141315
   3.51933
   19.2699
   19.7148
   38.7884
   10.1332
   15.3054
   18.6709
   18.4317
    3.7672
   3.85631
   10.4198
   11.7361
   4.46021
   6.94544
   2.52506
   5.62901
   5.23182
   13.3458
    32.785
   5.05404
   19.6535
   55.2933
   18.3941
   53.9868
   16.4181
   1.31344
   174.127
   3.70553
   53.3454
   4.35206
   46.9319
   50.9403
   55.8295
   51.3546
   62.5805
   50.4272
   61.7262
   62.3345
    2.0136
   22.5756
   19.4248
   20.1187
0.00647165
   51.3735
   27.1405
   19.7419
   25.3564
   69.4659
   54.7408
   51.3593
   44.9088
   22.8062
   60.9335
   7.19831
   1.90325
   11.9745
   15.8615
   8.91465
   20.1665
  0.892838
   3.89273
   15.2481
   8.21663
   15.8995
    26.786
   52.2284
   50.3054
     52.29
   50.5677
   49.0912
   15.6083
   26.8396
  0.978196
   81.3684
   16.3203
   23.5672
   28.0347
    50.304
    50.288
   55.0974
   52.4661
   4.92662
   23.9979
   19.5903
   16.7887
   1.84958
   49.8619
   58.5025
   55.8675
   49.7457
  0.650568
    49.924
   50.4126
   8.96282
      18.7
   51.2655
   50.0561
   20.4206
   56.2953
   25.8928
   50.6049
   3.04958
   11.4722