  3.45253
  4.91984
   9.6231
  9.43316
  6.96494
  4.49402
  2.06371
  3.01526
  1.88546
  4.61211
  9.77421
  11.3657
  13.9844
  2.05677
  2.76049
  17.1595
  24.8684
  2.29068
  12.1011
 0.937398
  2.49224
  7.41015
  2.90632
  7.95753
  5.98357
 0.131792
  7.30532
  26.8597
  27.1732
  16.5861
  29.1412
  3.84582
  10.5797
  1.66214
  12.1118
  8.56194
  9.30368
  2.43775
 0.115372
  2.49964
  3.46788
  9.18933
  5.72883
  4.28759
  6.31827
  1.92882
  2.82092
  22.4895
  29.2717
  27.8112
  15.2939
  3.91759
  24.7492
  8.92737
  17.4111
  5.10114
  8.95723
    6.964
  9.41446
  5.21715
    17.08
  14.0064
  8.94669
  23.8523
  11.5579
  16.4915
  13.4279
  1.15981
  10.6023
  10.6525
  1.21097
 0.371744
  9.54959
  8.19071
  6.32963
  12.6346
  4.40439
  7.10204
  20.1139
  27.8492
  6.55784
  14.9793
  13.6852
  25.9303
  8.91596
  12.7732
   2.3902
  10.1284
  3.48074
  11.0828
  2.85345
  7.45822
  3.26538
    11.33
  7.24568
   7.0535
  9.27506
  2.13773
  5.66095
  5.91102
   1.4426
  9.34435
  4.94487
  7.07926
  12.8635
  15.4867
  5.01518
  6.60204
  17.7687
   2.0502
  2.56559
  7.98707
  21.1973
  2.06567
  5.80346
 0.678335
  21.2378
  5.96258
  1.36328
  2.25644
  8.22707
  16.3504
  5.75619
  1.99403
  6.36888
  7.09396
  1.27492
   5.2985
  2.05036
  17.1505
  5.79077
  10.2323
 0.275664
 0.801523
  5.86236
 0.435963
  8.01443
 0.973436
  6.48985
  3.23934
  5.53439
  12.6563
  1.48524
   1.3826
   44.005
  16.2704
   19.137
  13.7606
 0.737589
  3.22809
  11.1166
  1.29039
   8.7692
  4.82309
  7.68683
  3.90805
  8.89592
  3.12265
  6.89192
  15.8087
 0.639631
  1.12216
   1.9703
  1.88507
  6.50391
   2.0026
  1.63476
  21.0757
  19.2617
  15.8943
  8.89431
  7.77337
  11.2313
   17.221
  19.1866
  14.5615
  37.1835
  12.4113
  17.0558
  2.97934
  1.73904
  3.98413
  26.0214
  6.89614
   5.3136
  16.6845
  15.1818
  26.7435
  1.53102
  27.0711
  44.0054
  10.2759
  26.8701
  32.6912
  25.0089
  6.03701
  21.7772
  14.2474
  6.16625
  5.46962
  6.53513
  2.22883
  0.38278
  1.79208
  12.3247
  3.92139
  3.46829
  1.79793
  14.2608
  14.7157
  15.2509
  11.6064
  10.0967
  2.68945
  6.77516
   2.4114
  2.49949
  3.05813
  2.77124
  9.57802
   8.1574
  9.31839
  3.37691
  0.99564
  15.3134
  10.6109
  22.0487
  10.6431
  8.87583
 0.956115
  14.5348
  6.44318
  6.11402
  9.74435
  18.7898
  1.63447
  2.10838
   1.6304
  2.55238
  1.22581
  1.18344
  2.26305
 0.492995
   10.092
  1.50922
  7.58535
  3.09487
  12.3376
  14.4149
  29.2261
  12.2325
   13.648
  1.31546
  4.51919
  1.88297
  10.0385
  10.5152
  2.30943
  10.0849
   3.5514
  2.30442
  7.05628
  3.28625
  1.58134
  16.7833
  1.00163
  14.3524
  9.24161
  12.1947
  7.49388
  8.07248
  3.87255
  1.31603
  9.62962
  1.16181
  1.72373
  4.34169
  3.17552
    2.029
  7.58803
  7.53761
  8.48461
  14.7056
  5.48328
 0.893672
  13.5606
  14.0359
 0.521314
  6.76606
  12.5382
 0.244496
  2.28443
  11.6882
0.0591124
  12.1428
  4.91085
  5.25005
  6.29754
  3.62636
  10.5163
  5.40745
 0.852784
  5.30881
  19.3633
   14.481
  11.9191
  12.6666
  16.7108
  8.35478
  7.01911
  6.42679
  10.5206
  3.15484
  10.0116
  21.7618
  9.52946
  3.38725
  3.92245
  10.6748
  7.79973
 0.800464
  14.6453
   4.2969
  2.52135
  2.47686
  10.7597
  25.8641
  20.2907
  18.5607
  14.7126
  18.6939
  6.95648
 0.982056
   3.2938
  10.2535
  18.6339
  22.3718
  18.9075
  12.8802
  2.43093
  1.44207
  41.5978
   9.1492
  14.9431
  11.7209
  12.7035
  4.38666
   7.7212
  9.82365
  1.77272
  6.17321
  26.4248
  22.1089
  25.9577
  8.83337
  4.72981
  1.80375
   8.4648
  3.58929
  2.07991
  13.5396
  7.36521
  14.0132
   16.158
  14.8523
  4.96399
  12.1327
 0.128883
 0.327702
  4.86804
  6.29842
  7.55952
  15.3351
 0.540118
    3.913
   3.7237
   9.0529
  2.14913
   10.209
  8.36006
  5.50917
  13.3771
  17.9581
  9.04136
  9.80029
  3.00511
  9.77954
  12.1759
   7.0676
  5.78236
  6.60854
  3.95566
  11.6233
  9.63324
  8.27292
  8.63385
  5.12633
  7.03052
  38.5233
 0.618219
  3.02629
   8.0507
  9.93288
  10.3073
  9.85166
  24.9032
  8.87111
  15.1483
  8.32119
  19.4399
  6.98606
  14.5259
  2.41877
  4.44369
  9.77063
  7.36842
  2.01872
   22.042
  6.00786
  4.42713
  6.10159
  16.3114
  7.28969
  12.2587
  4.31682
  18.1352
   4.6014
  12.9274
  7.00144
  11.7191
  3.47822
  25.3108
  16.2845
   12.848
   2.5501
  8.12553
   8.4487
  1.85726
  5.12168
  26.6235
  7.85289
  20.6609
  11.7671
  6.58659
 0.406834
  4.96047
  15.0198
  9.21569
  3.73082
  15.3868
  16.9785
  20.7257
  3.54865
  12.3296
  2.35019
  8.80479
  31.6697
  36.4045
   38.396
  5.88834
  31.6892
  12.3863
  4.83538
  10.2279
0.0681608
  10.5536
  6.68868
  11.9027
  5.29841
  8.29223
  16.5446
  10.8516
  1.12007
  1.51991
  28.4216
  8.48038
  9.44966
  13.9382
  4.94262
  5.43162
  4.07391
  6.84981
  6.53142
  1.48187
  4.82511
  7.05244
  22.7613
  13.4643
  5.49721
   16.412
  11.8405
  9.09624
   6.7625
   3.0498
  21.5083
  9.88493
  11.6704
  12.7783
  24.6607
  10.1382
  5.51829
  3.31695
  6.37687
  3.97435
  15.2152
  16.7953
  1.06822
  10.4403
  4.69235
  14.5115
  5.04605
   5.0903
  14.1255
    1.052
   17.437
   19.787
  1.71685
  6.80762
  10.3737
  9.72821
  1.40601
  19.1168
  11.3993
  27.0586
  13.7511
  2.65563
 0.749365
  5.19085
  12.1327
  18.2681
  1.90323
  23.5798
   11.256
  27.6597
   9.9175
  12.3381
  14.7357
 0.281449
  6.95695
  3.51007
  1.13261
  35.4902
  6.77411
  16.9397
  18.8793
  21.1659
  3.60234
  13.2694
  10.8886
  18.1649
  6.64779
   6.6384
  16.2618
  41.1766
  9.38114
  24.6586
  30.0656
  26.6413
   5.4032
  21.3355
  16.2838
  15.9982
  1.67398
 0.286847
 0.637653
  9.01332
  5.35286
  11.9141
  6.06228
  6.65804
  9.81046
   5.6895
  3.58289
  5.14906
  17.9228
  48.9575
  20.8119
  7.40573
  3.16539
  21.5487
  17.6473
 0.564698
  46.2262
  24.4251
  5.68482
   4.3356
  20.8701
  11.4634
  3.66979
  32.3509
  22.1609
  9.83765
  13.3925
  6.26519
  13.6972
  18.7378
  9.63889
 0.290208
  5.41329
  14.6895
  16.0131
  14.6445
   7.6559
   8.0478
  12.9539
  1.69717
  11.9553
  7.33977
  13.3726
  12.5028
  2.21964
   7.8364
  13.8941
  31.5098
  22.6231
  27.7208
  5.97879
  19.7237
  5.60529
  24.1307
 0.358396
  1.50448
  27.3802
  18.9662
  12.5226
  20.6218
  18.0292
  16.4915
  24.4989
  7.29271
   6.0113
  4.92326
  10.3252
   34.377
 0.491248
 0.201467
  4.03525
  7.91013
  3.75485
  11.1799
  2.39503
  6.45809
 0.880382
  31.7056
  5.18047
  5.72247
   4.5477
  8.83351
  10.9723
  6.75378
  12.7665
  24.6851
  21.3661
  19.7892
  19.8686
  22.3431
  19.8595
  38.5203
  44.3281
  7.65318
  27.1804
  49.6154
  17.5813
  2.02961
  8.11394
  19.3677
  11.0827
  6.28659
  21.7146
  13.1321
  24.8623
  20.4738
  5.26104
  14.0665
  5.73978
   8.6306
  5.63092
  6.23511
  9.35186
  16.4443
  1.26704
  6.78772
  20.1343
  2.69097
  32.1352
  22.6257
   5.3204
  21.9217
  18.1635
 0.901319
  11.8192
  7.84586
  10.5323
  12.5918
  1.60938
  0.53748
  7.74076
  4.45913
  9.81497
 0.937501
0.0369958
  4.27293
  1.85117
  22.0852
  3.33952
  24.8251
  6.85459
 0.378921
  11.5368
  5.03394
  2.04146
  17.8628
   8.4985
  4.36651
  3.91861
  14.0771
  2.74449
  13.9053
  6.09522
  14.2152
  17.6502
  28.5427
   3.9946
  6.50576
  2.99933
   23.317
  23.3123
   8.2637
 0.720458
  2.52934
  12.8441
   14.515
  6.95579
  14.5726
  2.80266
  4.41689
  7.06167
  6.67035
  4.92788
  11.9287
  9.68243
  3.88247
  18.2493
  20.2554
  18.3728
 0.170242
  3.30989
  9.52511
  22.3697
  1.46691
  3.61485
  5.04869
  4.67074
  9.24754
  18.0321
  11.9329
  8.41229
  40.1586
  1.29664
  5.31884
  3.74834
  5.74908
  19.1444
   9.3749
  10.3093
  7.26461
  15.6661
  2.90689
  18.2778
  15.9412
  3.37726
  19.3219
  6.50664
  22.3157
  8.49908
  4.89778
   10.149
  3.01703
  2.78811
  15.1066
  9.78542
  6.14865
  4.00856
  17.7573
  15.0263
  4.41144
   6.6891
  4.04857
  27.3951
 0.762845
   2.7539
  5.33882
  12.3605
  10.9176
  4.85518
  8.09426
  4.57613
  6.29979
   10.364
   3.4225
  16.2448
  4.95246
  3.74202
  19.3107
  3.61461
  8.72253
  4.93593
  36.2195
  3.80614
  3.48803
 0.708182
  43.0773
  5.60795
  26.5238
  1.98344
  19.2647
    5.767
  11.9331
  12.3508
  5.18544
  6.69497
  12.4044
  1.28508
  11.2721
  7.29449
  3.64702
  6.25427
  21.9713
 0.367284
  13.0559
  1.38323
  3.01161
  19.3556
  10.3782
  2.75676
  2.64805
  12.9737
  6.11731
   2.6891
  18.5768
  18.4483
  4.69352
  10.3293
  4.98327
  2.88233
  9.66034
  12.6401
  3.21752
  3.10848
  5.01112
  9.91176
 0.325328
  10.2946
  19.9941
  14.0516
  24.2784
    2.396
  6.56835
  2.26208
  4.60031
  43.1851
  1.92322
  21.8169
  2.55418
  7.92383
  9.94162
   30.556
  24.9237
  9.55145
  15.1337
  18.4308
 0.207717
  41.2224
 0.650279
  18.3694
  18.7629
  0.48502
  26.1137
  0.88938
  3.25203
 0.662197
  24.4716
  25.3848
   20.316
  18.0969
  12.7815
  20.2405
  22.5119
  28.8013
  22.5045
  20.3212
   17.882
  23.6743
  11.7516
  29.6872
  10.1214
 0.867369
  11.1145
  31.5763
  26.7646
  11.3035
  22.6481
  26.0585
  20.1354
  12.1881
  3.48948
  11.5204
  16.9328
  8.40814
  20.3951
0.0107672
   30.572
  31.9063
  24.9624
  26.0245
  4.13151
 0.242993
  2.15821
  8.30584
  18.4052
  26.5918
  18.3594
  17.4088
  9.26126
  19.9721
  16.4881
  20.9744
  29.7375
  6.23845
   1.9771
  25.7331
  19.9078
  9.41237
 0.896202
  2.30894
  4.01454
  39.7893
  11.9215
  17.5025
  20.5291
  2.46865
   23.209
 0.264105
  41.4151
  8.29548
  19.1182
  24.1845
  12.4895
  24.0347
  18.1057
  8.56184
  11.5169
  36.2774
   7.2357
  0.62219
   38.128
  5.27508
  15.4555
  4.79651
  5.52109
 0.881243
  7.88293
 0.563214
 0.660188
  25.3889
  6.11102
  10.7421
   3.7597
  9.90237
  45.8608
   1.8931
   5.9602
  26.7182
  33.5278
    1.876
  8.97469
  14.1066
  8.72608
  1.50293
  5.87931
  5.21051
  13.2852
  9.17409
  10.0185
  12.2444
  9.07637
  8.75959
   11.593
  1.87452
  5.84312
  14.0297
  21.3261
  9.24849
  4.80896
   9.4572
  7.31767
   20.466
  10.4069
 0.619973
   7.8578
   2.3336
  25.6892
     4.18
  1.60374
  25.3174
  29.8642
  29.5339
  14.8923
  1.34822
  30.5132
  2.58268
  35.7724
  7.00678
  13.9745
  3.35298
  5.08648
   16.786
  4.15688
   12.771
  3.19505
  24.6005
  6.36306
  5.64158
  1.01432
  3.59257
  9.11985
  11.0181
  10.8544
  11.2896
  39.0816
  19.3927
  6.05376
  6.63924
  7.80241
  8.53666
  27.9147
  3.42327
  3.24953
  4.88401
  28.1179
  4.31048
   44.164
  6.26972
  16.2935
 0.651295
  25.5813
  5.99759
  20.7816
  9.41108
  27.3209
  21.3328
   6.9097
  27.6235
 0.385228
  22.8102
  31.1266
  26.6515
  12.9614
  30.7966
  13.3788
  1.07236
  26.6526
   29.468
  18.5886
  29.1007
  25.1995
  16.7833
  2.15531
   2.5002
  7.15229
  27.8721
  1.14915
  7.45732
   7.7373
  23.0702
  20.9776
  18.8604
  29.6033
  25.8451
  20.6728
  28.8394
  4.93418
  18.0523
  35.0662
  26.3175
  6.13942
  31.3074
  26.4265
  13.9513
  6.54172
  7.80542
  2.85558
  10.8015
  25.3864
  17.2987
  30.8805
  7.00272
  17.8996
  18.9375
  19.1333
   43.722
  36.4286
  1.18685
 0.550224
  1.14077
  1.44469
  5.76169
  23.2742
  17.7047
  0.28435
  37.8284
  4.27317
 0.109722
  9.28609
  27.5732
  12.9773
  1.91372
  16.5541
 0.405406
  3.87135
  27.0034
  17.9289
  27.6875
  1.81598
  22.5558
  14.1231
  13.9951
  3.72929
  29.6163
  3.39139
  2.35212
   11.506
  12.3896
  6.73501
  7.77155
  8.32777
  6.96988
  13.3434
 0.551211
  19.3058
  8.28195
  4.65065
  2.46469
 0.644008
  8.85691
  13.1874
  14.8853
   24.016
  39.2408
  2.79052
 0.409515
  13.3009
 0.809274
  8.47734
  5.43127
  3.61387
 0.323089
  14.5699
  16.5153
  5.99466
  21.3938
  43.8076
  1.61582
  1.71557
  16.5728
  7.41255
  11.8663
  18.8341
  6.15406
    20.87
  12.2863
  27.2161
  3.47445
0.0918588
  10.0526
   34.497
 0.157822
 0.856466
  2.80097
  7.31163
  4.77779
  42.3159
  2.73419
  3.58358
  6.64684
  57.7604
  1.62603
  26.5417
  11.1501
  3.23088
  28.4343
  45.6447
  58.1674
  58.8105
  28.9953
  5.69006
  44.8886
  25.9955
  4.95761
  2.69215
  11.6126
  4.40508
  4.89189
  9.12615
  2.80502
  12.6072
  7.43777
  3.37154
  19.2719
  9.88956
  3.69913
  6.39312
  1.75898
  6.89227
  1.26234
 0.118292
  20.8133
  5.28141
  3.83363
  4.73915
  4.76264
  13.4733
   10.509
     10.7
  64.6823
  64.4017
  60.1866
  7.14581
  4.79099
  3.61709
  14.4063
  8.25526
  10.4945
   11.606
  27.6477
 0.494231
  16.9732
  3.33848
  10.6837
  4.24153
  15.9378
  23.2206
  9.54628
  13.5361
   10.076
  38.4222
  23.4451
  24.6955
  1.42632
  44.7305
  44.5779
  2.21268
  0.87944
  3.34905
  20.0492
    16.81
  13.4012
  7.24491
  20.2965
   61.624
  57.8006
  60.4772
  51.1845
  32.7982
  15.4596
  13.9424
  9.66837
  24.5347
  8.18654
  9.97696
  26.1543
  12.6505
  4.95423
     19.4
  20.6382
  14.9835
  9.34113
  9.66141
  4.98848
  48.3643
  47.9751
  18.0571
  45.2681
    53.45
  13.3313
  7.77504
  20.0123
  19.3458
  18.6124
   41.937
  3.99454
  19.2825
  18.7721
  4.16729
   8.9228
  29.1538
  34.1264
  4.87284
  9.63248
  43.7121
  48.4462
  52.3411
  53.5062
  58.6256
  53.0438
  13.8045
  22.4144
  2.84416
  25.4914
  6.09792
  15.6004
  4.19244
  16.7939
  6.00812
  44.2244
  45.8301
  63.7769
  63.6544
   62.648
  54.3082
  53.6489
  10.0673
   3.5874
  32.7099
  59.0092
  56.1701
  55.4223
  52.4726
  44.8887
  46.4554
  53.7932
  57.3312
  54.2456
  55.2285
  53.3062
  59.0962
  17.1967
  13.3023
  9.23115
   60.895
  59.6041
   54.098
  59.5718
  54.2035
  11.8781
  53.6871
  47.5132
  15.7091
  8.63979
  2.15786
   58.092
  59.1681
  59.1506
  61.2361
   41.054
  36.4851
  49.0713
  64.1449
  61.7701
  60.6626
  2.14522
  6.98937
  8.12265
  9.99611
  2.87096
  12.6485
  5.49597
  2.20208
   2.9636
  10.6838
  26.8292
  20.9898
  36.9455
  6.40092
  4.27284
  16.0819
0.0525863
  52.7541
   50.258
  44.5139
  50.5624
  55.7117
  34.5172
  27.1895
  58.4438
  61.7722
  9.21742
  7.68349
  27.4285
  10.4126
  12.8009
  17.4157
   45.595
  44.0255
  52.5521
   55.192
  6.21656
  22.5802
  5.92728
  47.0458
  50.7918
  39.1095
    3.602
  5.39478
  4.80305
  38.8745
  15.7415
  34.5259
  12.6576
  3.27084
 0.271102
  9.33084
  9.18966
  9.17895
  54.3763
  48.4524
  38.8859
  26.1969
  23.9638
    8.486
   4.4113
  37.2982
  31.2995
  22.8707
 0.623074
  6.61986
  16.7712
  28.5267
  13.2945
  51.9199
  18.3753
   7.0988
 0.675078
  6.47066
  11.6503
  59.1013
  61.5765
  58.2493
  50.3532
  46.4004
  4.37099
  6.55249
   6.9185
  6.52875
  53.0439
  59.0664
  2.60789
  21.3078
  20.2344
   12.818
  6.00422
  24.3395
  3.23828
  20.6376
  2.36035
  51.5813
  51.0213
  43.6758
  60.5947
  64.0567
 0.673818
   52.879
  52.9878
  51.3913
  52.5472
  59.3696
     61.4
  47.2543
  7.12375
  55.4663
  61.6469
  59.3633
  60.8488
    52.48
  63.8517
  60.0292
  60.1573
  14.2454
  15.9801
   40.389
   20.793
  9.73788
  5.93392
  8.16355
  3.35308
  6.17483
  1.03982
  5.83042
  2.30429
  4.70032
  4.22739
   4.1099
  2.66183
 0.275672
  9.73926
  13.9206
  4.02357
   4.6193
  23.5777
  54.1636
  47.0357
  49.8895
  64.4027
  63.4424
  50.7518
  5.79181
  8.28581
  48.8858
  29.8875
  8.39062
  16.0817
  12.0371
  37.1509
  22.1945
  45.7972
 0.768751
   14.214
  3.69555
  46.9926
  47.7515
  49.9995
  46.1701
   19.909
  52.4393
  54.0137
  59.2453
  53.4604
  57.6286
  57.4429
  51.7842
  43.2675
  31.2474
  37.2836
  2.02254
  46.4001
  7.14019
   62.821
  64.3721
  65.1282
  61.2238
  49.5733
  46.0728
  43.5761
   40.804
  46.5813
  47.2532
  58.8151
  60.3703
  62.3109
  59.3603
  49.7549
  61.3498
  54.1052
  53.1169
  19.7514
  46.7179
  48.4313
   55.505
  61.5471
  61.5622
  60.6329
  43.5381
  49.5733
  48.5648
  62.0265
   59.387
  48.5796
  47.3443
  45.8347
  40.7337
  44.6141
  36.1762
  5.07391
   64.159
  63.9491
  60.5468
   59.493
  65.3516
  34.2633
   53.927
  48.2034
  63.2956
  61.2934
  61.6971
  62.1995
  61.9958
  59.6855
   62.271
  19.1505
  62.3831
  61.3018
  61.9239
  45.7174
  44.9611
  47.4805
   48.725
  53.1407
  58.9631
   62.193
  43.3864
  43.7225
  47.3733
   45.054
  48.7771
  64.7554
  43.4062
  42.8528
  50.7132
   45.265
  58.2076
  59.4566
  59.9487
  62.7194
  63.7754
  40.3929
  46.1306
  30.8362
  59.9634
  62.6552
  52.4838
  62.3557
  62.2216
  62.8589
  55.5634
  53.7411
  59.6673
  59.6141
  59.5955
  58.3157
  58.8438
  59.3302
  61.0371
  62.5508
  62.4255
  68.2229
    66.47
  65.8341
  63.2384
  47.0458
  49.1879
  40.1196
  47.2759
  1.66734
   19.403
  30.9116
  64.2206
  59.2541
  55.4994
  60.8694
  62.9832
  59.9261
  62.1536
  54.0927
  57.6261
  48.1326
  61.5705
  60.8283
  63.5059
  45.1138
  46.4992
  53.0362
  65.1588
  61.4829
  58.7302
  59.0245
   24.114
  62.7501
  62.2936
   73.529
  58.1026
  55.3574
   55.625
  39.0567
  46.5089
  63.3371
  45.0577
   63.165
  61.9246
  55.7802
  61.5875
  42.9449
  58.6065
  58.5339
  61.6578
  63.9111
  62.3459
  50.6699
  40.6061
  50.3959
  51.6144
   62.128
  57.8199
  64.1132
  64.2326
  59.7866
  60.3795
   63.641
  62.1495
  61.3346
  62.2346
  43.1707
  58.1779
  59.9714
   37.022
  61.8613
  50.4009
  43.9238
  37.4206
  53.2088
  59.4048
  58.5459
    26.67
  27.4237
  59.8161
  59.9418
  55.2967
  62.6127
  68.2212
  60.4125
  61.2851
  52.1856
  59.7764
  62.0677
  62.5736
  15.5844
  5.25835
  47.3888
  64.4067
  62.4206
  60.1736
  58.2241
  61.3052
  64.6168
  63.6329
  61.6367
  61.0868
  54.3428
  64.3885
  61.5157
  60.2962
  32.0306
  63.9412
  60.1608
  64.0351
  65.5704
  64.4576
  64.6882
  57.5336
  60.4943
  61.5504
  60.9228
  33.8881
  36.4507
  64.3793
  62.0866
  52.9115
  44.6402
  61.1271
  61.7639
  36.5999
  50.0836
  70.7127
  67.4355
  61.8075
  53.1474
  58.8285
  42.7086
  38.6958
  56.2872
  57.6287
  66.9704
  64.5767
  3.23002
   67.401
  54.6972
  70.7635
   39.768
  3.16774
  70.4188
  68.9853
  54.6697
  37.9048
  48.1076
  46.9364
   7.7836
  55.9057
   59.588
  54.1856
  58.9221
  42.7751
  43.7568
  42.2362
  47.6909
  64.4654
  3.68926
  8.37641
 0.159841
  11.1196
   6.4728
  66.1624
  59.2969
  50.1183
  44.0497
  65.7854
  52.7053
  50.8155
  14.1767
  42.8385
  64.5699
  50.0562
  56.6022
  52.9841
  42.1793
  67.2569
  50.2401
  37.3173
   44.809
  8.95572
 0.632098
  42.4223
  43.3162
  46.5717
  5.15781
  33.7361
  44.4283
  40.3869
  54.0038
  42.7241
  53.5619
   50.995
  55.1773
  41.0814
  11.8779
 0.340684
  4.24922
  48.1779
  36.3758
   40.646
  51.2793
 0.384111
  1.67078
  9.17588
  4.29257
  1.31661
  17.4508
  15.1486
  3.77808
  5.21069
  47.6115
   39.816
 0.763956
  5.37455
  47.1614
  43.8519
  12.9412
    48.34
  48.4926
   8.7902
  11.5103
  4.29348
  8.57756
  37.9711
 0.627478
   1.5727
  12.9465
  4.03815
  8.34101
  2.43216
 0.636588
    6.958
  9.10385
  13.7669
  3.54116
  15.1958
  8.60436
  4.77163
 0.507076
   1.3862
   17.665
  8.53389
  13.5386
  3.28238
  10.0015
  1.28171
  17.8461
  6.19787
  22.7842
  6.86859
  1.53574
  1.05326
  14.2568
   17.665
  1.46567
  2.08884
  31.7634
  5.32577
  8.58691
  5.00627
  19.0685
   6.1495
  46.5917
  6.83372
  20.5969
  6.02553
   3.5669
  19.0205
  13.3675
  30.4211
  8.54007
  3.92168
  54.2498
  14.7779
  68.7943
  6.40308
  71.7353
  73.7135
   46.426
  12.9299
  12.4755
  6.80056
  69.2697
  3.64876
  45.0208
  13.2463
  6.31005
  3.48073
  3.12236
  1.81526
  50.9782
  44.0166
  49.0668
  37.1792
  42.8156
   40.433
  51.9672
  49.8861
  51.9797
  44.3229
  47.5743
  45.8575
  1.78551
   51.215