  14.3014
  9.05457
  9.46567
  5.87758
  12.8105
  5.84219
  15.2496
  22.4911
  3.87353
  2.07032
  17.6836
    10.02
  21.3583
  6.58089
  11.1146
  11.6925
  20.7324
  27.0168
  30.7194
  28.0815
  12.8828
   22.263
  14.8757
  13.0198
  1.57376
  6.24435
  23.4905
  14.7179
  28.5971
  32.0857
  15.5636
   10.284
  10.0601
  7.84585
  2.00055
 0.557635
  26.1407
  3.51689
  5.82014
  6.53605
  0.72591
  4.19665
  15.2807
   12.068
 0.840655
  2.41548
  4.36218
  8.73239
  6.08549
  35.0932
  15.7123
  4.47019
  8.78596
  10.7314
  5.90098
  9.16765
  12.6255
   13.169
  8.94088
  4.41924
  11.5687
  19.5145
  20.3287
  16.4735
  6.59592
  14.0239
  1.58804
  2.67992
  27.7403
  27.0253
  7.19909
  12.8369
  17.5368
  2.42507
  9.77022
  10.0147
  3.70209
  11.7225
  4.32925
  8.41188
  2.09079
  4.02177
  7.35674
  5.77041
  23.5299
  15.9256
  10.7676
  14.7217
  18.2696
  28.4317
  12.9372
  12.0381
   23.248
  11.0667
  21.5688
  9.81929
  2.17506
  12.8371
  35.8267
  28.1505
  10.9073
   9.7525
  1.51717
  9.82063
  14.1005
 0.896331
  13.3173
  9.67516
  8.20342
  11.9973
  2.40813
  4.56016
  10.9675
  14.9205
  4.29413
  1.62029
  33.9493
  4.31896
  6.81832
  10.8438
  11.8923
  15.2389
  10.8788
  2.22118
  21.9581
  10.7465
  16.5909
  29.4736
  29.5637
  7.69931
  12.5228
  11.4679
  1.58569
  11.8096
  16.8172
  25.6634
  7.63214
  14.4998
  2.90407
  13.3027
  22.2044
  7.07223
  7.94672
   4.9253
  11.3521
  13.4878
   1.8708
  3.44196
   10.178
  20.5659
  3.49583
  8.57419
  5.75472
  18.9954
   2.1979
  1.88714
  17.0564
   3.9115
  4.53094
 0.923767
   1.0688
  18.5275
  9.61692
 0.674834
  21.8489
  6.41079
  21.4656
  3.35069
  2.96346
  12.7315
  2.09282
  12.8755
  26.1259
  31.3721
  26.6361
  10.5152
  13.3769
  20.2916
  4.71433
  24.6902
  3.80278
  3.24065
  27.7868
  16.1332
  2.61962
  22.2371
  13.0982
  8.57429
  26.7614
  4.61211
  15.2165
  7.26037
  19.8269
  3.15389
  6.32521
  1.02507
 0.331967
  20.8648
  9.36471
  9.03119
 0.505108
  6.52254
  3.24081
   2.6876
  1.99758
  33.2422
   28.769
  21.5542
  20.6191
  11.8186
  15.3484
  33.8505
  4.43834
  26.8354
  6.25756
 0.326035
  9.41195
  22.1848
  23.3995
 0.365261
  6.98251
 0.807394
  3.04464
  36.0012
  36.2453
   3.5703
  13.7223
  7.66318
  25.9936
  11.8036
  2.53501
  6.57153
   19.906
  11.4066
  4.60178
  13.9081
   12.834
   3.2981
  4.08669
  24.9647
  19.7734
    6.508
  9.51195
  4.54085
  2.91619
  8.78302
 0.011541
  1.34616
  23.4295
  4.55563
    9.188
 0.575378
  8.63636
   9.8625
  17.9442
  25.1636
  7.15325
  5.04073
  1.98606
  1.91584
  4.22729
  2.97192
  13.6055
  7.28357
  19.5876
  21.5832
  36.5923
  33.2916
  7.61288
  5.39566
  6.28389
  13.7328
   15.491
  26.3947
  5.52165
 0.975605
  6.07929
  24.0007
  5.84883
  11.0894
  26.2697
  22.8777
  4.22985
  7.56692
   5.7332
   8.4071
  3.40945
  27.9125
  33.6619
  2.79318
  10.6565
  35.7058
  9.44491
  7.30169
 0.666692
  21.5477
  4.97267
  43.2834
  30.3683
  8.08758
  10.5049
   27.346
  22.0722
  22.8417
  6.65728
  10.5913
  24.3791
 0.246246
  19.0272
  3.77429
    20.25
   26.146
   34.156
  13.2553
  4.64682
  23.2395
  31.8065
  21.0502
   4.0815
   15.217
  9.21737
 0.378342
  2.19033
 0.839616
  10.0211
  2.26916
  29.6923
  14.3009
    2.015
  5.27046
   27.091
  11.1843
  4.59031
  3.93324
  5.29416
   1.6501
  19.8225
  33.2718
  9.74483
  7.54855
  15.9092
  2.50511
  21.1382
  21.4481
  3.56558
  1.95028
   4.0778
  6.76564
  2.47004
  33.8156
  25.8182
  28.2583
  3.96505
  18.3773
 0.697014
  37.8759
  11.9708
  7.52599
  13.1831
  3.46925
  5.81164
  5.51022
  7.71162
   6.3924
  7.14762
   3.8403
  3.65621
  16.3299
  28.3102
  25.7618
  20.8825
  11.9708
  18.7414
   10.084
  31.9795
 0.990858
  6.99846
  5.45211
  5.46713
  18.9021
  18.5854
  22.2633
  12.2614
  7.81428
  4.90264
  14.9899
  30.9152
  20.3539
  3.90276
  20.6046
  16.7955
  29.0881
  23.1927
  7.66546
  3.75372
  12.9939
  3.32126
  4.44015
  13.0976
  2.87209
  9.20279
  8.29717
  8.56929
  8.43021
   10.829
  5.17454
  15.1969
   13.422
  4.72149
 0.252584
  12.0995
  9.97664
 0.671284
  3.65988
  5.00809
   1.3997
  5.18074
    22.61
  26.3132
  6.60083
  15.1152
  2.31086
  9.88125
  25.9489
  10.1035
  5.24121
  27.6585
  25.1629
  10.2224
  10.7324
  34.8394
  33.3072
  3.14199
  4.31812
  17.8493
  23.3851
  29.5057
  14.2116
  9.97437
  29.2072
   32.036
   2.2043
 0.938836
  2.83496
  13.8254
  34.3594
  2.98605
  3.95878
 0.714715
 0.869193
  6.72422
 0.353139
  8.92623
  1.25636
  1.20669
  34.1131
  27.0811
  9.67987
  6.52904
  11.4589
  11.4592
  5.86633
  16.2138
  24.3791
  1.47169
  5.21933
  1.81128
  3.21933
   3.7322
   3.8349
  3.89942
  11.4268
  4.01163
  24.6187
  17.6179
  3.87962
  13.6663
  10.3314
  25.9652
  3.94622
  14.9807
  27.3455
  29.6263
  31.7928
  18.5829
  24.6947
  2.34737
  5.83287
  10.4952
  3.61148
  3.55174
 0.795957
  2.75913
   9.5501
  26.5606
  34.2894
  32.5232
  29.0915
  35.0898
  27.5417
  11.0797
 0.685209
   6.9654
  7.16458
  1.64505
  15.5056
  4.43019
  4.65058
  2.57986
  3.06081
  18.7689
  27.3877
  1.41083
    3.909
  1.35032
  36.4141
  22.4688
  18.3593
   21.396
  31.8355
  35.9533
   24.258
  32.4294
  11.1809
   5.2879
  37.0711
   30.491
  30.2188
  12.5012
  8.73286
  10.1145
  7.46628
  32.4602
  6.54414
  15.3556
  12.3874
  11.6815
  1.85797
  4.64708
  29.1375
  2.74186
  44.1513
   17.927
  6.90694
  4.35831
  13.7313
  5.90838
  2.12359
  26.9407
  25.1447
  33.7305
    2.555
  36.1699
  7.14403
  28.5374
   24.461
  26.6013
  8.33589
  8.36127
   16.071
  23.3604
  10.0119
  3.94258
  9.44816
  1.55185
  22.6912
  23.9492
0.0713322
  19.7052
  7.74141
  5.49447
  31.9773
  26.7107
  29.3312
  12.1413
   7.1528
  23.4566
  22.2951
  24.5372
  7.51156
  20.4694
  7.80628
  26.3558
  18.6315
  18.7521
  30.2562
  24.0471
  15.9579
  15.1314
  4.05553
  24.7138
  17.9258
  31.4746
  18.9763
  33.7119
  2.19345
  21.0315
  19.4823
  5.04523
  13.5356
  9.97246
  5.96894
  18.3805
  9.30956
  20.0347
  19.4263
  32.0911
  19.9257
  2.97059
  10.7297
  13.7218
   23.066
  28.8498
   24.878
  1.07652
  35.0702
 0.182458
  36.5251
  1.80378
  6.38937
  6.79004
  42.6231
  21.6346
  16.7561
  1.56012
  10.8075
  7.42295
  19.1002
  10.8338
  15.9559
  8.58778
  4.78319
  33.3278
  27.9831
  4.84168
  3.57163
  4.10366
  8.79636
  20.4596
  16.2463
  6.09127
  7.45147
  32.2063
  4.19954
   21.338
 0.597974
  6.40512
  24.1336
  23.1867
  11.5939
  18.4005
  19.3557
  23.5818
   3.1474
  34.6042
  31.4185
    4.323
  37.5176
  30.4609
  6.98295
   23.367
  17.1424
  11.8766
  12.2889
   11.826
 0.210994
  3.48807
  1.39097
  8.51795
   1.3327
   17.007
  13.9856
  10.1125
  14.2767
 0.809487
  4.98536
  5.57206
 0.191952
  10.9063
  15.0421
  11.1497
  33.9001
  16.8986
  9.61478
   12.002
 0.798731
  32.9429
  20.5355
  2.59954
  8.24984
  33.8453
  23.8982
  1.87213
  27.9622
  33.0802
   6.2879
  16.5397
  14.1927
  11.1865
  6.11498
  1.66467
  6.93226
  23.2064
  52.7508
   51.064
  0.42227
  3.71153
  32.3732
  1.56661
  14.2622
  23.7592
  19.7972
 0.251743
  23.4826
  36.0762
  33.4471
  31.4466
  18.7053
  38.5261
  17.7123
   31.243
  16.4312
  4.87867
  13.4142
   23.642
  21.0083
   13.318
  15.5768
  19.0457
 0.109691
  7.83976
  4.50899
  17.7496
  38.9978
  30.0736
   6.9761
 0.619923
  32.7187
  21.3911
  28.4971
 0.137938
  1.15089
  3.72719
  12.4631
  16.7051
  37.8752
  42.5907
  46.0178
  27.5979
  27.9678
  3.31852
  2.09651
  13.7538
  3.53855
  2.26548
  9.83323
  5.70092
  11.0383
  8.48915
  20.4324
  7.00843
  50.9538
  3.00283
  12.2066
  3.45131
   39.315
  12.1379
   5.3403
  16.4132
  32.6803
  37.0897
   26.252
 0.561809
   13.172
  5.66312
   5.2667
  5.75802
    45.47
  7.20151
  12.9734
  14.4236
  14.3588
   7.0784
  1.13199
  9.59469
  12.4435
  5.81239
  6.06449
  22.4322
  4.71776
   3.6321
  0.85071
  28.1933
  23.0724
  15.3655
  14.4974
  3.63854
  6.64089
  30.8549
  4.09319
  7.80057
  15.9289
  14.8989
  34.7018
   52.658
  3.77382
  2.74494
  17.5346
  19.9447
  12.9295
  8.25435
  12.2905
  13.7345
  32.6074
  8.18515
  22.1725
  18.1734
   17.997
  10.5319
  26.9686
  1.33951
  3.72436
 0.980819
  16.3542
  20.9514
  15.1165
  24.8539
  36.2064
   4.9969
  13.6506
  51.2913
  27.3457
  20.2499
  20.3514
  4.08471
 0.507353
  3.92502
  13.0562
  14.0667
  7.39953
  10.8275
  10.0279
  10.5489
  2.30336
  4.30028
    27.15
  29.6265
  5.32468
  8.43157
  11.1231
  9.84747
  7.45896
  16.6563
 0.642148
  18.6961
  8.30917
  3.25107
  15.8968
  2.99716
  6.56088
  16.6498
  14.7289
  13.6493
  13.1239
  26.2701
  3.73053
  1.42109
   16.704
  13.0645
  18.4223
 0.884944
  2.32328
  15.4782
  12.2408
  7.92296
   22.636
  35.4842
  14.1349
 0.538018
  16.9046
  29.4928
  16.2145
  8.51842
  4.16263
  22.6477
  35.4655
  14.1729
  17.2846
  7.15815
  14.4789
  5.85095
  6.98827
   4.2144
  3.92502
  1.66408
  34.8309
  1.91784
  56.2241
  27.8422
  1.70564
  1.56409
  20.3244
  2.22034
  35.1365
  8.80441
  7.48484
   16.136
  8.27565
   24.628
  11.6397
  8.36675
  9.17804
  3.17082
  15.1087
  9.51833
 0.181763
  24.7718
  35.1425
  12.4999
  14.7881
   14.022
  9.04728
  18.1281
   1.9548
  39.1683
  9.53103
  10.0933
  6.04898
  15.4133
  17.3156
   15.595
  15.2908
  13.0495
  11.2548
  23.9112
  28.2525
  7.15889
  16.0942
  30.1254
  15.9315
  2.68521
  5.92038
  1.67678
  29.1802
  24.7627
  10.6509
  25.0046
   14.763
    16.03
 0.632061
  52.8323
  25.7603
  24.5118
   30.679
  1.02718
  11.1946
   28.479
  32.5689
  16.8596
  15.3657
  14.4253
  31.9837
  9.96524
 0.888327
  13.6763
  44.7806
  36.0114
  38.5563
  2.58333
  14.3407
  5.81907
  11.8618
 0.926547
  9.94849
  5.91643
  40.5563
  20.1523
  14.3883
  20.0414
  38.0978
  55.2078
  16.7767
  35.1356
  24.3822
  15.0318
   13.438
  2.31397
  5.84646
  1.49709
  13.3077
  13.1944
  54.8287
  11.0854
  41.9445
  13.4274
  14.6941
  9.04308
  22.2656
  11.1378
  13.0792
  2.80913
  51.4627