   6.44509
   13.7768
   5.23982
   16.2596
   13.8049
   2.91288
   19.2829
   8.02012
   14.0711
   2.98523
   2.65505
   2.70486
   4.39759
   12.7971
    16.495
   12.6921
   8.84685
   12.0018
   11.6536
   28.6113
   21.7806
   21.6704
   29.9686
   35.2996
   51.7016
   80.5479
   44.5083
   58.9371
   68.1912
    49.112
   41.9062
    30.425
   27.4833
   24.3716
   21.8475
   23.7099
   9.66199
   7.97053
  0.684458
   2.68782
   16.2323
    14.447
    15.336
   6.73298
   8.67087
   11.1404
   15.8474
   11.8707
   15.7099
   6.76915
   3.35109
    31.533
   11.5987
   9.11132
   14.0933
   8.09344
   8.31349
   8.57009
  0.346898
   2.77893
   6.02999
   5.31442
   16.9013
   3.94039
   7.15063
   9.82502
   16.2753
   17.6922
   1.71914
   19.1768
   12.3074
   6.82122
   17.7697
   24.2943
   16.7702
   31.1471
   17.2866
   45.3833
   49.7755
   12.8763
    29.075
   19.8841
   60.1645
   22.8787
   26.6835
   10.1878
   58.0473
   50.3076
   22.9157
   41.2799
   52.3719
   15.5283
   2.72484
   5.86369
   49.2133
   34.4305
   35.8825
   18.7918
   23.8705
   22.5038
   38.3062
   2.09693
   16.3397
   6.50347
   2.42283
   8.08436
   9.80442
   65.8071
   74.3086
   18.0956
   31.0772
   64.8811
   52.7451
   63.0472
   24.5666
   8.87531
   27.0906
    8.5783
    11.418
   14.9922
   7.74258
   12.1774
   14.5571
   8.81807
   15.3781
   11.6874
   31.2498
    7.4265
   22.8005
   5.33771
   11.8294
   3.03185
   2.64978
   15.2098
   11.9641
   16.9243
   1.85309
   3.18396
   22.3884
   2.30766
   2.63335
   3.97291
   15.1335
   2.86585
   12.5395
   18.8037
   26.7286
   15.4931
   9.97803
   3.60997
   9.68381
   19.4582
   22.9968
   27.6073
    20.351
    57.274
   22.2807
   29.6873
   24.7965
   12.0516
   15.4371
   56.4235
   83.7557
   17.8368
   63.5122
   34.4819
   31.4226
   1.99663
   1.89885
   18.7504
   21.4242
   44.8893
   11.1461
   15.5766
   15.2914
   10.7288
   2.82551
   11.8055
   8.79829
    16.054
   5.16236
   5.63608
   11.1596
   25.6424
  0.681245
   12.5829
   5.73118
   3.21952
   3.78116
   6.11305
  0.226214
   9.45884
   27.0276
   15.2157
   15.7473
   10.1499
   13.9922
   7.96287
   6.03178
   31.4496
   40.9851
   6.76034
   10.9145
   37.9377
   36.8579
   17.1995
   21.2868
   33.1342
   57.2248
   67.1343
   8.27887
   22.0718
   55.8377
   1.24144
   6.06439
   3.92223
   30.2207
   38.3796
    34.294
   59.9581
   32.0835
   34.7227
   5.53562
   6.40107
   12.9571
  0.877511
   11.5245
   12.4638
   6.43103
    1.7943
   3.70517
   28.3465
   7.65504
   9.44922
   8.89777
   30.4167
   21.5992
   19.3241
   9.16852
    6.2991
   88.6758
   68.0146
   2.24795
   38.7602
   18.5544
   22.2608
    53.344
   6.59823
   9.74127
   60.4526
    57.757
   48.9096
   36.2487
   24.7807
   4.71298
   23.0924
   9.49525
   22.1758
   47.0039
   50.6534
   27.0968
   16.1121
   36.1641
   7.37039
   3.33985
   61.9194
   43.4294
   40.1007
   61.0272
   61.2128
   59.2109
   10.7487
   62.7784
   39.2629
   10.1898
   24.9973
   3.84112
    44.074
   2.37406
   1.38764
   49.2177
   12.8298
   15.7241
   22.9639
    22.088
   16.0718
    3.3923
   67.2894
   50.5917
   46.2183
   27.2752
   26.2629
   45.5569
   59.8787
   68.2411
   3.89247
   37.1501
   39.7976
   68.4346
   53.8668
   51.0212
   41.4239
    43.966
   18.9239
   31.6068
   19.9872
   16.6064
   30.6366
   19.3387
  0.374455
   15.9561
   7.15055
   14.6043
   34.5112
   37.4374
   23.9812
   23.4616
   41.5728
   57.7862
   11.3126
    13.607
   33.1419
   22.0811
   28.0183
   5.31488
   17.8666
   4.77447
   33.0304
   13.0768
   21.4521
   10.8572
  0.787614
    44.984
   54.9506
   49.5221
    58.677
   27.1134
   47.5475
   9.32267
   16.7713
   16.4144
   2.24759
   14.5054
   18.7247
   47.4026
   51.8494
   63.7007
   50.5277
   36.5869
   54.2206
   42.0672
   3.18052
  0.362276
   9.74234
   5.91902
   2.44891
   14.0816
   4.59776
   8.37996
   16.0961
    23.296
   65.2773
   34.3125
   26.6396
   3.19734
   21.4981
   4.37529
   13.7194
   61.8375
   15.1562
 0.0496781
  0.464638
   1.74537
   33.6467
   19.0679
   4.62178
   24.5051
   36.5764
    18.876
  0.238722
   10.3078
   1.14426
   32.8353
   29.6619
   17.7171
   24.1459
    8.9017
   3.10886
   12.0465
   6.28875
   12.9165
   12.6672
   21.8952
   19.5709
   24.2914
   21.5502
   22.2546
   22.3508
   26.7262
   44.5311
   50.5465
    47.039
   64.1202
   11.1363
   59.0359
    49.578
    1.1484
    27.962
   17.6881
   21.3557
   22.9309
   36.6553
   19.6198
   36.7525
   9.23475
   72.9506
   9.83787
   66.3458
   33.8881
   2.57986
   38.3199
   11.2744
   12.5634
    45.552
   18.8423
    49.915
   39.4945
   32.2529
   35.3541
   16.5813
   24.4897
    14.991
   43.3818
    45.843
   22.7385
   3.99758
0.00244661
   15.8263
   15.1989
    55.645
   31.7098
   25.2326
   21.1395
    22.066
   22.5115
   19.7596
    44.092
   11.5315
   60.7455
   38.6439
   36.4018
   33.1728
   38.9027
   10.2904
   10.2449
   13.2768
   25.9315
   17.2926
   34.5574
   20.6316
   14.3061
   24.8823
   27.4998
   28.8908
   49.5433
   63.2868
   46.7838
   43.9663
   7.46248
   11.3653
    15.002
   44.4388
   23.7345
   29.6578
   27.4579
   25.9685
   1.52788
   6.27564
   20.7479
   12.1872
    12.821
     11.61
   25.0099
   26.5392
   1.07075
   58.5728
   59.4418
   51.0104
   44.2282
   54.6786
   59.0685
   43.4734
   45.9043
   17.2379
   6.18984
   22.3495
   8.14779
   65.1157
   16.1663
   17.2828
   50.5295
   5.70777
   60.4292
    49.558
   60.6469
    68.527
   19.8402
   31.6767
   37.6915
   36.1611
   40.2785
   59.1692
   36.0921
   54.7946
   12.2469
   27.0351
   57.5593
   43.4416
   5.31523
   17.5198
   6.82204
   25.9312
   8.33231
   41.0924
   68.2968
   22.3527
   21.5266
   26.1062
    23.519
   27.1177
   28.5762
   14.0753
   11.0135
   15.2715
   7.11936
   9.81985
   32.0654
   54.7885
   47.5854
   35.5442
   29.8385
   23.4513
  0.899398
    22.065
   55.2423
   66.7159
   22.7007
   21.8321
   35.0348
   14.9266
   7.19165
   54.0791
   17.6352
   29.8249
    59.628
   44.6903
   69.2975
    1.8194
   7.84209
   29.9198
   41.8405
   25.3019
   19.8866
   43.1312
   38.3282
   45.7177
    60.549
   42.0948
   13.3978
   24.6878
   18.3586
   20.9269
   26.0524
    9.5756
   8.87159
   3.57762
   37.0437
   1.16889
    3.1614
   10.2788
   24.9017
   20.5298
   16.4943
   64.0853
   9.80985
   29.5447
   37.5944
    43.687
   15.5219
   26.4298
   27.7995
   27.9291
   16.6469
   28.3897
   49.8819
    39.574
    39.001
   28.3731
   13.7616
   56.5013
    59.928
      62.1
   50.0896
   43.1945
   24.8353
   21.3575
   20.3911
   50.6167
   31.7506
   40.6975
   1.77661
   1.88169
   1.92516
   59.4505
   41.2265
   58.6398
   69.0501
   63.0594
   51.1853
   57.0807
   44.7727
   13.0248
   24.6578
   28.1025
   25.0421
    23.872
    15.086
   17.4805
   13.8785
   20.1793
   18.9926
   53.3925
   38.9011
   67.7317
   20.2773
   11.7264
   22.4898
   22.2425
    8.5039
   37.0598
   38.0502
   18.6485
   43.2415
   20.4434
   31.8916
   50.7254
   41.9265
   31.2914
   15.8878
   6.86038
   13.4726
   15.4126
   23.0874
   6.08298
   42.4581
   11.0194
   2.20208
   32.3852
   42.1487
    33.014
   10.2732
   10.3426
   42.0117
   27.0619
   15.3007
   35.9332
   18.0841
     21.17
   38.8435
   29.8763
    23.446
   48.5117
   36.3559
   7.01681
   54.9329
   56.0716
   50.1527
   27.2433
   23.0252
   8.37569
   19.1383
   40.6309
   40.2116
   15.0497
   22.1503
   22.0048
   19.0294
    6.6045
   5.82725
   26.4876
   9.94754
   20.3158
   12.3766
   31.5741
   22.3423
   29.7248
   17.2409
   4.16284
   37.5556
   56.4678
   2.32232
   40.6211
   23.3901
   35.8604
   27.7822
   37.5624
   37.5208
   16.7731
   18.8098
   39.8342
   13.3214
    28.729
   35.4338
   24.9124
   15.3494
   16.1563
   6.56211
   36.9513
    52.404
   51.0034
   38.8464
   23.2171
   59.8914
   2.45597
   69.0659
   11.3262
   19.5198
   18.8653
   29.4709
   24.8952
   44.0858
   30.4629
   29.7262
   55.8894
   1.07229
   12.4974
   26.1366
   6.87883
   34.3552
    17.032
   18.0953