  24.3318
   25.692
  4.46755
  9.66253
  9.21719
  17.6958
  3.20689
  26.4479
  20.3504
  15.4326
  20.7485
  30.7529
  28.7369
   15.939
  25.8195
  18.0504
  25.6632
  25.4444
  20.7681
  14.5501
  25.8902
  31.2117
  31.6608
  14.0558
  17.7094
  1.69805
  2.93101
  26.5601
  26.6277
  24.1022
   29.091
  29.4381
  12.1019
  7.13442
 0.868479
   14.365
  6.54913
  12.8182
  10.2333
  10.6741
  10.6174
  21.2649
  8.04151
  17.8686
  24.9466
  8.82082
  5.86598
  11.4159
  14.9481
 0.404869
  20.2061
 0.522744
  1.53196
   12.191
  10.4744
   11.074
  3.73932
   11.469
    7.928
  6.83666
  4.24768
  16.9389
  17.9991
  26.3521
   16.268
   29.038
  16.0149
  3.54702
  7.07412
  23.5432
  5.32347
  2.03064
  20.1601
  6.20783
  4.81562
  8.52786
  14.5181
  13.8708
  6.51389
  12.5775
  1.78338
  5.12555
  7.15842
  6.70655
  26.7084
  20.7266
  19.6962
  16.9453
  19.2179
  15.8615
  23.4842
  10.2891
  11.6803
  6.77425
   32.039
  12.7253
  25.8748
   18.155
  22.4094
  22.6116
  29.2878
  29.4346
  9.80359
  3.49836
   6.1471
  5.09772
  4.67532
 0.762644
  6.55799
  12.1784
  18.5208
  9.08954
  6.36675
  18.1571
  18.5437
  18.1306
  9.87318
  10.5297
  7.81976
  24.4606
 0.531377
  7.58322
   5.7856
  12.7449
  9.14235
 0.187729
  29.9942
  4.15202
  22.1689
  31.7375
  15.5022
  22.1196
  22.7411
  25.3852
  25.3128
  21.3836
  20.2951
  19.6098
  31.0646
  18.8693
   9.7353
  28.4361
   11.836
  25.4011
   21.586
 0.200935
  1.33421
  25.4693
  15.0576
  10.4778
  20.3814
  17.0549
  8.67138
  10.3728
  11.9435
  1.97256
  12.3206
  19.4852
  15.3563
  26.5474
 0.427028
  31.1699
  2.53436
   1.7899
  8.16109
  1.71834
  15.7001
  11.4245
  30.8585
  32.1142
  12.5723
  18.0481
  19.4464
  18.5464
   29.457
  28.7421
  22.8232
  17.4902
  10.8523
  20.4157
  10.0082
  10.0762
  8.85638
  8.98946
  4.86144
  3.49059
  31.1976
  30.7738
 0.846156
  7.61042
   5.0513
  24.7235
  20.4048
  1.21921
  4.51202
  18.4914
  16.7532
  5.30429
  14.4599
  31.8244
  16.7242
  26.8529
  18.5198
  20.4212
  18.7078
  18.8052
  11.1899
   16.313
  9.46256
  10.3944
  8.17041
  6.80678
  23.8855
  2.89786
  24.9634
  7.85063
  7.69104
  6.10258
  3.42648
 0.898564
  10.1246
  15.2636
  25.5598
  6.50611
  1.04759
  10.5526
  1.94701
  9.12228
  12.3445
 0.800453
  14.9752
  8.91445
  2.23013
  19.6238
  32.9902
  5.05629
   7.2842
  10.2871
  2.02924
 0.403491
  6.43333
  9.53032
  4.35494
  6.73169
 0.991631
  4.65457
   12.397
  5.08353
  34.2233
  27.5873
 0.540172
 0.980933
  4.54479
 0.702583
  11.2075
  14.8768
  2.64047
  16.8911
  25.3473
  17.9022
  27.3579
  1.91981
  12.7518
   6.8411
  2.72392
  5.91793
  5.65341
  18.5238
  17.4893
  5.72941
  6.44468
  8.16493
  3.63639
  10.9313
  6.24265
  15.4141
  2.31626
 0.266002
  14.8673
  5.24714
  2.08965
  3.73452
  14.7567
  14.1464
  14.0049
  19.9176
  18.7353
 0.835579
  2.15155
  23.4936
  17.0728
 0.753521
   0.3418
  26.7061
   6.7765
  4.85789
  9.26131
  4.65232
  8.09499
  8.03407
  3.11146
 0.266119
  9.28366
  6.15435
  8.10275
   1.4241
  12.1567
  6.32308
  22.6127
   5.6451
  39.5174
  30.3554
  5.12082
    19.39
  4.78024
  18.7862
  4.88771
  2.33029
  3.85243
  8.98875
  2.54715
  7.86298
  30.2744
  33.6461
  9.22859
  8.00147
  12.9449
  27.4183
  8.98185
  9.73312
  12.0738
  5.44217
   5.8964
  7.25089
  9.52024
  2.99077
 0.978258
  9.43158
  7.29412
  17.7198
  20.6259
  8.98185
  24.5545
  8.19584
  31.4091
  20.5519
  0.35443
  1.75164
  9.05231
  2.81462
  1.42742
  6.16696
  16.6012
  28.0191
  19.6537
  2.04499
  8.49394
  5.70324
  15.5389
  9.39967
  0.99204
  14.8312
  15.2673
  6.67314
 0.803234
  4.96527
  3.56548
  3.66067
  1.71623
  6.10463
  3.71539
  2.73441
  17.6352
  2.03755
  4.79235
   16.307
  24.3849
  5.12704
  11.6793
  2.89594
  4.87691
   7.7069
  27.0272
  3.69336
   13.019
 0.123741
  8.73047
   6.2207
  21.2017
  1.84215
  34.6986
  30.6721
  13.8473
  34.9022
  15.3285
  6.01309
  38.5561
  18.0708
  8.13811
  13.4568
   15.285
  12.8396
  6.48997
  2.45157
  16.5602
  8.27628
  13.1664
   6.9921
  12.8847
  8.44985
  5.21024
   6.7921
  2.96994
  10.7906
  16.2885
 0.593534
  2.63809
  5.25163
   6.0906
 0.894033
  31.4323
  23.4936
   4.6054
  4.76021
  5.43789
  6.55252
  14.0142
  6.54394
  1.55386
  19.5502
  16.5032
  3.98683
  3.55945
  2.92844
  11.7986
  5.18397
  1.27074
  39.5769
  32.4177
  14.6102
 0.606727
  2.27507
  12.1916
  29.0447
  9.68273
  1.85793
  1.78335
  0.53829
  4.78992
  34.9957
  41.2321
  41.7535
  40.8339
  2.14815
  4.29776
  4.04441
 0.600159
  12.0049
   6.5215
  11.2842
  6.34115
  10.4713
  4.39101
  13.4516
  17.0584
  30.7458
   26.837
  1.35658
  35.9703
  36.5633
  27.9657
   39.131
  34.0132
  40.0501
  2.69356
  6.33853
  16.2478
  32.6154
  9.08421
   1.8175
   4.1771
 0.723441
  3.52791
  33.5197
   5.3531
  24.9127
 0.304683
  2.25378
  5.60889
 0.455642
  19.0639
 0.417388
  21.8224
  32.2007
  20.2931
  2.28816
  38.6908
  2.41516
  2.68453
  7.81519
  12.5387
  31.7449
  6.23544
  25.7773
  36.9326
  10.4353
  6.81995
  1.79707
0.0251532
  8.66557
  20.7138
  24.3868
  12.9863
  6.10199
  17.0831
  6.19828
  7.14408
 0.290389
  34.5784
  40.4245
  40.1508
  3.10889
  29.9765
  1.58771
  30.7974
    36.33
  40.6387
  33.3544
  39.7743
  7.64886
  14.8905
  16.9332
  9.06792
  30.8326
  20.4217
  8.39284
  1.82528
  13.1471
  6.63226
  13.0188
  8.58289
   39.422
  18.1802
  40.6851
  4.64663
  22.2005
  11.8979
  7.54119
  37.0729
  7.34209
  34.3885
  17.2785
  1.90458
  1.75911
  38.8423
  12.4293
  32.9251
  9.38591
  22.1935
  3.95023
 0.678886
  30.5115
  4.33402
  3.06432
 0.622961
  7.17135
  31.9154
   9.0078
  11.6308
  4.50425
  16.4506
  5.53416
   10.891
  4.11511
  17.6382
  13.4208
  33.3391
  3.37404
 0.726093
  26.8193
  28.1904
  23.6105
  7.08122
  10.3319
  15.6775
  31.4312
   7.3395
  14.9538
  34.4285
  22.3626
  8.49304
  8.27078
  11.0945
 0.338951
 0.248995
  1.81141
  21.7155
  36.6131
  16.0725
  6.63474
  8.96016
  22.3744
  12.0703
  6.49992
  13.5058
   4.7209
  13.5849
  6.18262
  31.4356
  3.83757
  22.5558
  7.55211
  30.9682
  9.15301
  3.98708
  34.9626
  9.58429
  10.3334
  5.57992
  20.1263
  49.6878
  9.90361
  5.77555
  39.5089
  7.49492
  21.4818
  51.3025
  8.28916
  18.3479
   37.341
  16.0108
  25.9072
  34.8141
  25.1104
   6.9379
  26.4394
  19.6932
  1.27798
  8.89616
  17.8378
  35.4071
   33.626
  17.0616
  2.07646
  4.00498
  3.04099
  0.89344
  3.29327
  11.1549
  4.30386
  15.3289
  8.35467
  5.91276
  22.4732
  8.87154
  40.7285
  46.8154
  48.3911
  36.7405
  32.7986
  12.4021
  3.88929
  5.60084
  34.0553
  26.1912
  34.6229
   35.337
  3.85808
  10.4555
  3.41049
  19.6364
  3.36232
  11.6435
  18.0104
  6.98098
 0.160492
  9.21363
  6.96506
  33.1564
  17.7059
   14.869
  16.5778
  28.6955
  36.6847
  28.5648
  3.02684
 0.414461
  22.5103
  9.50013
  3.40927
  3.71449
  17.0342
  16.6778
  17.6945
  7.69044
  11.9704
   9.9517
  7.19897
  2.79666
  18.1602
  11.5048
  1.23022
  9.05597
  22.7502
  15.0616
  21.8531
  19.0131
 0.301068
  6.13815
     39.7
   3.1933
  1.59407
  20.1298
  14.3405
  4.44772
   7.6233
  39.8645
  3.85896
   1.5366
  1.93333
  5.58177
  2.41514
  11.4821
    21.85
  15.6288
  12.0052
  5.99673
   31.627
  12.8561
  12.3107
  8.05411
  0.11946
  44.9395
  1.56352
  32.0765
  29.1558
  6.87691
  14.2285
  30.8134
  29.0812
  7.65496
  1.73265
 0.352996
 0.755611
   10.577
  19.5642
   8.9561
  16.9675
  25.7324
  5.65018
  3.31531
  12.2878
  5.25661
  27.5272
  25.5895
  7.46623
0.0684001
  16.0831
  13.8119
  14.7789
  15.3083
  1.14345
  8.27957
  5.92206
  14.7775
  4.92756
  6.54948
  12.3204
  3.15882
  3.05909
  17.5642
  27.2588
  14.7452
0.0951293
  15.4221
  12.9623
  16.0441
  1.27961
  11.6065
  7.96917
  13.8441
  13.1324
  28.6773
  30.5825
  13.5635
  1.76127
  24.0513
  39.2838
  17.3163
  19.2011
  3.38552
  16.2414
  32.8679
   12.446
  14.7718
  1.50422
  12.9806
  25.2857
   13.944
  2.71205
  9.80716
  1.67666
0.0196304
   17.014
  15.2888
  13.7841
  24.8768
  3.03382
  25.7186
  7.94235
  6.18173
  4.23357
  18.5723
  30.7215
  14.2707
  17.1134
  12.7391
   9.3522
  1.59901
  1.44419
  10.4868
  27.4228
  24.4833
  38.7446
   1.8546
  7.44461
  7.09358
 0.635336
  13.8229
  9.16988
  34.6706
  8.11003
  1.45825
  9.92814
  20.5688
  9.88709
  6.00561
  13.1674
  4.79817
  21.7804
  18.0384
  30.7189
   8.0911
  21.1804
  35.3039
  5.62931
 0.428326
  15.7309
  20.2913
  33.0178
  4.45208
  38.4211
   22.561
  12.8556
  9.12777
  8.85295
  22.7847
  13.5831
  19.9313
  6.68417
  9.32577
  30.3026
  23.3151
  21.4302
  10.8942
  21.8843
  24.5731
   8.7249
   44.115
  12.4076
  24.3281
    10.16
  12.8559
  10.5626
  9.82647
  8.83458
  13.6483
   20.096
   19.848
  2.19126
  22.0908
  28.9965
  10.4672
  13.9564
  31.5394
  1.72254
  6.29605
  19.0643
  43.4638
  1.46658
  8.28339
  7.11709
  6.68081
  37.2969
  10.1931
   29.105
  12.6625
   25.266
  42.7928
  7.80797
   34.087
  5.63198
  33.1734
  8.45079
    7.403
  38.6626
  15.4187
  9.73423
  27.9332
  11.9784
  16.4519
  17.0499
  12.6191
  11.8423
  13.5223
  37.0565