 4.51913
 5.41732
  10.034
 7.94216
 5.49233
 7.20356
 10.9585
 9.70758
 11.0052
 8.91273
 6.22135
 10.3413
 10.2188
 2.82612
 4.85321
 2.39245
 4.42545
 4.16509
 3.29527
 4.41912
 6.90845
 6.00668
 2.83124
  2.6622
 3.52153
 4.62927
 9.81888
 3.78165
 3.70977
 2.35152
 5.25848
 3.96166
 9.50371
 3.85727
 1.40416
 9.09557
 5.51288
  9.0039
 1.97417
  3.3356
 6.68067
 10.5533
  7.9805
 8.79187
 9.65068
  10.634
 4.82357
 8.76217
 4.53384
 2.81466
 7.46795
  10.331
 11.5619
 9.35124
 14.9921
 7.79095
  10.723
 10.0198
 9.10107
 9.62576
 12.6623
 10.6608
 6.21297
 5.75323
  8.8263
 6.85312
  7.4785
 19.5392
 6.00769
 14.9229
 11.9927
 10.3545
 7.04325
 8.60152
  5.7835
 4.80457
 6.44312
 5.70983
 6.73901
 6.87232
 8.39099
 6.56507
  8.9088
 5.04084
 6.18574
 4.09223
 3.79937
 4.13834
 2.74195
 5.25867
  3.9624
 8.61742
 9.07117
  6.9495
 6.12673
 2.99853
 2.12606
 3.57883
 1.06422
 7.92533
  7.9772
 6.50665
   6.713
 7.03645
 12.9939
 10.6351
 9.79175
 10.4054
 9.06798
 8.53649
  6.4485
 14.1087
 6.95621
 12.3919
 9.02604
 10.3543
 4.42421
 8.47649
 10.2199
 9.93577
 10.6469
 10.3368
 10.2193
 12.0338
 11.4196
 10.3485
 6.21271
 7.94638
 5.49233
 9.33073
 10.5301
 5.44158
 6.00737
 14.9229
 14.3745
 7.95327
 11.2028
 4.43036
 6.94664
 4.51883
 3.18143
 7.67184
  7.9427
 79.1045
 3.17392
 4.20431
  6.1004
  6.1004
 9.72322
 9.90794
 11.9734
 6.70955
  4.1382
 1.51323
 0.97096
 7.95295
 11.3744
 11.2436
 6.00812
 14.9224
  11.837
 12.5663
 9.55131
 10.6205
 10.3511
  1.6515
 10.1047
 10.9885
 11.5296
 12.7346
 8.53631
 10.5301
 6.51506
 3.85783
 9.09634
 3.81264
 8.61774
 9.50498
 10.9318
 4.08456
 4.51896
 7.67225
 6.45962
 5.41714
 12.3586
  16.026
 11.4205
 10.6619
  8.9314
 9.78506
 7.16034
 5.96177
 7.92608
 8.14669
 6.12477
 5.04119
 6.21319
 3.88181
 9.93021
 2.44368
 76.3563
 11.5628
 9.61695
 14.9758
 4.13858
 9.63845
 10.0966
 1.51323
 6.19676
 6.17663
 2.99107
 10.7775
 12.5674
 7.92125
 1.30236
  3.2689
 7.16037
 8.47728
 11.0472
 10.7948
 5.15856
 5.25464
 9.25875
 7.27443
 3.47469
 5.22521
 7.94638
  5.9598
 8.79366
 7.71994
 5.18202
 8.34118
 4.42487
 4.65341
 4.85171
 5.57587
 10.5387
 9.51709
 10.6808
  9.1425
 7.00446
  74.421
 6.74032
 4.28962
 11.0065
   4.189
  11.837
 6.88766
 8.98973
 6.55511
 11.3349
 1.30506
 6.04757
 10.3719
 4.28331
 5.27158
 2.72326
 2.16057
  6.9043
 13.3022
 4.62224
  9.0923
 5.26269
 3.11703
 10.1525
 10.6363
 4.13815
 9.21836
0.394161
 5.18108
 7.95722
 3.82551
 3.03744
 7.94611
 9.92777
  11.972