 0.00353022
 0.00461225
 0.00332461
  0.0114365
 0.00459689
 0.00503186
 0.00429855
  0.0268633
0.000184377
 0.00682491
 0.00503104
  0.0212141
  0.0171673
 0.00585699
  0.0164423
 0.00769388
  0.0103279
  0.0145182
0.000926479
  0.0062167
 0.00461532
 0.00317654
 0.00284833
 0.00282504
 0.00425228
 0.00343088
  0.0136358
  0.0236244
 0.00597006
  0.0365288
 0.00849913
  0.0110676
 0.00588093
  0.0070972
 0.00341398
 0.00485433
  0.0194475
  0.0151287
 0.00342041
0.000902452
 0.00619582
 0.00183937
  0.0039604
 0.00449651
  0.0199341
  0.0072382
 0.00284911
 0.00526151
 0.00671391
  0.0219331
  0.0147381
 0.00427236
 0.00787714
 0.00549443
  0.0084179
  0.0242749
  0.0187715
 0.00663262
 0.00760268
  0.0357998
 0.00319985
 0.00460433
  0.0381611
 0.00941893
  0.0318804
  0.0181319
  0.0255595
  0.0100884
  0.0348544
 0.00809842
  0.0111826
 0.00798339
  0.0178835
 0.00539616
 0.00829313
0.000267051
  0.0316579
 0.00128053
 0.00687685
 0.00734964
  0.0357707
  0.0275489
  0.0344025
 0.00254008
  0.0120674
   0.023304
  0.0224762
 0.00248834
 0.00700401
  0.0071117
 0.00118386
  0.0328549
  0.0147808
 0.00700965
  0.0172449
 0.00257252
 0.00502764
 0.00660691
 0.00601321
 0.00499899
 0.00329213
 0.00827149
0.000115684
  0.0141155
  0.0281139
  0.0185504
  0.0174448
  0.0172703
 0.00435901
 0.00437388
 0.00326248
 0.00468664
  0.0255212
  0.0015213
  0.0275739
 0.00190439
 0.00328111
  0.0176429
  0.0355423
  0.0263891
  0.0175729
  0.0309257
  0.0166328
 0.00488185
 0.00916891
 0.00991534
  0.0199768
 0.00821854
   0.039267
  0.0164225
 0.00800138
 0.00421979
  0.0169516
  0.0244592
 0.00245623
   0.023224
 0.00594529
  0.0149816
 0.00355698
  0.0325549
  0.0182267
 0.00266941
  0.0327282
  0.0141243
   0.017315
  0.0211375
  0.0144132
  0.0272957
  0.0118039
   0.026903
  0.0127386
 0.00126062
 0.00352949
  0.0145417
  0.0037148
 0.00273538
 0.00340796
  0.0128562
 0.00644518
   0.013162
 0.00241254
  0.0179176
  0.0189794
  0.0181533
  0.0212297
 0.00193906
 0.00683682
 0.00724786
 0.00247939
0.000729782
   0.005726
 0.00818179
 0.00409623
  0.0021174
 0.00574321
  0.0105396
 0.00435162
 0.00308581
 0.00548182
  0.0356016
  0.0180128
  0.0110317
  0.0128159
0.000142295
  0.0206399
  0.0203114
 0.00423714
 0.00467899
  0.0232848
  0.0324187
 0.00352225
    0.00282
  0.0141893
 0.00885072
  0.0217557
 0.00940097
  0.0302839
 0.00393676
 0.00573223
 0.00583254
 0.00570382
  0.0382452
   0.038264
  0.0288453
  0.0326541
  0.0348478
  0.0331217
 0.00600271
  0.0032239
 0.00215554
 0.00217969
 0.00533512
0.000804454
 0.00439998
 0.00371056
 0.00653638
0.000182761
  0.0137669
 0.00178122
 0.00192276
  0.0189059
 0.00583332
 0.00467546
  0.0158457
 0.00448878
 0.00074811
  0.0103986
  0.0154624
 0.00739596
 0.00781641
 0.00564683
 0.00369004
 0.00603337
  0.0241907
 0.00486065
 0.00503149
 0.00115416
 0.00709049
  0.0124254
  0.0161227
  0.0127216
  0.0104285
 0.00285488
 0.00886387
 0.00617926
 0.00101454
 0.00305334
  0.0126412
  0.0133059
 0.00430718
 0.00211682
  0.0103671
 0.00393451
  0.0114615
  0.0053829
  0.0180166
 0.00168233
  0.0120757
 0.00193048
 0.00712827
0.000546946
  0.0178348
  0.0176092
 0.00603234
  0.0403865
 0.00342016
 0.00254052
  0.0022959
 0.00173209
  0.0122324
   0.016507
  0.0246999
  0.0104867
 0.00742479
 0.00845753
 0.00144155
 0.00124732
 0.00898569
 0.00388874
 0.00387598
0.000663561
  0.0124528
 0.00137081
  0.0104342
 0.00802201
 0.00240891
 0.00274901
  0.0165728
0.000905277
 0.00556855
9.55683e-05
 0.00197144
  0.0024001
 0.00155654
  0.0179783
 0.00554824
 0.00191649
 0.00188965
  0.0197523
 0.00585787
 0.00909345
0.000502595
 0.00686634
   0.027245
  0.0143931
 0.00816084
 0.00327044
  0.0034874
 0.00997504
2.57427e-05
 0.00119829
 0.00637724
  0.0045257
 0.00767824
  0.0049262
 0.00407657
 0.00408101
 0.00165062
 0.00915278
 0.00987736
 0.00414886
 0.00111445
 0.00779937
  0.0105438
 0.00694498
   0.010529
 0.00512127
 0.00797231
  0.0147901
 0.00464658
  0.0125976
  0.0103302
 0.00463988
  0.0225601
 0.00454881
 2.8779e-05
 0.00283324
 0.00256888
  0.0075055
 0.00263283
  0.0175772
   0.010222
  0.0114795
  0.0106448
 0.00932598
 0.00070015
  0.0102509
 0.00945719
 0.00650718
  0.0288514
 0.00410883
  0.0046268
  0.0013238
  0.0150413
 0.00771329
 0.00132104
 0.00818612
 0.00959896
0.000553084
  0.0027465
  0.0167854
   0.020452
  0.0129422
  0.0126451
  0.0077494
 0.00235856
 0.00224311
 0.00859095
 0.00947298
 0.00827308
 0.00685076
  0.0054329
  0.0110902
  0.0113714
   0.011429
0.000300808
  0.0110897
 0.00420298
 0.00241721
  0.0440952
  0.0317053
 0.00213617
7.22154e-05
  0.0361096
 0.00904004
  0.0164736
  0.0119663
 0.00344832
  0.0399899
  0.0085928
 0.00506817
 0.00884956
  0.0103437
  0.0342074
 0.00972608
  0.0108625
 0.00725122
 0.00112087
  0.0171395
  0.0263287
  0.0400798
  0.0172662
  0.0106144
 0.00432069
 0.00491332
  0.0103296
  0.0125787
  0.0136138
 0.00187696
 0.00147176
 0.00722624
 0.00638073
 0.00343811
 0.00647074
  0.0084997
0.000108502
 0.00365092
  0.0129924
 0.00784129
  0.0139567
0.000941108
  0.0116493
 0.00439232
  0.0118615
  0.0143561
  0.0107077
 0.00588959
 0.00536541
 0.00395781
  0.0156652
0.000424144
  0.0103141
 0.00838436
  0.0128126
 0.00586604
  0.0186718
  0.0145564
  0.0169314
  0.0121201
  0.0117735
  0.0177754
   0.013639
 0.00288557
  0.0198262
 0.00814443
  0.0164419
  0.0116361
  0.0159297
 0.00525148
 0.00476425
  0.0333684
 0.00915141
  0.0128924
  0.0166616
  0.0173696
  0.0174824
  0.0192772
  0.0017375
 0.00298382
  0.0127866
 0.00187474
  0.0140016
   0.007959
 0.00455304
  0.0174092
 0.00234526
 0.00483266
 0.00349828
  0.0070855
 0.00910477
  0.0039509
 0.00473387
 0.00229413
 0.00434973
  0.0250802
  0.0212897
 0.00999711
 0.00329008
 0.00318615
 0.00542369
 0.00552022
  0.0159532
  0.0149835
0.000600416
 0.00644508
 0.00367442
 0.00483319
  0.0305819
 0.00369751
  0.0024947
  0.0204328
 0.00752929
 0.00441851
 0.00466683
   0.015591
   0.006388
 0.00578075
  0.0215667
   0.010436
 0.00727611
  0.0190752
  0.0111507
 0.00876224
  0.0127274
 0.00241495
   0.019939
  0.0170381
 0.00385581
   0.004754
  0.0104372
  0.0189252
 0.00869166
  0.0290926
 0.00535356
  0.0011785
  0.0028019
 0.00231371
0.000198566
 0.00168827
 0.00881354
  0.0140994
   0.015336
 0.00357631
0.000526531
 0.00659887
  0.0068071
 0.00525772
  0.0186193
   0.014934
  0.0174755
  0.0102304
 0.00808482
6.09462e-05
   0.014478
 0.00242782
 0.00224507
 0.00344672
 0.00202986
 0.00435731
  0.0174124
 0.00634355
  0.0116734
 0.00633621
  0.0189639
 0.00826853
  0.0098082
 0.00295367
 0.00407383
 0.00422232
 0.00265241
 0.00498512
 0.00719143
 0.00441214
  0.0276806
 0.00586161
0.000536708
  0.0147398
  0.0108375
  0.0031714
  0.0022181
  0.0159953
 0.00341584
 0.00242978
 0.00265584
  0.0176714
  0.0110244
  0.0199874
 0.00613628
  0.0016955
  0.0046314
 0.00555491
 0.00666849
  0.0041072
 0.00377575
 0.00260254
   0.024424
 0.00364946
 0.00363814
  0.0126555
 0.00995803
 0.00253424
 0.00455189
 0.00558226
  0.0113817
   0.014688
 0.00315891
0.000981451
  0.0272475
  0.0134247
 0.00238629
  0.0094407
 0.00569114
  0.0022279
 0.00387512
 0.00349822
 0.00266075
 0.00300115
 0.00377575
0.000438948
  0.0125581
 0.00641714
 0.00359415
 0.00938832
 0.00810829
  0.0051965
 0.00271654
  0.0173049
  0.0109713
 0.00881352
 0.00880448
  0.0104298
 0.00199395
 0.00090471
 0.00839638
 0.00508933
 0.00379383
  0.0134763
 0.00863974
  0.0129506
 0.00686063
  0.0129627
 0.00249349
  0.0173498
  0.0064891
 0.00887219
 0.00819515
  0.0118413
0.000300155
  0.0067774
  0.0356391
 0.00749834
  0.0185353
  0.0317359
0.000419463
 0.00661659
  0.0103961
  0.0276331
 0.00456178
   0.017642
  0.0276908
  0.0368566
  0.0113398
 0.00148368
  0.0117729
  0.0375198
  0.0280581
  0.0374669
 0.00351151
  0.0158394
 0.00725422
 0.00809684
  0.0368504
  0.0320389
  0.0323726
 0.00503686
  0.0198076
  0.0237138
  0.0321722
 0.00403066
 0.00414431
  0.0229848
 0.00260892
 0.00649471
 0.00587946
 0.00622137
  0.0104365
  0.0272453
  0.0174783
 0.00106199
 0.00704961
 0.00467844
 0.00305181
 0.00532222
  0.0136178
 0.00207619
  0.0134153
  0.0104795
 0.00476602
  0.0030401
  0.0233655
  0.0119313
  0.0166817
  0.0156555
 0.00679579
  0.0239364
 0.00398144
 0.00356268
  0.0142815
 0.00763039
  0.0124683
  0.0031177
  0.0459874
 0.00867374
  0.0368052
 0.00831016
  0.0256024
 0.00337052
  0.0044424
 0.00859745
  0.0130162
  0.0111888
   0.012564
  0.0217816
  0.0355729
  0.0155452
 0.00791025
  0.0153089
  0.0147125
  0.0158201
  0.0105546
 0.00588536
  0.0102323
    0.01077
  0.0301473
  0.0113087
   0.014965
  0.0117948
  0.0103824
 0.00423342
   0.025376
  0.0346954
0.000640663
 0.00237316
  0.0108327
  0.0379792
  0.0216145
 0.00601969
  0.0142741
 0.00841617
 0.00597531
 0.00475511
 0.00567219
 0.00283182
 0.00837623
 0.00824159
 0.00726987
 0.00855626
  0.0110588
  0.0279754
  0.0441616
 0.00349752
  0.0111211
 0.00587667
  0.0112732
 0.00411443
  0.0134471
  0.0251987
 0.00360688
 0.00392848
  0.0365581
   0.022105
  0.0359214
  0.0355164
  0.0294477
 0.00776216
  0.0235325
  0.0446095
  0.0295017
 0.00640545
 0.00736889
 0.00693298
  0.0253786
 0.00956747
 0.00491669
 0.00959053
 0.00615789
 0.00219872
 0.00227779
 0.00912981
 0.00702044
  0.0174239
  0.0179536
  0.0280623
0.000424891
0.000598084
 0.00510733
  0.0125242
  0.0131967
  0.0218643
    0.02748
 0.00544519
  0.0246073
  0.0261096
   0.031088
 0.00575773
 0.00172386
  0.0191213
  0.0203087
   0.011968
  0.0365151
  0.0103319
   0.004435
 0.00454513
  0.0086263
0.000878654
  0.0164918
  0.0148084
 0.00246276
 0.00287619
 0.00371671
 0.00207529
 0.00213424
  0.0105008
 0.00791935
  0.0089622
  0.0130043
  0.0258157
0.000982125
  0.0116525
 0.00211249
 0.00229443
   0.001354
   0.002028
 0.00278302
 0.00428881
 0.00940723
  0.0350891
 0.00149406
  0.0113631
  0.0133649
 0.00961245
  0.0129213
0.000304636
  0.0103323
  0.0061717
 0.00825785
 0.00813841
 0.00206918
  0.0142417
 0.00296476
  0.0129697
 0.00702152
  0.0342379
  0.0332836
 0.00216546
  0.0102011
 0.00824746
 0.00231369
  0.0179255
  0.0220143
 0.00443798
 0.00439958
 0.00136766
  0.0016633
 0.00791284
 0.00718827
 0.00664382
  0.0354596
  0.0200849
  0.0052198
0.000781676
 0.00125898
 0.00388837
   0.015475
 0.00890332
 0.00465169
 0.00142154
 0.00287179
 0.00179946
 0.00949835
  0.0016231
 0.00417346
 0.00453989
0.000211279
 0.00441402
  0.0115128
 0.00786862
 0.00670797
 0.00203607
0.000323853
 0.00651015
 0.00142178
0.000910709
  0.0117985
 0.00351351
  0.0133562
 0.00408612
0.000539845
  0.0059232
 0.00568337
0.000108194
   0.001978
 0.00436735