  0.0121426
  0.0106111
 0.00880531
  0.0146056
 0.00398685
 0.00929249
 0.00940408
 0.00734241
 0.00919758
 0.00114654
 0.00172885
 0.00599867
0.000155191
  0.0080573
  0.0122651
  0.0051677
 0.00161575
 0.00862251
 0.00591166
  0.0121423
  0.0165624
  0.0210159
 0.00613528
  0.0108022
 0.00167599
 0.00084414
 0.00394115
  0.0179376
 0.00886581
  0.0105297
 0.00935773
  0.0140638
 0.00687612
  0.0131486
 0.00305204
 0.00754527
0.000315138
 0.00018912
 0.00359805
 0.00401178
 0.00862794
  0.0136698
 0.00657298
  0.0175494
  0.0182847
  0.0233166
  0.0185191
  0.0271139
  0.0100302
 0.00703754
  0.0106917
 0.00912438
 0.00210413
  0.0044538
 0.00380968
  0.0166698
   0.012408
 0.00793244
  0.0125251
0.000110863
 0.00526593
 0.00386073
 0.00495675
 0.00794807
 0.00748763
  0.0185636
  0.0243907
 0.00261474
 0.00801981
  0.0100919
  0.0108877
  0.0155764
 0.00351861
0.000250075
 0.00415482
 0.00778393
 0.00816515
  0.0179993
  0.0184359
 0.00904414
  0.0150656
7.68024e-06
 0.00478245
 0.00378569
  0.0198542
  0.0246076
 0.00673227
 0.00705669
 0.00923594
  0.0132385
 0.00944628
 0.00132608
 0.00648658
  0.0202739
    0.01324
 0.00300359
 0.00747453
 0.00941356
 0.00649749
   0.023296
  0.0126646
  0.0144497
 0.00340034
 0.00771517
  0.0192051
  0.0110011
 0.00977355
  0.0142828
 0.00943751
  0.0133517
 0.00859585
  0.0102262
 0.00792878
 0.00658087
 0.00983498
  0.0114419
 0.00713921
  0.0104635
   0.016844
  0.0153751
 0.00325925
  0.0115367
 0.00877679
 0.00820898
  0.0180591
  0.0117067
 0.00654914
  0.0121584
  0.0156389
  0.0208463
  0.0026373
 0.00262458
 0.00434758
  0.0264733
   0.012057
 0.00950696
  0.0113796
 0.00406035
    0.01108
  0.0120271
 0.00421308
   0.011302
 0.00360727
 0.00186874
 0.00357399
 0.00191056
  0.0040001
0.000127368
 0.00923338
  0.0113329
 0.00996874
  0.0114322
 0.00240238
   0.010081
 0.00458275
 0.00160458
 0.00854962
  0.0116555
 0.00603633
  0.0135447
  0.0018018
0.000400143
 0.00432604
 0.00649035
  0.0144888
 0.00435893
 0.00257861
 0.00420863
 0.00359682
 0.00556935
 0.00476073
  0.0105821
 0.00126604
  0.0200494
 0.00817789
 0.00182195
  0.0154494
0.000300033
0.000355267
 0.00168213
 0.00376628
 0.00414517
  0.0109471
  0.0120894
 0.00875411
 0.00736843
  0.0125546
   0.023709
0.000542685
  0.0112415
  0.0124016
  0.0097978
  0.0105019
 0.00354022
  0.0010431
 0.00386064
 0.00926902
 0.00291404
 0.00463814
  0.0183996
 0.00257838
 0.00461698
 0.00153379
 0.00226002
0.000666699
  0.0105704
 0.00800666
 0.00460475
  0.0216304
  0.0118126
  0.0115339
 0.00429718
 0.00393116
 0.00247392
 0.00987286
 0.00374788
 0.00427112
 0.00678989
  0.0171578
 0.00230556
 0.00274352
 0.00629278
 0.00819226
 0.00465705
 0.00605308
 0.00311566
 0.00978144
 0.00472159
 0.00265368
 0.00579686
 0.00568082
  0.0129394
 0.00224848
 0.00989358
  0.0106441
  0.0102496
 0.00416515
 0.00246947
 0.00869726
  0.0147762
 0.00467772
 0.00509014
 0.00374617
 0.00282655
 0.00425356
0.000114687
 0.00112876
 0.00398214
 0.00401129
 0.00315211
 0.00241224
  0.0140451
  0.0161915
  0.0125384
  0.0092528
 0.00321074
 0.00783802
 0.00781522
 0.00574263
   0.016938
 0.00735769
0.000587405
  0.0101938
 0.00821748
 0.00993381
 0.00527867
 0.00441821
 0.00869707
 0.00722173
0.000785991
  0.0100292
 0.00591939
 0.00408558
  0.0048819
  0.0117358
 0.00754279
0.000817827
  0.0158838
 0.00670542
  0.0216807
  0.0237454
 0.00503397
 0.00299751
  0.0054222
 0.00015116
  0.0143559
 0.00984122
  0.0161957
  0.0134441
  0.0140074
  0.0139932
 0.00329697
  0.0184276
 0.00255843
   0.009868
  0.0234352
 0.00845906
  0.0155978
  0.0126111
 0.00335887
  0.0126413
  0.0125077
 0.00349628
 0.00247204
 0.00632948
   0.013723
  0.0163962
 0.00618425
  0.0135547
  0.0110063
 0.00815078
 0.00424808
 0.00479669
 0.00660042
  0.0149386
  0.0191505
  0.0135191
 0.00279447
 0.00136063
 0.00612624
 0.00842523
  0.0063655
0.000866204
 0.00249927
 0.00136994
 0.00287124
  0.0143571
  0.0164878
   0.013636
  0.0182415
  0.0166038
  0.0111676
  0.0170065
  0.0128347
  0.0105813
  0.0154092
  0.0123531
  0.0076532
 0.00103577
 0.00576626
  0.0193402
  0.0195048
  0.0184517
  0.0202955
  0.0234197
  0.0200503
  0.0137439
  0.0130748
  0.0108189
  0.0114022
  0.0103505
   0.010676
 0.00823952
  0.0172122
  0.0143449
 0.00156185
  0.0136984
  0.0179701
  0.0184833
   0.017402
  0.0146761
    0.01234
  0.0133742
 0.00796438
  0.0191725
  0.0148354
  0.0531638
  0.0148363
 0.00697414
  0.0117665
   0.016779
 0.00319339
 0.00926744
  0.0136603
 0.00430813
 0.00732386
   0.003315
  0.0103116
0.000887053
 0.00428944
 0.00342132
  0.0132465
  0.0104599
  0.0279587
 0.00336643
  0.0154964
  0.0133929
0.000681484
 0.00333146
  0.0228623
  0.0219826
  0.0145078
 0.00555119
  0.0097501
 0.00206843
 0.00166437
 0.00593553
 0.00924686
 0.00245292
  0.0137158
  0.0109055
 0.00817337
 0.00823933
 0.00286181
  0.0209221
  0.0114375
  0.0161753
  0.0195086
 0.00551625
   0.016389
  0.0138107
  0.0215139
  0.0228947
  0.0162619
  0.0179122
  0.0140937
0.000799968
  0.0107553
0.000276877
 0.00312643
  0.0153072
  0.0113813
 0.00143879
  0.0176517
  0.0040404
  0.0024535
 0.00248509
  0.0132816
  0.0009791
 0.00312084
 0.00604186
  0.0177595
  0.0118903
  0.0117064
 0.00833206
  0.0157987
  0.0138714
    0.02478
   0.012543
0.000925557
  0.0103109
0.000676886
  0.0183593
  0.0185864
  0.0190331
 0.00450561
  0.0233083
  0.0213772
  0.0168254
  0.0254821
  0.0100426
  0.0127306
  0.0154911
  0.0147979
 0.00423714
 0.00871699
  0.0123933
  0.0134441
  0.0141907
  0.0137138
 0.00282258
  0.0221591
 0.00496114
   0.013927
   0.011892
  0.0148686
0.000237941
  0.0200906
 0.00541166
  0.0149686
  0.0249741
  0.0177033
 0.00345066
  0.0176602
  0.0267225
  0.0134729
 0.00174672
  0.0251374
  0.0174496
  0.0141087
   0.024373
  0.0227235
 0.00728948
  0.0169058
  0.0163417
  0.0150967
  0.0132832
  0.0233264
  0.0211112
0.000808141
 0.00193408
 0.00544911
 0.00345073
   0.023598
  0.0116229
 0.00442033
  0.0157639
 0.00451273
  0.0139898
  0.0288442
  0.0244978
   0.014941
  0.0196247
  0.0152987
  0.0109203
  0.0143068
  0.0184308
  0.0184761
 0.00424168
  0.0125513
  0.0140764
0.000528291
  0.0204046
 0.00273145
  0.0235228
  0.0216516
  0.0282367
  0.0272289
 0.00607867
  0.0155918
 0.00301106
  0.0172348
  0.0114364
  0.0131007
 0.00742664
  0.0167074
  0.0156817
  0.0148817
 0.00177062
 0.00259868
  0.0123001
  0.0237074
  0.0223852
  0.0217546
  0.0283037
  0.0273503
 0.00734136