  0.0212623
   0.012463
0.000598485
 0.00431941
 0.00445438
  0.0162353
  0.0101425
  0.0151628
 0.00905471
  0.0103199
 0.00657401
 0.00230417
 0.00721015
 0.00689183
  0.0053478
 0.00608283
 0.00842563
 0.00625739
 0.00270677
  0.0034763
 0.00885509
 0.00614442
 0.00660169
 0.00722862
  0.0112457
  0.0163755
  0.0145615
  0.0171223
 0.00256585
 0.00284621
  0.0105294
 0.00340022
 0.00326887
0.000691249
  0.0107783
  0.0142784
  0.0130408
  0.0107965
  0.0124115
  0.0141725
  0.0167442
 0.00488361
 0.00610455
 0.00383344
  0.0173074
 0.00236734
 0.00388834
 0.00380016
 0.00761743
 0.00453708
 0.00298021
 0.00820632
 0.00261728
 0.00280273
 0.00161662
     0.0253
 0.00226052
 0.00681688
0.000470188
0.000718615
 0.00203895
 0.00208124
 0.00298998
  0.0143156
 0.00365864
 0.00243524
 0.00408082
  0.0061445
 0.00227999
0.000383986
0.000866727
  0.0018493
 0.00151508
 0.00254673
 0.00152769
 0.00297696
 0.00059218
 0.00149308
3.31975e-05
0.000390473
  0.0019803
 0.00450386
 0.00240927
  0.0039782
 0.00445573
0.000863059
 0.00232466
 0.00348192
0.000657639
 0.00156231
0.000112764
 0.00574313
 0.00558309
1.99654e-05
0.000217342
 0.00153023
 0.00517628
 0.00943513
 0.00284706
  0.0197278
  0.0200177
3.84332e-05
0.000739063
  0.0054897
  0.0111193
 0.00910499
  0.0102316
 0.00533783
 0.00957759
 0.00869243
  0.0114332
0.000983532
 0.00173568
  0.0117915
 0.00999559
 0.00371214
 0.00349315
 0.00426788
 0.00743121
 0.00622097
 0.00107502
 0.00202921
   0.005023
  0.0065285
 0.00100796
  0.0113795
   0.001769
  0.0126129
 0.00523166
1.14665e-05
   0.026787
 0.00468766
 0.00344396
 0.00125828
0.000273612
 0.00563222
  0.0272937
 0.00326251
  0.0154661
 0.00949745
 0.00436728
 0.00914167
 0.00532679
 0.00114461
 0.00339295
 0.00125405
  0.0146628
  0.0117355
0.000251668
  0.0069738
 0.00364646
 0.00578012
 0.00400282
  0.0146923
 0.00130311
 0.00165798
  0.0156679
 0.00434916
0.000169574
 0.00037321
0.000387005
 0.00344377
 0.00186863
 0.00657425
 0.00554734
 0.00120699
0.000410762
  0.0127547
  0.0131222
 0.00100975
 0.00125446
    0.02022
 0.00588635
0.000715054
0.000789248
 0.00132758
0.000900378
  0.0212843
  0.0158065
 0.00166983
 0.00295037
 0.00720356
  0.0188576
0.000184454
 0.00301623
  0.0110287
  0.0026153
0.000139955
 0.00251687
 0.00863467
  0.0023392
 0.00706812
 0.00725043
 0.00229243
 0.00411008
0.000100894
 0.00439176
0.000583912
  0.0116478
 0.00719125
0.000407222
  0.0010956
 0.00152599
  0.0025333
 0.00771781
  0.0147869
 0.00996049
 0.00773611
 0.00700319
 0.00123118
 0.00107473
0.000288679
  0.0197289
 0.00210811
 0.00396573
 0.00519808
 0.00190967
0.000240309
 0.00252833
  0.0108108
 0.00584805
 0.00537081
 0.00864872
 0.00394106
0.000766728
0.000166822
 0.00775595
 0.00536355
 0.00506797
   0.019845
  0.0126716
 0.00431522
 0.00788259
0.000931342
0.000211207
0.000300117
 0.00629294
 0.00131689
 0.00107177
 0.00569812
 0.00176593
 0.00264126
  0.0028857
 0.00690539
 0.00127382
0.000482235
  0.0114393
  0.0106208
   0.001053
 0.00394027
 0.00171342
 0.00260235
  0.0205261
 0.00135171
0.000157154
0.000454775
0.000171628
 0.00175177
 0.00186198
 0.00116788
 0.00326989
 0.00980903
 0.00328889
 0.00104339
 0.00217543
 0.00127191
 0.00128091
 0.00438685
 0.00270797
0.000851557
  0.0268495
 0.00333889
0.000646348
 0.00365133
    0.03165
0.000326381
 0.00133917
 0.00518335
 0.00363029
 0.00131812
  0.0198533
    0.01314
 0.00321538
 0.00720475
  0.0138697
 0.00660372
 0.00332897
1.27049e-05
  0.0105766
   0.011589
 0.00503015
  0.0040363
 0.00570372
 0.00980963
 0.00897228
 0.00165044
0.000513485
 0.00722814
  0.0134265
  0.0317011
  0.0020775
4.59436e-05
 0.00457009
 0.00285049
 0.00353812
 0.00147427
0.000368119
 0.00476742
 0.00319022
  0.0104871
  0.0187971
 0.00676832
  0.0131973
 0.00244737
6.94281e-05
 0.00116738
 0.00830182
 0.00269207
 0.00734947
 0.00514833
 0.00360526
0.000500079
 0.00110818
 0.00107177
   0.019636
 0.00256119
 0.00635418
  0.0014204
 0.00784873
 0.00946102
0.000181314
   0.001314
 0.00792572
0.000329198
  0.0128341
  0.0101957
0.000567107
 0.00659688
0.000478871
 0.00205925
 0.00126194
  0.0127315
 0.00255543
 0.00118376
  0.0046692
 0.00406602
  0.0238493
 0.00394369
 0.00239205
  0.0091591
  0.0118223
 0.00050512
0.000606779
 0.00135675
 0.00370169
0.000738235
 0.00107564
  0.0128843
  0.0093646
 0.00677781
 0.00375858
0.000262956
0.000237492
0.000703725
 0.00090486
 0.00118546
 0.00438326
0.000258352
 0.00497839
    0.00456
  0.0085447
0.000733199
 0.00217672
 0.00106974
 0.00670108
  0.0033017
 0.00545328
0.000422164
  0.0367258
 0.00470262
  0.0116627
  0.0370398
 0.00367141
  0.0246871
 0.00304257
  0.0147478
  0.0394731
0.000977308
 0.00266566
  0.0118805
 0.00866679
  0.0023454
  0.0128449
 0.00866861
   0.021945
 0.00557091
 0.00523696
 0.00344812
 0.00429759
   0.003418
  0.0141742
 0.00581356
  0.0120729
 0.00173501
  0.0030283
0.000907776
0.000926325
0.000777686
  0.0108441
 0.00458678
  0.0120632
  0.0118038
 0.00414691
  0.0146204
0.000108791
 0.00246925
0.000783103
0.000397262
 0.00201968
  0.0165348
 0.00158365
 0.00435844
  0.0125832
 0.00968317
 0.00628367
 0.00428896
   0.022979
 0.00262879
 0.00182217
 0.00305865
 0.00862294
 0.00148847
  0.0112003
 0.00898459
 0.00236847
   0.011241
 0.00402124
  0.0387433
 0.00155015
 0.00302682
  0.0095172
 0.00326546
 0.00289204
  0.0035295
 0.00118468
 0.00825691
 0.00516896
 0.00138285
   0.016546
 0.00458678
 0.00044394
 0.00622448
  0.0014097
 0.00707637
 0.00649802
 0.00504282
  0.0292862
 0.00483969
 0.00466859
  0.0050307
  0.0046467
 0.00149536
 0.00637641
  0.0051688
 0.00496774
 0.00397116
 0.00239624
 0.00217352
  0.0021664
 0.00148944
 0.00149486
  0.0085283
  0.0168981
 0.00896073
 0.00215109
  0.0103959
  0.0181298
  0.0068611
 0.00740907
  0.0069628
 0.00111376
 0.00371132
  0.0183227
 0.00633015
  0.0103172
  0.0256915
 0.00516245
  0.0260389
  0.0153292
 0.00122891
 0.00431303
 0.00296378
  0.0372074
0.000257622