  0.0467887
  0.0265052
  0.0503927
  0.0220228
  0.0245782
  0.0113148
   0.087544
  0.0137852
 0.00655705
 0.00611188
 0.00305738
  0.0521405
  0.0375928
  0.0100764
 0.00664638
  0.0237516
  0.0322634
  0.0313924
  0.0121229
 0.00255328
 0.00385665
 0.00717047
 0.00686163
 0.00829152
  0.0217685
  0.0121479
 0.00873142
 0.00958486
  0.0159531
  0.0182273
 0.00824166
 0.00466863
 0.00917028
 0.00467034
 0.00528193
 0.00849059
  0.0269063
0.000329254
  0.0132575
  0.0311283
 0.00754894
  0.0277002
  0.0270575
 0.00115087
0.000322028
 0.00316447
  0.0143096
  0.0298646
  0.0224568
0.000811305
 0.00395161
0.000148204
 0.00368174
  0.0122509
  0.0028944
 0.00194719
 0.00724824
 0.00153608
 0.00612436
 0.00250538
 0.00961891
  0.0246196
  0.0054657
  0.0226442
   0.010358
  0.0247442
  0.0139474
  0.0081987
 0.00804381
 0.00613398
   0.015715
  0.0223468
  0.0364531
  0.0405984
   0.004159
  0.0108849
 0.00964973
  0.0238779
 0.00348891
0.000980238
  0.0100781
 0.00910063
  0.0108937
  0.0388006
  0.0147659
 0.00039218
 0.00344594
   0.011003
 0.00316651
 0.00790637
 0.00810518
 0.00645371
 0.00100263
 0.00895272
  0.0102634
0.000520002
  0.0145338
  0.0123047
  0.0135102
  0.0164602
   0.014951
0.000635738
 0.00198974
0.000397498
 0.00953101
  0.0111991
  0.0112309
  0.0021241
  0.0113867
  0.0142213
 0.00593731
 0.00968648
 0.00815818
 0.00779257
  0.0145458
 0.00854958
  0.0168507
 0.00447403
0.000438559
  0.0161528
  0.0100111
  0.0114099
 0.00862358
 0.00815861
  0.0107173
 0.00844725
 0.00810561
  0.0205888
 0.00391356
 0.00149996
  0.0063157
  0.0156719
 0.00454328
 0.00455222
 0.00102626
 0.00746452
 0.00115734
  0.0189173
  0.0236247
  0.0103857
  0.0119491
  0.0169155
 0.00869352
  0.0143448
 0.00169284
  0.0089204
 0.00250115
  0.0178023
  0.0115142
 0.00917433
  0.0138961
  0.0128659
  0.0182436
  0.0148422
 0.00688211
 0.00714034
 0.00195165
 0.00246913
   0.010412
  0.0129155
  0.0858258
  0.0144872
 0.00946505
  0.0109034
  0.0231825
  0.0267913
  0.0177551
 0.00674526
  0.0112534
  0.0149093
  0.0246473
  0.0115754
  0.0129552
 0.00745992
  0.0331802
 0.00124337
 0.00896194
 0.00778433
  0.0104449
 0.00220249
  0.0126436
 0.00725694
  0.0088577
 0.00895588
 0.00140462
 0.00943557
  0.0161199
  0.0132389
 0.00506495
  0.0257804
  0.0163715
0.000250228
 0.00741256
  0.0107528
 0.00588843
  0.0131239
0.000520656
 0.00291487
 0.00118141
 0.00686556
 0.00957923
 0.00870548
 0.00226728
  0.0109543
  0.0154804
  0.0113367
  0.0296237
 0.00916565
 0.00544145
  0.0155209
  0.0121308
  0.0250093
  0.0142766
  0.0120262
  0.0124097
 0.00921998
  0.0120071
 0.00860884
 0.00627941
 0.00848065
  0.0125155
 0.00688183
0.000855201
 0.00945994
 0.00101429
  0.0134614
 0.00721811
  0.0200687
  0.0138081
 0.00385256
 0.00938738
 0.00953868
   0.012245
  0.0122504
 0.00319688
   0.013777
 0.00825051
 0.00793672
 0.00765683
  0.0350631
 0.00663481
 0.00946826
  0.0167332
 0.00301822
  0.0139748
 0.00737639
 0.00733753
  0.0303219
 0.00665062
 0.00242555
0.000198629
  0.0336751
  0.0106174
  0.0219438
 0.00227566
   0.013763
 0.00782074
0.000460256
 0.00662387
 0.00623832
   0.010205
 0.00868752
 5.2866e-05
 0.00445998
  0.0095738
  0.0143439
  0.0142937
  0.0108297
  0.0163252
  0.0140904
 0.00957268
  0.0305395
 0.00742114
   0.006068
  0.0115267
  0.0122979
  0.0224267
  0.0083309
  0.0109383
  0.0126887
  0.0141133
  0.0112734
  0.0870427
  0.0127659
 0.00987357
  0.0116647
   0.012822
 0.00460128
  0.0130841
  0.0108766
 0.00698889
 0.00109334
  0.0202925
  0.0105915
  0.0175347
  0.0114227
  0.0106407
  0.0181467
  0.0292005
  0.0044314
   0.022311
 0.00248451
  0.0140184
 0.00823295
  0.0123317
 0.00536494
 0.00843921
   0.009302
  0.0143651
 0.00761379
  0.0157045
  0.0161589
0.000144809
  0.0122614
 0.00995417
 0.00474235
  0.0127898
  0.0112337
  0.0100386
 0.00754556
  0.0121429
  0.0155276
 0.00531567
  0.0110713
  0.0123317
 0.00713557
   0.011036
  0.0120944
  0.0107376
 0.00404347
 0.00449952
 0.00826844
  0.0143234
  0.0174885
  0.0139956
  0.0161459
  0.0159127
 0.00967107
   0.008156
  0.0143932
   0.017431
  0.0037577
  0.0136562
 0.00460707
 0.00235661
   0.010531
 0.00557569
 0.00482117
  0.0202044
 0.00949743
  0.0214269
  0.0045699
  0.0110116
 0.00340679
  0.0151047
  0.0125909
  0.0115086
  0.0163574
  0.0126126
 0.00598884
 0.00552979
  0.0133216
  0.0162915