  0.0325978
  0.0267494
  0.0157608
  0.0203187
  0.0124533
  0.0334231
  0.0137157
  0.0267012
  0.0453124
  0.0204201
  0.0027326
 0.00740195
  0.0238144
  0.0269806
  0.0328094
  0.0117474
  0.0521485
  0.0162286
 0.00978583
 0.00345163
  0.0315885
  0.0018556
0.000531279
  0.0372491
  0.0186757
  0.0281297
  0.0324744
  0.0515082
  0.0312317
  0.0171215
0.000553183
 0.00726027
  0.0217916
  0.0535661
  0.0289933
  0.0555502
 0.00860949
  0.0254678
   0.030954
  0.0326143
  0.0359729
  0.0240271
  0.0258273
  0.0240654
  0.0152796
 0.00883587
 0.00818097
  0.0193858
 0.00588922
  0.0217732
 0.00431493
 0.00342024
 0.00621486
   0.011678
  0.0230155
  0.0307604
  0.0336462
  0.0202481
   0.052066
  0.0273216
  0.0217656
 0.00498661
  0.0213167
  0.0058546
  0.0052565
 0.00274556
  0.0157454
  0.0113343
  0.0154184
 0.00515996
  0.0193148
 0.00132694
   0.016827
  0.0200295
  0.0103207
 0.00390994
  0.0203371
  0.0109085
0.000183091
 0.00276853
  0.0283003
 0.00674998
  0.0041487
  0.0193225
  0.0102777
  0.0153401
   0.030232
  0.0121252
 0.00936677
  0.0034088
 0.00636922
 0.00973294
  0.0128827
  0.0321016
 0.00210326
 0.00664407
 0.00799245
 0.00669341
 0.00072837
  0.0240279
  0.0148504
  0.0410694
 0.00623236
  0.0568561
   0.056844
  0.0077899
  0.0160818
0.000906383
  0.0330279
  0.0182901
  0.0146476
  0.0516926
 0.00838543
 0.00290405
  0.0315943
 0.00151476
 0.00652878
  0.0020593
  0.0124329
  0.0159168
 0.00478831
0.000436497
 0.00322614
  0.0038643
  0.0119583
  0.0109976
  0.0110147
 0.00336874
 0.00624882
  0.0269571
0.000876356
 0.00600584
 0.00248219
  0.0138879
  0.0157207
0.000552713
0.000202612
8.40514e-05
 0.00406765
 0.00535719
   0.016108
 0.00914973
  0.0152333
 0.00785959
  0.0173128
  0.0142305
 0.00297626
  0.0170007
  0.0127941
 0.00664485
 0.00411499
  0.0272665
  0.0271281
  0.0200628
  0.0175098
  0.0378461
  0.0320218
 0.00663371
 0.00453834
  0.0135892
 0.00449389
 0.00578094
 0.00555712
 0.00862706
 0.00249355
 0.00817391
  0.0304185
  0.0223474
 0.00174543
 0.00208026
  0.0180754
 0.00114132
 0.00138466
  0.0147087
 0.00699915
  0.0120575
  0.0127774
  0.0111815
0.000164335
 0.00311984
 0.00367151
  0.0126387
 0.00933206
 0.00923096
 0.00934814
  0.0143976
 0.00995801
   0.012261
  0.0123721
  0.0102056
  0.0356339
  0.0152374
  0.0064666
 0.00397978
  0.0112533
 0.00256516
  0.0188213
  0.0166616
  0.0140393
  0.0194018
 0.00399033
 0.00928243
 0.00510674
  0.0116703
 0.00554554
 0.00313797
  0.0239768
  0.0003341
 0.00058797
 0.00442983
 0.00154842
  0.0013769
   0.018761
  0.0283803
  0.0142492
  0.0115243
  0.0155811
0.000313495
  0.0108565
  0.0135645
 0.00494927
   0.013968
0.000850169
 0.00326529
 0.00520392
  0.0553424
 0.00361044
  0.0159371
  0.0115063
 0.00182791
0.000448805
 0.00141811
  0.0135053
 0.00891241
  0.0101465
  0.0164311
 0.00331226
  0.0176595
  0.0141478
  0.0198017
 0.00160887
  0.0258336
 0.00352406
 0.00558491
  0.0266955
  0.0169752
 0.00157611
  0.0129791
 0.00949889
  0.0175515
  0.0199661
  0.0215582
  0.0063641
  0.0283804
 0.00150607
 0.00446806
 0.00514032
  0.0256501
  0.0285748
  0.0119768
  0.0252933
 0.00778642
 0.00623519
 0.00473728
0.000398367
  0.0159255
  0.0038192
  0.0161166
 0.00393341
 0.00837606
 0.00421452
 0.00528685
 0.00456619
 0.00236435
0.000401364
 0.00641546
0.000781171
  0.0187791
 0.00355078
 0.00192157
  0.0100878
 0.00567669
  0.0102906
  0.0115508
  0.0011351
 0.00475964
 0.00846388
 0.00586609
 0.00587473
  0.0103336
 0.00434106
  0.0155608
  0.0054127
  0.0125976
 0.00622743
 0.00303686
 0.00937259
 0.00299456
  0.0005556
 0.00040843
    0.01274
 0.00890902
  0.0201456
  0.0181074
 0.00171485
 0.00489544
 0.00614029
 0.00383762
 0.00118425
 0.00219408
 0.00991388
 0.00291808
     0.0012
  0.0191321
 0.00733391
 0.00720194
  0.0082981
 0.00268509
  0.0056816
 0.00753165
 0.00798892
  0.0181313
 0.00432659
   0.019052
 0.00152855
 0.00227112
 0.00494823
0.000930703
0.000847156
  0.0175946
     0.0235
 0.00120589
0.000855462
  0.0114626
 0.00105819
  0.0123942
 0.00145165
 0.00118042
 0.00585382
  0.0111267
  0.0124958
 0.00804749
 0.00612803
  0.0109854
 0.00950745
0.000394571
0.000351083
  0.0073939
  0.0036148
  0.0017748
 0.00457001
 0.00121264
 0.00764334
4.16339e-05
 0.00500981
  0.0178992
  0.0252279
  0.0112051
 0.00912272
  0.0125593
 0.00940341
 0.00304161
 0.00359057
 0.00183827
 0.00278706
 0.00206626
 0.00980956
   0.013236
  0.0222764
  0.0192481
  0.0137652
 0.00556214
   0.013819
 0.00856915
  0.0627026
  0.0206297
 0.00212521
 0.00108827
  0.0313734
  0.0205477
  0.0221015
  0.0125428
  0.0091473
  0.0113699
 0.00679272
 0.00858405
  0.0106883
 0.00105996
 0.00761768
  0.0193843
 0.00237495
   0.001369
  0.0014543
  0.0170771
 0.00365212
 0.00512664
  0.0153455
  0.0187615
 0.00200163
 0.00907801
 0.00198099
 0.00627698
  0.0111135
 0.00121921
 0.00363317
  0.0102398
  0.0120444
 0.00839544
  0.0295986
  0.0400153
 0.00703391
  0.0100856
  0.0341191
 0.00125786
  0.0160648
 0.00945253
 0.00901632
  0.0480228
  0.0079394
  0.0119505
 0.00828145
  0.0161406
  0.0247138
 0.00202464
 0.00477005
   0.012568
0.000317212
  0.0285823
  0.0291885
 0.00574537
  0.0352415
   0.024697
  0.0286823
  0.0108553
 0.00315403
  0.0075612
 0.00450651
  0.0169279
  0.0112307
 0.00545427
 0.00346547
  0.0038572
  0.0136789
 0.00500594
 0.00696505
 0.00455062
 0.00149172
  0.0122602
 0.00196693
0.000940453
 0.00849255
  0.0086442
 0.00863954
 0.00711518
  0.0227936
  0.0241691
 0.00294292
 0.00581279
  0.0106582
 0.00347784
  0.0488455
 0.00559396
 0.00492494
0.000713529
  0.0111972
  0.0222874
 0.00143519
  0.0154422
  0.0244293
 0.00591276
 0.00346668
 0.00199024
  0.0115427
 0.00960102
 0.00728754
 0.00289605
  0.0450908
 0.00460865
 0.00862915
  0.0154764
  0.0105512
 0.00329914
 0.00267941
 0.00320724
0.000614265
  0.0250351
 0.00778514
 0.00687212
 0.00867391
 0.00244212
 0.00666245
  0.0247463
  0.0096792
  0.0042885
 0.00991901
  0.0512701
 0.00231255
 0.00279275
 0.00606467
  0.0123423
  0.0149326
  0.0131124
  0.0195339
  0.0219168
  0.0253457
  0.0320616
  0.0379152
  0.0129016
   0.025521
  0.0205316
  0.0462365
 0.00422542
 0.00898688
   0.023729
 0.00333297
 0.00449513
 0.00639111
 0.00239636
 0.00419418
 0.00806921
0.000618519
  0.0171206
  0.0236922
  0.0114271
0.000512424
  0.0261946
 0.00511672
  0.0543021
 0.00966112
 0.00846488
  0.0114515
  0.0101763
 0.00417033
 0.00582791
 0.00856051
  0.0508541
  0.0104825
 0.00300501
 0.00993185
0.000356477
   0.008871
  0.0125263
2.71744e-05
  0.0204389
 0.00622327
  0.0110708
 0.00768352
 0.00430332
  0.0475206
 0.00790622
  0.0137676
   0.010691
0.000598831
 0.00655186
   0.050525
  0.0330496
  0.0011292
  0.0234158
    0.01365
  0.0108474
  0.0114955
 0.00849567
 0.00727529
  0.0297522
  0.0143575
   0.019092
  0.0121764
 0.00582783
 0.00788674
   0.025995
  0.0390948
  0.0141851
  0.0115377
  0.0175151
 0.00898495
 0.00679701
  0.0148436
  0.0295721
  0.0021345
 0.00324901
  0.0184293
  0.0216877
  0.0111999
  0.0146718
  0.0167983
 0.00700802
 0.00396933
  0.0285827
 0.00924102
  0.0194275
 0.00622327
  0.0169127
 0.00254726
 0.00267468
  0.0198586
0.000124205
  0.0193724
  0.0107437
 0.00132726
 0.00526222
  0.0118291
 0.00951079
  0.0264254
 0.00876007
  0.0168333
  0.0183314
  0.0145446
  0.0188154
   0.018444
  0.0187386
  0.0122267
 0.00037229
  0.0103023
  0.0193691
  0.0166131
 0.00160987
  0.0202461
  0.0150265
  0.0262998
  0.0192389
  0.0157487
  0.0133977
  0.0148347
  0.0102471
  0.0100002
 0.00821688
  0.0149018
  0.0122462
 0.00955142
  0.0125121
  0.0163813
0.000363297
 0.00680068
0.000936814
 0.00167534
  0.0111965
   0.013414
   0.013407
  0.0134628
  0.0065993
  0.0228944
  0.0139603
  0.0138511
 0.00799397
 0.00239089
  0.0187633
 0.00750601
  0.0161282
  0.0206132
   0.015562
 0.00958985
   0.021505
  0.0269138
  0.0289975
  0.0247913
  0.0130556
0.000374853
  0.0303209
 0.00942223
 0.00679003
  0.0123336
0.000904084
   0.021922
  0.0123768
  0.0170071
  0.0172485
 0.00425504
 0.00665002
  0.0198474
 0.00630154
  0.0122062
  0.0146317
  0.0139249
 0.00607082
 0.00702578
 0.00618656
  0.0165638
  0.0183517
  0.0101244
 0.00986932
   0.012348
   0.013501
  0.0021405
 0.00648053
 0.00761145
  0.0200403
   0.017024
0.000792153
 0.00474904
 0.00171575
  0.0250345
 0.00870622
   0.011515
 0.00963027
  0.0108567
0.000411022
 0.00611254
  0.0116839
 0.00444743
  0.0137157
  0.0127455
 0.00634091
  0.0104979
 0.00475546
  0.0197997
  0.0213956
  0.0116314
  0.0111618
  0.0218157
 0.00884619
  0.0179091
  0.0014555
  0.0139956
  0.0189076
  0.0165488
  0.0130025
  0.0351113
 0.00865567
  0.0120932
  0.0157266
  0.0147105
  0.0208349
  0.0104032
  0.0295614
 0.00183269
 0.00611423
  0.0065073
  0.0255944
  0.0135842
 0.00671751
   0.032766
  0.0139104
  0.0223263
 0.00345168
  0.0223391
  0.0127612
  0.0174316
 0.00899549
 0.00128974
  0.0190471
 0.00194551
  0.0096418
 0.00748881
  0.0225868
  0.0223179
  0.0181862
 0.00386634
  0.0146437
  0.0112566
  0.0151259
  0.0144305
  0.0156557
  0.0170036
  0.0143436
  0.0189032
   0.023463
  0.0244616
  0.0088452
  0.0179676
  0.0184686
  0.0168836
 0.00976622
    0.02188
    0.01499
   0.021181
  0.0167532
  0.0196795
  0.0183077
  0.0227707
 0.00692237
  0.0108893
  0.0213522
  0.0174275
 0.00242186
0.000298252
 0.00831235
   0.010589
   0.020854
 0.00711869
  0.0159467
  0.0206475
 0.00877469
 0.00806257
    0.02337
 0.00554212
0.000678519
 0.00272082
 0.00857081
 0.00246801
    0.01039
0.000422666
  0.0100185
  0.0084843
  0.0178049
0.000790621
 0.00971059
  0.0105526
  0.0119002
  0.0102929
   0.010208
   0.016457
  0.0239596
  0.0227896
  0.0218052
 0.00229519
  0.0234122
  0.0120254
 0.00960081
  0.0044365
0.000852459
 0.00571493
  0.0201169
0.000867594
  0.0115984
 0.00219402
  0.0218477
     0.0157
 0.00160059
 0.00711076
   0.011661
  0.0102731
  0.0119801
  0.0097843
   0.010604
  0.0122975
 0.00281914
 0.00593486
 0.00393793
 0.00312085
   0.014887
  0.0255526
 0.00940557
  0.0228687
  0.0141673
  0.0135912
  0.0123264
  0.0267403
0.000973417
  0.0267427
 0.00500839
 0.00778472
  0.0183291
  0.0237821
  0.0052398
 0.00258539
 0.00712823
  0.0201315
 0.00962965
  0.0083925
0.000863526
  0.0152609
 0.00169805
  0.0132298
  0.0186755
 0.00628811
  0.0143799
  0.0106822
  0.0136458
  0.0027185
 0.00763996
 0.00314215
  0.0132832
  0.0160015
  0.0101372
 0.00452505
 0.00350276
  0.0138881
  0.0116514
  0.0192191
  0.0151136
 0.00632738
  0.0228634
 0.00171328
 0.00504348
  0.0206778
  0.0072192
 0.00198478
0.000236355
  0.0018533
   0.018717
 0.00322136
  0.0125074
  0.0140476
  0.0162982
0.000104665
 0.00423279
 0.00421018
0.000676832
 0.00699853
 0.00598602
  0.0295605
  0.0180484
  0.0170226
  0.0176367
  0.0127957
  0.0208781
 0.00191043
   0.011106
  0.0119117
 0.00370742
 0.00695389
 0.00275876
  0.0183257
 0.00254963
 0.00040738
 0.00244476
  0.0107014
  0.0117979
  0.0101777
  0.0143965
  0.0102286
  0.0137826
  0.0047913
  0.0154419
 0.00881092
 0.00648536
   0.011065
  0.0113872
 0.00880415
 0.00950791
 0.00183269
   0.011281
  0.0122479
 0.00607388
0.000822242
 0.00521602
   0.010417
   0.014681
  0.0142428
  0.0118169
  0.0036048
0.000730664
 0.00446159
 0.00957783
 0.00168601
  0.0257851
6.49215e-05
  0.0158699
 0.00127275
 0.00415251
 0.00773383
 0.00454197
 0.00518341
 0.00125797
 0.00190004
   0.014735
 0.00673359
 0.00724473
 0.00928358
  0.0153705
  0.0130314
  0.0172528
  0.0136984
 0.00699995
 0.00659066
0.000859593
 0.00552212
 0.00644356
  0.0233128
  0.0115696
   0.014442
  0.0218052
 0.00219434
 0.00219401
  0.0115953
 0.00389351
  0.0110223
   0.014007
 0.00169387
 0.00317264
 0.00317295
 0.00525512
  0.0146926
 0.00652475
  0.0110129
  0.0137046
 0.00375094
 0.00572123
 0.00987738
 0.00986309
 0.00309699
 0.00227675
 0.00764302
 0.00454396
 0.00252497
  0.0251682
  0.0186923
  0.0134037
 0.00977053
 0.00423326
  0.0195563
  0.0199768
  0.0183533
  0.0199148
  0.0246123
  0.0225964
  0.0279391
  0.0118068
  0.0131251
  0.0092003
  0.0221897
  0.0266403
  0.0273175
 0.00658861
  0.0108459
 0.00457012
 0.00639101
0.000918042
 0.00577037
  0.0221634
  0.0108316
 0.00645197
 0.00196245
 0.00974544
 0.00100008
 0.00517573
 0.00685357
   0.019202
  0.0076158
  0.0154422
  0.0121093
  0.0194443
  0.0246043
 0.00791101
 0.00289678
 0.00801948
  0.0229597
 0.00263074
 0.00258846
 0.00139312
 0.00787241
   0.014552
  0.0145024
 0.00634928
 0.00478086
  0.0181505
 0.00182352
 0.00158238
 0.00803378
  0.0110972
 0.00657869
  0.0126712
 0.00947175
 0.00134345
  0.0125046
   0.013698
  0.0066965
 0.00570122
  0.0164925
 0.00189632
  0.0058095
  0.0220828
  0.0191804
 0.00579199
 0.00303634
   0.016492
  0.0199636
 0.00976689
 0.00205398
 0.00337008
 0.00747552
  0.0157927
  0.0279914
 0.00359613
 0.00320675
   0.023312
  0.0196199
  0.0117815
  0.0109835
 0.00468341
 0.00541289
  0.0112667
  0.0124867
 0.00204029
 0.00509721
  0.0163958
  0.0113874
0.000724466
  0.0103068
 0.00268404
  0.0134997
  0.0031542
 0.00574684
 0.00862937
 0.00773176
0.000707439
 0.00405967
 0.00766351
 0.00330074
  0.0122469
 0.00461132
 0.00882855
 0.00740519
  0.0124623
  0.0181701
0.000390452
 0.00181386
 0.00996934
 0.00080257
 0.00198307
 0.00463053
  0.0168315
  0.0225542
  0.0260719
  0.0179145
5.82919e-06
  0.0089879
  0.0088138
  0.0123254
  0.0178047
 0.00301798
  0.0069782
 0.00214039
0.000685701
 0.00134265
 0.00183704
 0.00384392
 0.00943142
 0.00519955
 0.00587194
  0.0156774
 0.00111733
 0.00155763