 0.00608913
 0.00884141
 0.00582329
 0.00209376
 0.00366616
 0.00128929
 0.00549438
   0.014529
  0.0254753
  0.0118312
 0.00224003
 0.00159927
 0.00185985
 0.00353337
 0.00672748
  0.0402811
 0.00804415
 0.00399534
0.000985346
 0.00367973
 0.00141305
 0.00324406
 0.00164749
 0.00467558
 0.00795592
 0.00564825
  0.0140638
 0.00962005
  0.0330045
  0.0030481
  0.0019931
0.000317577
 0.00750764
 0.00122644
 0.00317148
  0.0401533
  0.0385977
  0.0160899
 0.00769458
  0.0045679
 0.00412621
0.000185387
 0.00416113
 0.00199121
   0.003623
  0.0050702
 0.00527079
 0.00168395
 0.00332042
 0.00350275
 0.00498096
 0.00843776
 0.00553802
 0.00218177
  0.0035397
 0.00461261
 0.00847982
  0.0358446
  0.0138323
 0.00269694
0.000760769
 0.00477309
 0.00645764
   0.010053
 0.00654973
 0.00797139
  0.0233132
 0.00796805
 0.00662207
  0.0139711
 0.00053161
  0.0205233
 0.00695524
 0.00196428
 0.00544221
 0.00401035
 0.00328308
 0.00839653
 0.00376592
 0.00575203
  0.0140309
 0.00263908
0.000479613
0.000970958
  0.0013861
  0.0059348
 0.00429767
  0.0111699
 0.00694692
  0.0037842
 0.00200568
 0.00205381
 0.00311596
0.000418325
 0.00420331
 0.00324655
0.000196218
   0.000247
 0.00175091
 0.00408053
 0.00273269
  0.0100134
 0.00257425
 0.00720859
0.000653667
 0.00415943
  0.0170413
0.000875283
 0.00234252
  0.0039097
 0.00846667
0.000772991
 0.00521838
 0.00539676
 0.00253351
 0.00174202
0.000770931
 0.00318322
  0.0118404
0.000618594
0.000704767
 0.00295241
 0.00408401
 0.00182938
  0.0128682
 0.00284231
 0.00756486
0.000591043
 0.00766589
 0.00121297
 0.00197554
  0.0026721
 0.00797925
 0.00427966
 0.00450136
0.000905225
 0.00806158
 0.00297675
 0.00408906
 0.00570974
0.000124616
 0.00060287
 0.00667514
0.000474094
0.000583117
 0.00164409
 0.00355163
  0.0069321
0.000708048
0.000851738
 0.00452443
 0.00460561
  0.0052728
 0.00917218
 0.00439314
 0.00339344
 0.00533827
0.000517082
 0.00292559
  0.0128902
 0.00390072
 0.00334722
  0.0109015
  0.0014679
 0.00268705
0.000362264
0.000108461
 0.00586037
 0.00391964
 0.00205311
 0.00207988
 0.00513342
 0.00212304
 0.00677304
 0.00293275
 0.00147561
 0.00775747
  0.0058316
  0.0101557
 0.00277561
 0.00190761
 0.00104821
 0.00696171
  0.0326761
 0.00279642
 0.00308918
  0.0137206
 0.00105406
0.000538629
 0.00412522
 0.00259991
 0.00899721
  0.0295761
 0.00564472
  0.0050333
 0.00696465
0.000248355
 0.00378183
 0.00471262
 0.00442753
 0.00557395
 0.00670039
 0.00959662
 0.00078654
 0.00482228
 0.00407087
 0.00296018
 0.00140797
 0.00257217
 0.00330135
 0.00344985
0.000226216
 0.00264164
 0.00117348
0.000876318
  0.0159769
  0.0255388
 0.00830128
 0.00893999
 0.00398796
0.000471915
 0.00806225
  0.0113262
0.000935046
 0.00485677
  0.0253261
 0.00307722
 0.00793537
 0.00459096
 0.00493582
  0.0027671
  0.0152531
 0.00754198
 0.00606111
 0.00319616
 0.00378564
 0.00310609
 0.00633685
 0.00303802
 0.00554823
 0.00348172
 0.00292969
  0.0084217
 0.00826184
 0.00625758
 0.00448455
 0.00470396
  0.0107163
 0.00205558
  0.0127902
 0.00764464
 0.00241445
5.72155e-05
0.000326812
 0.00119559
 0.00650283
  0.0032581
 0.00175465
0.000106491
 0.00449126
 0.00533823
  0.0113923
 0.00828595
 0.00142254
 0.00123653
 0.00255248
 0.00291399
 0.00608797
 0.00298737
 0.00418699
  0.0057508
  0.0048959
 0.00299408
  0.0293753
  0.0107443
  0.0107541
  0.0140299
 0.00376011
 0.00323432
 0.00215343
 0.00627303
 0.00342432
0.000928347
 0.00628955
 0.00633573
  0.0122472
0.000696343
 0.00910077
  0.0037761
 0.00485193
  0.0022874
 0.00289713
 0.00537545
  0.0049277
 0.00698567
  0.0112633
  0.0109946
 0.00289741
 0.00762463
 0.00304806
 0.00521262
0.000820516
  0.0104034
 0.00664642
 0.00250874
 0.00632069
 0.00137936
 0.00210169
 0.00296595
0.000545328
0.000660152
 0.00914882
 0.00838154
 0.00594856
  0.0119545
   0.011632
 0.00628692
 0.00297722
 0.00328322
0.000717061
 0.00375046
  0.0165366
 0.00351355
  0.0127494
 0.00582911
  0.0015839
  0.0081626
5.78725e-05
 0.00291737
 0.00201899
 0.00913962
 0.00236387
    0.01875
  0.0237675
 0.00565681
 0.00209435
 0.00530546
 0.00363054
 0.00386376
  0.0159474
 0.00732599
  0.0061154
 0.00473313
 0.00160487
 0.00199763
 0.00285526
 0.00628556
 0.00345798
0.000184764
 0.00166521
  0.0118895
  0.0101391
  0.0090637
 0.00266479
0.000965145
   0.011518
 0.00960807
0.000508209
 0.00493743
 0.00848147
 0.00389436
 0.00858754
 0.00785432
 0.00368384
0.000143409
 0.00359522
  0.0129095
  0.0105835
 0.00685906
 0.00159946
 0.00113639
 0.00280489
 0.00100646
  0.0111671
  0.0119802
0.000971201
 0.00329923
  0.0079841
 0.00241611
 0.00657998
 0.00406666
 0.00605946
 0.00248989
 0.00122702
0.000189969
0.000995043
0.000504672
0.000898565
 0.00348475
0.000691188
 0.00445624
  0.0121589
 0.00195983
 0.00213766
  0.0092963
 0.00876029
   0.012481
 0.00884792
 0.00555666
 0.00581317
0.000194431
 0.00434321
 0.00727272
  0.0185881
  0.0211741
 0.00301913
 0.00195101
 0.00898667
 0.00125976
 0.00765674
 0.00811245
 0.00522323
   0.012051
 0.00232108
0.000264466
0.000520667
 0.00967156
  0.0218082
  0.0228313
  0.0119553
 0.00206028
 0.00376663
 0.00555227
0.000779523
 0.00318615
  0.0105883
  0.0086665
 0.00322309
 0.00215387
 0.00163689
 0.00191707
 0.00296046
 0.00613211
 0.00288815
 0.00748368
 0.00780711
 0.00108049
  0.0052696
   0.010173
 0.00579166
  0.0120747
 0.00598389
 0.00292691
 0.00378193
 0.00142401
 0.00186292
  0.0133393
  0.0201655
  0.0112707
 0.00925244
 0.00669645
 0.00591465
 0.00498894
 0.00234545
 0.00210594
 0.00294593
 0.00222361
 0.00410992
  0.0238403
 0.00510882
 0.00370179
 0.00317676
 0.00442077
  0.0105541
 0.00142065
 0.00107522
 0.00855485
0.000121778
  0.0115047
  0.0176863
  0.0222061
  0.0306258
  0.0254103
 0.00229049
  0.0115705
  0.0013708
 0.00310396
 0.00193817
 0.00340008
  0.0054391
 0.00449309
 0.00748133
 0.00976084
 0.00153273
 0.00302325
 0.00258764
 0.00750875
 0.00985384
 0.00551146
  0.0058786
 0.00478761
  0.0030078
  0.0118154
 0.00994739
 0.00854262
 0.00769405
 0.00473099
 0.00808252
 0.00245767
 0.00271136
0.000644733
  0.0365254
 0.00693256
  0.0030577
  0.0190976
  0.0054984
 0.00132431
 0.00128988
 0.00895645
 0.00756236
  0.0131025
 0.00288639
  0.0119406
  0.0110262
  0.0110304
   0.011984
 0.00563929
 0.00174875
0.000840482
 0.00204079
 0.00582484
  0.0127759
 0.00862078
 0.00698565
 0.00216697
 0.00104862
  0.0053234
0.000490498
 0.00182281
 0.00225781
 0.00735342
 0.00372673
 0.00362069
 0.00199453
 0.00274329
 0.00211938
 0.00436683
  0.0118378
 0.00888021
 0.00677903
 0.00611974
 0.00419185
 0.00526041
 0.00777771
 0.00177419
0.000177337
7.27128e-05
 0.00271579
 0.00163808
  0.0135315
 0.00789783
 0.00254122
 0.00966462
 0.00613395
 0.00473327
  0.0162627
 0.00897632
  0.0104192
  0.0139265
  0.0107736
 0.00704562
  0.0224743
 0.00495336
 0.00194868
 0.00676014
  0.0146439
   0.004144
 0.00104213
 0.00669442
 0.00471034
   0.023759
  0.0365668
  0.0106785
  0.0119561
  0.0119922
  0.0166359
  0.0206166