  0.0118401
  0.0131333
  0.0118519
  0.0101853
  0.0156945
 0.00377975
  0.0079773
 0.00632272
 0.00521728
  0.0132543
  0.0138443
 0.00619919
 0.00489674
0.000737578
 0.00856791
 0.00339336
 0.00595149
 0.00358063
  0.0213927
 0.00127882
0.000882251
  0.0233142
 0.00325299
 0.00366958
 0.00116671
 0.00302346
 0.00187171
 0.00559626
  0.0107897
  0.0043958
  0.0064697
   0.016056
  0.0231106
 0.00406901
 0.00494806
  0.0022449
  0.0105256
  0.0144841
 0.00802819
 0.00727174
 0.00762939
   0.010562
  0.0132983
  0.0108491
 0.00667927
 0.00453732
 0.00787171
 0.00908675
  0.0100018
  0.0156315
   0.010214
  0.0113684
 0.00521029
  0.0141173
   0.014514
 0.00348991
  0.0103204
   0.017961
  0.0145692
 0.00486727
  0.0115916
  0.0098641
   0.011327
  0.0032795
   0.015401
 0.00370629
  0.0085427
 0.00183478
 0.00989058
 0.00363683
 0.00550855
  0.0106988
 0.00740919
  0.0153849
  0.0102585
  0.0147804
  0.0142391
  0.0157204
  0.0105321
  0.0148532
 0.00447931
  0.0149003
 0.00682777
 0.00266663
 0.00683572
   0.012355
  0.0103496
   0.009206
 0.00290402
 0.00997799
  0.0117683
  0.0217268
  0.0100687
 0.00257787
 0.00678534
 0.00411757
 0.00072233
 0.00710156
  0.0246783
 0.00626401
 0.00254455
  0.0117152
  0.0160988
   0.024081
  0.0121514
  0.0136704
  0.0073161
 0.00422624
 0.00623811
 0.00574133
 0.00931721
 0.00710462
0.000468391
6.75691e-05
0.000509616
  0.0203135
  0.0162225
   0.015482
 0.00979843
  0.0108762
 0.00409532
 0.00802051
 0.00874407
 0.00202026
 0.00615192
  0.0126739
  0.0113775
 0.00846736
  0.0202095
  0.0156916
 0.00399471
  0.0147757
 0.00838229
 0.00608009
    0.01033
 0.00438782
  0.0146913
  0.0137257
  0.0183332
 0.00229692
  0.0132346
 0.00543781
 0.00898223
 0.00506704
 0.00623621
  0.0112066
  0.0127955
 0.00680434
  0.0104638
  0.0128231
  0.0013773
  0.0203984
0.000239998
 0.00711832
  0.0111136
  0.0116078
  0.0100232
   0.012347
  0.0185144
0.000286108
0.000987384
 0.00848409
  0.0027318
 0.00861859
  0.0144539
  0.0105755
   0.014866
  0.0150775
 0.00808767
 0.00705322
 0.00455827
   0.013636
  0.0119925
   0.011348
 0.00697608
  0.0198578
 0.00860103
 0.00526088
 0.00666896
 0.00887946
  0.0100399
 0.00415723
 0.00277697
 0.00558911
 0.00132189
  0.0024238
  0.0108529
 0.00893785
 0.00885237
 0.00266273
 0.00161779
  0.0196754
  0.0143199
 0.00123963
 0.00496007
  0.0104796
 0.00262646
 0.00128182
  0.0329326
  0.0314945
  0.0213736
  0.0112845
 0.00833665
 0.00420842
  0.0177958
 0.00506046
  0.0129164
  0.0112054
 0.00499486
  0.0122216
 0.00470528
 0.00468468
 1.1059e-05
 0.00441036
 0.00213509
 0.00745914
  0.0114972
 0.00566267
  0.0182897
 0.00147562
 0.00280472
 0.00232971
 0.00896415
   0.012657
0.000924158
  0.0150443
   0.015507
 0.00690376
 0.00176087
 0.00595495
 0.00291747
 0.00507004
  0.0170337
   0.015107
 0.00210276
 0.00459143
  0.0275856
 0.00664929
  0.0105791
 0.00152949
 0.00126588
  0.0033688
 0.00318673
0.000550485
 0.00727188
 0.00081487
 0.00429023
0.000345755
 0.00418854
0.000974337
 0.00849795
0.000357112
8.97467e-06
   0.001723
  0.0141093
 0.00178288
 0.00979654
 0.00735291
  0.0106241
 0.00695875
  0.0104621
 0.00213777
 0.00156483
 0.00513812
 0.00386803
0.000397682
 0.00724643
  0.0042355
 0.00272604
 0.00525862
  0.0129621
 0.00236448
  0.0145432
 0.00428526
   0.002255
  0.0140002
 0.00215201
  0.0136598
  0.0131884
 0.00325313
 0.00497398
  0.0116762
 0.00653057
4.99223e-05
  0.0166352
 0.00775672
0.000536648
   0.010179
  0.0156005
  0.0117548
 0.00411466
 0.00535215
  0.0105316
 0.00759297
 0.00270701
 0.00502781
 0.00315986
 0.00167847
  0.0122925
 0.00761896
0.000736983
 0.00769239
 0.00821101
  0.0287524
  0.0014995
 0.00515641
  0.0114618
 0.00412046
 0.00282531
 0.00144587
 0.00736716
  0.0121918
  0.0121897
 0.00491119
 0.00145876
  0.0205732
  0.0168184
 0.00114997
  0.0064366
  0.0134096
 0.00271089
  0.0036293
 0.00376012
 0.00633947
 0.00189344
 0.00100514
 0.00305094
 0.00376721
 0.00723259
  0.0013983
 0.00192333
 0.00450838
  0.0069128
 0.00139409
  0.0243911
 0.00537062
 0.00029346
 0.00206801
 0.00658522
  0.0102454
  0.0106846
 0.00567751
   0.003032
 0.00999927
0.000307739
 0.00177128
 0.00379509
 0.00510334
  0.0104198
 0.00179064
 0.00136287
 0.00152334
 0.00564573
 0.00391301
 0.00443672
  0.0298204
  0.0110668
0.000708517
 0.00280047
  0.0256231
  0.0169751
 0.00209932
  0.0141511
 0.00129191
  0.0053211
 0.00417886
  0.0189044
  0.0119547
 0.00089414
 0.00557154
 0.00183552
  0.0102764
 0.00929245
  0.0104065
  0.0023145
 0.00723914
 0.00756668
  0.0079218
  0.0107107
  0.0262241
  0.0154408
  0.0183731
 0.00884575
 0.00214838
 0.00682896
  0.0317899
  0.0292648
  0.0208874
  0.0121718
 0.00723127
 0.00370667
 0.00469011
 0.00668932
 0.00302906
 0.00555566
 0.00774392
  0.0125774
 0.00478049
   0.033991
  0.0088317
 0.00900884
 0.00198359
 0.00551822
 0.00153202
 0.00334444
 0.00245131
 0.00625902
 0.00323368
 0.00186215
  0.0072244
 0.00150369
 0.00173584
 0.00926766
  0.0066219
  0.0253485
  0.0228869
  0.0330672
   0.017223
 0.00271374
 0.00230012
 0.00190554
 0.00138812
 0.00432199
  0.0106362
 0.00564547
0.000525502
 0.00789627
 0.00891248
0.000361924
 0.00331866
 0.00892301
0.000817956
 0.00417889
 0.00186948
 0.00511423
 0.00253764
  0.0082044
 0.00905921
 0.00441671
0.000487759
 0.00115799
  0.0353445
  0.0255975
   0.020707
 0.00760901
  0.0147438
 0.00319298
  0.0215143
 0.00812838
   0.013975
 0.00457258
 0.00346863
  0.0103162
  0.0418327
 0.00365371
  0.0177969
  0.0189874
  0.0212733
 0.00381221
   0.010976
0.000731573
  0.0012649
  0.0106008
 0.00907831
  0.0150086
  0.0262231
 0.00339679
  0.0207548
  0.0156136
 0.00595166
 0.00931513
 0.00425682
 0.00237351
  0.0001205
  0.0030703
 0.00101782
0.000409391
  0.0123485
 0.00996704
 0.00218538
  0.0104091
 0.00611837
  0.0227702
  0.0158538
  0.0236608
0.000205315
  0.0111911
  0.0031942
 0.00186864
  0.0067507
 0.00329304
0.000278452
 0.00425251
  0.0116955
  0.0224911
 0.00736585
 0.00398442
 0.00171013
 0.00227178
  0.0137783
  0.0134779
 0.00397136
  0.0106276
 0.00419601
 0.00234799
 0.00235565
 0.00134455
 0.00941279
  0.0025298
 0.00108032
 0.00385789
  0.0436849
 0.00903453
 0.00806224
  0.0279745
  0.0395153
 0.00224417
 0.00292936
 0.00207748
  0.0144639
  0.0191907
   0.012919
  0.0136288
 0.00989591
  0.0132227
  0.0195003
  0.0114455
 0.00670448
 0.00606553
  0.0223604
  0.0135679
 0.00573434
 0.00426588
 0.00141848
 0.00318263
 0.00638779
 0.00750929
   0.013057
 0.00116735
 0.00716107
 0.00293546
 0.00375424
0.000588475
  0.0021265
  0.0112026
  0.0141339
  0.0137022
 0.00262538
 0.00535361
  0.0107106
0.000180577
  0.0339742
 0.00296952
 0.00619697
  0.0104697
 0.00752373
 0.00529971
  0.0318418
  0.0070913
0.000253563
0.000460833
 0.00101995
0.000951898
 0.00158414
 0.00354313
  0.0026923
 0.00231878
 0.00466336
 0.00723914
  0.0116248
 0.00236063
0.000638509
  0.0232312
 0.00620817
 0.00455975
  0.0141108
   0.012966
 0.00364765
  0.0330559
 0.00129126
  0.0209759
 0.00772029
  0.0170837
6.71426e-05
  0.0114248
 0.00404259
  0.0118828
  0.0112663
 0.00508668
 0.00761767
  0.0100661
  0.0128295
  0.0162126
  0.0114674
  0.0156132
  0.0071273
  0.0135261
 0.00282169
0.000598777
 0.00797484
  0.0101868
  0.0327738
 0.00175356
  0.0181569
 0.00431334
 0.00442744
  0.0336523
   0.042428
  0.0295444
 0.00547398
 0.00320223
 0.00181548
0.000841962
   0.015111
   0.025685
  0.0141004
  0.0190549
 0.00140553
 0.00382909
0.000631798
  0.0122865
  0.0111252
  0.0099277
  0.0118777
  0.0120527
0.000456963
0.000664597
 0.00332056
 0.00530916
  0.0130019
 0.00754974
  0.0017567
 0.00971203
  0.0189183
 0.00529391
  0.0277781
  0.0317954
  0.0194785
  0.0334278
  0.0345578
   0.025313
 0.00393574
 0.00111335
 0.00397136
  0.0073389
 0.00730689
 0.00847413
  0.0132462
 0.00394641
 0.00319716
 0.00274262
  0.0160105
   0.015653
   0.001658
 0.00908818
 0.00223811
   0.011194
0.000515536
  0.0315201
  0.0148184
 0.00604643
 0.00382853
 0.00898799
 0.00788629
   0.016678
  0.0211954
  0.0126976
 0.00541956