  0.0094091
 0.00412503
  0.0116824
 0.00789582
 0.00761933
 0.00492121
  0.0165256
 0.00782021
8.76939e-05
0.000302243
  0.0128822
 0.00980384
  0.0142796
   0.010669
  0.0134418
  0.0110166
  0.0109026
 0.00981207
 0.00847924
 0.00375607
 0.00986124
 0.00707453
 0.00151865
 0.00407403
9.52633e-05
    0.01205
 0.00606817
 0.00560893
 0.00850304
 0.00641277
 0.00412306
 0.00571476
 0.00492452
0.000641995
  0.0104038
  0.0156848
  0.0155498
 0.00653201
0.000377969
 0.00475236
 0.00138948
 0.00755065
  0.0246755
  0.0133774
 0.00752823
  0.0030567
 0.00313647
 0.00119519
 0.00135208
 0.00239598
   0.017894
  0.0149631
   0.022111
  0.0366999
  0.0112302
 0.00385409
  0.0102141
  0.0222433
  0.0105792
 0.00535816
0.000467458
0.000648936
  0.0203329
  0.0337125
  0.0169223
 0.00359156
  0.0280996
  0.0330994
  0.0410662
  0.0272864
 0.00715118
 0.00856562
 0.00627414
  0.0104591
  0.0133365
0.000374243
 0.00634153
 0.00644101
 0.00204155
  0.0146297
   0.012789
  0.0133856
0.000568748
 0.00161307
 0.00954624
 0.00103565
  0.0135106
  0.0128225
 0.00668929
  0.0110239
  0.0105818
 0.00991459
   0.010449
 0.00593889
 0.00194709
  0.0117928
0.000539495
 0.00514284
 0.00110529
  0.0060032
 0.00375853
 0.00162195
 0.00663682
  0.0190116
  0.0168091
  0.0123055
  0.0130759
  0.0141466
  0.0132853
  0.0150543
  0.0135723
  0.0107323
  0.0089773
  0.0122309
  0.0120614
0.000429989
 0.00821526
  0.0082516
  0.0106652
  0.0118799
 0.00953213
 0.00819875
0.000766886
 0.00370885
 0.00166217
 0.00475358
  0.0106834
 0.00750445
  0.0113801
 0.00347879
  0.0124486
 0.00639756
  0.0134819
 0.00270579
  0.0136942
  0.0155691
 0.00174211
 0.00630646
 0.00278709
 0.00210134
 0.00238929
 0.00142894
 0.00529177
 0.00490471
 0.00339013
   0.024765
  0.0142206
 0.00615026
 0.00405794
 0.00117448
 0.00176214
0.000550876
  0.0137109
  0.0116722
 0.00989096
0.000822056
  0.0205249
  0.0389415
 0.00136985
 0.00946353
   0.012626
  0.0264547
  0.0179556
 0.00732952
  0.0150015
0.000420153
 0.00544135
  0.0248634
  0.0194074
0.000685696
 0.00282944
 0.00277264
 0.00321222
  0.0302389
  0.0226584
  0.0331935
 0.00019153
  0.0028419
  0.0118325
   0.012694
 0.00478674
   0.013814
  0.0020779
  0.0107449
  0.0120091
  0.0147837
  0.0181033
  0.0213866
 0.00749965
  0.0036357
  0.0108236
  0.0136165
  0.0140964
  0.0104985
   0.013689
  0.0110341
 0.00987745
 0.00880746
  0.0113447
 0.00730668
  0.0100891
 0.00730003
 0.00503344
 0.00541796
   0.010865
 0.00502549
 0.00867678
 0.00331442
  0.0109642
 0.00458058
   0.016751
  0.0198727
  0.0151907
 0.00973961
  0.0179137
 0.00459683
 0.00543309
 0.00472752
  0.0149941
  0.0158454
   0.011387
  0.0141892
  0.0146767
0.000526234
  0.0124608
 0.00800305
 0.00987204
 0.00589327
  0.0175435
 0.00566461
  0.0145841
 0.00765683
  0.0132897
 0.00180854
0.000643743
0.000419689
  0.0183691
  0.0185804
  0.0151442
    0.01501
 0.00225962
 0.00937484
 0.00670167
  0.0131522
 0.00700402
  0.0229666
  0.0315556
  0.0274256
  0.0104432
0.000960367
 0.00370825
 0.00923221
  0.0128811
 0.00289371
 0.00394155
 0.00604284
  0.0378891
  0.0259011
  0.0125929
 0.00761565
 0.00670326
 0.00517174
 0.00497801
  0.0138588
  0.0172252
 0.00735847
 0.00499926
 0.00285344
 0.00515998
  0.0136281
  0.0123598
 0.00525447
  0.0137578
 0.00413428
 0.00645373
 0.00307775
 0.00660709
 0.00662375
  0.0206482
  0.0201768
0.000100104
 0.00326542
 0.00759428
 0.00408178
 0.00515024
  0.0109221
  0.0107028
  0.0140094
 0.00745923
   0.014945
  0.0155631
   0.010851
  0.0124336
 0.00651962
  0.0032353
  0.0116205
 0.00230719
0.000556844
  0.0129577
  0.0109507
   0.015151
 0.00780064
 0.00829871
 0.00605283
  0.0183196
 0.00572587
  0.0061033
  0.0129003
  0.0185934
 0.00158205
 0.00506357
  0.0029678
  0.0131096
0.000490371
 0.00587106
 0.00331698
 0.00729473
 0.00236334
 0.00822998
 0.00907354
 0.00267413
 0.00912006
 0.00904376
  0.0146517
  0.0178634
  0.0108585
   0.037294
   0.025379
  0.0249419
  0.0262541
 0.00614824
 0.00574085
 0.00722479
 0.00696975
 0.00466487
 0.00334068
 0.00224649
 0.00683897
  0.0284264
  0.0209235
  0.0333805
 0.00152996
 0.00262706
  0.0109562
  0.0171349
  0.0078008
 0.00120887
 0.00767188
 0.00174502
0.000818632
 0.00177755
 0.00881377
  0.0121129
 0.00474095
 0.00914198
 0.00698662
  0.0125143
   0.010929
  0.0078996
 0.00428866
 0.00460549
  0.0194662
  0.0126262
  0.0100821
   0.010538
  0.0131013
   0.008607
   0.015603
 0.00594993
 0.00553736
  0.0141953
 0.00930716
  0.0103429
 0.00834123
  0.0158873
  0.0154589
 0.00471318
 0.00291675
   0.011545
  0.0087916
 0.00582724
 0.00300213
  0.0378882
  0.0185292
5.93199e-05
  0.0322689
 0.00028372
 0.00693243
  0.0066562
 0.00729072
 0.00040971
 0.00607249
  0.0269337
 0.00997855
  0.0223191
 0.00352136
    0.01089
 0.00690025
  0.0111981
 0.00261588
  0.0109068
  0.0156968
  0.0179701
  0.0248352
0.000447625
 0.00494414
 0.00692849
 0.00185099
  0.0172385
 0.00855245
 0.00984459
  0.0180934
 0.00953432
  0.0127188
  0.0101219
 0.00125411
0.000637312
  0.0143498
  0.0102557
  0.0152364
  0.0178045
  0.0140215
  0.0114972
  0.0112425
 0.00477103
  0.0068113
 0.00321395
 0.00373712
 0.00205312
  0.0109815
  0.0123783
  0.0111335
 0.00699845
  0.0147116
  0.0189978
  0.0159804
 0.00716874
  0.0103136
  0.0095675
  0.0190804
 0.00396896
 0.00576445
  0.0102021
 0.00937352
  0.0272871
  0.0328182
 0.00940223
 0.00160566
 0.00626112
   0.013995
 0.00915534
 0.00409479
 0.00424468
  0.0189192
 0.00241579
 0.00454435
   0.004587
 0.00947514
 0.00722947
 0.00596625
  0.0100821
 0.00973147
 0.00663112
 0.00206186
 0.00114731
   0.012556
  0.0107965
  0.0121585
 0.00860649
 0.00930913
  0.0110584
 0.00435499
  0.0114814
  0.0113574
 0.00615317
  0.0232784
  0.0250839
  0.0241129
 0.00259612
 0.00648197
 0.00498296
  0.0150518
  0.0178724
 0.00140235
 0.00778324
  0.0107769
  0.0116135
  0.0149052
 0.00212437
 0.00651114
  0.0189498
  0.0120533
  0.0381584
 0.00412502
  0.0165221
 0.00344251
  0.0059956
 0.00702833
 0.00804293
 0.00566541
 0.00185442
  0.0143928
 0.00571157
  0.0102368
 0.00611426
 0.00130167
 0.00770817
  0.0045144
  0.0065734
 0.00498038
  0.0126282
0.000835745
 0.00214543
  0.0110089
 0.00309956
 0.00159005
 0.00757692
 0.00677598
 0.00354042
  0.0025034
 0.00488619
  0.0147077
 0.00863363
 0.00123869
  0.0132325
 0.00748254
  0.0190691
 0.00845279
  0.0021678
 0.00817949
   0.010842
 0.00773888
  0.0182606
 0.00135501
  0.0193241
   0.043162
  0.0368415
 0.00611168
  0.0121238
  0.0020561
   0.011983
  0.0226467
 0.00805281
  0.0128794
0.000457501
  0.0120194
  0.0123456
 0.00747514
  0.0181161
 0.00399309
 0.00239793
    0.02861
 0.00903879
 0.00101323
  0.0043345
   0.013613
 0.00192932
  0.0217025
 0.00037017
  0.0012976
 0.00845735
 0.00171253
  0.0119141
  0.0095056
   0.012716
 0.00841142
 0.00398516
  0.0299133
 0.00633278
  0.0107209
 0.00550158
  0.0125315
 0.00507974
 0.00450808
  0.0164618
  0.0109116
 0.00930323
  0.0281233
 0.00192582
 0.00387945
 0.00225109
  0.0102802
 0.00114564
  0.0214839
  0.0133226
 0.00798752
  0.0063892
  0.0152331
  0.0094355
5.82089e-06
 0.00850216
 0.00903676
 0.00723535
 0.00786151
  0.0108076
  0.0158566
 0.00827247
  0.0319706
  0.0134084
0.000417529
  0.0173888
  0.0146089
 0.00712843
 0.00717777
 0.00445174
 0.00717058
 0.00347126
  0.0140906
 0.00319856
  0.0177749
   0.012304
  0.0048015
 0.00805117
 0.00757116
 0.00985698
  0.0125468
  0.0180444
 0.00771092
 0.00309417
  0.0101328
 0.00354473
  0.0100898
 0.00825422
0.000765286
 0.00272559
 0.00395985
  0.0210974
  0.0208805
  0.0333925
  0.0169751
 0.00968993
  0.0135298
  0.0156978
  0.0171727
 0.00221787
  0.0113262
   0.031515
 0.00196096
 0.00428243
  0.0116282
  0.0195764
  0.0336735
 0.00275688
  0.0180823
6.38013e-05
  0.0115585
 0.00577848
  0.0227334
 0.00146417
 0.00243984
  0.0134166
   0.018396
  0.0104021
 0.00691559
0.000550701
 0.00173129
  0.0190952
  0.0159082
 0.00736963
 0.00591484
0.000326949
   0.011916
  0.0205818
  0.0278293
 0.00721219
 0.00058471
 0.00135473
 0.00240137
  0.0121287
  0.0166588
  0.0319416
 0.00968071
7.41444e-05
 0.00889834
 0.00817595
  0.0114731
  0.0196871
0.000595615
 0.00453416
 0.00820099
   0.039109
  0.0257389
  0.0105498
  0.0156994
0.000642745
   0.012385
  0.0269408
  0.0115086
 0.00050856
 0.00616017
 0.00465248
 0.00572755
  0.0100651
 0.00581718
  0.0083928
  0.0146337
  0.0135414
0.000153602
  0.0184543
 0.00352839
 0.00624484
 0.00273278
 0.00896405
  0.0125521
  0.0105828
  0.0135764
  0.0119182
 0.00984399
 0.00401664
  0.0175104
  0.0149755
  0.0422753
  0.0422359
  0.0403348
  0.0143488
  0.0122454
 0.00457856
 0.00557054
 0.00582286
  0.0125286
  0.0162209
  0.0147566
 0.00474426
  0.0158612
  0.0192433
 0.00687225
 0.00308217
  0.0135057
 0.00349448
 0.00627407
 0.00207271
  0.0222669
  0.0179584
  0.0187601
  0.0078813
  0.0037572