 0.00995654
  0.0314882
  0.0255604
   0.032909
  0.0104483
  0.0125004
  0.0150598
  0.0265238
  0.0265912
  0.0354797
  0.0131192
  0.0444081
  0.0325853
  0.0477675
    0.04736
  0.0256658
  0.0454088
   0.022749
  0.0342241
  0.0389337
  0.0343752
  0.0430625
  0.0210525
  0.0407361
  0.0435172
  0.0355088
  0.0318062
  0.0327018
  0.0226269
  0.0398834
  0.0234303
  0.0394038
  0.0336622
  0.0390423
   0.050276
  0.0277196
  0.0426033
  0.0360719
  0.0332372
  0.0395663
  0.0225976
   0.036021
  0.0427223
  0.0504073
  0.0302433
  0.0256984
  0.0252861
  0.0353794
  0.0240614
  0.0230548
  0.0211427
 0.00739068
  0.0304481
  0.0145674
  0.0139522
   0.012755
  0.0270474
  0.0338865
  0.0395492
   0.014993
 0.00669625
  0.0344768
  0.0257987
  0.0516653
  0.0208976
  0.0261009
 0.00560293
  0.0503224
  0.0164223
  0.0298026
  0.0129387
  0.0187943
  0.0203164
  0.0274582
  0.0099759
 0.00477015
  0.0245311
  0.0182247
   0.012662
  0.0153085
 0.00194441
  0.0303095
 0.00493081
 0.00789764
   0.013305
 0.00410176
  0.0133856
  0.0267617
   0.015526
 0.00525352
 0.00254162
 0.00780193
  0.0134546
  0.0137528
 0.00505079
  0.0109074
  0.0052357
  0.0534287
 0.00939337
  0.0257667
  0.0142714
  0.0281275
  0.0014546
  0.0274133
 0.00829259
  0.0262687
  0.0271566
   0.016482
  0.0130238
  0.0319838
 0.00468339
   0.036447
 0.00547975
  0.0145801
  0.0269452
  0.0185911
  0.0345155
 0.00257386
  0.0104543
  0.0021163
  0.0334416
 0.00205588
  0.0115708
 0.00657782
 0.00450727
 0.00191944
  0.0164198
 0.00160501
  0.0364998
  0.0164716
  0.0458618
  0.0405482
0.000542599
  0.0474386
 0.00626605
  0.0519536
  0.0274605
  0.0295894
  0.0247982
  0.0262273
  0.0159171
  0.0172666
  0.0337242
  0.0328393
 0.00932971
  0.0186535
    0.01736
  0.0138583
   0.013951
 0.00733592
  0.0271694
   0.033603
  0.0290179
  0.0122543
  0.0235119
  0.0196145
  0.0278198
  0.0353703
  0.0419682
0.000605533
  0.0334638
  0.0017293
  0.0487406
  0.0365078
 0.00782031
  0.0120495
 0.00164706
  0.0272895
  0.0373307
  0.0272754
  0.0258358
0.000527407
 0.00615148
  0.0281673
  0.0300545
 0.00900606
  0.0164836
  0.0334673
    0.03403
 0.00433129
 0.00720924
   0.018941
  0.0335775
 0.00614511
  0.0146263
  0.0278148
  0.0286404
  0.0298654
 0.00134976
  0.0201389
 0.00117914
  0.0301009
  0.0455981
  0.0445543
  0.0457641
  0.0176998
 0.00951256
  0.0545141
    0.02908
 0.00412042
 0.00195661
 0.00508011
 0.00312598
  0.0532545
  0.0234646
  0.0111695
   0.033325
 0.00721314
 0.00376908
  0.0341743
  0.0153663
  0.0407602
  0.0151648
 0.00901608
  0.0434743
  0.0497705
  0.0329032
0.000605533
  0.0429428
 0.00982789
  0.0109088
 0.00398162
   0.025815
  0.0229265
    0.01722
  0.0463666
  0.0544551
  0.0587148
  0.0546736
   0.054078
  0.0568993
  0.0794425
   0.071197
  0.0635048
  0.0613465
  0.0100044
  0.0404966
  0.0259145
  0.0287998
   0.048286
  0.0369981
  0.0185215
  0.0560078
  0.0323753
 0.00751734
  0.0215685
  0.0226818
  0.0111137
  0.0364432
  0.0319768
  0.0327519
 0.00513855
  0.0805051
  0.0414073
  0.0362407
  0.0273128
  0.0405231
  0.0131074
  0.0296005
    0.02172
  0.0295124
  0.0404356
 0.00210841
  0.0265359
  0.0289229
  0.0134838
  0.0042686
  0.0199575
  0.0436222
  0.0236535
 0.00772986
  0.0372481
  0.0234474
  0.0286221
  0.0499398
    0.03374
  0.0352567
  0.0362153
0.000774184
  0.0315935
  0.0298765
  0.0465669
  0.0099212
  0.0255942
  0.0183833
  0.0371572
  0.0152463
  0.0390029
  0.0217704
  0.0305913
  0.0305442
 0.00112325
  0.0684907
    0.04227
  0.0324729
  0.0356544
  0.0270663
  0.0497509
  0.0377832
  0.0233866
  0.0263881
 0.00623458
  0.0220897
  0.0316692
 0.00831056
  0.0321325
 0.00318645
  0.0134828
  0.0245313
  0.0305392
  0.0374052
  0.0105452
  0.0145984
  0.0354624
  0.0487525
  0.0014546
0.000753098
  0.0128884
  0.0143759
  0.0132353
  0.0220364
  0.0273872
  0.0044657
 0.00518383
  0.0256285
  0.0202843
  0.0434479
 0.00580539
  0.0452174
  0.0300171
  0.0446614
  0.0199059
  0.0111098
  0.0116442
  0.0354152
  0.0684907
  0.0264755
  0.0486087
  0.0419066
  0.0180496
   0.021747
  0.0220068
  0.0427376
  0.0151763
  0.0227854
  0.0758662
  0.0148469
  0.0202329
 0.00364999
   0.046231
  0.0118803
  0.0328524
  0.0469702
  0.0500227
  0.0348146
  0.0231509
  0.0391904
  0.0390085
  0.0281453
 0.00255482
  0.0567526
  0.0535278
  0.0560922
  0.0512781
  0.0438621
 0.00810765
 0.00751354
  0.0273266
  0.0450403
  0.0386883
 0.00340602
  0.0110033
0.000621568
  0.0638404
  0.0224754
  0.0247495
  0.0260951
 0.00514306
  0.0224416
  0.0178485
  0.0589683
  0.0332418
  0.0590025
  0.0457348
  0.0414819
  0.0433984
  0.0392927
  0.0391544
  0.0330862
  0.0422102
 0.00842064
  0.0454018
  0.0217545
  0.0262534
  0.0662542
  0.0117899
  0.0660273
  0.0616222
  0.0657446
 0.00208781
  0.0217049
  0.0192478
  0.0219472
0.000674017
  0.0359957
0.000692959
 0.00790836
 0.00853144
  0.0337228
   0.056669
  0.0763231
  0.0333648
   0.034529
  0.0619324
   0.051342
 0.00380351
  0.0562339
  0.0358749
  0.0379106
  0.0330803
  0.0398769
  0.0154909
 0.00337862
  0.0282537
  0.0313011
  0.0601594
 0.00447388
  0.0423144
  0.0345764
  0.0182064
  0.0202041
  0.0605709
  0.0135955
   0.014367
  0.0135258
  0.0065165
  0.0098697
  0.0316681
  0.0654468
  0.0554577
  0.0295152
  0.0518142
  0.0649269
  0.0758883
  0.0580617
  0.0300522
   0.031858
  0.0456273
  0.0327979
  0.0379128
  0.0338423
  0.0306937
  0.0143388
  0.0726419
  0.0340512
  0.0038789
  0.0413336
  0.0212407
 0.00371594
  0.0422882
  0.0436634
  0.0473841
  0.0658167
  0.0054712
  0.0210967
  0.0129103
  0.0128593
  0.0330588
  0.0356399
  0.0203675
  0.0350347
  0.0814756
  0.0720098
   0.042246
  0.0459896
  0.0394228
   0.034061
  0.0365885
  0.0383554
  0.0182598
  0.0189785
  0.0566722
 0.00381081
  0.0364813
  0.0269208
  0.0129074
  0.0199817
 0.00561859
 0.00303545
   0.030619
  0.0301489
  0.0503257
  0.0472264
  0.0362323
  0.0333531
  0.0450765
  0.0260232
  0.0364843
  0.0337444
  0.0409638