0.000860884
   0.011461
  0.0145681
 0.00950679
 0.00735983
 0.00325614
 0.00936072
   0.011928
 0.00680009
  0.0096428
 0.00592543
 0.00679444
 0.00410493
 0.00328352
 0.00511179
  0.0238227
  0.0187451
 0.00182381
 0.00749381
0.000820063
 0.00106158
 0.00805349
 0.00251923
 0.00306906
 0.00152194
 0.00929252
 0.00738686
 0.00974744
  0.0062679
 0.00168505
  0.0049006
 0.00587391
  0.0038533
 0.00508184
 0.00948527
 0.00539488
 0.00414846
 0.00669938
  0.0021905
  0.0215149
  0.0145666
 0.00300955
 0.00221702
 0.00601562
 0.00563559
 0.00462096
 0.00621788
 0.00830833
   0.013507
  0.0146283
  0.0280076
 0.00607447
0.000705378
 0.00320216
   0.012045
 0.00384272
  0.0138204
 0.00894526
  0.0113204
 0.00216259
   0.023378
    0.03608
  0.0207891
  0.0127304
  0.0366999
  0.0367913
 0.00439029
 0.00131369
 0.00547352
 0.00394278
 0.00563735
 0.00419577
  0.0195987
  0.0116434
 0.00136221
 0.00698341
  0.0132859
  0.0014907
 0.00941641
 0.00160779
 0.00039084
 0.00399442
  0.0056614
  0.0153145
  0.0155809
  0.0130204
  0.0013482
 0.00446924
 0.00367262
1.82444e-05
 0.00670871
 0.00776284
  0.0131552
   0.011358
  0.0134695
  0.0116703
  0.0161754
  0.0155026
   0.017535
 0.00996854
  0.0128983
  0.0195358
 0.00738707
 0.00764801
   0.017051
  0.0186456
 0.00618308
  0.0123766
 0.00250864
0.000755557
  0.0028662
 0.00117354
 0.00365269
 0.00708357
 0.00209954
 0.00250404
 0.00943495
 0.00695664
 0.00246678
 0.00899401
0.000821263
 0.00797073
0.000998943
0.000498444
 0.00436371
 0.00270987
  0.0106955
 0.00720361
 0.00507728
 0.00125317
 0.00667049
0.000967282
0.000587945
 0.00165581
  0.0174794
 0.00870651
 0.00327952
 0.00582142
 0.00718086
 0.00316349
 0.00535987
  0.0124774
  0.0140831
 0.00923618
 0.00984388
   0.014365
 0.00883861
 0.00518895
 0.00318971
 0.00415032
   0.023993
  0.0067141
  0.0111728
   0.022143
 0.00901061
 0.00419113
  0.0278551
  0.0217285
 0.00936217
   0.015781
  0.0117152
  0.0133486
  0.0304638
  0.0380647
 0.00772955
 0.00219992
 0.00509555
  0.0065591
  0.0171517
 0.00678686
  0.0017433
  0.0219012
  0.0276649
  0.0070036
 0.00361005
 0.00176236
 0.00165834
  0.0100425
 0.00562393
  0.0129086
 0.00345506
 0.00989076
   0.011093
  0.0174769
5.34878e-05
 0.00595927
 0.00128941
  0.0102794
 0.00476974
 0.00944122
  0.0122178
 0.00422472
  0.0138924
 0.00878684
  0.0161464
  0.0116581
  0.0189928
  0.0185662
  0.0124167
 0.00736097
  0.0132325
 0.00515501
  0.0134278
 0.00854951
  0.0177829
  0.0111601
 0.00867645
 0.00255852
 0.00900919
 0.00858409
0.000332649
 0.00903711
 0.00891518
  0.0113666
 0.00294805
 0.00330103
  0.0139666
  0.0181159
  0.0157428
  0.0113233
  0.0134397
 0.00590837
 0.00382381
  0.0135886
  0.0136629
  0.0109946
  0.0159012
  0.0243386
  0.0202206
  0.0138098
 0.00887287
   0.014568
  0.0077891
  0.0112742
0.000229363
  0.0369182
  0.0339838
 0.00559263
0.000141053
  0.0068297
 0.00473341
 0.00304856
  0.0258622
  0.0279464
8.41594e-05
 0.00369729
 0.00406588
 0.00345127
  0.0112732
 0.00803747
  0.0049529
 0.00947405
 0.00746849
 0.00319812
 0.00625026
 0.00238244
 0.00302724
 0.00111848
  0.0291032
 0.00299319
 0.00402989
0.000177549
 0.00922672
 0.00549618
 0.00977798
0.000516362
 0.00754533
 0.00421546
  0.0193277
  0.0163679
  0.0202097
 0.00940781
 0.00462709
   0.004837
  0.0015966
   0.002327
 0.00764405
 0.00750229
0.000400041
0.000909885
  0.0042786
  0.0054009
  0.0216966
  0.0127296
  0.0241057
 0.00846802
  0.0167419
  0.0102975
  0.0146253
 0.00498975
0.000460211
 0.00289313
 0.00597339
 0.00397953
 0.00544981
  0.0120846
 0.00380982
  0.0164109
 0.00459275
 0.00309646
 0.00356055
  0.0201508
  0.0288635
  0.0204338
  0.0363317
  0.0322132
  0.0299431
0.000358797
3.56777e-05
 0.00500756
 0.00635516
 0.00303556
 0.00760396
  0.0111595
 0.00713356
  0.0141334
  0.0154436
  0.0109599
  0.0226012
 0.00315637
  0.0037677
 0.00687743
 0.00651588
 0.00293476
  0.0052777
 0.00606759
  0.0102993
 0.00300915
  0.0050913
 0.00190746
 0.00788956
 0.00624028
  0.0137516
 0.00944659
 0.00876429
 0.00539987
 0.00779786
 0.00637997
 0.00110346
  0.0110849
  0.0106957
 0.00424249
  0.0185615
  0.0130864
  0.0191404
  0.0206893
 0.00292323
 0.00920102
  0.0194401
 0.00267804
 0.00478873
 0.00493811
 0.00666967
  0.0193338
 0.00298821
 0.00708833
 0.00518199
  0.0151003
0.000669159
 0.00338492
 0.00831664
 0.00376678
  0.0240752
 0.00355102
  0.0074463
  0.0111431
  0.0129661
  0.0072216
  0.0133064
  0.0344371
  0.0156671
  0.0161993
 0.00340336
0.000407242
 0.00348225
  0.0114524
 0.00749377
  0.0178482
  0.0131717
   0.018387
 0.00179016
1.14848e-05
0.000506593
0.000111276
  0.0106597
 0.00792126
 0.00343415
 0.00628041
 0.00627235
 0.00138005
  0.0054993
 0.00841623
 0.00370892
  0.0166745
   0.014835
  0.0207397
  0.0117454
 0.00187667
 0.00967216
 0.00534844
  0.0185122
 0.00201794
  0.0108769
 0.00698915
 0.00409149
  0.0210292
 0.00368177
 0.00496042
  0.0155201
 0.00915001
  0.0149477
  0.0141404
 0.00413881
  0.0294083
 0.00191228
 0.00559982
  0.0032543
   0.028561
 0.00486176
  0.0308703
  0.0152963
  0.0181841
  0.0319145
 0.00562493
  0.0028044
 0.00538916
 0.00772019
 0.00413881
0.000704945
   0.010592
  0.0203561
 0.00131397
 0.00203979
 0.00484243
  0.0137391
 0.00596929
  0.0102604
 0.00669933
 0.00283541
 0.00449314
 0.00577366
 0.00628799
  0.0208435
  0.0104177
 0.00430281
 0.00100762
 0.00204221
 0.00768383
 0.00766062
 0.00105576
 0.00120041
 0.00185762
  0.0148722
  0.0223688
 0.00906456
 0.00514669
 0.00544425
  0.0100845
  0.0155518
  0.0147382
  0.0133604
 0.00232701
  0.0113206
 0.00269756
  0.0217688
  0.0143318
 0.00371926
 0.00806443
 0.00531729
 0.00264744
 0.00317066
 0.00101459
 0.00416003
 0.00150593
  0.0203866
 0.00565093
 0.00162519
0.000841023
 0.00994226
 0.00022883
 0.00856825
  0.0147201
 0.00327473
  0.0141611
  0.0139761
  0.0121504
 0.00125671
  0.0123134
 0.00923602
  0.0030961
  0.0105822
  0.0169762
 0.00689803
  0.0107615
  0.0132707
  0.0052326
 0.00926228
  0.0258369
  0.0113895
  0.0111644
0.000544832
  0.0103859
 0.00140043
  0.0150527
 0.00310947
  0.0168757
 0.00651825
   0.026876
 0.00105946
 0.00457712
   0.005513
 0.00201128
 0.00305804
 0.00962754
  0.0136226
 0.00251304
 0.00117845
 0.00523166
 0.00118369
 0.00805639
 0.00441244
  0.0297409
 0.00615041
 0.00652714
  0.0153507
  0.0221462
 0.00812203
 0.00442318
 0.00477692
  0.0285023
  0.0169954
  0.0105765
  0.0163937
  0.0165294
 0.00437274
 0.00600836
   0.018983
 0.00630435
   0.018046
 0.00501481
 0.00756264
 0.00601209
  0.0130212
  0.0262483
 0.00890574
  0.0324311
  0.0256946
 0.00660817
 5.0468e-05
 0.00992707
 0.00536275
 0.00547152
  0.0279632
  0.0310017
 0.00518169
 0.00596679
0.000456686
  0.0026146
 0.00310784
 0.00239876
  0.0144747
  0.0212541
 0.00104983
   0.014198
  0.0267677
  0.0036944
 0.00612882
 0.00593844
 0.00620961
  0.0121123
 0.00143967
 0.00815416
 0.00593359
  0.0164588
 0.00528006
 0.00773043
 0.00632981
   0.015795
  0.0130837
  0.0288352
 0.00588504
  0.0282351
  0.0158773
  0.0143587
   0.011178
0.000265548
  0.0157761
  0.0161622
  0.0217226
 0.00250804
 0.00541176
  0.0060249
  0.0140196