 18.4695
 19.1879
 11.1298
 16.4788
 3.18574
 2.98505
 19.7154
 14.8474
 6.01585
 16.1852
 17.4308
 20.8118
 9.32106
 11.8333
  14.718
 4.16466
 2.11563
 18.7318
 18.7392
 18.2679
 21.5491
 12.8274
  14.085
 18.6621
 18.8101
 16.8899
 16.6652
 19.2768
 14.1786
 19.9847
 20.8605
  1.4575
 2.25629
 20.1838
 14.1786
  20.248
 15.5803
 15.9458
 18.7923
 15.5446
 1.96563
 23.8026
 12.6181
 9.19909
 16.6099
 11.2245
  13.548
 3.38772
 1.68516
 12.6507
 9.44261
 8.14428
 2.64434
 4.36646
 3.99689
 7.39839
  2.5643
 7.99345
 5.89066
 3.13912
 15.7566
   17.13
 19.4729
 17.3377
    18.6
 18.3969
 17.8509
 12.8274
 21.5712
 18.3748
 15.3478
 15.6837
 9.59618
 14.2589
 14.9237
 16.6435
  16.711
 15.6382
 20.3112
 12.7596
 8.15155
  71.107
 19.2462
 12.1128
 16.4266
 2.55558
0.891971
 19.2896
  12.623
 9.45821
 18.9934
 17.0507
 19.9693
  2.7381
 2.00496
 3.43991
  19.693
 15.5667
 14.4047
 4.63202
 7.86242
 18.8667
 9.44225
 18.6442
 14.0868
 4.81825
 18.6617
  10.715
  19.461
 11.0279
 1.57843
 16.7406
 1.90269
0.649817
 16.8029
0.893943
 6.70604
 13.5819
 12.5343
 8.45066
  17.408
 10.0656
 15.9721
 20.0723
 13.0633
 18.4926
 3.79849
 18.5021
 2.39596
  1.4575
 2.00496
 15.2804
 17.6989
 16.6653
 18.7485
  24.423
 8.38525
 4.35851
 3.82188
   3.139
 3.39938
 1.14603
 1.18531
 9.75564
 7.16369
 10.9404
 10.5547
 6.86118
 19.4961
 1.90269
  16.467
 15.4553
 16.3088
 15.2063
 9.64322
 16.0514
 7.79228
 16.8527
 20.5081
 18.1589
  20.228
 15.1776
 10.0649
 13.6277
 2.75101
 4.22466
 16.2307
 18.5955
 12.9663
 10.0641
 9.56115
  9.5283
 7.96171
 10.5547
 17.1314
 15.6937
 13.1298
 8.47806
 17.1087
 18.8648
 18.8125
 12.6203
 17.1061
 14.1194
 13.3583
 17.3654
 19.6434
 18.1581
 20.5301
 21.1597
 18.1591
 15.1777
 18.9135
  69.622
 17.8362
  13.751
 21.9425
 19.0738
 4.22466
 18.0813
 2.77396
 20.2976
 12.7596
 18.1591
 3.47756
 18.8631
 9.67874
 15.3186
 13.8766
 17.2983
 1.26362
 23.0601
 13.1654
 16.6431
 13.1585
 21.4339
 17.6979
 1.61143
 5.24232
  9.8911