  0.0328852
  0.0322307
  0.0324486
  0.0284563
  0.0318217
  0.0387672
  0.0287517
  0.0326705
  0.0280789
  0.0304005
  0.0290464
  0.0108622
  0.0293763
  0.0322457
  0.0305158
  0.0245631
  0.0283428
  0.0313416
  0.0299128
   0.033352
  0.0204208
  0.0265529
  0.0255317
  0.0329967
  0.0313504
  0.0260617
  0.0315952
  0.0126729
  0.0258364
  0.0273308
   0.032614
  0.0196985
 0.00145754
  0.0107959
 0.00224407
  0.0316911
  0.0354116
  0.0296452
  0.0180526
  0.0146271
   0.032505
  0.0329958
  0.0350651
  0.0304686
  0.0205002
  0.0114082
0.000824432
  0.0106008
  0.0346174
  0.0240346
  0.0321248
  0.0348253
 0.00934339
  0.0332637
  0.0308759
  0.0223656
  0.0194743
  0.0312825
 0.00249796
  0.0265962
  0.0246829
  0.0196243
  0.0162757
   0.025453
  0.0194954
  0.0157338
  0.0207437
  0.0274418
  0.0298907
  0.0294435
  0.0358641
  0.0260933
  0.0333839
  0.0219861
  0.0228686
  0.0245863
 0.00287731
  0.0019632
  0.0260933
  0.0257089
  0.0102941
  0.0148998
  0.0261703
  0.0267577
  0.0307727
  0.0263181
0.000437334
   0.032547
  0.0145177
  0.0166649
  0.0178473
  0.0152993
  0.0317409
  0.0341152
  0.0283911
  0.0362477
  0.0278159
  0.0156476
   0.020625
 0.00906906
  0.0255137
  0.0346316
  0.0284564
  0.0309791
  0.0233701
   0.029744
  0.0273199
 0.00608076
  0.0342688
  0.0325002
  0.0246139
  0.0297463
  0.0280161
  0.0101585
  0.0151483
  0.0108428
 0.00272402
 0.00143498
 0.00883639
 0.00317217
 0.00880145
  0.0102448
  0.0234122
  0.0262978
  0.0344605
  0.0218376
   0.025287
  0.0264897
  0.0269765
3.85436e-05
 0.00119911
  0.0285669
  0.0310252
  0.0276702
  0.0276236
  0.0314212
  0.0262307
  0.0253937
 0.00125983
  0.0034625
  0.0350596
  0.0178689
 0.00193968
  0.0102949
  0.0290101
  0.0325654
  0.0168153
  0.0337964
  0.0298584
   0.030738
  0.0323722
  0.0258969
  0.0404551
  0.0324685
  0.0173127
  0.0235823
  0.0251963
 0.00786428
 0.00253722
 0.00691925
  0.0281168
  0.0231825
  0.0219335
  0.0268285
  0.0152575
  0.0314437
  0.0337258
  0.0363082
  0.0301103
  0.0257807
  0.0194092
  0.0263819
  0.0307211
  0.0259565
 0.00348171
  0.0357363
 0.00394779
  0.0335061
   0.026443
  0.0339915
  0.0285534
    0.01583
 0.00281359
  0.0293439
  0.0159195
   0.021505
  0.0154995
  0.0143786
0.000391891
 0.00341116
  0.0127289
  0.0299304
  0.0249966
  0.0241429
  0.0470273
  0.0228283
  0.0241764
  0.0184939
  0.0290126
 0.00805825
  0.0225658
    0.01649
  0.0185986
  0.0275974
 0.00379905
   0.025165
 0.00941859
   0.026997
  0.0219058
 0.00841215
  0.0275736
  0.0302561
  0.0243351
  0.0154268
  0.0269827
 0.00934378
  0.0238403
  0.0232508
  0.0240323
 0.00773807
0.000725192
 0.00474562
  0.0191826
  0.0253478
  0.0313563
  0.0248271
 0.00789069
  0.0266054
0.000411391
  0.0195669
  0.0303117
   0.033508
 0.00406906
 0.00177584
3.32621e-05
 0.00510656
  0.0112816
 0.00625764
 0.00191824
  0.0339945
  0.0322476
 0.00230895
  0.0136567
  0.0108915
  0.0159384
 0.00979688
  0.0190821
 0.00139947
 0.00254975
  0.0271976
  0.0084487
0.000773232
  0.0224643
  0.0178853
 0.00913389
 0.00812703
  0.0190167
0.000787309
 0.00163476
 0.00213863
 0.00379632
0.000123167
 0.00876343
  0.0260026
  0.0180532
   0.024297
  0.0312255
   0.025357
  0.0186432
  0.0149164
  0.0265497
 0.00989629
  0.0157983
  0.0216552
  0.0240938
  0.0299975
  0.0323152
 0.00674851
  0.0215607
0.000323991
 0.00330768
 0.00866883
  0.0150427
  0.0173822
  0.0156477
  0.0343334
  0.0240157
  0.0446308
  0.0152726
  0.0138799
   0.028843
  0.0303287
 0.00245601
0.000433842
 0.00220513
  0.0106196
   0.014134
  0.0334892
  0.0318964
  0.0303722
 0.00268601
  0.0036983
 0.00157242
 0.00345116
  0.0382461
  0.0349708
  0.0359134
 0.00650201
  0.0114618
   0.014647
 0.00221075
 0.00740724
 0.00227297
 0.00621683
   0.023525
 0.00791574
 0.00643992
0.000190366
  0.0239027
  0.0136652
  0.0161783
  0.0272818
  0.0210773
  0.0428174
  0.0247426
  0.0143407
  0.0161537
   0.027532
    0.03197
  0.0102226
  0.0227848
  0.0253148
 0.00628294
  0.0181332
  0.0147485
 0.00456866
  0.0208644
  0.0148864
   0.047807
 0.00182546
  0.0316605
  0.0143596
 0.00258115
  0.0104577
 0.00150736
  0.0217866
0.000564717
 0.00170359
0.000680159
   0.032596
  0.0139323
 0.00948266
  0.0186275
 0.00979768
 0.00368529
  0.0143097
 0.00415438
  0.0132834
 0.00470691
  0.0083119
  0.0117725
 0.00413841
0.000496421
 0.00183348
 0.00100561
  0.0308627
  0.0128219
  0.0028219
 0.00974602
 0.00337608
  0.0389545
 0.00437545
  0.0197803
 0.00250809
  0.0166449
  0.0414935
  0.0303358
    0.03173
  0.0195664
 0.00920965
 0.00440004
  0.0110714
  0.0157369
 0.00152684
  0.0285729
  0.0172278
  0.0295665
  0.0120018
  0.0225814
 0.00462351
0.000173074
 0.00588257
  0.0500911
0.000640695
  0.0414954
  0.0344836
 0.00428327
  0.0131908
 0.00908112
  0.0216388
 0.00634821
 0.00266273
  0.0191606
  0.0121742
  0.0222285
  0.0412835
  0.0402045
  0.0312732
 0.00557621
 0.00403188
   0.041327
  0.0403609
  0.0181869
 0.00959201
 0.00292765
 0.00584579
  0.0204357
  0.0360537
  0.0349006
  0.0184212
   0.013028
 0.00396148
  0.0418631
 0.00593383
   0.010228
0.000421499
  0.0207347
  0.0451034
  0.0115542
 0.00570518
  0.0028028
 0.00699136
 0.00682073
 0.00392939
 0.00346283
  0.0130297
  0.0418633
 0.00872993
   0.047943
0.000710973
  0.0258369
  0.0277466
 0.00467311
  0.0210397
  0.0209977
 0.00670048
 0.00290305
  0.0325639
  0.0362561
 0.00477398
  0.0244337
  0.0324072
  0.0244497
 0.00192824
  0.0409577
 0.00560081
 0.00984136
 0.00635667
  0.0357766
  0.0103343
0.000327788
  0.0320638
  0.0265486
  0.0146832
  0.0285157
  0.0226521
  0.0226063
  0.0310769
  0.0277306
  0.0199673
   0.005942
 0.00734145
 0.00429926
 0.00838065
  0.0120635
  0.0384026
 0.00446908
  0.0162873
   0.033212
  0.0221761
 0.00836952
  0.0328943
  0.0077195
  0.0111812
  0.0229548
  0.0132688
0.000822576
 0.00234041
 0.00078366
  0.0208405
  0.0437975
  0.0449717
  0.0123961
 0.00627822
  0.0167459
 0.00679658
  0.0208717
  0.0226818
 0.00340014
 0.00249662
  0.0391423
 0.00238456
 0.00159633
   0.058376
  0.0465181
  0.0489118
 0.00610597
  0.0181381
   0.014551
  0.0228186
   0.038287
  0.0282529
  0.0198843
 0.00477361
  0.0073379
 0.00131418
   0.026639
 0.00638511
 0.00369129
  0.0224927
  0.0177736
  0.0170881
  0.0119854
  0.0279435
 0.00348178
   0.017497
  0.0157252
 0.00940191
 0.00671678
  0.0122238
 0.00645116
 0.00301236
 0.00491092
  0.0119696
 0.00589335
  0.0244158
 0.00490308
  0.0128941
 0.00687326
  0.0083154
  0.0081073
 0.00354687
 0.00872647
  0.0100878
 0.00906738
 0.00756886
  0.0114212
  0.0145731
  0.0281729
  0.0110081
  0.0143845
  0.0121864
 0.00467683
  0.0225115
 0.00313747
0.000928434
 0.00710881
 0.00158306
  0.0174059
 0.00720578
  0.0334003
 0.00190803
  0.0300449
 0.00921952
  0.0293886
  0.0278705
  0.0228602
  0.0314385
  0.0114338
0.000105498
 0.00537719
 0.00488405
  0.0121717
  0.0155358
0.000865415
 0.00205201
 0.00443686
  0.0322316
 0.00983526
 0.00703795
  0.0119225
 0.00548031
 0.00871922
  0.0458656
  0.0434066
    0.02891
  0.0238379
  0.0234322
  0.0459114
  0.0191539
  0.0257837
0.000175734
  0.0207838
  0.0217657
  0.0159374
  0.0169054
  0.0227465
  0.0237889
  0.0250941
 0.00626787
  0.0140982
 0.00797804
  0.0194944
  0.0151126
  0.0235739
  0.0185859
  0.0259734
  0.0329746
   0.013943
  0.0252236
  0.0231412
  0.0302155
  0.0266939
  0.0197014
  0.0479283
 0.00540957
  0.0365988
  0.0218448
 0.00124365
  0.0117849
  0.0343332
  0.0352301
  0.0343756
  0.0208222
 0.00489209
   0.018244
 0.00309956
  0.0259258
  0.0131515
 0.00254403
  0.0266349
  0.0118204
  0.0121961
    0.02814
  0.0336504
  0.0360201
  0.0152157
  0.0217233
  0.0100955
  0.0350444
  0.0104164
 0.00610635
 0.00134854
  0.0389113
  0.0098682
  0.0475248
  0.0281028
  0.0290239
  0.0221678
  0.0564276
  0.0492361
  0.0486574
  0.0417891
  0.0621688
  0.0227959
  0.0313787
  0.0225936
0.000144927
  0.0134156
  0.0521576
  0.0161513
 0.00675147
  0.0287063
  0.0323181
  0.0296935
   0.033261
  0.0426123
   0.021589
  0.0495756
  0.0333465
   0.056245
  0.0240691
  0.0320358
  0.0103979
  0.0207794
 0.00472821
  0.0165586
 0.00923954
  0.0270059
  0.0127356
 0.00347283
  0.0150721
  0.0237828
  0.0107582
  0.0360752
  0.0297888
  0.0175805
  0.0315939
 0.00935363
  0.0136385
  0.0533216
  0.0407667
   0.037126
  0.0526157
 0.00552431
  0.0213502
  0.0345137
  0.0310377
  0.0609422
  0.0374629
   0.031164
  0.0110304
  0.0201584
  0.0118546
  0.0444436
  0.0504131
0.000581982
  0.0100103
 0.00154404
   0.041305
  0.0510055
  0.0320677
  0.0252979
 0.00210887
   0.022515
  0.0381434
   0.051165
  0.0477263
  0.0434149
  0.0361489
  0.0275264
  0.0290109
  0.0270975
 0.00431777
  0.0439207
  0.0370951
 0.00731687
  0.0506417
  0.0464017
  0.0182294
  0.0301885
  0.0173811
  0.0337604
  0.0313538
  0.0161307
   0.014496
  0.0272772
  0.0311525
  0.0411487
  0.0330674
 0.00628046
 0.00763785
  0.0299764
 0.00856309
 0.00962369
  0.0445954
 0.00508959
  0.0476398
 0.00175619
  0.0281144
  0.0265227
  0.0130821
  0.0299884
  0.0291278
 0.00206949
0.000722778
 0.00550285
  0.0550404
  0.0391731
  0.0565578
  0.0477094
  0.0523993
 0.00512193
  0.0397324
  0.0426293
  0.0299095
  0.0258929
  0.0331398
  0.0314971
  0.0452381
  0.0463126
  0.0607818
  0.0319492
  0.0285927
  0.0516964
  0.0382477
  0.0361873
  0.0151896
  0.0246587
  0.0146899
 0.00981402
  0.0439447
  0.0290213
  0.0102062
 0.00548886
 0.00741236
   0.021863
  0.0322004
  0.0515183
  0.0474971
 0.00915172
  0.0292441
 0.00569938
  0.0074123
  0.0181031
  0.0615793
  0.0591628
 0.00817493
   0.032201
 0.00214207
7.46124e-05
  0.0288235
  0.0128727
   0.027885
   0.018209
  0.0383187
  0.0362838
  0.0272235
  0.0146481
 0.00178127
   0.018965
  0.0201967
8.15401e-05
 0.00233392
 0.00661506
   0.027595
 0.00233678
  0.0432259
  0.0364893
  0.0151904
  0.0355691
  0.0284528
  0.0216444
  0.0337751
 0.00394125
  0.0306949
  0.0499435
  0.0273181
   0.033167
  0.0130075
  0.0222506
 0.00194862
  0.0190537
  0.0138294
  0.0155406
 0.00900503
 0.00345272
 0.00144003
 0.00274254
  0.0193879
  0.0147014
  0.0141225
 0.00204055
  0.0294216
  0.0523402
  0.0558833
  0.0239693
  0.0366061
  0.0104134
  0.0370733
  0.0202002
0.000277065
 0.00119957
  0.0039344
 0.00778145
  0.0110563
  0.0137587
    0.05534
 0.00834311
 0.00210369
  0.0575104
  0.0313668
 0.00952809
  0.0326876
  0.0419668
  0.0142545
  0.0431582
  0.0326618
  0.0031978
  0.0179853
  0.0145981
  0.0225394
  0.0012018
 0.00960454
  0.0302586
  0.0312212
 0.00934157
   0.033341
  0.0287267
  0.0109559
  0.0274187
  0.0619399
 0.00336742
  0.0206318
 0.00477833
0.000928337
   0.012289
 0.00913106
0.000550324
 0.00737342
 0.00666815
  0.0352091
  0.0129681
 0.00881535
  0.0164126
  0.0347724
   0.027613
  0.0327393
   0.006241
    0.02901
  0.0373233
0.000324906
 0.00735363
 0.00139226
  0.0642636
  0.0234629
  0.0160389
  0.0355942
  0.0355737
  0.0337447
  0.0599135
   0.066657
 0.00159463
 0.00704688
  0.0307692
  0.0130827
  0.0501685
  0.0278951
 0.00921643
  0.0296516
 0.00282644
 0.00639419
  0.0292105
  0.0218803
  0.0123286
  0.0250069
 0.00114977
  0.0166493
  0.0142045
 0.00826936
 0.00116322
  0.0175644
 0.00536193
  0.0144326
0.000480967
 0.00254886
 0.00345364
  0.0277845
  0.0439307
 0.00818451
0.000950757
   0.014136
  0.0625306
  0.0580575
  0.0676812
  0.0636378
 0.00895355
0.000378726
  0.0597116
 0.00467516
  0.0427234
  0.0550765
 0.00688952
  0.0158659
  0.0300783
  0.0482208
  0.0567564
  0.0161256
 0.00278347
  0.0556955
   0.051305
  0.0591351
 0.00499934
  0.0376793
  0.0228778
  0.0374307
 0.00859154
  0.0290445
 0.00261239
  0.0130455
  0.0507239
  0.0523649
  0.0181006
 0.00274254
  0.0240035
  0.0265982
  0.0117205
0.000454423
  0.0307311
 0.00881069
  0.0606512
  0.0183053
  0.0314353
  0.0351598
  0.0580426
 0.00851522
  0.0403581
  0.0365282
 0.00855729
  0.0571293
  0.0593476
  0.0628984
  0.0216807
  0.0113105
  0.0311863
  0.0323473
  0.0318251
  0.0209592