  0.0202645
  0.0215734
  0.0124846
  0.0197926
  0.0296351
  0.0137398
  0.0310069
  0.0119542
  0.0161967
   0.018744
  0.0155103
  0.0146766
  0.0253809
  0.0140748
  0.0140397
 0.00477829
  0.0261619
  0.0189096
  0.0212846
  0.0178841
  0.0149222
  0.0190791
  0.0199361
  0.0278599
  0.0156402
  0.0159236
  0.0132829
  0.0146704
  0.0249434
  0.0156442
  0.0262209
  0.0036851
  0.0135408
  0.0151778
  0.0147345
 0.00715029
 0.00998601
 0.00184139
  0.0210365
  0.0233825
  0.0128039
   0.017162
  0.0114723
 0.00803435
  0.0168999
  0.0183085
  0.0194861
  0.0142767
 0.00732636
 0.00356131
  0.0188969
  0.0121738
0.000213937
  0.0219469
  0.0183131
  0.0138741
  0.0152316
  0.0158932
  0.0131643
  0.0056344
  0.0183892
  0.0152102
  0.0039377
 0.00828421
  0.0182397
 0.00921049
 0.00853942
  0.0149831
  0.0138759
 0.00791764
  0.0112835
  0.0126006
 0.00130099
0.000258126
 0.00934593
  0.0233636
  0.0274843
  0.0105293
  0.0204041
  0.0144442
  0.0167496
   0.014167
   0.013685
 0.00472949
 0.00489213
 0.00433326
   0.024756
  0.0230537
 0.00541417
  0.0110225
  0.0174181
  0.0128367
   0.013849
  0.0217699
 0.00166576
   0.015205
  0.0199797
 0.00708845
  0.0136831
  0.0057841
  0.0142146
  0.0220519
  0.0194576
  0.0145306
  0.0139703
  0.0128735
  0.0188391
  0.0214197
  0.0223258
 0.00675146
  0.0172129
  0.0163054
  0.0161656
  0.0232295
  0.0122867
  0.0115909
  0.0193361
 0.00981985
  0.0177557
   0.016727
 0.00468307
  0.0165392
  0.0188498
  0.0204628
 0.00556126
  0.0281477
   0.016153
  0.0163002
 0.00304347
  0.0123821
 0.00221395
 0.00114204
  0.0197832
 0.00547855
  0.0188638
   0.018566
 0.00219927
  0.0141019
  0.0076312
  0.0096341
  0.0194446
 0.00622612
 0.00125615
  0.0217547
  0.0145924
  0.0166069
  0.0222728
  0.0225055
  0.0217244
 0.00829147
  0.0156252
  0.0142169
  0.0126151
  0.0165615
 0.00980673
 0.00386636
  0.0169787
   0.018201
 0.00610545
 0.00998766
  0.0121977
  0.0175455
  0.0194257
 0.00680872
  0.0140812
  0.0149392
 0.00940767
  0.0146155
  0.0160311
0.000560597
 0.00549421
  0.0145565
  0.0165801
  0.0153691
  0.0218438
 0.00877281
  0.0172539
  0.0195991
  0.0174746
  0.0173791
  0.0133679
 0.00747996
  0.0156193
  0.0187575
 0.00851875
  0.0111056
  0.0165315
  0.0172642
 0.00245899
  0.0156572
  0.0163941
  0.0213388
  0.0230152
  0.0197398
   0.018498
  0.0190731
  0.0239213
   0.016591
 0.00196262
 0.00420938
 0.00538542
 0.00381107
 0.00578526
  0.0159478
  0.0185168
  0.0210416
  0.0399138
  0.0181619
  0.0169183
 0.00921876
  0.0158356
 0.00232676
1.85422e-05
  0.0211982
  0.0186691
 0.00053896
  0.0230307
 0.00745681
   0.021276
  0.0152139
  0.0149759
  0.0178957
  0.0229495
  0.0135556
  0.0209734
  0.0197487
 0.00647146
  0.0249434
  0.0254694
  0.0155446
 0.00300374
 0.00479724
  0.0178615
  0.0209587
  0.0206311
  0.0129819
 0.00776978
  0.0057464
  0.0248445
0.000940614
0.000855333
  0.0214305
  0.0165682
 0.00739463
 0.00372614
 0.00323366
 0.00260708
 0.00710156
 0.00102634
 0.00317293
  0.0235057
  0.0148082
  0.0129079
   0.019478
  0.0116608
  0.0133678
  0.0162811
  0.0198553
 0.00130179
 0.00742303
  0.0173206
   0.001777
  0.0175326
  0.0251446
  0.0162314
 0.00856951
   0.017747
 0.00754679
 0.00681932
  0.0193532
4.68712e-05
 0.00736465
  0.0031959
 0.00196986
  0.0206993
   0.015899
  0.0232454
  0.0151237
 0.00572039
  0.0263318
 0.00320179
  0.0270034
 0.00143363
  0.0102726
   0.011184
  0.0227262
  0.0175478
  0.0189768
  0.0138091
  0.0240055
  0.0017157
 0.00777924
 0.00430857
 0.00917354
 0.00681512
 0.00567872
 0.00119904
  0.0256469
  0.0137099
  0.0171671
 0.00675293
0.000654028
  0.0111816
  0.0178318
 0.00114739
  0.0346632
  0.0143746
  0.0185957
  0.0188911
 0.00431732
0.000250956
 0.00962092
  0.0038483
  0.0162724
  0.0154494
     0.0159
  0.0158414
  0.0214154
 0.00357018
  0.0233777
  0.0243614
  0.0127772
  0.0183422
   0.017801
  0.0159332
  0.0182256
 0.00149569
  0.0223263
  0.0200176
  0.0213324
  0.0190188
   0.016461
  0.0141695
  0.0120448
 0.00986366
  0.0229778
   0.022405
  0.0247736
  0.0111944
  0.0139301
   0.012449
 0.00839697
 0.00800395
  0.0028132
  0.0329798
  0.0068147
  0.0202354
 0.00735678
  0.0114079
   0.005253
   0.014288
 0.00257705
 0.00642534
  0.0102618
   0.019123
  0.0169138
  0.0172023
  0.0105374
  0.0111642
  0.0210499
 0.00555777
 0.00277495
 0.00278938
   0.017488
  0.0163939
  0.0198148
  0.0153826
  0.0126988
  0.0179995
  0.0132353
  0.0230291
  0.0141691
  0.0107376
 0.00835519
  0.0043456
  0.0279197
 0.00742788
0.000869343
  0.0472523
   0.017424
  0.0109151
  0.0153022
 0.00541124
 0.00139054
  0.0143895
 0.00823851
  0.0227413
  0.0118735
  0.0139202
  0.0184876
  0.0277661
  0.0164868
 0.00256751
   0.012001
   0.010071
  0.0132432
0.000723605
  0.0146596
  0.0170799
 0.00210362
  0.0176392
 0.00458934
  0.0017257
  0.0117877
  0.0220921
 0.00214868
  0.0303469
  0.0224913
  0.0184255
  0.0130135
 0.00770389
  0.0118313
  0.0147118
  0.0263937
  0.0133074
  0.0154429
  0.0230613
  0.0479487
  0.0467713
  0.0151644
  0.0106164
  0.0318456
  0.0167992
  0.0203993
  0.0181101
  0.0247864
  0.0196823
  0.0130454
  0.0155701
  0.0127873
  0.0052238
   0.017158
  0.0187957
 0.00546389
 0.00505022
  0.0305881
 0.00397188
  0.0284008
 0.00764634
 0.00636059
 0.00886652
 0.00398429
 0.00428215
  0.0171418
  0.0344407
 0.00415061
  0.0150561
  0.0259491
  0.0121658
 0.00436279
 0.00487887
  0.0110449
 0.00376658
  0.0101902
  0.0113603
 0.00405769
 0.00496295
 0.00792686
  0.0113018
  0.0116475
  0.0349264
 0.00762503
 0.00551388
  0.0245801
  0.0177962
  0.0254192
  0.0383562
  0.0236931
  0.0107017
   0.022579
 0.00321155
  0.0122907
 0.00962844
 0.00246568
 0.00157332
  0.0423502
  0.0192041
  0.0276202
  0.0199433
  0.0324383
 0.00791966
  0.0168261
0.000100963
  0.0181289
  0.0323778
 0.00411593
  0.0027561
  0.0124899
 0.00102672
 0.00224789
  0.0354087
  0.0486956
 0.00410149
 0.00865238
0.000226408
 0.00967431
  0.0150601
 0.00707449
 0.00300458
 0.00129605
 0.00416985
 0.00128354
 0.00797194
  0.0152728
 0.00946921
 0.00608726
  0.0577941
  0.0630272
 0.00659902
 0.00814218
  0.0122706
 0.00764724
   0.002063
 0.00103874
  0.0375723
  0.0516597
  0.0502037
   0.050684
   0.012788
  0.0190731
 0.00952626
  0.0170661
 0.00407541
  0.0110959
  0.0226756
  0.0299797
0.000834214
  0.0273064
  0.0029551
0.000249341
 0.00589933
 0.00957691
0.000195981
  0.0134283
 0.00973946
  0.0210932
 0.00397097
 0.00599109
  0.0176069
  0.0155271
 0.00769184
 0.00144664
 0.00469685
   0.018069
   0.017876
  0.0244348
  0.0212492
 0.00713822
  0.0164527
  0.0170139
  0.0043582
 0.00070653
  0.0186443
  0.0138186
 0.00588111
  0.0162916
 0.00664382
 0.00737929
  0.0135432
 0.00213091
  0.0192996
  0.0100914
 0.00690344
  0.0110782
 0.00600503
  0.0323147
  0.0187996
  0.0174357
  0.0117364
  0.0212901
  0.0131755
  0.0208548
 0.00657585
0.000702369
  0.0205004
  0.0193034
 0.00913809
 0.00674244
  0.0119136
  0.0185255
  0.0168532
  0.0353248
  0.0153449
 0.00211078
  0.0166788
  0.0204498
  0.0162048
 0.00413023
     0.0198
   0.019058
 0.00693041
 0.00933731
  0.0178304
  0.0151114
  0.0155745
 0.00491449
 0.00128857
0.000888555
  0.0134242
  0.0142865
  0.0163312
 0.00649064
  0.0027927
  0.0150021
0.000678748
  0.0410417
  0.0444395
  0.0298276
  0.0363959
  0.0278108
     0.0546
  0.0284002
  0.0337023
 0.00664461
  0.0335722
  0.0168923
  0.0221168
  0.0243604
  0.0198428
 0.00890339
  0.0104593
 0.00455682
 0.00666433
  0.0234478
 0.00301841
  0.0134519
  0.0291657
  0.0231509
  0.0423312
  0.0124816
  0.0189989
  0.0215115
  0.0194217
  0.0241336
  0.0189435
  0.0079511
  0.0300879
  0.0611793
  0.0138416
  0.0115948
  0.0155042
  0.0123006
   0.020323
  0.0128715
 0.00846534
  0.0206998
 0.00537533
  0.0181018
  0.0219441
  0.0362489
  0.0400541
  0.0163403
   0.029313
 0.00256548
  0.0232149
 0.00604858
  0.0305712
  0.0182856
0.000432978
  0.0391223
 0.00380937
  0.0166457
  0.0121703
  0.0304725
  0.0313549
  0.0133101
  0.0224188
 0.00480901
  0.0154588
  0.0166648
 0.00131494
  0.0151227
  0.0495854
 0.00249556
  0.0420281
  0.0247104
  0.0199808
0.000680543
 0.00141654
  0.0181908
  0.0109533
  0.0521715
  0.0412067
  0.0206452
  0.0165742
 0.00416346
   0.010864
  0.0180207
  0.0652772
  0.0186692
 0.00227109
  0.0417247
  0.0418736
  0.0120647
  0.0442586
   0.037756
  0.0350189
  0.0512395
  0.0415716
  0.0252791
  0.0153718
 0.00674163
 0.00425512
  0.0168802
  0.0252697
  0.0137138
0.000439654
  0.0217337
  0.0112872
  0.0308478
   0.039122
  0.0222622
  0.0164418
 0.00925826
 0.00264262
  0.0596901
  0.0471288
  0.0491517
  0.0400964
  0.0526781
  0.0187947
  0.0307067
   0.018177
  0.0352691
  0.0143839
  0.0155751
  0.0185824
  0.0250536
 0.00490791
 0.00781623
  0.0351386
  0.0568143
  0.0024104
  0.0117895
  0.0184999
  0.0154265
  0.0232024
 0.00345026
 0.00343001
  0.0234215
  0.0223205
  0.0393474
  0.0221751
 0.00977776
  0.0609053
  0.0188852
  0.0203989
  0.0343847
  0.0138266
 0.00883565
  0.0155064
 0.00914282
  0.0212558
  0.0508448
  0.0482473
  0.0530979
  0.0508334
  0.0202586
  0.0106546
  0.0191952
  0.0170614
  0.0223132
  0.0184293
  0.0126477
 0.00526616
  0.0241844
  0.0218538
  0.0346998
  0.0195676
 0.00324782
  0.0225948
  0.0468795
  0.0119247
  0.0133791
0.000942104
 0.00964287
 0.00964323
  0.0516634
   0.053032
  0.0456975
 0.00436851
  0.0221608
  0.0202422
   0.012983
  0.0142028
  0.0243007
  0.0255279
 0.00442187
  0.0206653
 0.00857008
 0.00475563
  0.0148535
  0.0119785
  0.0140274
   0.010857
  0.0285674
  0.0177693
  0.0175146
  0.0048739
   0.025249
  0.0211551
 0.00101134
 0.00278322
 0.00971391
  0.0145356
  0.0139403
  0.0502071
   0.066859
  0.0234427
  0.0532079
  0.0539706
  0.0634397
   0.020171
  0.0104645
  0.0552068
  0.0146869
  0.0203582
  0.0347762
  0.0626187
 0.00935409
  0.0141912
  0.0059641
  0.0117802
  0.0767081
  0.0221005
  0.0173621
  0.0143712
  0.0317433
  0.0178992
  0.0204376
  0.0206898
  0.0155092
  0.0195753
  0.0167234
  0.0211121
  0.0105536
  0.0211707
  0.0170358
  0.0226856
  0.0209329
9.42294e-05
 0.00278123
  0.0128914
  0.0213506
  0.0143832
  0.0123089
   0.019874
  0.0176564
  0.0155763
  0.0538048
  0.0549937
  0.0341068
  0.0196058
 0.00175313
 0.00391979
 0.00461188
  0.0201513
  0.0223401
   0.016096
  0.0308531
  0.0210423
  0.0235699
  0.0173367
 0.00994953
   0.019743
  0.0204776
    0.01036
  0.0183666
   0.012586
  0.0588751
   0.035512
  0.0146405
  0.0133086
   0.015054
  0.0349369
  0.0176569
   0.015376
 0.00798179
 0.00444609
 0.00273173
  0.0162253
  0.0249853
  0.0633625
  0.0379448
 0.00368831
  0.0137956
 0.00669869
  0.0162838
  0.0139671
   0.017311
 0.00643336
  0.0580852
  0.0673682
  0.0508448
  0.0502028
  0.0138513
   0.011741
 0.00461275
   0.015367
  0.0633331
  0.0125692
 0.00828536
   0.007634
  0.0139855
  0.0178667
  0.0183027
  0.0220291
 0.00502277
  0.0170614
  0.0127496
  0.0220262
  0.0275431
  0.0301567
 0.00759498
 0.00624882
  0.0122017
 0.00248866
  0.0166401
  0.0185361
 0.00111705
  0.0190305
 0.00350133
  0.0032277
 0.00967385
   0.014252
  0.0173433
  0.0204309
  0.0178529
  0.0241369
  0.0178147
  0.0164328
  0.0128163
  0.0104663
  0.0210616
  0.0274889
   0.023946
  0.0290538
  0.0277559
  0.0213398
 0.00424699
  0.0174103
  0.0190917
  0.0162294
  0.0117177
 0.00658044
  0.0227202
 0.00852744
  0.0023613
 0.00751906
  0.0490239
  0.0458336
 0.00984762
    0.00864
  0.0212855
  0.0103081
  0.0247944
  0.0176443
  0.0152226
  0.0156978
  0.0298309
  0.0208243
 0.00983468
  0.0165155
  0.0189174
 0.00109931
  0.0169335
  0.0156092
  0.0184487