 7.17952
 10.3733
 3.58403
 10.1792
 4.11357
 7.02476
 7.07183
 1.40834
 2.52127
  4.8446
 3.03867
 2.22422
 6.68918
 4.59934
 7.13105
 10.6441
 10.1429
 6.05129
 7.69488
 3.50939
 1.76769
 8.36741
 3.03661
 11.6175
 7.39608
 5.02824
  10.111
 9.05319
 2.41727
0.446311
 9.80668
 13.2208
 13.5129
 8.19276
  15.258
 5.49176
  13.282
 13.6122
 9.81019
  3.2704
 3.12506
  7.9046
 5.65243
 5.08723
 5.92721
 6.93763
 18.9666
 11.3071
 9.40475
 10.2866
 9.93858
0.987545
 7.17496
 8.97529
 1.90331
 4.76839
 15.8595
  11.289
 11.4459
 16.9155
 12.9091
 4.58898
    9.22
 8.48383
 8.69945
 11.9953
  85.312
 11.3604
 11.8285
 8.26608
 2.70689
 1.95715
 1.75346
 3.50012
 4.50702
 4.50441
 4.10909
 5.22198
 10.8709
 10.8096
 9.27682
 4.99669
 8.04003
 2.00164
  8.5792
 7.29143
 11.3625
 5.05381
 9.01864
 3.99665
0.962458
 12.1687
 10.5461
 13.2662
 4.34753
 7.64111
 13.2821
  3.2704
   4.563
 9.09593
 2.51108
 4.11352
 3.89159
 8.86362
 6.49739
 5.92721
 10.3405
 10.8613
 8.87345
 10.7435
 11.8577
 16.1229
 11.6583
 9.80237
 6.83139
 10.0214
 4.50037
 1.62064
 4.76839
 15.8597
 16.7866
 11.8428
 16.1009
 10.8178
 11.8081
 11.9491
 17.3063
 5.00089
 5.92824
 4.40611
 11.1812
  8.5993
 6.32217
  13.485
 9.87872
 2.70704
 5.00852
 18.2636
 17.3061
 12.8431
 6.21918
   3.958
 10.0572
  11.807
 2.36041
 10.2643
  8.5993
 3.10122
 2.17592
 7.48441
 14.3685
 9.60593
 8.77602
 8.19858
 7.89787
 9.40475
 2.64782
 3.14498
  8.1928
   13.49
 13.4847
 11.0608
 2.25689
 11.6245
 9.80544
 15.8591
  10.394
 10.5453
 10.4957
 7.08875
 2.72426
 2.25168
 10.5228
  7.6947
 11.7915
 9.18459
 4.27366
 5.92721
 7.10865
 5.56528
  5.2224
  2.4718
 7.36927
 8.90903
 9.10515
 11.8314
 15.8594
 7.61618
 11.0893
 8.54613
  12.843
 16.4721
 7.48267
 2.17583
 2.11831
 1.87545
 9.78151
 10.4953
 8.85847
 10.0572
 4.65652
 11.8067
 10.6873
 11.1358
 10.7099
 9.76283
 9.45307
 2.41443
 5.29009
 2.33741
 2.48806
 15.2919
 14.3685
 2.42681
 12.1143
  9.7161
 6.65196
 9.09928
 7.08825
  3.6432
 13.5812
 7.83158
 2.72376
 13.2078
 7.18163
 8.47287
 5.92721
 6.09815
 6.66074
 8.88876
 12.9721
 6.21918
 13.2662
 10.0585
 4.09457
 4.74359
 14.3685
 7.48441
 3.11747
 7.23777
 7.41646
  6.0075
 13.7191
 15.0147
 13.7134
 9.50138
 3.40847
 3.41134
 13.2078
 1.00969
 3.53939
 2.75293
 2.99428
 7.06558
 9.66817
 7.90453
 2.61239
 11.1215
 9.01864
 13.2819
 6.26604
 2.67759
 13.2663
 1.18366
 2.53636
  13.669
 6.96717
 13.7136
 1.87555
 2.99441
 12.2965
 6.53549
 3.79018
 8.64195
 2.48806
  10.701
 13.6812
 9.21138
 9.01968
 6.26597
 13.2662