  0.0312179
  0.0189109
  0.0248086
  0.0121359
  0.0107383
  0.0395906
  0.0303709
  0.0268538
  0.0250527
  0.0156517
  0.0239659
  0.0121301
  0.0129039
  0.0308688
 0.00962875
  0.0105096
   0.015902
   0.015879
   0.017047
  0.0339316
  0.0207296
  0.0198257
  0.0114096
  0.0203957
   0.022243
  0.0106628
    0.01417
  0.0164938
  0.0153826
  0.0123837
  0.0277681
  0.0172349
  0.0161052
 0.00595602
  0.0150519
  0.0168064
  0.0127392
 0.00990644
  0.0159605
 0.00934846
  0.0100362
 0.00493332
   0.017175
  0.0188261
 0.00535215
  0.0122161
  0.0167289
  0.0189437
  0.0155867
  0.0178855
   0.020666
  0.0223811
  0.0220646
 0.00939856
  0.0153911
  0.0209615
 0.00687764
  0.0162875
   0.031391
 0.00473193
  0.0185427
 0.00556219
  0.0144307
   0.015224
  0.0198985
  0.0145938
  0.0188972
  0.0134844
   0.013339
  0.0154735
  0.0187051
  0.0168959
  0.0178725
 0.00941272
  0.0134356
  0.0181034
  0.0145521
  0.0105547
  0.0147871
  0.0143719
  0.0177168
 0.00806963
  0.0225958
  0.0152314
  0.0184765
  0.0123984
  0.0160627
  0.0182633
  0.0207703
  0.0115344
   0.016004
  0.0137953
  0.0146123
  0.0121279
  0.0177349
  0.0118164
  0.0148229
   0.012448
  0.0176549
  0.0140138
  0.0142395
  0.0171797
  0.0164656
 0.00626897
  0.0162686
  0.0333757
  0.0110953
 0.00406633
  0.0137637
  0.0119441
  0.0267156
  0.0150152
  0.0152451
  0.0136783
 0.00803827
  0.0202837
  0.0135957
  0.0130461
  0.0122197
  0.0166632
  0.0121611
  0.0133049
   0.015782
  0.0169868
  0.0149995
  0.0377049
  0.0371119
  0.0942138
   0.017698
  0.0176266
   0.015715
  0.0188235
  0.0583336
  0.0119822
  0.0127826
  0.0177729
  0.0866392
  0.0933795
  0.0183525
  0.0930295
  0.0138134
  0.0193812
  0.0142468
  0.0155146
 0.00905043
  0.0106537
  0.0152136
  0.0149561
  0.0109571
   0.019674
  0.0183167
  0.0180032
  0.0133655
  0.0249029
 0.00449759
  0.0146254
  0.0110133
  0.0188405
  0.0118921
  0.0144318
  0.0123882
 0.00701553
  0.0946993
  0.0162001
  0.0166331
  0.0181763
  0.0133155
  0.0118891
  0.0153099
   0.014066
  0.0132796
  0.0137576
  0.0130953
  0.0156764
  0.0150567
 0.00456628
  0.0220117
   0.014909
  0.0189276
  0.0199143
  0.0161729
  0.0165195
  0.0205604
  0.0198033
  0.0153826
  0.0178675
  0.0132076
  0.0103073
  0.0144748
  0.0170713
   0.013053
  0.0141288
  0.0122057
  0.0150625
  0.0172499
  0.0124814
  0.0186028
 0.00997919
  0.0169725
  0.0160038
  0.0126673
  0.0193902
 0.00853745
 0.00830953
  0.0156595
  0.0201939
  0.0130107
  0.0219348
  0.0119316
  0.0138464
  0.0104219
  0.0117666
  0.0109033
   0.009923
  0.0151452
  0.0158137
  0.0108914
  0.0149211
  0.0214367
  0.0182906
   0.018207
 0.00819872
  0.0140185
  0.0179022
  0.0203091
  0.0168649
  0.0159043
  0.0147964
  0.0137848
  0.0182883
   0.022443
 0.00522422
   0.014427
  0.0505742
  0.0124366
  0.0196482
  0.0197408
  0.0139081
   0.013438
  0.0161889
  0.0185019
  0.0228147
  0.0142559
  0.0126408
  0.0155534
  0.0150535
  0.0153305
  0.0154206
  0.0128699
  0.0160951
  0.0172063
 0.00343725
  0.0220622
  0.0181093
 0.00778894
  0.0064239
  0.0252159
  0.0154721
  0.0152848
  0.0144229
 0.00992095
  0.0107971
  0.0130247
  0.0157611
 0.00384037
   0.015322
  0.0116841
  0.0170177
  0.0162677
  0.0166385
  0.0158653
  0.0197875
 0.00747115
  0.0193482
  0.0227181
  0.0101153
  0.0175511
   0.014837
   0.015439
 0.00292246
  0.0135502
  0.0148744
   0.004814
  0.0189096
  0.0113448
  0.0132511
  0.0154917
  0.0134157
  0.0225158
  0.0143228
  0.0149302
  0.0301149
  0.0064758
  0.0133297
  0.0155506
  0.0147076
   0.019344
 0.00607394
  0.0150523
  0.0150541
  0.0177962
  0.0191551
   0.020989
  0.0122856
  0.0160183
 0.00390245
  0.0142033
  0.0162559
  0.0126353
  0.0119819
  0.0184815
  0.0158278
  0.0154565
 0.00569598
 6.7256e-05
 0.00845487
  0.0182337
  0.0169487
  0.0263137
  0.0219977
  0.0133389
  0.0180946
  0.0164127
  0.0150409
0.000390861
 0.00099248
  0.0128859
  0.0171185
  0.0107047
  0.0178108
  0.0172134
  0.0191368
  0.0131019
  0.0153214
  0.0511633
  0.0723687
  0.0160185
  0.0210109
  0.0474958
  0.0297261
  0.0507402
   0.014461
  0.0141361
 0.00886519
  0.0159956
  0.0164546
  0.0198682
  0.0294865
  0.0195062
  0.0154926
  0.0145678
  0.0117781
  0.0144911
  0.0178794
  0.0172126
  0.0130464
 0.00953111
  0.0171166
  0.0158899
  0.0150829
   0.018559
 0.00524636
  0.0167141
  0.0193298
  0.0170008
 0.00702708
 0.00224794
   0.018122
  0.0146622
 0.00236452
  0.0134471
 0.00337852
  0.0158556
  0.0156428
     0.0208
  0.0136799
  0.0129329
  0.0152574
  0.0100343
  0.0185064
  0.0162334
  0.0199232
  0.0134765
  0.0179393
  0.0194042
  0.0178433
  0.0201146
  0.0164178
  0.0139016
  0.0159015
  0.0181728
   0.016594
  0.0132872
  0.0228452
  0.0118341
  0.0172598
  0.0212585
  0.0151029
0.000819154
 0.00124657
 0.00972738
 0.00155004
  0.0157183
   0.113521
   0.119838
  0.0136865
  0.0114818
  0.0204426
  0.0200518
  0.0186344
  0.0171575
  0.0197184
  0.0195114
0.000411637
  0.0163573
 0.00140495
  0.0204315
  0.0429156
  0.0132288
  0.0214889
  0.0165112
  0.0211635
 0.00246477
 0.00604389
  0.0165181
   0.015891
  0.0180325
  0.0164244
  0.0170627
 0.00297331
  0.0123275
  0.0125657
  0.0141763
   0.018189
  0.0163569
  0.0101746
  0.0178412
 0.00928513
  0.0161873
  0.0178824
  0.0200105
  0.0139949
  0.0152122
  0.0319697
  0.0403102
    0.04615
  0.0566055
  0.0297572
 0.00613368
  0.0152277
  0.0190603
 0.00541468
  0.0140626
 0.00987059
  0.0148254
  0.0196398
  0.0189651
 0.00759538
  0.0155866
  0.0136558
 0.00842361
  0.0206578
  0.0166283
  0.0142591
 0.00736551
  0.0202008
  0.0195919
  0.0139448
   0.035084
   0.055281
  0.0129521
 0.00701037
  0.0418183
  0.0342458
  0.0188994
 0.00242727
  0.0212162
  0.0207117
  0.0243581
  0.0211986
  0.0976529
  0.0884335
  0.0240919
  0.0226325
  0.0198115
  0.0212783
 0.00585198
  0.0172367
  0.0484563
  0.0868003
 0.00771544
  0.0598548
  0.0962996
  0.0550287
  0.0149008
  0.0172759
  0.0963494
  0.0220696
  0.0024195
 0.00244491
  0.0125506
   0.023228
  0.0217467
  0.0113975
  0.0107074
  0.0373302
  0.0130468
  0.0209444
0.000205943
 0.00329582
  0.0557159
  0.0014524
 0.00203211
 0.00540778
  0.0108559
  0.0822252
  0.0259829
   0.058201
  0.0154088
 0.00327214
  0.0562898
  0.0912983
   0.055476
  0.0144376
  0.0168942
  0.0325664
  0.0140406
  0.0172041
 0.00449813
 0.00231347
  0.0950922
  0.0945917
  0.0884025
   0.118737
  0.0136102
 0.00659751
   0.021255
  0.0146012
  0.0210305
  0.0725503
  0.0777239
  0.0956976
  0.0815786
  0.0953362
  0.0864973
  0.0112146
  0.0143891
 0.00179162
 0.00459549
  0.0243686
 0.00568099
  0.0193304
  0.0687962
  0.0131302
  0.0152006
  0.0997744
  0.0143034
  0.0165995
 0.00445774
  0.0164393
  0.0209223
  0.0152759
  0.0117383
  0.0134417
  0.0414661
  0.0157578
  0.0588239
 0.00849691
  0.0180856
  0.0160198
 0.00233832
  0.0100946
  0.0214707
    0.10161
  0.0154076
  0.0237176
  0.0123034
  0.0132058
  0.0536365
 0.00870156
  0.0127516
 0.00463373
  0.0135339
 0.00352572
 0.00521929
  0.0044232
  0.0865847
  0.0296255
  0.0486659
  0.0382559
  0.0447369
  0.0494304
  0.0507792
  0.0415083
  0.0538102
  0.0373478
  0.0945094
  0.0880208
   0.014441
 0.00444856
   0.102049
  0.0161692
  0.0240275
  0.0158508
   0.107704
  0.0986818
  0.0675118
0.000816682
1.67992e-05
  0.0512059
   0.086953
  0.0699174
  0.0110935
   0.102753
   0.119945
  0.0220292
  0.0188245
  0.0217927
  0.0111582
  0.0140607
 0.00255877
  0.0113196
  0.0595082
  0.0527559
  0.0884335
 0.00129448
  0.0615028
  0.0334682
  0.0917846
  0.0181901
  0.0295871
0.000959576
0.000906315
   0.013846
  0.0109937
  0.0118218
  0.0173558
  0.0349728
  0.0675958
  0.0562633
  0.0952831
  0.0565121
  0.0304031
  0.0579731
   0.102546
  0.0206965
  0.0168689
  0.0206371
  0.0139184
  0.0772596
  0.0219371
  0.0213426
  0.0204608
  0.0177488
  0.0210247
  0.0168017
  0.0162977
  0.0123479
  0.0207149
  0.0126136
  0.0212115
  0.0170954
 0.00912089
 0.00372192
 0.00161503
  0.0149471
  0.0913572
  0.0885294
  0.0866667
  0.0155776
  0.0140206
 0.00205337
  0.0165965
 0.00733667
  0.0351631
  0.0226504
  0.0143739
    0.01403
  0.0133535
  0.0178228
  0.0122822
  0.0216507
0.000770164
  0.0165427
  0.0141548
  0.0130308
  0.0146172
  0.0139671
   0.115521
   0.109191
   0.033475
  0.0393845
 0.00795393
  0.0160277
  0.0184983
  0.0111755
   0.013838
  0.0103487
 0.00671548
  0.0585944
 0.00032904
  0.0118803
  0.0977557
  0.0186449
  0.0129053
  0.0128603
   0.014063
  0.0385602
  0.0287699
   0.109223
   0.112492
  0.0826823
  0.0503129
  0.0167956
  0.0155296
  0.0141749
  0.0125458
  0.0120367
  0.0100297
  0.0138472
 0.00623686
  0.0165146
  0.0106172
  0.0122075
   0.017147
   0.011209
  0.0266936
   0.104762
  0.0960712
  0.0205089
  0.0178412
  0.0186213
  0.0724131
  0.0159552
  0.0886629
  0.0143821
  0.0244185
  0.0310016
  0.0582108
 0.00638516
   0.112684
    0.01071
 0.00605513
  0.0143402
  0.0203663
  0.0332252
   0.014138
  0.0914392
 0.00395156
 0.00758131
  0.0155975
  0.0089124
  0.0162392
  0.0891512
  0.0200228
   0.013913
 0.00941462
  0.0117521
 0.00116641
 0.00786775
   0.010207
  0.0128659
  0.0148679
  0.0122078
   0.014298
   0.100186
  0.0898619
0.000636181
   0.088623
  0.0007347
  0.0983282
  0.0164836
  0.0137368
 0.00225241
 0.00663978
  0.0172658
  0.0119956
  0.0107833
   0.037183
  0.0218972
  0.0127776
  0.0152774
  0.0287614
  0.0155147
   0.020102
  0.0094004
 0.00908884
  0.0114667
 0.00604695
   0.016799
  0.0200876
   0.112983
  0.0139836
  0.0258079
  0.0200085
  0.0107987
  0.0152168
  0.0704504
   0.106299
 0.00648515
  0.0134009
  0.0125344
  0.0115892
 0.00952156
  0.0167617
  0.0148687
  0.0151603