 9.04233
 9.47029
 6.36566
 5.52737
 7.62777
 10.7133
 9.67026
 16.2489
 10.0766
 9.28703
   9.136
 14.0141
 12.2051
 2.40461
 2.46283
 10.7169
 10.9705
 7.63954
 9.08115
 9.11771
 3.39713
 4.55367
 4.51987
 14.2431
 10.6138
 5.37662
 10.7338
 15.7333
 4.98747
 7.60096
 17.5063
 15.2246
 20.6084
 19.4518
 22.1094
 15.1687
 13.1898
 8.70498
 14.1778
 10.6386
 19.9317
 15.2037
 16.9488
 12.9301
 11.2942
 17.1029
 15.9482
 15.1959
 14.5357
 13.6138
 13.8761
 13.8493
 9.58948
 5.44205
 9.49113
 10.1776
 13.7546
 13.0065
 4.82507
 5.72971
 8.24638
 7.78268
 10.0487
 9.85686
 6.40643
 3.67536
  3.3711
 2.24672
  2.5301
0.859573
 1.59851
 11.3733
 15.1982
 14.2886
 14.5961
 9.37266
 8.62555
  12.205
 2.51061
0.859573
 11.8672
 13.1129
 9.90314
 12.1369
 16.8522
 4.33309
   4.341
 13.1911
 10.6138
 9.37218
 4.82085
 5.53559
 6.09185
 7.78296
 5.43689
 9.05191
 12.6026
 9.23804
 19.9317
 15.0298
 15.2033
 18.1035
 4.18666
 12.9205
 12.6257
 12.7088
 10.0474
 3.54591
 5.16907
 16.8322
 15.2246
  7.0159
 13.8493
 10.1358
 10.1776
 11.1931
  11.915
 14.4303
 14.4307
 8.59066
 10.3619
 4.20947
 12.8689
 10.7325
 7.42634
 5.44187
 4.15525
 3.69756
 3.61308
 1.48859
 14.0813
 14.1533
 13.6973
 15.2325
 14.1728
 6.49051
 3.24136
 4.38803
 8.37867
  9.2482
 9.49107
 12.8044
 11.0045
 9.58966
 10.0764
 5.74699
 7.56008
 2.31249
 16.1126
  13.712
 13.8735
 13.4951
  13.806
 12.9208
 8.71271
  5.6351
  12.603
  11.294
 20.6851
 22.1093
 1.80515
0.859345
 10.0487
 4.82085
 2.64708
 4.18666
 3.81059
   4.341
 18.1035
  8.2298
 10.9199
  4.4594
 14.3575
 12.7165
  6.4874
 5.05885
 9.20586
 10.8637
  9.2236
 9.66253
 14.9819
 13.8505
 13.7873
 1.54624
  3.6231
 17.0655
 7.01512
 19.9311
 15.3468
 4.75658
 4.06091
 4.54829
 14.4804
 14.5357
 4.15525
 3.61308
 3.49132
 3.56376
 1.55482
 3.28271
 9.20312
 11.7147
 13.2341
 15.6395
 15.4258
  15.295
 5.02812
 3.40042
 7.37203
 9.49173
 2.40412
 7.78296
 16.2218
 13.3909
 13.9208
 12.8048
 11.0031
 6.34542
 12.9211
 11.2466
 13.8493
 13.7462
  12.477
 4.38222
 7.63826
  16.425
 9.78056
 10.8636
 8.58774
 5.08658
 7.66321
 4.70378
 2.65491
 1.88917
 4.15596
 3.61363
 4.19689
 1.48793
 2.41362
 3.96269
 19.9301
 18.0662
 11.2848
 12.0709
 7.92722
 14.0045
 11.3606
 14.5361
  13.006
 13.1898
   9.448
 14.4799
 4.80298
 7.25872
 9.98958
 10.8892
 5.96444
 9.05193
 20.3447
 4.10217
 12.4016
 4.60109
  3.3299
 5.40033
 14.0174
 9.49113
 10.9848
 8.68971
 3.67211
 8.68464
 4.67219
 9.19892
 5.63468
 16.1858
 16.1985
 4.41353
 7.83897
 3.87328
0.859573
 11.2964
 10.9415
 17.5197
  9.2236
 5.83019
 13.4993
 4.15596
 4.51774
  21.574
 13.6443
 8.24979
 13.8742
 15.4283
 3.25919
 3.48846
 6.41961
 12.9234
 11.6164
 11.7112
 11.6312
 4.89173
 10.5598
 2.40469
 4.80298
 5.72913
 10.8759
 6.52829
 6.71177
 9.98991
 4.70811
 3.85361
 5.00187
 13.2959
  13.753
 3.19108
 1.48464
 9.85676
  20.685
 17.4949
 12.6257
 13.7482
 3.79715
 7.63777
 10.8901
 9.98978
 4.84266
 13.7398
 13.7462
 12.7855
 10.7132
 8.24979
 12.7166
  5.0156
 4.38937
 7.50164
 11.5384
 7.35322
 8.24262
 16.5972
   3.966
 4.20938
 6.76448
 13.4444
 9.10964
 11.1326
 15.3365
 15.3209
 15.9739
 13.1918
 4.34068
 4.55324
 12.6343
  7.6382
 2.30673