  0.0165153
  0.0141044
  0.0141904
  0.0123763
 0.00627793
  0.0127863
  0.0160203
  0.0168175
   0.014704
  0.0094074
  0.0112064
 0.00538056
 0.00780737
  0.0048655
   0.016086
  0.0115421
     0.0111
  0.0083017
  0.0116857
  0.0118587
  0.0113594
  0.0106236
 0.00477047
  0.0106459
 0.00965619
 0.00859133
  0.0144512
   0.016594
  0.0156715
  0.0029209
 0.00996996
   0.010828
 0.00729168
 0.00731978
  0.0244785
  0.0177599
  0.0196823
  0.0130796
  0.0128763
  0.0132933
 0.00777864
 0.00450174
  0.0116206
  0.0141586
 0.00715889
  0.0135599
 0.00678117
  0.0107905
  0.0234233
  0.0162836
  0.0215066
    0.01112
  0.0139001
 0.00917153
  0.0120259
  0.0225358
 0.00890126
 0.00902746
 0.00535068
 0.00866601
 0.00687447
  0.0153829
  0.0244702
 0.00501872
 0.00692825
 0.00377353
 0.00139403
 0.00143162
 0.00256083
 0.00866081
 0.00785805
 0.00577455
  0.0153736
  0.0106091
  0.0119468
  0.0103375
  0.0166984
 0.00985122
 0.00369429
 0.00233496
 0.00407065
 0.00408398
  0.0265808
   0.022322
 0.00599916
 0.00747657
  0.0115178
 0.00384317
  0.0140517
  0.0118303
  0.0126733
  0.0166925
   0.022568
  0.0110538
  0.0136312
 0.00974627
 0.00449407
  0.0109826
 0.00509941
   0.012724
 0.00721004
  0.0288795
  0.0157467
  0.0162558
 0.00169131
  0.0229866
  0.0179579
 0.00651788
   0.013914
 0.00853775
 0.00799509
 0.00978159
  0.0135822
   0.014497
   0.011379
  0.0023053
  0.0106492
  0.0180836
 0.00285285
   0.010942
  0.0128769
  0.0073571
 0.00582441
 0.00714015
  0.0107085
 0.00736928
 0.00604186
 0.00627691
 0.00847196
 0.00424982
  0.0120883
 0.00124862
 0.00789435
  0.0186218
 0.00278759
 0.00213904
  0.0140823
  0.0154243
 0.00730402
 0.00990321
  0.0139967
 0.00946956
0.000649457
  0.0218214
  0.0122996
   0.011505
 0.00291346
  0.0183606
 0.00182508
  0.0218561
  0.0138778
  0.0080343
 0.00423449
  0.0127826
  0.0200187
  0.0155684
  0.0231343
  0.0145227
 0.00773569
   0.015531
 0.00780614
 0.00328215
 0.00979166
  0.0130733
  0.0141546
   0.012125
  0.0164196
0.000477243
  0.0154376
  0.0161099
  0.0189739
 0.00756697
  0.0058065
  0.0154814
  0.0164344
 0.00701424
  0.0133771
  0.0185444
  0.0090417
 0.00452258
  0.0139795
  0.0134509
  0.0205203
 0.00788068
 0.00978329
  0.0136552
  0.0185517
  0.0176608
  0.0134934
  0.0106292
 0.00462159
 0.00123512
  0.0089532
  0.0173876
   0.011536
 0.00773375
  0.0414909
  0.0171981
  0.0131561
 0.00273092
  0.0136634
 0.00428162
 0.00158914
  0.0246754
  0.0158593
 0.00599793
  0.0222132
 0.00105214
 0.00901687
 0.00633987
  0.0146781
   0.016497
  0.0227262
  0.0178496
  0.0155473
  0.0144914
 0.00595235
    0.01727
  0.0142854
  0.0122651
   0.010634
 0.00220659
 0.00801124
  0.0244594
  0.0178325
  0.0182233
 0.00573128
 0.00104337
  0.0179268
 0.00159566
  0.0133751
  0.0161438
  0.0180242
0.000295833
0.000370903
 0.00813459
 0.00130932
 0.00174536
  0.0034063
 0.00470375
  0.0215296
  0.0198468
 0.00695945
  0.0194234
  0.0131096
  0.0212181
  0.0159141
  0.0232443
 0.00297264
  0.0141246
  0.0167932
  0.0040934
  0.0139239
  0.0245356
  0.0131382
 0.00272688
 0.00608262
 0.00636855
 0.00413785
  0.0230153
 0.00895661
 0.00268779
 0.00431688
  0.0124481
  0.0192733
  0.0154878
   0.014304
  0.0188129
 0.00333579
     0.0244
 0.00921124
  0.0248164
 0.00619515
  0.0141176
  0.0168614
  0.0134652
  0.0165204
  0.0166084
  0.0250795
   0.011931
 0.00312738
   0.011169
 0.00526361
  0.0099556
  0.0105028
 0.00389907
  0.0170381
 0.00499698
  0.0224985
  0.0116513
 0.00544798
  0.0176897
  0.0176233
 0.00517465
  0.0235747
  0.0124861
  0.0150013
    0.01648
  0.0080838
  0.0111311
  0.0130092
 0.00929018
  0.0229021
  0.0171913
  0.0152698
  0.0151932
  0.0151316
  0.0209887
0.000279186
    0.01491
  0.0153965
  0.0108203
  0.0160697
   0.011373
  0.0108959
 0.00554912
  0.0278253
  0.0169321
  0.0160745
  0.0119478
  0.0230984
  0.0157143
  0.0144028
 0.00197253
  0.0158887
  0.0171616
  0.0246723
 0.00930243
  0.0155335
  0.0144976
  0.0129433
 0.00665372
 0.00184712
  0.0380995
0.000572054
  0.0204422
  0.0054655
 0.00822251
 0.00850865
  0.0124755
  0.0130865
 0.00941309
  0.0148265
  0.0187903
  0.0123331
  0.0162774
  0.0119703
 0.00798501
  0.0200632
 0.00110569
  0.0113672
 0.00993298
  0.0126181
  0.0146016
  0.0126601
   0.015563
   0.013309
  0.0134433
 0.00347434
   0.014502
 0.00985473
 0.00748407
  0.0174775
 0.00718786
  0.0277969
  0.0166795
  0.0122371
  0.0459449
  0.0126804
 0.00749743
   0.015727
 0.00401567
 0.00431533
  0.0145703
 0.00634875
  0.0286671
  0.0133262
 0.00366033
  0.0182088
  0.0249767
  0.0234133
  0.0030996
  0.0231284
  0.0144315
  0.0152745
 0.00859858
  0.0124802
  0.0137093
0.000360627
  0.0157189
 0.00723818
  0.0135454
  0.0178132
  0.0305678
  0.0218007
  0.0260454
  0.0125029
  0.0116334
0.000876274
 0.00428854
  0.0106131
  0.0310026
  0.0138979
  0.0300033
  0.0489513
  0.0374357
  0.0131981
 0.00300586
  0.0327971
 0.00559007
 0.00721342
3.12034e-05
   0.024099
  0.0353251
  0.0209087
  0.0136053
 0.00728019
 0.00525108
 0.00387252
  0.0138184
  0.0140861
 0.00835086
 0.00313764
  0.0356821
 0.00263856
  0.0271074
 0.00122063
   0.011742
  0.0116862
 0.00273299
 0.00294154
  0.0178129
 0.00670889
  0.0135166
 0.00049332
  0.0144418
  0.0207436
 0.00642194
 0.00808329
  0.0134209
  0.0403241
  0.0125639
 0.00970382
  0.0201042
 0.00747873
  0.0243751
  0.0266048
  0.0156437
 0.00264186
  0.0142457
 0.00519819
  0.0137309
  0.0215428
  0.0119363
 0.00833518
  0.0482264
  0.0134892
   0.027444
   0.015716
  0.0323242
 0.00679151
  0.0195234
 0.00321711
  0.0209625
  0.0316492
0.000473603
 0.00549529
  0.0133611
 0.00577248
 4.8972e-06
  0.0422281
  0.0497226
 0.00334407
  0.0087526
 0.00225353
 0.00348761
  0.0205916
  0.0110013
  0.0157636
0.000567731
 0.00208778
  0.0378801
0.000418817
 0.00137282
   0.046925
  0.0173591
   0.021559
  0.0153767
  0.0151926
  0.0204679
  0.0126381
   0.025827
   0.012472
 0.00268131
  0.0114268
  0.0136452
 0.00890981
  0.0124386
  0.0041514
  0.0238617
 0.00393948
  0.0117327
   0.011396
  0.0126853
 0.00317699
 0.00874889
 0.00150634
    0.02222
 0.00849199
 0.00745796
 0.00105121
 0.00756495
  0.0137149
 0.00884003
  0.0117657
 0.00135525
  0.0126099
 0.00274822
 0.00874195
 0.00913856
  0.0100485
 0.00713514
  0.0105296
 0.00356887
   0.023172
 0.00983228
  0.0127773
  0.0137448
  0.0085871
  0.0218463
 0.00134028
0.000560849
  0.0296657
 0.00443272
 0.00820176
  0.0179395
  0.0125319
  0.0100752
  0.0371278
  0.0157257
 0.00677838
  0.0197181
  0.0172418
 0.00418423
  0.0179995
  0.0132967
 0.00187109
 0.00208904
  0.0146915
 0.00505751
 0.00910548
  0.0117195
  0.0103755
 0.00934767
  0.0183112
  0.0143552
 0.00330973
  0.0146952
 0.00590337
  0.0544705
  0.0477385
  0.0343774
  0.0384338
  0.0294145
  0.0485016
  0.0250213
  0.0367452
  0.0122797
  0.0270574
  0.0182105
   0.010568
  0.0130751
 0.00054583
  0.0165437
 0.00126595
0.000125661
  0.0210676
 0.00185531
   0.017053
  0.0282276
  0.0290089
  0.0424028
  0.0146257
 0.00211793
  0.0263572
  0.0144965
  0.0140064
  0.0216504
  0.0149157
 0.00641246
  0.0135262
  0.0188283
  0.0431773
  0.0109117
   0.017243
 0.00028001
  0.0066798
  0.0220224
  0.0176478
 0.00180506
  0.0334068
 0.00351483
  0.0123484
  0.0106387
  0.0205715
  0.0326627
  0.0152659
  0.0170933
 0.00210184
  0.0169536
  0.0180339
  0.0109018
 0.00762661
  0.0527597
  0.0120252
  0.0491616
  0.0168732
  0.0182507
  0.0506673
  0.0156026
  0.0168251
 0.00225943
  0.0114483
  0.0127448
  0.0579938
  0.0237779
 0.00234713
  0.0417692
  0.0406512
 0.00254546
  0.0427368
  0.0267968
  0.0282779
  0.0480448
  0.0409915
  0.0201021
  0.0112789
    0.00489
  0.0101002
  0.0138502
 0.00428218
  0.0217276
  0.0143304
  0.0394109
  0.0239521
  0.0136148
  0.0101479
  0.0023198
  0.0470317
  0.0451278
  0.0269482
  0.0480561
  0.0168275
  0.0112819
  0.0185878
  0.0165756
   0.023993
0.000550311
  0.0295256
  0.0523714
    0.02486
  0.0014796
   0.026576
  0.0176756
  0.0192039
  0.0136531
  0.0212787
  0.0498753
  0.0504695
  0.0202687
  0.0167442
  0.0150846
  0.0103146
 0.00129681
  0.0290237
  0.0152644
  0.0457226
   0.017487
 0.00981847
  0.0243317
  0.0192115
  0.0111035
   0.012857
  0.0225081
 0.00297977
  0.0202341
  0.0167935
  0.0211863
  0.0166223
  0.0502915
  0.0214835
  0.0533803
  0.0150901
  0.0105542
 0.00401655
  0.0214931
  0.0320143
  0.0159762
  0.0145778
  0.0131991
  0.0147549
  0.0419694
  0.0523947
  0.0173806
  0.0400374
  0.0187485
0.000503284
  0.0247074
 0.00718227
  0.0194362
  0.0188522
  0.0028346
6.57933e-05
 0.00698026
 0.00975967
  0.0518269
  0.0122706
  0.0150846
  0.0151393
 0.00389627
  0.0241444
  0.0098521
  0.0119029
  0.0100901
  0.0147461
  0.0554558
  0.0133589
  0.0165771