  0.0224507
  0.0267471
  0.0120473
  0.0102073
  0.0305879
  0.0248609
  0.0121121
0.000715644
  0.0209785
  0.0160328
  0.0217239
  0.0238815
   0.024612
  0.0138582
  0.0275589
  0.0271431
  0.0291242
  0.0177963
  0.0214811
  0.0262969
  0.0215291
  0.0114296
  0.0248731
  0.0146284
 0.00646034
  0.0175411
  0.0242776
  0.0225871
  0.0240111
  0.0271163
  0.0112354
  0.0260865
  0.0210398
  0.0234387
  0.0309726
  0.0235965
  0.0171715
  0.0219517
  0.0213521
  0.0227135
  0.0288728
  0.0161678
  0.0295867
  0.0153226
  0.0278232
  0.0254182
  0.0215185
  0.0242073
  0.0189601
   0.018904
  0.0209262
  0.0200113
  0.0151354
  0.0261752
  0.0260598
  0.0227327
  0.0202959
  0.0200327
  0.0249027
  0.0272729
  0.0233695
  0.0080602
  0.0250286
  0.0231786
  0.0202702
   0.020693
 0.00768557
  0.0213566
 0.00539127
  0.0231476
 0.00447517
  0.0186036
   0.022278
   0.021925
 0.00311534
  0.0239435
  0.0219244
  0.0153665
 0.00458827
  0.0223713
  0.0256549
 0.00157709
  0.0208059
 0.00847105
 0.00069667
 0.00901603
  0.0269411
   0.025144
  0.0245318
  0.0208026
  0.0212873
  0.0251783
0.000365053
 0.00650134
 0.00233672
 0.00212787
  0.0228164
  0.0142357
 0.00811243
 0.00363051
 0.00356016
 0.00222238
  0.0194154
  0.0208882
  0.0235426
  0.0238911
 0.00100993
  0.0249691
 0.00629003
 0.00871163
  0.0137807
  0.0127578
  0.0277177
  0.0147125
 0.00894732
 0.00721771
  0.0225657
  0.0192401
  0.0176078
  0.0183491
  0.0124599
  0.0238489
 0.00104032
 0.00716762
 0.00625184
 0.00262357
  0.0243044
  0.0170611
 0.00242983
  0.0256801
 0.00639068
  0.0100874
 0.00221592
  0.0212875
0.000695473
   0.021778
  0.0202553
  0.0289812
  0.0235778
  0.0211206
  0.0152147
 0.00214863
  0.0183861
  0.0202479
  0.0101148
  0.0271667
  0.0118462
  0.0242275
  0.0128124
  0.0089257
 0.00259548
 0.00165594
 0.00203078
 0.00631566
 0.00941661
 0.00444856
  0.0129143
 0.00945871
 0.00388636
 0.00637165
  0.0263571
  0.0110263
 0.00698003
 0.00389033
  0.0150096
 0.00730424
 0.00582954
     0.0258
  0.0022212
  0.0188092
0.000182857
 0.00922533
 0.00927828
 0.00735128
  0.0227571
 0.00732852
 0.00795712
  0.0042295
  0.0117806
 0.00462654
 0.00601105
  0.0234648
  0.0234022
  0.0155827
  0.0227283
 0.00701442
 0.00906688
  0.0154245
 0.00495467
 0.00539702
  0.0150098
  0.0197789
  0.0251065
  0.0118052
  0.0131152
 0.00848697
   0.014485
  0.0017475
  0.0110896
  0.0265134
 0.00755801
 0.00870655
   0.011886
  0.0180018
  0.0187623
 0.00535552
  0.0142288
  0.0257158
 0.00994186
  0.0116983
 0.00787331
  0.0233752
 0.00244274
  0.0130042
  0.0221715
   0.019848
 0.00901603
  0.0176321
 0.00902457
 0.00699946
 0.00542057
  0.0114606
  0.0250926
 0.00333678
  0.0250421
  0.0228632
  0.0189164
 0.00664342
 0.00946014
  0.0132003
  0.0113284
  0.0107933
  0.0253033
  0.0222351
  0.0201628
 0.00110936
  0.0389807
  0.0186079
 0.00864117
  0.0227431
 0.00630359
 0.00689855
 0.00709395
  0.0211606
  0.0161317
 0.00203146
  0.0103431
 0.00560235
  0.0349531
 0.00492552
 0.00632179
  0.0128864
  0.0114281
  0.0217531
  0.0194414
  0.0130929
 0.00746683
  0.0103275
   0.014012
  0.0215465
  0.0149033
 0.00672316
   0.010504
 0.00425851
0.000887612
  0.0211008
 0.00782717
  0.0216535
   0.008944
  0.0212657
 0.00242482
 0.00555388
  0.0158596
 0.00691605
  0.0149637
  0.0118219
  0.0195082
  0.0140665
  0.0116422
  0.0187469
 0.00709496
  0.0128078
  0.0180441
 0.00587174
  0.0112483
  0.0118037
  0.0160057
  0.0132736
 0.00632858
   0.011038
  0.0124439
 0.00408533
  0.0207728
 0.00511832
 0.00367454
 0.00496125
 0.00173189
  0.0139176
  0.0205738
 0.00816558
  0.0160908
  0.0153689
0.000520855
 0.00696264
  0.0135038
  0.0185217
   0.010051
  0.0163249
 0.00965008
  0.0167513
 0.00462274
  0.0148734
 0.00879514
  0.0208229
 0.00192861
   0.013794
  0.0149112
 0.00305128
  0.0205432
 0.00822854
  0.0189523
  0.0197007
 0.00203311
  0.0208174
 0.00116964
  0.0197149
  0.0193753
 0.00228057
 0.00571172
  0.0189511
 0.00915186
  0.0171924
 0.00980362
  0.0207001
  0.0170174
  0.0179416
  0.0176287
 0.00834978
 0.00459835
 0.00499074
 0.00916332
  0.0220039
 0.00114953
 0.00457802
 0.00791233
 0.00564825
  0.0187805
  0.0020849
 0.00334035
 0.00161744
  0.0224104
 0.00297915
 0.00139015
 0.00639828
  0.0218552
  0.0102245
 0.00352473
  0.0401581
  0.0199663
  0.0027497
 0.00736253
 0.00182268
  0.0235711
    0.01896
  0.0113263
  0.0056241
 0.00783113
 0.00223352
 0.00580274
   0.014528
  0.0147749
 0.00693736
  0.0112861
  0.0103111
 0.00883759
  0.0101853
  0.0102453
  0.0210736
  0.0205604
 0.00981248
  0.0113219
 0.00221341
 0.00505827
  0.0108237
  0.0170228
 0.00596848
  0.0260617
  0.0196293
  0.0120127
 0.00737438
  0.0104141
  0.0132115
  0.0158654
 0.00737211
   0.013638
  0.0108739
  0.0114606
  0.0101723
  0.0246823
 0.00443001
 0.00387465
 0.00976117
  0.0104789
  0.0137065
  0.0101342
  0.0151374
  0.0223369
 0.00446582
  0.0203741
  0.0267055
 0.00280145
 0.00544875
 0.00822384
 0.00114991
  0.0154505
 0.00621124
 0.00202858
 0.00483806
 0.00929008
  0.0154865
 0.00224447
  0.0162719
  0.0076825
0.000250242
  0.0067964
  0.0255176
  0.0120482
  0.0118173
  0.0262028
 0.00441013
  0.0122752
 0.00524854
  0.0279742
  0.0109713
 0.00109962
1.58085e-07
  0.0130786
 0.00176384
 0.00484952
 0.00041389
  0.0221011
  0.0045393
  0.0175592
  0.0265052
  0.0117819
 0.00835611
  0.0182775
  0.0158204
 0.00457844
  0.0199562
 0.00102836
 0.00700112
 0.00243338
 0.00719941
 0.00479103
0.000349273
 0.00579405
 0.00904179
 0.00982065
  0.0141367
0.000122413
 0.00725103
 0.00431622
  0.0139991
 0.00137052
 0.00669145
  0.0114139
  0.0107542
  0.0276885
  0.0053609
 0.00925798
  0.0186121
  0.0266827
0.000421059
 0.00821414
 0.00992038
  0.0136171
 0.00102557
 0.00807052
  0.0108113
  0.0523451
  0.0506725
  0.0366357
  0.0119604
  0.0159053
 0.00531821
 0.00439362
  0.0462841
  0.0377805
  0.0178124
   0.031476
  0.0323279
  0.0144042
0.000196876
  0.0126203
  0.0144504
  0.0100313
  0.0180286
 0.00031558
  0.0212943
  0.0114302
  0.0271449
  0.0343506
   0.035727
 0.00734792
  0.0105324
  0.0107975
   0.011485
  0.0147818
  0.0124868
  0.0205663
 0.00617243
 0.00547137
  0.0143542
 0.00407588
 0.00346367
 0.00164692
 0.00307428
   0.010677
  0.0038295
 0.00849979
 0.00974056
  0.0143886
 0.00738794
   0.010986
 0.00785404
0.000601519
 0.00727624
 0.00227663
  0.0053299
 0.00806808
 0.00941507
  0.0104826
 0.00353623
  0.0125611
  0.0048196
 0.00373622
  0.0147119
 0.00257185
 0.00885469
 0.00814504
 0.00815956
 0.00574789
 0.00692291
 0.00796725
 0.00654462
   0.022799
 0.00397931
  0.0140919
 0.00434329
 0.00386916
 0.00904055
   0.012373
0.000168397
  0.0302226
  0.0284373
 0.00461828
  0.0182555
  0.0171509
 0.00570495
  0.0282586
  0.0283235
 0.00576604
 0.00725153
   0.014464
  0.0123357
 0.00528081
  0.0255847
  0.0208022
 0.00125014
 0.00389454
 0.00444154
 0.00595482
 0.00554387
 0.00170797
 0.00517124
 0.00954865
  0.0243623
 0.00502862
 0.00645323
 0.00468865
  0.0183219
  0.0188696
 0.00299474
 0.00999567
 0.00904185
  0.0501283
  0.0471349
  0.0410394
  0.0183519
  0.0128274
 0.00977635
 0.00584711
 0.00567962
 0.00710673
  0.0129508
  0.0110053
 0.00428339
 0.00946701
 0.00397353
 0.00688703
 0.00826076
  0.0101712
 0.00368917
  0.0175893
  0.0156296
  0.0124799
 0.00563552
0.000279532
  0.0148551
 0.00349503
 0.00534298
 0.00933484
 0.00573922
 0.00233853
 0.00587575
 0.00638381
  0.0213923
 0.00926438
  0.0193539
  0.0290002
  0.0283579
 0.00131317
  0.0511162
  0.0278256
  0.0464722
  0.0510533
  0.0493096
  0.0515043
  0.0219966
  0.0115874
 0.00920159
   0.017125
  0.0210834
 0.00502838
  0.0150345
 0.00853186
  0.0292907
 0.00290517
 0.00395087
  0.0113229
  0.0140666
  0.0105036
0.000559247
 0.00511289
 0.00711168
 0.00463566
  0.0226498
 0.00110011
 0.00356123
   0.023766
 0.00530029
 0.00303285
2.12993e-05
  0.0294446
  0.0299555
 0.00593077
  0.0117568
  0.0107965
 0.00997797
   0.013868
 0.00369119
  0.0224672
  0.0102921
  0.0282872
  0.0393284
  0.0198028
 0.00641923
 0.00672731
 0.00268312
0.000464531
  0.0110956
  0.0188519
 0.00201879
 0.00152907
  0.0195619
  0.0103394
 0.00194773
 0.00651691
  0.0383682
 0.00382944
0.000155098
 0.00191062
  0.0235142
 0.00357152
 0.00131181
 0.00509529
  0.0145691
  0.0255526
 0.00469502
  0.0317377
  0.0209981
  0.0219447
 0.00591065
  0.0116325
  0.0212177
 0.00460659
  0.0121797
0.000922266
 0.00967332
  0.0169502
  0.0520811
  0.0532151
  0.0299638
  0.0290078
 0.00787331
 0.00638421
  0.0552379
  0.0338892
 0.00853189
   0.010537
 0.00816882
 0.00645827
  0.0171546
  0.0270786
  0.0344911
  0.0247035
  0.0165616
  0.0367553
   0.020482
  0.0032608
  0.0223275
 0.00800397
  0.0137388
 0.00388059
  0.0108983
 0.00226557
  0.0196153
  0.0114755
 0.00113229
  0.0112342
  0.0500637
  0.0326169
  0.0207633
   0.011339
 0.00169611
  0.0058023
 0.00499308
   0.030086
  0.0191671
  0.0200545
   0.036471
  0.0329589
   0.018787
  0.0130966
  0.0128578
 0.00869676
    0.01107
  0.0147667
0.000956055
  0.0201443
  0.0413009
  0.0225679
 0.00853225
  0.0183991
   0.012312
  0.0101099
  0.0166924
  0.0154859
  0.0227444
   0.024155
  0.0172571
 0.00622613
 0.00816934
  0.0236246
 0.00447698
 0.00360241
 0.00234622
  0.0210103
  0.0227485
   0.027703
  0.0035192
  0.0170809
  0.0102826
  0.0249199
 0.00803526
  0.0139249
 0.00475205
  0.0131291
 0.00349854
  0.0123558
  0.0063039
  0.0211368
   0.025412
  0.0190021
  0.0241454
  0.0197875
  0.0124034
 0.00964638
  0.0527416
  0.0486408
  0.0533179
 0.00817295
 0.00264782
  0.0112983
  0.0193944
  0.0513319
  0.0516872
  0.0293384
   0.048101
  0.0567599
  0.0261319
  0.0477059
  0.0398203
   0.046998
  0.0370429
   0.052407
  0.0110346
  0.0122962
 0.00777406
  0.0293302
0.000439152
  0.0181731
 0.00330492
  0.0150975
 0.00457604
    0.02469
  0.0501787
  0.0483733
  0.0390162
 0.00862588
  0.0453226
  0.0374622
  0.0246943
   0.036201
  0.0157187
  0.0124709
 0.00985382
  0.0143733
 0.00500047
  0.0108096
   0.033868