28.8021
46.2572
46.1493
44.6007
32.7776
28.3242
48.4898
17.5518
 30.096
6.36091
6.67911
7.68715
7.76448
18.9012
16.0442
18.9751
29.2152
11.1221
6.69917
18.4466
18.5287
12.8506
28.6816
30.9284
 38.793
 34.549
29.7973
42.1094
34.4352
41.0631
15.2731
24.1464
30.7358
45.9814
48.4898
13.6988
11.7652
10.3602
6.62522
5.09197
6.78738
 16.708
13.6919
14.3708
4.90341
5.33954
27.3061
 16.355
41.3594
42.1103
6.70101
12.9438
 7.6104
7.80406
10.2431
 19.766
 42.364
24.1464
18.7583
44.9333
28.8021
30.6853
6.84003
6.67606
   5.76
9.98192
2.27563
 30.997
30.1937
22.2382
6.14663
18.4466
5.57689
 6.5248
 4.6827
4.59546
5.58907
13.3585
11.8189
 16.355
7.94231
8.51129
6.18571
 12.614
25.6483
15.2778
6.69917
8.45714
 18.149
7.45569
16.1611
21.3609
30.1861
28.3242
47.1754
14.5576
6.65036
6.25953
30.1937
 16.708
6.75697
8.91938
16.3571
5.02898
8.51129
 7.2151
26.2558
8.45712
15.2776
6.78738
7.65078
44.6007
29.7974
25.1642
13.0107
11.0497
18.7708
11.8189
 6.5248
6.78738
7.65053
32.4359
 24.058
6.69922
7.50551
 28.325
19.1319
17.8874
  21.92
10.1169
11.6873
9.84065
5.57689
16.1678
10.9668
14.0969
 45.082
28.8024
19.1319
30.5421
15.1422
7.65053