 0.00387198
 0.00800481
9.55919e-05
0.000135263
0.000226018
 0.00425729
 0.00276473
 0.00798607
 0.00743177
 0.00676545
 0.00603052
   0.010879
 0.00240259
 0.00405404
0.000703971
 0.00815681
 0.00490703
 0.00723287
 0.00590609
 0.00613019
 0.00559702
 0.00515628
 0.00462519
 0.00527613
 0.00692204
 0.00309904
 0.00401624
 0.00435399
  0.0107137
  0.0126308
  0.0206228
   0.018023
 0.00111121
 0.00433837
0.000811286
0.000414578
 0.00553739
  0.0249273
   0.025507
  0.0282109
 0.00499729
0.000929068
 0.00596798
 0.00678606
  0.0078001
 0.00372934
 0.00520931
  2.839e-05
 0.00204697
 0.00321903
  0.0043088
 0.00707745
  0.0129403
 0.00989939
   0.006422
  0.0109017
 0.00740769
 0.00396653
 0.00918778
 0.00507487
0.000197951
6.21331e-05
 0.00645423
 0.00483698
  0.0113243
 0.00218343
 0.00370712
 0.00947273
 0.00339314
0.000500248
 0.00561329
 0.00125642
 0.00629293
 0.00262244
 0.00668618
 0.00470124
0.000312986
 0.00478186
  0.0116724
 0.00779924
 0.00758967
 0.00901859
 0.00257257
 0.00485144
 0.00472161
 0.00035355
 0.00149862
  0.0016933
 0.00200098
0.000594733
 0.00160309
 0.00751257
0.000198122
 0.00241243
  0.0020507
  0.0048407
0.000288231
 0.00344132
 0.00755226
 0.00683067
 0.00243331
 0.00264882
 0.00570377
 0.00456643
 0.00215527
 0.00802811
  0.0107556
 0.00639174
 0.00256623
0.000761933
  0.0123735
 0.00822154
  0.0043662
 0.00622884
 0.00643252
 0.00650293
 0.00145734
 0.00523386
 0.00659042
 0.00699131
 0.00670136
 0.00512618
  0.0119585
  0.0197549
 0.00195717
 0.00658417
 0.00534008
 0.00135238
 0.00206096
 0.00956206
 0.00227631
 0.00185265
0.000572816
  0.0041986
 0.00727394
 0.00676676
  0.0162625
  0.0147769
  0.0219787
   0.025964
  0.0222418
 0.00981329
  0.0178098
 0.00929549
  0.0170411
 0.00204736
 0.00158715
 0.00566608
 0.00444153
 0.00308133
 0.00175732
 0.00390641
 0.00322042
 0.00622777
 0.00362512
 0.00798477
  0.0120075
 0.00944768
  0.0102002
 0.00397495
 0.00785941
  0.0037377
 0.00698059
  0.0103457
0.000279864
  0.0031862
 0.00201961
 0.00708517
0.000878729
  0.0017503
  0.0011884
 0.00814956
 0.00129692
 0.00877488
 0.00245255
   0.010402
 0.00093205
 0.00160221
 0.00234727
 0.00765626
 0.00258384
 0.00431181
 0.00572081
 0.00699245
 0.00838697
 0.00424735
  0.0083048
 0.00808297
 0.00918838
  0.0132003
 0.00424065
 0.00587994
 0.00511734
 0.00545661
 0.00126777
 0.00890477
 0.00740537
0.000613741
0.000250826
 0.00277209
0.000601778
 0.00133978
0.000220549
 0.00887246
 0.00619962
  0.0088101
 0.00168888
 0.00387437
 0.00497335
 0.00775553
 0.00796445
0.000227116
 0.00885139
 0.00503256
 0.00706898
 0.00916623
 0.00536024
 0.00578056
 0.00942583
 0.00584203
 0.00681846
0.000667267
 0.00207638
 0.00158335
 0.00528749
0.000830413
  0.0292443
 0.00357934
 0.00375437
 0.00626677
0.000744875
 0.00395554
3.93469e-05
 0.00530781
 0.00357459
 0.00725895
 0.00348943
 0.00407384
 0.00618023
  0.0128676
 0.00331194
 0.00408587
  0.0079693
 0.00730114
 0.00507011
  0.0043192
 0.00558085
 0.00931786
 0.00929057
 0.00545061
 0.00261183
 0.00351108
 0.00258384
 0.00448415
  0.0118453
  0.0204191
  0.0184218
  0.0111767
  0.0115573
  0.0104595
  0.0133475
 0.00392392
  0.0333836
  0.0237544
  0.0278164
  0.0105322
 0.00436636
 0.00229908
 0.00261662
 0.00219341
0.000938757
 0.00222552
   0.019178
 0.00663609
  0.0147513
 0.00993697
 0.00921341
 0.00643752
 0.00551566
 0.00985465
 0.00789933
 0.00159251
 0.00344146
0.000292414
 0.00438882
 0.00131461
 0.00739219
  0.0120128
 0.00557641
  0.0129169
 0.00101466
 0.00959144
   0.017759
  0.0115597
  0.0119338
 0.00332874
 0.00140532
 0.00533661
 0.00433735
 0.00620139
  0.0110433
 0.00431128
  0.0121625
 0.00535308
 0.00565032
 0.00750852
 0.00514236
 0.00599258
 0.00469883
  0.0224057
  0.0021735
  0.0165783
  0.0190047
  0.0251034
 0.00264498
 0.00394836
 0.00596325
0.000525345
 0.00227127
 0.00680905
 0.00936763
 0.00304764
 0.00375383
 0.00318744
  0.0132237
  0.0106774
 0.00543752
 0.00299769
 0.00587029
 0.00932162
 0.00213948
 0.00912254
  0.0179291
  0.0118455
  0.0118533
 0.00951946
 0.00232653
  0.0016476
 0.00343449
 0.00725741
  0.0119349
 0.00887385
  0.0145679
  0.0055497
 0.00507336
 0.00523023
 0.00143514
 0.00315863
 0.00200867
  0.0050905
 0.00263243
 0.00644046
  0.0179983
 0.00445446
 0.00301274
 0.00302862
0.000376308
  0.0023976
 0.00940913
 0.00954513
 0.00487383
0.000648236
 0.00292785
0.000351729
 0.00795143
 0.00625914
 0.00467867
 0.00366762
 0.00759041
  0.0073474
 0.00768921
   0.011662
 0.00403872
 0.00836501
 0.00450021
 0.00110896
 0.00714833
 0.00165233
 0.00155035
  0.0059977
  0.0351523
 0.00909931
  0.0228843
0.000370309
 0.00104246
  0.0078222
 0.00580076
  0.0116448
 0.00350466
 0.00529596
 0.00295786
  0.0108718
  0.0133364
 0.00428375
 0.00201538
 0.00309151
 0.00293762
 0.00727719
 0.00762574
 0.00801358
 0.00427192
 0.00742795
  0.0161436
 0.00774183
  0.0155515
 0.00430233
0.000115476
 0.00507704
 0.00252151
0.000439436
  0.0183511
0.000429437
 0.00424261
 0.00359264
 0.00634681
 0.00317018
 0.00973715
 0.00303113
 0.00215535
 0.00156742
 0.00870986
  0.0100506
 0.00556285
 0.00815837
  0.0108918
 0.00894684
  0.0123065
 0.00056031
  0.0078459
 0.00492836
  0.0113866
 0.00173661
 0.00757534
  0.0110941
 0.00956433
   0.018319
 0.00270498
 0.00809611
  0.0110801
 0.00425018
  0.0140219
 0.00681661
  0.0162828
  0.0133618
  0.0135534
  0.0100509
  0.0031848
 0.00125822
 0.00226827
0.000653526
0.000987895
 0.00277856
 0.00618521
 0.00682953
  0.0111535
 0.00545979
  0.0108799
 0.00339144
 0.00131367
  0.0013337
 0.00142273
 0.00426965
0.000855945
 0.00250004
 0.00242111
 0.00881305
  0.0125389
 0.00205177
 0.00804718
  0.0190338
 0.00436319
 0.00647524
 0.00320512
 0.00667735
 0.00595195
  0.0104949
   0.004854
 0.00177182
 0.00760914
 0.00587844
 0.00407496
  0.0135459
 0.00583518
 0.00250114
 0.00874314
  0.0090786
 0.00391971
 0.00654438
  0.0351523
  0.0282923
 0.00206995
 0.00195751
  0.0123495
 0.00656857
  0.0206933
  0.0125654
 0.00265526
 0.00299601
0.000742163
 0.00661418
 0.00687455
 0.00246279
 0.00497667
  0.0114931
1.02469e-05
 0.00183162
 0.00231147
  0.0214312
   0.011419
 0.00255273
 0.00893951
 0.00112275
 0.00247562
 0.00943035
 0.00496786
 0.00632461
  0.0043174
 0.00408255
  0.0132237
 0.00765784
 0.00736993
 0.00322616
 0.00560358
 0.00654933
  0.0148407
  0.0034676
 0.00350055
  0.0085012
  0.0094121
6.17039e-06
 0.00372915
  0.0162023
  0.0111928
 0.00254839
0.000948476
  0.0215271
 0.00431142
 0.00309806
 0.00803648
 0.00212658
 0.00899874
 0.00581088
 0.00326634
 0.00738417
  0.0112998
 0.00841696
 0.00407714
  0.0234923
  0.0235322
 0.00648941
 0.00699496
 0.00813067
 0.00726258
 0.00207735
 0.00468962
  0.0115486
 0.00574909
 0.00628978
  0.0021873
 0.00838343
 0.00215021
 0.00422529
  0.0101725
 0.00117698
  0.0026394
 0.00681417
  0.0101712
 0.00311539
0.000696065
  0.0117867
 0.00253762
 0.00389194
 0.00359172
4.33926e-05
 0.00508866
  0.0056091
 0.00133937
 0.00291315
  0.0049182
 0.00439484
  0.0152286
 0.00697644
  0.0044311
 0.00085232
0.000202879
 0.00505938
  0.0207577
 0.00318431
  0.0164556
 0.00570561
 0.00480935
  0.0130234
 0.00328607
0.000420092
  0.0108244
 0.00320854
  0.0104819
 0.00433493
 0.00958371
 0.00322572
 0.00854083
 0.00904409
  0.0064784
  0.0100478
 0.00606025
 0.00425066
  0.0064481
   0.011332
0.000911584
 0.00346205
 0.00938345
 0.00651703
 0.00886031
 0.00148928
 0.00113419
 0.00756028
 0.00449491
  0.0101764
  0.0167174
 0.00784603
 0.00771307
 0.00989479
 0.00293885
 0.00333348
 0.00333836
 0.00640636
  0.0139012
  0.0240764
  0.0172071
  0.0126869
  0.0113282
  0.0036436
 0.00546732
 0.00216037
 0.00158266
 0.00186584
 0.00357711
 0.00459414
 0.00727381
 0.00601034
 0.00316419
 0.00965393
 0.00307977
 0.00413316
 0.00545938
 0.00568395
 0.00510836
0.000106996
 0.00458152
 0.00450659
 0.00123283
 0.00650132
0.000737567
 0.00649253
 0.00324681
 0.00427965
  0.0254132
  0.0117887
  0.0023821
 0.00255778
 0.00397706
 0.00751152
  0.0104356
  0.0018351
 0.00785971
  0.0068678
  0.0111497
9.73035e-05
   0.012082
 0.00487235
 0.00587902
 0.00904396
 0.00976472
   0.005914
 0.00942114
 0.00590974
 0.00274452
 0.00570111
  0.0050079
 0.00656063
0.000680579
 0.00126583
3.20542e-05
 0.00367305
 0.00449184
   0.010204
 0.00544514
   0.011638
 0.00136383
 0.00754591
 0.00534933
  0.0014507
 0.00745496
 0.00346027
 0.00298305
  0.0157009
 0.00697893
 0.00851927
 0.00608821
  0.0127885
 0.00431603
 0.00241207
  0.0170659
 0.00216655
 0.00943677
  0.0128861
 0.00989197
 0.00149054
 0.00887072
 0.00373919
  0.0045055
  0.0126107
 0.00982536
 0.00556833
0.000320048
 0.00197648
 0.00728518
 0.00740666
 0.00785436
0.000769771
 0.00534787
 0.00386896
  0.0056506
  0.0135921
   0.012016
 0.00226567
 0.00365065
 0.00708707
0.000207668
 0.00360841
 0.00998583
0.000885132
0.000318706
 0.00593463
 0.00195091
  0.0104159
 0.00737104
  0.0184354
 0.00536532
 0.00653677
 0.00040743
 0.00825968
0.000491166
  0.0027961
 0.00912457
 0.00564247
  0.0161708
 0.00610105
 0.00714504
 0.00782166
0.000848848
 0.00480729
 0.00233523
 0.00229062
 0.00145481
0.000110665
 0.00501276
0.000734788
    0.01094
  0.0020538
 0.00538124
 0.00563658
 0.00476005
  0.0119164
  0.0029657
 0.00754293
 0.00143938
0.000430074
 0.00310999
 0.00951663
 0.00375633
 0.00818841
 0.00190247
 0.00141285
  0.0130846
 0.00481417
  0.0062467
 0.00374042
 0.00442272
 0.00583353
 0.00113556
0.000495766
  0.0096773
 0.00715028
  0.0300003
  0.0039294
 0.00886074
  0.0111065
 0.00500688
 0.00540134
 0.00127991
 0.00840708
 0.00125293
 0.00133649
 0.00585948
  0.0103556
 0.00170396
 0.00836894