 0.00690439
  0.0180806
 0.00780965
 0.00812094
0.000459996
  0.0191833
  0.0173525
  0.0157718
  0.0177081
  0.0180501
  0.0209087
 0.00681051
 0.00510616
  0.0166668
  0.0095454
  0.0173388
 0.00822222
  0.0165276
  0.0106854
  0.0136968
  0.0055778
0.000348507
  0.0186012
   0.021722
  0.0196388
  0.0168848
  0.0154944
  0.0191669
  0.0206254
 0.00518028
  0.0119473
0.000950243
 0.00146368
 0.00650532
  0.0202444
  0.0165067
  0.0172373
  0.0104562
  0.0145458
  0.0175573
 0.00715701
 0.00771683
 0.00446446
  0.0129256
  0.0256174
  0.0189318
 0.00753167
 0.00754976
   0.018333
    0.01563
4.60776e-05
 0.00388995
   0.010473
   0.002524
  0.0148271
  0.0129116
   0.044103
  0.0582659
  0.0520899
  0.0169288
  0.0333525
  0.0189292
  0.0257682
  0.0136329
 0.00361152
 0.00147428
  0.0185674
  0.0109624
  0.0139235
  0.0166605
   0.016509
    0.01424
  0.0096302
  0.0184253
  0.0201906
  0.0174145
  0.0148495
  0.0158944
  0.0202543
  0.0182002
  0.0209105
  0.0156318
 0.00604603
 0.00207588
 0.00930516
 0.00713033
  0.0221586
  0.0117087
  0.0132893
0.000422556
9.72551e-06
 0.00833521
   0.010101
 0.00234282
0.000864259
 0.00459758
0.000508773
  0.0083918
 0.00797725
   0.011153
  0.0041135
  0.0125468
  0.0117339
 0.00115531
 0.00569748
 0.00686576
 0.00496484
 0.00879809
 0.00623483
 0.00623989
  0.0184271
   0.016698
  0.0154323
 0.00898725
  0.0165874
   0.015321
  0.0141352
  0.0214687
  0.0172321
  0.0184551
  0.0476306
  0.0493494
 0.00504729
  0.0157237
 0.00664936
 0.00857908
  0.0031236
 0.00856659
  0.0176925
  0.0150903
  0.0120088
  0.0165567
 0.00830067
  0.0165803
  0.0137121
  0.0133962
  0.0142609
  0.0173793
 0.00251072
 0.00465113
  0.0105062
 0.00259634
0.000627453
 0.00634832
 0.00933006
  0.0224121
  0.0180101
 0.00962317
 0.00736443
 0.00160163
  0.0108842
0.000559325
 0.00321325
 0.00585398
 0.00212602
 0.00117428
  0.0415213
  0.0510563
  0.0411271
  0.0569526
  0.0177895
  0.0355524
  0.0132192
  0.0192929
  0.0220949
 0.00137146
 0.00305897
  0.0109927
  0.0145467
  0.0118405
  0.0155824
  0.0144669
  0.0190607
  0.0111532
  0.0100562
  0.0104835
   0.020408
  0.0218863
  0.0113705
  0.0159274
  0.0192714
  0.0145627
  0.0180212
  0.0119285
  0.0153467
 0.00966088
  0.0103233
  0.0100681
  0.0108531
 0.00112101
 0.00667561
 0.00527536
 0.00825728
  0.0102872
 0.00631408
  0.0037079
  0.0101001
 0.00938054
 0.00183148
7.68192e-06
 0.00519845
 0.00921152
 0.00926377
  0.0139244
  0.0113761
0.000620729
 0.00852521
 0.00278138
 0.00432049
 0.00242345
  0.0113381
  0.0105361
  0.0112391
  0.0141857
  0.0174651
0.000561101
 0.00830757
 0.00489649
 0.00129808
 0.00117441
 0.00055121
  0.0115956
 0.00235507
 0.00897404
  0.0157237
  0.0108196
  0.0154296
 0.00223227
 0.00792605
   0.011103
  0.0162259
  0.0177038
  0.0103831
  0.0101482
 0.00500543
  0.0100297
  0.0152174
  0.0181732
 0.00210501
 0.00695954
 0.00360751
   0.016804
  0.0242845
  0.0531671
  0.0304624
  0.0266374
  0.0115346
 0.00933917
 0.00347536
 0.00450695
 0.00406312
 0.00597618
   0.017703
  0.0169269
  0.0121269
 0.00330411
 0.00582772
  0.0434289
    0.03288
  0.0052875
  0.0120554
 0.00388783
  0.0132366
  0.0200448
  0.0127844
  0.0108822
 0.00119281
 0.00693334
 0.00269441
 0.00116372
0.000319985
 0.00232974
 0.00260035
  0.0132121
 0.00731806
0.000850301
 0.00781621
 0.00626092
  0.0135372
  0.0129945
 0.00999067
 0.00537873
  0.0121671
  0.0213692
  0.0214411
 0.00438048
 0.00785908
 0.00602981
  0.0151635
  0.0479847
  0.0194594
 0.00626098
 0.00865445
  0.0144874
  0.0166533
  0.0125938
   0.013114
  0.0122724
  0.0134223
   0.018445
  0.0117796
  0.0104947
  0.0550275
  0.0170768
  0.0194829
  0.0101038
  0.0157156
  0.0329732
 0.00218408
 0.00530672
  0.0133836
 0.00853982
  0.0188626
  0.0149188
  0.0128513
   0.019197
  0.0149759
  0.0230936
  0.0124462
 0.00933006
  0.0140306
  0.0138432
 0.00907615
 0.00361309
  0.0020326
 0.00685093
 0.00185651
  0.0175928
   0.025728
 0.00497043
0.000390789
  0.0126339
  0.0136099
  0.0128675
 0.00953401
 0.00509704
 0.00301702
 0.00168325
 0.00267263
 0.00832123
 0.00179061
 0.00525431
 0.00659051
 0.00783559
  0.0113975
 0.00626005
  0.0214287
  0.0201371
  0.0155246
 0.00886421
  0.0110943
 0.00485229
 0.00898745
  0.0113308
  0.0155687
  0.0150262
  0.0161286
 0.00875414
  0.0138622
  0.0108619
 0.00921964
 0.00883013
 0.00810321
  0.0120183
0.000774636
  0.0067556
 0.00512687
 0.00870038
  0.0196782
  0.0120791
  0.0300167
  0.0138037
 0.00983121
 0.00106432
 0.00664129
 0.00183266
 0.00145987
0.000634421
 0.00257418
  0.0155707
  0.0168775
  0.0173306
  0.0139389
  0.0185975
0.000484914
 0.00200402
  0.0086618
  0.0106194
  0.0209785
  0.0278202
 0.00444655
0.000279023
 0.00355417
 0.00232508
   0.010949
 0.00271863
  0.0126966
  0.0163824
 0.00520488
 0.00413041
  0.0142467
  0.0183834
  0.0206476
 0.00577019
  0.0126474
   0.013427
  0.0149584
  0.0160089
  0.0118653
 0.00930449
  0.0201231
   0.016004
  0.0161555
   0.016157
  0.0211235
  0.0130472
  0.0137606
   0.015643
 0.00287805
  0.0110152
 0.00872542
 0.00813636
  0.0101019
  0.0118963
  0.0130361
  0.0527093
  0.0331207
  0.0100259
 0.00633015
 0.00869909
  0.0294582
  0.0112795
  0.0292757
  0.0215659
  0.0221375
 0.00530765
0.000968223
 0.00118409
   0.016631
  0.0103164
   0.015265
  0.0129745
  0.0103805
 0.00442961
 0.00433975
 0.00545566
 0.00321077
  0.0059483
  0.0042894
 0.00849833
  0.0144661
  0.0228686
  0.0173214
  0.0217994
  0.0205976
 0.00686027
 0.00566601
  0.0025036
  0.0118265
 0.00754371
 0.00132504
  0.0196808
  0.0154315
   0.014227
  0.0248715
  0.0254592
  0.0265594
 0.00612753
  0.0066937
 0.00873141
 0.00724096
 0.00891706
  0.0117195
0.000111016
 0.00968965
  0.0116663
 0.00736364
  0.0163655
  0.0138367
  0.0101884
  0.0150127
  0.0141477
 0.00962977
   0.031071
  0.0091033
  0.0132252
 0.00954258
  0.0085236
  0.0197799
  0.0112802
 0.00519663
0.000105042
  0.0136441
  0.0151916
 0.00578241
 0.00487554
  0.0198865
 0.00871609
  0.0051605
   0.015185
 0.00767973
  0.0122306
0.000704737
  0.0118636
0.000530856
  0.0150697
0.000152925
 0.00302789
 0.00106001
  0.0102415
  0.0107667
  0.0204244
 0.00540225
0.000741684
  0.0345223
  0.0174663
 0.00209377
 0.00479584
 0.00836956
  0.0271969
 0.00280498
 0.00600094
 0.00943848
  0.0179257
  0.0059705
  0.0140583
  0.0270234
  0.0106571
  0.0130592
  0.0021162
  0.0172022
  0.0150157
 0.00269594
  0.0124402
  0.0124654
  0.0160623
  0.0112013
 0.00541301
 0.00355719
 0.00620119
   0.012606
 0.00181434
  0.0117003
  0.0055985
  0.0100895
  0.0187719
  0.0164707
  0.0216516
  0.0133176
 0.00496823
 0.00311073
  0.0116813
 0.00808503
 0.00919555
 0.00973617
   0.018877
 0.00921005
 0.00671197
  0.0148171
 0.00291929
  0.0100722
 0.00899697
  0.0134406
6.67781e-05
 0.00161714
  0.0311706
  0.0200435
  0.0173431
  0.0129722
  0.0187366
 0.00385729
  0.0322658
  0.0312344
 0.00512075
 0.00870006
  0.0124729
  0.0157556
  0.0291459
  0.0194519
  0.0175245
   0.044916
  0.0182457
  0.0104273
  0.0169996
  0.0147861
  0.0110321
 0.00296471
  0.0106994
 0.00127694
   0.017374
  0.0085588
 0.00423846
  0.0099415
  0.0132497
  0.0152561
 0.00809057
  0.0136931
 0.00619136
 0.00449378
  0.0315417
 0.00757845
  0.0152874
  0.0234094
  0.0019044
 0.00373514
 0.00444314
  0.0318537
  0.0109372
  0.0128625
  0.0151671
  0.0134856
  0.0112416
 0.00745868
 0.00281048
 0.00396201
  0.0169786
    0.01181
  0.0123695
  0.0110519
 0.00511522
 0.00189884
 0.00159197
 0.00630394
  0.0259242
 0.00205256
   0.045093
   0.012027
  0.0105021
  0.0102273
 0.00172625
  0.0256229
 0.00856749
 0.00927714
  0.0174823
  0.0173715
 0.00507051
 0.00940857
  0.0137369
   0.015689
    0.01183
  0.0223921
  0.0078159
  0.0148327
 0.00887485
  0.0171567
 0.00854035
  0.0129378
 0.00229851
 0.00311318
 0.00577415
  0.0126879
  0.0147869
 0.00818165
  0.0085498
  0.0188246
  0.0159713
 0.00974082
  0.0511593
  0.0115315
  0.0123909
 0.00280018
 0.00391977
 0.00831528
  0.0173559
  0.0105542
 0.00927881
  0.0141657
  0.0120601
 0.00433727
 0.00660203
  0.0036039
  0.0319796
  0.0110632
  0.0222117
 0.00702075
  0.0127887
  0.0195409
   0.012514
  0.0287887
  0.0225742
  0.0133473
  0.0142611
  0.0329495
 0.00847033
 0.00704946
 0.00753457
  0.0138914
   0.006356
  0.0463513
  0.0304012
  0.0163401
 0.00339915
 0.00627637
 0.00455342
  0.0116632
 0.00746274
  0.0104436
  0.0197418
 0.00661508
  0.0207715
  0.0177634
  0.0113935
0.000391338
 0.00507814
  0.0229852
  0.0139769
 0.00493902
 0.00102656
  0.0108731
  0.0158749
 0.00779347
 0.00729079
 0.00741029
  0.0206637
 0.00748819
 0.00124545
  0.0197102
 0.00272152
 0.00747163
  0.0117535
 0.00107824
 0.00110136
  0.0128972
0.000548052
 0.00307943
 0.00984847
 0.00421974
  0.0066148
  0.0477579
 0.00273722
  0.0156466
  0.0126001
  0.0151933
0.000788188
 0.00641274
  0.0020725
 0.00688601
  0.0151822
    0.01079
  0.0159649
 0.00714114
 0.00647138
 0.00759056
0.000165032
 0.00566287
0.000527379
 0.00794696
 0.00551117
 0.00477752
 0.00204297
 0.00378319
 0.00926289
0.000122209
0.000194924
  0.0124957
  0.0061702
 0.00586385
  0.0137454
  0.0107974
  0.0596249
  0.0510618
 0.00644267
  0.0548678
  0.0137226
   0.013396
 0.00860729
 0.00902539
  0.0143942
  0.0135327
  0.0120716
 0.00441346
  0.0466797
  0.0094312
 0.00309051
  0.0052641
  0.0318919
 0.00588247
 0.00765237
 0.00147845
  0.0455628
  0.0444583
 0.00931989
  0.0136314
 0.00966173
  0.0117663
  0.0342966
  0.0132349
  0.0143895
  0.0127525
 0.00311546
  0.0145807
  0.0107635
  0.0127758
  0.0142869
 0.00950435
 0.00453194
 0.00773103
 0.00291586
 0.00279629
 0.00489262
  0.0153243
 0.00619519
  0.0170925
  0.0104218
  0.0122917
  0.0177738
  0.0147725
 0.00582045
  0.0177278
  0.0182177
  0.0464691
 0.00275659
  0.0052203
   0.010732
  0.0124703
  0.0012543
 0.00138078
  0.0146083
 0.00806604
 0.00379585
 0.00844829
 0.00145637
 0.00825133
 0.00026025
 0.00727378
 0.00948181
   0.005919
 0.00137849
  0.0397902