 0.00736404
  0.0191835
 0.00891465
  0.0252756
 0.00181802
 0.00330158
  0.0033551
  0.0152565
  0.0185676
  0.0167093
 0.00390793
 0.00139871
  0.0247846
  0.0224291
  0.0120012
 0.00719333
  0.0121009
 0.00722706
   0.014561
 0.00914187
 0.00859479
 0.00761706
  0.0228331
  0.0257487
  0.0254602
  0.0234395
 0.00268303
 0.00557016
 0.00606298
  0.0104081
  0.0135704
7.64458e-05
6.91858e-06
  0.0089454
 0.00166803
   0.013921
  0.0211005
 0.00561271
   0.014066
  0.0103423
  0.0153735
 0.00580599
   0.017227
   0.015405
 0.00521095
 0.00352667
 0.00779168
 0.00738276
 0.00253513
 0.00305634
  0.0044582
 0.00425434
 0.00696332
 0.00899547
  0.0118726
 0.00636459
  0.0046935
 0.00282669
 0.00658477
  0.0156554
  0.0158072
  0.0101727
  0.0136664
  0.0203285
 0.00480353
 0.00263259
  0.0172111
  0.0171414
  0.0119516
  0.0154111
 0.00964122
  0.0071521
  0.0122006
 0.00715794
  0.0163877
  0.0222654
  0.0243953
  0.0242748
  0.0110079
 0.00177955
  0.0221027
  0.0227469
 0.00288169
 0.00182782
 0.00442838
 0.00690577
 0.00801532
 0.00209455
 0.00459926
 0.00181507
0.000672928
 0.00155104
 0.00682904
 0.00134727
  0.0144276
 0.00717286
  0.0132953
  0.0139298
  0.0175669
 0.00549556
  0.0125989
 0.00950517
 0.00337147
 0.00159282
 0.00433885
 0.00260148
  0.0061285
 0.00039287
 0.00497688
 0.00733411
 0.00726082
  0.0109127
 0.00806112
   0.007027
 0.00155624
0.000649434
 0.00241004
 0.00382465
  0.0145368
  0.0192653
  0.0103972
  0.0176074
  0.0146521
  0.0209976
 0.00768625
 0.00626342
 0.00165519
  0.0184739
  0.0143661
  0.0202601
 0.00358805
 0.00961572
  0.0228405
 0.00156881
 0.00513415
 0.00212243
 0.00318795
0.000634462
  0.0024745
  0.0108844
  0.0149206
  0.0049416
   0.014217
  0.0084678
 0.00230713
 0.00518014
 0.00793218
 0.00614047
  0.0109619
 0.00797197
 0.00154266
 0.00106244
    0.01024
 0.00264686
  0.0210702
  0.0158197
  0.0195155
  0.0172462
 0.00851868
  0.0219929
  0.0224254
 0.00465338
  0.0025442
0.000405007
 0.00267892
 0.00514056
   0.010547
  0.0156154
0.000540201
 0.00438952
 0.00789132
  0.0128835
 0.00425121
 0.00584411
 0.00141426
   0.014547
  0.0211074
  0.0155849
 0.00491857
0.000401629
 0.00268362
 0.00754066
 0.00486533
 0.00201411
  0.0134864
 0.00461281
 0.00989401
 0.00545669
 0.00465889
  0.0323931
  0.0184544
  0.0164742
  0.0333598
 0.00904141
  0.0119237
  0.0233525
  0.0242657
  0.0257517
 0.00984863
 0.00408186
0.000295237
 0.00962796
 0.00725735
0.000576931
  0.0188606
  0.0180702
 0.00282666
  0.0247824
 0.00308731
  0.0127392
 0.00967994
  0.0115619
 0.00493446
 0.00289812
   0.017185
  0.0222306
  0.0147221
   0.017586
 0.00724417
   0.016279
 0.00859371
 0.00875881
 0.00260588
 0.00251266
  0.0237102
  0.0229161
  0.0247121
  0.0231697
 0.00711623
     0.0093
   0.008255
 0.00287179
 0.00254441
 0.00198658
 0.00488075
  0.0142974
  0.0171386
 0.00513483
  0.0172601
 0.00299805
 0.00126915
 0.00810463
  0.0083464
  0.0185817
  0.0185595
 0.00861298
0.000413546
 0.00025091
 0.00140722
 0.00338711
  0.0131175
 0.00880098
 0.00852174
 0.00396821
0.000302462
  0.0225073
  0.0187829
  0.0174033
  0.0031958
 0.00268111
 0.00252928
   0.012411
  0.0102332
 0.00247739
 0.00300248
 0.00667653
0.000307794
  0.0156373
 0.00314237
 0.00561963
 0.00735978
 0.00222967
  0.0205973
  0.0118375
 0.00693415
  0.0115882
  0.0190048
 0.00720959
  0.0193914
 0.00514004
 0.00658819
  0.0131963
  0.0193811
     0.0114
0.000941219
  0.0129179
0.000988779
  0.0117911
  0.0156791
  0.0137212
  0.0105144
  0.0164248
 0.00820404
 0.00627391
 0.00234727
  0.0128015
   0.013918
  0.0165055
0.000280545
  0.0162617
  0.0174028
 0.00655472
 0.00444181
  0.0276262
 0.00876703
 0.00777718
 0.00350511
  0.0177277
  0.0143839
 0.00815974
  0.0161453
  0.0061908
   0.014624
 0.00835012
  0.0209799
  0.0162969
 0.00372932
 0.00975814
 0.00814567
 0.00211328
 0.00517129
  0.0150884
  0.0017472
  0.0030154
  0.0147863
  0.0161749
 0.00386511
  0.0149257
0.000128777
 0.00466688
  0.0181191
  0.0144112
  0.0110848
  0.0204934
  0.0218778
 0.00145617
   0.015668
 0.00571166
  0.0120014
 0.00519209
 0.00153072
 0.00999345
 0.00142941
  0.0265111
 0.00602414
  0.0161526
 0.00847367
  0.0148718
 0.00374553
  0.0112757
  0.0161534
  0.0144863
  0.0114374
  0.0126707
  0.0089525
  0.0145075
  0.0277108
    0.03075
   0.012202
   0.011668
  0.0144577
   0.018689
 0.00663405
0.000915449
  0.0257768
 0.00201166
  0.0155267
 0.00546722
 0.00357026
  0.0151271
  0.0161744
 0.00550677
 0.00743784
 0.00316491
  0.0142637
  0.0347889
  0.0152609
 0.00832671
  0.0110058
  0.0147127
 0.00498212
  0.0167442
 0.00695446
 0.00293045
 0.00227478
  0.0191699
 0.00632024
  0.0174919
  0.0362441
  0.0462849
  0.0325754
  0.0151621
  0.0174623
  0.0463661
0.000449856
  0.0108148
  0.0127835
 0.00158845
 0.00880525
  0.0126693
 0.00258936
 0.00246762
  0.0164496
 0.00774801
 0.00409079
   0.015785
 0.00329875
  0.0209529
  0.0312543
 0.00174628
 0.00122294
 0.00597772
  0.0200997
  0.0240921
  0.0302536
 0.00397024
 0.00824458
  0.0136098
  0.0425356
  0.0338899
 0.00777439
  0.0149953
  0.0184916
  0.0203549
 0.00177511
 0.00434782
 0.00973253
  0.0164631
  0.0207382
  0.0750003
  0.0462429
  0.0303342
  0.0309756
 0.00595113
 0.00127139
  0.0137549
  0.0170315
  0.0192969
  0.0118513
  0.0102973
  0.0154407
  0.0201468
   0.029648
  0.0198476
      0.032
  0.0100517
  0.0304558
 0.00107517
 0.00511388
  0.0055159
  0.0294276
  0.0193651
 0.00220892
0.000693711
  0.0117418
 0.00917411
  0.0467225
 0.00600874
 0.00866142
 0.00745635
 0.00415599
  0.0105524
  0.0197483
  0.0282678
   0.024345
 0.00126944
0.000354992
0.000969119
  0.0196056
  0.0181285
  0.0518597
  0.0534023
  0.0389499
  0.0507229
 0.00131962
 0.00605464
 0.00540047
  0.0037585
 0.00777749
  0.0397896
  0.0359913
 0.00705376
   0.012265
  0.0155337
  0.0156473
  0.0200087
 0.00642805
  0.0101065
  0.0159163
 0.00786664
  0.0134425
 0.00186713
  0.0187299
  0.0233657
 0.00881038
 0.00481895
  0.0246136
  0.0209955
  0.0100048
  0.0137646
  0.0203264
 0.00656113
 0.00563812
  0.0124344
  0.0161228
 0.00812765
  0.0119934
  0.0165705
  0.0153643
  0.0391922
  0.0183906
  0.0102317
  0.0239125
 0.00773762
 0.00827094
  0.0283057
  0.0302869
  0.0156172
0.000547837
  0.0508164
  0.0450825
   0.051294
  0.0331235
 0.00196805
  0.0117481
 0.00142037
  0.0184885
  0.0119182
 0.00664518
  0.0358451
  0.0505156
  0.0293365
  0.0356279
  0.0188989
 0.00872696
  0.0176592
  0.0180781
  0.0148571
 0.00385209
  0.0426165
  0.0332943
   0.020115
 0.00518789
 0.00158006
  0.0244288
  0.0126885
  0.0434136
  0.0310095
0.000299302
  0.0370698
  0.0350044
  0.0373973
  0.0180909
  0.0122079
  0.0220081
  0.0480295
  0.0710804
  0.0373531
  0.0504421
  0.0280761
  0.0361552
   0.033518
 0.00189403
  0.0107081
  0.0107402
  0.0170404
 0.00641116
 0.00526914
  0.0230771
 0.00588662
 0.00784171
  0.0239101
  0.0194976
  0.0110166
   0.014004
 0.00892846
  0.0116791
  0.0197128
  0.0128693
  0.0490062
  0.0715592
  0.0719727
  0.0492162
  0.0286311
 0.00297006
 0.00489768
  0.0413468
  0.0514125
  0.0254823
  0.0183086
  0.0117449
  0.0111237
  0.0154497
 0.00714381
  0.0154579
  0.0719868
  0.0713983
  0.0042348
 0.00959986
  0.0263017
  0.0190995
  0.0214724
 0.00190553
  0.0143612
   0.015353
  0.0158232
  0.0335728
  0.0336793
  0.0226058
  0.0162961
  0.0175982
 0.00313321
  0.0747008
  0.0533735
  0.0159286
  0.0136268
  0.0143519
  0.0330555
  0.0344598
  0.0110862
  0.0173512
  0.0288295
 0.00123891
 0.00607645
 0.00562579
  0.0317483
  0.0495384
  0.0297635
  0.0133411
  0.0281783
   0.028903
  0.0457754
  0.0445509
  0.0486954
 0.00171631
  0.0158626
  0.0197485
 0.00815649
 0.00445568
  0.0105447
  0.0203038
 0.00102694
  0.0050628
   0.014482
  0.0699216
  0.0487017
   0.019443
  0.0198352
  0.0130706
  0.0081835
8.92013e-05
  0.0361086
  0.0387288
  0.0314015
  0.0199777
  0.0262951
 0.00532282
 0.00515885
  0.0301685
     0.0312
   0.014145
  0.0202393
  0.0189613
  0.0311971
 0.00251506
 0.00547718
  0.0035797
 0.00416454
 0.00334423
6.78975e-05
 0.00544623
  0.0497639
  0.0500069