 0.00804676
  0.0246853
  0.0291224
  0.0329095
  0.0257732
  0.0359614
 0.00609964
  0.0333336
  0.0327627
  0.0424001
  0.0367627
  0.0361889
  0.0177411
 0.00633301
  0.0347204
  0.0339449
  0.0278452
 0.00113211
  0.0228194
  0.0351415
  0.0438083
 0.00893915
  0.0295323
 0.00614359
 0.00291741
  0.0198916
 0.00885946
  0.0103969
  0.0193914
  0.0289502
  0.0288638
  0.0307278
   0.025712
 0.00531888
 0.00110997
 0.00474813
 0.00716373
  0.0100244
 0.00715761
 0.00138651
  0.0248694
  0.0211019
  0.0330763
  0.0293708
  0.0359882
  0.0305043
  0.0354382
  0.0348119
  0.0356687
  0.0357159
  0.0208524
   0.036377
   0.042915
 0.00873178
  0.0384029
  0.0357998
  0.0142987
  0.0392181
   0.032401
  0.0605806
 0.00876536
  0.0172727
 0.00596058
 0.00635867
 0.00657157
  0.0112096
  0.0375185
  0.0222919
  0.0307724
 0.00851475
 0.00305146
  0.0185215
  0.0169434
 0.00151403
  0.0107587
  0.0105719
  0.0243564
  0.0199144
   0.012003
  0.0157584
  0.0028322
  0.0047965
  0.0105623
  0.0229022
  0.0114969
  0.0295558
  0.0121235
 0.00490766
  0.0209298
  0.0111787
 0.00559491
 0.00551115
 0.00316823
  0.0179987
 0.00422478
0.000714807
 0.00803869
  0.0110051
  0.0343376
  0.0210974
   0.053651
  0.0198664
 0.00169087
 0.00868917
  0.0216056
 0.00235999
 0.00927009
  0.0162574
  0.0171701
 0.00788726
 0.00852576
  0.0207234
  0.0181835
  0.0365348
  0.0595438
  0.0297434
 0.00235999
  0.0129923
 0.00627943
  0.0227646
  0.0139368
  0.0294868
 0.00227913
 0.00620882
 0.00248849
  0.0369137
 0.00556273
 0.00223905
  0.0198498
 0.00440779
  0.0100651
  0.0144807
  0.0608312
 0.00299737
  0.0157248
  0.0114711
 0.00692056
 0.00912278
  0.0149718
  0.0165508
  0.0146683
  0.0100992
 0.00295756
  0.0220018
 0.00437191
 0.00327948
 0.00248944
  0.0260898
 0.00734113
  0.0216401
  0.0101652
  0.0139486
 0.00284051
 0.00591053
  0.0157362
  0.0492067
   0.018161
 0.00853329
  0.0408147
 0.00430789
  0.0130579
  0.0647999
  0.0116675
  0.0128086
  0.0266784
  0.0113622
  0.0347591
 0.00386826
 0.00788784
  0.0146247
     0.0234
  0.0171431
  0.0420766
 0.00481893
 0.00602517
 0.00437654
  0.0136508
 0.00441358
 0.00422627
  0.0133167
  0.0133824
0.000165514
 0.00692814
 0.00808619
  0.0190291
 0.00853024
 0.00760169
 0.00654382
  0.0381271
  0.0372024
  0.0127446
 0.00420865
 0.00107239
  0.0221692
  0.0182813
 0.00552938
   0.013655
 0.00956457
  0.0082468
  0.0355141
 0.00759127
 0.00850284
 0.00141946
  0.0168598
 0.00360674
 0.00176698
 0.00675216
 0.00703304
0.000952659
 0.00636739
  0.0107258
 0.00181055
  0.0171396
  0.0163116
 0.00861068
  0.0109346
  0.0177714
  0.0194671
  0.0132154
  0.0133815
 0.00894503
 0.00938641
  0.0347025
  0.0112592
  0.0140187
  0.0152469
 0.00296936
  0.0280062
  0.0138565
 0.00961235
 0.00434461
  0.0106717
  0.0341159
 0.00606077
  0.0341746
  0.0161282
  0.0434532
 0.00497672
 0.00935361
 0.00771206
  0.0123184
  0.0193024
  0.0205884
  0.0137742
0.000224586
  0.0108853
 0.00253855
 0.00991331
  0.0102869
 0.00101148
  0.0142744
  0.0210523
   0.038002
   0.023963
  0.0244555
  0.0347632
  0.0377904
 0.00204105
   0.021116
  0.0125461
 0.00927733
  0.0135162
  0.0115538
  0.0144251
  0.0373836
  0.0036167
  0.0018688
  0.0265591
  0.0339217
 0.00519628
  0.0175147
  0.0196141
  0.0222141
  0.0284335
 0.00812086
  0.0271646
  0.0225729
  0.0248852
  0.0180567
 0.00248375
  0.0121174
  0.0169944
  0.0151983
  0.0301631
  0.0278171
  0.0234465
  0.0260638
   0.028826
  0.0225201
  0.0176162
  0.0258833
  0.0244375
  0.0155552
  0.0205043
  0.0396339
  0.0282437
   0.025067
  0.0166625
  0.0300308
  0.0400393
0.000643389
  0.0261925
  0.0288532
  0.0241821
  0.0144482
  0.0270345
  0.0307791
   0.036732
  0.0331507
  0.0259639
  0.0325885
  0.0273326
  0.0402822
   0.033669
   0.031827
 0.00413768
  0.0444255
  0.0305296
  0.0051439
  0.0149079
  0.0257716
  0.0472741
  0.0249813
 0.00860634
  0.0264402
  0.0114392
  0.0111382
 0.00652065
 0.00579387
 0.00729264
  0.0273959
 0.00276037
  0.0328517
  0.0292439
  0.0120266
 0.00970788
 0.00804812
  0.0446938
  0.0159671
  0.0458617
  0.0159374
  0.0464168
   0.001018
    0.01034
  0.0475538
  0.0327437
  0.0505836
 0.00451597
  0.0527957
  0.0249608
 0.00651564
   0.028133
  0.0305958
  0.0482293
  0.0385412
   0.050652
   0.012964
 0.00877091
 0.00643889
 0.00579495
 0.00503804
 0.00814044
 0.00939004
 0.00184291
 0.00618698
   0.055804
  0.0115927
  0.0403631
  0.0507445
  0.0209404
  0.0228009
   0.010016