3.66825
3.70561
4.26687
4.28216
5.31554
6.03442
6.12396
6.71009
6.75532
6.77465
6.83678
7.32975
 7.4374
7.55261
7.66354
7.69121
8.15797
8.74555
8.78291
8.85959
8.99691
9.01073
9.02306
9.03608
9.35289
9.47036
9.95897
10.6417
10.7655
11.3963
11.4469
12.2044
12.2662
 12.437
12.6364
12.7255
13.1801
13.2817
13.3203
13.6258
13.6394
14.0655
14.2435
 14.267
 14.421
14.4492
14.4574
14.5024
14.9078
15.1632
15.1998
15.2125
15.5051
15.5886
15.6316
15.7193
15.7363
15.7599
15.8794
 15.896
15.9133
16.0262
 16.029
16.1042
16.1245
16.2858
16.2891
16.3952
16.4651
16.4686
16.7562
16.7703
16.8762
16.9748
17.0527
 17.137
17.2913
17.2957
17.3326
17.3952
17.6095
17.6301
17.7088
17.8215
17.8636
17.9286
18.2117
18.4533
18.5708
18.5974
18.7431
18.8134
18.8671
 18.905
18.9231
18.9943
18.9944
19.0796
19.3612
19.4257
19.5558
19.6937
19.7021
 19.879
19.9617
 19.965
 20.145
20.2152
20.4013
20.4173
20.6675
20.6919
20.8404
20.8458
20.8464
 20.934
20.9493
21.0387
21.0723
21.4032
21.6234
21.6257
21.8058
21.8741
21.9035
22.0608
22.1095
22.2991
22.4256
22.4662
22.4668
22.5068
22.5305
 22.552
22.8137
22.8795
22.8828
 22.894
22.8958
22.9318
22.9569
22.9656
23.0273
23.1354
23.1495
 23.165
23.1793
23.1824
23.2825
23.3015
23.6341
23.6444
23.8159
 23.842
23.9679
24.0986
24.2907
 24.378
24.4116
24.6984
24.8071
24.8306
24.8685
24.8784
25.0898
25.9111
25.9418
25.9631
26.0836
26.2212
26.7288
26.9042
 26.907
27.0414
27.4026
27.6519
27.9013
 28.195
28.4342
28.8448
29.2014
29.2164
29.8533
30.2582
31.3068
 31.973
32.1612
33.8284
33.8694
35.2726
35.7795
35.9619
 36.183
39.0327
39.3969
39.7789
40.8965
44.2913
45.6658
46.1425
46.3354
46.5068
46.9022
46.9072
 48.678
49.8501
49.9172
50.9506
52.4248
52.9656
56.0135
 56.547
59.7508
 68.982
69.5882
71.2591
71.6993
73.4794
74.7767
75.0415