  0.0399854
  0.0371957
  0.0358197
  0.0225568
  0.0524514
  0.0510287
  0.0149743
  0.0117567
  0.0130365
 0.00385754
  0.0573709
   0.026687
  0.0459245
  0.0471759
  0.0499877
 0.00122403
2.60477e-05
   0.028366
  0.0279465
  0.0336722
  0.0321574
  0.0487459
  0.0505421
  0.0268462
  0.0233185
  0.0250663
  0.0317528
  0.0486416
  0.0492285
  0.0347639
  0.0520921
  0.0478061
  0.0253036
 0.00668592
   0.019255
  0.0129524
  0.0143459
  0.0174991
 0.00422875
  0.0359132
  0.0490254
  0.0465407
  0.0121602
 0.00108019
  0.0133945
  0.0367679
   0.011051
 0.00775776
   0.022477
  0.0200107
  0.0251833
  0.0208083
  0.0337432
 0.00223215
  0.0104921
  0.0119723
   0.011661
  0.0213574
 0.00609043
 0.00400188
  0.0402502
 0.00808083
  0.0201798
  0.0251425
  0.0259656
  0.0227027
  0.0411768
 0.00496331
 0.00877473
  0.0110455
 0.00708127
   0.016003
  0.0135223
  0.0250305
  0.0401242
  0.0148234
  0.0233915
 0.00640117
  0.0109796
  0.0111131
   0.020993
  0.0136462
 0.00191764
 0.00341343
 0.00232129
  0.0115335
  0.0256383
 0.00994563
  0.0183978
  0.0152141
  0.0102504
  0.0151885
  0.0151579
  0.0233923
0.000440359
 0.00493736
 0.00814801
 0.00244919
  0.0241365
  0.0382027
0.000524235
  0.0208063
 0.00366054
 0.00252515
 0.00158627
 0.00531118
  0.0189005
 0.00169682
 0.00639287
  0.0235394
  0.0115167
  0.0258494
   0.011548
 0.00387434
 0.00637087
  0.0284196
 0.00415469
 0.00383438
 0.00380006
 0.00438289
  0.0064733
 0.00901508
  0.0219169
 0.00856677
   0.015707
 0.00488365
  0.0102072
 0.00226371
  0.0217789
 0.00573569
  0.0232132
 0.00499558
 0.00282368
 0.00286781
 0.00914919
 0.00666252
  0.0155766
  0.0133295
    0.01231
  0.0042028
  0.0292161
 0.00491483
 0.00305814
 0.00148352
0.000314545
 0.00936306
 0.00789379
 0.00425979
 0.00565973
  0.0137821
 0.00472148
 0.00699522
  0.0141612
  0.0125934
 0.00219465
  0.0524362
 0.00587074
 0.00213181
  0.0553645
  0.0244061
  0.0101152
 0.00159197
 0.00105136
 0.00506695
   0.014945
  0.0143424
  0.0160817
0.000831046
  0.0136812
  0.0132017
  0.0148688
 0.00176687
  0.0078874
  0.0201913
 0.00102371
  0.0186208
  0.0178793
   0.016135
 0.00220466
 0.00572537
 0.00867381
  0.0236544
  0.0226431
  0.0089759
 0.00716082
 0.00877399
  0.0142585
0.000608805
  0.0108819
 0.00538213
  0.0123231
  0.0109759
 0.00735751
   0.022929
  0.0263464
 0.00788178
  0.0180638
  0.0147348
  0.0110175
  0.0204841
 0.00643416
 0.00257155
 0.00424885
  0.0124024
 0.00489019
 0.00146484
  0.0115244
 0.00406493
 0.00996656
 0.00669198
  0.0218699
  0.0184763
   0.020255
  0.0153073
  0.0079322
  0.0415899
 0.00787597
  0.0182713
  0.0282996
 0.00147872
   0.014599
  0.0106086
 0.00949749
 0.00848452
   0.011151
  0.0248465
   0.023744
  0.0178105
  0.0145635
  0.0128253
 0.00560493
   0.023104
  0.0147207
  0.0113342
  0.0248868
 0.00866397
  0.0122773
  0.0252055
 0.00661243
  0.0137906
  0.0194495
  0.0194352
  0.0019124
  0.0213226
  0.0239911
  0.0254203
0.000642048
 0.00320391
  0.0138951
  0.0111513
  0.0190718
  0.0271622
 0.00600859
  0.0341001
  0.0148363
  0.0136709
 0.00918639
  0.0113825
 0.00417743
 0.00552446
 0.00987379
  0.0093885
 0.00150422
  0.0125099
  0.0137248
 0.00943185
  0.0198318
 0.00889944
 0.00298823
  0.0131091
  0.0107307
 0.00604099
  0.0178047
  0.0143047
  0.0389221
  0.0137752
  0.0166181
  0.0169663
  0.0188266
  0.0205909
  0.0120714
 0.00943778
  0.0232986
  0.0084836
  0.0142857
   0.021384
  0.0386681
   0.015791
  0.0202821
    0.01553
  0.0138669
  0.0122337
  0.0146885
  0.0164239
   0.015049
  0.0330652
   0.035212
   0.015824
  0.0115344
  0.0202858
  0.0181638
  0.0387453
   0.020397
   0.015951
  0.0160135
  0.0146101
   0.021771
  0.0178501
  0.0170837
  0.0176439
  0.0190603
  0.0125788
  0.0116454
  0.0016334
  0.0151251
  0.0152645
  0.0186416
 0.00626312
  0.0188513
 0.00740401
  0.0185432
  0.0129085
  0.0146426
  0.0192417
  0.0166294
  0.0166599
  0.0130566
 0.00661559
  0.0125024
  0.0101398
    0.01756
  0.0136079
  0.0170619
  0.0200415
   0.016948
  0.0146764
  0.0331562
  0.0235619
 0.00611839
  0.0124371
  0.0171093
 0.00673562
  0.0261315
  0.0117291
   0.019595
  0.0208316
  0.0190789
  0.0215054
  0.0184532
  0.0161031
  0.0101656
   0.017152
  0.0123292
  0.0218204
  0.0144426
  0.0191706
   0.030879
  0.0344789
  0.0159312
  0.0108802
  0.0184433
  0.0114312
  0.0176439
 0.00909429
   0.011874
  0.0211853
  0.0187728
  0.0125808
  0.0195746
  0.0153656
  0.0125715
  0.0108764
  0.0239795
  0.0322651
  0.0128152
  0.0145599
  0.0081785
  0.0142827
  0.0205719
  0.0182038
  0.0180167
 0.00291268
  0.0348122
   0.010573
  0.0181766
  0.0101742
  0.0165427
  0.0244352
 0.00660483
  0.0218073
 0.00555945
  0.0109008
  0.0139733
   0.023201
 0.00312228
 0.00311562
 0.00327631
  0.0224648
 0.00468147
  0.0264613
  0.0121952
  0.0146274
 0.00462667
  0.0266825
  0.0129776
  0.0237924
  0.0213177
  0.0124574
  0.0123703
   0.018793
  0.0178455
 0.00981962
 0.00583852
  0.0160113
  0.0109272
  0.0178425
  0.0140086
  0.0191039
  0.0131047
  0.0154088
 0.00979037
  0.0169769
  0.0264658
  0.0145384
  0.0174474
  0.0128389
0.000582973
 0.00224841
  0.0255538
  0.0268673
  0.0139136
  0.0109923
  0.0104038
  0.0256833
 0.00141785
 0.00226382
  0.0265608
  0.0222215
   0.017773
  0.0147761
  0.0393451
  0.0322352
  0.0235044
  0.0180399
   0.013922
  0.0197233
  0.0165732
  0.0183962
   0.017918
  0.0268698
  0.0105854
  0.0166591
  0.0252568
  0.0159631
  0.0140068
  0.0165482
   0.015395
  0.0106299
  0.0154135
  0.0135852
  0.0140198
 0.00431748
   0.015309
   0.015702
  0.0240929
  0.0131858
  0.0133139
  0.0157836
  0.0149755
  0.0217122
  0.0364274
   0.016732
 0.00926722
 0.00487402
 0.00704327
 0.00643358
  0.0227506
  0.0179204
  0.0195837
 0.00298893
 0.00674158
  0.0149245
 0.00906864
  0.0137504
  0.0159789
  0.0230111
  0.0122769
  0.0168034
  0.0187738
 0.00311366
  0.0179277
  0.0179829
  0.0217498
  0.0145816
0.000342164
  0.0171428
  0.0125335
 0.00294731
 0.00400339
  0.0031293
  0.0102516
  0.0174524
  0.0224321
   0.018344
  0.0232667
 0.00787822
  0.0171541
  0.0118511
  0.0151886
  0.0204771
  0.0203899
  0.0342224
  0.0219399
  0.0230742
  0.0178499
  0.0200318
  0.0240929
  0.0172051
  0.0115353
0.000192922
 0.00175418
  0.0236342
  0.0077436
 0.00984295
  0.0185458
 0.00994953
  0.0111365
  0.0041127
 0.00766324
 0.00433274
  0.0183826
  0.0159203
   0.012314
  0.0230613
  0.0121221
  0.0197648
 0.00301931
 0.00905621
  0.0037889
 0.00562496
  0.0215331
   0.016294
   0.013245
  0.0268698
  0.0250953
  0.0197149
  0.0148259
 0.00723212
  0.0138936
   0.017845
  0.0233679
 0.00538679
   0.024191
  0.0261677
  0.0179197
 0.00814545
 0.00918703
 0.00871518
   0.011366
 0.00610645
  0.0120091
  0.0105303
  0.0246434
  0.0161047
 0.00666178
 0.00229597
  0.0257596
   0.027509
   0.010213
  0.0181221
  0.0135767
  0.0149561
  0.0165418
 0.00567227
  0.0207606
  0.0187692
  0.0114728
  0.0250234
  0.0407844
 0.00727852
  0.0119743
  0.0180322
 0.00442296
  0.0140457
 0.00179367
 0.00661261
  0.0126707
  0.0042166
  0.0285613
  0.0226896
  0.0199529
  0.0219725
 0.00232067
 0.00358598
  0.0197415
  0.0158085
  0.0188991
  0.0176786
  0.0108388
  0.0189933
  0.0176443
 0.00985277
   0.010994
  0.0209648
  0.0211395
  0.0120853
  0.0177685
  0.0283842
  0.0200865
  0.0151165
  0.0105815
 0.00209437
 0.00680865
  0.0258431
 0.00176897
  0.0054429
 0.00508073
 0.00832627
  0.0121999
  0.0105304
 0.00698041
  0.0146941
 0.00343587
 0.00623598
  0.0122461
 0.00567737
 0.00787783
 0.00129039
 0.00144065
 0.00502072
  0.0115147
  0.0194945
  0.0176618
  0.0206321