0.000154255
 0.00369025
  0.0030128
  0.0031981
  0.0289706
  0.0137125
 0.00196546
 0.00833553
 0.00312048
 0.00589532
  0.0114735
 0.00247196
 0.00297444
 0.00742219
  0.0205182
0.000574255
 0.00304989
  0.0115784
 0.00783107
0.000458801
 0.00013982
0.000589256
 0.00320069
 0.00889852
 0.00219712
 0.00173764
0.000727329
 0.00820518
 0.00109423
 0.00245693
0.000413787
 0.00184503
 0.00313952
0.000524855
 0.00199615
  0.0130626
 0.00295551
 0.00239853
  0.0216107
 0.00518541
0.000517987
 0.00957622
0.000923551
  0.0101996
 0.00379658
  0.0299381
 0.00120276
 0.00117891
   0.017106
  0.0113232
  0.0242405
 0.00300725
0.000663131
 0.00554972
   0.010704
0.000911709
0.000903889
 0.00472991
 0.00143415
 0.00481917
 0.00488885
  0.0283552
  0.0248154
  0.0195742
  0.0011254
   0.031999
  0.0234355
 0.00301204
  0.0287277
  0.0243825
  0.0155605
  0.0160845
  0.0271537
0.000246689
  0.0234754
  0.0269822
  0.0236115
 0.00192457
 0.00539586
 0.00567025
 0.00463481
0.000659238
 0.00783397
  0.0027036
 0.00292098
 0.00246759
   0.025769
 0.00151966
  0.0309571
 0.00812644
 0.00116176
 0.00556583
  0.0327974
0.000130093
 0.00056578
0.000168384
 0.00219566
 0.00242744
  0.0124204
 0.00620183
  0.0236821
   0.028533
  0.0240185
  0.0259213
  0.0165871
0.000589157
  0.0103223
 0.00277246
0.000381444
 0.00821905
   0.006779
 0.00666915
  0.0146508
0.000341074
 0.00217745
 0.00817674
 0.00263404
0.000234688
 0.00618518
 0.00170686
0.000812004
 0.00164064
 0.00286306
 0.00886919
 0.00100295
0.000901479
 0.00346392
  0.0035673
0.000257519
  0.0123359
 0.00161575
 0.00847982
 0.00231598
  0.0030853
 0.00174479
 0.00126668
   0.008304
 0.00175954
0.000493171
 0.00304768
 0.00277684
  0.0129771
  0.0250431
 0.00104918
 0.00379044
 0.00275038
  0.0141957
  0.0021523
  0.0124793
 0.00335472
 0.00315563
2.35092e-05
 0.00400898
  0.0015627
0.000490887
 0.00254852
  0.0156873
 0.00520832
  0.0076018
 0.00359375
0.000177418
 0.00535097
   0.003892
 0.00233049
0.000532061
 0.00390244
0.000669836
 0.00482006
 0.00695516
 0.00380925
 0.00208209
 0.00627194
  0.0019429
  0.0104544
 0.00920014
 0.00452397
 0.00191051
  0.0018602
0.000511852
 0.00390347
 0.00162608
 0.00150604
 0.00511403
  0.0136898
 0.00413619
 0.00987048
0.000504975
 0.00975188
0.000150623
 0.00130019
9.57736e-05
 0.00749224
 0.00909947
 0.00313018
  0.0175773
 0.00902255
 0.00972343
 0.00197642
 0.00637045
 0.00280751
 0.00247426
0.000422734
 0.00301476
 0.00873662
 0.00173433
 0.00235695
 0.00206282
 0.00376441
 0.00254365
 0.00487813
 0.00768793
 0.00617459
0.000116646
 0.00898023
 0.00113669
 0.00120108
  0.0131336
0.000172958
0.000104565
 0.00211442
 0.00173033
 0.00758572
2.39951e-05
 0.00654965
 0.00403663
 0.00187108
0.000604238
 0.00162463
 0.00468021
 0.00124831
  0.0089648
0.000681736
 0.00740317
 0.00165948
  0.0066717
 0.00125936
 0.00550158
 0.00282364
 0.00605595
0.000253285
  0.0026251
 0.00685698
  0.0021547
 0.00611654
 0.00273788
 0.00119713
 0.00589878
 0.00323395
 0.00399445
 0.00442763
 0.00140018
 0.00507848
 0.00067709
 0.00768772
 0.00908265
0.000450243
 0.00394374
 0.00292455
0.000201491
 0.00168219
 0.00157157
 0.00318547
   0.014274
 0.00379161
0.000891969
 0.00771724
0.000557227
 0.00208927
0.000598503
 0.00213694
 0.00569336
 0.00525466
 0.00365703
  0.0138701
 0.00607381
 0.00398759
 0.00819349
 0.00773943
 0.00519335
 0.00075778
 0.00443638
  0.0102713
 0.00120973
 0.00799739
 0.00163764
 0.00046621
 0.00415957
 0.00554954
 0.00448913
  0.0290422
 0.00597097
0.000489341
   0.002345
 0.00156217
  0.0344155
 0.00673456
 0.00138637
0.000426963
 0.00569247
 0.00864624
  0.0101156
 0.00449131
  0.0071498
 0.00550366
 0.00300813
 0.00164575
 0.00271886
  0.0145183
0.000186401
 0.00229727
 0.00246945
0.000322873
 0.00397366
 0.00022854
 0.00356877
0.000538999
 0.00107564
 0.00597013
0.000193876
 0.00126184
0.000100705
 0.00229094
 0.00344335
 0.00385025
 0.00730163
9.21631e-05
 0.00388541
 0.00126443
 0.00318732
  0.0117318
 0.00234875
 0.00204897
 0.00411881
  0.0127989
 0.00104396
 0.00525872
 0.00354061
  0.0019307
 0.00634852
 0.00305376
 0.00325336
0.000518867
 0.00227577
   0.025085
 0.00867243
 0.00583662
 0.00985691
 0.00523229
 0.00632136
0.000354201
 0.00296579
 0.00268423
 0.00346649
 0.00285698
 0.00711965
  0.0135959
  0.0305256
 0.00452472
0.000819487
 0.00358281
 0.00316144
 0.00750008
 0.00216533
 0.00816408
 0.00837756
 0.00174498
 0.00475533
0.000752486
 0.00985745
 0.00933527
 0.00973716
 0.00823086
 0.00155073
 0.00374629
  0.0231768
  0.0168958
  0.0171658
  0.0151516
 0.00390422
 0.00222072
 0.00903651
 0.00341223
 0.00165982
 0.00177039
 0.00100905
 0.00932478
 0.00967059
  0.0101647
  0.0120267
  0.0135634
 0.00601085
  0.0015916
0.000849989
 0.00639287
  0.0058041
 0.00282883
 0.00345904
 0.00224152
  0.0015622
0.000619069
 0.00989055
  0.0142038
0.000979121
  0.0175722
  0.0135349
  0.0169273
 0.00895619
 0.00214588
   0.002996
 0.00106091
 0.00298671
  0.0140311
0.000889475
 0.00146304
 0.00212475
 0.00339577
 0.00113241
0.000792284
  0.0120338
  0.0107074
 0.00437494
 0.00170242
 0.00498051
  0.0021006
 0.00612668
  0.0103461
 0.00781415
 0.00564225
 0.00155574
  0.0121251
 0.00513165
 0.00135238
 0.00484805
 0.00255828
  0.0206082
  0.0244293
 0.00612456
0.000331645
 0.00344632
 0.00385453
 0.00755197
0.000787984
 0.00374018
 0.00286463
 0.00101401
  0.0115692
 0.00230399
 0.00305761
0.000325219
 0.00885099
  0.0108409
 0.00316521
 0.00416071
 0.00181916
0.000206195
 0.00208029
 0.00501035
 0.00141861
  0.0073356
 0.00901504
 0.00895875
 0.00938621
 0.00538551
 0.00651074
 0.00701968
  0.0130288
 0.00577537
 0.00171518
  0.0110041
 0.00916323
  0.0148011
  0.0108911
 0.00804187
 0.00995226
0.000541347
 0.00554261
 0.00567413
 0.00354701
 0.00121162
 0.00390126
 0.00228653
 0.00409547
 0.00888296
 0.00478788
  0.0124668
  0.0116895
  0.0132429
 0.00912435
  0.0101086
  0.0020467
0.000175985
 0.00781905
3.98902e-05
 0.00297919
 0.00432234
 0.00111888
 0.00132467
 0.00546303
0.000946838
 0.00517534
2.60608e-05
 0.00411855
 0.00189867
 0.00602585
0.000759147
 0.00652549
 0.00674397
 0.00925851
 0.00747873
 0.00977575
  0.0142989
  0.0030441
 0.00624495
  0.0261473
 0.00789761
 0.00972423
  0.0101441
  0.0131183
  0.0110707
 0.00750369
  0.0118898
   0.018868
  0.0027398
  0.0130787
  0.0021176
 0.00472214
 0.00348202
 0.00406694
 0.00330964
 0.00516853
 0.00700511
 0.00360542
 0.00310508
 0.00421535
 0.00331961
 0.00279252
  0.0134807
  0.0283742
  0.0217438
  0.0010709
  0.0108183
 0.00651923
 0.00728931
  0.0115691
 0.00418237
 0.00897506
 0.00347002
 0.00950654
 0.00399021
 0.00400251
 0.00662681
  0.0094205
0.000334855
 0.00333729
 0.00229925
0.000512569
 0.00138694
 0.00359047
 0.00458817
 0.00746587
0.000665036
 0.00434418
 0.00548866
 0.00711153
 0.00270355
 0.00408001
 0.00143228
 0.00835884
 0.00382995
 0.00607757
  0.0265872
0.000333257
 0.00774953
 0.00532234
 0.00116789
   0.015547
 0.00753826
 0.00812894
 0.00871082
 0.00137851
 0.00487719
 0.00274659
 0.00447756
 0.00480605
 0.00914241
 0.00129152
 0.00377056
  0.0125392
 0.00737581
 0.00755601
  0.0132569
 0.00247901
 0.00208974
 0.00672855
  0.0099028
 0.00231772
 0.00130539
  0.0123145
 0.00804647
 0.00217383
 0.00516134
 0.00176627
  0.0016536
 0.00207881
   0.015317
  0.0171658
  0.0152905
 0.00393499
 0.00832422
  0.0127828
 0.00426783
 0.00476175
0.000281616
 0.00224557
 0.00040432
 0.00313755
  0.0154293
  0.0142245
  0.0163981
 0.00354444
 0.00373593
 0.00473762
 0.00980245
 0.00793578
 0.00746936
 0.00830819
  0.0141174
 0.00546951
 0.00159861
 0.00374894
 0.00129236
 0.00144184
 0.00702198
  0.0101385
  0.0107293
4.13743e-05
 0.00475244
  0.0107294
 0.00147771
 0.00628951
  0.0091498
  0.0220113
  0.0172776
  0.0176702
  0.0174949
0.000436819
 0.00120777
 0.00558393
 0.00994774
 0.00756017
 0.00932752
    0.00461
 0.00437481
  0.0016486
 0.00441484
 0.00460521
 0.00412336
  0.0130433
 0.00342276
 0.00159167
 0.00079848
 0.00825639
  0.0010439
 0.00197047
 0.00560078
 0.00351051
  0.0067943
 0.00195895
  0.0070554
 0.00673063
 0.00992174
0.000786981
 0.00104136
  0.0131574
 0.00402753
 0.00898688
 0.00559749
     0.0119