0.000151692
 0.00448814
 0.00698655
 0.00388387
  0.0036906
 0.00777196
  0.0078511
 0.00145163
 0.00319237
 0.00244542
 0.00269436
 0.00214094
  0.0113695
 0.00130908
 0.00544793
 0.00401819
 0.00181846
 0.00275854
 0.00861666
 0.00138106
 0.00386942
 0.00620617
 0.00379317
 0.00537104
  0.0082284
 0.00808561
 0.00295119
 0.00198103
  0.0015357
 0.00805044
 0.00836231
 0.00134605
 0.00177398
 0.00687955
  0.0068397
 0.00426566
  0.0253809
  0.0128622
 0.00142825
0.000237565
 0.00566034
 0.00106025
 0.00271096
0.000952038
 0.00435067
 0.00317665
 0.00496745
 0.00571594
 0.00675058
 0.00825267
 0.00353888
 0.00719046
 0.00306354
  0.0113001
 0.00491653
 0.00870455
 0.00530072
 0.00585701
 0.00149141
 0.00551902
 0.00361767
 0.00141949
 0.00187278
 0.00915795
 0.00652568
  0.0103274
 0.00683336
 0.00509449
 0.00846989
 0.00565531
 0.00343038
  0.0056658
 0.00905167
 0.00350394
 0.00484992
  0.0010598
  0.0053109
 0.00474173
0.000597236
 0.00802369
 0.00781798
 0.00610429
0.000587652
 0.00345723
   0.003351
   0.010215
 0.00252175
 0.00243191
 0.00398496
 0.00098372
 0.00204758
   0.003763
 0.00927386
  0.0033875
 0.00377528
 0.00608564
4.07195e-05
  0.0101409
 0.00889296
 0.00471043
 0.00574514
   0.011492
 0.00132082
  0.0067453
 0.00833966
 0.00824471
 0.00671771
 0.00696494
   0.011993
 0.00480706
 0.00149139
 0.00533824
0.000103809
 0.00795705
 0.00768352
 0.00471468
 0.00643391
 0.00507679
 0.00540308
  0.0015357
 0.00974379
 0.00521045
 0.00271166
0.000673159
 0.00291726
 0.00113613
0.000489113
 0.00839359
 0.00803537
 0.00236582
 0.00655701
 0.00600795
  0.0104099
  0.0225695
  0.0179125
 0.00370645
  0.0101465
 0.00486521
  0.0151808
 0.00313006
 0.00249725
 0.00276944
0.000140958
0.000911237
 0.00499436
 0.00807807
 0.00819445
 0.00709572
 0.00742455
 0.00814907
  0.0029426
 0.00361809
 0.00392758
  0.0112657
 0.00733514
 0.00430137
 0.00134604
 0.00299416
 0.00748783
  0.0070255
4.93015e-05
 0.00345395
 0.00276885
0.000289386
0.000944079
 0.00806959
 0.00584535
  0.0105895
0.000706678
 0.00669774
 0.00630404
  0.0074851
0.000174189
 0.00906234
  0.0076191
 0.00175125
 0.00649039
 0.00609567
 0.00546087
 0.00193028
 0.00468067
 0.00786745
 0.00898783
 0.00218004
 0.00256804
 0.00449846
 0.00640359
0.000315499
 0.00431234
 0.00529115
 0.00367752
 0.00399944
0.000103017
 0.00626325
0.000796931
 0.00315447
0.000590554
 0.00103124
 0.00717477
 0.00980303
  0.0124822
 0.00774623
  0.0044044
  0.0115822
 0.00192482
0.000932022
 0.00799054
 0.00536931
   0.010593
 0.00537894
0.000493347
 0.00771907
 0.00389093
 0.00142017
 0.00303722
 0.00159595
  0.0075542
 0.00138515
   0.004746
 0.00352064
 0.00541421
 0.00852986
 0.00891821
  0.0123689
 0.00967772
  0.0122467
0.000278115
 0.00640284
  0.0085445
 0.00723946
 0.00516301
 0.00775375
  0.0100405
 0.00387988
 0.00320105
 0.00216189
 0.00104679
 0.00642535
 0.00782705
 0.00411985
 0.00464055
  0.0108231
 0.00761619
  0.0129896
 0.00738623
 0.00726365
 0.00647691
 0.00116839
 0.00554084
4.64389e-05
0.000106567
 0.00594621
 0.00219018
 0.00225697
   0.021316
  0.0166495
  0.0126071
 0.00464921
 0.00640359
 0.00184109
 0.00537245
0.000438967
 0.00487252
 0.00732544
 0.00483698
 0.00862225
 0.00707616
 0.00172109
 0.00221223
 0.00319979
 0.00380071
  0.0083603
 0.00654364
 0.00382356
 0.00119611
0.000566174
 0.00629462
 0.00023422
 0.00728921
 0.00856248
 0.00774645
0.000519396
 0.00552737
  0.0138819
 0.00213675
 0.00712682
 0.00643864
 0.00346678
 0.00399394
 0.00599028
 0.00236096
 0.00504646
  0.0108296
  0.0092859
 0.00611281
 0.00160957
 0.00843526
  0.0235399
 0.00543605
  0.0114032
  0.0150537
0.000146946
  0.0030989
0.000103295
 0.00112169
 0.00848804
 0.00462884
 0.00249372
 0.00573209
 0.00246046
  0.0077604
0.000890946
 0.00299783
 0.00675534
 0.00467073
  0.0104322
 0.00259975
 0.00890782
  0.0107536
  0.0169149
 0.00172595
 0.00301007
 0.00538955
 0.00184255
0.000145973
 7.7846e-05
  0.0107018
  0.0096122
  0.0145547
0.000567968
 0.00223333
 0.00578909
 0.00688474
0.000838792
 0.00635987
  0.0101472
 0.00638204
 0.00542099
 0.00914292
 0.00433443
 0.00683038
 0.00196208
0.000224255
 0.00345446
 0.00189929
 0.00274201
 0.00413755
 0.00499388
 0.00716775
 0.00866504
 0.00724082
 0.00472507
  0.0041384
 0.00616421
 0.00110527
 0.00491385
 0.00697052
 0.00269373
 0.00859731
  0.0103972
 0.00408085
 0.00195121
   0.009665
0.000473901
0.000237048
 0.00693746
   0.022228
   0.012561
 0.00816322
 0.00225735
0.000359057
 0.00457331
 0.00484396
 0.00299724
  0.0123722
 0.00322678
 0.00850744
 0.00300894
  0.0029262
  0.0124964
 0.00621782
 0.00310441
 0.00310293
 0.00462318
6.59855e-05
 0.00638604
   0.015154
0.000781058
  0.0100947
 0.00490398
  0.0112053
 0.00628123
 0.00411376
 0.00127484
 0.00775002
 0.00466753
 0.00168271
 0.00324699
 0.00636415
 0.00539502
 0.00583454
 0.00138541
 0.00241251
 0.00414777
 0.00913416
 0.00560057
   0.003726
 0.00366761
 0.00491385
 0.00649279
0.000450673
 0.00719947
 0.00227359
0.000471322
 0.00055717
  0.0114213
   0.011056
 0.00256717
 0.00290163
 0.00555228
 0.00614034
0.000643051
0.000868407
 0.00982913
  0.0183879
 0.00503102
  0.0107436
 0.00717842
 0.00235506
 0.00203745
 0.00368198
 0.00345076
 0.00688824
 0.00137876
0.000163983
 0.00125939
 0.00604152
 0.00162608
 0.00317743
 0.00191883
 0.00208271
 0.00260032
  0.0106203
  0.0031273
 0.00485995
 0.00719947
   0.001105
 0.00556697
 0.00301477
 0.00223596
0.000586883
 0.00073704
0.000929054
  0.0115477
   0.006691
0.000171486
 0.00705547
 0.00344386
 0.00388625
 0.00633146
  0.0107678
 0.00364054
0.000612525
  0.0052115
 0.00738155
 0.00574237
 0.00150295
 0.00507446
  0.0210947
  0.0130928
 0.00676794
0.000506217
  0.0002135
 0.00128204
 0.00986538
 0.00229719
 0.00178544
0.000504754
0.000287042
0.000347468
  0.0015536
 0.00243665
 0.00226332
  0.0134642
 0.00445805
 0.00836319
 0.00738968
  0.0106936
  0.0032475
 0.00746132
 0.00361443
 0.00174664
 0.00224371
  0.0109128
   0.010286
0.000423003
 0.00874603
 0.00769727
 0.00250603
 0.00569708
 0.00775909
 0.00322702
 0.00725335
  0.0063401
 0.00881582
   0.010095
 0.00106304
 0.00329871
 0.00250397
 0.00668508
 0.00178503
 0.00621925
  0.0113147
 0.00781906
   0.006094
 0.00645962
  0.0143485
  0.0109726
 0.00889997
 0.00816314
 0.00191855
  0.0198261
 0.00811265
 0.00196093
  0.0118668
  0.0129033
 0.00979178
 0.00184787
 0.00561237
 0.00201584
 0.00653191
 0.00531864
0.000650769
  0.0164432
 0.00811927
 0.00555098
 0.00485109
 0.00462487
 0.00986626
 0.00724752
 0.00138961
 0.00925428
 0.00320243
5.40914e-05
 0.00647445
 0.00367155
0.000293914
 0.00335133
 0.00953275
 0.00353917
 0.00315857
 0.00964517
 0.00182407
 0.00332549
  0.0113787
 0.00302066
 0.00462093
 0.00220872
 0.00468714
 0.00315763
 0.00693973
 0.00788235
  0.0113422
  0.0167784
0.000210465
  0.0106715
 0.00902254
 0.00601199
 0.00419964
  0.0032297
  0.0035904
   0.011029
 0.00254791
 0.00361768
 0.00611921
  0.0109527
 0.00158438
 0.00710286
 0.00463494
  0.0040051
 0.00398786
 0.00148194
 0.00366022
0.000682666
0.000113564
 0.00143605
  0.0138587
 0.00721533
  0.0055597
 0.00933983
   0.011593
  0.0251044
 0.00528834
  0.0176061
 0.00466807
  0.0045876
  0.0122503
   0.014561
0.000886268
  0.0107128
 0.00400081
  0.0107779
 0.00283516
  0.0116983
  0.0218463
 0.00759989
0.000485513
 0.00661461
 0.00216306
0.000707057
 0.00957829
 0.00922569
  0.0016817
 0.00108482
  0.0079121
0.000713575
  0.0058692
  0.0023857
  0.0081036
  0.0116007
 0.00766165
 0.00990873
  0.0155326
 0.00875188
 0.00454764
  0.0053626
8.31455e-05
 0.00876331
 0.00972066
  0.0021629
  0.0111879
0.000105456
  0.0085662
  0.0131859
 0.00579291
  0.0105326
 0.00972483
 0.00624297
 0.00128933
 0.00228794
0.000558229
 0.00922639
 0.00286009
   0.013043
  0.0182747
0.000238668
3.51057e-05
 0.00811927
   0.006237
 0.00391682
0.000165244
   0.004075
 0.00723481
 0.00563736
0.000578035
  0.0013253
0.000858232
 0.00975403
 0.00182037
 0.00126789
 0.00749598
 0.00944397
 0.00407784
 0.00867298
  0.0105348
 0.00740283
 0.00453699
  0.0124705
 0.00267995
 0.00112503
 0.00874429
 0.00208928
 0.00231213
 0.00602365
 0.00466578
 0.00876629
 0.00130665
 0.00142063
 0.00338736
 0.00681018
 0.00321953
 0.00757383
  0.0123341
 0.00449986
 0.00861518
 0.00417143
  0.0106223
  0.0044221
 0.00139353
 0.00107251
 0.00240257
  0.0198304
 0.00504822
 0.00663455
 0.00904319
 0.00186147
  0.0179012
 0.00709554
 0.00905217
 0.00741306
  0.0049808
 0.00738579
 0.00582362
  0.0101353
 0.00733073
  0.0072845
  0.0020824
 0.00423439
 0.00218137
  0.0032165
 0.00510988
 0.00168639
 0.00808042
 0.00945713
 0.00975862
 0.00592567
 0.00917254
 0.00846083
 0.00326055
 0.00754632
 0.00606657
  0.0082044
 0.00682287
 0.00892803
 0.00850291
 0.00976638
 0.00143934
  0.0059615
  0.0118059
 0.00401251
 0.00734062
 0.00205158
 0.00649061
 0.00607598
  0.0136358
 0.00664647
0.000390033
  0.0219762
 0.00117622
 0.00589352
0.000509968
 0.00843326
  0.0101646
 0.00593316
 0.00726832
 0.00955849
  0.0202217
 0.00661462
  0.0090253
 0.00624083
 0.00380668
0.000515211
 0.00235761
 0.00648576
 0.00557493
  0.0200679
 0.00267401
 0.00266932
 0.00831959
 0.00726656
 0.00300928
  0.0239807
0.000727687
 0.00468059
 0.00360718
  0.0116353
   0.020646
 0.00409992
 0.00699838
 0.00736068
 0.00392431
 0.00326488