  0.0353529
  0.0320957
  0.0370618
  0.0296851
  0.0354846
   0.027994
  0.0327459
  0.0287388
  0.0337475
  0.0416396
  0.0365305
  0.0337426
  0.0295111
  0.0363536
  0.0348542
  0.0257486
  0.0257046
  0.0312671
  0.0331665
  0.0387847
  0.0369621
  0.0317855
  0.0357567
  0.0374879
  0.0364671
  0.0359274
  0.0319597
  0.0348393
  0.0463471
  0.0379505
   0.055078
  0.0363819
  0.0288358
  0.0304533
  0.0183396
  0.0350396
   0.016698
  0.0289598
  0.0337662
  0.0336154
  0.0370342
  0.0368806
  0.0299184
  0.0371006
  0.0341255
   0.040183
  0.0374215
 0.00255007
 0.00874484
  0.0103325
  0.0243987
  0.0382054
  0.0378021
  0.0316771
  0.0308032
  0.0393092
  0.0410479
  0.0343693
  0.0475824
  0.0476839
  0.0288771
  0.0245564
  0.0371133
  0.0280615
  0.0309976
  0.0312872
  0.0435152
  0.0320658
  0.0340692
   0.035994
  0.0191204
  0.0324876
   0.024213
  0.0293731
  0.0400393
  0.0407639
  0.0381152
  0.0246177
  0.0303076
  0.0332283
  0.0371307
  0.0337199
   0.032896
  0.0298449
  0.0368079
  0.0397298
  0.0528697
  0.0373925
  0.0381002
  0.0356415
  0.0349725
  0.0362235
  0.0284794
  0.0335948
  0.0350481
  0.0426065
  0.0266123
  0.0387636
  0.0376213
  0.0313989
  0.0381681
  0.0356087
  0.0397561
   0.035254
  0.0334433
  0.0114846
  0.0311182
  0.0351671
   0.034264
   0.041369
  0.0342783
  0.0422579
  0.0448643
  0.0146986
  0.0296982
  0.0349577
  0.0303484
  0.0217167
  0.0201474
  0.0276671
  0.0268059
  0.0284242
  0.0383723
 0.00374961
  0.0340897
 0.00319731
  0.0310795
  0.0327618
   0.029453
  0.0201137
  0.0351749
  0.0358194
  0.0290431
  0.0204244
 0.00491496
  0.0127015
  0.0329477
  0.0375795
  0.0329298
  0.0332381
  0.0300036
   0.023573
  0.0352875
  0.0394803
  0.0396764
  0.0311851
  0.0318214
  0.0389693
  0.0313134
  0.0225644
  0.0278391
  0.0259161
  0.0284891
  0.0518947
  0.0278487
  0.0321687
   0.040235
 0.00393772
 0.00422173
  0.0102732
  0.0232318
  0.0468811
  0.0404046
  0.0361836
  0.0407384
 0.00521266
 0.00975952
6.45568e-05
  0.0450745
  0.0544331
  0.0407331
   0.036532
  0.0343841
  0.0322538
 0.00812615
  0.0296103
  0.0250878
  0.0266503
  0.0347263
  0.0228588
  0.0262589
   0.010409
  0.0282418
  0.0370576
  0.0337222
  0.0374092
  0.0327251
  0.0291686
    0.03114
  0.0436463
  0.0305331
  0.0377952
  0.0324926
  0.0279601
  0.0271673
  0.0318253
  0.0266018
   0.036024
  0.0261687
  0.0626115
  0.0464801
   0.052244
  0.0197305
  0.0178631
  0.0291259
 0.00503305
  0.0350249
7.64296e-05
 0.00252712
  0.0122531
  0.0443592
  0.0237948
  0.0271063
  0.0339548
  0.0358343
  0.0056433
  0.0234632
  0.0247279
  0.0356779
  0.0269205
0.000574194
  0.0270851
  0.0305407
  0.0429014
  0.0351975
  0.0271428
  0.0329779
  0.0283309
  0.0285815
 0.00742788
  0.0143388
  0.0273317
  0.0186719
  0.0340207
  0.0622648
  0.0305079
  0.0245161
  0.0306099
  0.0188239
  0.0257801
  0.0452077
  0.0297894
  0.0186958
  0.0299692
 0.00951751
 0.00499364
  0.0480275
  0.0502873
  0.0328435
  0.0290263
    0.04861
 0.00918252
  0.0582448
  0.0423397
  0.0441714
  0.0414981
 0.00741495
 0.00364007
  0.0348602
  0.0223592
  0.0277886
  0.0412261
  0.0520035
 0.00269817
  0.0436752
  0.0333472
 0.00833794
  0.0477905
  0.0533547
  0.0262261
  0.0366869
  0.0247088
  0.0276351
  0.0396015
 0.00186853
  0.0157566
  0.0292887
  0.0391905
  0.0230583
 0.00381258
  0.0229717
  0.0467811
  0.0539883
  0.0292013
  0.0428654
  0.0206949
  0.0302158
   0.030509
  0.0326693
  0.0625685
  0.0270998
 0.00197495
  0.0513548
  0.0214137
   0.017339
   0.029284
  0.0266799
  0.0278511
   0.022681
  0.0611435
  0.0151029
  0.0278098
  0.0426777
  0.0214764
  0.0289303
  0.0334922
  0.0246163
  0.0208885
  0.0399496
  0.0212472
   0.017928
  0.0480048
 0.00836261
  0.0499401
  0.0297539
   0.027406
  0.0444902
0.000439251
  0.0321694
  0.0210967
  0.0624827
 0.00256606
 0.00327966
  0.0046399
  0.0179344
  0.0324466
  0.0216504
 0.00962596
  0.0488747
  0.0319038
0.000894244
  0.0215367
  0.0258148
  0.0218427
   0.011142
  0.0220647
 0.00412475
  0.0192768
  0.0375045
  0.0177261
  0.0383605
  0.0252309
  0.0242741
  0.0195198
  0.0214666
  0.0219422
  0.0194232
  0.0133007
  0.0375978
  0.0545327
  0.0204791
  0.0198237
  0.0330879
   0.020046
  0.0356356
  0.0364627
  0.0153278
  0.0189012
  0.0627386
  0.0175452
  0.0188054
  0.0407533
  0.0696396
  0.0200682
     0.0283
 0.00212774
  0.0591233
  0.0381435
  0.0132227
  0.0204436
 0.00325451
  0.0333851
  0.0310796
  0.0487609
  0.0176975
  0.0353491
  0.0352556
 0.00193426
  0.0371623
 0.00216321
  0.0211733
  0.0255155
  0.0126982
   0.014406
 0.00350935
 0.00375448
  0.0233111
  0.0102891
 0.00120803
  0.0241707
  0.0159224
 0.00294444
  0.0178074
  0.0078707
  0.0130248
 0.00778749
  0.0246496
  0.0353195
  0.0216633
 0.00357841
  0.0147795
  0.0100172
 0.00390545
  0.0306948
   0.028178
  0.0341484
 0.00184254
  0.0227177
  0.0248433
0.000752014
  0.0409386
  0.0375684
    0.03476
 0.00280187
  0.0227423
 0.00779219
  0.0262563
 0.00598601
  0.0157106
  0.0140035
  0.0227453
  0.0210561
  0.0427281
  0.0023095
 0.00146026
 0.00999993
  0.0288213
  0.0180104
  0.0460148
  0.0338605
 0.00903642
  0.0229552
 0.00349332
  0.0300423
  0.0131402
  0.0221601
  0.0270297
   0.021532
  0.0380652
0.000260133
 0.00911787
  0.0220432
  0.0344482
  0.0295026
  0.0105753
  0.0335799
   0.034136
  0.0264931
 0.00582483
  0.0219158
  0.0316051
  0.0250607
  0.0329038
 0.00467403
  0.0379214
 0.00502892
   0.036722
  0.0315622
 0.00551294
  0.0554701
  0.0101317
   0.003099
 0.00328612
  0.0370449
 0.00733276
 0.00595644
  0.0190075
 0.00354114
 0.00529318
 0.00955322
  0.0215313
  0.0138493
  0.0196872
  0.0206732
   0.035155
 0.00867653
  0.0179155
  0.0335357
  0.0378386
  0.0170021
   0.031298
  0.0332641
  0.0249896
  0.0183489
  0.0256845
  0.0273257
  0.0165942
  0.0370077
  0.0464899
  0.0345158
  0.0733669
  0.0741551
  0.0648679
  0.0666621
  0.0378523
   0.034954
 0.00933632
 0.00462453
  0.0508866
  0.0335359
  0.0106515
   0.019125
  0.0276186
   0.020091
  0.0134876
  0.0211511
  0.0271028
  0.0259984
  0.0415176
  0.0129426
  0.0307734
  0.0307171
  0.0378863
  0.0832772
  0.0092491
  0.0552371
  0.0458305
  0.0132593
  0.0200391
   0.024916
 0.00745368
   0.014993
  0.0335896
  0.0288128
  0.0289587
  0.0401418
  0.0263452
  0.0223596
  0.0322139
  0.0361979
  0.0161483
   0.010398
  0.0226908
  0.0784898
  0.0391934
  0.0320033
  0.0340328
  0.0309944
  0.0299822
  0.0182602
  0.0380675
 0.00683023
  0.0119869
  0.0345389
  0.0418409
  0.0119902
  0.0313147
  0.0746678
  0.0548597
  0.0710624
  0.0695747
  0.0362378
  0.0600241
  0.0349137
  0.0178115
  0.0224323
  0.0274463
  0.0636682
  0.0688077
  0.0333403
  0.0318153
   0.035894
  0.0304928
  0.0597125
  0.0260955
  0.0288908
  0.0353116
  0.0373203
  0.0187566
 0.00553907
  0.0438643
  0.0703065
 0.00561478
  0.0521699
  0.0608402
  0.0396055
  0.0304611
  0.0342295
  0.0362473
  0.0534777
  0.0542317
  0.0564823
  0.0357172
  0.0289563
  0.0653439
  0.0159952
  0.0382794
  0.0213332
  0.0333586
  0.0360003
  0.0678337
 0.00167869
  0.0294694
  0.0453094
  0.0228108
  0.0399661
  0.0389336
  0.0158192
  0.0377653
   0.011878
  0.0584252
  0.0612821
 0.00807646
  0.0411184
  0.0368287
  0.0554615
  0.0703014
  0.0344683
  0.0370656
  0.0253432
  0.0277915
  0.0492065
  0.0166453
  0.0439124
 0.00249639
 0.00179167
  0.0378837
  0.0242029
  0.0131482
0.000828272
  0.0186374
 0.00506674
  0.0568329
  0.0498435
  0.0329016
  0.0185752
  0.0533089
  0.0426115
  0.0537347
  0.0489548
  0.0597115
  0.0328407
  0.0365153
  0.0329499
  0.0266527
  0.0438869
  0.0285364
  0.0248746
  0.0221035
  0.0362176
   0.035158
  0.0097701
   0.046753
  0.0512367
  0.0846752
  0.0529944
  0.0361952
  0.0824049
  0.0356935
  0.0394826
  0.0231935
  0.0527713
  0.0224042
 0.00845457
   0.012432
  0.0321817
 0.00489193
  0.0298373
  0.0360808
  0.0328111
  0.0477939
  0.0110133
  0.0292592
  0.0738334
 0.00311718
  0.0765254
  0.0147242
  0.0465272
   0.004735
  0.0461943
  0.0348149
  0.0158124
  0.0737035
  0.0705707
    0.07786
   0.029219
  0.0387235
  0.0342135
   0.033872
   0.023205
  0.0389817
  0.0526863
  0.0668239
  0.0267523
  0.0332651
  0.0622154
  0.0692683
   0.018488
  0.0484909
  0.0707053
  0.0823801
  0.0168868
 0.00454203
  0.0487444
  0.0576183
  0.0268319
  0.0266525
 0.00960196
  0.0385652
  0.0474599
  0.0564147
    0.02605
  0.0120706
   0.027784
  0.0202067
  0.0198924
  0.0107522
  0.0197878
  0.0137376
  0.0153502
  0.0293386
  0.0417414
 0.00530365
  0.0881748
  0.0281929
  0.0364652
  0.0357588
  0.0314352
 0.00758777
  0.0482418
 0.00255061
  0.0507726
  0.0316689
  0.0533396
  0.0544433
  0.0354456
 0.00364726
  0.0136218
  0.0207931
   0.012982
  0.0182793
  0.0801893
  0.0279842
  0.0312814
  0.0380906
  0.0257433
 0.00775194
   0.056182
  0.0451486
  0.0143905
  0.0408933
  0.0465912
  0.0176155
  0.0718431
  0.0586061
  0.0242888
   0.043977
  0.0371525
  0.0603114
  0.0801826
  0.0347041
  0.0100156
  0.0269344
  0.0398481
 0.00676514
  0.0402138
 0.00255111
 0.00728123
 0.00843993
  0.0328336
 0.00254997
   0.020074
 0.00811249
 0.00524231
  0.0283181
  0.0379577
 0.00113308
  0.0809013
  0.0548151
  0.0150997
0.000805747
 0.00669256
  0.0219644
 0.00470682
  0.0371837
 0.00336627
  0.0243518
  0.0438253
  0.0271281
  0.0433261
  0.0359857
  0.0506774
  0.0294235
  0.0103281
  0.0237968
  0.0274037
   0.030308
  0.0261597
  0.0426406
  0.0335488