  0.0021185
  0.0100207
  0.0149367
  0.0107736
  0.0105099
  0.0103527
 0.00110394
  0.0101374
  0.0111667
 0.00846077
  0.0102353
 0.00814597
 0.00709433
 0.00425675
 0.00505519
 0.00767007
  0.0173498
  0.0126075
 0.00828499
 0.00628896
  0.0073819
0.000718296
 0.00399997
 0.00102158
 0.00277725
 0.00401235
 0.00263586
0.000921942
0.000680059
 0.00469873
 0.00400953
 0.00445159
 0.00456486
 0.00674941
 0.00860173
 0.00903917
  0.0114212
0.000186558
 0.00241678
0.000468308
 0.00265158
 0.00384445
  0.0046243
  0.0180576
  0.0101043
0.000857089
0.000697588
 0.00801641
  0.0119458
 0.00320717
 0.00075988
 0.00433825
 0.00506404
  0.0106774
  0.0151549
   0.019663
  0.0332316
  0.0271974
 0.00526296
  0.0018067
 0.00131332
  0.0138487
   0.010836
  0.0212106
  0.0092062
 0.00470069
 0.00332659
  0.0228599
  0.0346014
  0.0171349
 0.00922726
  0.0406599
  0.0347022
0.000966184
0.000443128
 0.00103946
 0.00630375
  0.0118733
 0.00417258
  0.0149536
 0.00977424
0.000766939
 0.00755045
 0.00424237
 0.00331136
 0.00154417
0.000518895
 0.00183326
    0.00854
  0.0119679
   0.010196
   0.016503
 0.00446671
 0.00400985
  0.0103754
 0.00447045
 0.00532505
 0.00604483
  0.0094077
 0.00715275
 0.00673529
 0.00121584
  0.0118881
   0.016544
  0.0133188
  0.0134114
  0.0147396
    0.01488
  0.0105608
 0.00782909
  0.0132255
  0.0110547
 0.00800978
  0.0123027
 0.00364376
 0.00531815
 0.00544738
  0.0034913
0.000688001
 0.00838131
 0.00282562
 0.00125557
 0.00512719
 0.00750634
 0.00227775
  0.0110845
 0.00271039
 0.00518977
0.000907053
 0.00843459
 0.00322676
  0.0102389
  0.0102903
 0.00532347
 0.00231076
 0.00206635
 0.00401943
0.000973948
 0.00553396
 0.00440364
0.000854894
  0.0028926
 0.00899438
 0.00174391
0.000547908
   0.020521
   0.011062
0.000494202
0.000425532
 0.00225481
 0.00323248
 0.00340894
  0.0108233
 0.00777923
  0.0117769
 0.00278706
  0.0205247
  0.0325633
  0.0122464
 0.00134973
 0.00157312
   0.010272
  0.0247666
  0.0142725
  0.0092667
  0.0231009
 0.00770358
 0.00439605
  0.0309067
  0.0200466
 0.00284448
 0.00706879
 0.00462975
 0.00840223
  0.0343853
  0.0434599
  0.0106534
0.000639317
 0.00455285
  0.0128775
   0.010986
  0.0116893
0.000196088
  0.0168185
  0.0127568
 0.00246319
0.000387334
0.000847429
 0.00516764
 0.00955042
 0.00647464
 0.00936983
  0.0085393
  0.0115056
  0.0153191
  0.0151932
 0.00333365
 0.00949754
 0.00479656
 0.00597259
  0.0113309
  0.0065981
   0.008457
 0.00579229
 0.00160087
 0.00568548
3.79471e-05
0.000784271
  0.0182509
  0.0139438
  0.0125844
  0.0129813
  0.0172774
 0.00606001
 0.00110299
 0.00948912
 0.00746817
 0.00177459
    0.01438
   0.011271
 0.00917251
  0.0151641
 0.00601954
   0.010372
  0.0043099
0.000180175
 0.00577757
  0.0087861
 0.00281009
   0.011408
  0.0101026
  0.0150685
 0.00498088
 0.00114973
 0.00327673
 0.00256284
  0.0172141
  0.0188446
 0.00810987
  0.0105466
 0.00936826
 0.00404531
   0.011129
   0.011805
 0.00944653
  0.0182651
  0.0302437
   0.017168
  0.0163281
 0.00878291
 0.00566535
 0.00970167
  0.0186273
 0.00750772
 0.00744414
 0.00251437
  0.0409021
   0.032914
  0.0105095
 0.00278156
 0.00881382
  0.0033276
 0.00703091
  0.0247049
  0.0233333
   0.037497
 0.00725941
 0.00125326
 0.00425606
 0.00180356
  0.0122833
 0.00911971
  0.0119355
 0.00538123
 0.00949128
 0.00735224
 0.00645203
 0.00818196
 0.00171515
 0.00172063
  0.0314382
  0.0304279
 0.00282984
 0.00266195
 0.00277275
  0.0074722
 0.00654676
 0.00755206
 0.00689239
 0.00928451
 0.00657974
  0.0116813
  0.0195019
  0.0243772
  0.0100927
 0.00317293
 0.00686899
 0.00087763
 0.00210952
 0.00783402
 0.00814087
0.000657363
0.000326759
 0.00931608
 0.00779535
  0.0163896
   0.012033
  0.0174037
 0.00940768
  0.0125753
  0.0113938
  0.0165426
  0.0034837
 0.00302331
 0.00212335
  0.0109382
  0.0382816
 0.00397914
0.000959017
 0.00704266
 0.00293652
   0.010862
 0.00391735
 0.00840606
 0.00380377
  0.0195269
  0.0206451
  0.0186085
   0.040295
  0.0339751
  0.0332656
0.000342441
0.000536569
 0.00126781
 0.00912878
 0.00368106
 0.00301536
 0.00954246
 0.00796697
  0.0124446
  0.0197102
  0.0184804
  0.0285982
 0.00583242
 0.00481035
 0.00627954
  0.0128164
 0.00464793
 0.00546308
  0.0010122
  0.0057726
 0.00403911
0.000228465
 0.00360578
 0.00956897
 0.00348914
  0.0112802
 0.00266846
  0.0120455
 0.00619175
 0.00596455
 0.00247347
 0.00207614
  0.0110698
  0.0110822
 0.00770747
  0.0116153
  0.0168393
  0.0143779
  0.0203514
 0.00038652
 0.00639938
  0.0199223
 0.00114066
 0.00474107
 0.00208614
 0.00263628
  0.0140675
0.000258743
 0.00845479
 0.00843973
  0.0132018
 0.00241197
0.000798277
  0.0136193
 0.00225033
  0.0230329
 0.00787331
   0.010471
 0.00866374
 0.00921719
  0.0080503
 0.00954988
  0.0380501
  0.0159462
  0.0189807
0.000120926
  0.0061841
 0.00402539
 0.00639598
 0.00777059
  0.0171432
  0.0162902
  0.0217585
 0.00452266
 0.00459447
 0.00420015
0.000190078
  0.0111992
 0.00621692
 0.00672616
  0.0137601
 0.00834264
  0.0073354
 0.00592643
0.000664058
  0.0013198
  0.0139832
  0.0133952
  0.0164615
  0.0083005
  0.0105855
 0.00817505
 0.00433415
  0.0139058
 0.00165696
 0.00638156
 0.00599493
 0.00733392
  0.0200844
 0.00594134
 0.00168633
 0.00911942
  0.0128653
   0.014097
8.46308e-05
0.000950443
 0.00624356
 0.00781297
  0.0286897
  0.0401668
0.000194128
 0.00272434
 0.00354727
  0.0317403
0.000870725
  0.0300502
  0.0190924
  0.0223779
  0.0351573
  0.0122028
 0.00416329
 0.00551685
  0.0103998
 0.00581591
0.000740716
 0.00964019
  0.0174204
  0.0018475
 0.00072629
 0.00158425
  0.0102688
 0.00852206
  0.0115424
 0.00976168
 0.00615383
4.13097e-05
  0.0015159
 0.00783903
  0.0232718
  0.0126175
 0.00761745
 0.00301267
 0.00203674
 0.00495612
 0.00886649
 0.00140606
7.80136e-06
 0.00148329
   0.017568
  0.0185691
  0.0218074
 0.00292969
 0.00620357
 3.0048e-05
 0.00349841
  0.0187229
  0.0187427
 0.00525559
 0.00250523
 0.00806902
  0.0109016
 0.00667722
  0.0224984
 0.00944803
0.000512638
  0.0136142
 0.00612435
 0.00135985
  0.0133708
  0.0005006
0.000893607
 0.00367452
 0.00205781
 0.00802193
 0.00109895
0.000971154
  0.0217929
 0.00149017
 0.00361622
 0.00246652
 0.00317476
 0.00114985
 0.00576796
   0.010492
 0.00429666
   0.013097
 0.00842116
  0.0151927
  0.0208104
 0.00876091
  0.0159769
 0.00583691
0.000646406
 0.00182279
  0.0104119
 0.00623593
 0.00857638
 0.00634643
 0.00807669
  0.0063524
  0.0201206
0.000106652
 0.00305453
  0.0168583
 0.00538531
 0.00843385
  0.0244661
  0.0103095
  0.0080471
 0.00238302
  0.0124012
 0.00353512
  0.0158888
0.000234493
  0.0166906
 0.00264719
 0.00182671
  0.0177418
  0.0172627
  0.0051601
   0.006536
  0.0155034
   0.016416
 0.00375455
  0.0154826
  0.0259272
 0.00758568
 0.00707233
0.000403785
 0.00414336
 0.00780056
  0.0115801
  0.0131285
 0.00121817
   0.010175
 0.00087144
 0.00174158
 0.00670424
  0.0183346
 0.00311787
  0.0229055
 0.00176862
0.000798146
 0.00302645
  0.0073109
 0.00708615
 0.00680411
 0.00809718
  0.0287702
  0.0103666
 0.00710654
 0.00685703
  0.0104922
   0.020117
 0.00091247
 0.00752085
 0.00964044
  0.0303261
  0.0207977
 0.00544262
   0.017068
  0.0155253
  0.0101358
  0.0107807
  0.0113156
 0.00771957
  0.0169827
 0.00837211
 0.00562308
 0.00770454
   0.013429
  0.0252918
  0.0115557
   0.037132
  0.0221274
 0.00284702
 0.00370941
 0.00654118
 0.00460205
  0.0031109
  0.0316568
   0.030124
 0.00681512
 0.00425506
 0.00259409
 0.00812501
 0.00867172
  0.0397969
 0.00246009
   0.037856
  0.0111554
  0.0189676
  0.0062284
   0.003677
 0.00863785
 0.00196657
 0.00198702
0.000564077
 0.00405035
 0.00223771
   0.011779
  0.0148915
 0.00760562
   0.010682
  0.0262265
 0.00314019
 0.00645393
 0.00425188
  0.0102388
 0.00470366
 0.00833757
 0.00439233
 0.00288398
 0.00424302
  0.0175982
 0.00589163
 0.00686677
 0.00714961
  0.0170085
 0.00497979
   0.026579
0.000275322
  0.0273635
  0.0157209
 0.00117443
  0.0346478
 0.00530556
 0.00798938
  0.0178256
  0.0124512
 0.00434291
  0.0110326
  0.0140901
 0.00666587
0.000735903
 0.00629606
 0.00606755
  0.0299875
  0.0145446
 0.00637264
 0.00752046
  0.0132685
  0.0160481
  0.0299428
 0.00187266
  0.0137843
 0.00157973
 0.00364145
  0.0108473
0.000563707
  0.0188441
 0.00706063
  0.0229609
  0.0253693
 0.00635703
 0.00716661
  0.0116637
0.000733012
 0.00784346
 0.00306336
 0.00622446
  0.0085706
  0.0137347
 0.00137423
 0.00108369
  0.0176817
  0.0190151
  0.0119291
 0.00626456
 0.00419547
 0.00446755
 0.00491294
 0.00556478
 0.00639908
  0.0179357
  0.0204014
  0.0140057
  0.0177886
 0.00755271
  0.0119327
 0.00301267
 0.00247835
0.000476435
 0.00985818
  0.0062676
   0.020189
 0.00776944
  0.0145052
  0.0329606
  0.0068808
 0.00690843
0.000531721
 0.00379724
 0.00554326
   0.001095
  0.0137732
 0.00696539
  0.0145828
  0.0154561
  0.0179372
 0.00947002
   0.014838
 0.00873956
  0.0311506
 0.00588559
 0.00744032
 0.00723125
 0.00861679
  0.0063354