1.23352
1.32278
1.47181
1.68853
1.89227
2.29072
2.30776
2.35917
2.40127
2.55796
2.94463
2.97927
3.06478
 3.3105
3.33772
3.54774
3.59439
3.61265
3.66116
3.68317
3.71937
3.73543
 3.8072
 3.8187
3.87646
3.91427
 3.9806
 3.9839
 4.0389
4.16072
4.29914
4.30303
4.30408
4.38021
4.42779
4.63845
 4.6532
4.67972
4.68069
 4.7054
4.72666
4.73363
 4.7795
4.81142
4.87239
4.92148
4.92706
4.92915
4.95668
5.00729
5.04788
5.10173
5.14026
5.17838
5.34892
5.52315
5.53057
5.53545
5.60696
5.64844
5.75329
  5.802
5.82294
 5.8767
5.88803
5.90458
 5.9333
5.94923
6.01804
6.03397
6.06018
6.14555
6.23674
6.24821
6.27342
6.30412
6.32192
6.33134
6.42931
6.53368
6.60568
6.62293
6.62874
6.74811
6.79198
6.83447
6.87519
6.88706
6.89128
6.93885
6.98368
6.98884
6.99477
7.05298
7.15085
7.16546
7.16747
7.19585
7.23609
7.25913
7.27611
7.37426
7.40218
7.40678
7.45413
 7.4626
7.46881
7.53337
7.54901
7.64755
7.64837
7.71425
7.94337
8.03188
 8.1229
8.13815
 8.1386
8.16385
 8.2202
8.25721
8.32913
8.36292
8.38974
8.39009
 8.4047
8.43754
8.45778
8.50505
8.52741
8.58103
8.58904
8.61185
  8.614
8.65956
8.69397
8.71538
8.78687
8.78748
8.80218
 8.8131
8.88891
8.99477
9.02734
  9.167
9.39762
9.42396
9.47024
9.53101
9.53167
9.55347
9.56435
9.57853
9.65465
9.66106
9.68869
9.69117
9.69953
9.72123
9.74089
9.76599
9.78251
9.82496
 9.8777
 9.8861
9.91813
9.91914
9.92264
10.0277
10.0599
10.0686
10.1093
10.1663
10.1736
10.2655
10.3387
10.3809
10.4498
10.5226
10.5336
10.5512
10.5531
10.6255
10.6488
10.7514
10.8784
10.9384
10.9442
11.0041
11.0371
11.0412
11.0531
11.1077
11.1497
11.1744
11.1985
11.3605
11.4329
11.4378
11.5135
11.5536
11.5605
11.6027
11.6966
 11.702
11.7441
11.7556
11.7806
11.9258
11.9526
11.9772
12.1106
12.1135
12.1331
 12.271
12.3349
12.3354
12.4434
12.4545
12.4967
 12.541
12.5411
12.5539
12.5782
12.5932
12.6753
 12.727
12.7282
 12.835
12.9152
13.0166
13.0402
13.1348
13.1393
13.2026
13.2652
13.2759
13.2858
13.2862
13.3423
13.4747
  13.51
13.5629
 13.628
13.6516
13.7426
 13.815
13.9227
13.9645
14.0051
14.2131
14.2523
14.3068
14.3163
14.3451
14.4497
14.5349
14.5537
 14.678
14.9158
14.9462
14.9759
 15.195
 15.419
15.4842
15.5294
15.7471
15.9815
16.0241
16.0662
16.1856
16.2173
16.3863
16.5193
16.6144
16.8279
16.9658
17.0977
17.4898
17.5399
17.6577
17.6861
17.9186
17.9396
17.9683
18.0621
18.1469
 18.159
18.2894
18.2985
18.4895
18.6424
18.8133
18.9741
19.3018
19.4949
19.5218
19.6227
19.6474
19.7393
19.8317
20.0153
 20.043
20.1054
20.3409
20.4199
20.6068
20.6723
20.8079
21.0188
21.0631
21.2175
21.3232
21.3513
21.4128
 21.499
 22.649
22.7788
23.0126
23.0523
 23.141
 23.646
23.8489
23.9577
24.9075
25.5807
25.6175
25.8972
26.3335
26.5962
26.8252
26.8605
27.1189
27.4524
27.5773
27.8813
27.9692
27.9885
28.1093
28.4391
28.6326
28.6793
29.1182
29.6239
30.1927
30.8236
31.3583
31.7728
31.9509
33.1635
 34.104
  36.89
37.4044
38.5984
39.0974
41.9171
42.9547
50.8434
51.4558
54.4191
 57.087
59.1468
64.0147
69.0836
69.8227