 21.5105
 10.3877
 13.5453
 8.16136
 19.7992
 18.9271
 18.1648
 16.4248
0.260666
 18.5054
 16.7452
0.564181
 14.9265
 16.8021
 20.1753
 6.96104
 8.67067
 2.94755
 37.9221
 18.2763
 43.8296
 25.6589
 7.83458
  33.656
 22.6111
 17.9897
 5.53437
 13.0194
 7.48792
 17.2754
 11.4292
 20.8042
 10.7187
 13.6082
  3.0748
 22.8611
 9.98988
 11.0808
 10.2672
  15.899
0.260666
 5.72434
 12.8654
 3.05852
 7.93927
 35.7722
 8.62347
 16.6354
  11.259
  0.8564
 22.9973
  30.103
 14.0222
 15.1262
0.516905
 13.4886
 16.9543
 4.00986
 13.9005
 15.4127
 8.15098
 21.7144
 18.2977
 21.3333
 21.0703
 26.8528
 16.6717
 19.6869
 27.7378
 4.63995
 12.3948
 21.1653
 21.3334
 17.8005
 6.20801
 20.1702
 14.8962
 27.0212
0.829239
 3.42852
 14.7234
  3.6115
 15.0581
 12.4713
 6.95321
 13.6222
 12.9222
 19.5004
 11.9559
 25.4957
  3.7081
 21.5055
 22.8567
 14.5257
 1.36788
0.176758
 17.6058
0.816414
 3.66033
 14.4066
 13.3318
 14.9228
 1.41652
 22.9636
 8.43954
0.543784
 4.74716
 4.72745
 19.9759
 15.7257
 27.2762
 6.61041
 6.53089
0.680106
 11.8393
0.726731
 5.28777
 8.59362
 28.2552
 7.27153
 6.58616
 16.2472
 4.32395
 16.4849
 19.4784
 9.76616
 19.9702
 5.14596
 13.9825
 16.3949
 13.6453
 23.3279
 10.4538
 13.7701
 22.5618
 10.9018
 13.7086
 11.4153
 11.7619
 9.63582
 23.4882
 13.4766
 9.00093
 6.05193
 12.2688
 2.36575
 9.70948
 2.73978
 15.3368
 12.4548
 18.8182
 27.2292
 24.8838
 10.2694
 18.3324
 5.99843
 11.2698
 10.2484
 6.42052
 13.1681
 27.9201
 14.9683
 30.6838
 16.4613
 15.5343
 30.1551
 30.2869
 12.2388
 21.8388
 4.14702
 35.2396
 14.8817
  1.3038
 11.3719
 15.8171
  37.097
 24.9353
 3.18161
 31.9881
 18.4728
  0.7342
 12.6262
 28.0053
 12.0759
 17.4114
 23.7795
 15.4931
 27.5784
 23.5707
 43.7102
 9.21187
 8.63095
0.760041
 21.3223
 17.4521
 13.5687
 42.5733
 2.58538
 2.22557
 39.0861
 43.2366
0.939082
 10.0171
 16.1277
 16.8886
 29.0922
 1.90277
 17.7336
 8.45403
 25.0456
 39.3676
 6.19469
 41.5746
 9.02318
 10.8395
 23.4853
 13.8033
 11.4701
 17.9895
 31.7534
 10.6064
 38.9222
 45.1411
 19.6868
  45.201
 41.2563
 6.75817
 31.0782
 17.5752
 21.1443
 7.08427
 17.5584
 21.1713
 14.5854
  14.199
 14.0206
 20.1897