  55.0192
  69.8465
  58.5442
  27.2484
  32.9977
  56.2639
  35.5276
   70.344
  18.4938
  67.9147
  66.8314
  61.3355
  23.8579
  1.87482
  19.3242
  7.39854
  36.1339
   37.228
  31.8001
  26.4865
  1.57803
   0.9934
  63.8814
  6.20466
   6.4559
  8.81978
  37.8677
  4.83116
 0.723565
  12.6011
  44.6176
  3.18729
  10.9323
  21.9426
  1.37841
  34.6449
  7.09566
  6.90589
  35.2766
  16.8607
  60.0598
  9.52398
  21.0371
  13.5035
  3.34218
  14.0566
  23.0793
  32.6681
  54.7022
  31.6855
   37.397
  25.2025
  34.4973
  27.9635
  21.3797
  7.70984
  25.5384
  53.6995
0.0717537
  7.63127
  5.51604
  32.8784
  21.2354
  32.1601
  16.3044
  7.24493
  8.57565
   10.086
  14.8182
  69.2517
  5.06846
  49.4277
  20.5501
  3.87614
  2.93432
   2.7872
  25.8305
  12.8688
  19.4402
  15.3911
  1.83659
  2.62591
  28.3481
   11.277
  6.46702
  16.4765
  23.0675
  12.2945
  9.71673
  15.9508
  15.5717
  53.4101
  19.9345
   9.9145
  66.5414
  18.0096
   18.667
  19.7485
   26.089
  36.4273
 0.914491
  1.19832
   25.817
  38.7818
  5.30496
  6.14262
  43.5042
  37.7731
  34.5314
  23.1888
  17.5463
  3.47948
  18.5886
  11.0828
  31.3663
  24.2846
  36.4322
  67.7612
  53.8984
  37.7786
  23.0794
  11.7976
  11.3432
  46.4443
  2.89263
  34.2643
 0.527844
  2.39722
  5.09858
  13.2521
  12.5027
  28.2359
  15.3661
  1.69675
  28.9975
    7.605
  7.04775
   12.192
  9.55913
  8.41468
   14.983
  4.27673
  5.33905
  3.64868
  19.1498
 0.121989
  19.1653
  6.24703
  8.81437
  9.14322
  4.32321
  20.8254
  25.7862
  16.7046
  18.4923
   4.1844
  21.7527
  24.5615
  8.65483
  37.6061
  25.1584
  3.70233
  6.86766
  7.51162
  51.8256
  1.44002
  16.1285
  47.1002
  57.7423
  45.7343
  56.8097
  20.9798
  12.4308
  10.2742
  13.6952
   11.749
  32.5179
  62.3513
  53.4796
 0.960996
  14.0989
  16.3618
  4.55503
 0.131247
  22.2321
  8.88573
 0.503652
  5.64479
  8.53278
  4.51653
  14.0212
  41.5462
  40.0891
  1.86062
  3.28256
  14.5097
  28.7464
  45.6538
  51.0015
  7.01822
  37.8605
  20.8162
  26.4525
  10.3086
   0.4421
   4.1932
  6.91927
  71.3734
  26.1415
   72.919
  21.6327
  5.59669
  29.0808
   65.874
  45.8721
  2.03313
  7.88001
  7.49619
  19.4061
  3.78786
  3.54051
  7.93015
  8.04268
  17.1893
  39.4515
  1.50311
  4.85789
0.0854163
  18.5601
  17.0067
  21.7111
  25.0412
  4.12261
  5.98815
  5.13139
   5.9746
  5.12732
  20.3638
  31.8571
  22.2674
  70.8209
  46.8779
     19.3
  8.55879
  25.9624
  21.8543
  24.8096
  3.12682
  3.23713
   6.8144
  36.2125
  3.73836
 0.409905
  10.2598
  3.74772
  4.15043
  7.31329
  16.4394
  11.7606
  28.8866
  73.6033
  1.25773
  12.2771
  9.92733
  13.5106
  5.93543
  49.9896
  7.38716
  15.6053
  19.2824
    31.37
  8.69132
  2.35952
  28.8129
  5.80652
 0.302164
  11.8479
  14.3631
  8.75182
   7.9069
  6.61043
  4.27919
  5.33809
  13.4738
  31.7768
  39.7667
  4.03554
  0.91356
  1.74446
  9.84033
  29.6242
  6.43251
 0.507642
  60.6181
  55.6787
  15.0628
  7.78658
 0.183344
  6.35481
  69.7557