  25.5953
  60.0135
  57.6816
  43.9548
  9.94653
  51.9245
  11.5866
  25.7625
  50.7928
  11.2489
  47.7045
  24.3672
  46.6709
  26.4632
   44.722
   39.099
  51.8545
  48.3148
  47.9606
  53.3754
  55.9422
  43.2378
  52.7957
  45.8321
  53.6876
  50.0885
  50.4663
  50.5137
  50.4961
  61.4465
  42.4275
  51.5738
  40.4327
  49.8386
  48.3185
  46.5164
  44.5733
  48.0268
   55.758
  49.4551
  50.4593
  43.1961
   48.855
  39.4825
   43.945
  44.9179
  46.3612
   47.297
   51.968
  50.3016
   48.629
  48.7212
  53.5333
  35.4397
  50.0055
  52.3365
  49.0216
  2.32113
  44.1408
  41.4544
  52.5843
  32.8665
  45.6221
  50.8476
  54.0874
  3.88501
  40.6721
  37.7351
  33.0402
   53.592
  10.2283
  44.4119
  51.3652
  2.78091
  51.9635
  45.5821
  49.4814
  1.67779
  7.56441
  37.6408
  1.00444
  3.21018
  3.95752
  3.99109
  1.60012
  37.7039
  44.4917
  52.1321
  43.6335
  37.6506
  28.9548
  26.6241
  30.8146
  18.5989
  23.4979
  26.4048
  26.6628
  25.0301
   43.442
  35.7093
  45.1948
  4.01823
  3.26777
  3.44042
  1.60501
  2.47052
   52.892
  53.8936
  49.1753
  48.1324
  5.52603
  11.0662
  4.60899
  4.34476
  4.20289
  9.77326
  10.5651
  1.75498
   5.3062
  7.56432
  13.2092
  4.76068
  6.42495
  2.31624
  2.41504
  5.79368
  4.65951
  44.8864
  7.77943
  7.77383
  2.00443
  1.38833
  10.3981
   4.3521
  49.0897
  3.96969
  2.51215
  4.93379
  56.4268
  7.73554
  4.45116
  3.85285
  2.87456
  5.68855
  1.90005
  3.62452
  59.1399
  10.2293
   2.7473
  6.10551
  14.6471
  10.2999
 0.531292
  5.56032
  41.4003
  4.87061
  3.98812
  8.70846
  12.1075
   15.694
  4.18226
  2.40497
  6.16538
  4.88888
   2.5225
  22.2415
  4.63214
  3.95265
0.0486345
  16.6415
  10.3481
  25.8103
  2.52369
  3.14623
  2.67442
  1.77148
  2.46916
  5.80544
  0.35972
  54.0415
  8.24883
  2.26089
  5.87664
  1.63596
  2.76692
  8.04468
  2.42887
  27.6754
 0.525854
  4.67665
    10.59
  28.1956
  2.99039
  6.06776
    5.396
  0.48655
  3.76832
  5.40309
  3.80632
  9.24051
  12.4648
  8.65496
  3.03452
   5.3951
  5.89049
  6.63117
 0.174299
  1.28754
  7.10322
  7.34695
  24.7599
  7.11202
  1.41155
 0.989627
  3.65488
  5.33437
  4.26861
  6.24743
   4.2347
  5.08786
   19.791
  3.37823
 0.135538
  9.54108
  6.75195
  2.81276
0.0867674
  5.22149
  5.20232
 0.403944
 0.464339
0.0999178
  3.85997
  2.58926
  39.4615
  4.01827
  5.86439
  2.74477
  0.29655
  3.74309
  11.0664
  3.61461
   2.2764
  5.56876
  8.29187
  2.01436
  6.59829
  4.85341
  6.60661
  7.59429
 0.371384
  5.56806
  4.06386
  3.16863
  2.94444
  9.69635
  3.29872
   2.2401
  7.06966
  4.32318
  5.77893
  54.3153
  5.18225
  6.62601
  2.69218
  2.10613
  5.80197
 0.809356
  10.6657
  17.6658
  3.33794
  3.04841
  8.66082
  5.32651
   2.2381
  5.51285
  5.25813
 0.121569
  2.39349
 0.933761
  5.75484
  2.37535
  4.19125
  12.1736
 0.542932
  2.79731
 0.392412
  9.78728
  1.55154
  12.7075
  1.48746
  9.44299
  10.8508
 0.640341