   63.9737
   25.4415
   51.3929
   61.6757
     53.32
   61.2164
   54.1134
   53.5696
   67.7022
   48.5231
   43.0038
   18.2951
   44.9868
   17.2798
   24.2275
   55.8288
     55.37
   55.9532
   49.6222
    19.745
   13.2283
   39.8329
   54.8747
   56.5685
   58.0598
   10.9809
   25.6559
   58.3282
    40.216
   25.4902
   50.5701
    51.489
   47.9217
   57.3993
   62.8023
   55.8918
   40.8423
   55.7546
   58.4808
   58.1869
   55.7484
   54.9071
   61.7536
   59.8877
   41.4853
   39.9112
   59.2981
   59.2816
   40.3644
   44.0346
   43.5022
   59.0188
   59.5821
   57.6903
   45.8211
   55.4571
   55.9136
   44.4855
   55.5933
   60.1481
   49.8517
   42.3357
    55.182
   44.9936
    39.882
   59.7323
   49.7577
   33.8934
   45.0719
   48.1914
   61.9074
   47.6519
   53.5916
   56.4514
   56.0658
    52.981
   54.9313
   56.6472
   56.9302
   61.6832
    35.383
    38.584
   45.0288
   39.6231
    60.285
   43.8108
    53.666
   44.2272
   43.5785
   41.0962
   42.7536
   57.8191
   47.9205
    31.454
   12.8178
   54.0606
   40.6411
   51.0345
   2.36025
   34.5323
   45.7282
   25.3926
   35.6629
   58.6658
   39.3024
   44.9928
   32.0549
 0.0889994
   47.5423
    37.361
   51.3401
   13.4334
   45.5914
   47.7662
   30.1086
   1.66755
   6.86929
   34.9223
   7.92652
   5.85256
   1.17992
   3.58722
   40.7847
   28.0708
   40.9643
   35.5318
   33.4445
   28.9684
     28.16
   21.5218
   57.8377
   56.4466
   21.9824
   21.6637
   59.5715
   25.2783
   28.2845
   25.3756
   32.5555
     33.93
   44.4139
  0.212979
  0.971609
   2.18528
   56.0038
    6.0388
   3.39228
   2.62329
   45.5833
    39.381
   41.7302
   3.59246
   10.8489
    4.7088
   1.69865
   3.55922
   6.86929
    11.505
    9.4654
   50.9596
   59.1283
   5.36865
   5.11241
   46.1582
   2.67362
   4.08795
   1.54802
   2.87085
   9.15473
   3.66723
   4.52061
   39.8672
   4.03605
    3.7988
   1.72383
   6.82145
   9.02623
   7.84495
   61.8383
   4.71405
   5.56244
   1.29922
   11.0571
   4.71628
  0.734006
   3.62432
   33.9611
   4.38704
   1.63387
   54.4371
   7.38268
   17.4932
     1.026
    5.2527
   1.36518
   1.46236
    14.392
   4.04927
   3.02914
   3.26746
   18.0615
   4.73579
   27.3365
   5.22888
   1.84032
   3.91577
   1.30229
   2.35507
   10.8828
   3.50345
   60.8574
   5.83296
   3.89128
   3.83363
   4.75213
   2.95806
   3.09032
   2.51409
   22.1803
   21.1278
   5.00288
   4.06242
   21.7144
   2.18011
   5.29214
   5.36707
   4.75466
   2.38417
    2.8441
   61.8707
   4.93453
   4.05357
   2.77603
   2.71076
  0.421942
   6.24387
   25.7389
   4.30257
   1.69312
   9.56676
   8.09011
   5.01308
   15.5745
   6.12246
  0.815659
    5.5367
   5.94783
   7.79568
  0.931704
    55.025
   36.3641
    2.6475
  0.492017
   3.05737
   4.40814
   5.18223
   1.59932
   1.64278
   6.56304
  0.224523
     6.565
   6.40438
   5.18456
   4.36785
     3.379
   4.56399
   0.38288
   4.06091
0.00391416
   60.2486
   5.07608
   22.5723
   13.2736
   5.52725
   3.35551
   1.04527
   3.36837
   42.1749
   4.26001
  0.228426
   2.06518
   3.39074
   4.43052
   7.30942
   6.39202
   8.46937
   2.05888
   52.6377
   4.73628